  EFITD    06/25/2013    #1553403000.0ms  EFIT01   0  65  65
 0.170000005E+01 0.320000005E+01 0.169550002E+01 0.839999974E+00 0.000000000E+00
 0.181553960E+01-0.370941833E-01-0.157781690E+00 0.190693773E-01 0.165757442E+01
 0.101809288E+07-0.157781690E+00 0.000000000E+00 0.181553960E+01 0.000000000E+00
-0.370941833E-01 0.000000000E+00 0.190693773E-01 0.000000000E+00 0.000000000E+00
 0.275615764E+01 0.275910664E+01 0.276193953E+01 0.276465917E+01 0.276726842E+01
 0.276976943E+01 0.277216482E+01 0.277445698E+01 0.277664876E+01 0.277874231E+01
 0.278074050E+01 0.278264499E+01 0.278445888E+01 0.278618431E+01 0.278782368E+01
 0.278937936E+01 0.279085374E+01 0.279224944E+01 0.279356813E+01 0.279481268E+01
 0.279598498E+01 0.279708791E+01 0.279812336E+01 0.279909372E+01 0.280000138E+01
 0.280084825E+01 0.280163670E+01 0.280236959E+01 0.280304837E+01 0.280367565E+01
 0.280425382E+01 0.280478454E+01 0.280527091E+01 0.280571437E+01 0.280611753E+01
 0.280648279E+01 0.280681181E+01 0.280710745E+01 0.280737114E+01 0.280760622E+01
 0.280781364E+01 0.280799651E+01 0.280815673E+01 0.280829644E+01 0.280841804E+01
 0.280852342E+01 0.280861521E+01 0.280869532E+01 0.280876613E+01 0.280882955E+01
 0.280888796E+01 0.280894375E+01 0.280899882E+01 0.280905557E+01 0.280911636E+01
 0.280918288E+01 0.280925798E+01 0.280934310E+01 0.280944109E+01 0.280955386E+01
 0.280968380E+01 0.280983281E+01 0.281000328E+01 0.281019759E+01 0.281041741E+01
 0.105253875E+06 0.102210477E+06 0.992114844E+05 0.962569062E+05 0.933467344E+05
 0.904809609E+05 0.876596016E+05 0.848826406E+05 0.821500938E+05 0.794619453E+05
 0.768182031E+05 0.742188750E+05 0.716639531E+05 0.691534375E+05 0.666873281E+05
 0.642656172E+05 0.618883203E+05 0.595554297E+05 0.572669414E+05 0.550228672E+05
 0.528231914E+05 0.506679258E+05 0.485570664E+05 0.464906133E+05 0.444685664E+05
 0.424909258E+05 0.405576914E+05 0.386688672E+05 0.368244414E+05 0.350244297E+05
 0.332688203E+05 0.315576211E+05 0.298908242E+05 0.282684355E+05 0.266904551E+05
 0.251568789E+05 0.236677090E+05 0.222229453E+05 0.208225898E+05 0.194666406E+05
 0.181550977E+05 0.168879609E+05 0.156652305E+05 0.144869062E+05 0.133529893E+05
 0.122634775E+05 0.112183740E+05 0.102176758E+05 0.926138379E+04 0.834949902E+04
 0.748202051E+04 0.665894873E+04 0.588028271E+04 0.514602393E+04 0.445617090E+04
 0.381072485E+04 0.320968506E+04 0.265305176E+04 0.214082520E+04 0.167300464E+04
 0.124959082E+04 0.870583435E+03 0.535982483E+03 0.245788010E+03 0.000000000E+00
 0.300198078E+01 0.288815260E+01 0.277656651E+01 0.266722298E+01 0.256012201E+01
 0.245526314E+01 0.235264683E+01 0.225227284E+01 0.215414143E+01 0.205825257E+01
 0.196460593E+01 0.187320173E+01 0.178403997E+01 0.169712067E+01 0.161244369E+01
 0.153000927E+01 0.144981718E+01 0.137186754E+01 0.129616034E+01 0.122269559E+01
 0.115147328E+01 0.108249331E+01 0.101575577E+01 0.951260686E+00 0.889008045E+00
 0.828997850E+00 0.771229982E+00 0.715704560E+00 0.662421703E+00 0.611381114E+00
 0.562583029E+00 0.516027272E+00 0.471714050E+00 0.429643214E+00 0.389814794E+00
 0.352228820E+00 0.316885233E+00 0.283784091E+00 0.252925366E+00 0.224309087E+00
 0.197935209E+00 0.173803777E+00 0.151914746E+00 0.132268146E+00 0.114863977E+00
 0.997022316E-01 0.867829025E-01 0.761060044E-01 0.676715299E-01 0.614794753E-01
 0.575298518E-01 0.558226481E-01 0.563578680E-01 0.591355152E-01 0.641555861E-01
 0.714180768E-01 0.809229910E-01 0.926703438E-01 0.106660105E+00 0.122892290E+00
 0.141366914E+00 0.162083954E+00 0.185043409E+00 0.210245311E+00 0.237689614E+00
-0.110982850E+07-0.109375038E+07-0.107767238E+07-0.106159438E+07-0.104551625E+07
-0.102943812E+07-0.101336000E+07-0.997281938E+06-0.981203875E+06-0.965125812E+06
-0.949047688E+06-0.932969562E+06-0.916891562E+06-0.900813438E+06-0.884735375E+06
-0.868657250E+06-0.852579188E+06-0.836501125E+06-0.820423000E+06-0.804344875E+06
-0.788266875E+06-0.772188750E+06-0.756110625E+06-0.740032562E+06-0.723954500E+06
-0.707876438E+06-0.691798312E+06-0.675720250E+06-0.659642188E+06-0.643564062E+06
-0.627486000E+06-0.611407938E+06-0.595329812E+06-0.579251750E+06-0.563173625E+06
-0.547095562E+06-0.531017500E+06-0.514939375E+06-0.498861312E+06-0.482783219E+06
-0.466705156E+06-0.450627031E+06-0.434548969E+06-0.418470875E+06-0.402392812E+06
-0.386314688E+06-0.370236625E+06-0.354158531E+06-0.338080469E+06-0.322002344E+06
-0.305924281E+06-0.289846219E+06-0.273768125E+06-0.257690031E+06-0.241611938E+06
-0.225533859E+06-0.209455766E+06-0.193377688E+06-0.177299594E+06-0.161221516E+06
-0.145143422E+06-0.129065352E+06-0.112987266E+06-0.969091797E+05-0.808310938E+05
 5.215501413e-02 5.086676031e-02 4.961182177e-02 4.832197726e-02 4.692417383e-02
 4.532578960e-02 4.339532182e-02 4.094716534e-02 3.703791276e-02 3.058928996e-02
 2.282720059e-02 1.357260253e-02 4.212315660e-03-2.294149250e-03-6.595462095e-03
-8.969508111e-03-9.488278069e-03-8.098843507e-03-4.585634451e-03 1.532802940e-03
 1.120116469e-02 2.138084359e-02 2.975995839e-02 3.712903708e-02 4.392957315e-02
 5.043243989e-02 5.683000386e-02 6.328347325e-02 6.995505840e-02 7.701446861e-02
 8.365652710e-02 8.962626755e-02 9.502090514e-02 9.979166090e-02 1.039056703e-01
 1.072652116e-01 1.101902649e-01 1.135461926e-01 1.172085404e-01 1.211061552e-01
 1.252003610e-01 1.294693798e-01 1.338975579e-01 1.384694427e-01 1.431668997e-01
 1.479683816e-01 1.528490335e-01 1.577808410e-01 1.627330184e-01 1.676723063e-01
 1.725632995e-01 1.773691326e-01 1.820521504e-01 1.865748614e-01 1.909010559e-01
 1.949969828e-01 1.988325417e-01 2.023824751e-01 2.056272030e-01 2.085535228e-01
 2.111548334e-01 2.134310007e-01 2.153880000e-01 2.170370519e-01 2.183936983e-01
 4.873530194e-02 4.744588211e-02 4.642275721e-02 4.565579444e-02 4.508655518e-02
 4.458172619e-02 4.348625615e-02 4.087286070e-02 3.645115346e-02 3.002879210e-02
 2.304873802e-02 1.589748263e-02 9.232263081e-03 4.106524866e-03 6.054720143e-04
-1.309663057e-03-1.641495852e-03-3.366677265e-04 2.715273527e-03 7.661561947e-03
 1.450859848e-02 2.204699069e-02 2.918108553e-02 3.590709344e-02 4.235728458e-02
 4.866627604e-02 5.495920777e-02 6.135986000e-02 6.800758839e-02 7.505249977e-02
 8.172041178e-02 8.774887025e-02 9.322730452e-02 9.814181924e-02 1.024550050e-01
 1.060667112e-01 1.093278900e-01 1.130616441e-01 1.171517149e-01 1.215244904e-01
 1.261354834e-01 1.309553832e-01 1.359620541e-01 1.411356032e-01 1.464553773e-01
 1.518982053e-01 1.574375033e-01 1.630425900e-01 1.686786115e-01 1.743064672e-01
 1.798830926e-01 1.853621453e-01 1.906949133e-01 1.958317906e-01 2.007239312e-01
 2.053253353e-01 2.095948905e-01 2.134984881e-01 2.170104980e-01 2.201149613e-01
 2.228060216e-01 2.250875980e-01 2.269724607e-01 2.284808606e-01 2.296386659e-01
 4.423211142e-02 4.293868318e-02 4.218143970e-02 4.207907990e-02 4.262824357e-02
 4.233285412e-02 4.078199714e-02 3.784897178e-02 3.343975917e-02 2.859415300e-02
 2.384681441e-02 1.938803867e-02 1.544233318e-02 1.226320956e-02 1.004134584e-02
 8.889931254e-03 8.874272928e-03 1.003047265e-02 1.236066222e-02 1.580195874e-02
 2.017728798e-02 2.519239485e-02 3.055114672e-02 3.606843203e-02 4.166889191e-02
 4.734207690e-02 5.310889333e-02 5.900209770e-02 6.504984945e-02 7.121988386e-02
 7.725887001e-02 8.300028741e-02 8.842039853e-02 9.351238608e-02 9.827233851e-02
 1.027214229e-01 1.070645303e-01 1.115869954e-01 1.163464338e-01 1.213445812e-01
 1.265735626e-01 1.320227683e-01 1.376798302e-01 1.435301900e-01 1.495561749e-01
 1.557359397e-01 1.620426476e-01 1.684436500e-01 1.748998314e-01 1.813652217e-01
 1.877868623e-01 1.941054016e-01 2.002561241e-01 2.061709613e-01 2.117812485e-01
 2.170211971e-01 2.218316495e-01 2.261638194e-01 2.299824357e-01 2.332676202e-01
 2.360158116e-01 2.382387817e-01 2.399618626e-01 2.412208915e-01 2.420590520e-01
 3.797776625e-02 3.642791882e-02 3.567320853e-02 3.577842563e-02 3.649979457e-02
 3.608816862e-02 3.424214572e-02 3.170336783e-02 2.897538804e-02 2.615633048e-02
 2.337319590e-02 2.076931112e-02 1.849456504e-02 1.669394039e-02 1.549304556e-02
 1.498820912e-02 1.524350885e-02 1.628999226e-02 1.812284440e-02 2.069680206e-02
 2.392550744e-02 2.769297734e-02 3.187778965e-02 3.637728840e-02 4.111882672e-02
 4.605740309e-02 5.116618425e-02 5.642451718e-02 6.180471182e-02 6.726014614e-02
 7.272717357e-02 7.814729214e-02 8.348529041e-02 8.873101324e-02 9.389875084e-02
 9.903123230e-02 1.041992679e-01 1.094811708e-01 1.149367392e-01 1.206016690e-01
 1.264944077e-01 1.326225400e-01 1.389862746e-01 1.455799639e-01 1.523923129e-01
 1.594058722e-01 1.665963084e-01 1.739310920e-01 1.813682169e-01 1.888550371e-01
 1.963270903e-01 2.037079036e-01 2.109097689e-01 2.178361714e-01 2.243860513e-01
 2.304599732e-01 2.359673083e-01 2.408336252e-01 2.450069487e-01 2.484617531e-01
 2.512001395e-01 2.532498837e-01 2.546601295e-01 2.554950714e-01 2.558274269e-01
 2.906860411e-02 2.684592456e-02 2.605623007e-02 2.639506385e-02 2.711796202e-02
 2.704499103e-02 2.655200846e-02 2.571506612e-02 2.461806498e-02 2.335650288e-02
 2.203601599e-02 2.076818608e-02 1.966495998e-02 1.883243397e-02 1.836470701e-02
 1.833879575e-02 1.881111600e-02 1.981535926e-02 2.136147767e-02 2.343609184e-02
 2.600530162e-02 2.902058885e-02 3.242696822e-02 3.617100418e-02 4.020618275e-02
 4.449449480e-02 4.900492728e-02 5.371011421e-02 5.858290941e-02 6.359460205e-02
 6.871648878e-02 7.392419875e-02 7.920258492e-02 8.454886824e-02 8.997381479e-02
 9.550113231e-02 1.011642739e-01 1.070007086e-01 1.130456328e-01 1.193280742e-01
 1.258696765e-01 1.326851696e-01 1.397830695e-01 1.471660882e-01 1.548309922e-01
 1.627678573e-01 1.709587723e-01 1.793758422e-01 1.879787594e-01 1.967116445e-01
 2.054999620e-01 2.142474949e-01 2.228351384e-01 2.311222702e-01 2.389530838e-01
 2.461675555e-01 2.526163757e-01 2.581768632e-01 2.627661824e-01 2.663500309e-01
 2.689444721e-01 2.706114650e-01 2.714480162e-01 2.715721130e-01 2.711085677e-01
 1.527674962e-02 1.084286999e-02 1.240381040e-02 1.529615000e-02 1.745980605e-02
 1.901824959e-02 2.002626844e-02 2.056972310e-02 2.074544318e-02 2.065364644e-02
 2.039540187e-02 2.007053979e-02 1.977508515e-02 1.959837787e-02 1.962019503e-02
 1.990822703e-02 2.051615901e-02 2.148252167e-02 2.283040434e-02 2.456819825e-02
 2.669145353e-02 2.918576449e-02 3.203027695e-02 3.520117700e-02 3.867439181e-02
 4.242724180e-02 4.643892124e-02 5.069033056e-02 5.516372994e-02 5.984282121e-02
 6.471359730e-02 6.976579875e-02 7.499452680e-02 8.040150255e-02 8.599553257e-02
 9.179204702e-02 9.781166911e-02 1.040780991e-01 1.106158569e-01 1.174483672e-01
 1.245967448e-01 1.320791990e-01 1.399106383e-01 1.481024176e-01 1.566617042e-01
 1.655904353e-01 1.748836339e-01 1.845266670e-01 1.944913268e-01 2.047302574e-01
 2.151694745e-01 2.256992757e-01 2.361648232e-01 2.463604510e-01 2.560340464e-01
 2.649078965e-01 2.727139890e-01 2.792323232e-01 2.843195796e-01 2.879264355e-01
 2.901026905e-01 2.909875810e-01 2.907824814e-01 2.897135615e-01 2.879990339e-01
 4.689973313e-03-1.051959116e-03 1.548134140e-03 6.462960038e-03 1.023446396e-02
 1.309351251e-02 1.522104442e-02 1.675597392e-02 1.781793498e-02 1.851647347e-02
 1.895424724e-02 1.922778040e-02 1.942691021e-02 1.963378116e-02 1.992185786e-02
 2.035511471e-02 2.098736539e-02 2.186181210e-02 2.301105857e-02 2.445759252e-02
 2.621483244e-02 2.828855067e-02 3.067855723e-02 3.338044509e-02 3.638720512e-02
 3.969047964e-02 4.328144342e-02 4.715145007e-02 5.129247904e-02 5.569768697e-02
 6.036203727e-02 6.528308243e-02 7.046168298e-02 7.590258121e-02 8.161465079e-02
 8.761071414e-02 9.390706569e-02 1.005226970e-01 1.074783802e-01 1.147959307e-01
 1.224975288e-01 1.306054294e-01 1.391416043e-01 1.481276453e-01 1.575843394e-01
 1.675310135e-01 1.779843420e-01 1.889559478e-01 2.004485130e-01 2.124487460e-01
 2.249159217e-01 2.377629727e-01 2.508273423e-01 2.638320923e-01 2.763534188e-01
 2.878479958e-01 2.977765799e-01 3.057220876e-01 3.114274144e-01 3.148078918e-01
 3.159773052e-01 3.152627349e-01 3.131300807e-01 3.100422323e-01 3.063759506e-01
-2.470844483e-04-6.468891166e-03-3.414130537e-03 2.038956387e-03 6.444882136e-03
 9.940886870e-03 1.265597530e-02 1.471616887e-02 1.623993553e-02 1.733723842e-02
 1.810972579e-02 1.865211315e-02 1.905081235e-02 1.938351057e-02 1.971927471e-02
 2.011989430e-02 2.063988708e-02 2.132625505e-02 2.221841551e-02 2.334843017e-02
 2.474158071e-02 2.641712315e-02 2.838864364e-02 3.066513687e-02 3.325209394e-02
 3.615248576e-02 3.936763108e-02 4.289790988e-02 4.674342275e-02 5.090453103e-02
 5.538249761e-02 6.018000841e-02 6.530174613e-02 7.075475156e-02 7.654869556e-02
 8.269603550e-02 8.921188116e-02 9.611393511e-02 1.034222394e-01 1.111591235e-01
 1.193491369e-01 1.280192137e-01 1.371989399e-01 1.469209790e-01 1.572216749e-01
 1.681416333e-01 1.797262579e-01 1.920260191e-01 2.050959766e-01 2.189935893e-01
 2.337723672e-01 2.494662404e-01 2.660509050e-01 2.833530009e-01 3.008431792e-01
 3.169935048e-01 3.304542303e-01 3.406495452e-01 3.472137153e-01 3.499261141e-01
 3.487584293e-01 3.444434404e-01 3.386119902e-01 3.321443796e-01 3.255558610e-01
-2.205080236e-04-6.517745554e-03-3.665618598e-03 1.797946985e-03 6.268517580e-03
 9.836932644e-03 1.261470839e-02 1.472063642e-02 1.627064869e-02 1.737202518e-02
 1.811892912e-02 1.860783622e-02 1.892196946e-02 1.913315430e-02 1.930037327e-02
 1.948242076e-02 1.973461360e-02 2.010728046e-02 2.064509317e-02 2.138698101e-02
 2.236677147e-02 2.361536957e-02 2.515581995e-02 2.700632997e-02 2.918119170e-02
 3.169157729e-02 3.454636037e-02 3.775282577e-02 4.131714255e-02 4.524488002e-02
 4.954157397e-02 5.421330035e-02 5.926716328e-02 6.471169740e-02 7.055722177e-02
 7.681613415e-02 8.350314945e-02 9.063547105e-02 9.823309630e-02 1.063190252e-01
 1.149198040e-01 1.240660846e-01 1.337935030e-01 1.441439986e-01 1.551672518e-01
 1.669230908e-01 1.794843972e-01 1.929412335e-01 2.074065804e-01 2.230249047e-01
 2.399848700e-01 2.585406303e-01 2.790516913e-01 3.020793200e-01 3.280991018e-01
 3.516137004e-01 3.701722026e-01 3.836410940e-01 3.917338550e-01 3.937879205e-01
 3.895910978e-01 3.782033026e-01 3.656510115e-01 3.541201353e-01 3.437150717e-01
 4.103733692e-03-2.095028758e-03 4.706078907e-04 5.623837002e-03 9.706963785e-03
 1.283773035e-02 1.516828407e-02 1.684214734e-02 1.798835397e-02 1.872323826e-02
 1.907627657e-02 1.919921488e-02 1.916369982e-02 1.903935149e-02 1.882942207e-02
 1.860097423e-02 1.841495559e-02 1.832679287e-02 1.838613674e-02 1.863596216e-02
 1.911048964e-02 1.986925304e-02 2.093352377e-02 2.232706547e-02 2.406993136e-02
 2.617840283e-02 2.866626531e-02 3.154596686e-02 3.482795134e-02 3.852093220e-02
 4.263272136e-02 4.717112333e-02 5.214427784e-02 5.756104738e-02 6.343152374e-02
 6.976740807e-02 7.658241689e-02 8.389266580e-02 9.171714634e-02 1.000782475e-01
 1.090024859e-01 1.185213551e-01 1.286726892e-01 1.395021826e-01 1.510657966e-01
 1.634327769e-01 1.766901016e-01 1.909487695e-01 2.063530087e-01 2.230942994e-01
 2.414332032e-01 2.617349923e-01 2.845275700e-01 3.105864525e-01 3.409792185e-01
 3.721278906e-01 3.962990344e-01 4.133831561e-01 4.235240221e-01 4.266093373e-01
 4.216299355e-01 4.080151021e-01 3.882591426e-01 3.715542853e-01 3.575606346e-01
 1.285465527e-02 6.806567311e-03 9.466581047e-03 1.384388842e-02 1.687090285e-02
 1.890750602e-02 2.020206675e-02 2.093029208e-02 2.122003585e-02 2.116839774e-02
 2.085001022e-02 2.033944055e-02 1.969970576e-02 1.898727007e-02 1.818788238e-02
 1.736487448e-02 1.657887921e-02 1.588743925e-02 1.534465142e-02 1.500103623e-02
 1.490381267e-02 1.509850100e-02 1.562313270e-02 1.651004888e-02 1.778496057e-02
 1.946454123e-02 2.156321704e-02 2.410090901e-02 2.709127590e-02 3.054305911e-02
 3.446327150e-02 3.886025399e-02 4.374175891e-02 4.911540821e-02 5.498971045e-02
 6.137439609e-02 6.828094274e-02 7.572297752e-02 8.371677250e-02 9.228186309e-02
 1.014417261e-01 1.112248003e-01 1.216656044e-01 1.328063607e-01 1.446990371e-01
 1.574082077e-01 1.710147411e-01 1.856211424e-01 2.013585865e-01 2.183970064e-01
 2.369586080e-01 2.573358119e-01 2.799124420e-01 3.051838577e-01 3.337703347e-01
 3.662240505e-01 3.938310742e-01 4.136410654e-01 4.259235263e-01 4.307651818e-01
 4.283619225e-01 4.176918864e-01 3.985619545e-01 3.789851665e-01 3.633043170e-01
 2.926342376e-02 2.439629287e-02 2.524496987e-02 2.700697631e-02 2.763402462e-02
 2.765351906e-02 2.726528049e-02 2.657239139e-02 2.564101294e-02 2.452073991e-02
 2.325309999e-02 2.187671326e-02 2.042787336e-02 1.894125156e-02 1.738463342e-02
 1.581647247e-02 1.429502852e-02 1.287753414e-02 1.161955670e-02 1.057451125e-02
 9.793313220e-03 9.323993698e-03 9.210731834e-03 9.493499063e-03 1.020765584e-02
 1.138365082e-02 1.304738689e-02 1.521963440e-02 1.791219413e-02 2.112231590e-02
 2.484541386e-02 2.909719199e-02 3.388341516e-02 3.920687363e-02 4.507336766e-02
 5.148904026e-02 5.846171826e-02 6.600098312e-02 7.411848754e-02 8.282851428e-02
 9.214854985e-02 1.021000072e-01 1.127090529e-01 1.240075901e-01 1.360345781e-01
 1.488375217e-01 1.624742895e-01 1.770153046e-01 1.925460696e-01 2.091694772e-01
 2.270079106e-01 2.462035418e-01 2.669158876e-01 2.893162072e-01 3.135867119e-01
 3.399798870e-01 3.669379056e-01 3.863216341e-01 3.991230130e-01 4.058659077e-01
 4.063209295e-01 4.009900391e-01 3.890317380e-01 3.720183372e-01 3.583614826e-01
 5.295814946e-02 5.124855414e-02 4.704716802e-02 4.321900755e-02 4.028609768e-02
 3.771997243e-02 3.531036526e-02 3.296124190e-02 3.062579595e-02 2.828205936e-02
 2.592232637e-02 2.354791202e-02 2.116604149e-02 1.878796518e-02 1.636438817e-02
 1.394938305e-02 1.159857959e-02 9.367998689e-03 7.313157432e-03 5.488381721e-03
 3.946277313e-03 2.737286268e-03 1.909260871e-03 1.507125795e-03 1.572567038e-03
 2.143698977e-03 3.254637355e-03 4.934705328e-03 7.207120303e-03 1.008772664e-02
 1.358497050e-02 1.769783907e-02 2.240488864e-02 2.768316865e-02 3.354512155e-02
 3.998877853e-02 4.701819643e-02 5.463777855e-02 6.285289675e-02 7.167066634e-02
 8.110027760e-02 9.115340561e-02 1.018445045e-01 1.131911576e-01 1.252142340e-01
 1.379380375e-01 1.513900906e-01 1.656004190e-01 1.805999428e-01 1.964170784e-01
 2.130715698e-01 2.305632383e-01 2.488518953e-01 2.678208053e-01 2.872048020e-01
 3.064336777e-01 3.243571818e-01 3.394612670e-01 3.508400917e-01 3.582071960e-01
 3.615507185e-01 3.610577583e-01 3.572289348e-01 3.511608839e-01 3.443980813e-01
 6.957157701e-02 6.878389418e-02 6.306906044e-02 5.691085756e-02 5.169378594e-02
 4.712062702e-02 4.297700152e-02 3.911810368e-02 3.544846550e-02 3.190548718e-02
 2.844846249e-02 2.505160309e-02 2.169953287e-02 1.838428155e-02 1.504593715e-02
 1.173653174e-02 8.510343730e-03 5.422593560e-03 2.528452780e-03-1.176722144e-04
-2.462652046e-03-4.454988986e-03-6.045070477e-03-7.185354829e-03-7.830553688e-03
-7.937856019e-03-7.467278279e-03-6.382222753e-03-4.650282208e-03-2.244258532e-03
 8.565892931e-04 4.664708395e-03 9.181833826e-03 1.439838111e-02 2.028974518e-02
 2.677323669e-02 3.386946768e-02 4.157554358e-02 4.988794774e-02 5.880542845e-02
 6.832769513e-02 7.845557481e-02 8.919093013e-02 1.005362123e-01 1.124939024e-01
 1.250655949e-01 1.382505447e-01 1.520434320e-01 1.664308906e-01 1.813861728e-01
 1.968612373e-01 2.127748877e-01 2.289956659e-01 2.453181148e-01 2.614337802e-01
 2.769084275e-01 2.911981940e-01 3.037408292e-01 3.140850365e-01 3.219668567e-01
 3.273199499e-01 3.302682638e-01 3.311224580e-01 3.303516805e-01 3.284878731e-01
 8.016056567e-02 7.958760858e-02 7.379923016e-02 6.681108475e-02 6.047470495e-02
 5.468614772e-02 4.933054745e-02 4.430647194e-02 3.953122348e-02 3.494018316e-02
 3.048411757e-02 2.612607367e-02 2.183872461e-02 1.760221832e-02 1.335665863e-02
 9.155427106e-03 5.053623114e-03 1.106852433e-03-2.629652154e-03-6.101621781e-03
-9.256117977e-03-1.204171777e-02-1.440858468e-02-1.630845852e-02-1.769465208e-02
-1.852205396e-02-1.874727942e-02-1.832897030e-02-1.722832024e-02-1.540988125e-02
-1.284272596e-02-9.502028115e-03-5.371114705e-03-4.439315817e-04 5.271525122e-03
 1.174885407e-02 1.894888282e-02 2.677958459e-02 3.521855175e-02 4.426072910e-02
 5.389589444e-02 6.411443651e-02 7.490695268e-02 8.626277745e-02 9.816903621e-02
 1.106093004e-01 1.235619038e-01 1.369974911e-01 1.508756578e-01 1.651406288e-01
 1.797153652e-01 1.944946796e-01 2.093371302e-01 2.240576297e-01 2.384236157e-01
 2.521598041e-01 2.649669945e-01 2.765555680e-01 2.866844237e-01 2.951929271e-01
 3.020183444e-01 3.071994781e-01 3.108671308e-01 3.132214844e-01 3.144966066e-01
 8.762535453e-02 8.714447916e-02 8.107353747e-02 7.366067916e-02 6.672385335e-02
 6.020988896e-02 5.405504256e-02 4.819428548e-02 4.256737232e-02 3.712158650e-02
 3.181224316e-02 2.660207823e-02 2.146019414e-02 1.636116579e-02 1.125711203e-02
 6.206032820e-03 1.266003121e-03-3.505725414e-03-8.053295314e-03-1.232256275e-02
-1.626121998e-02-1.981874555e-02-2.294625528e-02-2.559626289e-02-2.772244252e-02
-2.927941456e-02-3.022262454e-02-3.050839156e-02-3.009414300e-02-2.893893607e-02
-2.700433508e-02-2.425566874e-02-2.066379227e-02-1.620733365e-02-1.087554172e-02
-4.671546165e-03 2.384268912e-03 1.024853252e-02 1.885644160e-02 2.808282524e-02
 3.788688406e-02 4.825004563e-02 5.915668979e-02 7.058642805e-02 8.251525462e-02
 9.491458535e-02 1.077498868e-01 1.209788769e-01 1.345491558e-01 1.483953446e-01
 1.624359637e-01 1.765702814e-01 1.906756908e-01 2.046066821e-01 2.181966901e-01
 2.312639207e-01 2.436221242e-01 2.550949454e-01 2.655317187e-01 2.748209834e-01
 2.828993201e-01 2.897538543e-01 2.954186201e-01 2.999650836e-01 3.034892082e-01
 9.249760211e-02 9.200495481e-02 8.570819348e-02 7.806497067e-02 7.079774141e-02
 6.385428458e-02 5.718503520e-02 5.074229091e-02 4.448198527e-02 3.836414963e-02
 3.235281631e-02 2.641545422e-02 2.052170597e-02 1.464065909e-02 8.750967681e-03
 2.917892300e-03-2.796303015e-03-8.332144469e-03-1.363295503e-02-1.864481904e-02
-2.331642993e-02-2.759879827e-02-3.144485876e-02-3.480901569e-02-3.764667735e-02
-3.991377354e-02-4.156643525e-02-4.256074131e-02-4.285267368e-02-4.239834100e-02
-4.115450010e-02-3.907947242e-02-3.613450378e-02-3.228566423e-02-2.750629373e-02
-2.178008482e-02-1.510476135e-02-7.496463601e-03 1.005740487e-03 1.033387147e-02
 2.039339021e-02 3.097559325e-02 4.208604619e-02 5.369024724e-02 6.575637311e-02
 7.824815065e-02 9.112442285e-02 1.043380424e-01 1.178343147e-01 1.315493286e-01
 1.454084367e-01 1.593250334e-01 1.731999665e-01 1.869221330e-01 2.003704458e-01
 2.134175152e-01 2.259350419e-01 2.378003001e-01 2.489025891e-01 2.591490149e-01
 2.684682608e-01 2.768121362e-01 2.841550112e-01 2.904914618e-01 2.958334088e-01
 9.481175244e-02 9.416132420e-02 8.803770691e-02 8.038344234e-02 7.302059233e-02
 6.587689370e-02 5.890463293e-02 5.207078531e-02 4.534748569e-02 3.870884329e-02
 3.213033825e-02 2.558926493e-02 1.906583831e-02 1.247435156e-02 5.879207980e-03
-6.540315226e-04-7.061626762e-03-1.328295469e-02-1.926101372e-02-2.494246140e-02
-3.027736023e-02-3.521872684e-02-3.972193971e-02-4.374407232e-02-4.724321514e-02
-5.017779768e-02-5.250601470e-02-5.418532714e-02-5.517217889e-02-5.542189628e-02
-5.488890037e-02-5.352722481e-02-5.129150674e-02-4.813845083e-02-4.402884841e-02
-3.893030807e-02-3.282067180e-02-2.569223754e-02-1.755673811e-02-8.451174945e-03
 1.555834780e-03 1.235514507e-02 2.380807698e-02 3.571362421e-02 4.805755243e-02
 6.079713255e-02 7.388859242e-02 8.728519082e-02 1.009357125e-01 1.147832051e-01
 1.287642419e-01 1.428083777e-01 1.568382680e-01 1.707701236e-01 1.845148802e-01
 1.979798526e-01 2.110708356e-01 2.236942053e-01 2.357587814e-01 2.471769601e-01
 2.578651905e-01 2.677439451e-01 2.767379582e-01 2.847775817e-01 2.918024063e-01
 9.492114186e-02 9.384374321e-02 8.807701617e-02 8.096058667e-02 7.379400730e-02
 6.662823260e-02 5.949155986e-02 5.239023641e-02 4.531933740e-02 3.826770931e-02
 3.122060746e-02 2.416123264e-02 1.707166433e-02 9.889665060e-03 2.693932969e-03
-4.442066420e-03-1.145010442e-02-1.826726645e-02-2.483586594e-02-3.110311553e-02
-3.702060878e-02-4.254363105e-02-4.763037339e-02-5.224105716e-02-5.633706227e-02
-5.988007784e-02-6.283129752e-02-6.515075266e-02-6.679673493e-02-6.772552431e-02
-6.789118052e-02-6.724584103e-02-6.574022770e-02-6.332472712e-02-5.995089188e-02
-5.557370558e-02-5.015449598e-02-4.366471991e-02-3.609055653e-02-2.743843943e-02
-1.774127781e-02-7.065159734e-03 4.484662320e-03 1.675477065e-02 2.953893691e-02
 4.269006848e-02 5.616866797e-02 6.993379444e-02 8.394197375e-02 9.814615548e-02
 1.124956235e-01 1.269360930e-01 1.414099634e-01 1.558566242e-01 1.702127457e-01
 1.844126135e-01 1.983880848e-01 2.120679170e-01 2.253762484e-01 2.382298261e-01
 2.505342066e-01 2.621794641e-01 2.730369866e-01 2.829611897e-01 2.917987406e-01
 9.498266131e-02 9.365703911e-02 8.797095716e-02 8.094389737e-02 7.379551232e-02
 6.655921042e-02 5.927029997e-02 5.194550380e-02 4.458853975e-02 3.719482943e-02
 2.975433506e-02 2.225324884e-02 1.467511896e-02 6.991738454e-03-7.118023932e-04
-8.357146755e-03-1.587291062e-02-2.319460176e-02-3.026429936e-02-3.703009710e-02
-4.344537482e-02-4.946792498e-02-5.505895615e-02-6.018210202e-02-6.480235606e-02
-6.888507307e-02-7.239500433e-02-7.529547065e-02-7.754759490e-02-7.910977304e-02
-7.993725687e-02-7.998213917e-02-7.919346541e-02-7.751794159e-02-7.490091026e-02
-7.128811628e-02-6.662802398e-02-6.087492779e-02-5.399306118e-02-4.596152902e-02
-3.678025305e-02-2.647671103e-02-1.511327457e-02-2.794931177e-03 1.032387838e-02
 2.403415367e-02 3.805063665e-02 5.234203488e-02 6.687633693e-02 8.161669970e-02
 9.652464837e-02 1.115611643e-01 1.266871989e-01 1.418638080e-01 1.570522189e-01
 1.722133607e-01 1.873068511e-01 2.022888958e-01 2.171084583e-01 2.317008525e-01
 2.459778339e-01 2.598133683e-01 2.730256617e-01 2.853620350e-01 2.965049446e-01
 9.527774155e-02 9.386847913e-02 8.800109476e-02 8.070753515e-02 7.335763425e-02
 6.594648212e-02 5.847167224e-02 5.093182996e-02 4.332303628e-02 3.563790023e-02
 2.786551788e-02 1.999125071e-02 1.199535839e-02 3.888936248e-03-4.238751251e-03
-1.230680756e-02-2.024250105e-02-2.798101678e-02-3.546503931e-02-4.264407977e-02
-4.947363213e-02-5.591417849e-02-6.193008274e-02-6.748846173e-02-7.255801558e-02
-7.710791379e-02-8.110670745e-02-8.452136070e-02-8.731637150e-02-8.945300430e-02
-9.088877589e-02-9.157704562e-02-9.146694094e-02-9.050359577e-02-8.862879872e-02
-8.578211069e-02-8.190266043e-02-7.693161070e-02-7.081552595e-02-6.351076812e-02
-5.498880148e-02-4.524273053e-02-3.429470956e-02-2.220408805e-02-9.075773880e-03
 4.932108801e-03 1.960233226e-02 3.453696147e-02 4.972987995e-02 6.514324248e-02
 8.074667305e-02 9.651477635e-02 1.124262735e-01 1.284638345e-01 1.446142048e-01
 1.608680189e-01 1.772194207e-01 1.936644167e-01 2.101977468e-01 2.268064022e-01
 2.434577048e-01 2.600767910e-01 2.765036821e-01 2.924058735e-01 3.071062565e-01
 9.512326121e-02 9.362026304e-02 8.739160001e-02 7.992626727e-02 7.241393626e-02
 6.483964622e-02 5.719313398e-02 4.946397245e-02 4.164141044e-02 3.371417150e-02
 2.567072958e-02 1.750019751e-02 9.140302427e-03 6.798480754e-04-7.795443293e-03
-1.620605588e-02-2.448009327e-02-3.255373240e-02-4.037104174e-02-4.788342118e-02
-5.504872650e-02-6.183021516e-02-6.819540262e-02-7.411480695e-02-7.956077158e-02
-8.450618386e-02-8.892340958e-02-9.278313071e-02-9.605340660e-02-9.869882464e-02
-1.006797105e-01-1.019516289e-01-1.024650335e-01-1.021651477e-01-1.009922400e-01
-9.888234735e-02-9.576839954e-02-9.158221632e-02-8.625707775e-02-7.973142713e-02
-7.195359468e-02-6.288779527e-02-5.252132192e-02-4.087306187e-02-2.800309844e-02
-1.402310934e-02 8.926494629e-04 1.649574749e-02 3.248400241e-02 4.867911711e-02
 6.506811827e-02 8.164229989e-02 9.839878231e-02 1.153416336e-01 1.324831694e-01
 1.498453468e-01 1.674611717e-01 1.853764802e-01 2.036512494e-01 2.223607004e-01
 2.415952086e-01 2.614571452e-01 2.820485234e-01 3.034015298e-01 3.244722188e-01
 9.397662431e-02 9.231894463e-02 8.613571525e-02 7.856275141e-02 7.094048709e-02
 6.325373054e-02 5.548419803e-02 4.761404172e-02 3.962650895e-02 3.150573000e-02
 2.323623747e-02 1.480260491e-02 6.171595305e-03-2.560523804e-03-1.130503230e-02
-1.998149231e-02-2.851821110e-02-3.685229644e-02-4.492933303e-02-5.270267650e-02
-6.013255194e-02-6.718492508e-02-7.383029163e-02-8.004240692e-02-8.579697460e-02
-9.107042104e-02-9.583868831e-02-1.000760794e-01-1.037542075e-01-1.068410277e-01
-1.093000174e-01-1.110894680e-01-1.121619269e-01-1.124638692e-01-1.119356751e-01
-1.105118617e-01-1.081218868e-01-1.046914011e-01-1.001443416e-01-9.440584481e-02
-8.740624785e-02-7.908632606e-02-6.940401345e-02-5.834241956e-02-4.591937736e-02
-3.219799697e-02-1.729764976e-02-1.404025941e-03 1.522424258e-02 3.224801272e-02
 4.945406318e-02 6.684529781e-02 8.443321288e-02 1.022392139e-01 1.202966124e-01
 1.386534870e-01 1.573764384e-01 1.765558869e-01 1.963131875e-01 2.168110162e-01
 2.382691354e-01 2.609904408e-01 2.854110897e-01 3.122125566e-01 3.401577175e-01
 9.226348996e-02 9.045151621e-02 8.420604467e-02 7.658623159e-02 6.893465668e-02
 6.121656299e-02 5.339892954e-02 4.545566440e-02 3.736577928e-02 2.911102399e-02
 2.067348920e-02 1.203229558e-02 3.193993121e-03-5.743072834e-03-1.468935236e-02
-2.356444858e-02-3.229735792e-02-4.082638398e-02-4.909871891e-02-5.706969276e-02
-6.470178813e-02-7.196348906e-02-7.882803679e-02-8.527209610e-02-9.127442539e-02
-9.681466967e-02-1.018720344e-01-1.064241529e-01-1.104459837e-01-1.139087975e-01
-1.167792305e-01-1.190185249e-01-1.205817908e-01-1.214175075e-01-1.214672402e-01
-1.206655800e-01-1.189405024e-01-1.162142232e-01-1.124046221e-01-1.074275672e-01
-1.012001187e-01-9.364509583e-02-8.469685912e-02-7.430887967e-02-6.246266514e-02
-4.917841032e-02-3.452654183e-02-1.863980666e-02-1.724597882e-03 1.592923887e-02
 3.394254670e-02 5.211143568e-02 7.045757771e-02 8.901324123e-02 1.078236103e-01
 1.269503981e-01 1.464769095e-01 1.665148884e-01 1.872141659e-01 2.087761462e-01
 2.314730287e-01 2.556732893e-01 2.818714082e-01 3.107068539e-01 3.415242136e-01
 8.995430171e-02 8.799123764e-02 8.143433928e-02 7.393016666e-02 6.641390920e-02
 5.879338458e-02 5.102578551e-02 4.308732599e-02 3.496215120e-02 2.663830109e-02
 1.810686290e-02 9.296086617e-03 3.008620697e-04-8.785766549e-03-1.787680015e-02
-2.689344063e-02-3.576608747e-02-4.443453252e-02-5.284764618e-02-6.096263975e-02
-6.874408573e-02-7.616274059e-02-8.319424093e-02-8.981782198e-02-9.601496160e-02
-1.017680764e-01-1.070592701e-01-1.118691713e-01-1.161757633e-01-1.199533865e-01
-1.231717169e-01-1.257949322e-01-1.277808845e-01-1.290804744e-01-1.296371669e-01
-1.293866783e-01-1.282570362e-01-1.261690557e-01-1.230372638e-01-1.187716052e-01
-1.132800803e-01-1.064724773e-01-9.826545417e-02-8.858927339e-02-7.739625871e-02
-6.467097253e-02-5.044206977e-02-3.479522839e-02-1.788633130e-02 4.646958405e-05
 1.867390610e-02 3.754381090e-02 5.653593317e-02 7.568614185e-02 9.503944218e-02
 1.146548465e-01 1.346099675e-01 1.550066769e-01 1.759788394e-01 1.977030784e-01
 2.204150409e-01 2.444337457e-01 2.702001333e-01 2.983330190e-01 3.283883035e-01
 8.544854820e-02 8.289139718e-02 7.744798064e-02 7.069271803e-02 6.356599182e-02
 5.616971478e-02 4.852831364e-02 4.064833745e-02 3.252932057e-02 2.416721359e-02
 1.555571798e-02 6.652741693e-03-2.437964082e-03-1.161994599e-02-2.080517821e-02
-2.991499566e-02-3.888056055e-02-4.764282331e-02-5.615209043e-02-6.436722726e-02
-7.225462049e-02-7.978697121e-02-8.694200963e-02-9.370114654e-02-1.000481397e-01
-1.059677899e-01-1.114446968e-01-1.164620593e-01-1.210005283e-01-1.250371933e-01
-1.285445094e-01-1.314894259e-01-1.338325441e-01-1.355272979e-01-1.365194172e-01
-1.367464364e-01-1.361374557e-01-1.346133649e-01-1.320873648e-01-1.284661740e-01
-1.236521900e-01-1.175464615e-01-1.100531295e-01-1.010854319e-01-9.057345986e-02
-7.847386599e-02-6.478155404e-02-4.954293743e-02-3.287025914e-02-1.495557744e-02
 3.917236347e-03 2.336509712e-02 4.287515953e-02 6.246206909e-02 8.215437829e-02
 1.019930616e-01 1.220316291e-01 1.423372775e-01 1.629927158e-01 1.840984970e-01
 2.057763040e-01 2.281739414e-01 2.514783442e-01 2.759732008e-01 3.016553223e-01
 8.248494565e-02 7.974521816e-02 7.431720197e-02 6.779315323e-02 6.089762598e-02
 5.366918072e-02 4.613740370e-02 3.831836954e-02 3.021850996e-02 2.183797024e-02
 1.317274384e-02 4.213619046e-03-4.934062250e-03-1.417279802e-02-2.341427281e-02
-3.258015215e-02-4.160236195e-02-5.042292923e-02-5.899344385e-02-6.727420539e-02
-7.523315400e-02-8.284462988e-02-9.008809924e-02-9.694676101e-02-1.034062803e-01
-1.094534099e-01-1.150748581e-01-1.202559471e-01-1.249796227e-01-1.292253137e-01
-1.329679489e-01-1.361770034e-01-1.388155669e-01-1.408396214e-01-1.421972662e-01
-1.428281367e-01-1.426630467e-01-1.416239291e-01-1.396240592e-01-1.365690082e-01
-1.323581040e-01-1.268871427e-01-1.200520769e-01-1.117543653e-01-1.019081101e-01
-9.044922888e-02-7.734671980e-02-6.261605024e-02-4.633406922e-02-2.865468152e-02
-9.823807515e-03 9.808202274e-03 2.977875248e-02 4.969699308e-02 6.958082318e-02
 8.945322782e-02 1.093401089e-01 1.292680204e-01 1.492607296e-01 1.693331897e-01
 1.894801110e-01 2.096536160e-01 2.297159135e-01 2.493356764e-01 2.678161860e-01
 8.051245660e-02 7.768187672e-02 7.207396626e-02 6.553607434e-02 5.868028477e-02
 5.150885507e-02 4.402885586e-02 3.624552488e-02 2.816050686e-02 1.977087557e-02
 1.106726937e-02 2.071858384e-03-7.109440397e-03-1.637955755e-02-2.565099299e-02
-3.484641388e-02-4.389885068e-02-5.275151134e-02-6.135722622e-02-6.967756152e-02
-7.768177986e-02-8.534557372e-02-9.264980257e-02-9.957911819e-02-1.061206907e-01
-1.122628748e-01-1.179939955e-01-1.233011633e-01-1.281691641e-01-1.325794160e-01
-1.365088671e-01-1.399292052e-01-1.428057700e-01-1.450968087e-01-1.467527151e-01
-1.477152705e-01-1.479172707e-01-1.472821981e-01-1.457243264e-01-1.431493163e-01
-1.394554079e-01-1.345356405e-01-1.282810718e-01-1.205855682e-01-1.113523617e-01
-1.005025879e-01-8.798614144e-02-7.379472256e-02-5.797682330e-02-4.065397382e-02
-2.203673311e-02-2.438537078e-03 1.771563850e-02 3.788971528e-02 5.787211284e-02
 7.767518610e-02 9.730447829e-02 1.167564765e-01 1.360143870e-01 1.550410986e-01
 1.737682223e-01 1.920802146e-01 2.097937018e-01 2.266387045e-01 2.422616184e-01
 7.875656337e-02 7.582843304e-02 7.029559463e-02 6.373990327e-02 5.688491091e-02
 4.972957075e-02 4.227163643e-02 3.450947627e-02 2.644178644e-02 1.806815341e-02
 9.319500998e-03 2.954759402e-04-8.905340917e-03-1.818989031e-02-2.747317031e-02
-3.667962551e-02-4.574371502e-02-5.460989848e-02-6.323214620e-02-7.157313824e-02
-7.960319519e-02-8.729909360e-02-9.464275837e-02-1.016199589e-01-1.082189903e-01
-1.144294068e-01-1.202408150e-01-1.256416589e-01-1.306181997e-01-1.351533830e-01
-1.392258406e-01-1.428090036e-01-1.458701193e-01-1.483693570e-01-1.502591521e-01
-1.514832824e-01-1.519764513e-01-1.516638994e-01-1.504612863e-01-1.482751220e-01
-1.450037360e-01-1.405391246e-01-1.347697973e-01-1.275851578e-01-1.188814789e-01
-1.085699797e-01-9.658710659e-02-8.290717751e-02-6.755717099e-02-5.063299835e-02
-3.231618181e-02-1.288908999e-02 7.253567688e-03 2.759916522e-02 4.761645570e-02
 6.731010228e-02 8.667211235e-02 1.056824401e-01 1.243064702e-01 1.424908042e-01
 1.601580828e-01 1.772015542e-01 1.934817135e-01 2.088279724e-01 2.230495214e-01
 7.747006416e-02 7.448502630e-02 6.888549030e-02 6.231180578e-02 5.545859039e-02
 4.831595719e-02 4.087510705e-02 3.312873468e-02 2.507061884e-02 1.669495925e-02
 7.941616699e-03-1.085206633e-03-1.028624456e-02-1.956906915e-02-2.884969115e-02
-3.805361688e-02-4.711632058e-02-5.598318577e-02-6.460905820e-02-7.295741141e-02
-8.099937439e-02-8.871244639e-02-9.607931226e-02-1.030865163e-01-1.097231209e-01
-1.159795374e-01-1.218462512e-01-1.273126751e-01-1.323661059e-01-1.369906068e-01
-1.411660910e-01-1.448673010e-01-1.480629295e-01-1.507147104e-01-1.527766436e-01
-1.541942358e-01-1.549038440e-01-1.548323035e-01-1.538967043e-01-1.520047337e-01
-1.490553916e-01-1.449406147e-01-1.395479739e-01-1.327645928e-01-1.244826987e-01
-1.146074235e-01-1.030664593e-01-8.982241154e-02-7.488713413e-02-5.833781511e-02
-4.033351690e-02-2.113020420e-02-1.091277809e-03 1.931083761e-02 3.932071477e-02
 5.890707299e-02 7.804553211e-02 9.670767933e-02 1.148554683e-01 1.324378550e-01
 1.493886560e-01 1.656257957e-01 1.810525954e-01 1.955617368e-01 2.090427727e-01
 7.645075023e-02 7.342477888e-02 6.774938852e-02 6.118764728e-02 5.436431989e-02
 4.725604504e-02 3.984767944e-02 3.212843090e-02 2.408988401e-02 1.572444476e-02
 6.983073894e-03-2.030767733e-03-1.121826842e-02-2.048751712e-02-2.975510806e-02
-3.894716501e-02-4.799974710e-02-5.685880408e-02-6.547968835e-02-7.382635772e-02
-8.187035471e-02-8.958964050e-02-9.696728736e-02-1.039902717e-01-1.106481254e-01
-1.169317141e-01-1.228320524e-01-1.283391416e-01-1.334409118e-01-1.381221712e-01
-1.423635930e-01-1.461408287e-01-1.494235396e-01-1.521745324e-01-1.543489695e-01
-1.558935046e-01-1.567457914e-01-1.568339020e-01-1.560761631e-01-1.543813199e-01
-1.516492069e-01-1.477722973e-01-1.426380575e-01-1.361327618e-01-1.281468421e-01
-1.185822412e-01-1.073618978e-01-9.444173425e-02-7.982483506e-02-6.357757747e-02
-4.584665596e-02-2.687549405e-02-7.018127479e-03 1.325160637e-02 3.333642706e-02
 5.287257209e-02 7.185812294e-02 9.027613699e-02 1.080971584e-01 1.252801716e-01
 1.417735517e-01 1.575164050e-01 1.724409759e-01 1.864762306e-01 1.995528489e-01
 7.539343089e-02 7.229586691e-02 6.677272916e-02 6.032321975e-02 5.359697714e-02
 4.656388611e-02 3.921298683e-02 3.153831884e-02 2.353445068e-02 1.519536134e-02
 6.479575764e-03-2.509675920e-03-1.167383417e-02-2.092125639e-02-3.016881272e-02
-3.934287652e-02-4.837973788e-02-5.722553656e-02-6.583577394e-02-7.417455316e-02
-8.221349120e-02-8.993064612e-02-9.730918705e-02-1.043361723e-01-1.110012531e-01
-1.172954291e-01-1.232098788e-01-1.287348121e-01-1.338583976e-01-1.385657489e-01
-1.428379118e-01-1.466509402e-01-1.499749720e-01-1.527733654e-01-1.550018489e-01
-1.566078067e-01-1.575296074e-01-1.576960385e-01-1.570262760e-01-1.554297656e-01
-1.528071314e-01-1.490514427e-01-1.440505683e-01-1.376909316e-01-1.298626661e-01
-1.204668432e-01-1.094247773e-01-9.668984264e-02-8.226147294e-02-6.620112807e-02
-4.864917696e-02-2.984109707e-02-1.012069918e-02 1.005292684e-02 3.010870889e-02
 4.956855625e-02 6.842877716e-02 8.667490631e-02 1.042822003e-01 1.212166101e-01
 1.374361515e-01 1.528926939e-01 1.675343812e-01 1.813087165e-01 1.941660792e-01
 7.435703278e-02 7.106640935e-02 6.596267223e-02 5.983612314e-02 5.325237662e-02
 4.630591348e-02 3.901834041e-02 3.139505908e-02 2.343541011e-02 1.513563935e-02
 6.456179544e-03-2.499582246e-03-1.163307391e-02-2.085266635e-02-3.007522039e-02
-3.922705352e-02-4.824435338e-02-5.707309768e-02-6.566860527e-02-7.399474829e-02
-8.202294260e-02-8.973095566e-02-9.710176289e-02-1.041221544e-01-1.107815653e-01
-1.170707867e-01-1.229808256e-01-1.285016984e-01-1.336214691e-01-1.383251250e-01
-1.425935924e-01-1.464028955e-01-1.497231126e-01-1.525176316e-01-1.547422111e-01
-1.563443244e-01-1.572624296e-01-1.574255675e-01-1.567531526e-01-1.551550180e-01
-1.525322050e-01-1.487783045e-01-1.437819153e-01-1.374302506e-01-1.296143681e-01
-1.202363670e-01-1.092187390e-01-9.651600569e-02-8.212873340e-02-6.611929089e-02
-4.862855002e-02-2.989178523e-02-1.025149412e-02 9.836015292e-03 2.980387583e-02
 4.916627333e-02 6.791898608e-02 8.604780585e-02 1.035291404e-01 1.203309819e-01
 1.364143491e-01 1.517351270e-01 1.662464142e-01 1.799013317e-01 1.926561296e-01
 7.488121837e-02 7.175480574e-02 6.634941697e-02 6.006358191e-02 5.347041413e-02
 4.655208439e-02 3.930443898e-02 3.172551095e-02 2.381250449e-02 1.556116436e-02
 6.926474161e-03-1.988345757e-03-1.108480431e-02-2.027122118e-02-2.946427651e-02
-3.858997673e-02-4.758410528e-02-5.639217794e-02-6.496898830e-02-7.327783853e-02
-8.128958941e-02-8.898146451e-02-9.633582830e-02-1.033389419e-01-1.099796668e-01
-1.162482724e-01-1.221351847e-01-1.276299357e-01-1.327200085e-01-1.373898685e-01
-1.416199207e-01-1.453856230e-01-1.486565322e-01-1.513954848e-01-1.535576880e-01
-1.550901234e-01-1.559308320e-01-1.560084522e-01-1.552421004e-01-1.535415649e-01
-1.508080363e-01-1.469355971e-01-1.418137252e-01-1.353311092e-01-1.273809522e-01
-1.178683192e-01-1.067195460e-01-9.389410168e-02-7.939849794e-02-6.330203265e-02
-4.575330392e-02-2.699578740e-02-7.380390540e-03 1.262795087e-02 3.245227784e-02
 5.169784278e-02 7.035973668e-02 8.842173219e-02 1.058575884e-01 1.226321310e-01
 1.387026310e-01 1.540204883e-01 1.685336828e-01 1.821896583e-01 1.949388385e-01
 7.551506907e-02 7.244775444e-02 6.707150489e-02 6.077407673e-02 5.418062955e-02
 4.728041589e-02 4.006468505e-02 3.252751753e-02 2.466424555e-02 1.647030935e-02
 7.889346220e-03-9.760698304e-04-1.002788823e-02-1.917446777e-02-2.833217382e-02
-3.742647544e-02-4.639245570e-02-5.517483130e-02-6.372755021e-02-7.201305777e-02
-8.000128716e-02-8.766859770e-02-9.499644488e-02-1.019702181e-01-1.085778773e-01
-1.148087978e-01-1.206525266e-01-1.260976791e-01-1.311307847e-01-1.357353926e-01
-1.398908943e-01-1.435717344e-01-1.467464417e-01-1.493767351e-01-1.514168084e-01
-1.528125703e-01-1.535010338e-01-1.534099877e-01-1.524578482e-01-1.505539715e-01
-1.475995332e-01-1.434892118e-01-1.381138265e-01-1.313644350e-01-1.231378317e-01
-1.133442447e-01-1.019169763e-01-8.882445097e-02-7.408423722e-02-5.777871236e-02
-4.007111490e-02-2.122032829e-02-1.591935637e-03 1.833759807e-02 3.795358911e-02
 5.706629902e-02 7.566209137e-02 9.371784329e-02 1.112005115e-01 1.280669570e-01
 1.442642510e-01 1.597308815e-01 1.743989587e-01 1.881976575e-01 2.010580301e-01
 7.656162232e-02 7.357753813e-02 6.813559681e-02 6.187304109e-02 5.531358719e-02
 4.844785482e-02 4.127082229e-02 3.377879784e-02 2.596914768e-02 1.784061641e-02
 9.326541796e-03 5.235149292e-04-8.472122252e-03-1.756875031e-02-2.668209001e-02
-3.573666885e-02-4.466651008e-02-5.341519415e-02-6.193549186e-02-7.018865645e-02
-7.814341784e-02-8.577492088e-02-9.306342155e-02-9.999306500e-02-1.065506041e-01
-1.127241701e-01-1.185020506e-01-1.238715500e-01-1.288179308e-01-1.333232820e-01
-1.373656094e-01-1.409178972e-01-1.439471096e-01-1.464134604e-01-1.482695788e-01
-1.494598091e-01-1.499197781e-01-1.495759785e-01-1.483459026e-01-1.461383700e-01
-1.428547204e-01-1.383906156e-01-1.326391101e-01-1.254949123e-01-1.168605238e-01
-1.066541001e-01-9.481962025e-02-8.133917302e-02-6.624710560e-02-4.964561388e-02
-3.172016516e-02-1.275336184e-02 6.865663920e-03 2.663896792e-02 4.603229836e-02
 6.502948701e-02 8.361013234e-02 1.017457545e-01 1.193970293e-01 1.365115643e-01
 1.530223042e-01 1.688469797e-01 1.838892996e-01 1.980429739e-01 2.111989260e-01
 7.774645090e-02 7.484140247e-02 6.958159804e-02 6.338031590e-02 5.686663464e-02
 5.004075915e-02 4.290299118e-02 3.545340896e-02 2.769052051e-02 1.960977726e-02
 1.120119262e-02 2.484627534e-03-6.437163800e-03-1.546911150e-02-2.452474646e-02
-3.352691606e-02-4.240816087e-02-5.111061782e-02-5.958563089e-02-6.779297441e-02
-7.569991797e-02-8.328005672e-02-9.051214904e-02-9.737879783e-02-1.038651690e-01
-1.099577993e-01-1.156433523e-01-1.209074408e-01-1.257335693e-01-1.301020980e-01
-1.339891404e-01-1.373657584e-01-1.401970237e-01-1.424411237e-01-1.440487653e-01
-1.449624300e-01-1.451160610e-01-1.444347650e-01-1.428350955e-01-1.402256340e-01
-1.365084052e-01-1.315810680e-01-1.253403425e-01-1.176867336e-01-1.085312068e-01
-9.780348837e-02-8.546275645e-02-7.151018083e-02-5.600322410e-02-3.907081485e-02
-2.092804760e-02-1.888427185e-03 1.762891933e-02 3.710006922e-02 5.630076304e-02
 7.522691786e-02 9.386494756e-02 1.121906117e-01 1.301660985e-01 1.477357745e-01
 1.648210883e-01 1.813153625e-01 1.970804632e-01 2.119484246e-01 2.257319242e-01
 7.945311069e-02 7.666276395e-02 7.148858160e-02 6.534340233e-02 5.886432528e-02
 5.206318945e-02 4.495165125e-02 3.753835708e-02 2.982760407e-02 2.181942761e-02
 1.351026539e-02 4.887114279e-03-3.947849385e-03-1.289924327e-02-2.187988535e-02
-3.081165813e-02-3.962591290e-02-4.826344177e-02-5.667408183e-02-6.481599063e-02
-7.265473157e-02-8.016213775e-02-8.731511235e-02-9.409438819e-02-1.004832089e-01
-1.064661443e-01-1.120278239e-01-1.171518117e-01-1.218194664e-01-1.260089278e-01
-1.296941191e-01-1.328437924e-01-1.354206800e-01-1.373807192e-01-1.386724114e-01
-1.392362714e-01-1.390044987e-01-1.379010528e-01-1.358419508e-01-1.327363253e-01
-1.284880191e-01-1.229984015e-01-1.161700934e-01-1.079124659e-01-9.814862162e-02
-8.682453632e-02-7.391994447e-02-5.946124718e-02-4.353560880e-02-2.630544640e-02
-8.021766320e-03 1.096569654e-02 3.020406887e-02 4.932319000e-02 6.832261384e-02
 8.720210195e-02 1.059582159e-01 1.245807856e-01 1.430479884e-01 1.613191813e-01
 1.793239415e-01 1.969466507e-01 2.140063345e-01 2.302384228e-01 2.452975363e-01
 8.180325478e-02 7.917036116e-02 7.397598028e-02 6.784883142e-02 6.134207174e-02
 5.450675264e-02 4.737924412e-02 3.997820988e-02 3.231156245e-02 2.438076586e-02
 1.618307643e-02 7.670564577e-03-1.056077541e-03-9.902695194e-03-1.878259331e-02
-2.761744708e-02-3.633784503e-02-4.488339275e-02-5.320243537e-02-6.125139073e-02
-6.899391860e-02-7.639981061e-02-8.344383538e-02-9.010448307e-02-9.636274725e-02
-1.022008136e-01-1.076009125e-01-1.125441343e-01-1.170093343e-01-1.209720746e-01
-1.244036630e-01-1.272702813e-01-1.295320988e-01-1.311426163e-01-1.320481151e-01
-1.321871877e-01-1.314907223e-01-1.298820376e-01-1.272776872e-01-1.235886291e-01
-1.187225804e-01-1.125870720e-01-1.050939560e-01-9.616541117e-02-8.574162424e-02
-7.379034162e-02-6.031814590e-02-4.538324848e-02-2.910899557e-02-1.169703528e-02
 6.561608985e-03 2.527968399e-02 4.401279986e-02 6.276541948e-02 8.154784143e-02
 1.003751531e-01 1.192658097e-01 1.382396072e-01 1.573143154e-01 1.764997542e-01
 1.957866549e-01 2.151248306e-01 2.343774289e-01 2.532202601e-01 2.709751427e-01
 8.515093476e-02 8.288777620e-02 7.756282389e-02 7.105168700e-02 6.428042054e-02
 5.728525668e-02 5.007782578e-02 4.265989736e-02 3.502905369e-02 2.718113549e-02
 1.911231875e-02 1.074204221e-02 2.160106553e-03-6.543826777e-03-1.528475247e-02
-2.398460917e-02-3.257340193e-02-4.098957777e-02-4.917989299e-02-5.709888414e-02
-6.470805407e-02-7.197490335e-02-7.887171209e-02-8.537441492e-02-9.146132320e-02
-9.711189568e-02-1.023055613e-01-1.070205793e-01-1.112328917e-01-1.149151921e-01
-1.180359274e-01-1.205584481e-01-1.224403158e-01-1.236326247e-01-1.240796372e-01
-1.237185597e-01-1.224796474e-01-1.202868074e-01-1.170586124e-01-1.127101332e-01
-1.071556509e-01-1.003124416e-01-9.210589528e-02-8.247615397e-02-7.138634473e-02
-5.883251131e-02-4.485487938e-02-2.955015190e-02-1.308380254e-02 4.298921674e-03
 2.226511575e-02 4.034617543e-02 5.854941905e-02 7.689040154e-02 9.539392591e-02
 1.140951216e-01 1.330408007e-01 1.522911191e-01 1.719215512e-01 1.920252889e-01
 2.127163261e-01 2.341343611e-01 2.564573884e-01 2.799574137e-01 3.046285510e-01
 8.917675912e-02 8.745100349e-02 8.156280965e-02 7.442036271e-02 6.729982048e-02
 6.011820585e-02 5.282859132e-02 4.540304840e-02 3.782198578e-02 3.006898798e-02
 2.212759852e-02 1.397748385e-02 5.602349527e-03-2.903261455e-03-1.145257242e-02
-1.996649243e-02-2.837392688e-02-3.661190346e-02-4.462540522e-02-5.236685276e-02
-5.979538336e-02-6.687586010e-02-7.357780635e-02-7.987422496e-02-8.574038744e-02
-9.115266055e-02-9.608729929e-02-1.005193740e-01-1.044216603e-01-1.077637225e-01
-1.105109751e-01-1.126239374e-01-1.140576452e-01-1.147611141e-01-1.146771833e-01
-1.137425005e-01-1.118880436e-01-1.090399921e-01-1.051213294e-01-1.000541821e-01
-9.376315027e-02-8.617977053e-02-7.724831998e-02-6.693299115e-02-5.522657186e-02
-4.216033593e-02-2.781494148e-02-1.233156491e-02 4.077801947e-03 2.112235315e-02
 3.834955767e-02 5.576444417e-02 7.338035107e-02 9.122071415e-02 1.093212888e-01
 1.277329773e-01 1.465255767e-01 1.657930762e-01 1.856608093e-01 2.062961459e-01
 2.279238403e-01 2.508498728e-01 2.754986286e-01 3.024670780e-01 3.313219845e-01
 9.175553173e-02 9.026693553e-02 8.428084105e-02 7.707150280e-02 6.987820566e-02
 6.265851110e-02 5.537972599e-02 4.801484197e-02 4.054174572e-02 3.294175863e-02
 2.519863844e-02 1.729880646e-02 9.182581678e-03 9.347751620e-04-7.361406460e-03
-1.562781259e-02-2.379295044e-02-3.179265559e-02-3.957012668e-02-4.707558453e-02
-5.426558480e-02-6.110215560e-02-6.755174696e-02-7.358413935e-02-7.917124778e-02
-8.428600430e-02-8.890122920e-02-9.298852086e-02-9.651730210e-02-9.945388138e-02
-1.017607003e-01-1.033956409e-01-1.043115705e-01-1.044561043e-01-1.037716195e-01
-1.021956503e-01-9.966171533e-02-9.610073268e-02-9.144315869e-02-8.562199026e-02
-7.857674360e-02-7.025858760e-02-6.063678861e-02-4.970628768e-02-3.749646246e-02
-2.408057265e-02-9.585404769e-03 5.799455103e-03 2.181413397e-02 3.805787489e-02
 5.452869833e-02 7.123149186e-02 8.817973733e-02 1.053976119e-01 1.229226813e-01
 1.408093423e-01 1.591336280e-01 1.779996604e-01 1.975489408e-01 2.179733962e-01
 2.395337820e-01 2.625845075e-01 2.876022160e-01 3.152040541e-01 3.447518349e-01
 9.306757897e-02 9.171649814e-02 8.605041355e-02 7.895093411e-02 7.184370607e-02
 6.471826881e-02 5.755535513e-02 5.033579096e-02 4.304149747e-02 3.565544635e-02
 2.816110104e-02 2.054131404e-02 1.277609169e-02 4.866092466e-03-3.101672744e-03
-1.104742661e-02-1.889844611e-02-2.658910677e-02-3.406075016e-02-4.126129672e-02
-4.814463854e-02-5.466980860e-02-6.079998985e-02-6.650151312e-02-7.174273580e-02
-7.649293542e-02-8.072128892e-02-8.439584821e-02-8.748262376e-02-8.994480222e-02
-9.174208343e-02-9.283019602e-02-9.316061437e-02-9.268063307e-02-9.133363515e-02
-8.905997127e-02-8.579819649e-02-8.148708940e-02-7.606837153e-02-6.949035823e-02
-6.171263754e-02-5.271184444e-02-4.248853028e-02-3.107498400e-02-1.854369231e-02
-5.015709437e-03 9.332958609e-03 2.426404320e-02 3.946185112e-02 5.491439253e-02
 7.061456889e-02 8.656147867e-02 1.027618870e-01 1.192320213e-01 1.359998882e-01
 1.531081051e-01 1.706176549e-01 1.886129677e-01 2.072088569e-01 2.265605330e-01
 2.468788475e-01 2.684554458e-01 2.917113304e-01 3.173047900e-01 3.440331817e-01
 9.382336587e-02 9.263659269e-02 8.704572916e-02 8.010149747e-02 7.316545397e-02
 6.622250378e-02 5.925833806e-02 5.225944519e-02 4.521294683e-02 3.810618445e-02
 3.092643991e-02 2.366094291e-02 1.629757509e-02 8.794387802e-03 1.230939291e-03
-6.315703969e-03-1.377338544e-02-2.107585408e-02-2.816301025e-02-3.498072550e-02
-4.148031399e-02-4.761782289e-02-5.335317552e-02-5.864917859e-02-6.347054988e-02
-6.778287888e-02-7.155172527e-02-7.474165410e-02-7.731550932e-02-7.923371345e-02
-8.045382798e-02-8.093027771e-02-8.061435074e-02-7.945453376e-02-7.739728689e-02
-7.438827306e-02-7.037419826e-02-6.530536711e-02-5.913902819e-02-5.184364691e-02
-4.340412840e-02-3.382800519e-02-2.315250598e-02-1.145235356e-02 1.152011799e-03
 1.448380947e-02 2.832153440e-02 4.246595502e-02 5.689355731e-02 7.158397883e-02
 8.652080595e-02 1.016924456e-01 1.170930117e-01 1.327234656e-01 1.485928446e-01
 1.647197157e-01 1.811336875e-01 1.978770494e-01 2.150061578e-01 2.325924039e-01
 2.507222593e-01 2.694942355e-01 2.890072465e-01 3.092943430e-01 3.293440342e-01
 9.375088662e-02 9.269765764e-02 8.723285794e-02 8.051450551e-02 7.382375002e-02
 6.713227928e-02 6.042940542e-02 5.370932817e-02 4.696639255e-02 4.019346461e-02
 3.338160366e-02 2.652005479e-02 1.959597692e-02 1.259323489e-02 5.521275569e-03
-1.540586585e-03-8.519417606e-03-1.534821279e-02-2.196568251e-02-2.831593528e-02
-3.434799612e-02-4.001516476e-02-4.527424648e-02-5.008470640e-02-5.440776423e-02
-5.820554495e-02-6.144022569e-02-6.407330185e-02-6.606496871e-02-6.737364084e-02
-6.795573980e-02-6.776567549e-02-6.675620377e-02-6.487915665e-02-6.208658591e-02
-5.833254755e-02-5.357546359e-02-4.778124392e-02-4.092713073e-02-3.300644457e-02
-2.403403819e-02-1.405239198e-02-3.138086991e-03 8.591589518e-03 2.098081075e-02
 3.373976797e-02 4.686357081e-02 6.031046063e-02 7.404496521e-02 8.803555369e-02
 1.022538543e-01 1.166745052e-01 1.312753856e-01 1.460379660e-01 1.609475911e-01
 1.759936213e-01 1.911689937e-01 2.064687759e-01 2.218870968e-01 2.374108285e-01
 2.530080378e-01 2.686060369e-01 2.840498090e-01 2.990166247e-01 3.128471375e-01
 9.247570485e-02 9.142711759e-02 8.647600561e-02 8.019419760e-02 7.383861393e-02
 6.744023412e-02 6.102954224e-02 5.462145433e-02 4.822063446e-02 4.182549939e-02
 3.543054685e-02 2.902779356e-02 2.260782942e-02 1.616101153e-02 9.654213674e-03
 3.158875275e-03-3.255536547e-03-9.523324668e-03-1.558318455e-02-2.137826942e-02
-2.685592324e-02-3.196719661e-02-3.666623309e-02-4.090958089e-02-4.465543106e-02
-4.786293954e-02-5.049153417e-02-5.250037834e-02-5.384795368e-02-5.449185520e-02
-5.438880995e-02-5.349503830e-02-5.176693201e-02-4.916220903e-02-4.564157128e-02
-4.117093235e-02-3.572426736e-02-2.928721346e-02-2.186126076e-02-1.346873958e-02
-4.158127587e-03 5.990162026e-03 1.685934514e-02 2.826209180e-02 4.008809105e-02
 5.230103433e-02 6.486712396e-02 7.774868608e-02 9.090670198e-02 1.043016165e-01
 1.178936958e-01 1.316431761e-01 1.455104947e-01 1.594564468e-01 1.734422445e-01
 1.874291748e-01 2.013777196e-01 2.152453959e-01 2.289830595e-01 2.425286472e-01
 2.557973862e-01 2.686676979e-01 2.809638083e-01 2.924405336e-01 3.027891517e-01
 9.142902493e-02 9.067034721e-02 8.575208485e-02 7.954344898e-02 7.333852351e-02
 6.714959443e-02 6.100399047e-02 5.491299927e-02 4.887849465e-02 4.289689660e-02
 3.696141765e-02 3.106331080e-02 2.519254014e-02 1.933786459e-02 1.348591037e-02
 7.642971352e-03 1.878784038e-03-3.741572844e-03-9.157112800e-03-1.431066543e-02
-1.914859563e-02-2.362041920e-02-2.767834626e-02-3.127674013e-02-3.437156975e-02
-3.691989556e-02-3.887942433e-02-4.020816833e-02-4.086429626e-02-4.080621526e-02
-3.999291733e-02-3.838466480e-02-3.594409674e-02-3.263778985e-02-2.843835577e-02
-2.332708798e-02-1.729722507e-02-1.035779528e-02-2.537603024e-03 6.109127775e-03
 1.549924817e-02 2.551072091e-02 3.601140529e-02 4.698241502e-02 5.838543177e-02
 7.018178701e-02 8.233153075e-02 9.479213506e-02 1.075180694e-01 1.204607338e-01
 1.335683167e-01 1.467859596e-01 1.600559652e-01 1.733181030e-01 1.865101755e-01
 1.995683163e-01 2.124269605e-01 2.250183076e-01 2.372706383e-01 2.491055578e-01
 2.604338825e-01 2.711512446e-01 2.811349332e-01 2.902449071e-01 2.983328700e-01
 9.021483362e-02 8.977183700e-02 8.478125185e-02 7.834494114e-02 7.212833315e-02
 6.608743966e-02 6.019736081e-02 5.444211885e-02 4.880845919e-02 4.328380525e-02
 3.785595670e-02 3.251324221e-02 2.724489011e-02 2.204138413e-02 1.689527556e-02
 1.177250501e-02 6.733509712e-03 1.838718192e-03-2.853244310e-03-7.286224514e-03
-1.140669920e-02-1.516367681e-02-1.850845665e-02-2.139430866e-02-2.377616055e-02
-2.561027929e-02-2.685409226e-02-2.746609785e-02-2.740601078e-02-2.663514391e-02
-2.511709183e-02-2.281879261e-02-1.971196756e-02-1.577506959e-02-1.099578105e-02
-5.373876076e-03 1.075272681e-03 8.315630257e-03 1.629276201e-02 2.491554990e-02
 3.408642113e-02 4.379586130e-02 5.401079729e-02 6.469990313e-02 7.582879066e-02
 8.735984564e-02 9.925165027e-02 1.114581525e-01 1.239278987e-01 1.366032958e-01
 1.494202018e-01 1.623077691e-01 1.751886457e-01 1.879798323e-01 2.005941570e-01
 2.129419893e-01 2.249336243e-01 2.364811748e-01 2.475003004e-01 2.579109669e-01
 2.676372826e-01 2.766071260e-01 2.847515941e-01 2.920062542e-01 2.983140349e-01
 8.730998635e-02 8.694462478e-02 8.209580183e-02 7.576841116e-02 6.971596926e-02
 6.392496824e-02 5.836841092e-02 5.301979557e-02 4.785478115e-02 4.285182804e-02
 3.799235076e-02 3.326075524e-02 2.864427678e-02 2.413265780e-02 1.971752010e-02
 1.539083198e-02 1.114664320e-02 7.045194972e-03 3.143695183e-03-5.030664615e-04
-3.842535429e-03-6.824306212e-03-9.400025010e-03-1.152327657e-02-1.314947475e-02
-1.423581690e-02-1.474132482e-02-1.462704036e-02-1.385644171e-02-1.239615306e-02
-1.021700818e-02-7.295398973e-03-3.614861984e-03 8.317375905e-04 6.038866006e-03
 1.198642980e-02 1.863984019e-02 2.591334842e-02 3.377766162e-02 4.222436994e-02
 5.122981966e-02 6.077278033e-02 7.082919776e-02 8.137243241e-02 9.237240255e-02
 1.037946716e-01 1.155992523e-01 1.277393401e-01 1.401598155e-01 1.527958363e-01
 1.655714959e-01 1.783988774e-01 1.911780834e-01 2.037981451e-01 2.161397785e-01
 2.280795872e-01 2.394957691e-01 2.502745688e-01 2.603163421e-01 2.695403993e-01
 2.778875232e-01 2.853205502e-01 2.918224335e-01 2.973935306e-01 3.020480275e-01
 8.293463290e-02 8.264366537e-02 7.767849416e-02 7.153690606e-02 6.578782201e-02
 6.038703024e-02 5.529465526e-02 5.047038943e-02 4.587786645e-02 4.148654640e-02
 3.727208823e-02 3.321598843e-02 2.930502035e-02 2.553077973e-02 2.188955434e-02
 1.838289201e-02 1.497227047e-02 1.170839183e-02 8.642872795e-03 5.826942157e-03
 3.310612869e-03 1.142226974e-03-6.317748921e-04-1.966997283e-03-2.821235452e-03
-3.154680133e-03-2.930212999e-03-2.113802824e-03-6.750634639e-04 1.411716570e-03
 4.165812861e-03 7.598275784e-03 1.171140932e-02 1.649854146e-02 2.193101496e-02
 2.795605361e-02 3.458481282e-02 4.180750251e-02 4.961255565e-02 5.798920989e-02
 6.692471355e-02 7.640493661e-02 8.641370386e-02 9.693212807e-02 1.079376712e-01
 1.194028929e-01 1.312938035e-01 1.435678452e-01 1.561714113e-01 1.690370142e-01
 1.820801497e-01 1.951964945e-01 2.082598358e-01 2.211219668e-01 2.336158901e-01
 2.455632687e-01 2.567864060e-01 2.671230733e-01 2.764412165e-01 2.846506238e-01
 2.917089760e-01 2.976219356e-01 3.024370670e-01 3.062329888e-01 3.091059327e-01
 7.616714388e-02 7.575481385e-02 7.112269104e-02 6.532990932e-02 6.006521732e-02
 5.525298044e-02 5.081336200e-02 4.667877033e-02 4.279667884e-02 3.912831843e-02
 3.564622998e-02 3.233193606e-02 2.917409502e-02 2.616714500e-02 2.331038378e-02
 2.060725912e-02 1.806441322e-02 1.566519588e-02 1.345819701e-02 1.149208099e-02
 9.814002551e-03 8.469121531e-03 7.500384003e-03 6.948316004e-03 6.850685459e-03
 7.242002524e-03 8.152889088e-03 9.609540924e-03 1.163403504e-02 1.424381789e-02
 1.744677871e-02 2.123460546e-02 2.558693103e-02 3.051926941e-02 3.603307158e-02
 4.212306440e-02 4.878796265e-02 5.602553487e-02 6.383283436e-02 7.220651954e-02
 8.114262670e-02 9.063632786e-02 1.006815806e-01 1.112704426e-01 1.223921701e-01
 1.340317875e-01 1.461682618e-01 1.587716937e-01 1.717998683e-01 1.851934046e-01
 1.988697350e-01 2.127159238e-01 2.265807986e-01 2.402687371e-01 2.535383403e-01
 2.661117911e-01 2.776989639e-01 2.880333066e-01 2.969082594e-01 3.042032719e-01
 3.098954558e-01 3.140578270e-01 3.168455958e-01 3.184688687e-01 3.191555142e-01
 6.678742170e-02 6.613500416e-02 6.178060547e-02 5.664834753e-02 5.225141346e-02
 4.837682098e-02 4.487354308e-02 4.164664075e-02 3.863767534e-02 3.581112623e-02
 3.314614296e-02 3.063165769e-02 2.826346643e-02 2.604251914e-02 2.397395857e-02
 2.206670865e-02 2.033360302e-02 1.879240945e-02 1.743197441e-02 1.630151272e-02
 1.544451900e-02 1.490103174e-02 1.470838860e-02 1.490124036e-02 1.551106758e-02
 1.656516641e-02 1.808482036e-02 2.008191496e-02 2.256598324e-02 2.555669472e-02
 2.906650305e-02 3.310194239e-02 3.766669706e-02 4.276687652e-02 4.840755835e-02
 5.459276214e-02 6.132662296e-02 6.861343980e-02 7.645777613e-02 8.486458659e-02
 9.383929521e-02 1.033877656e-01 1.135161892e-01 1.242307276e-01 1.355369538e-01
 1.474388093e-01 1.599370092e-01 1.730265021e-01 1.866924614e-01 2.009043097e-01
 2.156067491e-01 2.307065129e-01 2.460534573e-01 2.614150941e-01 2.764486074e-01
 2.906879187e-01 3.035852313e-01 3.146229982e-01 3.234286308e-01 3.298198581e-01
 3.338030875e-01 3.355678320e-01 3.354796171e-01 3.340307474e-01 3.317240477e-01
 5.316608027e-02 5.174152553e-02 4.823047668e-02 4.495664686e-02 4.229754955e-02
 3.991128504e-02 3.768914565e-02 3.558811918e-02 3.359144554e-02 3.169487417e-02
 2.990084514e-02 2.821575850e-02 2.664861456e-02 2.521033399e-02 2.391348034e-02
 2.277216315e-02 2.180202492e-02 2.102008276e-02 2.044390887e-02 2.009921707e-02
 2.001457661e-02 2.021903545e-02 2.074091136e-02 2.160700783e-02 2.284200862e-02
 2.446793951e-02 2.650372498e-02 2.896521240e-02 3.186649829e-02 3.522136807e-02
 3.904189169e-02 4.333831370e-02 4.811974615e-02 5.339512229e-02 5.917328969e-02
 6.546327472e-02 7.227464020e-02 7.961780578e-02 8.750435710e-02 9.594735503e-02
 1.049616709e-01 1.145642921e-01 1.247746944e-01 1.356150508e-01 1.471105516e-01
 1.592893302e-01 1.721822023e-01 1.858217567e-01 2.002401352e-01 2.154649645e-01
 2.315118760e-01 2.483707815e-01 2.659816444e-01 2.841891944e-01 3.026499152e-01
 3.206293583e-01 3.367879093e-01 3.497964740e-01 3.590546250e-01 3.644099832e-01
 3.659218550e-01 3.638644814e-01 3.589070141e-01 3.523619175e-01 3.456111252e-01
 3.452122584e-02 3.088666126e-02 3.103923611e-02 3.155717999e-02 3.132050484e-02
 3.071184643e-02 2.990273386e-02 2.898672968e-02 2.802406996e-02 2.705829032e-02
 2.612343617e-02 2.524768934e-02 2.445540763e-02 2.376844361e-02 2.320706472e-02
 2.279065736e-02 2.253826149e-02 2.246903442e-02 2.260272205e-02 2.296051197e-02
 2.356452309e-02 2.443706803e-02 2.560002357e-02 2.707432583e-02 2.887958661e-02
 3.103385679e-02 3.355350718e-02 3.645335138e-02 3.974699602e-02 4.344719276e-02
 4.756594077e-02 5.211464316e-02 5.710447207e-02 6.254676729e-02 6.845337152e-02
 7.483698428e-02 8.171152323e-02 8.909250051e-02 9.699750692e-02 1.054466292e-01
 1.144630983e-01 1.240739748e-01 1.343109906e-01 1.452116519e-01 1.568205059e-01
 1.691907644e-01 1.823862344e-01 1.964834929e-01 2.115744054e-01 2.277683765e-01
 2.451937944e-01 2.639974952e-01 2.843411267e-01 3.063956499e-01 3.303503692e-01
 3.565402627e-01 3.799728155e-01 3.959882557e-01 4.057413042e-01 4.098356664e-01
 4.077552557e-01 3.999778330e-01 3.857364058e-01 3.696105480e-01 3.573188484e-01
 2.158244327e-02 1.723733917e-02 1.821980439e-02 2.018339373e-02 2.139151469e-02
 2.206309699e-02 2.237049490e-02 2.244056575e-02 2.236669138e-02 2.221915312e-02
 2.205226012e-02 2.190909907e-02 2.182478458e-02 2.182876691e-02 2.194649354e-02
 2.220063284e-02 2.261199430e-02 2.320019901e-02 2.398416772e-02 2.498246357e-02
 2.621332742e-02 2.769453824e-02 2.944322675e-02 3.147568554e-02 3.380723670e-02
 3.645218164e-02 3.942382708e-02 4.273458943e-02 4.639625177e-02 5.042018741e-02
 5.481762066e-02 5.959989130e-02 6.477878988e-02 7.036687434e-02 7.637782395e-02
 8.282677084e-02 8.973069489e-02 9.710881114e-02 1.049830541e-01 1.133786589e-01
 1.223249137e-01 1.318560988e-01 1.420127749e-01 1.528434008e-01 1.644066274e-01
 1.767742634e-01 1.900355220e-01 2.043026090e-01 2.197186649e-01 2.364687324e-01
 2.547944188e-01 2.750127912e-01 2.975372076e-01 3.228948414e-01 3.517369628e-01
 3.825523257e-01 4.060921371e-01 4.221652746e-01 4.311862588e-01 4.328539371e-01
 4.273847342e-01 4.137174785e-01 3.932280838e-01 3.755600452e-01 3.613240123e-01
 1.276887674e-02 8.069642819e-03 9.243160486e-03 1.159139723e-02 1.336407941e-02
 1.467761118e-02 1.564477943e-02 1.636819169e-02 1.693499647e-02 1.741655357e-02
 1.787033863e-02 1.834252290e-02 1.887053065e-02 1.948522963e-02 2.021268383e-02
 2.107549645e-02 2.209375985e-02 2.328574285e-02 2.466832288e-02 2.625727654e-02
 2.806740627e-02 3.011258692e-02 3.240577504e-02 3.495901823e-02 3.778347373e-02
 4.088951275e-02 4.428682849e-02 4.798465595e-02 5.199199542e-02 5.631792918e-02
 6.097191945e-02 6.596415490e-02 7.130586356e-02 7.700970024e-02 8.308999985e-02
 8.956315368e-02 9.644787014e-02 1.037655100e-01 1.115404963e-01 1.198008284e-01
 1.285787523e-01 1.379116923e-01 1.478435695e-01 1.584265232e-01 1.697233915e-01
 1.818111539e-01 1.947857141e-01 2.087690830e-01 2.239196897e-01 2.404484600e-01
 2.586443424e-01 2.789157629e-01 3.018577099e-01 3.283348382e-01 3.592599034e-01
 3.865686357e-01 4.071281850e-01 4.209731519e-01 4.279017448e-01 4.278776646e-01
 4.196937382e-01 4.026908875e-01 3.843161166e-01 3.689599037e-01 3.560374081e-01
 7.107536308e-03 2.166062128e-03 2.943746280e-03 5.247867201e-03 7.107445970e-03
 8.603748865e-03 9.832276963e-03 1.088183932e-02 1.182848960e-02 1.273413841e-02
 1.364789251e-02 1.460853126e-02 1.564709470e-02 1.678909548e-02 1.805618405e-02
 1.946727745e-02 2.103926241e-02 2.278738841e-02 2.472545020e-02 2.686589770e-02
 2.921987139e-02 3.179724514e-02 3.460670635e-02 3.765586019e-02 4.095135629e-02
 4.449910298e-02 4.830445722e-02 5.237254128e-02 5.670855194e-02 6.131814793e-02
 6.620785594e-02 7.138553262e-02 7.686075568e-02 8.264518529e-02 8.875286579e-02
 9.520047903e-02 1.020074412e-01 1.091960445e-01 1.167916283e-01 1.248227805e-01
 1.333216876e-01 1.423248053e-01 1.518736184e-01 1.620160043e-01 1.728079170e-01
 1.843157560e-01 1.966196895e-01 2.098181099e-01 2.240342200e-01 2.394254655e-01
 2.561986446e-01 2.746354640e-01 2.951446772e-01 3.184166551e-01 3.432547152e-01
 3.640907407e-01 3.800576925e-01 3.908703923e-01 3.964219093e-01 3.958775401e-01
 3.889445364e-01 3.763775826e-01 3.643340170e-01 3.533528745e-01 3.434704542e-01
 3.475687467e-03-1.802260173e-03-1.216443139e-03 7.455945015e-04 2.301340457e-03
 3.591363784e-03 4.735731520e-03 5.826464389e-03 6.928416435e-03 8.085277863e-03
 9.326366708e-03 1.067230385e-02 1.213906053e-02 1.374049205e-02 1.548964716e-02
 1.739922911e-02 1.948150434e-02 2.174799144e-02 2.420904301e-02 2.687352896e-02
 2.974866331e-02 3.283997625e-02 3.615142033e-02 3.968556225e-02 4.344384745e-02
 4.742686450e-02 5.163464323e-02 5.606701225e-02 6.072400883e-02 6.560641527e-02
 7.071632147e-02 7.605782896e-02 8.163762093e-02 8.746543527e-02 9.355442226e-02
 9.992112964e-02 1.065854803e-01 1.135704070e-01 1.209015623e-01 1.286070049e-01
 1.367170513e-01 1.452642381e-01 1.542836577e-01 1.638131738e-01 1.738940328e-01
 1.845714897e-01 1.958951503e-01 2.079191208e-01 2.207011729e-01 2.342993319e-01
 2.487634271e-01 2.641136348e-01 2.802881896e-01 2.970257103e-01 3.135221601e-01
 3.280782998e-01 3.397742212e-01 3.481482863e-01 3.529009521e-01 3.538754582e-01
 3.511932194e-01 3.460909128e-01 3.399193585e-01 3.333592713e-01 3.268162608e-01
 2.548239194e-03-3.075647401e-03-3.198455786e-03-2.152342582e-03-1.462326618e-03
-8.372586453e-04-1.092926614e-04 7.996033528e-04 1.913474291e-03 3.229797818e-03
 4.736525472e-03 6.421467289e-03 8.276781999e-03 1.030039880e-02 1.249556243e-02
 1.486934628e-02 1.743080281e-02 2.018917911e-02 2.315247618e-02 2.632651664e-02
 2.971450612e-02 3.331705555e-02 3.713250905e-02 4.115740955e-02 4.538695514e-02
 4.981537536e-02 5.443616956e-02 5.924242735e-02 6.422722340e-02 6.938432157e-02
 7.470912486e-02 8.019983023e-02 8.585853875e-02 9.169218689e-02 9.771288931e-02
 1.039378643e-01 1.103887483e-01 1.170905530e-01 1.240704954e-01 1.313568354e-01
 1.389780343e-01 1.469621062e-01 1.553362608e-01 1.641265452e-01 1.733574718e-01
 1.830511689e-01 1.932259202e-01 2.038934529e-01 2.150542587e-01 2.266893983e-01
 2.387470305e-01 2.511206567e-01 2.636166811e-01 2.759154737e-01 2.875536680e-01
 2.979883254e-01 3.067323565e-01 3.134387732e-01 3.179201186e-01 3.201643229e-01
 3.203625679e-01 3.188992739e-01 3.162417114e-01 3.128126860e-01 3.089405596e-01
 5.715194158e-03 1.480803476e-04-2.405124018e-03-3.924515564e-03-5.118712317e-03
-5.693901796e-03-5.589427892e-03-4.892595112e-03-3.719441593e-03-2.174769994e-03
-3.413142404e-04 1.722840825e-03 3.983157221e-03 6.424972322e-03 9.048231877e-03
 1.186178345e-02 1.487818547e-02 1.810957678e-02 2.156481519e-02 2.524789236e-02
 2.915755101e-02 3.328791261e-02 3.762971237e-02 4.217165709e-02 4.690141231e-02
 5.180599168e-02 5.687157810e-02 6.208321080e-02 6.742466986e-02 7.287922502e-02
 7.843136787e-02 8.406925946e-02 8.978735656e-02 9.558838606e-02 1.014842689e-01
 1.074956432e-01 1.136500910e-01 1.199793816e-01 1.265164912e-01 1.332930773e-01
 1.403376907e-01 1.476749182e-01 1.553249508e-01 1.633031070e-01 1.716194004e-01
 1.802773774e-01 1.892722696e-01 1.985881627e-01 2.081936747e-01 2.180359215e-01
 2.280326784e-01 2.380632311e-01 2.479599714e-01 2.575057745e-01 2.664437890e-01
 2.745040953e-01 2.814405560e-01 2.870655954e-01 2.912738323e-01 2.940544486e-01
 2.954912782e-01 2.957468629e-01 2.950305343e-01 2.935624421e-01 2.915456891e-01
 9.650187567e-03 3.857826814e-03-1.594647067e-03-6.867001299e-03-1.160463691e-02
-1.311918069e-02-1.313345321e-02-1.215629745e-02-1.050869469e-02-8.416095749e-03
-6.035076920e-03-3.462282708e-03-7.424190990e-04 2.119228011e-03 5.141828675e-03
 8.355476893e-03 1.179105975e-02 1.547351200e-02 1.941768080e-02 2.362641320e-02
 2.809089795e-02 3.279336542e-02 3.771133348e-02 4.282178357e-02 4.810363054e-02
 5.353776366e-02 5.910506099e-02 6.478338689e-02 7.054500282e-02 7.635630667e-02
 8.218126744e-02 8.798810095e-02 9.375625104e-02 9.948132932e-02 1.051771939e-01
 1.108751446e-01 1.166196987e-01 1.224611849e-01 1.284478307e-01 1.346203238e-01
 1.410099119e-01 1.476385593e-01 1.545199305e-01 1.616601795e-01 1.690579504e-01
 1.767040342e-01 1.845800132e-01 1.926564723e-01 2.008904517e-01 2.092224658e-01
 2.175734639e-01 2.258425206e-01 2.339064181e-01 2.416226864e-01 2.488374561e-01
 2.553979158e-01 2.611674964e-01 2.660408020e-01 2.699549794e-01 2.728956640e-01
 2.748965621e-01 2.760324776e-01 2.764072716e-01 2.761397064e-01 2.753504515e-01
 1.176949311e-02 5.221033469e-03-1.915514469e-03-1.001501549e-02-1.897134818e-02
-2.390502207e-02-2.392992377e-02-2.154281922e-02-1.860670745e-02-1.539478078e-02
-1.212119497e-02-8.893452585e-03-5.712265614e-03-2.511466853e-03 7.988111465e-04
 4.305202980e-03 8.078983054e-03 1.217103936e-02 1.660838164e-02 2.139087953e-02
 2.649095841e-02 3.186084703e-02 3.744741157e-02 4.320657253e-02 4.910936952e-02
 5.513925105e-02 6.128432974e-02 6.752684712e-02 7.383088022e-02 8.013282716e-02
 8.634760976e-02 9.239514917e-02 9.822345525e-02 1.038150415e-01 1.091882139e-01
 1.144003645e-01 1.195438728e-01 1.247213259e-01 1.300156564e-01 1.354804486e-01
 1.411458701e-01 1.470263451e-01 1.531257629e-01 1.594399512e-01 1.659578830e-01
 1.726614237e-01 1.795248985e-01 1.865139604e-01 1.935844570e-01 2.006813288e-01
 2.077378631e-01 2.146757543e-01 2.214064896e-01 2.278342545e-01 2.338609546e-01
 2.393925786e-01 2.443464845e-01 2.486582100e-01 2.522868812e-01 2.552180588e-01
 2.574637532e-01 2.590595782e-01 2.600596547e-01 2.605303228e-01 2.605437636e-01
 1.441491302e-02 7.694395725e-03 1.091360682e-04-8.792737499e-03-1.936580427e-02
-2.730596066e-02-3.136074543e-02-3.136740997e-02-2.730650268e-02-2.213340253e-02
-1.760627329e-02-1.380869281e-02-1.047348045e-02-7.286802400e-03-4.001616966e-03
-4.465958336e-04 3.498225007e-03 7.918450981e-03 1.286690775e-02 1.834811457e-02
 2.429076470e-02 3.054845333e-02 3.697252646e-02 4.348029941e-02 5.005281419e-02
 5.670735985e-02 6.347637624e-02 7.039191574e-02 7.746259123e-02 8.459864557e-02
 9.150847793e-02 9.796367586e-02 1.038937122e-01 1.092756614e-01 1.141098514e-01
 1.184576452e-01 1.225762963e-01 1.267914176e-01 1.312210858e-01 1.358886808e-01
 1.407921463e-01 1.459209621e-01 1.512607783e-01 1.567942500e-01 1.625007540e-01
 1.683556139e-01 1.743293405e-01 1.803867221e-01 1.864864379e-01 1.925805658e-01
 1.986147463e-01 2.045288086e-01 2.102580965e-01 2.157357782e-01 2.208956480e-01
 2.256757468e-01 2.300219834e-01 2.338916659e-01 2.372560203e-01 2.401017994e-01
 2.424313575e-01 2.442614436e-01 2.456209064e-01 2.465477139e-01 2.470855564e-01
 1.837482117e-02 1.225841884e-02 5.517386831e-03-1.958640758e-03-1.016928162e-02
-1.891009137e-02-2.659127116e-02-3.042059951e-02-2.995607071e-02-2.483309060e-02
-1.985570788e-02-1.678990573e-02-1.459359005e-02-1.227338426e-02-9.564562701e-03
-6.340919528e-03-2.497734269e-03 2.075653756e-03 7.506631315e-03 1.393442973e-02
 2.140777744e-02 2.920520678e-02 3.671878949e-02 4.399311543e-02 5.114386603e-02
 5.828921497e-02 6.554777920e-02 7.304968685e-02 8.096027374e-02 8.950094134e-02
 9.742833674e-02 1.043530852e-01 1.104139537e-01 1.155424565e-01 1.197046489e-01
 1.227554455e-01 1.251660883e-01 1.282460690e-01 1.317918003e-01 1.356935501e-01
 1.398847550e-01 1.443207264e-01 1.489679515e-01 1.537979394e-01 1.587834060e-01
 1.638959795e-01 1.691048890e-01 1.743762046e-01 1.796724647e-01 1.849526465e-01
 1.901724339e-01 1.952849030e-01 2.002415061e-01 2.049935758e-01 2.094940692e-01
 2.136995643e-01 2.175722569e-01 2.210818082e-01 2.242066711e-01 2.269349694e-01
 2.292646170e-01 2.312028110e-01 2.327648103e-01 2.339725643e-01 2.348528057e-01
 2.342332527e-02 1.834792644e-02 1.289864630e-02 7.072310429e-03 9.488505311e-04
-5.302741192e-03-1.143958606e-02-1.716953516e-02-2.033634111e-02-1.805264316e-02
-1.532743871e-02-1.463142689e-02-1.471252460e-02-1.369683165e-02-1.182058919e-02
-9.146031924e-03-5.629237741e-03-1.170332194e-03 4.402245861e-03 1.141272113e-02
 2.045946382e-02 2.967122570e-02 3.782021999e-02 4.539936036e-02 5.270178244e-02
 5.992782861e-02 6.724327803e-02 7.481480390e-02 8.284042776e-02 9.152901173e-02
 9.958483279e-02 1.065390185e-01 1.125140935e-01 1.174681261e-01 1.213246956e-01
 1.239094362e-01 1.257920861e-01 1.283309907e-01 1.313437968e-01 1.347047836e-01
 1.383390725e-01 1.422008425e-01 1.462579817e-01 1.504833102e-01 1.548501402e-01
 1.593306214e-01 1.638950855e-01 1.685119420e-01 1.731477529e-01 1.777673066e-01
 1.823340058e-01 1.868104190e-01 1.911589354e-01 1.953426749e-01 1.993266344e-01
 2.030788064e-01 2.065712363e-01 2.097811103e-01 2.126915157e-01 2.152918577e-01
 2.175780386e-01 2.195521593e-01 2.212219536e-01 2.225999981e-01 2.237026691e-01
 0.212516546E+01 0.215350604E+01 0.217045021E+01 0.218833065E+01 0.220603442E+01
 0.222745776E+01 0.224306035E+01 0.225883794E+01 0.227447104E+01 0.228944612E+01
 0.230420756E+01 0.231836295E+01 0.233307362E+01 0.234733152E+01 0.236119986E+01
 0.237549663E+01 0.238990712E+01 0.240420985E+01 0.241845608E+01 0.243326354E+01
 0.244848180E+01 0.246356010E+01 0.247917390E+01 0.249527860E+01 0.251212716E+01
 0.252911353E+01 0.254684687E+01 0.256530976E+01 0.258480334E+01 0.260478282E+01
 0.262563062E+01 0.264759803E+01 0.267071605E+01 0.269493389E+01 0.272024059E+01
 0.274692249E+01 0.277520847E+01 0.280516958E+01 0.283671689E+01 0.287004995E+01
 0.290547156E+01 0.294320416E+01 0.298341346E+01 0.302623820E+01 0.307191277E+01
 0.312094951E+01 0.317361927E+01 0.323030543E+01 0.329150319E+01 0.335788918E+01
 0.342993689E+01 0.350879025E+01 0.359512782E+01 0.369068909E+01 0.379645705E+01
 0.391572499E+01 0.404987478E+01 0.420510054E+01 0.438483620E+01 0.460019302E+01
 0.486514759E+01 0.520964670E+01 0.569730711E+01 0.651779366E+01 0.152947502E+02
   89   86
 0.106840503E+01-0.100000001E+00 0.106643629E+01 0.000000000E+00 0.107060027E+01
 0.100000001E+00 0.107906246E+01 0.185053632E+00 0.108781815E+01 0.250000000E+00
 0.110549223E+01 0.348770946E+00 0.111555481E+01 0.400000006E+00 0.113218749E+01
 0.477465361E+00 0.114870882E+01 0.550000012E+00 0.116070271E+01 0.600000024E+00
 0.118531251E+01 0.695962548E+00 0.120059168E+01 0.750000000E+00 0.121578097E+01
 0.800000012E+00 0.123843753E+01 0.865698814E+00 0.126499999E+01 0.922406793E+00
 0.129156256E+01 0.956485629E+00 0.134468746E+01 0.986601770E+00 0.139781249E+01
 0.989305079E+00 0.145093751E+01 0.981168866E+00 0.150406253E+01 0.965919733E+00
 0.154392016E+01 0.949999988E+00 0.158375001E+01 0.934057057E+00 0.163687503E+01
 0.907027841E+00 0.166343749E+01 0.892094851E+00 0.171656251E+01 0.859201074E+00
 0.174312496E+01 0.841021836E+00 0.179571187E+01 0.801802993E+00 0.182281256E+01
 0.780577064E+00 0.185795927E+01 0.750000000E+00 0.190250003E+01 0.709625185E+00
 0.192906249E+01 0.683519840E+00 0.196079445E+01 0.649994135E+00 0.200466800E+01
 0.600000024E+00 0.203531241E+01 0.561931789E+00 0.206187510E+01 0.525662661E+00
 0.208843756E+01 0.485959768E+00 0.211500001E+01 0.442290455E+00 0.214156246E+01
 0.393928856E+00 0.216812491E+01 0.339858085E+00 0.219468760E+01 0.278344154E+00
 0.222125006E+01 0.205770373E+00 0.223765731E+01 0.150000006E+00 0.224885654E+01
 0.997458696E-01 0.226010895E+01 0.000000000E+00 0.225552034E+01-0.100000001E+00
 0.224751139E+01-0.150000006E+00 0.222304606E+01-0.250000000E+00 0.220701885E+01
-0.300000012E+00 0.218883324E+01-0.349999994E+00 0.216798425E+01-0.401649177E+00
 0.214156246E+01-0.459653676E+00 0.211500001E+01-0.511169791E+00 0.208843756E+01
-0.557162106E+00 0.206092429E+01-0.600000024E+00 0.202570915E+01-0.649999976E+00
 0.198701358E+01-0.699999988E+00 0.195562506E+01-0.737760305E+00 0.192906249E+01
-0.768051326E+00 0.189902544E+01-0.800000012E+00 0.185058820E+01-0.849437296E+00
 0.182281256E+01-0.876700401E+00 0.179556704E+01-0.901060462E+00 0.174312496E+01
-0.945960224E+00 0.171656251E+01-0.967610955E+00 0.167125785E+01-0.100000000E+01
 0.163687503E+01-0.102439654E+01 0.159344792E+01-0.104999995E+01 0.155718756E+01
-0.107173789E+01 0.150406253E+01-0.109762645E+01 0.147749996E+01-0.111031318E+01
 0.142437506E+01-0.113255715E+01 0.137185943E+01-0.114941263E+01 0.134468746E+01
-0.115803981E+01 0.129156256E+01-0.117106080E+01 0.123843753E+01-0.117693222E+01
 0.118035233E+01-0.116829836E+01 0.118202853E+01-0.110000002E+01 0.118205559E+01
-0.100000000E+01 0.117603958E+01-0.899999976E+00 0.116525555E+01-0.800000012E+00
 0.115857577E+01-0.749299407E+00 0.114330530E+01-0.649999976E+00 0.113218749E+01
-0.581758678E+00 0.111871099E+01-0.500000000E+00 0.110562503E+01-0.418989658E+00
 0.109475064E+01-0.349999994E+00 0.108116782E+01-0.250000000E+00 0.107585001E+01
-0.200000003E+00 0.106840503E+01-0.100000001E+00
 0.101600003E+01 0.000000000E+00 0.101600003E+01 0.963999987E+00 0.101600003E+01
 0.967999995E+00 0.101600003E+01 0.100100005E+01 0.101600003E+01 0.101900005E+01
 0.101600003E+01 0.107700002E+01 0.101600003E+01 0.107000005E+01 0.101600003E+01
 0.109599996E+01 0.101600003E+01 0.111300004E+01 0.101600003E+01 0.113800001E+01
 0.101600003E+01 0.114699996E+01 0.101199996E+01 0.116499996E+01 0.100100005E+01
 0.121700001E+01 0.102900004E+01 0.121700001E+01 0.104200006E+01 0.116240001E+01
 0.104600000E+01 0.116237998E+01 0.105599999E+01 0.116260004E+01 0.109700000E+01
 0.116450000E+01 0.110800004E+01 0.116594005E+01 0.111600006E+01 0.116591001E+01
 0.113399994E+01 0.116895998E+01 0.114800000E+01 0.117174995E+01 0.116199994E+01
 0.117556000E+01 0.118099999E+01 0.118299997E+01 0.118200004E+01 0.118350005E+01
 0.118499994E+01 0.118499994E+01 0.119000006E+01 0.118799996E+01 0.119500005E+01
 0.119099998E+01 0.120099998E+01 0.119599998E+01 0.120899999E+01 0.120200002E+01
 0.121500003E+01 0.120799994E+01 0.122200000E+01 0.121399999E+01 0.122800004E+01
 0.122099996E+01 0.123399997E+01 0.123099995E+01 0.123899996E+01 0.123800004E+01
 0.124199998E+01 0.124399996E+01 0.124800003E+01 0.125399995E+01 0.125800002E+01
 0.127800000E+01 0.126300001E+01 0.128999996E+01 0.127999997E+01 0.133099997E+01
 0.127999997E+01 0.134700000E+01 0.127999997E+01 0.134800005E+01 0.130999994E+01
 0.134800005E+01 0.132799995E+01 0.134800005E+01 0.136099994E+01 0.134800005E+01
 0.138000000E+01 0.134800005E+01 0.141900003E+01 0.134800005E+01 0.141900003E+01
 0.130999994E+01 0.137199998E+01 0.130999994E+01 0.137199998E+01 0.129200006E+01
 0.160800004E+01 0.109500003E+01 0.164699996E+01 0.107700002E+01 0.178499997E+01
 0.107700002E+01 0.206999993E+01 0.103999996E+01 0.212800002E+01 0.992999971E+00
 0.224499989E+01 0.708999991E+00 0.232299995E+01 0.518999994E+00 0.237700009E+01
 0.388999999E+00 0.236249995E+01 0.400000006E+00 0.236443496E+01 0.222000003E+00
 0.236496902E+01 0.133000001E+00 0.236532402E+01 0.439999998E-01 0.236512089E+01
-0.439999998E-01 0.236484194E+01-0.133000001E+00 0.236433411E+01-0.222000003E+00
 0.236249995E+01-0.400000006E+00 0.237700009E+01-0.388999999E+00 0.213400006E+01
-0.972999990E+00 0.178600001E+01-0.117400002E+01 0.176800001E+01-0.121099997E+01
 0.176800001E+01-0.125000000E+01 0.168200004E+01-0.125000000E+01 0.137199998E+01
-0.125000000E+01 0.137199998E+01-0.132900000E+01 0.141999996E+01-0.132900000E+01
 0.141999996E+01-0.136300004E+01 0.127300000E+01-0.136300004E+01 0.115300000E+01
-0.136300004E+01 0.101600003E+01-0.122300005E+01 0.101600003E+01-0.122300005E+01
 0.101600003E+01-0.829999983E+00 0.101600003E+01-0.800000012E+00 0.101600003E+01
-0.414999992E+00 0.101600003E+01-0.400000006E+00 0.101600003E+01-0.100000005E-02
 0.101600003E+01 0.000000000E+00
    0 0.169550002E+01    0
 0.000000000E+00 0.104588240E+00 0.148436770E+00 0.182287619E+00 0.210984200E+00
 0.235167041E+00 0.258346528E+00 0.279865623E+00 0.299889147E+00 0.318819404E+00
 0.336832196E+00 0.354000598E+00 0.370458752E+00 0.386392087E+00 0.401719034E+00
 0.416564882E+00 0.431040198E+00 0.445103616E+00 0.458792597E+00 0.472189903E+00
 0.485320359E+00 0.498133034E+00 0.510722339E+00 0.523109257E+00 0.535282016E+00
 0.547255337E+00 0.559022725E+00 0.570677578E+00 0.582198977E+00 0.593541265E+00
 0.604753375E+00 0.615859330E+00 0.626881361E+00 0.637819171E+00 0.648650169E+00
 0.659380019E+00 0.670078456E+00 0.680720448E+00 0.691307247E+00 0.701848090E+00
 0.712364197E+00 0.722858727E+00 0.733337760E+00 0.743822753E+00 0.754294693E+00
 0.764799058E+00 0.775324106E+00 0.785892308E+00 0.796509862E+00 0.807194054E+00
 0.817944229E+00 0.828811407E+00 0.839771509E+00 0.850888789E+00 0.862135649E+00
 0.873608291E+00 0.885244727E+00 0.897210121E+00 0.909443021E+00 0.922097862E+00
 0.935218573E+00 0.949008763E+00 0.963684082E+00 0.979730070E+00 0.100000000E+01
    0
