  EFITD    06/25/2013    #1553403000.0ms  EFIT01   0  65  65
 0.170000005E+01 0.320000005E+01 0.169550002E+01 0.839999974E+00 0.000000000E+00
 0.179986346E+01-0.411472134E-01-0.157896370E+00 0.248047356E-01 0.165634215E+01
 0.102149194E+07-0.157896370E+00 0.000000000E+00 0.179986346E+01 0.000000000E+00
-0.411472134E-01 0.000000000E+00 0.248047356E-01 0.000000000E+00 0.000000000E+00
 0.276930499E+01 0.277157879E+01 0.277375960E+01 0.277584934E+01 0.277784967E+01
 0.277976346E+01 0.278159213E+01 0.278333807E+01 0.278500319E+01 0.278658938E+01
 0.278809881E+01 0.278953314E+01 0.279089475E+01 0.279218578E+01 0.279340744E+01
 0.279456210E+01 0.279565167E+01 0.279667830E+01 0.279764366E+01 0.279854965E+01
 0.279939818E+01 0.280019140E+01 0.280093098E+01 0.280161881E+01 0.280225682E+01
 0.280284715E+01 0.280339098E+01 0.280389118E+01 0.280434871E+01 0.280476618E+01
 0.280514479E+01 0.280548692E+01 0.280579400E+01 0.280606842E+01 0.280631161E+01
 0.280652547E+01 0.280671215E+01 0.280687332E+01 0.280701065E+01 0.280712605E+01
 0.280722165E+01 0.280729890E+01 0.280736017E+01 0.280740690E+01 0.280744100E+01
 0.280746436E+01 0.280747890E+01 0.280748653E+01 0.280748868E+01 0.280748773E+01
 0.280748510E+01 0.280748320E+01 0.280748320E+01 0.280748725E+01 0.280749702E+01
 0.280751491E+01 0.280754232E+01 0.280758095E+01 0.280763316E+01 0.280770040E+01
 0.280778456E+01 0.280788755E+01 0.280801129E+01 0.280815768E+01 0.280832815E+01
 0.960776094E+05 0.933362891E+05 0.906343438E+05 0.879717578E+05 0.853485469E+05
 0.827646953E+05 0.802202188E+05 0.777151094E+05 0.752493750E+05 0.728230000E+05
 0.704360000E+05 0.680883594E+05 0.657800938E+05 0.635111953E+05 0.612816680E+05
 0.590915078E+05 0.569407148E+05 0.548292891E+05 0.527572344E+05 0.507245469E+05
 0.487312305E+05 0.467772812E+05 0.448626992E+05 0.429874844E+05 0.411516406E+05
 0.393551641E+05 0.375980586E+05 0.358803203E+05 0.342019453E+05 0.325629453E+05
 0.309633105E+05 0.294030469E+05 0.278821484E+05 0.264006211E+05 0.249584609E+05
 0.235556680E+05 0.221922461E+05 0.208681914E+05 0.195835059E+05 0.183381875E+05
 0.171322383E+05 0.159656582E+05 0.148384453E+05 0.137506025E+05 0.127021270E+05
 0.116930195E+05 0.107232812E+05 0.979291211E+04 0.890191016E+04 0.805027734E+04
 0.723801318E+04 0.646511719E+04 0.573158984E+04 0.503743066E+04 0.438263965E+04
 0.376721777E+04 0.319116431E+04 0.265447900E+04 0.215716235E+04 0.169921411E+04
 0.128063440E+04 0.901423096E+03 0.561580261E+03 0.261105896E+03 0.000000000E+00
 0.225306797E+01 0.216338253E+01 0.207551622E+01 0.198946905E+01 0.190524077E+01
 0.182283175E+01 0.174224162E+01 0.166347051E+01 0.158651853E+01 0.151138556E+01
 0.143807161E+01 0.136657667E+01 0.129690087E+01 0.122904408E+01 0.116300619E+01
 0.109878755E+01 0.103638780E+01 0.975807071E+00 0.917045474E+00 0.860102892E+00
 0.804979324E+00 0.751674831E+00 0.700189412E+00 0.650522947E+00 0.602675557E+00
 0.556647182E+00 0.512437880E+00 0.470047623E+00 0.429476380E+00 0.390724212E+00
 0.353791058E+00 0.318676919E+00 0.285381854E+00 0.253905833E+00 0.224248827E+00
 0.196410879E+00 0.170391962E+00 0.146192074E+00 0.123811245E+00 0.103249446E+00
 0.845066831E-01 0.675829649E-01 0.524782836E-01 0.391926430E-01 0.277260430E-01
 0.180784799E-01 0.102499593E-01 0.424047559E-02 0.500343740E-04-0.232136808E-02
-0.287373364E-02-0.160705671E-02 0.147866085E-02 0.638341345E-02 0.131072067E-01
 0.216500424E-01 0.320119150E-01 0.441928282E-01 0.581927821E-01 0.740117729E-01
 0.916498005E-01 0.111106873E+00 0.132382989E+00 0.155478135E+00 0.180392325E+00
-0.967430875E+06-0.953634625E+06-0.939838250E+06-0.926041938E+06-0.912245625E+06
-0.898449312E+06-0.884653000E+06-0.870856625E+06-0.857060312E+06-0.843264000E+06
-0.829467688E+06-0.815671312E+06-0.801875000E+06-0.788078625E+06-0.774282375E+06
-0.760486062E+06-0.746689688E+06-0.732893375E+06-0.719097062E+06-0.705300750E+06
-0.691504375E+06-0.677708062E+06-0.663911750E+06-0.650115438E+06-0.636319062E+06
-0.622522750E+06-0.608726438E+06-0.594930125E+06-0.581133750E+06-0.567337438E+06
-0.553541125E+06-0.539744812E+06-0.525948500E+06-0.512152125E+06-0.498355812E+06
-0.484559469E+06-0.470763156E+06-0.456966812E+06-0.443170500E+06-0.429374188E+06
-0.415577875E+06-0.401781531E+06-0.387985219E+06-0.374188875E+06-0.360392562E+06
-0.346596219E+06-0.332799875E+06-0.319003562E+06-0.305207219E+06-0.291410906E+06
-0.277614562E+06-0.263818250E+06-0.250021922E+06-0.236225594E+06-0.222429281E+06
-0.208632938E+06-0.194836625E+06-0.181040297E+06-0.167243969E+06-0.153447641E+06
-0.139651312E+06-0.125854984E+06-0.112058664E+06-0.982623359E+05-0.844660000E+05
 5.953370035e-02 5.824396759e-02 5.698620528e-02 5.568972602e-02 5.428146943e-02
 5.267065018e-02 5.072817951e-02 4.827051610e-02 4.434897006e-02 3.787953407e-02
 3.010751121e-02 2.086506598e-02 1.152545679e-02 5.021992605e-03 7.102873060e-04
-1.686170930e-03-2.239575377e-03-8.981131250e-04 2.551462036e-03 8.586237207e-03
 1.814288273e-02 2.820832282e-02 3.649038076e-02 4.377356172e-02 5.049646273e-02
 5.692868307e-02 6.326217204e-02 6.965825707e-02 7.627973706e-02 8.329714835e-02
 8.989512920e-02 9.581451118e-02 1.011520252e-01 1.058565453e-01 1.098930016e-01
 1.131610125e-01 1.159830987e-01 1.192338914e-01 1.227877885e-01 1.265736669e-01
 1.305537224e-01 1.347073615e-01 1.390201747e-01 1.434775889e-01 1.480620801e-01
 1.527524441e-01 1.575239152e-01 1.623485386e-01 1.671954840e-01 1.720313430e-01
 1.768206656e-01 1.815264672e-01 1.861109287e-01 1.905364841e-01 1.947668344e-01
 1.987680942e-01 2.025101483e-01 2.059677243e-01 2.091212571e-01 2.119575739e-01
 2.144701481e-01 2.166589797e-01 2.185301334e-01 2.200949639e-01 2.213691920e-01
 5.603738874e-02 5.473092943e-02 5.369564146e-02 5.292049423e-02 5.234660208e-02
 5.184029788e-02 5.074168742e-02 4.811634868e-02 4.367335513e-02 3.722101077e-02
 3.021914139e-02 2.305900119e-02 1.638926566e-02 1.125267521e-02 7.732452359e-03
 5.789245944e-03 5.419786554e-03 6.676482502e-03 9.668501094e-03 1.454162598e-02
 2.130212262e-02 2.875078097e-02 3.580132127e-02 4.245033115e-02 4.882946983e-02
 5.507287011e-02 6.130545586e-02 6.765107810e-02 7.424954325e-02 8.125162125e-02
 8.787336946e-02 9.384831041e-02 9.926578403e-02 1.041105986e-01 1.083438843e-01
 1.118634492e-01 1.150235832e-01 1.186563373e-01 1.226442009e-01 1.269130707e-01
 1.314185709e-01 1.361317784e-01 1.410311311e-01 1.460972577e-01 1.513099670e-01
 1.566464305e-01 1.620802879e-01 1.675810516e-01 1.731139272e-01 1.786398292e-01
 1.841157079e-01 1.894951463e-01 1.947293878e-01 1.997686774e-01 2.045641243e-01
 2.090696096e-01 2.132440209e-01 2.170532048e-01 2.204715610e-01 2.234832644e-01
 2.260825932e-01 2.282736450e-01 2.300694287e-01 2.314903736e-01 2.325626016e-01
 5.143363029e-02 5.011383444e-02 4.933847860e-02 4.922729358e-02 4.977685958e-02
 4.947659373e-02 4.791196808e-02 4.495557770e-02 4.051296413e-02 3.563425690e-02
 3.085849062e-02 2.637518942e-02 2.240630984e-02 1.920248754e-02 1.695218869e-02
 1.576718874e-02 1.571190543e-02 1.682188734e-02 1.909906790e-02 2.248098701e-02
 2.679201029e-02 3.174035996e-02 3.703245893e-02 4.248488322e-02 4.802307859e-02
 5.363688618e-02 5.934726819e-02 6.518685073e-02 7.118350267e-02 7.730391622e-02
 8.329116553e-02 8.897607028e-02 9.433387220e-02 9.935692698e-02 1.040405929e-01
 1.084057093e-01 1.126590520e-01 1.170889586e-01 1.217536479e-01 1.266550124e-01
 1.317854077e-01 1.371345520e-01 1.426904202e-01 1.484388560e-01 1.543625295e-01
 1.604399383e-01 1.666445583e-01 1.729439199e-01 1.792991012e-01 1.856641769e-01
 1.919862926e-01 1.982060671e-01 2.042586803e-01 2.100759596e-01 2.155891210e-01
 2.207321823e-01 2.254459262e-01 2.296815366e-01 2.334037721e-01 2.365929931e-01
 2.392458320e-01 2.413744181e-01 2.430044413e-01 2.441721410e-01 2.449209988e-01
 4.504847899e-02 4.346149042e-02 4.268127680e-02 4.277304187e-02 4.349011183e-02
 4.306566715e-02 4.119498283e-02 3.862671182e-02 3.586903214e-02 3.302042186e-02
 3.020806238e-02 2.757504396e-02 2.527058125e-02 2.343876474e-02 2.220432833e-02
 2.166291699e-02 2.187815681e-02 2.288089693e-02 2.466641180e-02 2.718983591e-02
 3.036553785e-02 3.407849371e-02 3.820826486e-02 4.265300557e-02 4.734059423e-02
 5.222625658e-02 5.728311837e-02 6.249025837e-02 6.781937182e-02 7.322292775e-02
 7.863605022e-02 8.399906754e-02 8.927581459e-02 9.445549548e-02 9.955210239e-02
 1.046084315e-01 1.096957922e-01 1.148931906e-01 1.202610433e-01 1.258355230e-01
 1.316354573e-01 1.376687586e-01 1.439360529e-01 1.504320055e-01 1.571456790e-01
 1.640600264e-01 1.711509824e-01 1.783863306e-01 1.857243031e-01 1.931124181e-01
 2.004863173e-01 2.077695429e-01 2.148742825e-01 2.217037678e-01 2.281566560e-01
 2.341331840e-01 2.395424545e-01 2.443099022e-01 2.483835965e-01 2.517382801e-01
 2.543765306e-01 2.563267648e-01 2.576387525e-01 2.583773136e-01 2.586157918e-01
 3.596636653e-02 3.369127214e-02 3.286998346e-02 3.319356963e-02 3.390795738e-02
 3.382010385e-02 3.330875188e-02 3.245018795e-02 3.132869676e-02 3.004018404e-02
 2.869064733e-02 2.739188820e-02 2.625595592e-02 2.538893931e-02 2.488489822e-02
 2.482082509e-02 2.525316365e-02 2.621570043e-02 2.771856636e-02 2.974863723e-02
 3.227234632e-02 3.524152935e-02 3.860154375e-02 4.229920357e-02 4.628811032e-02
 5.053023249e-02 5.499437079e-02 5.965280533e-02 6.447788328e-02 6.944027543e-02
 7.451055944e-02 7.966369390e-02 8.488395810e-02 9.016811848e-02 9.552669525e-02
 1.009833515e-01 1.065716892e-01 1.123294309e-01 1.182921082e-01 1.244890690e-01
 1.309423298e-01 1.376669556e-01 1.446718276e-01 1.519600302e-01 1.595287174e-01
 1.673683673e-01 1.754614413e-01 1.837804765e-01 1.922854930e-01 2.009209692e-01
 2.096125931e-01 2.182642221e-01 2.267565578e-01 2.349486351e-01 2.426839322e-01
 2.498015910e-01 2.561515570e-01 2.616106868e-01 2.660961747e-01 2.695740163e-01
 2.720613182e-01 2.736212313e-01 2.743520737e-01 2.743729651e-01 2.738096118e-01
 2.192766219e-02 1.740500890e-02 1.896284148e-02 2.187125757e-02 2.404104918e-02
 2.559771761e-02 2.659669332e-02 2.712466381e-02 2.727931365e-02 2.716169879e-02
 2.687366679e-02 2.651575394e-02 2.618465200e-02 2.597032674e-02 2.595313266e-02
 2.620129287e-02 2.676893026e-02 2.769493684e-02 2.900265530e-02 3.070064448e-02
 3.278452531e-02 3.523987904e-02 3.804577887e-02 4.117825627e-02 4.461302981e-02
 4.832714051e-02 5.229941756e-02 5.651033297e-02 6.094164401e-02 6.557653844e-02
 7.040046155e-02 7.540265471e-02 8.057779074e-02 8.592724800e-02 9.145962447e-02
 9.719023854e-02 1.031397432e-01 1.093319580e-01 1.157915890e-01 1.225422919e-01
 1.296054870e-01 1.369996965e-01 1.447401792e-01 1.528386921e-01 1.613028049e-01
 1.701349169e-01 1.793305576e-01 1.888756454e-01 1.987425536e-01 2.088845521e-01
 2.192282528e-01 2.296643257e-01 2.400380373e-01 2.501430511e-01 2.597257495e-01
 2.685063481e-01 2.762146890e-01 2.826293707e-01 2.876067460e-01 2.910982966e-01
 2.931557894e-01 2.939211130e-01 2.935986221e-01 2.924167216e-01 2.905948162e-01
 1.113881730e-02 5.283685401e-03 7.889574394e-03 1.284282375e-02 1.663581468e-02
 1.950265095e-02 2.162670344e-02 2.314865217e-02 2.418958209e-02 2.486035787e-02
 2.526485734e-02 2.550074458e-02 2.565901354e-02 2.582305297e-02 2.606759220e-02
 2.645773813e-02 2.704819478e-02 2.788278274e-02 2.899443358e-02 3.040569648e-02
 3.212976456e-02 3.417199105e-02 3.653166071e-02 3.920384869e-02 4.218102619e-02
 4.545429721e-02 4.901429638e-02 5.285179988e-02 5.695822462e-02 6.132617593e-02
 6.595011801e-02 7.082714885e-02 7.595774531e-02 8.134635538e-02 8.700162172e-02
 9.293628484e-02 9.916660935e-02 1.057116389e-01 1.125923023e-01 1.198305711e-01
 1.274489164e-01 1.354698539e-01 1.439157426e-01 1.528085321e-01 1.621694267e-01
 1.720183194e-01 1.823724359e-01 1.932441592e-01 2.046369612e-01 2.165386379e-01
 2.289098054e-01 2.416648865e-01 2.546427846e-01 2.675669491e-01 2.800107896e-01
 2.914241552e-01 3.012611568e-01 3.091016412e-01 3.146880269e-01 3.179366589e-01
 3.189647496e-01 3.181067109e-01 3.158367872e-01 3.126224577e-01 3.088407516e-01
 6.078849547e-03-2.684817300e-04 2.792673185e-03 8.285300806e-03 1.271434221e-02
 1.621876471e-02 1.892916486e-02 2.097314596e-02 2.247074991e-02 2.353357896e-02
 2.426497079e-02 2.476080321e-02 2.510894276e-02 2.538911067e-02 2.567290515e-02
 2.602418512e-02 2.649890818e-02 2.714495547e-02 2.800212055e-02 2.910234034e-02
 3.047019616e-02 3.212365881e-02 3.407507390e-02 3.633247688e-02 3.890060261e-02
 4.178167880e-02 4.497625679e-02 4.848396778e-02 5.230419338e-02 5.643669516e-02
 6.088217348e-02 6.564286351e-02 7.072306424e-02 7.612952590e-02 8.187174797e-02
 8.796204627e-02 9.441553056e-02 1.012499407e-01 1.084854528e-01 1.161445677e-01
 1.242520735e-01 1.328351796e-01 1.419237703e-01 1.515509486e-01 1.617534310e-01
 1.725723445e-01 1.840536892e-01 1.962486356e-01 2.092132419e-01 2.230062187e-01
 2.376830280e-01 2.532806695e-01 2.697800994e-01 2.870178223e-01 3.044773042e-01
 3.205879331e-01 3.339695334e-01 3.440574408e-01 3.504908681e-01 3.530467153e-01
 3.516864181e-01 3.471610546e-01 3.411605656e-01 3.345561326e-01 3.278508186e-01
 6.052232347e-03-3.760518739e-04 2.474322915e-03 7.971663028e-03 1.245959103e-02
 1.602980867e-02 1.879491284e-02 2.087489329e-02 2.238706127e-02 2.344073914e-02
 2.413422242e-02 2.456223220e-02 2.480879985e-02 2.494884282e-02 2.504858561e-02
 2.517031319e-02 2.537107654e-02 2.570207417e-02 2.620836906e-02 2.692880668e-02
 2.789604105e-02 2.913657017e-02 3.067062236e-02 3.251544386e-02 3.468482941e-02
 3.718927503e-02 4.003652185e-02 4.323270172e-02 4.678311944e-02 5.069265142e-02
 5.496622995e-02 5.960944295e-02 6.462902576e-02 7.003323734e-02 7.583222538e-02
 8.203832060e-02 8.866621554e-02 9.573321044e-02 1.032594293e-01 1.112680733e-01
 1.197859123e-01 1.288438886e-01 1.384779513e-01 1.487303376e-01 1.596511453e-01
 1.713005900e-01 1.837520003e-01 1.970959604e-01 2.114460766e-01 2.269475907e-01
 2.437902540e-01 2.622298300e-01 2.826283276e-01 3.055503964e-01 3.314711154e-01
 3.548865318e-01 3.733288348e-01 3.866668344e-01 3.946171403e-01 3.965182602e-01
 3.921545446e-01 3.806131184e-01 3.679339886e-01 3.562947214e-01 3.457930386e-01
 1.038670819e-02 4.053387791e-03 6.608423311e-03 1.178616378e-02 1.587591320e-02
 1.899627224e-02 2.130048349e-02 2.293261513e-02 2.402118407e-02 2.467991784e-02
 2.497302182e-02 2.501742914e-02 2.488612197e-02 2.464653552e-02 2.434180677e-02
 2.403665334e-02 2.379076742e-02 2.365900762e-02 2.369138412e-02 2.393296920e-02
 2.442377806e-02 2.519867942e-02 2.627375536e-02 2.767682076e-02 2.942994051e-02
 3.154978901e-02 3.404712304e-02 3.693173453e-02 4.021341354e-02 4.390048981e-02
 4.799999669e-02 5.251922831e-02 5.746601149e-02 6.284898520e-02 6.867811829e-02
 7.496508956e-02 8.172366768e-02 8.897013217e-02 9.672366083e-02 1.050068885e-01
 1.138465703e-01 1.232745349e-01 1.333288699e-01 1.440556049e-01 1.555109918e-01
 1.677645296e-01 1.809034646e-01 1.950390041e-01 2.103154659e-01 2.269241959e-01
 2.451253831e-01 2.652831078e-01 2.879226804e-01 3.138138652e-01 3.440136313e-01
 3.749556839e-01 3.989414871e-01 4.158573747e-01 4.258444905e-01 4.287920296e-01
 4.237004220e-01 4.100100994e-01 3.902108669e-01 3.734504282e-01 3.593934476e-01
 1.921123080e-02 1.302617695e-02 1.567351818e-02 2.006157301e-02 2.307776362e-02
 2.508600056e-02 2.633713186e-02 2.700836211e-02 2.722856775e-02 2.709599212e-02
 2.668799646e-02 2.607520297e-02 2.531791106e-02 2.446970716e-02 2.356117778e-02
 2.265325934e-02 2.180423029e-02 2.106939629e-02 2.050076984e-02 2.014675923e-02
 2.005180344e-02 2.025591582e-02 2.079399675e-02 2.169846371e-02 2.299802937e-02
 2.471701428e-02 2.685133927e-02 2.941117994e-02 3.241585940e-02 3.587644175e-02
 3.979666531e-02 4.418453574e-02 4.904799908e-02 5.439443886e-02 6.023228914e-02
 6.657136977e-02 7.342333347e-02 8.080209792e-02 8.872423321e-02 9.720960259e-02
 1.062820405e-01 1.159702837e-01 1.263091713e-01 1.373412311e-01 1.491186768e-01
 1.617062986e-01 1.751851141e-01 1.896575391e-01 2.052546293e-01 2.221457660e-01
 2.405522019e-01 2.607646286e-01 2.831640840e-01 3.082417250e-01 3.366118073e-01
 3.688205481e-01 3.961994052e-01 4.158124328e-01 4.279268682e-01 4.326296747e-01
 4.301178157e-01 4.193783998e-01 4.002232552e-01 3.806242049e-01 3.649023175e-01
 3.579810634e-02 3.080705367e-02 3.161662817e-02 3.335341066e-02 3.393694758e-02
 3.390048072e-02 3.344564140e-02 3.267618269e-02 3.165853024e-02 3.044228442e-02
 2.906869724e-02 2.757507376e-02 2.599599399e-02 2.436413243e-02 2.269388735e-02
 2.104076929e-02 1.945980079e-02 1.800484769e-02 1.672805473e-02 1.567936875e-02
 1.490611304e-02 1.445265207e-02 1.436012425e-02 1.466638036e-02 1.540543698e-02
 1.660650037e-02 1.829236932e-02 2.048325539e-02 2.319613844e-02 2.644089982e-02
 3.017701022e-02 3.442853317e-02 3.920535743e-02 4.450797662e-02 5.034219474e-02
 5.671441555e-02 6.363296509e-02 7.110796124e-02 7.915157825e-02 8.777853847e-02
 9.700676799e-02 1.068580598e-01 1.173589304e-01 1.285416484e-01 1.404454559e-01
 1.531180441e-01 1.666174084e-01 1.810140312e-01 1.963932216e-01 2.128575295e-01
 2.305286676e-01 2.495478094e-01 2.700730860e-01 2.922739387e-01 3.163304925e-01
 3.424924910e-01 3.692098558e-01 3.883878589e-01 4.010128975e-01 4.076064527e-01
 4.079417288e-01 4.025195241e-01 3.905050755e-01 3.734638989e-01 3.597624898e-01
 5.976371467e-02 5.796638131e-02 5.366430059e-02 4.974190891e-02 4.672088474e-02
 4.406601936e-02 4.156407714e-02 3.911745548e-02 3.667834774e-02 3.422401473e-02
 3.174597770e-02 2.924459614e-02 2.672600001e-02 2.420018613e-02 2.166506648e-02
 1.917084679e-02 1.676903293e-02 1.451143343e-02 1.244937722e-02 1.063310262e-02
 9.111276828e-03 7.930616848e-03 7.135590073e-03 6.768125109e-03 6.867256947e-03
 7.468681782e-03 8.604310453e-03 1.030210033e-02 1.258509699e-02 1.546951849e-02
 1.896215975e-02 2.306831814e-02 2.778225765e-02 3.304541111e-02 3.887774795e-02
 4.527780786e-02 5.225107819e-02 5.980316922e-02 6.794011593e-02 7.666957378e-02
 8.600123227e-02 9.594721347e-02 1.065224111e-01 1.177448183e-01 1.296356618e-01
 1.422195435e-01 1.555242389e-01 1.695799530e-01 1.844176650e-01 2.000658214e-01
 2.165440917e-01 2.338521928e-01 2.519499362e-01 2.707209587e-01 2.899011075e-01
 3.089229465e-01 3.266423345e-01 3.415536284e-01 3.527562618e-01 3.599659204e-01
 3.631716967e-01 3.625608683e-01 3.586324453e-01 3.524783254e-01 3.456356823e-01
 7.657049596e-02 7.570347190e-02 6.987079978e-02 6.359088421e-02 5.825798586e-02
 5.357142165e-02 4.931421950e-02 4.533974826e-02 4.155129194e-02 3.788534179e-02
 3.430048004e-02 3.077029996e-02 2.727883309e-02 2.381751686e-02 2.037323266e-02
 1.699305326e-02 1.372624375e-02 1.062310860e-02 7.734128274e-03 5.109304562e-03
 2.797679743e-03 8.469927707e-04-6.965893554e-04-1.788693713e-03-2.386974636e-03
-2.451387933e-03-1.944537507e-03-8.321272908e-04 9.163324721e-04 3.326563165e-03
 6.418493576e-03 1.020560693e-02 1.469241269e-02 1.987185143e-02 2.573375404e-02
 3.216769174e-02 3.920097277e-02 4.683344066e-02 5.506094918e-02 6.388270855e-02
 7.329885662e-02 8.331071585e-02 9.392064810e-02 1.051316410e-01 1.169466674e-01
 1.293677390e-01 1.423945129e-01 1.560220122e-01 1.702371985e-01 1.850136817e-01
 2.003037930e-01 2.160268575e-01 2.320521325e-01 2.481752932e-01 2.640896440e-01
 2.793633342e-01 2.934557796e-01 3.058080375e-01 3.159718215e-01 3.236853778e-01
 3.288834393e-01 3.316903114e-01 3.324159384e-01 3.315279186e-01 3.295562863e-01
 8.729612827e-02 8.664602041e-02 8.073703200e-02 7.361637801e-02 6.714992225e-02
 6.123261526e-02 5.574840307e-02 5.059488118e-02 4.568860680e-02 4.096448794e-02
 3.637299687e-02 3.187708929e-02 2.744946629e-02 2.307036519e-02 1.872521639e-02
 1.446131710e-02 1.032789424e-02 6.375059951e-03 2.653040923e-03-7.883771323e-04
-3.900227137e-03-6.634600461e-03-8.944796398e-03-1.078541763e-02-1.211245917e-02
-1.288343407e-02-1.305758022e-02-1.259618718e-02-1.146311406e-02-9.625519626e-03
-7.054836955e-03-3.728038166e-03 3.705705167e-04 5.247175694e-03 1.089596562e-02
 1.729322970e-02 2.441317774e-02 3.216587380e-02 4.051109776e-02 4.944815859e-02
 5.896688253e-02 6.905825436e-02 7.971364260e-02 9.092311561e-02 1.026744246e-01
 1.149517298e-01 1.277338564e-01 1.409919262e-01 1.546860188e-01 1.687608957e-01
 1.831401139e-01 1.977192163e-01 2.123577297e-01 2.268718034e-01 2.410303652e-01
 2.545599341e-01 2.671635151e-01 2.785535455e-01 2.884908915e-01 2.968166471e-01
 3.034693003e-01 3.084884286e-01 3.120051920e-01 3.142195940e-01 3.153654933e-01
 9.487412125e-02 9.431634843e-02 8.812063187e-02 8.056863397e-02 7.349271327e-02
 6.683942676e-02 6.054475158e-02 5.454342067e-02 4.877509177e-02 4.318712652e-02
 3.773516044e-02 3.238251805e-02 2.709919959e-02 2.186080068e-02 1.666208170e-02
 1.155371964e-02 6.587080657e-03 1.813478302e-03-2.716349903e-03-6.952580996e-03
-1.084649749e-02-1.435055584e-02-1.741836593e-02-2.000462078e-02-2.206501737e-02
-2.355620451e-02-2.443581074e-02-2.466258779e-02-2.419672534e-02-2.300038561e-02
-2.103848755e-02-1.827981696e-02-1.469852775e-02-1.027598791e-02-5.003027618e-03
 1.117511652e-03 8.068881929e-03 1.581455022e-02 2.430376969e-02 3.341495991e-02
 4.308969527e-02 5.331139639e-02 6.406626105e-02 7.533495128e-02 8.709427714e-02
 9.931625426e-02 1.119668707e-01 1.250043511e-01 1.383767724e-01 1.520193070e-01
 1.658511460e-01 1.797723025e-01 1.936610639e-01 2.073730677e-01 2.207430005e-01
 2.335906327e-01 2.457312644e-01 2.569903135e-01 2.672187686e-01 2.763068080e-01
 2.841924131e-01 2.908639610e-01 2.963564694e-01 3.007421494e-01 3.041176200e-01
 9.984529763e-02 9.927470982e-02 9.284903109e-02 8.506102860e-02 7.764711976e-02
 7.055523992e-02 6.373612583e-02 5.714233965e-02 5.073018372e-02 4.446020722e-02
 3.829720244e-02 3.220991790e-02 2.617032267e-02 2.015217207e-02 1.417055167e-02
 8.281648159e-03 2.540291054e-03-3.000153927e-03-8.287947625e-03-1.327305660e-02
-1.790712401e-02-2.214334160e-02-2.593625151e-02-2.924147621e-02-3.201547265e-02
-3.421528637e-02-3.579838946e-02-3.672261536e-02-3.694627061e-02-3.642841801e-02
-3.512945026e-02-3.301191330e-02-3.004173562e-02-2.618979290e-02-2.143391594e-02
-1.576128602e-02-9.171267971e-03-1.678801142e-03 6.682382897e-03 1.585466601e-02
 2.576432750e-02 3.618391976e-02 4.712382704e-02 5.854912102e-02 7.042875886e-02
 8.272673935e-02 9.540218860e-02 1.084083170e-01 1.216908544e-01 1.351863444e-01
 1.488206685e-01 1.625078321e-01 1.761495173e-01 1.896355152e-01 2.028458714e-01
 2.156545073e-01 2.279346287e-01 2.395650446e-01 2.504368126e-01 2.604587674e-01
 2.695614100e-01 2.776982486e-01 2.848453224e-01 2.909987271e-01 2.961716950e-01
 1.022484824e-01 1.015189886e-01 9.526457638e-02 8.745960146e-02 7.994189113e-02
 7.264000922e-02 6.550704688e-02 5.851068348e-02 5.162363499e-02 4.482050985e-02
 3.807719797e-02 3.137105703e-02 2.468162030e-02 1.796401665e-02 1.127987541e-02
 4.688182846e-03-1.753588207e-03-7.990188897e-03-1.396888308e-02-1.963946410e-02
-2.495409548e-02-2.986699902e-02-3.433410078e-02-3.831258044e-02-4.176043347e-02
-4.463605955e-02-4.689791054e-02-4.850421473e-02-4.941288382e-02-4.958157614e-02
-4.896798730e-02-4.753043503e-02-4.522878304e-02-4.202572629e-02-3.788853064e-02
-3.279125690e-02-2.671750635e-02-1.966378652e-02-1.164337993e-02-2.690966707e-03
 7.132386323e-03 1.773045026e-02 2.899532020e-02 4.070104286e-02 5.284035578e-02
 6.536848843e-02 7.824147493e-02 9.141302109e-02 1.048322022e-01 1.184423268e-01
 1.321802288e-01 1.459758878e-01 1.597525179e-01 1.734270602e-01 1.869114041e-01
 2.001140714e-01 2.129422128e-01 2.253038585e-01 2.371096611e-01 2.482741475e-01
 2.587160766e-01 2.683583498e-01 2.771281600e-01 2.849583626e-01 2.917906046e-01
 1.024525538e-01 1.012939364e-01 9.539139271e-02 8.811601996e-02 8.078318089e-02
 7.344670594e-02 6.613634527e-02 5.885925889e-02 5.161124095e-02 4.438179731e-02
 3.715677932e-02 2.991993912e-02 2.265379205e-02 1.533919014e-02 8.045775816e-03
 8.391290903e-04-6.219122559e-03-1.307127252e-02-1.966341399e-02-2.594518475e-02
-3.186939657e-02-3.739155084e-02-4.246927053e-02-4.706172273e-02-5.112899840e-02
-5.463153124e-02-5.752957240e-02-5.978275090e-02-6.134975702e-02-6.218820065e-02
-6.225467101e-02-6.150506064e-02-5.989516154e-02-5.738168955e-02-5.392367020e-02
-4.948436096e-02-4.403370619e-02-3.755139932e-02-3.003057837e-02-2.148210257e-02
-1.193935983e-02-1.463285298e-03 9.853729978e-03 2.187815495e-02 3.444667533e-02
 4.736914486e-02 6.060998514e-02 7.413122803e-02 8.788949996e-02 1.018373519e-01
 1.159238219e-01 1.300946772e-01 1.442925930e-01 1.584574133e-01 1.725266278e-01
 1.864354610e-01 2.001170516e-01 2.135017961e-01 2.265158743e-01 2.390786409e-01
 2.510986924e-01 2.624695301e-01 2.730664611e-01 2.827476263e-01 2.913630605e-01
 1.026430055e-01 1.012424603e-01 9.539500624e-02 8.818331361e-02 8.084977418e-02
 7.342627645e-02 6.594802439e-02 5.843210593e-02 5.088275298e-02 4.329611361e-02
 3.566308320e-02 2.797102183e-02 2.020474523e-02 1.237535477e-02 4.557732493e-03
-3.178361803e-03-1.076836511e-02-1.815281250e-02-2.527708188e-02-3.209098801e-02
-3.854826093e-02-4.460590705e-02-5.022352934e-02-5.536255613e-02-5.998553336e-02
-6.405536830e-02-6.753467023e-02-7.038513571e-02-7.256711274e-02-7.403918356e-02
-7.475811243e-02-7.467880100e-02-7.375472039e-02-7.193855196e-02-6.918324530e-02
-6.544356793e-02-6.067816541e-02-5.485219881e-02-4.794064909e-02-3.993226588e-02
-3.083408251e-02-2.067642659e-02-9.518131614e-03 2.548117423e-03 1.539227739e-02
 2.884246781e-02 4.259110242e-02 5.661938712e-02 7.088647038e-02 8.535224944e-02
 9.997711331e-02 1.147217751e-01 1.295472682e-01 1.444149464e-01 1.592864394e-01
 1.741233468e-01 1.888862550e-01 2.035327703e-01 2.180138528e-01 2.322676778e-01
 2.462100089e-01 2.597200274e-01 2.726221979e-01 2.846702337e-01 2.955520153e-01
 1.030365974e-01 1.015524194e-01 9.551384300e-02 8.801894635e-02 8.046680689e-02
 7.285172492e-02 6.517088413e-02 5.742292106e-02 4.960425571e-02 4.170818627e-02
 3.372500837e-02 2.564230375e-02 1.744485274e-02 9.175871499e-03 9.132584673e-04
-7.270969916e-03-1.531073824e-02-2.314582281e-02-3.072157130e-02-3.798844665e-02
-4.490141943e-02-5.141924322e-02-5.750366300e-02-6.311856210e-02-6.822911650e-02
-7.280094177e-02-7.679932564e-02-8.018846810e-02-8.293090761e-02-8.498696983e-02
-8.631443977e-02-8.686845005e-02-8.660151064e-02-8.546394110e-02-8.340456337e-02
-8.037188649e-02-7.631570846e-02-7.118938863e-02-6.495261937e-02-5.757506937e-02
-4.904056713e-02-3.935211152e-02-2.853746153e-02-1.665522531e-02-3.801195417e-03
 9.884975851e-03 2.421306074e-02 3.889684752e-02 5.381673574e-02 6.894101948e-02
 8.424206078e-02 9.969563037e-02 1.152809039e-01 1.309807003e-01 1.467817724e-01
 1.626748294e-01 1.786541641e-01 1.947163343e-01 2.108571827e-01 2.270659506e-01
 2.433139384e-01 2.595334351e-01 2.755765617e-01 2.911271155e-01 3.055165112e-01
 1.029626802e-01 1.013821214e-01 9.497024864e-02 8.729248494e-02 7.956452668e-02
 7.177115232e-02 6.390202045e-02 5.594673380e-02 4.789466411e-02 3.973461315e-02
 3.145479411e-02 2.304312401e-02 1.447777264e-02 5.839942023e-03-2.792831510e-03
-1.134825870e-02-1.976003684e-02-2.796805464e-02-3.591822460e-02-4.356205463e-02
-5.085600913e-02-5.776074529e-02-6.424023956e-02-7.026086748e-02-7.579047978e-02
-8.079750091e-02-8.524997532e-02-8.911483735e-02-9.235710651e-02-9.493928403e-02
-9.682086110e-02-9.795797616e-02-9.830329567e-02-9.780611098e-02-9.641279280e-02
-9.406758100e-02-9.071382880e-02-8.629573882e-02-8.076085150e-02-7.406304777e-02
-6.616652012e-02-5.705041811e-02-4.671442881e-02-3.518507630e-02-2.252263762e-02
-8.828360587e-03 5.748529453e-03 2.100496925e-02 3.669190407e-02 5.257333070e-02
 6.863604486e-02 8.487104625e-02 1.012748554e-01 1.178508103e-01 1.346103400e-01
 1.515743881e-01 1.687748730e-01 1.862563938e-01 2.040777206e-01 2.223131806e-01
 2.410530597e-01 2.604018748e-01 2.804696560e-01 3.013168573e-01 3.219614327e-01
 1.018789262e-01 1.001385450e-01 9.376862645e-02 8.597352356e-02 7.812327147e-02
 7.020284235e-02 6.219415367e-02 5.407964438e-02 4.584291577e-02 3.746851534e-02
 2.894142270e-02 2.024653554e-02 1.139010396e-02 2.457233611e-03-6.472649984e-03
-1.532640681e-02-2.403755113e-02-3.254631907e-02-4.079942778e-02-4.874960706e-02
-5.635492131e-02-6.357796490e-02-7.038489729e-02-7.674454898e-02-8.262738585e-02
-8.800450712e-02-9.284675121e-02-9.712376446e-02-1.008031815e-01-1.038499102e-01
-1.062254980e-01-1.078876629e-01-1.087899879e-01-1.088818088e-01-1.081083864e-01
-1.064114049e-01-1.037298068e-01-1.000012308e-01-9.516388923e-02-8.915925771e-02
-8.193548769e-02-7.345165312e-02-6.368303299e-02-5.262721330e-02-4.031102359e-02
-2.679800987e-02-1.219599321e-02 3.336111549e-03 1.958322898e-02 3.626911342e-02
 5.312573537e-02 7.015474141e-02 8.736574650e-02 1.047783792e-01 1.224241704e-01
 1.403491199e-01 1.586173326e-01 1.773159653e-01 1.965621561e-01 2.165130228e-01
 2.373806536e-01 2.594569623e-01 2.831604183e-01 3.091396093e-01 3.361956179e-01
 1.002284139e-01 9.832964838e-02 9.189109504e-02 8.403918892e-02 7.614687085e-02
 6.817984581e-02 6.010562554e-02 5.189863965e-02 4.353851825e-02 3.500790894e-02
 2.629064210e-02 1.736980304e-02 8.284630254e-03-8.787579718e-04-1.004034281e-02
-1.912681572e-02-2.807192504e-02-3.681651130e-02-4.530826584e-02-5.350121856e-02
-6.135502830e-02-6.883413345e-02-7.590682805e-02-8.254419267e-02-8.871912211e-02
-9.440527856e-02-9.957610071e-02-1.042038500e-01-1.082587391e-01-1.117081270e-01
-1.145157963e-01-1.166413724e-01-1.180398688e-01-1.186614186e-01-1.184512302e-01
-1.173497662e-01-1.152933538e-01-1.122151762e-01-1.080468148e-01-1.027204171e-01
-9.617164731e-02-8.834350854e-02-7.919113338e-02-6.868759543e-02-5.683069676e-02
-4.365067929e-02-2.921841852e-02-1.365377102e-02 2.866629977e-03 2.010281943e-02
 3.774762526e-02 5.553743243e-02 7.348819822e-02 9.162975848e-02 1.100053936e-01
 1.286745220e-01 1.477172822e-01 1.672410369e-01 1.873895228e-01 2.083558440e-01
 2.304004580e-01 2.538753748e-01 2.792518735e-01 3.071380854e-01 3.369003534e-01
 9.799650311e-02 9.594360739e-02 8.917926997e-02 8.143174648e-02 7.366017997e-02
 6.577345729e-02 5.772982538e-02 4.950612038e-02 4.108659551e-02 3.245871142e-02
 2.361179516e-02 1.451539248e-02 5.256492645e-03-4.080485553e-03-1.341621671e-02
-2.267785557e-02-3.179970756e-02-4.072339088e-02-4.939762875e-02-5.777772143e-02
-6.582484394e-02-7.350517064e-02-8.078888059e-02-8.764913678e-02-9.406102449e-02
-1.000005230e-01-1.054434329e-01-1.103644520e-01-1.147361994e-01-1.185284108e-01
-1.217071116e-01-1.242339835e-01-1.260657758e-01-1.271539330e-01-1.274442971e-01
-1.268772036e-01-1.253877282e-01-1.229064465e-01-1.193605065e-01-1.146755293e-01
-1.087779924e-01-1.015986800e-01-9.307693690e-02-8.316615969e-02-7.184029371e-02
-5.910148099e-02-4.498861730e-02-2.958647162e-02-1.303482894e-02 4.463013262e-03
 2.263332345e-02 4.112708941e-02 5.971337110e-02 7.843457162e-02 9.733723849e-02
 1.164793447e-01 1.359357983e-01 1.558043510e-01 1.762130409e-01 1.973307133e-01
 2.193822265e-01 2.426719218e-01 2.676200867e-01 2.948166728e-01 3.238336444e-01
 9.357462823e-02 9.092119336e-02 8.527424932e-02 7.826112956e-02 7.085849345e-02
 6.317454576e-02 5.523545295e-02 4.704834893e-02 3.861282393e-02 2.992452309e-02
 2.097652294e-02 1.176755130e-02 2.390281763e-03-7.068317384e-03-1.652787626e-02
-2.591531724e-02-3.516523167e-02-4.421988875e-02-5.302892625e-02-6.154882163e-02
-6.974210590e-02-7.757648826e-02-8.502382040e-02-9.205908328e-02-9.865930676e-02
-1.048024669e-01-1.104664803e-01-1.156281978e-01-1.202624291e-01-1.243411079e-01
-1.278323978e-01-1.307000220e-01-1.329026073e-01-1.343931258e-01-1.351186335e-01
-1.350200176e-01-1.340321749e-01-1.320844144e-01-1.291013658e-01-1.250043958e-01
-1.197137162e-01-1.131513268e-01-1.052449197e-01-9.593286365e-02-8.517044783e-02
-7.293725759e-02-5.924578384e-02-4.415066913e-02-2.775836922e-02-1.023594476e-02
 8.182404563e-03 2.719376422e-02 4.626328498e-02 6.539994478e-02 8.462846279e-02
 1.039866805e-01 1.235250384e-01 1.433072984e-01 1.634120941e-01 1.839352250e-01
 2.049924433e-01 2.267243266e-01 2.493087649e-01 2.730159461e-01 2.978414297e-01
 9.077833593e-02 8.796000481e-02 8.227848262e-02 7.544942945e-02 6.824664026e-02
 6.070481986e-02 5.285212025e-02 4.470396042e-02 3.626648337e-02 2.753972076e-02
 1.851952821e-02 9.233836085e-03-2.233482082e-04-9.764158167e-03-1.930784993e-02
-2.878141776e-02-3.811986372e-02-4.726612940e-02-5.617074668e-02-6.479125470e-02
-7.309138775e-02-8.104017377e-02-8.861093223e-02-9.578017890e-02-1.025265604e-01
-1.088297889e-01-1.146695763e-01-1.200246364e-01-1.248716936e-01-1.291846335e-01
-1.329335570e-01-1.360841095e-01-1.385967433e-01-1.404261142e-01-1.415206790e-01
-1.418223977e-01-1.412666440e-01-1.397825629e-01-1.372935772e-01-1.337186992e-01
-1.289741993e-01-1.229762435e-01-1.156443805e-01-1.069062427e-01-9.670333564e-02
-8.499830216e-02-7.178340852e-02-5.709016323e-02-4.099978507e-02-2.365381829e-02
-5.264263600e-03 1.387749054e-02 3.339274600e-02 5.285272375e-02 7.227016240e-02
 9.166521579e-02 1.110616624e-01 1.304842383e-01 1.499551833e-01 1.694883406e-01
 1.890781820e-01 2.086783201e-01 2.281563282e-01 2.471944094e-01 2.651249766e-01
 8.892069012e-02 8.601376414e-02 8.012955636e-02 7.326477021e-02 6.607901305e-02
 5.857220292e-02 5.074987561e-02 4.261632636e-02 3.417291492e-02 2.541746758e-02
 1.634366065e-02 7.004645653e-03-2.505668905e-03-1.209980808e-02-2.169755474e-02
-3.122653067e-02-4.062245786e-02-4.982908443e-02-5.879785120e-02-6.748726964e-02
-7.586212456e-02-8.389259130e-02-9.155318141e-02-9.882166982e-02-1.056780592e-01
-1.121034622e-01-1.180790737e-01-1.235851496e-01-1.286000162e-01-1.330991983e-01
-1.370545328e-01-1.404333413e-01-1.431977600e-01-1.453040689e-01-1.467022002e-01
-1.473353654e-01-1.471398771e-01-1.460453272e-01-1.439749897e-01-1.408468038e-01
-1.365748793e-01-1.310718507e-01-1.242520064e-01-1.160356924e-01-1.063548028e-01
-9.515975416e-02-8.242782950e-02-6.817285717e-02-5.245590955e-02-3.539655730e-02
-1.718373038e-02 1.914876630e-03 2.154653519e-02 4.127261043e-02 6.079589576e-02
 8.013205230e-02 9.928691387e-02 1.182569712e-01 1.370259523e-01 1.555581987e-01
 1.737881601e-01 1.916051060e-01 2.088333815e-01 2.252144068e-01 2.404095680e-01
 8.722679317e-02 8.421898633e-02 7.841327041e-02 7.151979953e-02 6.432040036e-02
 5.681318417e-02 4.899475351e-02 4.086221755e-02 3.241265193e-02 2.364308201e-02
 1.452409849e-02 5.147825927e-03-4.395664670e-03-1.402111910e-02-2.364978753e-02
-3.321040422e-02-4.263965040e-02-5.188215896e-02-6.089023501e-02-6.962326169e-02
-7.804691792e-02-8.613228053e-02-9.385482222e-02-1.011933163e-01-1.081288010e-01
-1.146434844e-01-1.207197234e-01-1.263389587e-01-1.314808279e-01-1.361221671e-01
-1.402361989e-01-1.437916756e-01-1.467521638e-01-1.490753889e-01-1.507126540e-01
-1.516084671e-01-1.517002285e-01-1.509183347e-01-1.491864324e-01-1.464223117e-01
-1.425391734e-01-1.374477595e-01-1.310592890e-01-1.232895032e-01-1.140639409e-01
-1.033246443e-01-9.103826433e-02-7.720557600e-02-6.187217310e-02-4.513975233e-02
-2.717709355e-02-8.229440078e-03 1.137579605e-02 3.122968227e-02 5.078340322e-02
 7.001958787e-02 8.892336488e-02 1.074735522e-01 1.256368607e-01 1.433624923e-01
 1.605767906e-01 1.771779656e-01 1.930327266e-01 2.079779953e-01 2.218313217e-01
 8.599455655e-02 8.292918652e-02 7.704997063e-02 7.013071328e-02 6.292286515e-02
 5.541609600e-02 4.760107398e-02 3.946977854e-02 3.101503849e-02 2.222988568e-02
 1.309530996e-02 3.705049632e-03-5.850952119e-03-1.548812538e-02-2.512854151e-02
-3.470176086e-02-4.414522648e-02-5.340433121e-02-6.243206933e-02-7.118850201e-02
-7.964000106e-02-8.775830269e-02-9.551957250e-02-1.029032990e-01-1.098912507e-01
-1.164664328e-01-1.226119921e-01-1.283102930e-01-1.335418373e-01-1.382845044e-01
-1.425125152e-01-1.461957246e-01-1.492988616e-01-1.517807990e-01-1.535939723e-01
-1.546840221e-01-1.549893916e-01-1.544413269e-01-1.529642195e-01-1.504761130e-01
-1.468901038e-01-1.421161592e-01-1.360639036e-01-1.286465526e-01-1.197857931e-01
-1.094184071e-01-9.750409424e-02-8.403486758e-02-6.904566288e-02-5.262574553e-02
-3.493022919e-02-1.619047858e-02 3.277709708e-03 2.306952514e-02 4.269048944e-02
 6.185370684e-02 8.055438101e-02 9.877402335e-02 1.164805740e-01 1.336275041e-01
 1.501528621e-01 1.659789830e-01 1.810139269e-01 1.951554120e-01 2.082981467e-01
 8.502487093e-02 8.191891760e-02 7.595552504e-02 6.904187053e-02 6.185529754e-02
 5.437254161e-02 4.657876492e-02 3.846325353e-02 3.001732752e-02 2.123286761e-02
 1.210097224e-02 2.714605769e-03-6.836878601e-03-1.646950468e-02-2.610594407e-02
-3.567634150e-02-4.511870816e-02-5.437893793e-02-6.341050565e-02-7.217393816e-02
-8.063600957e-02-8.876889199e-02-9.654913843e-02-1.039566696e-01-1.109736860e-01
-1.175836399e-01-1.237701923e-01-1.295161992e-01-1.348027885e-01-1.396083981e-01
-1.439079791e-01-1.476720870e-01-1.508661956e-01-1.534499824e-01-1.553767771e-01
-1.565929949e-01-1.570379436e-01-1.566436440e-01-1.553351283e-01-1.530309916e-01
-1.496445686e-01-1.450857669e-01-1.392636895e-01-1.320903897e-01-1.234857365e-01
-1.133836657e-01-1.017399952e-01-8.854158968e-02-7.381686568e-02-5.764715746e-02
-4.017818719e-02-2.163064852e-02-2.308280440e-03 1.739823818e-02 3.701387346e-02
 5.609105527e-02 7.462409139e-02 9.259627014e-02 1.099798381e-01 1.267362535e-01
 1.428167224e-01 1.581635922e-01 1.727124900e-01 1.863958985e-01 1.991478652e-01
 8.400894701e-02 8.083035052e-02 7.502485812e-02 6.821757555e-02 6.111781672e-02
 5.369836092e-02 4.595041275e-02 3.786903247e-02 2.944894135e-02 2.068373933e-02
 1.157132164e-02 2.204446821e-03-7.327883504e-03-1.694208942e-02-2.656124346e-02
-3.611585870e-02-4.554427415e-02-5.479266495e-02-6.381474435e-02-7.257120311e-02
-8.102900535e-02-8.916043490e-02-9.694217145e-02-1.043542624e-01-1.113790274e-01
-1.180000380e-01-1.242011338e-01-1.299653351e-01-1.352739781e-01-1.401057690e-01
-1.444359273e-01-1.482353359e-01-1.514698267e-01-1.540995240e-01-1.560781449e-01
-1.573526263e-01-1.578627676e-01-1.575411409e-01-1.563132554e-01-1.540981978e-01
-1.508097649e-01-1.463581771e-01-1.406527162e-01-1.336053908e-01-1.251356900e-01
-1.151768416e-01-1.036833674e-01-9.064024687e-02-7.607325912e-02-6.006019190e-02
-4.274222255e-02-2.433429472e-02-5.133063532e-03 1.447949093e-02 3.403872624e-02
 5.301775038e-02 7.141054422e-02 8.920185268e-02 1.063673943e-01 1.228744686e-01
 1.386829913e-01 1.537471861e-01 1.680177450e-01 1.814448088e-01 1.939812303e-01
 8.304928243e-02 7.968091220e-02 7.429469377e-02 6.779026985e-02 6.080888584e-02
 5.345656723e-02 4.575734958e-02 3.771688044e-02 2.933390997e-02 2.060367912e-02
 1.152561884e-02 2.192306332e-03-7.307550870e-03-1.689067669e-02-2.648040093e-02
-3.600742668e-02-4.541020468e-02-5.463494733e-02-6.363534927e-02-7.237203419e-02
-8.081181347e-02-8.892684430e-02-9.669362754e-02-1.040920168e-01-1.111041456e-01
-1.177133918e-01-1.239034012e-01-1.296570301e-01-1.349554956e-01-1.397773176e-01
-1.440976113e-01-1.478872001e-01-1.511118710e-01-1.537316740e-01-1.557004154e-01
-1.569650769e-01-1.574656069e-01-1.571347415e-01-1.558983028e-01-1.536757499e-01
-1.503813267e-01-1.459258497e-01-1.402193010e-01-1.331745535e-01-1.247120425e-01
-1.147660911e-01-1.032924280e-01-9.027726948e-02-7.574758679e-02-5.978227034e-02
-4.252333194e-02-2.418612875e-02-5.067115650e-03 1.445274055e-02 3.391081840e-02
 5.277967826e-02 7.105350494e-02 8.871763200e-02 1.057489216e-01 1.221165508e-01
 1.377832443e-01 1.527070105e-01 1.668432653e-01 1.801474690e-01 1.925781518e-01
 8.375401050e-02 8.059387654e-02 7.481680810e-02 6.807641685e-02 6.104549766e-02
 5.369779468e-02 4.602467641e-02 3.802115470e-02 2.968190983e-02 2.100041136e-02
 1.197085250e-02 2.685019746e-03-6.768939085e-03-1.630811207e-02-2.585602179e-02
-3.534340858e-02-4.470863566e-02-5.389771983e-02-6.286407262e-02-7.156795263e-02
-7.997579873e-02-8.805930614e-02-9.579449147e-02-1.031607166e-01-1.101395935e-01
-1.167140156e-01-1.228670627e-01-1.285811067e-01-1.338367909e-01-1.386121809e-01
-1.428818256e-01-1.466160864e-01-1.497802585e-01-1.523339748e-01-1.542306393e-01
-1.554169059e-01-1.558324397e-01-1.554099321e-01-1.540751606e-01-1.517478675e-01
-1.483428031e-01-1.437716037e-01-1.379455179e-01-1.307791024e-01-1.221951172e-01
-1.121308282e-01-1.005455852e-01-8.742997050e-02-7.281605899e-02-5.678845942e-02
-3.949545696e-02-2.115905099e-02-2.082514111e-03 1.734630764e-02 3.665814549e-02
 5.540393293e-02 7.357797027e-02 9.116453677e-02 1.081385911e-01 1.244667098e-01
 1.401082426e-01 1.550170779e-01 1.691437662e-01 1.824385077e-01 1.948543042e-01
 8.437061310e-02 8.127624542e-02 7.552242279e-02 6.875284761e-02 6.170634180e-02
 5.436776206e-02 4.672374576e-02 3.876416013e-02 3.048044443e-02 2.186440304e-02
 1.289988682e-02 3.677610308e-03-5.715035833e-03-1.519553270e-02-2.468749508e-02
-3.412152827e-02-4.343568161e-02-5.257552862e-02-6.149393320e-02-7.015053183e-02
-7.851105183e-02-8.654645085e-02-9.423197806e-02-1.015461758e-01-1.084698364e-01
-1.149849892e-01-1.210738569e-01-1.267179251e-01-1.318969727e-01-1.365881264e-01
-1.407651156e-01-1.443973184e-01-1.474492252e-01-1.498795897e-01-1.516410410e-01
-1.526795328e-01-1.529341936e-01-1.523372978e-01-1.508145481e-01-1.482858509e-01
-1.446666420e-01-1.398697793e-01-1.338084340e-01-1.263999641e-01-1.175709516e-01
-1.072635800e-01-9.544348717e-02-8.210885525e-02-6.730071455e-02-5.111387372e-02
-3.370775282e-02-1.531607192e-02 3.745815251e-03 2.307727374e-02 4.219271988e-02
 6.080300361e-02 7.890088856e-02 9.646689147e-02 1.134706736e-01 1.298716962e-01
 1.456198841e-01 1.606569290e-01 1.749183834e-01 1.883370578e-01 2.008476108e-01
 8.528059721e-02 8.227346838e-02 7.643389702e-02 6.970125437e-02 6.269460917e-02
 5.540028960e-02 4.780875891e-02 3.991153091e-02 3.170099109e-02 2.317030542e-02
 1.429199241e-02 5.153611768e-03-4.158594646e-03-1.356237568e-02-2.298117615e-02
-3.234517947e-02-4.159185290e-02-5.066604540e-02-5.951979756e-02-6.811183691e-02
-7.640691102e-02-8.437496424e-02-9.199015051e-02-9.922988713e-02-1.060738266e-01
-1.125028059e-01-1.184978783e-01-1.240392625e-01-1.291054934e-01-1.336724758e-01
-1.377126127e-01-1.411941051e-01-1.440801173e-01-1.463283002e-01-1.478901207e-01
-1.487105936e-01-1.487280726e-01-1.478743106e-01-1.460749209e-01-1.432501972e-01
-1.393166482e-01-1.341890097e-01-1.277834177e-01-1.200214103e-01-1.108352616e-01
-1.001745611e-01-8.801417798e-02-7.436348498e-02-5.927655846e-02-4.286276549e-02
-2.529693954e-02-6.827719044e-03 1.221770421e-02 3.143492714e-02 5.029097572e-02
 6.876075268e-02 8.682116866e-02 1.044437215e-01 1.215904281e-01 1.382112205e-01
 1.542422324e-01 1.696051955e-01 1.842086613e-01 1.979516894e-01 2.107308060e-01
 8.614724874e-02 8.321486413e-02 7.758463919e-02 7.093022764e-02 6.399308890e-02
 5.676797032e-02 4.924905300e-02 4.143085703e-02 3.330745921e-02 2.487166598e-02
 1.611395925e-02 7.086772937e-03-2.121151192e-03-1.142615918e-02-2.075070702e-02
-3.002410382e-02-3.918291628e-02-4.817102104e-02-5.693939328e-02-6.544561684e-02
-7.365319133e-02-8.153074980e-02-8.905109018e-02-9.619020671e-02-1.029262841e-01
-1.092386544e-01-1.151068360e-01-1.205094904e-01-1.254235655e-01-1.298233569e-01
-1.336796731e-01-1.369591206e-01-1.396233737e-01-1.416285783e-01-1.429249346e-01
-1.434563249e-01-1.431603134e-01-1.419682354e-01-1.398058832e-01-1.365944594e-01
-1.322522461e-01-1.266970038e-01-1.198492721e-01-1.116367504e-01-1.019998342e-01
-9.089848399e-02-7.832036912e-02-6.429016590e-02-4.887965322e-02-3.221806884e-02
-1.450177561e-02 3.997888882e-03 2.292989008e-02 4.186317697e-02 6.052241847e-02
 7.890640199e-02 9.700263292e-02 1.147878170e-01 1.322255731e-01 1.492626667e-01
 1.658240855e-01 1.818082631e-01 1.970838606e-01 2.114913166e-01 2.248529345e-01
 8.737983555e-02 8.455224335e-02 7.902359217e-02 7.246231288e-02 6.560963392e-02
 5.846448615e-02 5.102768168e-02 4.329984263e-02 3.527956083e-02 2.696286887e-02
 1.834334061e-02 9.449097328e-03 3.690712329e-04-8.812686428e-03-1.801809296e-02
-2.717576735e-02-3.622141480e-02-4.509788007e-02-5.375496298e-02-6.214890629e-02
-7.024178654e-02-7.800066471e-02-8.539670706e-02-9.240421653e-02-9.899960458e-02
-1.051603928e-01-1.108642370e-01-1.160879210e-01-1.208065003e-01-1.249923483e-01
-1.286144257e-01-1.316374689e-01-1.340214461e-01-1.357208788e-01-1.366846263e-01
-1.368555278e-01-1.361705363e-01-1.345610023e-01-1.319534779e-01-1.282709688e-01
-1.234348267e-01-1.173674762e-01-1.099959314e-01-1.012566239e-01-9.110116214e-02
-7.950346172e-02-6.646803021e-02-5.203919485e-02-3.631091863e-02-1.943650283e-02
-1.637190115e-03 1.679148525e-02 3.547712415e-02 5.404388532e-02 7.248780876e-02
 9.080693126e-02 1.089968607e-01 1.270469725e-01 1.449357122e-01 1.626236588e-01
 1.800432801e-01 1.970842183e-01 2.135743052e-01 2.292621732e-01 2.438201457e-01
 8.901031315e-02 8.631203324e-02 8.079319447e-02 7.434654981e-02 6.757077575e-02
 6.048797071e-02 5.312057957e-02 4.547979310e-02 3.756898642e-02 2.938653529e-02
 2.092727832e-02 1.219137385e-02 3.267174587e-03-5.761752836e-03-1.481743716e-02
-2.382819913e-02-3.272908181e-02-4.146198183e-02-4.997545481e-02-5.822432041e-02
-6.616903096e-02-7.377490401e-02-8.101122826e-02-8.785033226e-02-9.426657856e-02
-1.002353951e-01-1.057322919e-01-1.107318848e-01-1.152070388e-01-1.191280037e-01
-1.224616319e-01-1.251706928e-01-1.272133142e-01-1.285424829e-01-1.291057914e-01
-1.288453788e-01-1.276980937e-01-1.255960613e-01-1.224676743e-01-1.182391644e-01
-1.128367856e-01-1.061898544e-01-9.823472053e-02-8.891981095e-02-7.821174711e-02
-6.610262394e-02-5.261828378e-02-3.782730550e-02-2.185013331e-02-4.867730662e-03
 1.287145633e-02 3.104738519e-02 4.923329502e-02 6.743181497e-02 8.565093577e-02
 1.039033979e-01 1.222053617e-01 1.405743659e-01 1.590260863e-01 1.775686741e-01
 1.961922050e-01 2.148480117e-01 2.334052026e-01 2.515555918e-01 2.686558664e-01
 9.114794433e-02 8.868315071e-02 8.331377804e-02 7.676235586e-02 6.990844011e-02
 6.280384213e-02 5.546537414e-02 4.789710790e-02 4.009762034e-02 3.206273168e-02
 2.378703654e-02 1.524150372e-02 6.508891005e-03-2.329706913e-03-1.119727362e-02
-2.002222463e-02-2.873913012e-02-3.728897125e-02-4.561905935e-02-5.368269980e-02
-6.143857911e-02-6.885010004e-02-7.588444650e-02-8.251174539e-02-8.870408684e-02
-9.443451464e-02-9.967614710e-02-1.044012010e-01-1.085801721e-01-1.121809632e-01
-1.151682585e-01-1.175028086e-01-1.191409975e-01-1.200344861e-01-1.201300398e-01
-1.193696633e-01-1.176910102e-01-1.150281653e-01-1.113129407e-01-1.064767838e-01
-1.004533172e-01-9.318177402e-02-8.461132646e-02-7.470644265e-02-6.345319748e-02
-5.086663738e-02-3.699878603e-02-2.194706909e-02-5.862454884e-03 1.104351040e-02
 2.849387750e-02 4.605022445e-02 6.371830404e-02 8.151156455e-02 9.945214540e-02
 1.175720319e-01 1.359143257e-01 1.545348167e-01 1.735037863e-01 1.929082274e-01
 2.128547132e-01 2.334740013e-01 2.549328506e-01 2.774869800e-01 3.011288643e-01
 9.423714876e-02 9.223135561e-02 8.644247800e-02 7.945223153e-02 7.240392268e-02
 6.523619592e-02 5.791630596e-02 5.042545497e-02 4.275035113e-02 3.487950563e-02
 2.680127323e-02 1.850206964e-02 1.001113374e-02 1.410990721e-03-7.220894098e-03
-1.581255347e-02-2.429792099e-02-3.261701763e-02-4.071586579e-02-4.854616523e-02
-5.606477335e-02-6.323298812e-02-7.001577318e-02-7.638084888e-02-8.229779452e-02
-8.773712814e-02-9.266935289e-02-9.706413746e-02-1.008894593e-01-1.041108668e-01
-1.066908538e-01-1.085883379e-01-1.097582281e-01-1.101513281e-01-1.097142771e-01
-1.083899215e-01-1.061179936e-01-1.028362140e-01-9.848192334e-02-9.299437702e-02
-8.631770313e-02-7.840468735e-02-6.922151148e-02-5.875327811e-02-4.701047018e-02
-3.403603286e-02-1.991292462e-02-4.771560896e-03 1.120349765e-02 2.776856907e-02
 4.450585693e-02 6.141882390e-02 7.851881534e-02 9.582678229e-02 1.133754030e-01
 1.312117428e-01 1.494008899e-01 1.680307984e-01 1.872191876e-01 2.071233839e-01
 2.279548943e-01 2.500016391e-01 2.736631036e-01 2.995014787e-01 3.271030784e-01
 9.632274508e-02 9.453819692e-02 8.869851381e-02 8.170433342e-02 7.465703040e-02
 6.752436608e-02 6.028304622e-02 5.291436613e-02 4.540313035e-02 3.773624077e-02
 2.990162931e-02 2.188777365e-02 1.368698291e-02 5.377634894e-03-2.964502200e-03
-1.126793772e-02-1.946635358e-02-2.749898843e-02-3.531066328e-02-4.285151139e-02
-5.007651076e-02-5.694483221e-02-6.341908872e-02-6.946450472e-02-7.504802942e-02
-8.013752103e-02-8.470077813e-02-8.870483935e-02-9.211520851e-02-9.489514679e-02
-9.700518847e-02-9.840272367e-02-9.904178232e-02-9.887301922e-02-9.784398973e-02
-9.589973092e-02-9.298378229e-02-8.903963119e-02-8.401276171e-02-7.785336673e-02
-7.051970065e-02-6.198232248e-02-5.222900212e-02-4.127041996e-02-2.914639562e-02
-1.593250036e-02-1.746513764e-03 1.324541308e-02 2.882400341e-02 4.462109506e-02
 6.063321233e-02 7.686349750e-02 9.332334995e-02 1.100344211e-01 1.270311624e-01
 1.443641186e-01 1.621045172e-01 1.803503036e-01 1.992350072e-01 2.189398855e-01
 2.397111952e-01 2.618831992e-01 2.859045267e-01 3.123548329e-01 3.406227529e-01
 9.748043865e-02 9.583827853e-02 9.030984342e-02 8.344746381e-02 7.651627064e-02
 6.951099634e-02 6.241953000e-02 5.523002893e-02 4.793132842e-02 4.051268473e-02
 3.296336159e-02 2.527207881e-02 1.742642187e-02 9.470185265e-03 1.479713246e-03
-6.473233923e-03-1.432194468e-02-2.200495638e-02-2.946601249e-02-3.665380180e-02
-4.352151603e-02-5.002622679e-02-5.612822622e-02-6.179021299e-02-6.697653234e-02
-7.165233046e-02-7.578277588e-02-7.933239639e-02-8.226431906e-02-8.453983068e-02
-8.611793816e-02-8.695511520e-02-8.700530231e-02-8.622011542e-02-8.454938978e-02
-8.194209635e-02-7.834768295e-02-7.371795177e-02-6.800954044e-02-6.118700653e-02
-5.322669819e-02-4.412125796e-02-3.388473392e-02-2.255816013e-02-1.021523215e-02
 3.031845205e-03 1.702855900e-02 3.157284483e-02 4.637343436e-02 6.141716987e-02
 7.669562101e-02 9.220632911e-02 1.079542041e-01 1.239533424e-01 1.402291209e-01
 1.568210572e-01 1.737863421e-01 1.912048161e-01 2.091855109e-01 2.278762460e-01
 2.474781126e-01 2.682689726e-01 2.906483114e-01 3.152350783e-01 3.408741355e-01
 9.831798077e-02 9.684760869e-02 9.140893072e-02 8.470471948e-02 7.794521004e-02
 7.112330943e-02 6.423337013e-02 5.727006868e-02 5.022782832e-02 4.310026765e-02
 3.587989882e-02 2.855786867e-02 2.112367004e-02 1.358145382e-02 6.006884854e-03
-1.529019559e-03-8.959915489e-03-1.622421108e-02-2.326501347e-02-3.002990037e-02
-3.647052497e-02-4.254207760e-02-4.820267484e-02-5.341264978e-02-5.813384056e-02
-6.232887506e-02-6.596049666e-02-6.899094582e-02-7.138144225e-02-7.309177518e-02
-7.408008724e-02-7.430286705e-02-7.371507585e-02-7.227072120e-02-6.992366910e-02
-6.662889570e-02-6.234419346e-02-5.703248084e-02-5.066464841e-02-4.322309047e-02
-3.470590338e-02-2.513173968e-02-1.454508305e-02-3.021501470e-03 9.328671731e-03
 2.234997973e-02 3.585545719e-02 4.965670034e-02 6.372979283e-02 7.805360854e-02
 9.261078387e-02 1.073885262e-01 1.223795563e-01 1.375832707e-01 1.530069709e-01
 1.686672568e-01 1.845917106e-01 2.008203715e-01 2.174074650e-01 2.344226390e-01
 2.519514561e-01 2.700940967e-01 2.889577448e-01 3.086061776e-01 3.281007707e-01
 9.860698134e-02 9.729061276e-02 9.197850525e-02 8.547287434e-02 7.892178744e-02
 7.231492549e-02 6.565529108e-02 5.894719809e-02 5.219261721e-02 4.539052024e-02
 3.853729367e-02 3.162752464e-02 2.465509996e-02 1.758717746e-02 1.049500424e-02
 3.446145449e-03-3.494801465e-03-1.026698016e-02-1.681349427e-02-2.308131196e-02
-2.902096696e-02-3.458612412e-02-3.973304480e-02-4.441999644e-02-4.860664532e-02
-5.225346237e-02-5.532115698e-02-5.777023733e-02-5.956060067e-02-6.065136567e-02
-6.100081280e-02-6.056660414e-02-5.930624902e-02-5.717788637e-02-5.414147303e-02
-5.016035587e-02-4.520335793e-02-3.924734890e-02-3.228040785e-02-2.430557273e-02
-1.534524746e-02-5.446266383e-03 5.313915201e-03 1.681849547e-02 2.894055471e-02
 4.142287374e-02 5.425902456e-02 6.740748882e-02 8.083245158e-02 9.450177848e-02
 1.083863080e-01 1.224598214e-01 1.366992295e-01 1.510850340e-01 1.656016409e-01
 1.802375615e-01 1.949852109e-01 2.098395228e-01 2.247952968e-01 2.398414612e-01
 2.549503148e-01 2.700572014e-01 2.850210965e-01 2.995388508e-01 3.129636943e-01
 9.808968008e-02 9.683915228e-02 9.196320176e-02 8.577787131e-02 7.945349067e-02
 7.305152714e-02 6.661558896e-02 6.016756222e-02 5.371657014e-02 4.726431891e-02
 4.080794379e-02 3.434147686e-02 2.785639279e-02 2.134093456e-02 1.480495092e-02
 8.316854015e-03 1.940512564e-03-4.264060408e-03-1.024041977e-02-1.593546011e-02
-2.129912376e-02-2.628405578e-02-3.084515780e-02-3.493913263e-02-3.852400929e-02
-4.155867547e-02-4.400250316e-02-4.581501335e-02-4.695574194e-02-4.738420248e-02
-4.706012085e-02-4.594387487e-02-4.399726912e-02-4.118465260e-02-3.747440130e-02
-3.284085542e-02-2.726664208e-02-2.074542642e-02-1.328500919e-02-4.911001772e-03
 4.329618998e-03 1.436557062e-02 2.510066330e-02 3.626119345e-02 4.785167798e-02
 5.982694775e-02 7.214885950e-02 8.477760851e-02 9.767290205e-02 1.107942909e-01
 1.241012663e-01 1.375533640e-01 1.511103213e-01 1.647324115e-01 1.783804148e-01
 1.920154989e-01 2.055983841e-01 2.190875560e-01 2.324356586e-01 2.455835789e-01
 2.584510446e-01 2.709228098e-01 2.828309536e-01 2.939387560e-01 3.039453030e-01
 9.825703502e-02 9.748004377e-02 9.235045314e-02 8.593495190e-02 7.957650721e-02
 7.325778902e-02 6.699594855e-02 6.079775095e-02 5.466290563e-02 4.858691990e-02
 4.256284609e-02 3.658248857e-02 3.063735366e-02 2.471980080e-02 1.879959553e-02
 1.294014137e-02 7.200167514e-03 1.636667410e-03-3.695637453e-03-8.744464256e-03
-1.345991623e-02-1.779429801e-02-2.170184255e-02-2.513839491e-02-2.806110308e-02
-3.042812645e-02-3.219841793e-02-3.333162144e-02-3.378810734e-02-3.352919221e-02
-3.251761198e-02-3.071824834e-02-2.809918858e-02-2.463316731e-02-2.029941045e-02
-1.508589275e-02-8.991979063e-03-2.031278331e-03 5.766445771e-03 1.434981823e-02
 2.364234999e-02 3.353668377e-02 4.390502721e-02 5.471856520e-02 6.594932079e-02
 7.756233215e-02 8.951880038e-02 1.017763689e-01 1.142893061e-01 1.270086020e-01
 1.398819685e-01 1.528540105e-01 1.658665240e-01 1.788588762e-01 1.917686313e-01
 2.045319378e-01 2.170837671e-01 2.293573469e-01 2.412827611e-01 2.527842224e-01
 2.637761831e-01 2.741587162e-01 2.838142216e-01 2.926082015e-01 3.003977835e-01
 9.784468263e-02 9.744943678e-02 9.217985719e-02 8.540078998e-02 7.890790701e-02
 7.263884693e-02 6.655550003e-02 6.063306704e-02 5.485243350e-02 4.919705167e-02
 4.365199804e-02 3.820370138e-02 3.283984959e-02 2.754914947e-02 2.232047170e-02
 1.716127247e-02 1.212777011e-02 7.274615578e-03 2.654673997e-03-1.681077061e-03
-5.683546886e-03-9.305445477e-03-1.250115409e-02-1.522656344e-02-1.743893325e-02
-1.909678616e-02-2.015989646e-02-2.058938518e-02-2.034796402e-02-1.940040663e-02
-1.771424338e-02-1.526077185e-02-1.201634202e-02-7.964028977e-03-3.095841734e-03
 2.584623639e-03 9.058942087e-03 1.628721878e-02 2.422373742e-02 3.279119730e-02
 4.189328104e-02 5.152008310e-02 6.163873151e-02 7.221756876e-02 8.322384208e-02
 9.462144226e-02 1.063698977e-01 1.184236035e-01 1.307311654e-01 1.432347894e-01
 1.558699310e-01 1.685652137e-01 1.812426746e-01 1.938187629e-01 2.062057853e-01
 2.183139622e-01 2.300536931e-01 2.413377762e-01 2.520831823e-01 2.622118294e-01
 2.716506720e-01 2.803308964e-01 2.881874740e-01 2.951602042e-01 3.011962771e-01
 9.536848962e-02 9.507109225e-02 8.993632346e-02 8.322906494e-02 7.685107738e-02
 7.078222185e-02 6.498760730e-02 5.943367258e-02 5.409018323e-02 4.893083870e-02
 4.393330216e-02 3.907905519e-02 3.435306996e-02 2.974351682e-02 2.524152584e-02
 2.084124833e-02 1.657292061e-02 1.248820592e-02 8.637416176e-03 5.069472827e-03
 1.831843052e-03-1.029495266e-03-3.470064141e-03-5.446894094e-03-6.918566301e-03
-7.845312357e-03-8.189210668e-03-7.914491929e-03-6.987972185e-03-5.379680078e-03
-3.063843818e-03-2.016249346e-05 3.764845664e-03 8.296640590e-03 1.356976666e-02
 1.956567355e-02 2.625911124e-02 3.351814300e-02 4.136206955e-02 4.977948219e-02
 5.874570087e-02 6.823918223e-02 7.823594660e-02 8.870968223e-02 9.963092208e-02
 1.109658927e-01 1.226751134e-01 1.347120404e-01 1.470215619e-01 1.595385373e-01
 1.721864939e-01 1.848767698e-01 1.975084245e-01 2.099694312e-01 2.221393734e-01
 2.338938862e-01 2.451105118e-01 2.556753159e-01 2.654892206e-01 2.744728029e-01
 2.825690210e-01 2.897435427e-01 2.959828973e-01 3.012912869e-01 3.056869507e-01
 9.118238091e-02 9.097205848e-02 8.570025861e-02 7.916832715e-02 7.308027148e-02
 6.738610566e-02 6.204025447e-02 5.699653178e-02 5.221316963e-02 4.765491188e-02
 4.329340905e-02 3.910677880e-02 3.507889807e-02 3.119869530e-02 2.745958790e-02
 2.385919727e-02 2.039860561e-02 1.712431759e-02 1.408285089e-02 1.132011786e-02
 8.881016634e-03 6.809185259e-03 5.146827549e-03 3.934533335e-03 3.211046336e-03
 3.012935864e-03 3.374142339e-03 4.325423390e-03 5.893801339e-03 8.102357388e-03
 1.096854545e-02 1.450199075e-02 1.870230772e-02 2.356498502e-02 2.906955034e-02
 3.515062481e-02 4.182010144e-02 4.906551167e-02 5.688066781e-02 6.525721401e-02
 7.418368757e-02 8.364678174e-02 9.363099188e-02 1.041180491e-01 1.150859967e-01
 1.265079081e-01 1.383501887e-01 1.505704522e-01 1.631150246e-01 1.759159416e-01
 1.888879538e-01 2.019255608e-01 2.149008960e-01 2.276637256e-01 2.400447726e-01
 2.518633306e-01 2.629395127e-01 2.731094956e-01 2.822405696e-01 2.902430296e-01
 2.970762849e-01 3.027490079e-01 3.073127568e-01 3.108507395e-01 3.134640753e-01
 8.434225619e-02 8.400502801e-02 7.908733189e-02 7.291409373e-02 6.732118130e-02
 6.222668663e-02 5.754376203e-02 5.319841951e-02 4.913266003e-02 4.530314356e-02
 4.167864844e-02 3.823758662e-02 3.496597335e-02 3.185596317e-02 2.890480310e-02
 2.611412667e-02 2.348944172e-02 2.104922757e-02 1.883688010e-02 1.689518616e-02
 1.526578050e-02 1.398892794e-02 1.310334727e-02 1.264596544e-02 1.265154034e-02
 1.315208524e-02 1.417601202e-02 1.574687473e-02 1.788144186e-02 2.059628628e-02
 2.390201762e-02 2.779831737e-02 3.224291280e-02 3.725540638e-02 4.283959791e-02
 4.898976162e-02 5.570466444e-02 6.298232079e-02 7.082103193e-02 7.921876758e-02
 8.817265928e-02 9.767884016e-02 1.077321246e-01 1.183253452e-01 1.294484586e-01
 1.410871595e-01 1.532208323e-01 1.658199281e-01 1.788422167e-01 1.922279596e-01
 2.058937252e-01 2.197249979e-01 2.335682809e-01 2.472246289e-01 2.604484558e-01
 2.729570568e-01 2.844552994e-01 2.946722507e-01 3.033985496e-01 3.105130792e-01
 3.159945309e-01 3.199199140e-01 3.224502504e-01 3.238025308e-01 3.242120147e-01
 7.465336472e-02 7.406242192e-02 6.943812966e-02 6.396054476e-02 5.927824974e-02
 5.516335741e-02 5.145388469e-02 4.804749787e-02 4.488061368e-02 4.191395640e-02
 3.912382945e-02 3.649692982e-02 3.402725607e-02 3.171427548e-02 2.956187166e-02
 2.757780999e-02 2.577363700e-02 2.416500635e-02 2.277575806e-02 2.164554596e-02
 2.081148326e-02 2.030891739e-02 2.017157152e-02 2.043136209e-02 2.111803368e-02
 2.225853503e-02 2.387620881e-02 2.598965168e-02 2.857730724e-02 3.166417405e-02
 3.526544943e-02 3.938873112e-02 4.403549433e-02 4.921143129e-02 5.492174998e-02
 6.117056310e-02 6.796224415e-02 7.530151308e-02 8.319360018e-02 9.164429456e-02
 1.006598994e-01 1.102471873e-01 1.204132363e-01 1.311651319e-01 1.425093561e-01
 1.544507295e-01 1.669907868e-01 1.801251471e-01 1.938394606e-01 2.081032246e-01
 2.228607237e-01 2.380173653e-01 2.534203827e-01 2.688329220e-01 2.839052677e-01
 2.981618643e-01 3.110436797e-01 3.220227361e-01 3.307195604e-01 3.369495273e-01
 3.407208920e-01 3.422295451e-01 3.418511152e-01 3.400911093e-01 3.374654353e-01
 6.040020660e-02 5.898512527e-02 5.525677651e-02 5.175764114e-02 4.891767353e-02
 4.637360573e-02 4.400994629e-02 4.178041220e-02 3.966633976e-02 3.766215965e-02
 3.576936573e-02 3.399363905e-02 3.234345466e-02 3.082943149e-02 2.946406230e-02
 2.826179750e-02 2.723928168e-02 2.641585469e-02 2.581427991e-02 2.546093613e-02
 2.538332716e-02 2.560887113e-02 2.616417222e-02 2.707450092e-02 2.836328931e-02
 3.005160764e-02 3.215751424e-02 3.469523415e-02 3.767400607e-02 4.110595211e-02
 4.500254989e-02 4.937367141e-02 5.422786623e-02 5.957375094e-02 6.542008370e-02
 7.177595049e-02 7.865111530e-02 8.605638146e-02 9.400384873e-02 1.025072485e-01
 1.115822345e-01 1.212466657e-01 1.315209866e-01 1.424284577e-01 1.539954245e-01
 1.662513018e-01 1.792282313e-01 1.929601580e-01 2.074806243e-01 2.228184938e-01
 2.389903367e-01 2.559863329e-01 2.737455964e-01 2.921097279e-01 3.107280135e-01
 3.288497627e-01 3.451057673e-01 3.581377268e-01 3.673328757e-01 3.725367188e-01
 3.738117218e-01 3.714401424e-01 3.661082685e-01 3.591600657e-01 3.520105779e-01
 4.079233110e-02 3.702712059e-02 3.719221428e-02 3.771848977e-02 3.744620085e-02
 3.678160161e-02 3.590679914e-02 3.492072225e-02 3.388666362e-02 3.285005316e-02
 3.184621781e-02 3.090425022e-02 3.004923835e-02 2.930370532e-02 2.868863940e-02
 2.822428755e-02 2.793078870e-02 2.782867849e-02 2.793922089e-02 2.828437462e-02
 2.888633311e-02 2.976702712e-02 3.094770387e-02 3.244855627e-02 3.428844362e-02
 3.648460656e-02 3.905252740e-02 4.200586677e-02 4.535675794e-02 4.911687970e-02
 5.329750478e-02 5.790955946e-02 6.296387315e-02 6.847159564e-02 7.444448769e-02
 8.089531958e-02 8.783818781e-02 9.528895468e-02 1.032656282e-01 1.117888838e-01
 1.208826900e-01 1.305749565e-01 1.408984959e-01 1.518920064e-01 1.636015177e-01
 1.760818958e-01 1.893989146e-01 2.036314905e-01 2.188740224e-01 2.352389097e-01
 2.528578639e-01 2.718812823e-01 2.924746275e-01 3.148124814e-01 3.390883803e-01
 3.656444848e-01 3.893752098e-01 4.055154026e-01 4.152469039e-01 4.191884995e-01
 4.168142378e-01 4.086149335e-01 3.938084245e-01 3.770802021e-01 3.642804027e-01
 2.723796852e-02 2.272403240e-02 2.376524918e-02 2.581996657e-02 2.707545459e-02
 2.776283398e-02 2.806405909e-02 2.811290883e-02 2.800768986e-02 2.782222815e-02
 2.761344239e-02 2.742640302e-02 2.729780041e-02 2.725838497e-02 2.733475156e-02
 2.755064890e-02 2.792792767e-02 2.848722041e-02 2.924834192e-02 3.023050353e-02
 3.145230561e-02 3.293162584e-02 3.468552977e-02 3.673009574e-02 3.908035904e-02
 4.175027460e-02 4.475271702e-02 4.809963331e-02 5.180227384e-02 5.587157235e-02
 6.031841785e-02 6.515392661e-02 7.038976252e-02 7.603839785e-02 8.211353421e-02
 8.863039315e-02 9.560611844e-02 1.030601636e-01 1.110148355e-01 1.194958538e-01
 1.285331547e-01 1.381618679e-01 1.484235525e-01 1.593679786e-01 1.710554361e-01
 1.835597456e-01 1.969725788e-01 2.114091814e-01 2.270165682e-01 2.439844310e-01
 2.625603676e-01 2.830687165e-01 3.059319556e-01 3.316884041e-01 3.610024154e-01
 3.923268616e-01 4.162016511e-01 4.324308634e-01 4.414388239e-01 4.429191351e-01
 4.370959699e-01 4.228872061e-01 4.017035067e-01 3.834098876e-01 3.686329424e-01
 1.803898253e-02 1.315437537e-02 1.439900883e-02 1.686259545e-02 1.871601120e-02
 2.008127980e-02 2.107678168e-02 2.181024849e-02 2.237319015e-02 2.284052595e-02
 2.327260189e-02 2.371789142e-02 2.421568148e-02 2.479837462e-02 2.549334243e-02
 2.632431686e-02 2.731239796e-02 2.847674116e-02 2.983500250e-02 3.140358627e-02
 3.319777548e-02 3.523180634e-02 3.751888499e-02 4.007122666e-02 4.290011898e-02
 4.601601511e-02 4.942868650e-02 5.314741284e-02 5.718125775e-02 6.153936312e-02
 6.623128057e-02 7.126729935e-02 7.665875554e-02 8.241839707e-02 8.856066316e-02
 9.510201216e-02 1.020612642e-01 1.094599068e-01 1.173225865e-01 1.256776005e-01
 1.345576644e-01 1.440008730e-01 1.540520340e-01 1.647644788e-01 1.762026250e-01
 1.884455085e-01 2.015916407e-01 2.157663703e-01 2.311324626e-01 2.479065359e-01
 2.663850188e-01 2.869865000e-01 3.103195727e-01 3.372671604e-01 3.687583804e-01
 3.965401053e-01 4.174035788e-01 4.313820899e-01 4.382692575e-01 4.380299151e-01
 4.294341505e-01 4.118154049e-01 3.927965164e-01 3.768717647e-01 3.634449244e-01
 1.216251869e-02 7.028029766e-03 7.863734849e-03 1.028675213e-02 1.223636698e-02
 1.379688643e-02 1.506778784e-02 1.614181325e-02 1.709857024e-02 1.800302044e-02
 1.890680939e-02 1.985080726e-02 2.086776495e-02 2.198462188e-02 2.322423272e-02
 2.460654452e-02 2.614934370e-02 2.786867321e-02 2.977903932e-02 3.189350665e-02
 3.422376886e-02 3.678020462e-02 3.957196698e-02 4.260711372e-02 4.589278251e-02
 4.943535477e-02 5.324073136e-02 5.731456727e-02 6.166264415e-02 6.629117578e-02
 7.120723277e-02 7.641915977e-02 8.193689585e-02 8.777236938e-02 9.393979609e-02
 1.004558578e-01 1.073399335e-01 1.146142259e-01 1.223040000e-01 1.304378211e-01
 1.390480399e-01 1.481713951e-01 1.578499675e-01 1.681324989e-01 1.790761948e-01
 1.907491684e-01 2.032337487e-01 2.166312784e-01 2.310686857e-01 2.467083931e-01
 2.637638152e-01 2.825258970e-01 3.034169078e-01 3.271482587e-01 3.524899483e-01
 3.737131357e-01 3.899214864e-01 4.008260369e-01 4.063180685e-01 4.055411816e-01
 3.981961310e-01 3.850857913e-01 3.725311756e-01 3.610812426e-01 3.507692218e-01
 8.428964764e-03 2.951011062e-03 3.594542621e-03 5.667983554e-03 7.306677755e-03
 8.656009100e-03 9.840467013e-03 1.095581613e-02 1.206992194e-02 1.322885975e-02
 1.446383633e-02 1.579698361e-02 1.724551246e-02 1.882431470e-02 2.054733038e-02
 2.242803574e-02 2.447940782e-02 2.671359107e-02 2.914153785e-02 3.177268431e-02
 3.461479396e-02 3.767396510e-02 4.095475376e-02 4.446040466e-02 4.819312319e-02
 5.215436965e-02 5.634516478e-02 6.076643243e-02 6.541936100e-02 7.030590624e-02
 7.542928308e-02 8.079453558e-02 8.640908450e-02 9.228314459e-02 9.842998534e-02
 1.048660651e-01 1.116109192e-01 1.186869517e-01 1.261192411e-01 1.339353323e-01
 1.421651095e-01 1.508409530e-01 1.599979699e-01 1.696744114e-01 1.799122095e-01
 1.907576323e-01 2.022617012e-01 2.144803703e-01 2.274735719e-01 2.413020581e-01
 2.560187876e-01 2.716474533e-01 2.881298661e-01 3.052071631e-01 3.220548928e-01
 3.368842602e-01 3.487479091e-01 3.571793437e-01 3.618729711e-01 3.626641035e-01
 3.596705794e-01 3.541998565e-01 3.476629257e-01 3.407481313e-01 3.338649273e-01
 7.542665116e-03 1.716673956e-03 1.634147600e-03 2.764208009e-03 3.509282367e-03
 4.170413595e-03 4.921250045e-03 5.843114574e-03 6.961931009e-03 8.276307024e-03
 9.774940088e-03 1.144619845e-02 1.328271441e-02 1.528285909e-02 1.745030284e-02
 1.979255304e-02 2.231907845e-02 2.503954805e-02 2.796238475e-02 3.109384514e-02
 3.443760797e-02 3.799482062e-02 4.176446423e-02 4.574388266e-02 4.992926493e-02
 5.431606621e-02 5.889929831e-02 6.367379427e-02 6.863459945e-02 7.377751172e-02
 7.909992337e-02 8.460175991e-02 9.028643370e-02 9.616158158e-02 1.022394225e-01
 1.085366607e-01 1.150739193e-01 1.218749136e-01 1.289653927e-01 1.363722533e-01
 1.441227496e-01 1.522440463e-01 1.607627422e-01 1.697047055e-01 1.790944487e-01
 1.889544725e-01 1.993035376e-01 2.101540416e-01 2.215070277e-01 2.333439291e-01
 2.456127405e-01 2.582053840e-01 2.709242702e-01 2.834410071e-01 2.952767313e-01
 3.058686554e-01 3.147128522e-01 3.214519918e-01 3.258941174e-01 3.280284405e-01
 3.280554116e-01 3.263764977e-01 3.234774768e-01 3.197948635e-01 3.156659305e-01
 1.094957069e-02 5.205750465e-03 2.610006835e-03 1.086670090e-03-1.149697637e-04
-6.971136318e-04-5.982231232e-04 9.330938337e-05 1.259997138e-03 2.795743523e-03
 4.616794642e-03 6.664340384e-03 8.903390728e-03 1.131906360e-02 1.391125843e-02
 1.668889821e-02 1.966468617e-02 2.285094932e-02 2.625674754e-02 2.988630533e-02
 3.373865038e-02 3.780826181e-02 4.208639264e-02 4.656249285e-02 5.122530833e-02
 5.606334284e-02 6.106482446e-02 6.621739268e-02 7.150797546e-02 7.692337036e-02
 8.245162666e-02 8.808408678e-02 9.381753951e-02 9.965591133e-02 1.056109890e-01
 1.117020622e-01 1.179543808e-01 1.243968382e-01 1.310594380e-01 1.379710734e-01
 1.451580822e-01 1.526433825e-01 1.604459584e-01 1.685804725e-01 1.770565212e-01
 1.858774722e-01 1.950384974e-01 2.045235336e-01 2.143008411e-01 2.243166566e-01
 2.344872057e-01 2.446889877e-01 2.547501028e-01 2.644472122e-01 2.735156119e-01
 2.816767693e-01 2.886768878e-01 2.943229973e-01 2.985073626e-01 3.012202084e-01
 3.025497794e-01 3.026655018e-01 3.017848432e-01 3.001356125e-01 2.979273796e-01
 1.515920833e-02 9.213163517e-03 3.633297747e-03-1.747649163e-03-6.578646600e-03
-8.140557446e-03-8.183114231e-03-7.224012166e-03-5.589773878e-03-3.509718459e-03
-1.143193687e-03 1.411252888e-03 4.107725341e-03 6.940287538e-03 9.927815758e-03
 1.310030743e-02 1.648864150e-02 2.011775784e-02 2.400248870e-02 2.814562619e-02
 3.253830969e-02 3.716274723e-02 4.199656844e-02 4.701711982e-02 5.220408738e-02
 5.753978342e-02 6.300741434e-02 6.858841330e-02 7.425998151e-02 7.999475300e-02
 8.576349914e-02 9.154070914e-02 9.731045365e-02 1.030704454e-01 1.088339239e-01
 1.146288514e-01 1.204944253e-01 1.264747679e-01 1.326122284e-01 1.389426887e-01
 1.454938948e-01 1.522855461e-01 1.593299508e-01 1.666324586e-01 1.741913855e-01
 1.819972694e-01 1.900315285e-01 1.982644200e-01 2.066523582e-01 2.151348293e-01
 2.236312181e-01 2.320382893e-01 2.402297407e-01 2.480593473e-01 2.553689480e-01
 2.620014548e-01 2.678165436e-01 2.727062106e-01 2.766063809e-01 2.795032263e-01
 2.814325392e-01 2.824725211e-01 2.827310562e-01 2.823313475e-01 2.813981473e-01
 1.744634844e-02 1.074010693e-02 3.446511459e-03-4.815612920e-03-1.394104213e-02
-1.898617297e-02-1.905494928e-02-1.667990535e-02-1.375076268e-02-1.054550149e-02
-7.282212377e-03-4.070959520e-03-9.136659792e-04 2.255501691e-03 5.526465364e-03
 8.985998109e-03 1.270545181e-02 1.673565432e-02 2.110340074e-02 2.580815740e-02
 3.082177602e-02 3.609579802e-02 4.157637805e-02 4.721885175e-02 5.299399048e-02
 5.888560414e-02 6.488330662e-02 7.097287476e-02 7.712537050e-02 8.328865469e-02
 8.939246088e-02 9.537063539e-02 1.011806577e-01 1.068090647e-01 1.122725904e-01
 1.176209599e-01 1.229334772e-01 1.282981038e-01 1.337861121e-01 1.394438893e-01
 1.452977955e-01 1.513606310e-01 1.576357335e-01 1.641190797e-01 1.707998812e-01
 1.776603907e-01 1.846750975e-01 1.918096244e-01 1.990194917e-01 2.062489390e-01
 2.134301662e-01 2.204833329e-01 2.273179442e-01 2.338360548e-01 2.399371862e-01
 2.455250621e-01 2.505151033e-01 2.548415363e-01 2.584629357e-01 2.613651156e-01
 2.635612786e-01 2.650887966e-01 2.660041451e-01 2.663762569e-01 2.662798762e-01
 2.022749186e-02 1.335162483e-02 5.603078753e-03-3.476996673e-03-1.424902957e-02
-2.235112712e-02-2.651459165e-02-2.657517046e-02-2.251375467e-02-1.732675731e-02
-1.279727742e-02-9.011516348e-03-5.700820126e-03-2.549460391e-03 6.909775548e-04
 4.192606080e-03 8.075714111e-03 1.242586877e-02 1.729552820e-02 2.268845402e-02
 2.853208408e-02 3.467823565e-02 4.097620770e-02 4.734121636e-02 5.375212058e-02
 6.022389606e-02 6.678670645e-02 7.347112894e-02 8.028788865e-02 8.716408908e-02
 9.385550767e-02 1.001708582e-01 1.060518920e-01 1.114802957e-01 1.164571196e-01
 1.210349649e-01 1.254322082e-01 1.299251765e-01 1.346146464e-01 1.395213753e-01
 1.446444392e-01 1.499755085e-01 1.555024981e-01 1.612101793e-01 1.670795828e-01
 1.730873883e-01 1.792049557e-01 1.853976548e-01 1.916242242e-01 1.978365481e-01
 2.039797008e-01 2.099926770e-01 2.158097327e-01 2.213627547e-01 2.265842706e-01
 2.314111143e-01 2.357881963e-01 2.396721542e-01 2.430339754e-01 2.458606511e-01
 2.481551915e-01 2.499354631e-01 2.512317002e-01 2.520834804e-01 2.525362968e-01
 2.431792393e-02 1.806150749e-02 1.117225364e-02 3.537212964e-03-4.843788687e-03
-1.376353111e-02-2.161013894e-02-2.555272542e-02-2.514271066e-02-2.001002431e-02
-1.502394583e-02-1.197481714e-02-9.812072851e-03-7.536319550e-03-4.880832974e-03
-1.718666521e-03 2.055079676e-03 6.550919265e-03 1.189586893e-02 1.822856441e-02
 2.559648640e-02 3.327360377e-02 4.064733908e-02 4.775940999e-02 5.472183973e-02
 6.164754927e-02 6.864742935e-02 7.583988458e-02 8.337122947e-02 9.143363684e-02
 9.897834063e-02 1.056779623e-01 1.116509512e-01 1.168395653e-01 1.212148517e-01
 1.246537119e-01 1.275548488e-01 1.310267001e-01 1.348979622e-01 1.390770525e-01
 1.435091943e-01 1.481578797e-01 1.529955417e-01 1.579980403e-01 1.631412357e-01
 1.683990061e-01 1.737421453e-01 1.791376770e-01 1.845486611e-01 1.899342537e-01
 1.952499598e-01 2.004484683e-01 2.054806650e-01 2.102972269e-01 2.148504257e-01
 2.190962136e-01 2.229962498e-01 2.265198827e-01 2.296455055e-01 2.323614210e-01
 2.346660197e-01 2.365671694e-01 2.380810976e-01 2.392307818e-01 2.400441766e-01
 2.949937060e-02 2.431092039e-02 1.873897202e-02 1.277786773e-02 6.508671213e-03
 1.045527169e-04-6.185756065e-03-1.206384320e-02-1.534223929e-02-1.309259608e-02
-1.039037481e-02-9.736473672e-03-9.872038849e-03-8.915237151e-03-7.103164680e-03
-4.498700611e-03-1.058484311e-03 3.316751448e-03 8.798018098e-03 1.570937037e-02
 2.464981936e-02 3.373897821e-02 4.174190387e-02 4.915015399e-02 5.625355989e-02
 6.324682385e-02 7.028683275e-02 7.752627134e-02 8.514104038e-02 9.331372380e-02
 1.009515300e-01 1.076592356e-01 1.135401204e-01 1.185567006e-01 1.226415634e-01
 1.256445944e-01 1.280463338e-01 1.309959739e-01 1.343405545e-01 1.379764080e-01
 1.418437064e-01 1.459071189e-01 1.501420140e-01 1.545264572e-01 1.590374112e-01
 1.636494696e-01 1.683346629e-01 1.730624437e-01 1.777999401e-01 1.825122535e-01
 1.871628016e-01 1.917139888e-01 1.961278915e-01 2.003673315e-01 2.043968886e-01
 2.081842273e-01 2.117011249e-01 2.149246782e-01 2.178378999e-01 2.204304188e-01
 2.226984501e-01 2.246445715e-01 2.262771577e-01 2.276095301e-01 2.286588848e-01
 0.200885463E+01 0.203237176E+01 0.204601288E+01 0.206120038E+01 0.208045697E+01
 0.209593344E+01 0.211028361E+01 0.212418365E+01 0.213914680E+01 0.215328765E+01
 0.216840696E+01 0.218304610E+01 0.219748759E+01 0.221286845E+01 0.222802114E+01
 0.224317908E+01 0.225870275E+01 0.227492166E+01 0.229090762E+01 0.230722952E+01
 0.232436609E+01 0.234197044E+01 0.235972238E+01 0.237799859E+01 0.239714289E+01
 0.241688967E+01 0.243719530E+01 0.245821476E+01 0.248011708E+01 0.250303555E+01
 0.252674699E+01 0.255143714E+01 0.257720280E+01 0.260433173E+01 0.263267899E+01
 0.266226578E+01 0.269334149E+01 0.272610521E+01 0.276065302E+01 0.279704523E+01
 0.283540225E+01 0.287600136E+01 0.291910982E+01 0.296494770E+01 0.301362705E+01
 0.306557894E+01 0.312116933E+01 0.318075323E+01 0.324495268E+01 0.331425643E+01
 0.338934708E+01 0.347113705E+01 0.356054664E+01 0.365909123E+01 0.376815271E+01
 0.389048100E+01 0.402813005E+01 0.418650293E+01 0.437003899E+01 0.458985138E+01
 0.485964727E+01 0.521093607E+01 0.570620680E+01 0.655326891E+01 0.124009047E+02
   89   86
 0.106815720E+01-0.100000001E+00 0.106617498E+01 0.000000000E+00 0.106989062E+01
 0.100000001E+00 0.107899952E+01 0.198531881E+00 0.108560562E+01 0.250000000E+00
 0.110224593E+01 0.349999994E+00 0.111190343E+01 0.400000006E+00 0.113218749E+01
 0.493616462E+00 0.114547276E+01 0.550000012E+00 0.115888071E+01 0.603407085E+00
 0.118467498E+01 0.699664533E+00 0.119907725E+01 0.750000000E+00 0.121430099E+01
 0.800000012E+00 0.123843753E+01 0.871735811E+00 0.126499999E+01 0.929550767E+00
 0.129156256E+01 0.964981258E+00 0.134468746E+01 0.991856158E+00 0.139781249E+01
 0.992739916E+00 0.145093751E+01 0.983175874E+00 0.150406253E+01 0.966557145E+00
 0.154272616E+01 0.949999988E+00 0.158375001E+01 0.932526469E+00 0.163687503E+01
 0.904124618E+00 0.166343749E+01 0.888872862E+00 0.171656251E+01 0.854654193E+00
 0.174312496E+01 0.836353123E+00 0.179061604E+01 0.800000012E+00 0.182281256E+01
 0.774815202E+00 0.185128367E+01 0.750000000E+00 0.190250003E+01 0.703278184E+00
 0.192906249E+01 0.677314639E+00 0.195562506E+01 0.649337649E+00 0.199976254E+01
 0.600000024E+00 0.203531241E+01 0.556524694E+00 0.206187510E+01 0.520741701E+00
 0.208843756E+01 0.481627703E+00 0.211500001E+01 0.438690722E+00 0.214156246E+01
 0.391240776E+00 0.216812491E+01 0.338301718E+00 0.219468760E+01 0.278225183E+00
 0.222125006E+01 0.207608506E+00 0.223869562E+01 0.150000006E+00 0.225026083E+01
 0.100000001E+00 0.226199102E+01 0.000000000E+00 0.225788832E+01-0.100000001E+00
 0.224781251E+01-0.160858110E+00 0.222568297E+01-0.250000000E+00 0.220960617E+01
-0.300000012E+00 0.219139576E+01-0.349999994E+00 0.216812491E+01-0.407302409E+00
 0.214156246E+01-0.464653403E+00 0.211500001E+01-0.515364289E+00 0.208843756E+01
-0.560719490E+00 0.206130743E+01-0.602529109E+00 0.202740002E+01-0.649999976E+00
 0.198843884E+01-0.699999988E+00 0.195562506E+01-0.739134908E+00 0.192906249E+01
-0.769251227E+00 0.190001082E+01-0.800000012E+00 0.185189784E+01-0.849051297E+00
 0.182281256E+01-0.877575994E+00 0.179506803E+01-0.902505100E+00 0.174312496E+01
-0.946961105E+00 0.171656251E+01-0.968831837E+00 0.167344820E+01-0.100000000E+01
 0.163687503E+01-0.102618682E+01 0.159725928E+01-0.104999995E+01 0.155718756E+01
-0.107438946E+01 0.150650287E+01-0.109955812E+01 0.147749996E+01-0.111431623E+01
 0.142437506E+01-0.113691533E+01 0.138554025E+01-0.114999998E+01 0.134468746E+01
-0.116512012E+01 0.129156256E+01-0.117885244E+01 0.123843753E+01-0.118530333E+01
 0.116472495E+01-0.117445076E+01 0.117382336E+01-0.110000002E+01 0.117859447E+01
-0.100000000E+01 0.117458117E+01-0.899999976E+00 0.116462600E+01-0.800000012E+00
 0.115796840E+01-0.749012351E+00 0.114290023E+01-0.649999976E+00 0.113218749E+01
-0.584581971E+00 0.111815715E+01-0.500000000E+00 0.110562503E+01-0.422939569E+00
 0.109415781E+01-0.349999994E+00 0.108075464E+01-0.250000000E+00 0.107543898E+01
-0.200000003E+00 0.106815720E+01-0.100000001E+00
 0.101600003E+01 0.000000000E+00 0.101600003E+01 0.963999987E+00 0.101600003E+01
 0.967999995E+00 0.101600003E+01 0.100100005E+01 0.101600003E+01 0.101900005E+01
 0.101600003E+01 0.107700002E+01 0.101600003E+01 0.107000005E+01 0.101600003E+01
 0.109599996E+01 0.101600003E+01 0.111300004E+01 0.101600003E+01 0.113800001E+01
 0.101600003E+01 0.114699996E+01 0.101199996E+01 0.116499996E+01 0.100100005E+01
 0.121700001E+01 0.102900004E+01 0.121700001E+01 0.104200006E+01 0.116240001E+01
 0.104600000E+01 0.116237998E+01 0.105599999E+01 0.116260004E+01 0.109700000E+01
 0.116450000E+01 0.110800004E+01 0.116594005E+01 0.111600006E+01 0.116591001E+01
 0.113399994E+01 0.116895998E+01 0.114800000E+01 0.117174995E+01 0.116199994E+01
 0.117556000E+01 0.118099999E+01 0.118299997E+01 0.118200004E+01 0.118350005E+01
 0.118499994E+01 0.118499994E+01 0.119000006E+01 0.118799996E+01 0.119500005E+01
 0.119099998E+01 0.120099998E+01 0.119599998E+01 0.120899999E+01 0.120200002E+01
 0.121500003E+01 0.120799994E+01 0.122200000E+01 0.121399999E+01 0.122800004E+01
 0.122099996E+01 0.123399997E+01 0.123099995E+01 0.123899996E+01 0.123800004E+01
 0.124199998E+01 0.124399996E+01 0.124800003E+01 0.125399995E+01 0.125800002E+01
 0.127800000E+01 0.126300001E+01 0.128999996E+01 0.127999997E+01 0.133099997E+01
 0.127999997E+01 0.134700000E+01 0.127999997E+01 0.134800005E+01 0.130999994E+01
 0.134800005E+01 0.132799995E+01 0.134800005E+01 0.136099994E+01 0.134800005E+01
 0.138000000E+01 0.134800005E+01 0.141900003E+01 0.134800005E+01 0.141900003E+01
 0.130999994E+01 0.137199998E+01 0.130999994E+01 0.137199998E+01 0.129200006E+01
 0.160800004E+01 0.109500003E+01 0.164699996E+01 0.107700002E+01 0.178499997E+01
 0.107700002E+01 0.206999993E+01 0.103999996E+01 0.212800002E+01 0.992999971E+00
 0.224499989E+01 0.708999991E+00 0.232299995E+01 0.518999994E+00 0.237700009E+01
 0.388999999E+00 0.236249995E+01 0.400000006E+00 0.236443496E+01 0.222000003E+00
 0.236496902E+01 0.133000001E+00 0.236532402E+01 0.439999998E-01 0.236512089E+01
-0.439999998E-01 0.236484194E+01-0.133000001E+00 0.236433411E+01-0.222000003E+00
 0.236249995E+01-0.400000006E+00 0.237700009E+01-0.388999999E+00 0.213400006E+01
-0.972999990E+00 0.178600001E+01-0.117400002E+01 0.176800001E+01-0.121099997E+01
 0.176800001E+01-0.125000000E+01 0.168200004E+01-0.125000000E+01 0.137199998E+01
-0.125000000E+01 0.137199998E+01-0.132900000E+01 0.141999996E+01-0.132900000E+01
 0.141999996E+01-0.136300004E+01 0.127300000E+01-0.136300004E+01 0.115300000E+01
-0.136300004E+01 0.101600003E+01-0.122300005E+01 0.101600003E+01-0.122300005E+01
 0.101600003E+01-0.829999983E+00 0.101600003E+01-0.800000012E+00 0.101600003E+01
-0.414999992E+00 0.101600003E+01-0.400000006E+00 0.101600003E+01-0.100000005E-02
 0.101600003E+01 0.000000000E+00
    0 0.169550002E+01    0
 0.000000000E+00 0.103005558E+00 0.146158516E+00 0.179431006E+00 0.206601292E+00
 0.231344268E+00 0.254190058E+00 0.275229752E+00 0.295034558E+00 0.313562214E+00
 0.331271976E+00 0.348183721E+00 0.364391327E+00 0.380020857E+00 0.395186156E+00
 0.409806848E+00 0.424064040E+00 0.437986165E+00 0.451521575E+00 0.464779139E+00
 0.477752298E+00 0.490508437E+00 0.502996266E+00 0.515273035E+00 0.527390182E+00
 0.539342403E+00 0.551086664E+00 0.562693417E+00 0.574175775E+00 0.585560024E+00
 0.596813321E+00 0.607932925E+00 0.618979692E+00 0.629957676E+00 0.640875578E+00
 0.651700556E+00 0.662474751E+00 0.673201621E+00 0.683896661E+00 0.694574654E+00
 0.705215275E+00 0.715849400E+00 0.726476312E+00 0.737116873E+00 0.747771502E+00
 0.758447766E+00 0.769168377E+00 0.779936194E+00 0.790768027E+00 0.801667452E+00
 0.812660217E+00 0.823761582E+00 0.834974229E+00 0.846346736E+00 0.857880294E+00
 0.869630218E+00 0.881577730E+00 0.893846035E+00 0.906413376E+00 0.919419467E+00
 0.932899892E+00 0.947094917E+00 0.962201297E+00 0.978812873E+00 0.100000000E+01
    0
