  EFITD    06/25/2013    #1553303000.0ms  EFIT01   0  65  65
 0.170000005E+01 0.320000005E+01 0.169550002E+01 0.839999974E+00 0.000000000E+00
 0.180930698E+01-0.258853845E-01-0.186005756E+00-0.109216012E-02 0.165886760E+01
 0.101861119E+07-0.186005756E+00 0.000000000E+00 0.180930698E+01 0.000000000E+00
-0.258853845E-01 0.000000000E+00-0.109216012E-02 0.000000000E+00 0.000000000E+00
 0.276124477E+01 0.276369596E+01 0.276605868E+01 0.276833439E+01 0.277052522E+01
 0.277263284E+01 0.277465963E+01 0.277660656E+01 0.277847600E+01 0.278026986E+01
 0.278198981E+01 0.278363776E+01 0.278521514E+01 0.278672385E+01 0.278816605E+01
 0.278954315E+01 0.279085684E+01 0.279210901E+01 0.279330158E+01 0.279443574E+01
 0.279551363E+01 0.279653692E+01 0.279750729E+01 0.279842663E+01 0.279929614E+01
 0.280011797E+01 0.280089355E+01 0.280162477E+01 0.280231309E+01 0.280296063E+01
 0.280356836E+01 0.280413866E+01 0.280467272E+01 0.280517244E+01 0.280563927E+01
 0.280607510E+01 0.280648160E+01 0.280686021E+01 0.280721259E+01 0.280754066E+01
 0.280784583E+01 0.280813003E+01 0.280839467E+01 0.280864120E+01 0.280887198E+01
 0.280908775E+01 0.280929089E+01 0.280948257E+01 0.280966473E+01 0.280983877E+01
 0.281000662E+01 0.281016970E+01 0.281032991E+01 0.281048846E+01 0.281064725E+01
 0.281080818E+01 0.281097245E+01 0.281114173E+01 0.281131816E+01 0.281150270E+01
 0.281169748E+01 0.281190395E+01 0.281212378E+01 0.281235862E+01 0.281261015E+01
 0.106799594E+06 0.103876898E+06 0.100994000E+06 0.981509141E+05 0.953476406E+05
 0.925841641E+05 0.898605078E+05 0.871766484E+05 0.845326094E+05 0.819283750E+05
 0.793639453E+05 0.768393203E+05 0.743545078E+05 0.719095078E+05 0.695043125E+05
 0.671389219E+05 0.648133477E+05 0.625275742E+05 0.602816094E+05 0.580754570E+05
 0.559091094E+05 0.537825703E+05 0.516958398E+05 0.496489180E+05 0.476418086E+05
 0.456745000E+05 0.437470039E+05 0.418593164E+05 0.400114336E+05 0.382033594E+05
 0.364350977E+05 0.347066406E+05 0.330179922E+05 0.313691543E+05 0.297601211E+05
 0.281909004E+05 0.266614844E+05 0.251718770E+05 0.237220781E+05 0.223120879E+05
 0.209419062E+05 0.196115332E+05 0.183209668E+05 0.170702090E+05 0.158592598E+05
 0.146881191E+05 0.135567861E+05 0.124652617E+05 0.114135449E+05 0.104016367E+05
 0.942953711E+04 0.849724512E+04 0.760476172E+04 0.675208643E+04 0.593921924E+04
 0.516616064E+04 0.443291016E+04 0.373946729E+04 0.308583301E+04 0.247200708E+04
 0.189798926E+04 0.136377954E+04 0.869378174E+03 0.414784973E+03 0.000000000E+00
 0.238651347E+01 0.230283809E+01 0.222076082E+01 0.214028168E+01 0.206140089E+01
 0.198411822E+01 0.190843379E+01 0.183434749E+01 0.176185942E+01 0.169096959E+01
 0.162167788E+01 0.155398440E+01 0.148788905E+01 0.142339194E+01 0.136049294E+01
 0.129919219E+01 0.123948967E+01 0.118138540E+01 0.112487924E+01 0.106997132E+01
 0.101666141E+01 0.964949906E+00 0.914836526E+00 0.866321325E+00 0.819404364E+00
 0.774085522E+00 0.730364919E+00 0.688242495E+00 0.647718310E+00 0.608792245E+00
 0.571464419E+00 0.535734773E+00 0.501603305E+00 0.469070017E+00 0.438134968E+00
 0.408798099E+00 0.381059408E+00 0.354918927E+00 0.330376625E+00 0.307432532E+00
 0.286086619E+00 0.266338885E+00 0.248189360E+00 0.231638029E+00 0.216684893E+00
 0.203329951E+00 0.191573188E+00 0.181414619E+00 0.172854260E+00 0.165892079E+00
 0.160528094E+00 0.156762302E+00 0.154594705E+00 0.154025301E+00 0.155054092E+00
 0.157681063E+00 0.161906242E+00 0.167729601E+00 0.175151154E+00 0.184170917E+00
 0.194788858E+00 0.207004994E+00 0.220819324E+00 0.236231849E+00 0.253242552E+00
-0.101870281E+07-0.100492031E+07-0.991137812E+06-0.977355375E+06-0.963572875E+06
-0.949790375E+06-0.936007938E+06-0.922225438E+06-0.908442938E+06-0.894660438E+06
-0.880877938E+06-0.867095500E+06-0.853313000E+06-0.839530500E+06-0.825748062E+06
-0.811965562E+06-0.798183062E+06-0.784400562E+06-0.770618062E+06-0.756835625E+06
-0.743053125E+06-0.729270625E+06-0.715488188E+06-0.701705688E+06-0.687923188E+06
-0.674140688E+06-0.660358188E+06-0.646575750E+06-0.632793250E+06-0.619010750E+06
-0.605228250E+06-0.591445750E+06-0.577663312E+06-0.563880812E+06-0.550098312E+06
-0.536315875E+06-0.522533375E+06-0.508750906E+06-0.494968406E+06-0.481185938E+06
-0.467403438E+06-0.453620969E+06-0.439838469E+06-0.426055969E+06-0.412273500E+06
-0.398491031E+06-0.384708531E+06-0.370926031E+06-0.357143562E+06-0.343361094E+06
-0.329578594E+06-0.315796094E+06-0.302013625E+06-0.288231125E+06-0.274448656E+06
-0.260666172E+06-0.246883688E+06-0.233101203E+06-0.219318719E+06-0.205536234E+06
-0.191753750E+06-0.177971266E+06-0.164188781E+06-0.150406297E+06-0.136623812E+06
 3.435461223e-02 3.284243122e-02 3.138203546e-02 2.991295792e-02 2.836619504e-02
 2.665113471e-02 2.463956736e-02 2.215341106e-02 1.830098778e-02 1.206683181e-02
 4.618794192e-03-4.192490596e-03-1.310420781e-02-1.941472851e-02-2.372039109e-02
-2.627841569e-02-2.715793811e-02-2.631429024e-02-2.355482616e-02-1.844488643e-02
-1.012781356e-02-1.390371006e-03 5.642310716e-03 1.167748403e-02 1.709802262e-02
 2.212294936e-02 2.688729204e-02 3.147764131e-02 3.594803810e-02 4.032941908e-02
 4.477351531e-02 4.934073240e-02 5.403005332e-02 5.885175988e-02 6.380826980e-02
 6.890961528e-02 7.410874963e-02 7.928544283e-02 8.446342498e-02 8.966289461e-02
 9.490146488e-02 1.001930013e-01 1.055456698e-01 1.109607145e-01 1.164325029e-01
 1.219491661e-01 1.274935454e-01 1.330438405e-01 1.385743767e-01 1.440560222e-01
 1.494568735e-01 1.547429562e-01 1.598790288e-01 1.648296565e-01 1.695603728e-01
 1.740389168e-01 1.782364994e-01 1.821289957e-01 1.856978387e-01 1.889307052e-01
 1.918217838e-01 1.943717599e-01 1.965873092e-01 1.984803677e-01 2.000672221e-01
 3.092257492e-02 2.942558751e-02 2.819434740e-02 2.722289227e-02 2.645684220e-02
 2.576922812e-02 2.453913353e-02 2.188840508e-02 1.754154637e-02 1.131682843e-02
 4.578895401e-03-2.308240626e-03-8.751378395e-03-1.379285194e-02-1.735900156e-02
-1.948901266e-02-2.018895373e-02-1.941399463e-02-1.706770435e-02-1.302095596e-02
-7.274696603e-03-9.431458893e-04 4.960938357e-03 1.041943766e-02 1.553359162e-02
 2.039935067e-02 2.509242669e-02 2.966839820e-02 3.416414186e-02 3.860183060e-02
 4.312319309e-02 4.778895527e-02 5.260293186e-02 5.757785961e-02 6.272586435e-02
 6.806579232e-02 7.355217636e-02 7.907330990e-02 8.465052396e-02 9.029943496e-02
 9.603092074e-02 1.018517017e-01 1.077640206e-01 1.137651280e-01 1.198468581e-01
 1.259955019e-01 1.321917474e-01 1.384107172e-01 1.446221918e-01 1.507908851e-01
 1.568768620e-01 1.628363580e-01 1.686228663e-01 1.741885990e-01 1.794863045e-01
 1.844713390e-01 1.891037971e-01 1.933505088e-01 1.971867383e-01 2.005973011e-01
 2.035770863e-01 2.061306536e-01 2.082714587e-01 2.100204229e-01 2.114041597e-01
 2.640298009e-02 2.489742823e-02 2.391887456e-02 2.357986942e-02 2.387586422e-02
 2.339030430e-02 2.173150145e-02 1.877626404e-02 1.443235017e-02 9.678785689e-03
 5.016085226e-03 6.167814136e-04-3.317456925e-03-6.558359601e-03-8.934737183e-03
-1.034603454e-02-1.073545869e-02-1.007312723e-02-8.360629901e-03-5.659623537e-03
-2.137011616e-03 1.932062441e-03 6.269359495e-03 1.069644559e-02 1.513324399e-02
 1.955689304e-02 2.397141978e-02 2.839183994e-02 3.283746168e-02 3.733554110e-02
 4.194210097e-02 4.669785872e-02 5.162028968e-02 5.672172830e-02 6.201187894e-02
 6.749527901e-02 7.314948738e-02 7.893992215e-02 8.486339450e-02 9.092357010e-02
 9.712388366e-02 1.034657732e-01 1.099475995e-01 1.165637523e-01 1.233038753e-01
 1.301521361e-01 1.370865554e-01 1.440785080e-01 1.510921568e-01 1.580842137e-01
 1.650040448e-01 1.717941612e-01 1.783915162e-01 1.847294271e-01 1.907404810e-01
 1.963599175e-01 2.015295774e-01 2.062014043e-01 2.103407681e-01 2.139283717e-01
 2.169610709e-01 2.194511443e-01 2.214243859e-01 2.229172885e-01 2.239737213e-01
 2.013023570e-02 1.837226376e-02 1.739867032e-02 1.726878993e-02 1.774586178e-02
 1.716922969e-02 1.524717081e-02 1.267489791e-02 9.923529811e-03 7.081375457e-03
 4.263868090e-03 1.601364696e-03-7.700729766e-04-2.719061216e-03-4.132020287e-03
-4.922186956e-03-5.032380112e-03-4.435784649e-03-3.138610628e-03-1.184354303e-03
 1.345594646e-03 4.342475440e-03 7.692397572e-03 1.129879430e-02 1.509336010e-02
 1.903518103e-02 2.310456708e-02 2.729673497e-02 3.161740676e-02 3.608018160e-02
 4.070354253e-02 4.550606757e-02 5.050295591e-02 5.570533499e-02 6.112016365e-02
 6.674966216e-02 7.259137928e-02 7.864104956e-02 8.489611000e-02 9.135618061e-02
 9.802161157e-02 1.048919186e-01 1.119645312e-01 1.192335561e-01 1.266887039e-01
 1.343140751e-01 1.420869529e-01 1.499763578e-01 1.579417288e-01 1.659315825e-01
 1.738825142e-01 1.817190051e-01 1.893541813e-01 1.966923624e-01 2.036332935e-01
 2.100782990e-01 2.159374207e-01 2.211367637e-01 2.256246656e-01 2.293757200e-01
 2.323920429e-01 2.347014844e-01 2.363533229e-01 2.374121696e-01 2.379514724e-01
 1.120601036e-02 8.787930943e-03 7.798704784e-03 7.934517227e-03 8.463670500e-03
 8.252156898e-03 7.644971833e-03 6.708088797e-03 5.516833626e-03 4.158298019e-03
 2.729440806e-03 1.332902466e-03 7.171912148e-05-9.564517532e-04-1.664979616e-03
-1.982941991e-03-1.858362695e-03-1.260177698e-03-1.791654649e-04 1.372478553e-03
 3.363826778e-03 5.750796292e-03 8.483918384e-03 1.151615288e-02 1.480851322e-02
 1.833261922e-02 2.207073942e-02 2.601445466e-02 3.016281128e-02 3.452040628e-02
 3.909539431e-02 4.389753938e-02 4.893662408e-02 5.422139540e-02 5.975900963e-02
 6.555485725e-02 7.161284983e-02 7.793604583e-02 8.452732116e-02 9.138961881e-02
 9.852569550e-02 1.059374958e-01 1.136252955e-01 1.215866804e-01 1.298153251e-01
 1.382995248e-01 1.470203251e-01 1.559491754e-01 1.650453508e-01 1.742526144e-01
 1.834960580e-01 1.926791966e-01 2.016827762e-01 2.103663832e-01 2.185746878e-01
 2.261483520e-01 2.329387814e-01 2.388236374e-01 2.437200993e-01 2.475932240e-01
 2.504583299e-01 2.523763776e-01 2.534438074e-01 2.537785769e-01 2.535062730e-01
-2.602503635e-03-7.228744682e-03-5.845088046e-03-3.123231931e-03-1.123087481e-03
 2.828957513e-04 1.148564275e-03 1.555708586e-03 1.595914597e-03 1.363645191e-03
 9.539566236e-04 4.606762959e-04-2.586307892e-05-4.214444198e-04-6.506252685e-04
-6.491007516e-04-3.655154142e-04 2.374413307e-04 1.182789681e-03 2.480022609e-03
 4.127003718e-03 6.112844218e-03 8.421405219e-03 1.103483606e-02 1.393654570e-02
 1.711323299e-02 2.055589110e-02 2.425997891e-02 2.822504751e-02 3.245400637e-02
 3.695225716e-02 4.172680900e-02 4.678548500e-02 5.213633552e-02 5.778725073e-02
 6.374584138e-02 7.001945376e-02 7.661534101e-02 8.354085684e-02 9.080351889e-02
 9.841090441e-02 1.063703671e-01 1.146885529e-01 1.233706102e-01 1.324191988e-01
 1.418329030e-01 1.516041905e-01 1.617164314e-01 1.721395254e-01 1.828243434e-01
 1.936949939e-01 2.046398371e-01 2.155024260e-01 2.260763049e-01 2.361099720e-01
 2.453273833e-01 2.534624636e-01 2.602959275e-01 2.656840682e-01 2.695759237e-01
 2.720184326e-01 2.731475234e-01 2.731617987e-01 2.722866237e-01 2.707414925e-01
-1.322136261e-02-1.914879680e-02-1.671412587e-02-1.195696276e-02-8.342006244e-03
-5.637408234e-03-3.662644187e-03-2.280637622e-03-1.374694519e-03-8.389848517e-04
-5.750762066e-04-4.904729431e-04-4.987511784e-04-5.203284672e-04-4.834363062e-04
-3.250642039e-04 8.237340808e-06 5.598373245e-04 1.362916315e-03 2.440944780e-03
 3.809183370e-03 5.476213060e-03 7.445639931e-03 9.717874229e-03 1.229182724e-02
 1.516639348e-02 1.834143512e-02 2.181831561e-02 2.560009435e-02 2.969146334e-02
 3.409851715e-02 3.882846236e-02 4.388934746e-02 4.928980395e-02 5.503893271e-02
 6.114627793e-02 6.762187183e-02 7.447640598e-02 8.172131330e-02 8.936901391e-02
 9.743294120e-02 1.059276164e-01 1.148685217e-01 1.242719069e-01 1.341542602e-01
 1.445315182e-01 1.554174423e-01 1.668211818e-01 1.787428707e-01 1.911664307e-01
 2.040476054e-01 2.172947675e-01 2.307399064e-01 2.441015691e-01 2.569566965e-01
 2.687701881e-01 2.790110409e-01 2.872637808e-01 2.932691276e-01 2.969396412e-01
 2.983838022e-01 2.979175150e-01 2.959950268e-01 2.930769026e-01 2.895457149e-01
-1.819615066e-02-2.459854819e-02-2.170330659e-02-1.640289463e-02-1.215029694e-02
-8.808348328e-03-6.248790305e-03-4.346927628e-03-2.986167790e-03-2.059207298e-03
-1.469203271e-03-1.124955947e-03-9.418830741e-04-8.423500112e-04-7.557432982e-04
-6.183753139e-04-3.737558145e-04 2.703513928e-05 6.247768179e-04 1.450757845e-03
 2.531423233e-03 3.888051026e-03 5.537124816e-03 7.490969729e-03 9.758653119e-03
 1.234791521e-02 1.526583545e-02 1.851925813e-02 2.211524360e-02 2.606129274e-02
 3.036540933e-02 3.503615782e-02 4.008267820e-02 4.551470280e-02 5.134266242e-02
 5.757778883e-02 6.423231959e-02 7.131974399e-02 7.885510474e-02 8.685533702e-02
 9.533965588e-02 1.043300107e-01 1.138515249e-01 1.239330471e-01 1.346077174e-01
 1.459134817e-01 1.578935236e-01 1.705963910e-01 1.840752214e-01 1.983850151e-01
 2.135756612e-01 2.296746969e-01 2.466453612e-01 2.642887831e-01 2.820374370e-01
 2.984411418e-01 3.122014701e-01 3.227077723e-01 3.295778334e-01 3.325943053e-01
 3.317537606e-01 3.277578056e-01 3.221245110e-01 3.157704175e-01 3.092487752e-01
-1.820779964e-02-2.468850836e-02-2.199462801e-02-1.668021269e-02-1.235899236e-02
-8.941229433e-03-6.316653453e-03-4.367544781e-03-2.978031291e-03-2.037733095e-03
-1.470076968e-03-1.182865351e-03-1.093240338e-03-1.126199379e-03-1.213469543e-03
-1.290516462e-03-1.297252951e-03-1.177961240e-03-8.802984376e-04-3.823141160e-04
 3.542297054e-04 1.361464616e-03 2.666039858e-03 4.288639408e-03 6.241471972e-03
 8.538669907e-03 1.119307242e-02 1.421545167e-02 1.761621051e-02 2.140548453e-02
 2.559314109e-02 3.018911183e-02 3.520358354e-02 4.064719751e-02 4.653126746e-02
 5.286809057e-02 5.967126414e-02 6.695611030e-02 7.474007457e-02 8.304336667e-02
 9.188954532e-02 1.013064086e-01 1.113269776e-01 1.219908744e-01 1.333459765e-01
 1.454506963e-01 1.583769768e-01 1.722143739e-01 1.870758533e-01 2.031061947e-01
 2.204946280e-01 2.394959033e-01 2.604698539e-01 2.839792073e-01 3.105092645e-01
 3.344911337e-01 3.534755409e-01 3.673225045e-01 3.757342100e-01 3.780361116e-01
 3.740216494e-01 3.626721799e-01 3.500792980e-01 3.384844959e-01 3.280104399e-01
-1.395100541e-02-2.032899670e-02-1.791655086e-02-1.290543750e-02-8.963509463e-03
-5.975338630e-03-3.791661235e-03-2.272750484e-03-1.295210444e-03-7.526427507e-04
-5.549581256e-04-6.214372697e-04-8.797870250e-04-1.264887163e-03-1.724371221e-03
-2.193252090e-03-2.611071570e-03-2.921787789e-03-3.074228298e-03-3.023581579e-03
-2.727024024e-03-2.144327620e-03-1.237474149e-03 3.091416147e-05 1.639076509e-03
 3.618950024e-03 5.991777405e-03 8.766175248e-03 1.195557509e-02 1.557272859e-02
 1.962827146e-02 2.413282730e-02 2.909705043e-02 3.453165665e-02 4.044790566e-02
 4.685803503e-02 5.377572402e-02 6.121656671e-02 6.919864565e-02 7.774319500e-02
 8.687544614e-02 9.662564844e-02 1.070304513e-01 1.181346476e-01 1.299935877e-01
 1.426763535e-01 1.562703252e-01 1.708875746e-01 1.866744161e-01 2.038257271e-01
 2.226076126e-01 2.433943152e-01 2.667291164e-01 2.934140563e-01 3.245598972e-01
 3.565045595e-01 3.813090324e-01 3.988732398e-01 4.093501270e-01 4.126233160e-01
 4.076457620e-01 3.938121200e-01 3.736681342e-01 3.566598296e-01 3.424314260e-01
-5.298504606e-03-1.152076758e-02-9.003573097e-03-4.754479509e-03-1.851785230e-03
 6.079420200e-05 1.228101319e-03 1.822628197e-03 1.969462726e-03 1.764025306e-03
 1.282847719e-03 5.904245190e-04-2.569658391e-04-1.209028182e-03-2.227407647e-03
-3.252301365e-03-4.226112273e-03-5.093716085e-03-5.802751984e-03-6.303818431e-03
-6.550157443e-03-6.497817114e-03-6.106142886e-03-5.338889547e-03-4.166906234e-03
-2.557153348e-03-4.739052965e-04 2.027280629e-03 4.982454237e-03 8.412041701e-03
 1.231992617e-02 1.671731286e-02 2.161524072e-02 2.702285163e-02 3.294984996e-02
 3.940689191e-02 4.640611634e-02 5.396157131e-02 6.208975241e-02 7.081024349e-02
 8.014648408e-02 9.012681991e-02 1.007857248e-01 1.121655181e-01 1.243185103e-01
 1.373099536e-01 1.512219757e-01 1.661589742e-01 1.822551191e-01 1.996847093e-01
 2.186764181e-01 2.395320833e-01 2.626490295e-01 2.885415554e-01 3.178546131e-01
 3.511648476e-01 3.795119822e-01 3.998657465e-01 4.125064313e-01 4.175227582e-01
 4.151122868e-01 4.042165279e-01 3.846288919e-01 3.645893335e-01 3.485623896e-01
 1.097578462e-02 5.930090323e-03 6.650934462e-03 8.312500082e-03 8.846630342e-03
 8.773380890e-03 8.288512938e-03 7.492413279e-03 6.449100561e-03 5.206221715e-03
 3.803172149e-03 2.274838509e-03 6.534261629e-04-1.030584914e-03-2.754383255e-03
-4.467355087e-03-6.116268225e-03-7.648411207e-03-9.012115188e-03-1.015714183e-02
-1.103496458e-02-1.159908436e-02-1.180542447e-02-1.161280088e-02-1.098333485e-02
-9.882184677e-03-8.279462345e-03-6.154939532e-03-3.481251886e-03-2.280148910e-04
 3.517110366e-03 7.792650722e-03 1.261617430e-02 1.798646338e-02 2.391039394e-02
 3.039528243e-02 3.745026514e-02 4.508613423e-02 5.331572890e-02 6.215438619e-02
 7.162052393e-02 8.173635602e-02 9.252879769e-02 1.040305346e-01 1.162813753e-01
 1.293298751e-01 1.432353258e-01 1.580700278e-01 1.739219278e-01 1.908972710e-01
 2.091227919e-01 2.287462056e-01 2.499338835e-01 2.728650868e-01 2.977311313e-01
 3.247959018e-01 3.524600267e-01 3.723497391e-01 3.854875565e-01 3.924125433e-01
 3.928871155e-01 3.874250650e-01 3.751569390e-01 3.576975465e-01 3.437010348e-01
 3.442439437e-02 3.251405433e-02 2.825684100e-02 2.440178022e-02 2.142840438e-02
 1.881281286e-02 1.634555496e-02 1.393046416e-02 1.152014825e-02 9.091733955e-03
 6.636188366e-03 4.152953625e-03 1.646927092e-03-8.734341827e-04-3.397447523e-03
-5.887772422e-03-8.295179345e-03-1.056969911e-02-1.266122237e-02-1.452000253e-02
-1.609706879e-02-1.734459959e-02-1.821627654e-02-1.866764203e-02-1.865647361e-02
-1.814319380e-02-1.709155738e-02-1.546935085e-02-1.324802637e-02-1.040566899e-02
-6.933521945e-03-2.815028885e-03 1.965082716e-03 7.299704012e-03 1.322033163e-02
 1.972607337e-02 2.682382241e-02 3.451982513e-02 4.282183945e-02 5.173904821e-02
 6.128248200e-02 7.146533579e-02 8.230337501e-02 9.381527454e-02 1.060229465e-01
 1.189517081e-01 1.326301843e-01 1.470896304e-01 1.623623371e-01 1.784782708e-01
 1.954587102e-01 2.133047432e-01 2.319767326e-01 2.513565719e-01 2.711735964e-01
 2.908431888e-01 3.091837168e-01 3.246386051e-01 3.362765014e-01 3.438028693e-01
 3.472050428e-01 3.466744423e-01 3.427248299e-01 3.364832103e-01 3.295375407e-01
 5.085643381e-02 4.986542463e-02 4.413808510e-02 3.800256550e-02 3.279057890e-02
 2.820944414e-02 2.404748090e-02 2.016142942e-02 1.645666361e-02 1.287093014e-02
 9.363513440e-03 5.908295047e-03 2.489254111e-03-9.025748586e-04-4.271319136e-03
-7.583607920e-03-1.079351921e-02-1.385351364e-02-1.671513543e-02-1.932958141e-02
-2.164815553e-02-2.362264320e-02-2.520562708e-02-2.635077201e-02-2.701313607e-02
-2.714951523e-02-2.671888471e-02-2.568291500e-02-2.400661260e-02-2.165936120e-02
-1.861597411e-02-1.485619135e-02-1.036800258e-02-5.153569393e-03 7.940256037e-04
 7.322658785e-03 1.446709223e-02 2.222145908e-02 3.058876470e-02 3.957070410e-02
 4.916979373e-02 5.938899517e-02 7.023169100e-02 8.170150220e-02 9.380177408e-02
 1.065348089e-01 1.199004650e-01 1.338938922e-01 1.485020220e-01 1.636981368e-01
 1.794337183e-01 1.956263185e-01 2.121418715e-01 2.287703454e-01 2.451957613e-01
 2.609726191e-01 2.755425274e-01 2.883278728e-01 2.988650203e-01 3.068827093e-01
 3.123126924e-01 3.152823150e-01 3.161108494e-01 3.152804077e-01 3.133378327e-01
 6.138265133e-02 6.060930341e-02 5.481360108e-02 4.787167534e-02 4.156956077e-02
 3.580483422e-02 3.046449088e-02 2.544878982e-02 2.067647316e-02 1.608419418e-02
 1.162385754e-02 7.259659935e-03 2.965487074e-03-1.277095289e-03-5.486613605e-03
-9.622299112e-03-1.364008524e-02-1.749382168e-02-2.113612741e-02-2.451899648e-02
-2.759423852e-02-3.031378984e-02-3.262995929e-02-3.449562192e-02-3.586440906e-02
-3.669093549e-02-3.693109006e-02-3.654243797e-02-3.548475727e-02-3.372078389e-02
-3.121712804e-02-2.794542909e-02-2.388414554e-02-1.902076043e-02-1.335331611e-02
-6.898141466e-03 3.405319876e-04 8.168505505e-03 1.662029326e-02 2.568256110e-02
 3.535068780e-02 4.561736435e-02 5.647436529e-02 6.791166216e-02 7.991673052e-02
 9.247338027e-02 1.055600047e-01 1.191471145e-01 1.331938952e-01 1.476437002e-01
 1.624181122e-01 1.774097085e-01 1.924738884e-01 2.074211836e-01 2.220132202e-01
 2.359676212e-01 2.489774674e-01 2.607454956e-01 2.710241973e-01 2.796488404e-01
 2.865553498e-01 2.917839289e-01 2.954693139e-01 2.978176475e-01 2.990697920e-01
 6.882075220e-02 6.814865023e-02 6.208728999e-02 5.473820865e-02 4.785642400e-02
 4.139019176e-02 3.527745977e-02 2.945495583e-02 2.386422828e-02 1.845439523e-02
 1.318274904e-02 8.014285006e-03 2.920761937e-03-2.120347926e-03-7.124550641e-03
-1.204828639e-02-1.684608869e-02-2.147123031e-02-2.587626316e-02-3.001342155e-02
-3.383490071e-02-3.729303926e-02-4.034041241e-02-4.292992875e-02-4.501483589e-02
-4.654883593e-02-4.748621210e-02-4.778206721e-02-4.739270732e-02-4.627623409e-02
-4.439331964e-02-4.170835018e-02-3.819084913e-02-3.381736577e-02-2.857359499e-02
-2.245710604e-02-1.547916979e-02-7.674515247e-03 9.340807446e-04 1.011685189e-02
 1.990254223e-02 3.026721627e-02 4.119403660e-02 5.266163871e-02 6.464545429e-02
 7.711661607e-02 9.004037827e-02 1.033739820e-01 1.170642525e-01 1.310446411e-01
 1.452319771e-01 1.595232636e-01 1.737929881e-01 1.878920943e-01 2.016497999e-01
 2.148797363e-01 2.273908406e-01 2.390022874e-01 2.495597154e-01 2.589491010e-01
 2.671058774e-01 2.740176320e-01 2.797200680e-01 2.842875719e-01 2.878195941e-01
 7.370538265e-02 7.303493470e-02 6.676355749e-02 5.919695646e-02 5.199914053e-02
 4.512031376e-02 3.851308301e-02 3.213175759e-02 2.593423612e-02 1.988257654e-02
 1.394311525e-02 8.086311631e-03 2.286451403e-03-3.478788072e-03-9.212603793e-03
-1.486728899e-02-2.039458044e-02-2.574605122e-02-3.087340295e-02-3.572865576e-02
-4.026425630e-02-4.443306848e-02-4.818833247e-02-5.148356780e-02-5.427248403e-02
-5.650888011e-02-5.814665183e-02-5.913982168e-02-5.944278464e-02-5.901065469e-02
-5.779989809e-02-5.576921254e-02-5.288074911e-02-4.910167679e-02-4.440618679e-02
-3.877788410e-02-3.221259266e-02-2.472180873e-02-1.633500680e-02-7.110998034e-03
 2.898929175e-03 1.344131585e-02 2.453191578e-02 3.613319620e-02 4.821212962e-02
 6.073277444e-02 7.365415990e-02 8.692878485e-02 1.005011424e-01 1.143060848e-01
 1.282672882e-01 1.422960460e-01 1.562907547e-01 1.701373905e-01 1.837116927e-01
 1.968829632e-01 2.095195800e-01 2.214956731e-01 2.326979637e-01 2.430316359e-01
 2.524242699e-01 2.608275414e-01 2.682166100e-01 2.745875418e-01 2.799543440e-01
 7.609650493e-02 7.527685165e-02 6.917641312e-02 6.160202622e-02 5.431397259e-02
 4.724360630e-02 4.034583643e-02 3.358959034e-02 2.694863826e-02 2.039855532e-02
 1.391599886e-02 7.478699088e-03 1.065544086e-03-5.343419034e-03-1.173233241e-02
-1.804872602e-02-2.424099855e-02-3.025856987e-02-3.605196998e-02-4.157282412e-02
-4.677379504e-02-5.160840973e-02-5.603086203e-02-5.999575928e-02-6.345787644e-02
-6.637191027e-02-6.869231910e-02-7.037317753e-02-7.136822492e-02-7.163102925e-02
-7.111538202e-02-6.977591664e-02-6.756909937e-02-6.445446610e-02-6.039638817e-02
-5.536617339e-02-4.934471846e-02-4.232560098e-02-3.431862593e-02-2.535409108e-02
-1.548570488e-02-4.802885000e-03 6.601773202e-03 1.846866496e-02 3.078272194e-02
 4.350832850e-02 5.660339445e-02 7.002089918e-02 8.370858431e-02 9.760813415e-02
 1.116544530e-01 1.257751733e-01 1.398907304e-01 1.539148986e-01 1.677559763e-01
 1.813185662e-01 1.945057362e-01 2.072212696e-01 2.193717062e-01 2.308675349e-01
 2.416239679e-01 2.515608966e-01 2.606033683e-01 2.686828375e-01 2.757405639e-01
 7.632458955e-02 7.509970665e-02 6.934550405e-02 6.228942052e-02 5.518977344e-02
 4.809766635e-02 4.104162008e-02 3.402863070e-02 2.705487236e-02 2.011051588e-02
 1.318231504e-02 6.255082786e-03-6.874114042e-04-7.661991753e-03-1.462953351e-02
-2.153338492e-02-2.831893973e-02-3.493364900e-02-4.132696241e-02-4.745021835e-02
-5.325640365e-02-5.869988352e-02-6.373605877e-02-6.832097471e-02-7.241092622e-02
-7.596210390e-02-7.893022895e-02-8.127029240e-02-8.293640614e-02-8.388176560e-02
-8.405880630e-02-8.341960609e-02-8.191658556e-02-7.950343937e-02-7.613657415e-02
-7.177690417e-02-6.639215350e-02-5.995968357e-02-5.246978253e-02-4.392945394e-02
-3.436641395e-02-2.383341454e-02-1.241012476e-02-2.109828638e-04 1.247600652e-02
 2.556512691e-02 3.900759295e-02 5.275788903e-02 6.676989049e-02 8.099474013e-02
 9.538003802e-02 1.098697260e-01 1.244041845e-01 1.389205754e-01 1.533532143e-01
 1.676338911e-01 1.816918552e-01 1.954532713e-01 2.088397592e-01 2.217657268e-01
 2.341347486e-01 2.458355427e-01 2.567393780e-01 2.667018771e-01 2.755723000e-01
 7.648090273e-02 7.502954453e-02 6.934437156e-02 6.236509606e-02 5.527786911e-02
 4.811470583e-02 4.091010243e-02 3.368094936e-02 2.643177472e-02 1.915942132e-02
 1.185590029e-02 4.510234576e-03-2.890256699e-03-1.035669260e-02-1.782762073e-02
-2.524370514e-02-3.254821151e-02-3.968715668e-02-4.660929367e-02-5.326590687e-02
-5.961052701e-02-6.559855491e-02-7.118681073e-02-7.633302361e-02-8.099533617e-02
-8.513182402e-02-8.869999647e-02-9.165637195e-02-9.395619482e-02-9.555321187e-02
-9.639961272e-02-9.644623101e-02-9.564289451e-02-9.393916279e-02-9.128539264e-02
-8.763415366e-02-8.294226229e-02-7.717318088e-02-7.030012459e-02-6.230965629e-02
-5.320597440e-02-4.301575199e-02-3.179366142e-02-1.962935552e-02-6.655632053e-03
 6.978968624e-03 2.093688399e-02 3.518801555e-02 4.970001802e-02 6.443623453e-02
 7.935753465e-02 9.442353994e-02 1.095933467e-01 1.248259097e-01 1.400801539e-01
 1.553145200e-01 1.704860479e-01 1.855480969e-01 2.004465163e-01 2.151131630e-01
 2.294559926e-01 2.433453351e-01 2.565970719e-01 2.689595520e-01 2.801216245e-01
 7.681762427e-02 7.528371364e-02 6.942027062e-02 6.217873469e-02 5.489258096e-02
 4.755710065e-02 4.017018899e-02 3.273096308e-02 2.523637563e-02 1.768036559e-02
 1.005413104e-02 2.346563619e-03-5.455326289e-03-1.333907526e-02-2.123897895e-02
-2.909290045e-02-3.684228659e-02-4.443212599e-02-5.181081593e-02-5.892986804e-02
-6.574359536e-02-7.220859081e-02-7.828325033e-02-8.392715454e-02-8.910050243e-02
-9.376347810e-02-9.787567705e-02-1.013955921e-01-1.042801440e-01-1.064842865e-01
-1.079608575e-01-1.086604297e-01-1.085315868e-01-1.075212359e-01-1.055754274e-01
-1.026404575e-01-9.866444767e-02-9.359945357e-02-8.740415424e-02-8.004714549e-02
-7.151094824e-02-6.179661676e-02-5.092894286e-02-3.896183521e-02-2.598314919e-02
-1.211714000e-02 2.468687482e-03 1.733960398e-02 3.248433024e-02 4.787174985e-02
 6.347165257e-02 7.925671339e-02 9.520323575e-02 1.112915128e-01 1.275059432e-01
 1.438348442e-01 1.602698714e-01 1.768042594e-01 1.934293061e-01 2.101274729e-01
 2.268597633e-01 2.435419410e-01 2.600008249e-01 2.758913040e-01 2.905535400e-01
 7.666320354e-02 7.503766567e-02 6.882173568e-02 6.141176447e-02 5.396601185e-02
 4.647015780e-02 3.891438618e-02 3.128876165e-02 2.358303964e-02 1.578636095e-02
 7.887012325e-03-1.278077398e-04-8.272406645e-03-1.650840230e-02-2.476876974e-02
-3.299026564e-02-4.111358523e-02-4.908338934e-02-5.684817955e-02-6.436003745e-02
-7.157423347e-02-7.844872028e-02-8.494354784e-02-9.102024883e-02-9.664110839e-02
-1.017685607e-01-1.063644662e-01-1.103894860e-01-1.138025522e-01-1.165603399e-01
-1.186168864e-01-1.199233904e-01-1.204281524e-01-1.200767159e-01-1.188124046e-01
-1.165770516e-01-1.133122593e-01-1.089611202e-01-1.034704372e-01-9.679374844e-02
-8.889484406e-02-7.975219935e-02-6.936400384e-02-5.775381997e-02-4.497665912e-02
-3.112537786e-02-1.633763127e-02-8.025238058e-04 1.508864202e-02 3.123649210e-02
 4.761283100e-02 6.420074403e-02 8.099266142e-02 9.798976034e-02 1.152022406e-01
 1.326502711e-01 1.503652036e-01 1.683910042e-01 1.867853850e-01 2.056204826e-01
 2.249816060e-01 2.449621558e-01 2.656453252e-01 2.870141268e-01 3.079678714e-01
 7.549030334e-02 7.371594757e-02 6.754384935e-02 6.002833694e-02 5.247485638e-02
 4.486872256e-02 3.719206527e-02 2.942753024e-02 2.155905031e-02 1.357179414e-02
 5.451891571e-03-2.813694067e-03-1.124340482e-02-1.976930723e-02-2.832519822e-02
-3.684798256e-02-4.527837783e-02-5.356123298e-02-6.164550409e-02-6.948405504e-02
-7.703323662e-02-8.425243199e-02-9.110335261e-02-9.754943848e-02-1.035551056e-01
-1.090849862e-01-1.141032279e-01-1.185727790e-01-1.224547401e-01-1.257077456e-01
-1.282875091e-01-1.301463842e-01-1.312331855e-01-1.314931214e-01-1.308680624e-01
-1.292970031e-01-1.267169416e-01-1.230642945e-01-1.182766855e-01-1.122955382e-01
-1.050692424e-01-9.655722231e-02-8.673478663e-02-7.559885085e-02-6.317445636e-02
-4.952209443e-02-3.474553674e-02-1.900006086e-02-2.500725444e-03 1.451030839e-02
 3.172506392e-02 4.914433882e-02 6.677929312e-02 8.465121686e-02 1.027932391e-01
 1.212531552e-01 1.400973499e-01 1.594161838e-01 1.793313622e-01 2.000064552e-01
 2.216630876e-01 2.446080893e-01 2.692869902e-01 2.964050472e-01 3.247174323e-01
 7.372963428e-02 7.179611921e-02 6.555965543e-02 5.799780786e-02 5.041657761e-02
 4.278092831e-02 3.505767509e-02 2.722070739e-02 1.924938336e-02 1.112650987e-02
 2.836769912e-03-5.634355824e-03-1.428122260e-02-2.303281054e-02-3.182141110e-02
-4.058322683e-02-4.925876111e-02-5.779301748e-02-6.613545865e-02-7.423973829e-02
-8.206333965e-02-8.956699073e-02-9.671403468e-02-1.034697220e-01-1.098004580e-01
-1.156730130e-01-1.210537478e-01-1.259078532e-01-1.301986426e-01-1.338868141e-01
-1.369299740e-01-1.392820328e-01-1.408928633e-01-1.417081356e-01-1.416692734e-01
-1.407137364e-01-1.387756318e-01-1.357866973e-01-1.316777915e-01-1.263810694e-01
-1.198327243e-01-1.119766086e-01-1.027687490e-01-9.218275547e-02-8.021617681e-02
-6.689758599e-02-5.229425430e-02-3.651972115e-02-1.974039152e-02-2.179571195e-03
 1.587221958e-02 3.408549353e-02 5.249142647e-02 7.112623006e-02 9.003666788e-02
 1.092852503e-01 1.289560348e-01 1.491620690e-01 1.700554341e-01 1.918413937e-01
 2.147984654e-01 2.393053919e-01 2.658724785e-01 2.951625288e-01 3.265131116e-01
 7.132539153e-02 6.923541427e-02 6.269489974e-02 5.525056645e-02 4.780802503e-02
 4.027356207e-02 3.260286152e-02 2.477101050e-02 1.676104777e-02 8.559193462e-03
 1.525268308e-04-8.472716436e-03-1.728273369e-02-2.620511129e-02-3.517126665e-02
-4.411693662e-02-5.298252776e-02-6.171327457e-02-7.025914639e-02-7.857459784e-02
-8.661814779e-02-9.435179830e-02-1.017403752e-01-1.087508276e-01-1.153513789e-01
-1.215107590e-01-1.271973997e-01-1.323786080e-01-1.370198280e-01-1.410838664e-01
-1.445302516e-01-1.473146677e-01-1.493884176e-01-1.506981552e-01-1.511856318e-01
-1.507878602e-01-1.494373381e-01-1.470628977e-01-1.435907632e-01-1.389463842e-01
-1.330567300e-01-1.258535832e-01-1.172775105e-01-1.072829515e-01-9.584419429e-02
-8.296227455e-02-6.867254525e-02-5.305245146e-02-3.622882813e-02-1.838362217e-02
 2.432699548e-04 1.914076135e-02 3.819227964e-02 5.743007362e-02 7.689713687e-02
 9.665147960e-02 1.167706773e-01 1.373576224e-01 1.585484296e-01 1.805237532e-01
 2.035255134e-01 2.278822362e-01 2.540488243e-01 2.826639712e-01 3.132766187e-01
 6.668725610e-02 6.400472671e-02 5.856551230e-02 5.187823623e-02 4.483741894e-02
 3.753707185e-02 2.999955602e-02 2.223080955e-02 1.423036493e-02 5.994630512e-03
-2.481457312e-03-1.122049894e-02-2.014944516e-02-2.919661067e-02-3.829350322e-02
-4.737584665e-02-5.638416484e-02-6.526400149e-02-7.396584749e-02-8.244492859e-02
-9.066069871e-02-9.857632220e-02-1.061579660e-01-1.133740395e-01-1.201944202e-01
-1.265895963e-01-1.325298697e-01-1.379844695e-01-1.429208219e-01-1.473037004e-01
-1.510946006e-01-1.542509794e-01-1.567258090e-01-1.584670097e-01-1.594172418e-01
-1.595137864e-01-1.586886644e-01-1.568691134e-01-1.539785713e-01-1.499379724e-01
-1.446678340e-01-1.380910873e-01-1.301367283e-01-1.207444891e-01-1.098705828e-01
-9.749444574e-02-8.362651616e-02-6.831672788e-02-5.166333169e-02-3.382154554e-02
-1.501158159e-02 4.474349320e-03 2.405756526e-02 4.374890402e-02 6.357333064e-02
 8.356948197e-02 1.037897319e-01 1.243012324e-01 1.451876909e-01 1.665517539e-01
 1.885184050e-01 2.112400383e-01 2.349099219e-01 2.598210573e-01 2.859723568e-01
 6.348560005e-02 6.058350205e-02 5.521464348e-02 4.880823568e-02 4.202423617e-02
 3.490667418e-02 2.748756297e-02 1.978445984e-02 1.180518698e-02 3.551416798e-03
-4.979248159e-03-1.378680859e-02-2.279368415e-02-3.192605451e-02-4.111441970e-02
-5.029410869e-02-5.940563604e-02-6.839479506e-02-7.721257955e-02-8.581487834e-02
-9.416200221e-02-1.022181287e-01-1.099505723e-01-1.173290461e-01-1.243248358e-01
-1.309099495e-01-1.370563358e-01-1.427349001e-01-1.479148567e-01-1.525627822e-01
-1.566419899e-01-1.601116955e-01-1.629265100e-01-1.650358588e-01-1.663835943e-01
-1.669078022e-01-1.665407270e-01-1.652091593e-01-1.628350616e-01-1.593367010e-01
-1.546304226e-01-1.486331820e-01-1.412657946e-01-1.324574053e-01-1.221508309e-01
-1.103093475e-01-9.692441672e-02-8.202462643e-02-6.568530947e-02-4.803859442e-02
-2.928300761e-02-9.691951796e-03 1.038043015e-02 3.043390252e-02 5.047767237e-02
 7.053117454e-02 9.061855078e-02 1.107654497e-01 1.309952885e-01 1.513228714e-01
 1.717427671e-01 1.922062188e-01 2.125725597e-01 2.325027287e-01 2.512827814e-01
 6.134691834e-02 5.834023282e-02 5.280943587e-02 4.640369862e-02 3.967205435e-02
 3.261989355e-02 2.525662258e-02 1.758939214e-02 9.621833451e-03 1.354049658e-03
-7.216879632e-03-1.607047766e-02-2.512883395e-02-3.431776166e-02-4.356757179e-02
-5.281361938e-02-6.199662015e-02-7.106274366e-02-7.996349782e-02-8.865539730e-02
-9.709952027e-02-1.052609086e-01-1.131078601e-01-1.206111610e-01-1.277433038e-01
-1.344775558e-01-1.407872289e-01-1.466447115e-01-1.520207375e-01-1.568834484e-01
-1.611977518e-01-1.649244875e-01-1.680198759e-01-1.704347879e-01-1.721144319e-01
-1.729979664e-01-1.730183512e-01-1.721026301e-01-1.701722741e-01-1.671442986e-01
-1.629326344e-01-1.574504673e-01-1.506132185e-01-1.423427463e-01-1.325723827e-01
-1.212535873e-01-1.083634868e-01-9.391392767e-02-7.796129584e-02-6.061690673e-02
-4.205728322e-02-2.253319323e-02-2.376600169e-03 1.799550466e-02 3.817911819e-02
 5.819386244e-02 7.804628462e-02 9.773228317e-02 1.172340661e-01 1.365132630e-01
 1.554997563e-01 1.740752161e-01 1.920519322e-01 2.091533989e-01 2.250172645e-01
 5.949770287e-02 5.639356747e-02 5.092334747e-02 4.449991882e-02 3.777001426e-02
 3.073362075e-02 2.338954806e-02 1.573659293e-02 7.772593293e-03-5.064379075e-04
-9.107482620e-03-1.799249649e-02-2.708412707e-02-3.630880266e-02-4.559740797e-02
-5.488582700e-02-6.411528587e-02-7.323246449e-02-8.218942583e-02-9.094329923e-02
-9.945582598e-02-1.076927707e-01-1.156232432e-01-1.232189015e-01-1.304531693e-01
-1.373003721e-01-1.437349021e-01-1.497303247e-01-1.552586108e-01-1.602892280e-01
-1.647884250e-01-1.687184572e-01-1.720369160e-01-1.746960431e-01-1.766423732e-01
-1.778161675e-01-1.781513989e-01-1.775756776e-01-1.760107279e-01-1.733731329e-01
-1.695756912e-01-1.645294428e-01-1.581465453e-01-1.503440738e-01-1.410489678e-01
-1.302043349e-01-1.177768335e-01-1.037656218e-01-8.821199834e-02-7.120979577e-02
-5.291539431e-02-3.355614468e-02-1.343516633e-02 7.070856169e-03 2.730508335e-02
 4.723764956e-02 6.684780866e-02 8.611071855e-02 1.049896479e-01 1.234297380e-01
 1.413518339e-01 1.586468816e-01 1.751721501e-01 1.907529980e-01 2.051940411e-01
 5.815823749e-02 5.498940125e-02 4.945010319e-02 4.300394282e-02 3.627080470e-02
 2.924192697e-02 2.190974727e-02 1.426805183e-02 6.311656907e-03-1.963747665e-03
-1.059103105e-02-1.949679665e-02-2.860740013e-02-3.785134852e-02-4.716080427e-02
-5.647252873e-02-6.572843343e-02-7.487577945e-02-8.386717737e-02-9.266027808e-02
-1.012173668e-01-1.095047742e-01-1.174922213e-01-1.251520216e-01-1.324582994e-01
-1.393861473e-01-1.459107697e-01-1.520066261e-01-1.576466411e-01-1.628012955e-01
-1.674378961e-01-1.715198010e-01-1.750057042e-01-1.778490692e-01-1.799974740e-01
-1.813923120e-01-1.819684654e-01-1.816543490e-01-1.803721786e-01-1.780386567e-01
-1.745662540e-01-1.698650122e-01-1.638452411e-01-1.564211398e-01-1.475156695e-01
-1.370663643e-01-1.250328869e-01-1.114055365e-01-9.621510655e-02-7.954341173e-02
-6.153404340e-02-4.240245000e-02-2.244464681e-02-2.044009976e-03 1.832234859e-02
 3.822050244e-02 5.764913186e-02 7.658981532e-02 9.500862658e-02 1.128558144e-01
 1.300649643e-01 1.465528160e-01 1.622207612e-01 1.769591421e-01 1.906550080e-01
 5.712508038e-02 5.391029641e-02 4.829495773e-02 4.185155779e-02 3.513759747e-02
 2.813243121e-02 2.082286030e-02 1.319952123e-02 5.255069118e-03-3.017164767e-03
-1.164454967e-02-2.055159211e-02-2.966435067e-02-3.891164437e-02-4.822612554e-02
-5.754504353e-02-6.681077182e-02-7.597099245e-02-8.497869968e-02-9.379193187e-02
-1.023733318e-01-1.106896177e-01-1.187108904e-01-1.264098883e-01-1.337612271e-01
-1.407404393e-01-1.473232955e-01-1.534848660e-01-1.591986418e-01-1.644358337e-01
-1.691644639e-01-1.733486950e-01-1.769480258e-01-1.799167395e-01-1.822033226e-01
-1.837499440e-01-1.844923198e-01-1.843595654e-01-1.832744777e-01-1.811541021e-01
-1.779109985e-01-1.734548658e-01-1.676952094e-01-1.605447382e-01-1.519241333e-01
-1.417676806e-01-1.300307214e-01-1.166978925e-01-1.017930359e-01-8.538954705e-02
-6.762115657e-02-4.869194329e-02-2.888439968e-02-8.563874289e-03 1.182301901e-02
 3.166056797e-02 5.094208941e-02 6.964936852e-02 8.775243908e-02 1.052097902e-01
 1.219689921e-01 1.379680187e-01 1.531377733e-01 1.674057096e-01 1.807009131e-01
 5.611697212e-02 5.283951759e-02 4.735405743e-02 4.100102931e-02 3.436300904e-02
 2.741481550e-02 2.014746703e-02 1.255586557e-02 4.635025281e-03-3.620788921e-03
-1.223326754e-02-2.112682536e-02-3.022752143e-02-3.946431354e-02-4.877005145e-02
-5.808223784e-02-6.734348089e-02-7.650168985e-02-8.551003784e-02-9.432674944e-02
-1.029146388e-01-1.112405956e-01-1.192748696e-01-1.269903928e-01-1.343619674e-01
-1.413653493e-01-1.479765624e-01-1.541709155e-01-1.599222571e-01-1.652021259e-01
-1.699789464e-01-1.742172539e-01-1.778770536e-01-1.809130907e-01-1.832743436e-01
-1.849035621e-01-1.857369393e-01-1.857040823e-01-1.847282648e-01-1.827269346e-01
-1.796128452e-01-1.752958000e-01-1.696851254e-01-1.626930684e-01-1.542393416e-01
-1.442568898e-01-1.326989383e-01-1.195474193e-01-1.048224792e-01-8.859289438e-02
-7.098660618e-02-5.220058188e-02-3.250854835e-02-1.226522028e-02 8.094931021e-03
 2.786235139e-02 4.702853411e-02 6.557591259e-02 8.347771317e-02 1.006984115e-01
 1.171947494e-01 1.329174042e-01 1.478133500e-01 1.618288606e-01 1.749132127e-01
 5.522159860e-02 5.177469552e-02 4.664502665e-02 4.055707529e-02 3.402801231e-02
 2.714309469e-02 1.992122643e-02 1.236657985e-02 4.477821290e-03-3.749223193e-03
-1.233439241e-02-2.120205387e-02-3.027833067e-02-3.949228302e-02-4.877687991e-02
-5.806971341e-02-6.731344759e-02-7.645603269e-02-8.545064181e-02-9.425546229e-02
-1.028332785e-01-1.111509055e-01-1.191785559e-01-1.268890649e-01-1.342571527e-01
-1.412585527e-01-1.478691995e-01-1.540644020e-01-1.598179936e-01-1.651014835e-01
-1.698833257e-01-1.741281152e-01-1.777959168e-01-1.808415949e-01-1.832142472e-01
-1.848567724e-01-1.857055575e-01-1.856904328e-01-1.847348958e-01-1.827566624e-01
-1.796687990e-01-1.753813922e-01-1.698040664e-01-1.628493816e-01-1.544372737e-01
-1.445009112e-01-1.329936087e-01-1.198972538e-01-1.052317917e-01-8.906552196e-02
-7.152563334e-02-5.280792713e-02-3.318449855e-02-1.300778147e-02 7.290873677e-03
 2.698395774e-02 4.606330767e-02 6.451220065e-02 8.230533451e-02 9.940943122e-02
 1.157843769e-01 1.313849986e-01 1.461633444e-01 1.600714773e-01 1.730646342e-01
 5.577624217e-02 5.248703808e-02 4.705798998e-02 4.079825059e-02 3.424170986e-02
 2.736845985e-02 2.017230354e-02 1.264973357e-02 4.796851892e-03-3.391319420e-03
-1.193807740e-02-2.076823637e-02-2.980825119e-02-3.898737580e-02-4.823866487e-02
-5.749968812e-02-6.671302766e-02-7.582648844e-02-8.479306847e-02-9.357071668e-02
-1.021219641e-01-1.104133427e-01-1.184147447e-01-1.260987222e-01-1.334396303e-01
-1.404128969e-01-1.469940841e-01-1.531581581e-01-1.588785946e-01-1.641266048e-01
-1.688702404e-01-1.730738282e-01-1.766970903e-01-1.796946079e-01-1.820151955e-01
-1.836015582e-01-1.843899190e-01-1.843100488e-01-1.832854301e-01-1.812339127e-01
-1.780688912e-01-1.737009287e-01-1.680404097e-01-1.610008925e-01-1.525037140e-01
-1.424837559e-01-1.308965236e-01-1.177265495e-01-1.029969528e-01-8.677975833e-02
-6.920646131e-02-5.047792941e-02-3.087223694e-02-1.074880548e-02 9.453952312e-03
 2.906701528e-02 4.808479175e-02 6.649126112e-02 8.426030725e-02 1.013565511e-01
 1.177367046e-01 1.333514154e-01 1.481476426e-01 1.620717645e-01 1.750731468e-01
 5.639430135e-02 5.316674337e-02 4.776342213e-02 4.148681834e-02 3.492249921e-02
 2.805884741e-02 2.088601328e-02 1.339684799e-02 5.585561506e-03-2.553157974e-03
-1.104909368e-02-1.982881874e-02-2.881954238e-02-3.795076534e-02-4.715552554e-02
-5.637123436e-02-6.554022431e-02-7.460997999e-02-8.353311568e-02-9.226717800e-02
-1.007742286e-01-1.090202928e-01-1.169747487e-01-1.246095672e-01-1.318985224e-01
-1.388164163e-01-1.453381926e-01-1.514381766e-01-1.570891291e-01-1.622615904e-01
-1.669229567e-01-1.710368246e-01-1.745622754e-01-1.774532050e-01-1.796578169e-01
-1.811182648e-01-1.817702949e-01-1.815433651e-01-1.803607941e-01-1.781405658e-01
-1.747964323e-01-1.702397913e-01-1.643822640e-01-1.571393162e-01-1.484348625e-01
-1.382071823e-01-1.264160872e-01-1.130514070e-01-9.814256430e-02-8.176892996e-02
-6.407040358e-02-4.525748268e-02-2.562008612e-02-5.535243079e-03 1.452391408e-02
 3.404270113e-02 5.302222446e-02 7.144584507e-02 8.928323537e-02 1.064921245e-01
 1.230194420e-01 1.388028562e-01 1.537732333e-01 1.678582877e-01 1.809874922e-01
 5.739750713e-02 5.424730852e-02 4.878170416e-02 4.253661260e-02 3.600263596e-02
 2.916980535e-02 2.203197591e-02 1.458397042e-02 6.821031682e-03-1.261658850e-03
-9.687191807e-03-1.839951240e-02-2.732517198e-02-3.639315069e-02-4.553601518e-02
-5.469074100e-02-6.379919499e-02-7.280836999e-02-8.167034388e-02-9.034207463e-02
-9.878496826e-02-1.069643572e-01-1.148488671e-01-1.224096790e-01-1.296197176e-01
-1.364529133e-01-1.428832859e-01-1.488841921e-01-1.544274539e-01-1.594825685e-01
-1.640159488e-01-1.679901183e-01-1.713631749e-01-1.740880460e-01-1.761120260e-01
-1.773764342e-01-1.778163910e-01-1.773608774e-01-1.759330481e-01-1.734511107e-01
-1.698295176e-01-1.649810225e-01-1.588193327e-01-1.512629539e-01-1.422398686e-01
-1.316937506e-01-1.195910871e-01-1.059298143e-01-9.074882418e-02-7.413796335e-02
-5.624787137e-02-3.729799017e-02-1.758072525e-02 2.542575821e-03 2.232005820e-02
 4.170816392e-02 6.067648903e-02 7.919293642e-02 9.721669555e-02 1.146943942e-01
 1.315578073e-01 1.477230191e-01 1.630916595e-01 1.775548905e-01 1.910008788e-01
 5.852410570e-02 5.544675142e-02 5.015302449e-02 4.396749288e-02 3.747925162e-02
 3.068734333e-02 2.359094843e-02 1.618925110e-02 8.480404504e-03 4.607435549e-04
-7.876021788e-03-1.650385000e-02-2.534745634e-02-3.433478996e-02-4.339775071e-02
-5.247277021e-02-6.150120497e-02-7.042948157e-02-7.920904458e-02-8.779613674e-02
-9.615138173e-02-1.042392477e-01-1.120274067e-01-1.194860116e-01-1.265869439e-01
-1.333029419e-01-1.396069080e-01-1.454709172e-01-1.508655250e-01-1.557589173e-01
-1.601162106e-01-1.638986319e-01-1.670629829e-01-1.695609689e-01-1.713387966e-01
-1.723368317e-01-1.724894792e-01-1.717253476e-01-1.699676514e-01-1.671352237e-01
-1.631438434e-01-1.579085141e-01-1.513462961e-01-1.433803141e-01-1.339447051e-01
-1.229909584e-01-1.104952246e-01-9.646702558e-02-8.095884323e-02-6.407624483e-02
-4.598814994e-02-2.693646587e-02-7.244718261e-03 1.267429069e-02 3.229774535e-02
 5.163495988e-02 7.067696005e-02 8.940105885e-02 1.077697352e-01 1.257268637e-01
 1.431926638e-01 1.600582302e-01 1.761821955e-01 1.913921982e-01 2.054959238e-01
 6.012005359e-02 5.715673417e-02 5.194875225e-02 4.582201689e-02 3.937320784e-02
 3.261195123e-02 2.554785088e-02 1.818804443e-02 1.053600200e-02 2.591658849e-03
-5.648096558e-03-1.417746861e-02-2.292143553e-02-3.180813789e-02-4.076950997e-02
-4.974184930e-02-5.866619945e-02-6.748851389e-02-7.615962625e-02-8.463501185e-02
-9.287439287e-02-1.008412465e-01-1.085021123e-01-1.158259436e-01-1.227832958e-01
-1.293455809e-01-1.354841739e-01-1.411697268e-01-1.463712305e-01-1.510553360e-01
-1.551855505e-01-1.587216258e-01-1.616188735e-01-1.638276577e-01-1.652930230e-01
-1.659544259e-01-1.657457501e-01-1.645955145e-01-1.624275446e-01-1.591620296e-01
-1.547172070e-01-1.490116864e-01-1.419676840e-01-1.335151792e-01-1.235971078e-01
-1.121758372e-01-9.924060106e-02-8.481602371e-02-6.897135824e-02-5.182989314e-02
-3.357798979e-02-1.447311044e-02 5.149335600e-03 2.467501350e-02 4.408731684e-02
 6.338093430e-02 8.255126327e-02 1.015882418e-01 1.204704195e-01 1.391571611e-01
 1.575773060e-01 1.756130755e-01 1.930791587e-01 2.097039074e-01 2.251320481e-01
 6.231349334e-02 5.949702486e-02 5.427705124e-02 4.817893356e-02 4.171703383e-02
 3.493591771e-02 2.786777914e-02 2.052899450e-02 1.292627398e-02 5.060672760e-03
-3.069974016e-03-1.148136798e-02-2.010211721e-02-2.886209078e-02-3.769403696e-02
-4.653454199e-02-5.532457680e-02-6.400974840e-02-7.254031301e-02-8.087095618e-02
-8.896044642e-02-9.677111357e-02-1.042682454e-01-1.114193797e-01-1.181935817e-01
-1.245606393e-01-1.304903179e-01-1.359514743e-01-1.409113556e-01-1.453348696e-01
-1.491837800e-01-1.524161696e-01-1.549857855e-01-1.568417102e-01-1.579279155e-01
-1.581832021e-01-1.575413197e-01-1.559314132e-01-1.532787681e-01-1.495061815e-01
-1.445358694e-01-1.382920891e-01-1.307046115e-01-1.217132360e-01-1.112731546e-01
-9.936155379e-02-8.598506451e-02-7.118798792e-02-5.506079644e-02-3.774809092e-02
-1.945464499e-02-4.471286666e-04 1.871403120e-02 3.788952902e-02 5.709280074e-02
 7.634123415e-02 9.565558285e-02 1.150580049e-01 1.345686913e-01 1.541996747e-01
 1.739434451e-01 1.937503368e-01 2.134812176e-01 2.328035086e-01 2.510189712e-01
 6.540738791e-02 6.292428076e-02 5.761034414e-02 5.118450150e-02 4.449779168e-02
 3.758455813e-02 3.045563586e-02 2.311240323e-02 1.555183716e-02 7.768227719e-03
-2.463276905e-04-8.502181619e-03-1.696427725e-02-2.556210756e-02-3.422855213e-02
-4.290032014e-02-5.151833966e-02-6.002791971e-02-6.837874651e-02-7.652471215e-02
-8.442354202e-02-9.203634411e-02-9.932699800e-02-1.062614769e-01-1.128071621e-01
-1.189320683e-01-1.246040538e-01-1.297900975e-01-1.344555020e-01-1.385632604e-01
-1.420733184e-01-1.449420601e-01-1.471218020e-01-1.485604197e-01-1.492011696e-01
-1.489827335e-01-1.478394717e-01-1.457021087e-01-1.424987018e-01-1.381563842e-01
-1.326034218e-01-1.257723123e-01-1.176035404e-01-1.080502719e-01-9.708415717e-02
-8.470191061e-02-7.093278319e-02-5.584660172e-02-3.956209496e-02-2.225500159e-02
-4.165580962e-03 1.439469028e-02 3.304304928e-02 5.181178078e-02 7.073571533e-02
 8.985675126e-02 1.092270389e-01 1.289115846e-01 1.489907950e-01 1.695633680e-01
 1.907495111e-01 2.126962841e-01 2.355906367e-01 2.597169280e-01 2.850725353e-01
 6.915449351e-02 6.717313826e-02 6.135815009e-02 5.437053740e-02 4.737880453e-02
 4.030818865e-02 3.311672807e-02 2.577971481e-02 1.828008518e-02 1.060404256e-02
 2.738997107e-03-5.327576771e-03-1.359204575e-02-2.198582143e-02-3.044307977e-02
-3.890129551e-02-4.730166122e-02-5.558936670e-02-6.371361017e-02-7.162748277e-02
-7.928764075e-02-8.665389568e-02-9.368858486e-02-1.003560200e-01-1.066217348e-01
-1.124517918e-01-1.178120449e-01-1.226674244e-01-1.269812286e-01-1.307144463e-01
-1.338252723e-01-1.362684965e-01-1.379951835e-01-1.389524341e-01-1.390833557e-01
-1.383272707e-01-1.366202235e-01-1.338958740e-01-1.300868839e-01-1.251267791e-01
-1.189525723e-01-1.115080491e-01-1.027479470e-01-9.264296293e-02-8.118563145e-02
-6.839693338e-02-5.433340743e-02-3.909425437e-02-2.282814123e-02-5.740002729e-03
 1.190426387e-02 2.972915210e-02 4.774666205e-02 6.598345190e-02 8.447974920e-02
 1.032911465e-01 1.224923357e-01 1.421825737e-01 1.624933630e-01 1.835995764e-01
 2.057358325e-01 2.292212546e-01 2.544983029e-01 2.821887732e-01 3.118511438e-01
 7.162901014e-02 6.987254322e-02 6.397707015e-02 5.693776160e-02 4.988879710e-02
 4.279238358e-02 3.561986238e-02 2.834789269e-02 2.095762268e-02 1.343328599e-02
 5.761107430e-03-2.071190393e-03-1.008825656e-02-1.822619513e-02-2.642148361e-02
-3.461272642e-02-4.274157062e-02-5.075313151e-02-5.859618261e-02-6.622302532e-02
-7.358921319e-02-8.065319806e-02-8.737574518e-02-9.371937066e-02-9.964769334e-02
-1.051247343e-01-1.101142690e-01-1.145791262e-01-1.184805855e-01-1.217777804e-01
-1.244272143e-01-1.263823956e-01-1.275935769e-01-1.280076951e-01-1.275685430e-01
-1.262171566e-01-1.238926873e-01-1.205335110e-01-1.160789728e-01-1.104716361e-01
-1.036602184e-01-9.560327977e-02-8.627366275e-02-7.566376776e-02-6.379155070e-02
-5.070713162e-02-3.649938852e-02-2.130144089e-02-5.291805603e-03 1.129658055e-02
 2.811197005e-02 4.515980557e-02 6.245430931e-02 8.002131432e-02 9.790077060e-02
 1.161501110e-01 1.348489225e-01 1.541056186e-01 1.740670353e-01 1.949321032e-01
 2.169712037e-01 2.405526042e-01 2.661730051e-01 2.944778502e-01 3.248196840e-01
 7.299136370e-02 7.136756927e-02 6.577191502e-02 5.883888900e-02 5.187305808e-02
 4.486636817e-02 3.780320659e-02 3.066821024e-02 2.344697528e-02 1.612598449e-02
 8.692152798e-03 1.132165315e-03-6.568601355e-03-1.438712794e-02-2.225868776e-02
-3.012166731e-02-3.791765496e-02-4.559158906e-02-5.309175700e-02-6.036969647e-02
-6.737990677e-02-7.407946140e-02-8.042756468e-02-8.638492972e-02-9.191323817e-02
-9.697448462e-02-1.015303656e-01-1.055417135e-01-1.089679003e-01-1.117663905e-01
-1.138923988e-01-1.152985841e-01-1.159350500e-01-1.157494187e-01-1.146872491e-01
-1.126927659e-01-1.097099110e-01-1.056839079e-01-1.005632803e-01-9.430250525e-02
-8.686528355e-02-7.822845876e-02-6.838668883e-02-5.735769495e-02-4.518833011e-02
-3.196135536e-02-1.780449226e-02-2.902225126e-03 1.255405694e-02 2.826971933e-02
 4.423986003e-02 6.046412885e-02 7.694959641e-02 9.371311218e-02 1.107837036e-01
 1.282054186e-01 1.460411251e-01 1.643774062e-01 1.833317429e-01 2.030626088e-01
 2.237851471e-01 2.457976937e-01 2.695337832e-01 2.956805527e-01 3.230225742e-01
 7.388373464e-02 7.242749631e-02 6.690879166e-02 6.011928618e-02 5.330715701e-02
 4.646233842e-02 3.957568482e-02 3.263841569e-02 2.564177476e-02 1.857661642e-02
 1.143314503e-02 4.200839903e-03-3.131393110e-03-1.057059504e-02-1.805501617e-02
-2.552450635e-02-3.292137757e-02-4.019076750e-02-4.728078842e-02-5.414239317e-02
-6.072916463e-02-6.699697673e-02-7.290352136e-02-7.840784639e-02-8.346979320e-02
-8.804944158e-02-9.210660309e-02-9.560028464e-02-9.848828614e-02-1.007268056e-01
-1.022702754e-01-1.030712351e-01-1.030805036e-01-1.022475138e-01-1.005210057e-01
-9.785003960e-02-9.418540448e-02-8.948151022e-02-8.369883150e-02-7.680683583e-02
-6.878757477e-02-5.963970348e-02-4.938299581e-02-3.806284443e-02-2.575474232e-02
-1.256488450e-02 1.363095362e-03 1.560590975e-02 3.017911315e-02 4.504349455e-02
 6.017383933e-02 7.555425912e-02 9.117677808e-02 1.070414409e-01 1.231570318e-01
 1.395421773e-01 1.562266648e-01 1.732527018e-01 1.906761080e-01 2.085667253e-01
 2.270071656e-01 2.460878193e-01 2.658886909e-01 2.863913476e-01 3.065200746e-01
 7.409947366e-02 7.278266549e-02 6.738083065e-02 6.078634784e-02 5.417969450e-02
 4.754422233e-02 4.087773710e-02 3.418042138e-02 2.745089494e-02 2.068525553e-02
 1.387720089e-02 7.018437143e-03 9.900389705e-05-6.892616861e-03-1.392186154e-02
-2.092896588e-02-2.785685845e-02-3.465112671e-02-4.125998914e-02-4.763412848e-02
-5.372651666e-02-5.949204415e-02-6.488717347e-02-6.986950338e-02-7.439728081e-02
-7.842898369e-02-8.192283660e-02-8.483646810e-02-8.712657541e-02-8.874873072e-02
-8.965734392e-02-8.980576694e-02-8.914666623e-02-8.763267845e-02-8.521732688e-02
-8.185640723e-02-7.750973105e-02-7.214340568e-02-6.573260576e-02-5.826485157e-02
-4.974387214e-02-4.019381851e-02-2.966425754e-02-1.823317446e-02-6.022030022e-03
 6.846811622e-03 2.005967312e-02 3.359493986e-02 4.743050784e-02 6.153807044e-02
 7.588925958e-02 9.045796096e-02 1.052213162e-01 1.201601997e-01 1.352595538e-01
 1.505082697e-01 1.658986211e-01 1.814244986e-01 1.970779151e-01 2.128422260e-01
 2.286795974e-01 2.445077747e-01 2.601574063e-01 2.752909958e-01 2.892643511e-01
 7.335041463e-02 7.206704468e-02 6.711390615e-02 6.086636707e-02 5.450991541e-02
 4.809421301e-02 4.165728018e-02 3.521770611e-02 2.878224850e-02 2.235065959e-02
 1.591835171e-02 9.477949701e-03 3.020227654e-03-3.465300426e-03-9.974597953e-03
-1.645096950e-02-2.283940651e-02-2.908685058e-02-3.514228761e-02-4.095667973e-02
-4.648279771e-02-5.167499557e-02-5.648889765e-02-6.088103727e-02-6.480852515e-02
-6.822866946e-02-7.109869272e-02-7.337544858e-02-7.501527667e-02-7.597398013e-02
-7.620697469e-02-7.566960156e-02-7.431779057e-02-7.210890204e-02-6.900303811e-02
-6.496469676e-02-5.996489152e-02-5.398368463e-02-4.701332003e-02-3.906162828e-02
-3.015623800e-02-2.034712210e-02-9.720640257e-03 1.649555168e-03 1.343354583e-02
 2.564227767e-02 3.822434694e-02 5.113701522e-02 6.434074789e-02 7.779621333e-02
 9.146377444e-02 1.053036973e-01 1.192763969e-01 1.333426535e-01 1.474635452e-01
 1.616001427e-01 1.757122874e-01 1.897564530e-01 2.036817223e-01 2.174233794e-01
 2.308931053e-01 2.439653575e-01 2.564608753e-01 2.681339979e-01 2.786804438e-01
 7.307387888e-02 7.219225168e-02 6.708302349e-02 6.070627272e-02 5.437118933e-02
 4.807076231e-02 4.182499275e-02 3.564148024e-02 2.951985225e-02 2.345500886e-02
 1.743902080e-02 1.146232057e-02 5.514464807e-03-4.153540067e-04-6.337922066e-03
-1.221506950e-02-1.799421944e-02-2.362423018e-02-2.905542590e-02-3.423958644e-02
-3.912984580e-02-4.368053377e-02-4.784696549e-02-5.158520117e-02-5.485181138e-02
-5.760364607e-02-5.979765952e-02-6.139082834e-02-6.234013662e-02-6.260275096e-02
-6.213636696e-02-6.089977175e-02-5.885369331e-02-5.596197024e-02-5.219307542e-02
-4.752209410e-02-4.193312302e-02-3.542206809e-02-2.799999900e-02-1.969544962e-02
-1.056633238e-02-6.539927563e-04 9.732482024e-03 2.061399259e-02 3.194428608e-02
 4.368608072e-02 5.579745770e-02 6.823431700e-02 8.095052838e-02 9.389742464e-02
 1.070235670e-01 1.202746108e-01 1.335934699e-01 1.469206512e-01 1.601945460e-01
 1.733516753e-01 1.863266677e-01 1.990514100e-01 2.114533931e-01 2.234528363e-01
 2.349588275e-01 2.458651662e-01 2.560475171e-01 2.653651834e-01 2.736701369e-01
 7.234705240e-02 7.181359828e-02 6.658331305e-02 5.988790095e-02 5.345513299e-02
 4.722948372e-02 4.117731005e-02 3.527636081e-02 2.950876206e-02 2.385837212e-02
 1.831002347e-02 1.284946408e-02 7.463400252e-03 2.139521763e-03-3.133608028e-03
-8.346700110e-03-1.345063373e-02-1.839694194e-02-2.313795500e-02-2.762687206e-02
-3.181778640e-02-3.566562757e-02-3.912607208e-02-4.215544835e-02-4.471058771e-02
-4.674878344e-02-4.822774604e-02-4.910569638e-02-4.934154451e-02-4.889523610e-02
-4.772826657e-02-4.580450058e-02-4.309124500e-02-3.956058994e-02-3.519101068e-02
-2.996971644e-02-2.389538847e-02-1.698035188e-02-9.259618819e-03-7.537584752e-04
 8.274856955e-03 1.785206981e-02 2.794064768e-02 3.851246461e-02 4.953386262e-02
 6.096785143e-02 7.277319580e-02 8.490400761e-02 9.730920196e-02 1.099319458e-01
 1.227091625e-01 1.355713159e-01 1.484426856e-01 1.612419933e-01 1.738837361e-01
 1.862799972e-01 1.983422786e-01 2.099836022e-01 2.211198807e-01 2.316706479e-01
 2.415590286e-01 2.507113516e-01 2.590569556e-01 2.665294111e-01 2.730697989e-01
 6.969325244e-02 6.923869252e-02 6.413661689e-02 5.751895159e-02 5.121113360e-02
 4.519480094e-02 3.943733126e-02 3.390692919e-02 2.857451513e-02 2.341431007e-02
 1.840394363e-02 1.352433488e-02 8.759467863e-03 4.096133634e-03-4.762770550e-04
-4.965811968e-03-9.335298091e-03-1.353945024e-02-1.753306016e-02-2.127126046e-02
-2.470968850e-02-2.780455723e-02-3.051270358e-02-3.279158473e-02-3.459931165e-02
-3.589469939e-02-3.663744032e-02-3.678839281e-02-3.630994260e-02-3.516650572e-02
-3.332505003e-02-3.075623512e-02-2.743594348e-02-2.334673703e-02-1.847781427e-02
-1.282899361e-02-6.416855380e-03 7.502894150e-04 8.471594192e-03 1.677370630e-02
 2.563007362e-02 3.502299637e-02 4.493002966e-02 5.532608554e-02 6.618220359e-02
 7.746485621e-02 8.913490176e-02 1.011464372e-01 1.134455055e-01 1.259687692e-01
 1.386421919e-01 1.513803452e-01 1.640860885e-01 1.766517311e-01 1.889613569e-01
 2.008949667e-01 2.123338878e-01 2.231667936e-01 2.332955748e-01 2.426399142e-01
 2.511398792e-01 2.587563097e-01 2.654693127e-01 2.712756395e-01 2.761855721e-01
 6.539291888e-02 6.501797587e-02 5.978449434e-02 5.334060639e-02 4.732140526e-02
 4.167863727e-02 3.636804968e-02 3.134467453e-02 2.656756341e-02 2.200183272e-02
 1.761898771e-02 1.339647546e-02 9.316923097e-03 5.367352627e-03 1.538443496e-03
-2.176172100e-03-5.762464367e-03-9.178007022e-03-1.238007192e-02-1.532602217e-02
-1.797357015e-02-2.028094232e-02-2.220702730e-02-2.371148206e-02-2.475485578e-02
-2.529872023e-02-2.530602738e-02-2.474175394e-02-2.357371151e-02-2.177315392e-02
-1.931381039e-02-1.617390290e-02-1.233990118e-02-7.812999189e-03-2.587981289e-03
 3.334867768e-03 9.823237546e-03 1.690086909e-02 2.455123700e-02 3.276583925e-02
 4.153296351e-02 5.083968490e-02 6.067084521e-02 7.100846618e-02 8.183084428e-02
 9.311130643e-02 1.048167795e-01 1.169057786e-01 1.293262094e-01 1.420125514e-01
 1.548830122e-01 1.678367406e-01 1.807519048e-01 1.934855282e-01 2.058765590e-01
 2.177529335e-01 2.289430201e-01 2.392896712e-01 2.486644238e-01 2.569785118e-01
 2.641887665e-01 2.702977061e-01 2.753478885e-01 2.794116139e-01 2.825781405e-01
 5.853430927e-02 5.803081766e-02 5.313686654e-02 4.704353586e-02 4.151141271e-02
 3.646017611e-02 3.180461749e-02 2.747201547e-02 2.340512723e-02 1.956089027e-02
 1.590784639e-02 1.242366340e-02 9.093106724e-03 5.906515289e-03 2.858716762e-03
-5.170051008e-05-2.822791692e-03-5.420675967e-03-7.804899942e-03-9.935326874e-03
-1.177235320e-02-1.327706967e-02-1.441147272e-02-1.513874903e-02-1.542347297e-02
-1.523111667e-02-1.452863868e-02-1.328582503e-02-1.147791464e-02-9.091326036e-03
-6.104988977e-03-2.497898182e-03 1.748556970e-03 6.532665808e-03 1.188842673e-02
 1.782507077e-02 2.433065698e-02 3.140182048e-02 3.903439641e-02 4.722470045e-02
 5.596871302e-02 6.526175141e-02 7.509794831e-02 8.546955884e-02 9.636606276e-02
 1.077728197e-01 1.196692288e-01 1.320262104e-01 1.448027939e-01 1.579415649e-01
 1.713629365e-01 1.849581897e-01 1.985821277e-01 2.120469362e-01 2.251209766e-01
 2.375377119e-01 2.490186542e-01 2.593074739e-01 2.682050765e-01 2.755942047e-01
 2.814506292e-01 2.858417630e-01 2.889133394e-01 2.908635139e-01 2.919076979e-01
 4.890959710e-02 4.814795032e-02 4.353643581e-02 3.812311217e-02 3.348452970e-02
 2.939686738e-02 2.570085041e-02 2.229557559e-02 1.911809109e-02 1.612920128e-02
 1.330483053e-02 1.063089352e-02 8.100215346e-03 5.710674450e-03 3.464108333e-03
 1.365727861e-03-5.761104985e-04-2.349874936e-03-3.911715932e-03-5.224744789e-03
-6.253086962e-03-6.961696781e-03-7.316664793e-03-7.286208682e-03-6.843248382e-03
-5.958018824e-03-4.600238055e-03-2.739290940e-03-3.423072340e-04 2.518468536e-03
 5.880421959e-03 9.765710682e-03 1.418434456e-02 1.913165860e-02 2.461225167e-02
 3.063088283e-02 3.719023615e-02 4.429338872e-02 5.194386095e-02 6.014581025e-02
 6.890400499e-02 7.822376490e-02 8.811073750e-02 9.857057780e-02 1.096083224e-01
 1.212274432e-01 1.334282756e-01 1.462055594e-01 1.595447809e-01 1.734163165e-01
 1.877669692e-01 2.025073171e-01 2.174935639e-01 2.325033247e-01 2.472086847e-01
 2.611639798e-01 2.738451362e-01 2.847568691e-01 2.935417891e-01 3.000240922e-01
 3.042078018e-01 3.062716722e-01 3.065623343e-01 3.055476248e-01 3.037055135e-01
 3.480714932e-02 3.323975205e-02 2.950689942e-02 2.602980100e-02 2.319909446e-02
 2.065624669e-02 1.828643307e-02 1.604337804e-02 1.390812732e-02 1.187463850e-02
 9.943732992e-03 8.120234124e-03 6.411560811e-03 4.827059340e-03 3.377764486e-03
 2.076453995e-03 9.379382245e-04-2.040551044e-05-7.777759456e-04-1.293048728e-03
-1.536691329e-03-1.478550723e-03-1.087628771e-03-3.307594743e-04 7.819152670e-04
 2.279983368e-03 4.187924787e-03 6.525724195e-03 9.307306260e-03 1.253550127e-02
 1.622113585e-02 2.037577145e-02 2.500905097e-02 3.012837842e-02 3.574151546e-02
 4.185662791e-02 4.848226532e-02 5.562781170e-02 6.330381334e-02 7.152234018e-02
 8.029726148e-02 8.964453638e-02 9.958250821e-02 1.101321578e-01 1.213172674e-01
 1.331644505e-01 1.457028985e-01 1.589634418e-01 1.729765236e-01 1.877684444e-01
 2.033540159e-01 2.197237462e-01 2.368205637e-01 2.544964850e-01 2.724239528e-01
 2.899017632e-01 3.056505919e-01 3.184008002e-01 3.275778294e-01 3.330345750e-01
 3.348255157e-01 3.332099915e-01 3.288244009e-01 3.229193985e-01 3.168122172e-01
 1.542844065e-02 1.155000273e-02 1.164737903e-02 1.213263255e-02 1.182982884e-02
 1.113866083e-02 1.023772079e-02 9.223910980e-03 8.159170859e-03 7.087866776e-03
 6.044378504e-03 5.056884140e-03 4.149548709e-03 3.343948163e-03 2.660124563e-03
 2.117448486e-03 1.735395635e-03 1.534306444e-03 1.536200172e-03 1.765720197e-03
 2.246887423e-03 3.002941608e-03 4.055841360e-03 5.425153300e-03 7.125373930e-03
 9.173113853e-03 1.158453710e-02 1.437417977e-02 1.755435206e-02 2.113523148e-02
 2.512707561e-02 2.954024263e-02 3.438499942e-02 3.967161104e-02 4.541087151e-02
 5.161445960e-02 5.829527229e-02 6.546780467e-02 7.314856350e-02 8.135654032e-02
 9.011376649e-02 9.944593161e-02 1.093832254e-01 1.199613065e-01 1.312225312e-01
 1.432174742e-01 1.560068578e-01 1.696635485e-01 1.842751056e-01 1.999459118e-01
 2.167987823e-01 2.349744886e-01 2.546284199e-01 2.759252489e-01 2.990476489e-01
 3.243171275e-01 3.469675779e-01 3.625496030e-01 3.721653223e-01 3.763894439e-01
 3.747262955e-01 3.676286638e-01 3.543602824e-01 3.392909765e-01 3.278785646e-01
 2.010778757e-03-2.615910023e-03-1.652151928e-03 3.433555248e-04 1.548639964e-03
 2.192106796e-03 2.453410765e-03 2.464539604e-03 2.322419547e-03 2.099768724e-03
 1.852566609e-03 1.625046018e-03 1.453118632e-03 1.366813667e-03 1.392071485e-03
 1.552087371e-03 1.868328662e-03 2.361284336e-03 3.050961997e-03 3.957053646e-03
 5.098535679e-03 6.493384950e-03 8.158305660e-03 1.010847092e-02 1.235744450e-02
 1.491797529e-02 1.780201495e-02 2.102063410e-02 2.458405308e-02 2.850191295e-02
 3.278380260e-02 3.743962198e-02 4.247985780e-02 4.791586846e-02 5.376021564e-02
 6.002700329e-02 6.673222035e-02 7.389411330e-02 8.153361827e-02 8.967491239e-02
 9.834603965e-02 1.075798348e-01 1.174150556e-01 1.278979778e-01 1.390844733e-01
 1.510429531e-01 1.638582349e-01 1.776370853e-01 1.925157905e-01 2.086707205e-01
 2.263325751e-01 2.458046675e-01 2.674834132e-01 2.918753326e-01 3.196067214e-01
 3.492395878e-01 3.719460666e-01 3.875461817e-01 3.964358270e-01 3.983248770e-01
 3.934153318e-01 3.806872368e-01 3.614481390e-01 3.449015319e-01 3.316265941e-01
-7.112796884e-03-1.210566517e-02-1.094005350e-02-8.542025462e-03-6.747283041e-03
-5.434515420e-03-4.486228339e-03-3.795580938e-03-3.271901049e-03-2.841022797e-03
-2.443296369e-03-2.030882053e-03-1.565080835e-03-1.014030073e-03-3.508549416e-04
 4.477360053e-04 1.402463531e-03 2.532166429e-03 3.854223061e-03 5.384747870e-03
 7.138607092e-03 9.129380807e-03 1.136932429e-02 1.386937872e-02 1.663926989e-02
 1.968775131e-02 2.302280627e-02 2.665185928e-02 3.058204800e-02 3.482055664e-02
 3.937502950e-02 4.425396025e-02 4.946709052e-02 5.502573773e-02 6.094313413e-02
 6.723470986e-02 7.391833514e-02 8.101464808e-02 8.854734898e-02 9.654361755e-02
 1.050347090e-01 1.140568107e-01 1.236521676e-01 1.338707954e-01 1.447726786e-01
 1.564310938e-01 1.689372361e-01 1.824068129e-01 1.969901174e-01 2.128873467e-01
 2.303730249e-01 2.498361468e-01 2.718452811e-01 2.972302437e-01 3.268731534e-01
 3.530873954e-01 3.728930354e-01 3.863288462e-01 3.932031393e-01 3.934778869e-01
 3.859906495e-01 3.700966537e-01 3.528924584e-01 3.385619819e-01 3.265434802e-01
-1.294390578e-02-1.818489097e-02-1.743077300e-02-1.507714950e-02-1.319090184e-02
-1.168743800e-02-1.046724245e-02-9.437724948e-03-8.519552648e-03-7.648123428e-03
-6.772177760e-03-5.851242691e-03-4.852940794e-03-3.750695847e-03-2.522005700e-03
-1.147269621e-03 3.909301013e-04 2.108211163e-03 4.018560518e-03 6.134378724e-03
 8.466476575e-03 1.102407556e-02 1.381486002e-02 1.684507541e-02 2.011970617e-02
 2.364271134e-02 2.741730772e-02 3.144631535e-02 3.573255241e-02 4.027931392e-02
 4.509087652e-02 5.017304793e-02 5.553364381e-02 6.118290871e-02 6.713384390e-02
 7.340238243e-02 8.000750840e-02 8.697128296e-02 9.431885928e-02 1.020786092e-01
 1.102823466e-01 1.189658195e-01 1.281694621e-01 1.379395127e-01 1.483296454e-01
 1.594031453e-01 1.712359935e-01 1.839211732e-01 1.975746453e-01 2.123443186e-01
 2.284239084e-01 2.460768819e-01 2.656848431e-01 2.878956199e-01 3.115810454e-01
 3.315018713e-01 3.468523324e-01 3.573547602e-01 3.629068136e-01 3.627180159e-01
 3.565095961e-01 3.449334800e-01 3.338164985e-01 3.236795962e-01 3.145664036e-01
-1.664767414e-02-2.223962918e-02-2.168265544e-02-1.968378201e-02-1.811327785e-02
-1.682480797e-02-1.569319516e-02-1.462231111e-02-1.354420278e-02-1.241289917e-02
-1.119738072e-02-9.875715710e-03-8.430874906e-03-6.848122925e-03-5.113667808e-03
-3.214202821e-03-1.137004932e-03 1.129694749e-03 3.596270923e-03 6.271337625e-03
 9.161523543e-03 1.227141172e-02 1.560362242e-02 1.915900409e-02 2.293688990e-02
 2.693538927e-02 3.115173616e-02 3.558271006e-02 4.022515565e-02 4.507664219e-02
 5.013624951e-02 5.540537834e-02 6.088851392e-02 6.659385562e-02 7.253362238e-02
 7.872415334e-02 8.518560976e-02 9.194159508e-02 9.901860356e-02 1.064455062e-01
 1.142532676e-01 1.224747673e-01 1.311449111e-01 1.403009146e-01 1.499828100e-01
 1.602338850e-01 1.711011827e-01 1.826354414e-01 1.948901266e-01 2.079181373e-01
 2.217631191e-01 2.364380509e-01 2.518735230e-01 2.678017914e-01 2.834605575e-01
 2.973416448e-01 3.085821569e-01 3.167293072e-01 3.214963377e-01 3.227439225e-01
 3.206027746e-01 3.161591291e-01 3.106375635e-01 3.047063351e-01 2.987650037e-01
-1.753431931e-02-2.347680181e-02-2.365263179e-02-2.260546200e-02-2.193620615e-02
-2.134133689e-02-2.064574137e-02-1.976753958e-02-1.868079603e-02-1.738713123e-02
-1.589807868e-02-1.422540192e-02-1.237645559e-02-1.035273634e-02-8.150377311e-03
-5.761698820e-03-3.177158069e-03-3.872222442e-04 2.616118873e-03 5.838343408e-03
 9.281918406e-03 1.294627972e-02 1.682813279e-02 2.092189714e-02 2.522013709e-02
 2.971390076e-02 3.439300135e-02 3.924635053e-02 4.426250234e-02 4.943056405e-02
 5.474147573e-02 6.018953025e-02 6.577382982e-02 7.149943709e-02 7.737788558e-02
 8.342703432e-02 8.967012912e-02 9.613449126e-02 1.028498858e-01 1.098470911e-01
 1.171567217e-01 1.248084605e-01 1.328305751e-01 1.412496269e-01 1.500900686e-01
 1.593734920e-01 1.691173166e-01 1.793322563e-01 1.900177598e-01 2.011544257e-01
 2.126911134e-01 2.245246023e-01 2.364697754e-01 2.482253611e-01 2.593606412e-01
 2.693745494e-01 2.778155506e-01 2.843583822e-01 2.888253629e-01 2.912018895e-01
 2.916603088e-01 2.905496657e-01 2.882991135e-01 2.853035331e-01 2.818739116e-01
-1.413405035e-02-2.000171691e-02-2.270933613e-02-2.433543839e-02-2.562859096e-02
-2.628605627e-02-2.624497376e-02-2.559465915e-02-2.445393242e-02-2.292997390e-02
-2.110717073e-02-1.904447377e-02-1.677655242e-02-1.431762893e-02-1.166695729e-02
-8.814757690e-03-5.747623276e-03-2.452824265e-03 1.078696689e-03 4.850652069e-03
 8.860985748e-03 1.310247742e-02 1.756398007e-02 2.223174274e-02 2.709032968e-02
 3.212289140e-02 3.731086850e-02 4.263353348e-02 4.806802049e-02 5.359036103e-02
 5.917779356e-02 6.481208652e-02 7.048290968e-02 7.619048655e-02 8.194676042e-02
 8.777478337e-02 9.370643646e-02 9.977889061e-02 1.060307100e-01 1.124986783e-01
 1.192156225e-01 1.262093484e-01 1.335022599e-01 1.411111057e-01 1.490467340e-01
 1.573131084e-01 1.659058332e-01 1.748094559e-01 1.839936376e-01 1.934074461e-01
 2.029722184e-01 2.125731707e-01 2.220519483e-01 2.312045991e-01 2.397910506e-01
 2.475594878e-01 2.542801201e-01 2.597769797e-01 2.639498711e-01 2.667861581e-01
 2.683609426e-01 2.688225806e-01 2.683641315e-01 2.671902180e-01 2.654910684e-01
-9.934795089e-03-1.602502726e-02-2.174756676e-02-2.727057412e-02-3.223441541e-02
-3.387733549e-02-3.397310153e-02-3.304590657e-02-3.142611310e-02-2.934540994e-02
-2.696425654e-02-2.438113093e-02-2.164083533e-02-1.874748059e-02-1.568004303e-02
-1.240638830e-02-8.893812075e-03-5.116049200e-03-1.057588495e-03 3.284311853e-03
 7.899973541e-03 1.277006976e-02 1.787001640e-02 2.317422628e-02 2.865847386e-02
 3.429963812e-02 4.007317126e-02 4.594949633e-02 5.189097673e-02 5.785186961e-02
 6.378302723e-02 6.964063644e-02 7.539535314e-02 8.103873581e-02 8.658587933e-02
 9.207444638e-02 9.755911678e-02 1.031020954e-01 1.087628603e-01 1.145912707e-01
 1.206251979e-01 1.268910170e-01 1.334050745e-01 1.401750296e-01 1.472004056e-01
 1.544724852e-01 1.619734764e-01 1.696748286e-01 1.775350869e-01 1.854971349e-01
 1.934855282e-01 2.014043927e-01 2.091371417e-01 2.165494859e-01 2.234967649e-01
 2.298353761e-01 2.354369313e-01 2.402018607e-01 2.440700531e-01 2.470264435e-01
 2.491007596e-01 2.503611445e-01 2.509033084e-01 2.508373857e-01 2.502758801e-01
-7.683009375e-03-1.454854663e-02-2.201109193e-02-3.045546263e-02-3.977308050e-02
-4.494624957e-02-4.506475478e-02-4.269767925e-02-3.976186365e-02-3.653838113e-02
-3.324691579e-02-2.999668196e-02-2.678641304e-02-2.354571782e-02-2.017986216e-02
-1.659773476e-02-1.272440236e-02-8.506345563e-03-3.915110603e-03 1.049231039e-03
 6.357735023e-03 1.196018979e-02 1.780068502e-02 2.383268438e-02 3.002518043e-02
 3.635940328e-02 4.281980172e-02 4.938153177e-02 5.599539727e-02 6.257610768e-02
 6.901068985e-02 7.519283146e-02 8.105282485e-02 8.656583726e-02 9.175350517e-02
 9.668805450e-02 1.014869586e-01 1.062808931e-01 1.111750528e-01 1.162368655e-01
 1.215037555e-01 1.269933730e-01 1.327105910e-01 1.386511922e-01 1.448036134e-01
 1.511492729e-01 1.576623172e-01 1.643087566e-01 1.710453629e-01 1.778188795e-01
 1.845651418e-01 1.912093461e-01 1.976672262e-01 2.038479447e-01 2.096585929e-01
 2.150101960e-01 2.198244333e-01 2.240399271e-01 2.276172936e-01 2.305418253e-01
 2.328235358e-01 2.344945967e-01 2.356046438e-01 2.362150103e-01 2.363927662e-01
-4.926586989e-03-1.197475474e-02-1.990688033e-02-2.918553166e-02-4.017481953e-02
-4.844832420e-02-5.271916091e-02-5.282157660e-02-4.873708263e-02-4.350639880e-02
-3.893767670e-02-3.511476144e-02-3.175859898e-02-2.854136005e-02-2.520484105e-02
-2.156984434e-02-1.751066186e-02-1.293728501e-02-7.793849800e-03-2.075091004e-03
 4.144605715e-03 1.071197446e-02 1.747174188e-02 2.433864586e-02 3.129511699e-02
 3.836223856e-02 4.557716474e-02 5.297552049e-02 6.056272984e-02 6.821781397e-02
 7.555980235e-02 8.229042590e-02 8.831644803e-02 9.360691905e-02 9.816136956e-02
 1.020583659e-01 1.056296006e-01 1.092948541e-01 1.132052913e-01 1.173894629e-01
 1.218431443e-01 1.265516579e-01 1.314962655e-01 1.366557181e-01 1.420062184e-01
 1.475207359e-01 1.531681716e-01 1.589126587e-01 1.647129059e-01 1.705217957e-01
 1.762864441e-01 1.819487959e-01 1.874467880e-01 1.927164644e-01 1.976946592e-01
 2.023222148e-01 2.065474689e-01 2.103293836e-01 2.136400491e-01 2.164660692e-01
 2.188086659e-01 2.206826657e-01 2.221142948e-01 2.231384218e-01 2.237955034e-01
-8.419633959e-04-7.287463173e-03-1.436521951e-02-2.218654193e-02-3.075073659e-02
-3.984931111e-02-4.785026237e-02-5.188539997e-02-5.150384828e-02-4.633409157e-02
-4.132042080e-02-3.828038648e-02-3.612833470e-02-3.382384032e-02-3.109166585e-02
-2.780071832e-02-2.384133637e-02-1.909677684e-02-1.343206875e-02-6.699295249e-03
 1.154434169e-03 9.370164014e-03 1.730937324e-02 2.502279729e-02 3.263774142e-02
 4.028655216e-02 4.810583591e-02 5.625060201e-02 6.492437422e-02 7.440596074e-02
 8.308286220e-02 9.044896811e-02 9.668291360e-02 1.016968414e-01 1.054483205e-01
 1.077512205e-01 1.092155501e-01 1.115339622e-01 1.144417301e-01 1.177944392e-01
 1.215030774e-01 1.255071461e-01 1.297616661e-01 1.342297792e-01 1.388781369e-01
 1.436741352e-01 1.485842615e-01 1.535729170e-01 1.586019695e-01 1.636304408e-01
 1.686147302e-01 1.735090166e-01 1.782662868e-01 1.828395575e-01 1.871835887e-01
 1.912565529e-01 1.950220615e-01 1.984506994e-01 2.015214115e-01 2.042222321e-01
 2.065503895e-01 2.085118890e-01 2.101203948e-01 2.113958746e-01 2.123629004e-01
 4.321343731e-03-1.084645512e-03-6.855981890e-03-1.298884768e-02-1.940187812e-02
-2.592778392e-02-3.232542425e-02-3.830235079e-02-4.164728522e-02-3.939621150e-02
-3.670805693e-02-3.613502532e-02-3.636313230e-02-3.541923314e-02-3.355392069e-02
-3.083304316e-02-2.720967866e-02-2.257732861e-02-1.675351337e-02-9.394491091e-03
 1.328271173e-04 9.857014753e-03 1.848584414e-02 2.654292621e-02 3.434291482e-02
 4.210548103e-02 5.001864210e-02 5.827925727e-02 6.712997705e-02 7.683164626e-02
 8.570384234e-02 9.313897789e-02 9.929791838e-02 1.041318178e-01 1.075486466e-01
 1.093291417e-01 1.102138758e-01 1.119599193e-01 1.143290326e-01 1.171532646e-01
 1.203285530e-01 1.237883866e-01 1.274859458e-01 1.313837320e-01 1.354480237e-01
 1.396462470e-01 1.439457834e-01 1.483133435e-01 1.527146250e-01 1.571142823e-01
 1.614760458e-01 1.657631546e-01 1.699389815e-01 1.739677042e-01 1.778154075e-01
 1.814510822e-01 1.848476529e-01 1.879828870e-01 1.908401251e-01 1.934087574e-01
 1.956842244e-01 1.976678967e-01 1.993664503e-01 2.007911801e-01 2.019570023e-01
 0.185982203E+01 0.188420403E+01 0.189928389E+01 0.191599214E+01 0.193317819E+01
 0.195506454E+01 0.197019923E+01 0.198811686E+01 0.200451565E+01 0.202205849E+01
 0.203970075E+01 0.205676365E+01 0.207489204E+01 0.209307170E+01 0.211098528E+01
 0.212956738E+01 0.214865613E+01 0.216778779E+01 0.218721771E+01 0.220729494E+01
 0.222774315E+01 0.224860454E+01 0.226999331E+01 0.229203773E+01 0.231463718E+01
 0.233794999E+01 0.236189985E+01 0.238669944E+01 0.241234231E+01 0.243882632E+01
 0.246626139E+01 0.249480677E+01 0.252443266E+01 0.255526662E+01 0.258744717E+01
 0.262098575E+01 0.265606737E+01 0.269273210E+01 0.273131013E+01 0.277178168E+01
 0.281433964E+01 0.285919213E+01 0.290656972E+01 0.295680833E+01 0.300998020E+01
 0.306667709E+01 0.312691927E+01 0.319165969E+01 0.326082206E+01 0.333573127E+01
 0.341642714E+01 0.350437260E+01 0.360003448E+01 0.370578861E+01 0.382244539E+01
 0.395285654E+01 0.410004234E+01 0.426888323E+01 0.446546602E+01 0.470112753E+01
 0.499118567E+01 0.537100458E+01 0.591519547E+01 0.687803030E+01 0.169058990E+02
   91   86
 0.107289338E+01-0.100000001E+00 0.107049632E+01 0.000000000E+00 0.107430649E+01
 0.100000001E+00 0.107943404E+01 0.158191413E+00 0.109094894E+01 0.250000000E+00
 0.110562503E+01 0.334919512E+00 0.111825025E+01 0.400000006E+00 0.113218749E+01
 0.465225965E+00 0.115137231E+01 0.550000012E+00 0.116328549E+01 0.600000024E+00
 0.118531251E+01 0.688888967E+00 0.120160961E+01 0.750000000E+00 0.121554387E+01
 0.800000012E+00 0.123843753E+01 0.875487804E+00 0.126499999E+01 0.938450634E+00
 0.129156256E+01 0.976871371E+00 0.132875001E+01 0.998882830E+00 0.138187504E+01
 0.100588608E+01 0.143500006E+01 0.998530805E+00 0.147218752E+01 0.988840938E+00
 0.152531254E+01 0.971451879E+00 0.156781256E+01 0.954265237E+00 0.160500002E+01
 0.936472118E+00 0.164939976E+01 0.913652182E+00 0.169155526E+01 0.888555765E+00
 0.172888672E+01 0.864867628E+00 0.176937056E+01 0.835999131E+00 0.180687499E+01
 0.807872415E+00 0.184329665E+01 0.777328074E+00 0.188626695E+01 0.739843726E+00
 0.191312504E+01 0.714723527E+00 0.194776082E+01 0.679460645E+00 0.198895657E+01
 0.635189891E+00 0.201937485E+01 0.599524260E+00 0.204593754E+01 0.565278113E+00
 0.207405686E+01 0.525804222E+00 0.210369444E+01 0.479999989E+00 0.213252664E+01
 0.430000007E+00 0.215821338E+01 0.379999995E+00 0.218114543E+01 0.330000013E+00
 0.220531249E+01 0.268708825E+00 0.223058867E+01 0.193004176E+00 0.224729133E+01
 0.129999995E+00 0.225757527E+01 0.599999987E-01 0.226104808E+01-0.400000028E-01
 0.225299668E+01-0.124811240E+00 0.223851943E+01-0.190371782E+00 0.221620369E+01
-0.270000011E+00 0.219852781E+01-0.319999993E+00 0.217874312E+01-0.370268792E+00
 0.215546679E+01-0.423069626E+00 0.213093758E+01-0.473489106E+00 0.210437512E+01
-0.522143483E+00 0.207490182E+01-0.569999993E+00 0.204111624E+01-0.620000005E+00
 0.200400591E+01-0.669999957E+00 0.197156250E+01-0.710433722E+00 0.194500005E+01
-0.741880357E+00 0.191555202E+01-0.774591208E+00 0.187353575E+01-0.819001555E+00
 0.183875000E+01-0.854806185E+00 0.181159818E+01-0.881050646E+00 0.177032733E+01
-0.918607473E+00 0.173249996E+01-0.952561975E+00 0.170077181E+01-0.978419363E+00
 0.165693271E+01-0.101239765E+01 0.162528419E+01-0.103552413E+01 0.158299315E+01
-0.106348860E+01 0.154541409E+01-0.108742428E+01 0.150268543E+01-0.111161065E+01
 0.145927358E+01-0.113484454E+01 0.141383219E+01-0.115695238E+01 0.137656248E+01
-0.117346227E+01 0.132890630E+01-0.119110358E+01 0.128335392E+01-0.120524096E+01
 0.124374998E+01-0.121167040E+01 0.119166231E+01-0.120715094E+01 0.116971076E+01
-0.115945697E+01 0.118377650E+01-0.108000004E+01 0.118649983E+01-0.100999999E+01
 0.118580496E+01-0.930000007E+00 0.118032193E+01-0.860000014E+00 0.116884148E+01
-0.759999990E+00 0.115717447E+01-0.680000007E+00 0.114566064E+01-0.610000014E+00
 0.113194466E+01-0.530000031E+00 0.111990356E+01-0.460000008E+00 0.110625935E+01
-0.379999995E+00 0.109550631E+01-0.310000002E+00 0.108306801E+01-0.215233281E+00
 0.107724631E+01-0.154366016E+00
 0.101600003E+01 0.000000000E+00 0.101600003E+01 0.963999987E+00 0.101600003E+01
 0.967999995E+00 0.101600003E+01 0.100100005E+01 0.101600003E+01 0.101900005E+01
 0.101600003E+01 0.107700002E+01 0.101600003E+01 0.107000005E+01 0.101600003E+01
 0.109599996E+01 0.101600003E+01 0.111300004E+01 0.101600003E+01 0.113800001E+01
 0.101600003E+01 0.114699996E+01 0.101199996E+01 0.116499996E+01 0.100100005E+01
 0.121700001E+01 0.102900004E+01 0.121700001E+01 0.104200006E+01 0.116240001E+01
 0.104600000E+01 0.116237998E+01 0.105599999E+01 0.116260004E+01 0.109700000E+01
 0.116450000E+01 0.110800004E+01 0.116594005E+01 0.111600006E+01 0.116591001E+01
 0.113399994E+01 0.116895998E+01 0.114800000E+01 0.117174995E+01 0.116199994E+01
 0.117556000E+01 0.118099999E+01 0.118299997E+01 0.118200004E+01 0.118350005E+01
 0.118499994E+01 0.118499994E+01 0.119000006E+01 0.118799996E+01 0.119500005E+01
 0.119099998E+01 0.120099998E+01 0.119599998E+01 0.120899999E+01 0.120200002E+01
 0.121500003E+01 0.120799994E+01 0.122200000E+01 0.121399999E+01 0.122800004E+01
 0.122099996E+01 0.123399997E+01 0.123099995E+01 0.123899996E+01 0.123800004E+01
 0.124199998E+01 0.124399996E+01 0.124800003E+01 0.125399995E+01 0.125800002E+01
 0.127800000E+01 0.126300001E+01 0.128999996E+01 0.127999997E+01 0.133099997E+01
 0.127999997E+01 0.134700000E+01 0.127999997E+01 0.134800005E+01 0.130999994E+01
 0.134800005E+01 0.132799995E+01 0.134800005E+01 0.136099994E+01 0.134800005E+01
 0.138000000E+01 0.134800005E+01 0.141900003E+01 0.134800005E+01 0.141900003E+01
 0.130999994E+01 0.137199998E+01 0.130999994E+01 0.137199998E+01 0.129200006E+01
 0.160800004E+01 0.109500003E+01 0.164699996E+01 0.107700002E+01 0.178499997E+01
 0.107700002E+01 0.206999993E+01 0.103999996E+01 0.212800002E+01 0.992999971E+00
 0.224499989E+01 0.708999991E+00 0.232299995E+01 0.518999994E+00 0.237700009E+01
 0.388999999E+00 0.236249995E+01 0.400000006E+00 0.236443496E+01 0.222000003E+00
 0.236496902E+01 0.133000001E+00 0.236532402E+01 0.439999998E-01 0.236512089E+01
-0.439999998E-01 0.236484194E+01-0.133000001E+00 0.236433411E+01-0.222000003E+00
 0.236249995E+01-0.400000006E+00 0.237700009E+01-0.388999999E+00 0.213400006E+01
-0.972999990E+00 0.178600001E+01-0.117400002E+01 0.176800001E+01-0.121099997E+01
 0.176800001E+01-0.125000000E+01 0.168200004E+01-0.125000000E+01 0.137199998E+01
-0.125000000E+01 0.137199998E+01-0.132900000E+01 0.141999996E+01-0.132900000E+01
 0.141999996E+01-0.136300004E+01 0.127300000E+01-0.136300004E+01 0.115300000E+01
-0.136300004E+01 0.101600003E+01-0.122300005E+01 0.101600003E+01-0.122300005E+01
 0.101600003E+01-0.829999983E+00 0.101600003E+01-0.800000012E+00 0.101600003E+01
-0.414999992E+00 0.101600003E+01-0.400000006E+00 0.101600003E+01-0.100000005E-02
 0.101600003E+01 0.000000000E+00
    0 0.169550002E+01    0
 0.000000000E+00 0.996363312E-01 0.141440183E+00 0.173717409E+00 0.201098591E+00
 0.224123448E+00 0.246273667E+00 0.266919672E+00 0.286077172E+00 0.304267734E+00
 0.321609825E+00 0.338120788E+00 0.354047060E+00 0.369458646E+00 0.384287983E+00
 0.398744553E+00 0.412845403E+00 0.426531732E+00 0.439945668E+00 0.453090906E+00
 0.465983093E+00 0.478618711E+00 0.491044343E+00 0.503312707E+00 0.515391588E+00
 0.527288973E+00 0.539063394E+00 0.550697565E+00 0.562208951E+00 0.573632419E+00
 0.584927678E+00 0.596141875E+00 0.607285321E+00 0.618353128E+00 0.629372716E+00
 0.640334606E+00 0.651248038E+00 0.662113309E+00 0.672983348E+00 0.683815539E+00
 0.694652081E+00 0.705477297E+00 0.716306090E+00 0.727171242E+00 0.738045752E+00
 0.748980701E+00 0.759937942E+00 0.770989895E+00 0.782072842E+00 0.793283343E+00
 0.804569125E+00 0.815995216E+00 0.827535272E+00 0.839274049E+00 0.851170480E+00
 0.863296211E+00 0.875667989E+00 0.888351381E+00 0.901397586E+00 0.914906681E+00
 0.928935647E+00 0.943726242E+00 0.959541678E+00 0.977086306E+00 0.100000000E+01
    0
