  EFITD    06/25/2013    #1553303000.0ms  EFIT01   0  65  65
 0.170000005E+01 0.320000005E+01 0.169550002E+01 0.839999974E+00 0.000000000E+00
 0.180324078E+01-0.299807750E-01-0.176627740E+00 0.111208409E-01 0.165832341E+01
 0.102050431E+07-0.176627740E+00 0.000000000E+00 0.180324078E+01 0.000000000E+00
-0.299807750E-01 0.000000000E+00 0.111208409E-01 0.000000000E+00 0.000000000E+00
 0.276767516E+01 0.276977873E+01 0.277180648E+01 0.277376008E+01 0.277564096E+01
 0.277745080E+01 0.277919102E+01 0.278086329E+01 0.278246927E+01 0.278401017E+01
 0.278548789E+01 0.278690386E+01 0.278825903E+01 0.278955579E+01 0.279079533E+01
 0.279197884E+01 0.279310799E+01 0.279418421E+01 0.279520917E+01 0.279618430E+01
 0.279711103E+01 0.279799056E+01 0.279882479E+01 0.279961467E+01 0.280036211E+01
 0.280106854E+01 0.280173492E+01 0.280236340E+01 0.280295467E+01 0.280351067E+01
 0.280403280E+01 0.280452204E+01 0.280498052E+01 0.280540919E+01 0.280580950E+01
 0.280618310E+01 0.280653119E+01 0.280685520E+01 0.280715680E+01 0.280743694E+01
 0.280769753E+01 0.280793953E+01 0.280816460E+01 0.280837440E+01 0.280856991E+01
 0.280875278E+01 0.280892444E+01 0.280908608E+01 0.280923915E+01 0.280938530E+01
 0.280952597E+01 0.280966210E+01 0.280979562E+01 0.280992746E+01 0.281005955E+01
 0.281019282E+01 0.281032896E+01 0.281046939E+01 0.281061530E+01 0.281076813E+01
 0.281092954E+01 0.281110072E+01 0.281128311E+01 0.281147814E+01 0.281168723E+01
 0.102358328E+06 0.995792578E+05 0.968376406E+05 0.941334688E+05 0.914667578E+05
 0.888374922E+05 0.862456797E+05 0.836913203E+05 0.811744141E+05 0.786949531E+05
 0.762529453E+05 0.738483906E+05 0.714812891E+05 0.691516328E+05 0.668594375E+05
 0.646046836E+05 0.623873867E+05 0.602075430E+05 0.580651445E+05 0.559602031E+05
 0.538927109E+05 0.518626680E+05 0.498700820E+05 0.479149414E+05 0.459972578E+05
 0.441170234E+05 0.422742383E+05 0.404689062E+05 0.387010273E+05 0.369705977E+05
 0.352776211E+05 0.336220977E+05 0.320040195E+05 0.304233984E+05 0.288802266E+05
 0.273745039E+05 0.259062363E+05 0.244754180E+05 0.230820527E+05 0.217261387E+05
 0.204076758E+05 0.191266641E+05 0.178831055E+05 0.166769961E+05 0.155083379E+05
 0.143771328E+05 0.132833779E+05 0.122270762E+05 0.112082246E+05 0.102268242E+05
 0.928287598E+04 0.837637891E+04 0.750733350E+04 0.667573926E+04 0.588159668E+04
 0.512490527E+04 0.440566553E+04 0.372387744E+04 0.307954053E+04 0.247265527E+04
 0.190322119E+04 0.137123877E+04 0.876707703E+03 0.419628143E+03 0.000000000E+00
 0.202132082E+01 0.195048833E+01 0.188100469E+01 0.181287003E+01 0.174608421E+01
 0.168064725E+01 0.161655939E+01 0.155382037E+01 0.149243033E+01 0.143238926E+01
 0.137369704E+01 0.131635368E+01 0.126035941E+01 0.120571399E+01 0.115241754E+01
 0.110046995E+01 0.104987133E+01 0.100062168E+01 0.952720940E+00 0.906169176E+00
 0.860966265E+00 0.817112327E+00 0.774607301E+00 0.733451188E+00 0.693644047E+00
 0.655185819E+00 0.618076503E+00 0.582316160E+00 0.547904730E+00 0.514842212E+00
 0.483128697E+00 0.452764034E+00 0.423748344E+00 0.396081567E+00 0.369763732E+00
 0.344794840E+00 0.321174860E+00 0.298903793E+00 0.277981699E+00 0.258408517E+00
 0.240184277E+00 0.223308951E+00 0.207782567E+00 0.193605110E+00 0.180776581E+00
 0.169296995E+00 0.159166351E+00 0.150384620E+00 0.142951816E+00 0.136867955E+00
 0.132133022E+00 0.128747016E+00 0.126709953E+00 0.126021802E+00 0.126682609E+00
 0.128692329E+00 0.132050991E+00 0.136758581E+00 0.142815098E+00 0.150220543E+00
 0.158974931E+00 0.169078246E+00 0.180530488E+00 0.193331674E+00 0.207481787E+00
-0.953815688E+06-0.941046938E+06-0.928278188E+06-0.915509500E+06-0.902740750E+06
-0.889972000E+06-0.877203250E+06-0.864434500E+06-0.851665750E+06-0.838897000E+06
-0.826128312E+06-0.813359562E+06-0.800590812E+06-0.787822062E+06-0.775053375E+06
-0.762284625E+06-0.749515875E+06-0.736747125E+06-0.723978375E+06-0.711209625E+06
-0.698440875E+06-0.685672125E+06-0.672903438E+06-0.660134688E+06-0.647365938E+06
-0.634597188E+06-0.621828438E+06-0.609059688E+06-0.596291000E+06-0.583522250E+06
-0.570753500E+06-0.557984750E+06-0.545216000E+06-0.532447250E+06-0.519678531E+06
-0.506909812E+06-0.494141062E+06-0.481372312E+06-0.468603562E+06-0.455834844E+06
-0.443066094E+06-0.430297344E+06-0.417528625E+06-0.404759875E+06-0.391991125E+06
-0.379222375E+06-0.366453656E+06-0.353684906E+06-0.340916188E+06-0.328147438E+06
-0.315378688E+06-0.302609969E+06-0.289841219E+06-0.277072469E+06-0.264303719E+06
-0.251534984E+06-0.238766250E+06-0.225997516E+06-0.213228766E+06-0.200460031E+06
-0.187691297E+06-0.174922547E+06-0.162153812E+06-0.149385062E+06-0.136616328E+06
 4.753251746e-02 4.604121298e-02 4.460502416e-02 4.315978289e-02 4.163662344e-02
 3.994810581e-02 3.797065094e-02 3.553104773e-02 3.174432367e-02 2.560275793e-02
 1.827852242e-02 9.636132047e-03 9.053868707e-04-5.279111210e-03-9.501068853e-03
-1.201300882e-02-1.288370509e-02-1.207069773e-02-9.386885911e-03-4.408706445e-03
 3.699585330e-03 1.221829187e-02 1.907377504e-02 2.495692484e-02 3.024220094e-02
 3.514415026e-02 3.979516774e-02 4.428000003e-02 4.865095392e-02 5.293701217e-02
 5.729506165e-02 6.178570911e-02 6.640463322e-02 7.115928084e-02 7.604896277e-02
 8.108151704e-02 8.620540798e-02 9.129294753e-02 9.636939317e-02 1.014573127e-01
 1.065773219e-01 1.117464006e-01 1.169754565e-01 1.222677901e-01 1.276190728e-01
 1.330181807e-01 1.384482682e-01 1.438875794e-01 1.493102908e-01 1.546870321e-01
 1.599856168e-01 1.651716977e-01 1.702096909e-01 1.750637889e-01 1.796991676e-01
 1.840832829e-01 1.881870776e-01 1.919861883e-01 1.954619139e-01 1.986018717e-01
 2.014002949e-01 2.038578838e-01 2.059814781e-01 2.077831328e-01 2.092793584e-01
 4.407533258e-02 4.257383943e-02 4.134619236e-02 4.038475454e-02 3.963465244e-02
 3.896966577e-02 3.777177632e-02 3.516694158e-02 3.088246286e-02 2.473945171e-02
 1.810126752e-02 1.133158803e-02 5.005534273e-03 5.526866880e-05-3.449076787e-03
-5.547068082e-03-6.245662458e-03-5.501920357e-03-3.222336294e-03 7.186988951e-04
 6.320048124e-03 1.249426417e-02 1.825308613e-02 2.357908897e-02 2.857137471e-02
 3.332383558e-02 3.791043907e-02 4.238516465e-02 4.678317904e-02 5.112473294e-02
 5.555657297e-02 6.014018133e-02 6.487715244e-02 6.977861375e-02 7.485528290e-02
 8.012529463e-02 8.553948998e-02 9.097934514e-02 9.646729380e-02 1.020203158e-01
 1.076508388e-01 1.133672297e-01 1.191732734e-01 1.250675470e-01 1.310429424e-01
 1.370864660e-01 1.431792825e-01 1.492967904e-01 1.554088295e-01 1.614800245e-01
 1.674702466e-01 1.733354926e-01 1.790288836e-01 1.845022738e-01 1.897080392e-01
 1.946011186e-01 1.991413236e-01 2.032952607e-01 2.070380598e-01 2.103545666e-01
 2.132396996e-01 2.156982273e-01 2.177439183e-01 2.193979472e-01 2.206873149e-01
 3.949273750e-02 3.796776757e-02 3.697931767e-02 3.663894162e-02 3.694119304e-02
 3.647254035e-02 3.484179825e-02 3.192580491e-02 2.763235010e-02 2.293729968e-02
 1.833839901e-02 1.400448941e-02 1.013130043e-02 6.940469146e-03 4.598144442e-03
 3.201744054e-03 2.806142904e-03 3.440094180e-03 5.101752933e-03 7.730761077e-03
 1.116414554e-02 1.513338555e-02 1.936701126e-02 2.369101159e-02 2.802737616e-02
 3.235391155e-02 3.667459264e-02 4.100404307e-02 4.536101222e-02 4.977251589e-02
 5.429588631e-02 5.897233263e-02 6.381862611e-02 6.884618849e-02 7.406385988e-02
 7.947526872e-02 8.505585045e-02 9.076859057e-02 9.660995752e-02 1.025839746e-01
 1.086947620e-01 1.149445847e-01 1.213326827e-01 1.278542727e-01 1.344997436e-01
 1.412538439e-01 1.480950713e-01 1.549950540e-01 1.619180888e-01 1.688208878e-01
 1.756526381e-01 1.823555827e-01 1.888662577e-01 1.951174885e-01 2.010413110e-01
 2.065724880e-01 2.116523087e-01 2.162324786e-01 2.202781588e-01 2.237701565e-01
 2.267055362e-01 2.290969789e-01 2.309708446e-01 2.323641628e-01 2.333213538e-01
 3.311810270e-02 3.132857010e-02 3.033640794e-02 3.019969538e-02 3.067981079e-02
 3.011791408e-02 2.822083794e-02 2.568022907e-02 2.296458930e-02 2.016068622e-02
 1.738206297e-02 1.475666650e-02 1.241770014e-02 1.049357839e-02 9.095241316e-03
 8.307422511e-03 8.185985498e-03 8.757160045e-03 1.001495123e-02 1.191698387e-02
 1.438390836e-02 1.730967872e-02 2.058325522e-02 2.411052585e-02 2.782495506e-02
 3.168675676e-02 3.567685932e-02 3.979078680e-02 4.403440282e-02 4.842144251e-02
 5.297052488e-02 5.770023912e-02 6.262554973e-02 6.775715202e-02 7.310140878e-02
 7.865984738e-02 8.442919701e-02 9.040451050e-02 9.658285230e-02 1.029637903e-01
 1.095479503e-01 1.163352579e-01 1.233236492e-01 1.305077821e-01 1.378779262e-01
 1.454186589e-01 1.531076431e-01 1.609142274e-01 1.687979847e-01 1.767074913e-01
 1.845791638e-01 1.923371255e-01 1.998939216e-01 2.071531117e-01 2.140135467e-01
 2.203756124e-01 2.261485308e-01 2.312578112e-01 2.356515378e-01 2.393044829e-01
 2.422192544e-01 2.444245815e-01 2.459706962e-01 2.469232827e-01 2.473567277e-01
 2.404189482e-02 2.157838084e-02 2.056905627e-02 2.070471831e-02 2.124554105e-02
 2.105390467e-02 2.047033049e-02 1.955868676e-02 1.839289814e-02 1.705889963e-02
 1.565251313e-02 1.427514665e-02 1.302851923e-02 1.200896874e-02 1.130193751e-02
 1.097741351e-02 1.108677126e-02 1.166086551e-02 1.270911843e-02 1.421994902e-02
 1.616341062e-02 1.849666983e-02 2.117160521e-02 2.414246276e-02 2.737134136e-02
 3.083069995e-02 3.450340778e-02 3.838144615e-02 4.246411845e-02 4.675615579e-02
 5.126576126e-02 5.600266159e-02 6.097649410e-02 6.619576365e-02 7.166729867e-02
 7.739615440e-02 8.338587731e-02 8.963928372e-02 9.615907818e-02 1.029482409e-01
 1.100096703e-01 1.173455939e-01 1.249566823e-01 1.328409463e-01 1.409925520e-01
 1.494002193e-01 1.580454409e-01 1.669000983e-01 1.759236753e-01 1.850601435e-01
 1.942344755e-01 2.033498287e-01 2.122861445e-01 2.209018022e-01 2.290397733e-01
 2.365389168e-01 2.432488799e-01 2.490460724e-01 2.538471520e-01 2.576175630e-01
 2.603737116e-01 2.621783316e-01 2.631298900e-01 2.633483112e-01 2.629607320e-01
 9.993308224e-03 5.282291677e-03 6.686406210e-03 9.454137646e-03 1.149155665e-02
 1.292967889e-02 1.382297929e-02 1.425339002e-02 1.431251410e-02 1.409481093e-02
 1.369530987e-02 1.320774015e-02 1.272226498e-02 1.232290454e-02 1.208492834e-02
 1.207253430e-02 1.233706158e-02 1.291591115e-02 1.383229159e-02 1.509596221e-02
 1.670511253e-02 1.864930056e-02 2.091292478e-02 2.347871102e-02 2.633061074e-02
 2.945578657e-02 3.284561634e-02 3.649583086e-02 4.040616006e-02 4.457961023e-02
 4.902159423e-02 5.373907462e-02 5.873976648e-02 6.403158605e-02 6.962224841e-02
 7.551920414e-02 8.172968030e-02 8.826084435e-02 9.512005001e-02 1.023149043e-01
 1.098531857e-01 1.177425310e-01 1.259899437e-01 1.346010119e-01 1.435788721e-01
 1.529226601e-01 1.626254320e-01 1.726710796e-01 1.830301434e-01 1.936539710e-01
 2.044670135e-01 2.153575867e-01 2.261685282e-01 2.366915643e-01 2.466720194e-01
 2.558297515e-01 2.638946772e-01 2.706446052e-01 2.759346664e-01 2.797145247e-01
 2.820338011e-01 2.830323875e-01 2.829134762e-01 2.819061279e-01 2.802323997e-01
-8.129650378e-04-6.850571372e-03-4.380667582e-03 4.527656711e-04 4.125263542e-03
 6.872707978e-03 8.878436871e-03 1.028127689e-02 1.119919773e-02 1.173921209e-02
 1.200104132e-02 1.207819302e-02 1.205789950e-02 1.202046406e-02 1.203834545e-02
 1.217517350e-02 1.248492301e-02 1.301138010e-02 1.378798205e-02 1.483817771e-02
 1.617672108e-02 1.781193540e-02 1.974740997e-02 2.198365703e-02 2.451971732e-02
 2.735464089e-02 3.048845753e-02 3.392265365e-02 3.766034171e-02 4.170621559e-02
 4.606630653e-02 5.074774101e-02 5.575843528e-02 6.110692769e-02 6.680221856e-02
 7.285378873e-02 7.927164435e-02 8.606649190e-02 9.324989468e-02 1.008344367e-01
 1.088337824e-01 1.172627807e-01 1.261373311e-01 1.354741305e-01 1.452902704e-01
 1.556022912e-01 1.664247215e-01 1.777675748e-01 1.896319985e-01 2.020031214e-01
 2.148380578e-01 2.280466408e-01 2.414618880e-01 2.548013926e-01 2.676364779e-01
 2.794207633e-01 2.896122038e-01 2.977891862e-01 3.036907315e-01 3.072301149e-01
 3.085205257e-01 3.078885972e-01 3.058013320e-01 3.027269542e-01 2.990501821e-01
-5.880294833e-03-1.240399759e-02-9.469703771e-03-4.089422058e-03 2.238146117e-04
 3.609112930e-03 6.196323317e-03 8.111505769e-03 9.472529404e-03 1.038847305e-02
 1.096013188e-02 1.128059439e-02 1.143577788e-02 1.150474604e-02 1.155979838e-02
 1.166603155e-02 1.188104693e-02 1.225467306e-02 1.282843109e-02 1.363397576e-02
 1.469385624e-02 1.602839306e-02 1.765399240e-02 1.958293654e-02 2.182399109e-02
 2.438482642e-02 2.727262489e-02 3.049431369e-02 3.405686095e-02 3.796759620e-02
 4.223435000e-02 4.686548933e-02 5.186998099e-02 5.725742131e-02 6.303815544e-02
 6.922339648e-02 7.582543045e-02 8.285783976e-02 9.033586085e-02 9.827665985e-02
 1.066997647e-01 1.156274751e-01 1.250853688e-01 1.351028234e-01 1.457135677e-01
 1.569562405e-01 1.688749492e-01 1.815192103e-01 1.949435323e-01 2.092047185e-01
 2.243552804e-01 2.404265851e-01 2.573884428e-01 2.750535309e-01 2.928681672e-01
 3.093205094e-01 3.230669796e-01 3.335084617e-01 3.402670622e-01 3.431211114e-01
 3.420538604e-01 3.377935886e-01 3.319408894e-01 3.254047334e-01 3.187249899e-01
-5.898304284e-03-1.250380091e-02-9.777913801e-03-4.388378467e-03-1.192357740e-05
 3.442037618e-03 6.084594410e-03 8.033769205e-03 9.404521435e-03 1.030378230e-02
 1.082970202e-02 1.107179839e-02 1.111243758e-02 1.102820039e-02 1.089192089e-02
 1.077037584e-02 1.072497945e-02 1.081271190e-02 1.108785719e-02 1.158673037e-02
 1.231474243e-02 1.330980286e-02 1.460144017e-02 1.621120609e-02 1.814881153e-02
 2.042835020e-02 2.306336910e-02 2.606523409e-02 2.944371477e-02 3.320842981e-02
 3.736891598e-02 4.193471745e-02 4.691571742e-02 5.232232064e-02 5.816576257e-02
 6.445835531e-02 7.121380419e-02 7.844761014e-02 8.617749810e-02 9.442395717e-02
 1.032109261e-01 1.125666127e-01 1.225245148e-01 1.331247538e-01 1.444158256e-01
 1.564567834e-01 1.693203598e-01 1.830970496e-01 1.979010254e-01 2.138785273e-01
 2.312208861e-01 2.501859367e-01 2.711381316e-01 2.946469784e-01 3.211990595e-01
 3.451915979e-01 3.641424775e-01 3.779136837e-01 3.862099648e-01 3.883548975e-01
 3.841363788e-01 3.725659251e-01 3.597799540e-01 3.480192125e-01 3.373981714e-01
-1.568527194e-03-8.071671240e-03-5.634913687e-03-5.575446412e-04 3.428689670e-03
 6.440692581e-03 8.629634045e-03 1.013683714e-02 1.108701620e-02 1.158811804e-02
 1.173355523e-02 1.160469186e-02 1.127289422e-02 1.080065314e-02 1.026828494e-02
 9.738452733e-03 9.270338342e-03 8.919219486e-03 8.735789917e-03 8.764417842e-03
 9.043777362e-03 9.613864124e-03 1.051522791e-02 1.179161761e-02 1.339596976e-02
 1.536630839e-02 1.772832125e-02 2.049559169e-02 2.367559448e-02 2.728004009e-02
 3.131979331e-02 3.580461815e-02 4.074451700e-02 4.614987224e-02 5.203188211e-02
 5.840289593e-02 6.527683139e-02 7.266960293e-02 8.059964329e-02 8.908860385e-02
 9.816213697e-02 1.078509539e-01 1.181921735e-01 1.292310953e-01 1.410235614e-01
 1.536392272e-01 1.671660393e-01 1.817166656e-01 1.974380314e-01 2.145255655e-01
 2.332458794e-01 2.539732158e-01 2.772496641e-01 3.038734198e-01 3.349463344e-01
 3.668045700e-01 3.915178776e-01 4.089799821e-01 4.193410575e-01 4.224858284e-01
 4.173746109e-01 4.034134746e-01 3.831537664e-01 3.660266697e-01 3.516806662e-01
 7.239989471e-03 8.940370753e-04 3.435465274e-03 7.735106163e-03 1.066124160e-02
 1.257614139e-02 1.372856181e-02 1.429351512e-02 1.439772546e-02 1.413773000e-02
 1.359080523e-02 1.282133628e-02 1.188453566e-02 1.082864869e-02 9.723122232e-03
 8.626149036e-03 7.593708113e-03 6.679267623e-03 5.933478940e-03 5.403913092e-03
 5.135240965e-03 5.169830285e-03 5.547148641e-03 6.301921792e-03 7.459380664e-03
 9.051759727e-03 1.111524180e-02 1.364384405e-02 1.660604030e-02 2.003377490e-02
 2.394012362e-02 2.833030373e-02 3.321399540e-02 3.860009462e-02 4.449858889e-02
 5.092058331e-02 5.787872151e-02 6.538759172e-02 7.346421480e-02 8.212870359e-02
 9.140501916e-02 1.013219878e-01 1.119145900e-01 1.232256070e-01 1.353077888e-01
 1.482267976e-01 1.620651335e-01 1.769274473e-01 1.929480433e-01 2.103011608e-01
 2.292150259e-01 2.499903589e-01 2.730225027e-01 2.988222837e-01 3.280298114e-01
 3.612161875e-01 3.894388378e-01 4.096719027e-01 4.221937358e-01 4.270935059e-01
 4.245708287e-01 4.135737717e-01 3.939007819e-01 3.737758994e-01 3.576558232e-01
 2.381085046e-02 1.866265386e-02 1.937509142e-02 2.103969455e-02 2.155361697e-02
 2.144627459e-02 2.091669664e-02 2.006664500e-02 1.896075159e-02 1.764686592e-02
 1.616424881e-02 1.454722788e-02 1.282684039e-02 1.103144232e-02 9.211393073e-03
 7.419704460e-03 5.708053242e-03 4.126974847e-03 2.725743689e-03 1.552160480e-03
 6.523737684e-04 7.069739513e-05-1.507575507e-04 2.740632044e-05 6.415386451e-04
 1.726016984e-03 3.311724635e-03 5.422053393e-03 8.077489212e-03 1.130689401e-02
 1.508581918e-02 1.937112212e-02 2.419097722e-02 2.954613976e-02 3.544536605e-02
 4.189714417e-02 4.891156405e-02 5.650022253e-02 6.467667967e-02 7.345692813e-02
 8.285999298e-02 9.290865064e-02 1.036303118e-01 1.150581315e-01 1.272323132e-01
 1.402017474e-01 1.540259123e-01 1.687772423e-01 1.845436394e-01 2.014310956e-01
 2.195657790e-01 2.390945554e-01 2.601824105e-01 2.830068171e-01 3.077569604e-01
 3.346940875e-01 3.622211814e-01 3.819833994e-01 3.950003982e-01 4.018103480e-01
 4.021774828e-01 3.966162503e-01 3.842615485e-01 3.667264581e-01 3.526460230e-01
 4.769533128e-02 4.574088752e-02 4.138218984e-02 3.742799908e-02 3.437025473e-02
 3.167501092e-02 2.912863530e-02 2.663280070e-02 2.413880825e-02 2.162290551e-02
 1.907542907e-02 1.649540477e-02 1.388763916e-02 1.126114465e-02 8.628559299e-03
 6.054366939e-03 3.583339974e-03 1.261627651e-03-8.640748565e-04-2.747127553e-03
-4.341393244e-03-5.601605400e-03-6.483713631e-03-6.945213769e-03-6.945445202e-03
-6.445856765e-03-5.410626531e-03-3.807449248e-03-1.607667655e-03 1.213050215e-03
 4.670107272e-03 8.776688948e-03 1.355599985e-02 1.887466758e-02 2.476974577e-02
 3.124055266e-02 3.829506785e-02 4.594039544e-02 5.418511108e-02 6.303914636e-02
 7.251419872e-02 8.262410015e-02 9.338515252e-02 1.048165038e-01 1.169404387e-01
 1.297825575e-01 1.433716714e-01 1.577391028e-01 1.729170978e-01 1.889354438e-01
 2.058150917e-01 2.235567421e-01 2.421201766e-01 2.613868415e-01 2.810858190e-01
 3.006331623e-01 3.188492656e-01 3.341809213e-01 3.456989527e-01 3.531098962e-01
 3.564018607e-01 3.557669520e-01 3.517188728e-01 3.453833163e-01 3.383455873e-01
 6.443460286e-02 6.341779232e-02 5.756124482e-02 5.128469318e-02 4.594835639e-02
 4.125369713e-02 3.698475659e-02 3.299526870e-02 2.918851003e-02 2.550074644e-02
 2.189022489e-02 1.833018847e-02 1.480446104e-02 1.130472682e-02 7.829061709e-03
 4.436576739e-03 1.168161747e-03-1.932917745e-03-4.821975250e-03-7.453584112e-03
-9.782077745e-03-1.176194847e-02-1.334816776e-02-1.449648384e-02-1.516371500e-02
-1.530807745e-02-1.488961000e-02-1.387069747e-02-1.221665554e-02-9.896548465e-03
-6.884306669e-03-3.159232903e-03 1.292246627e-03 6.469536573e-03 1.238949690e-02
 1.887708157e-02 2.597219497e-02 3.366919234e-02 4.197211191e-02 5.088344216e-02
 6.040647626e-02 7.054484636e-02 8.130256087e-02 9.268371016e-02 1.046920493e-01
 1.173301488e-01 1.305980235e-01 1.444908679e-01 1.589955986e-01 1.740854532e-01
 1.897117943e-01 2.057920843e-01 2.221922427e-01 2.387023270e-01 2.550067008e-01
 2.706606388e-01 2.851068079e-01 2.977690399e-01 3.081848323e-01 3.160840273e-01
 3.213991523e-01 3.242579401e-01 3.249797821e-01 3.240466416e-01 3.220048249e-01
 7.515210658e-02 7.435872406e-02 6.843511015e-02 6.133948639e-02 5.489573255e-02
 4.899930581e-02 4.353484139e-02 3.840046003e-02 3.351310268e-02 2.880791761e-02
 2.423555031e-02 1.975902729e-02 1.535094716e-02 1.099103410e-02 6.689155940e-03
 2.484318335e-03-1.582505996e-03-5.468655378e-03-9.130208753e-03-1.252240688e-02
-1.560001168e-02-1.831760071e-02-2.062981948e-02-2.249158546e-02-2.385832183e-02
-2.468620799e-02-2.493248880e-02-2.455590107e-02-2.351721749e-02-2.177994698e-02
-1.931126602e-02-1.608311571e-02-1.207373478e-02-7.269553374e-03-1.666109078e-03
 4.723123275e-03 1.190520823e-02 1.966512576e-02 2.804230712e-02 3.702358156e-02
 4.660533369e-02 5.678100884e-02 6.754309684e-02 7.888215035e-02 9.078605473e-02
 1.032388359e-01 1.162189469e-01 1.296968758e-01 1.436317861e-01 1.579669714e-01
 1.726240218e-01 1.874955893e-01 2.024372071e-01 2.172596753e-01 2.317251116e-01
 2.455517203e-01 2.584334016e-01 2.700737417e-01 2.802261710e-01 2.887267768e-01
 2.955122292e-01 3.006232083e-01 3.041950166e-01 3.064339459e-01 3.075810969e-01
 8.272089064e-02 8.203217387e-02 7.583997399e-02 6.833266467e-02 6.130238622e-02
 5.469624326e-02 4.845081642e-02 4.250143468e-02 3.678834438e-02 3.125951439e-02
 2.587122284e-02 2.058755234e-02 1.537940651e-02 1.022342406e-02 5.133477040e-03
 1.484360255e-04-4.690525122e-03-9.340660647e-03-1.375815645e-02-1.789849997e-02
-2.171674930e-02-2.516772225e-02-2.820614353e-02-3.078675643e-02-3.286443651e-02
-3.439434245e-02-3.533210233e-02-3.563412651e-02-3.525801003e-02-3.416313231e-02
-3.231143579e-02-2.966845222e-02-2.620460838e-02-2.189683169e-02-1.673040353e-02
-1.070134807e-02-3.817554796e-03 3.890515305e-03 1.241343282e-02 2.150101587e-02
 3.118714504e-02 4.144797102e-02 5.226778239e-02 6.362599880e-02 7.549858838e-02
 8.785667270e-02 1.006652042e-01 1.138811633e-01 1.274511665e-01 1.413085461e-01
 1.553701758e-01 1.695331484e-01 1.836721450e-01 1.976384521e-01 2.112617195e-01
 2.243561894e-01 2.367314547e-01 2.482075095e-01 2.586307824e-01 2.678880990e-01
 2.759157419e-01 2.827019393e-01 2.882831991e-01 2.927343845e-01 2.961553931e-01
 8.768226206e-02 8.699639887e-02 8.059252799e-02 7.286734879e-02 6.551995873e-02
 5.849931017e-02 5.175687745e-02 4.524592683e-02 3.892345354e-02 3.275077417e-02
 2.669364214e-02 2.072206885e-02 1.481001824e-02 8.934956044e-03 3.121356014e-03
-2.588511445e-03-8.151293732e-03-1.352292299e-02-1.865889691e-02-2.351447754e-02
-2.804481238e-02-3.220500425e-02-3.595012054e-02-3.923518211e-02-4.201516509e-02
-4.424501956e-02-4.587970674e-02-4.687440395e-02-4.718473926e-02-4.676722735e-02
-4.557989910e-02-4.358313605e-02-4.074079916e-02-3.702164814e-02-3.240105510e-02
-2.686311677e-02-2.040303126e-02-1.303010248e-02-4.769228399e-03 4.326909315e-03
 1.422365289e-02 2.464524843e-02 3.561390191e-02 4.709268734e-02 5.905043334e-02
 7.144974917e-02 8.424818516e-02 9.739737213e-02 1.108413637e-01 1.245148778e-01
 1.383416206e-01 1.522330046e-01 1.660876572e-01 1.797918975e-01 1.932219118e-01
 2.062475681e-01 2.187379301e-01 2.305679768e-01 2.416253537e-01 2.518161833e-01
 2.610691190e-01 2.693367898e-01 2.765952945e-01 2.828415632e-01 2.880902290e-01
 9.009152651e-02 8.925489336e-02 8.302891999e-02 7.530087978e-02 6.786776334e-02
 6.065895781e-02 5.362813175e-02 4.674346000e-02 3.997823969e-02 3.330776840e-02
 2.670858987e-02 2.015852928e-02 1.363676228e-02 7.123746444e-03 6.604681257e-04
-5.706588738e-03-1.193113346e-02-1.796715707e-02-2.376900613e-02-2.929142676e-02
-3.448953107e-02-3.931873664e-02-4.373462871e-02-4.769285768e-02-5.114896968e-02
-5.405832082e-02-5.637598783e-02-5.805678666e-02-5.905539170e-02-5.932657421e-02
-5.882565677e-02-5.750916153e-02-5.533570424e-02-5.226720497e-02-4.827040806e-02
-4.331880063e-02-3.739487007e-02-3.049277514e-02-2.262136899e-02-1.380785182e-02
-4.099686630e-03 6.422398612e-03 1.768805087e-02 2.941289544e-02 4.160104692e-02
 5.420229211e-02 6.716984510e-02 8.045557141e-02 9.400723875e-02 1.077668220e-01
 1.216694191e-01 1.356428862e-01 1.496078670e-01 1.634784341e-01 1.771633029e-01
 1.905676723e-01 2.035953104e-01 2.161509693e-01 2.281422764e-01 2.394810319e-01
 2.500838339e-01 2.598719597e-01 2.687717974e-01 2.767159641e-01 2.836467028e-01
 9.028107673e-02 8.903048933e-02 8.316322416e-02 7.597243786e-02 6.874024868e-02
 6.151781231e-02 5.433401093e-02 4.719607159e-02 4.010032862e-02 3.303716332e-02
 2.599363960e-02 1.895517483e-02 1.190676354e-02 4.834250547e-03-2.202681266e-03
-9.154210798e-03-1.597132906e-02-2.260606922e-02-2.901156619e-02-3.514198959e-02
-4.095242172e-02-4.639865831e-02-5.143697560e-02-5.602389574e-02-6.011590734e-02
-6.366923451e-02-6.663964689e-02-6.898231059e-02-7.065175474e-02-7.160196453e-02
-7.178661972e-02-7.115954906e-02-6.967540830e-02-6.729064882e-02-6.396478415e-02
-5.966206640e-02-5.435349792e-02-4.801932350e-02-4.065190256e-02-3.225904703e-02
-2.286760323e-02-1.252777409e-02-1.315523637e-03 1.065444387e-02 2.326302417e-02
 3.624146432e-02 4.955571517e-02 6.316764653e-02 7.703498006e-02 9.111039340e-02
 1.053419709e-01 1.196737140e-01 1.340460032e-01 1.483960748e-01 1.626585871e-01
 1.767657399e-01 1.906476021e-01 2.042314112e-01 2.174401283e-01 2.301899493e-01
 2.423864901e-01 2.539206445e-01 2.646658719e-01 2.744794488e-01 2.832118273e-01
 9.037936479e-02 8.889225870e-02 8.311005682e-02 7.601249218e-02 6.880370528e-02
 6.151777133e-02 5.419063568e-02 4.684003815e-02 3.947107121e-02 3.208093345e-02
 2.466184646e-02 1.720276661e-02 9.690342471e-03 2.138608368e-03-5.395391490e-03
-1.285733469e-02-2.019521408e-02-2.735911496e-02-3.430104256e-02-4.097469151e-02
-4.733521119e-02-5.333890766e-02-5.894291028e-02-6.410479546e-02-6.878226250e-02
-7.293276489e-02-7.651314884e-02-7.947948575e-02-8.178680390e-02-8.338905871e-02
-8.423918486e-02-8.428937197e-02-8.349148929e-02-8.179781586e-02-7.916209102e-02
-7.554082572e-02-7.089511305e-02-6.519276649e-02-5.841099098e-02-5.053938180e-02
-4.158344865e-02-3.156831861e-02-2.054251917e-02-8.581792936e-03 4.210019950e-03
 1.769430749e-02 3.149656579e-02 4.558887333e-02 5.994189531e-02 7.451750338e-02
 8.927476406e-02 1.041720361e-01 1.191676483e-01 1.342201978e-01 1.492885947e-01
 1.643315256e-01 1.793066710e-01 1.941684484e-01 2.088643312e-01 2.233284712e-01
 2.374720573e-01 2.511693835e-01 2.642404735e-01 2.764369249e-01 2.874484658e-01
 9.067913890e-02 8.910735697e-02 8.314716071e-02 7.578897476e-02 6.838443875e-02
 6.092958897e-02 5.342304707e-02 4.586456344e-02 3.825161606e-02 3.057864308e-02
 2.283729054e-02 1.501691621e-02 7.104916032e-03-8.618104039e-04-8.824439719e-03
-1.672675647e-02-2.451516874e-02-3.213863820e-02-3.954853863e-02-4.669842869e-02
-5.354374647e-02-6.004147977e-02-6.614974886e-02-7.182735205e-02-7.703337818e-02
-8.172670752e-02-8.586562425e-02-8.940742165e-02-9.230811149e-02-9.452222288e-02
-9.600269049e-02-9.670090675e-02-9.656700492e-02-9.555034339e-02-9.360022843e-02
-9.066706896e-02-8.670376241e-02-8.166763186e-02-7.552271336e-02-6.824260205e-02
-5.981374159e-02-5.023910850e-02-3.954228386e-02-2.777166665e-02-1.500451099e-02
-1.350932755e-03 1.304399315e-02 2.772497572e-02 4.270169511e-02 5.792369694e-02
 7.335370779e-02 8.896180987e-02 1.047232747e-01 1.206178814e-01 1.366297305e-01
 1.527470946e-01 1.689618230e-01 1.852677315e-01 2.016573846e-01 2.181156427e-01
 2.346075773e-01 2.510559857e-01 2.672988772e-01 2.830047011e-01 2.975123823e-01
 9.048809111e-02 8.882264793e-02 8.250595629e-02 7.497896254e-02 6.741542369e-02
 5.980120227e-02 5.212679505e-02 4.438258335e-02 3.655867279e-02 2.864464745e-02
 2.062945254e-02 1.250152104e-02 4.249185789e-03-4.069277551e-03-1.239465084e-02
-2.066999860e-02-2.884102985e-02-3.685623407e-02-4.466679692e-02-5.222644657e-02
-5.949113891e-02-6.641868502e-02-7.296828181e-02-7.910007983e-02-8.477463573e-02
-8.995240927e-02-9.459325671e-02-9.865596890e-02-1.020978764e-01-1.048744917e-01
-1.069392785e-01-1.082435995e-01-1.087367162e-01-1.083661169e-01-1.070780233e-01
-1.048182100e-01-1.015331745e-01-9.717174619e-02-9.168708324e-02-8.503931761e-02
-7.719856501e-02-6.814870983e-02-5.789170414e-02-4.645243660e-02-3.388436884e-02
-2.027601004e-02-5.758830346e-03 9.481591173e-03 2.526490763e-02 4.126762971e-02
 5.747722089e-02 7.388345152e-02 9.048105776e-02 1.072715893e-01 1.242648885e-01
 1.414805055e-01 1.589490771e-01 1.767139882e-01 1.948325932e-01 2.133771330e-01
 2.324343175e-01 2.521015704e-01 2.724729776e-01 2.935643494e-01 3.143298030e-01
 8.926694095e-02 8.744935691e-02 8.117680252e-02 7.354352623e-02 6.587209553e-02
 5.814776942e-02 5.035262182e-02 4.246924073e-02 3.448152915e-02 2.637456730e-02
 1.813417114e-02 9.746377356e-03 1.218125573e-03-7.388070691e-03-1.601188257e-02
-2.459560707e-02-3.308445215e-02-4.142665491e-02-4.957346991e-02-5.747895688e-02
-6.509970129e-02-7.239440084e-02-7.932342589e-02-8.584826440e-02-9.193097055e-02
-9.753361344e-02-1.026177183e-01-1.071436852e-01-1.110703498e-01-1.143544987e-01
-1.169505715e-01-1.188103780e-01-1.198830679e-01-1.201151460e-01-1.194508523e-01
-1.178327203e-01-1.152024791e-01-1.115023494e-01-1.066768169e-01-1.006748751e-01
-9.345289320e-02-8.497806638e-02-7.523260266e-02-6.421843171e-02-5.196259543e-02
-3.852286935e-02-2.399317548e-02-8.507504128e-03 7.760846522e-03 2.459031902e-02
 4.161708429e-02 5.884128436e-02 7.627084851e-02 9.392423183e-02 1.118323281e-01
 1.300410032e-01 1.486146748e-01 1.676414460e-01 1.872400939e-01 2.075704038e-01
 2.288487405e-01 2.513740957e-01 2.755784988e-01 3.021401465e-01 3.298384845e-01
 8.744731545e-02 8.546744287e-02 7.912932336e-02 7.144942880e-02 6.375075132e-02
 5.599767715e-02 4.815649986e-02 4.020079225e-02 3.210973740e-02 2.386610769e-02
 1.545464247e-02 6.860831287e-03-1.885024714e-03-1.071969047e-02-1.958215795e-02
-2.841419168e-02-3.716066852e-02-4.576974362e-02-5.419282243e-02-6.238438562e-02
-7.030168176e-02-7.790432125e-02-8.515378833e-02-9.201288968e-02-9.844513983e-02
-1.044141874e-01-1.098831892e-01-1.148142070e-01-1.191676408e-01-1.229017526e-01
-1.259721667e-01-1.283315867e-01-1.299295425e-01-1.307122856e-01-1.306230426e-01
-1.296022534e-01-1.275882721e-01-1.245184988e-01-1.203306913e-01-1.149650440e-01
-1.083666459e-01-1.004886851e-01-9.129630029e-02-8.077105880e-02-6.891617924e-02
-5.576208606e-02-4.137226194e-02-2.584892884e-02-9.338302538e-03 7.963855751e-03
 2.580847219e-02 4.382441565e-02 6.202355772e-02 8.043516427e-02 9.910306334e-02
 1.180877686e-01 1.374710798e-01 1.573629528e-01 1.779110432e-01 1.993144155e-01
 2.218424976e-01 2.458609641e-01 2.718612850e-01 3.004801869e-01 3.310700655e-01
 8.497073501e-02 8.283054084e-02 7.618416101e-02 6.862430274e-02 6.106764823e-02
 5.341861024e-02 4.563191906e-02 3.768216819e-02 2.955224365e-02 2.122855186e-02
 1.269903034e-02 3.952272702e-03-4.957681987e-03-1.396700181e-02-2.301407978e-02
-3.204021230e-02-4.099001735e-02-4.981160164e-02-5.845655501e-02-6.687978655e-02
-7.503918558e-02-8.289522678e-02-9.041043371e-02-9.754882753e-02-1.042753085e-01
-1.105550006e-01-1.163526177e-01-1.216318160e-01-1.263545901e-01-1.304807067e-01
-1.339671314e-01-1.367676854e-01-1.388326883e-01-1.401087046e-01-1.405386031e-01
-1.400617212e-01-1.386143118e-01-1.361303926e-01-1.325428635e-01-1.277852356e-01
-1.217938662e-01-1.145107597e-01-1.058871746e-01-9.588787705e-02-8.449617773e-02
-7.171955705e-02-5.759589374e-02-4.219999537e-02-2.565024234e-02-8.115214296e-03
 1.017988287e-02 2.894618735e-02 4.781361297e-02 6.683317572e-02 8.605524153e-02
 1.055399776e-01 1.253643781e-01 1.456289440e-01 1.664657295e-01 1.880494654e-01
 2.106136531e-01 2.344750166e-01 2.600717545e-01 2.880191207e-01 3.178775311e-01
 8.022045344e-02 7.747603953e-02 7.194779813e-02 6.515959650e-02 5.801388621e-02
 5.060488731e-02 4.295487702e-02 3.506961837e-02 2.694831416e-02 1.858674362e-02
 9.978557006e-03 1.127549214e-03-7.899045944e-03-1.703592204e-02-2.622048557e-02
-3.539342061e-02-4.449902102e-02-5.348534137e-02-6.230414286e-02-7.091070712e-02
-7.926353812e-02-8.732385933e-02-9.505516291e-02-1.024225652e-01-1.093921885e-01
-1.159305051e-01-1.220036671e-01-1.275768131e-01-1.326134503e-01-1.370748132e-01
-1.409192681e-01-1.441018879e-01-1.465739608e-01-1.482827961e-01-1.491714418e-01
-1.491788924e-01-1.482402682e-01-1.462874711e-01-1.432501376e-01-1.390570700e-01
-1.336381882e-01-1.269271225e-01-1.188644543e-01-1.094018370e-01-9.850676358e-02
-8.616816252e-02-7.240264863e-02-5.726107210e-02-4.083506763e-02-2.326255478e-02
-4.730727524e-03 1.452667266e-02 3.388013318e-02 5.333077535e-02 7.289898396e-02
 9.262067080e-02 1.125459746e-01 1.327395737e-01 1.532822102e-01 1.742728204e-01
 1.958316267e-01 2.181051970e-01 2.412792444e-01 2.656357884e-01 2.911721170e-01
 7.691425830e-02 7.394082844e-02 6.849362701e-02 6.199982017e-02 5.512012169e-02
 4.790011421e-02 4.037259519e-02 3.255543485e-02 2.445648797e-02 1.607723348e-02
 7.414884400e-03-1.504173735e-03-1.061030943e-02-1.983674243e-02-2.911997400e-02
-3.840015829e-02-4.762136191e-02-5.673161522e-02-6.568287313e-02-7.443080097e-02
-8.293440938e-02-9.115562588e-02-9.905875474e-02-1.066098809e-01-1.137761995e-01
-1.205253676e-01-1.268248111e-01-1.326409876e-01-1.379387975e-01-1.426807940e-01
-1.468267739e-01-1.503330320e-01-1.531520039e-01-1.552318633e-01-1.565162838e-01
-1.569444239e-01-1.564510316e-01-1.549669057e-01-1.524197310e-01-1.487352252e-01
-1.438389271e-01-1.376585513e-01-1.301270276e-01-1.211863533e-01-1.107922569e-01
-9.891979396e-02-8.556971699e-02-7.077551633e-02-5.461097509e-02-3.719782457e-02
-1.871339977e-02 6.015327526e-04 2.043276094e-02 4.023879021e-02 6.002403423e-02
 7.980542630e-02 9.960547835e-02 1.194485277e-01 1.393568516e-01 1.593443900e-01
 1.794053614e-01 1.994919926e-01 2.194674462e-01 2.390028983e-01 2.574067712e-01
 7.470463216e-02 7.162264735e-02 6.601395458e-02 5.952380598e-02 5.270031095e-02
 4.554932192e-02 3.808060288e-02 3.030155972e-02 2.221602201e-02 1.382427104e-02
 5.123483017e-03-3.841556842e-03-1.300119143e-02-2.228848822e-02-3.163982183e-02
-4.099529237e-02-5.029899627e-02-5.949911848e-02-6.854786724e-02-7.740128040e-02
-8.601886034e-02-9.436311573e-02-1.023990661e-01-1.100935861e-01-1.174148023e-01
-1.243313551e-01-1.308117360e-01-1.368235648e-01-1.423329413e-01-1.473036557e-01
-1.516966969e-01-1.554695666e-01-1.585758477e-01-1.609646827e-01-1.625805646e-01
-1.633631438e-01-1.632473171e-01-1.621635407e-01-1.600385159e-01-1.567961574e-01
-1.523592919e-01-1.466517448e-01-1.396012455e-01-1.311430335e-01-1.212245300e-01
-1.098107323e-01-9.689068794e-02-8.248470724e-02-6.665235013e-02-4.950070754e-02
-3.119262867e-02-1.195448358e-02 7.917299867e-03 2.805193886e-02 4.798322916e-02
 6.773358583e-02 8.731053025e-02 1.067103818e-01 1.259159297e-01 1.448899209e-01
 1.635641903e-01 1.818239540e-01 1.994871944e-01 2.162859738e-01 2.318693548e-01
 7.280485332e-02 6.962247193e-02 6.407308578e-02 5.756582692e-02 5.074564740e-02
 4.361234605e-02 3.616460040e-02 2.840114571e-02 2.031999640e-02 1.191795524e-02
 3.190334421e-03-5.804429762e-03-1.499786042e-02-2.432376333e-02-3.371899202e-02
-4.312399402e-02-5.248315260e-02-6.174494326e-02-7.086189091e-02-7.979039848e-02
-8.849036694e-02-9.692483395e-02-1.050593704e-01-1.128615066e-01-1.203000918e-01
-1.273445636e-01-1.339642853e-01-1.401278079e-01-1.458022147e-01-1.509523243e-01
-1.555401832e-01-1.595243514e-01-1.628594100e-01-1.654954851e-01-1.673779339e-01
-1.684470624e-01-1.686382145e-01-1.678819507e-01-1.661046743e-01-1.632294655e-01
-1.591776013e-01-1.538705826e-01-1.472328007e-01-1.391950995e-01-1.296992004e-01
-1.187030450e-01-1.061871573e-01-9.216184914e-02-7.667513192e-02-5.982083082e-02
-4.174632579e-02-2.265864238e-02-2.827068791e-03 1.742131077e-02 3.739908338e-02
 5.707143247e-02 7.641619444e-02 9.540864825e-02 1.140130237e-01 1.321760863e-01
 1.498211771e-01 1.668425798e-01 1.831020266e-01 1.984303445e-01 2.126383483e-01
 7.142645121e-02 6.817758828e-02 6.255877018e-02 5.602965131e-02 4.920796677e-02
 4.208420590e-02 3.464996442e-02 2.689810842e-02 1.882231981e-02 1.041657384e-02
 1.675409148e-03-7.333740126e-03-1.654387638e-02-2.588976733e-02-3.530891612e-02
-4.474223405e-02-5.413447693e-02-6.343442947e-02-7.259491086e-02-8.157262951e-02
-9.032782912e-02-9.882391244e-02-1.070268750e-01-1.149047241e-01-1.224268228e-01
-1.295632124e-01-1.362839043e-01-1.425581425e-01-1.483537555e-01-1.536363661e-01
-1.583688557e-01-1.625106186e-01-1.660171002e-01-1.688392460e-01-1.709231734e-01
-1.722098887e-01-1.726353019e-01-1.721303314e-01-1.706214100e-01-1.680314094e-01
-1.642809063e-01-1.592901349e-01-1.529815942e-01-1.452834010e-01-1.361337006e-01
-1.254857779e-01-1.133144647e-01-9.962322563e-02-8.445216715e-02-6.788644940e-02
-5.006475002e-02-3.118718415e-02-1.152243838e-02 8.585656993e-03 2.870914526e-02
 4.835629091e-02 6.752929091e-02 8.621194214e-02 1.043721959e-01 1.219622791e-01
 1.389180124e-01 1.551588476e-01 1.705892682e-01 1.851031184e-01 1.985910237e-01
 7.036153227e-02 6.706526130e-02 6.137143448e-02 5.484800786e-02 4.804970324e-02
 4.095429182e-02 3.354708105e-02 2.581739984e-02 1.775672846e-02 9.357343428e-03
 6.204341771e-04-8.386655711e-03-1.759728044e-02-2.694659494e-02-3.637245670e-02
-4.581607133e-02-5.522243679e-02-6.454055011e-02-7.372343540e-02-8.272798359e-02
-9.151464701e-02-1.000470594e-01-1.082914546e-01-1.162161455e-01-1.237908080e-01
-1.309858561e-01-1.377716959e-01-1.441180557e-01-1.499932259e-01-1.553634107e-01
-1.601919979e-01-1.644390374e-01-1.680605412e-01-1.710081100e-01-1.732284427e-01
-1.746631414e-01-1.752485782e-01-1.749160886e-01-1.735923886e-01-1.712004095e-01
-1.676605195e-01-1.628924608e-01-1.568177640e-01-1.493631899e-01-1.404648125e-01
-1.300732493e-01-1.181598455e-01-1.047237515e-01-8.979982138e-02-7.346702367e-02
-5.585677549e-02-3.716063872e-02-1.763635688e-02 2.389083151e-03 2.252150327e-02
 4.210469499e-02 6.113252416e-02 7.958771288e-02 9.744152427e-02 1.146538779e-01
 1.311739981e-01 1.469418257e-01 1.618903279e-01 1.759492159e-01 1.890497506e-01
 6.932103634e-02 6.595980376e-02 6.039970368e-02 5.397507176e-02 4.726266116e-02
 4.023383558e-02 3.287734836e-02 2.518664487e-02 1.715574972e-02 8.778241463e-03
 6.051416858e-05-8.930018172e-03-1.812673360e-02-2.746487223e-02-3.688238189e-02
-4.632056132e-02-5.572447926e-02-6.504320353e-02-7.422979921e-02-8.324121684e-02
-9.203794599e-02-1.005836800e-01-1.088447273e-01-1.167894825e-01-1.243877485e-01
-1.316100657e-01-1.384270340e-01-1.448085457e-01-1.507231444e-01-1.561372578e-01
-1.610146314e-01-1.653155386e-01-1.689963937e-01-1.720091254e-01-1.743007749e-01
-1.758133471e-01-1.764835417e-01-1.762430370e-01-1.750188172e-01-1.727339774e-01
-1.693090498e-01-1.646636724e-01-1.587192267e-01-1.514019519e-01-1.426471919e-01
-1.324045062e-01-1.206437051e-01-1.073619127e-01-9.259136021e-02-7.640769333e-02
-5.893809348e-02-4.036873579e-02-2.095044218e-02-1.001384575e-03 1.909438707e-02
 3.860232234e-02 5.751359090e-02 7.581080496e-02 9.346778691e-02 1.104499027e-01
 1.267150044e-01 1.422150880e-01 1.568985283e-01 1.707130820e-01 1.836094111e-01
 6.836894155e-02 6.482963264e-02 5.964566395e-02 5.351348594e-02 4.693159088e-02
 3.998238593e-02 3.268389776e-02 2.503986284e-02 1.704871282e-02 8.706151508e-03
 2.026552102e-05-8.941140957e-03-1.811124198e-02-2.742515318e-02-3.682073578e-02
-4.623920843e-02-5.562555790e-02-6.492874771e-02-7.410175353e-02-8.310139179e-02
-9.188807011e-02-1.004253402e-01-1.086794138e-01-1.166185662e-01-1.242125034e-01
-1.314316988e-01-1.382466257e-01-1.446271688e-01-1.505417973e-01-1.559569091e-01
-1.608362347e-01-1.651400924e-01-1.688249260e-01-1.718426794e-01-1.741405278e-01
-1.756605655e-01-1.763396263e-01-1.761095673e-01-1.748975813e-01-1.726270020e-01
-1.692186147e-01-1.645923704e-01-1.586699486e-01-1.513779908e-01-1.426521689e-01
-1.324424148e-01-1.207188368e-01-1.074789092e-01-9.275507182e-02-7.662300020e-02
-5.920979008e-02-4.070122913e-02-2.134739049e-02-1.465183333e-03 1.856328547e-02
 3.799327463e-02 5.681610852e-02 7.501500845e-02 9.256496280e-02 1.094332412e-01
 1.255805194e-01 1.409625411e-01 1.555323303e-01 1.692430079e-01 1.820508242e-01
 6.887377053e-02 6.547658890e-02 6.003365666e-02 5.376932025e-02 4.718530551e-02
 4.026541859e-02 3.300541639e-02 2.540291101e-02 1.745471358e-02 9.156342596e-03
 5.125504686e-04-8.408783004e-03-1.754071750e-02-2.681822143e-02-3.617897630e-02
-4.556400701e-02-5.491808429e-02-6.418994814e-02-7.333233207e-02-8.230178803e-02
-9.105846286e-02-9.956561774e-02-1.077891812e-01-1.156971231e-01-1.232588515e-01
-1.304444820e-01-1.372242421e-01-1.435676366e-01-1.494428366e-01-1.548159420e-01
-1.596503556e-01-1.639061272e-01-1.675394177e-01-1.705019474e-01-1.727406979e-01
-1.741975993e-01-1.748094261e-01-1.745080352e-01-1.732207239e-01-1.708710939e-01
-1.673803180e-01-1.626690030e-01-1.566596478e-01-1.492799968e-01-1.404671967e-01
-1.301729083e-01-1.183694676e-01-1.050568521e-01-9.027053416e-02-7.408971339e-02
-5.664554983e-02-3.812861443e-02-1.879473962e-02 1.032272237e-03 2.096330002e-02
 4.031187668e-02 5.907214433e-02 7.722813636e-02 9.475400299e-02 1.116148457e-01
 1.277680099e-01 1.431648880e-01 1.577532738e-01 1.714804173e-01 1.842964888e-01
 6.955940276e-02 6.622486562e-02 6.081525981e-02 5.454710498e-02 4.796801507e-02
 4.106809944e-02 3.383932263e-02 2.627606690e-02 1.837371290e-02 1.012763381e-02
 1.535633113e-03-7.334943861e-03-1.641720533e-02-2.564595826e-02-3.495863080e-02
-4.429595917e-02-5.360240489e-02-6.282637268e-02-7.192022353e-02-8.084017038e-02
-8.954591304e-02-9.800032526e-02-1.061688438e-01-1.140189767e-01-1.215195954e-01
-1.286403239e-01-1.353507936e-01-1.416199803e-01-1.474154443e-01-1.527027190e-01
-1.574446410e-01-1.616006643e-01-1.651263833e-01-1.679730564e-01-1.700872034e-01
-1.714103371e-01-1.718790233e-01-1.714250296e-01-1.699756980e-01-1.674550027e-01
-1.637847424e-01-1.588865221e-01-1.526843309e-01-1.451078951e-01-1.360969245e-01
-1.256063581e-01-1.136124656e-01-1.001200303e-01-8.517005295e-02-6.884806603e-02
-5.129237473e-02-3.270182014e-02-1.334276237e-02 6.444085389e-03 2.623354271e-02
 4.548785836e-02 6.420909613e-02 8.238114417e-02 9.997409582e-02 1.169461608e-01
 1.332449019e-01 1.488087028e-01 1.635692865e-01 1.774552912e-01 1.903970987e-01
 7.071259618e-02 6.746023893e-02 6.200078502e-02 5.576888099e-02 4.922337830e-02
 4.235617071e-02 3.516319767e-02 2.764140442e-02 1.978792995e-02 1.159943268e-02
 3.071606625e-03-5.736060441e-03-1.475596987e-02-2.392238192e-02-3.317228332e-02
-4.244600609e-02-5.168762431e-02-6.084514409e-02-6.987053156e-02-7.871950418e-02
-8.735128492e-02-9.572816640e-02-1.038150117e-01-1.115786582e-01-1.189872921e-01
-1.260098070e-01-1.326150596e-01-1.387712061e-01-1.444450319e-01-1.496011913e-01
-1.542016864e-01-1.582051814e-01-1.615664512e-01-1.642360389e-01-1.661598086e-01
-1.672787815e-01-1.675292104e-01-1.668426841e-01-1.651468277e-01-1.623661816e-01
-1.584235728e-01-1.532422453e-01-1.467484832e-01-1.388750672e-01-1.295657158e-01
-1.187802926e-01-1.065010801e-01-9.273985773e-02-7.754560560e-02-6.101242453e-02
-4.328696802e-02-2.457417361e-02-5.139181390e-03 1.469842624e-02 3.420050442e-02
 5.332112312e-02 7.202895731e-02 9.029161185e-02 1.080683246e-01 1.253060251e-01
 1.419370472e-01 1.578782499e-01 1.730322987e-01 1.872915775e-01 2.005455345e-01
 7.209514081e-02 6.892523915e-02 6.363422424e-02 5.745974183e-02 5.095421895e-02
 4.411991313e-02 3.695965931e-02 2.947617695e-02 2.167086303e-02 1.354316529e-02
 5.090310704e-03-3.642333439e-03-1.258615777e-02-2.167480066e-02-3.084482439e-02
-4.003623500e-02-4.919277877e-02-5.826210976e-02-6.719577312e-02-7.594899833e-02
-8.448045701e-02-9.275178611e-02-1.007271335e-01-1.083725318e-01-1.156553403e-01
-1.225434914e-01-1.290048957e-01-1.350066960e-01-1.405146271e-01-1.454922855e-01
-1.499006301e-01-1.536972821e-01-1.568360925e-01-1.592666954e-01-1.609342545e-01
-1.617792547e-01-1.617376655e-01-1.607411951e-01-1.587179601e-01-1.555935442e-01
-1.512925625e-01-1.457408071e-01-1.388680488e-01-1.306116283e-01-1.209210455e-01
-1.097632051e-01-9.712881595e-02-8.303948492e-02-6.755544990e-02-5.078376830e-02
-3.288649395e-02-1.408839040e-02 5.316236056e-03 2.495854907e-02 4.430983216e-02
 6.338027865e-02 8.216106147e-02 1.006294116e-01 1.187477708e-01 1.364602000e-01
 1.536873430e-01 1.703212559e-01 1.862218827e-01 2.012187690e-01 2.151217759e-01
 7.405488938e-02 7.101229578e-02 6.580542773e-02 5.967578664e-02 5.318841338e-02
 4.636092111e-02 3.920979053e-02 3.174738586e-02 2.398104221e-02 1.591349766e-02
 7.543622982e-03-1.101805130e-03-9.953861125e-03-1.894618198e-02-2.801540308e-02
-3.710154817e-02-4.614830017e-02-5.510312319e-02-6.391721964e-02-7.254540175e-02
-8.094573021e-02-8.907914907e-02-9.690897912e-02-1.044003591e-01-1.115196273e-01
-1.182336286e-01-1.245091259e-01-1.303120703e-01-1.356069446e-01-1.403561532e-01
-1.445194036e-01-1.480531991e-01-1.509103328e-01-1.530395299e-01-1.543852389e-01
-1.548876166e-01-1.544825584e-01-1.531023085e-01-1.506760865e-01-1.471313685e-01
-1.423955858e-01-1.363984197e-01-1.290747672e-01-1.203685850e-01-1.102374047e-01
-9.865779430e-02-8.563156426e-02-7.119266689e-02-5.541453138e-02-3.841762617e-02
-2.037701197e-02-1.530323178e-03 1.781166531e-02 3.706020489e-02 5.620083958e-02
 7.522831112e-02 9.413735569e-02 1.129171625e-01 1.315456182e-01 1.499816775e-01
 1.681542546e-01 1.859461963e-01 2.031739205e-01 2.195686698e-01 2.347794026e-01
 7.677188516e-02 7.390189916e-02 6.866885722e-02 6.251825392e-02 5.596243590e-02
 4.906471446e-02 4.186693206e-02 3.439068422e-02 2.664566971e-02 1.863459498e-02
 1.035582647e-02 1.813407056e-03-6.926095579e-03-1.579779387e-02-2.473927103e-02
-3.369112313e-02-4.259731621e-02-5.140534788e-02-6.006624177e-02-6.853439659e-02
-7.676731050e-02-8.472517878e-02-9.237044305e-02-9.966719896e-02-1.065806448e-01
-1.130764186e-01-1.191199720e-01-1.246758923e-01-1.297073066e-01-1.341752857e-01
-1.380382031e-01-1.412514001e-01-1.437665820e-01-1.455317289e-01-1.464907974e-01
-1.465838552e-01-1.457473189e-01-1.439146101e-01-1.410169601e-01-1.369849145e-01
-1.317502260e-01-1.252482831e-01-1.174214035e-01-1.082227007e-01-9.762082994e-02
-8.560537547e-02-7.219290733e-02-5.743333325e-02-4.141612723e-02-2.427560277e-02
-6.193646695e-03 1.260347757e-02 3.145415336e-02 5.034478754e-02 6.927711517e-02
 8.826266229e-02 1.073187664e-01 1.264653206e-01 1.457207203e-01 1.650954932e-01
 1.845809221e-01 2.041266859e-01 2.235942632e-01 2.426543832e-01 2.606173754e-01
 8.070170879e-02 7.826045156e-02 7.277293503e-02 6.612433493e-02 5.923151970e-02
 5.212191865e-02 4.480430484e-02 3.727916628e-02 2.954307199e-02 2.159024216e-02
 1.341322996e-02 5.003232975e-03-3.592205700e-03-1.230974030e-02-2.108812891e-02
-2.986880206e-02-3.859622404e-02-4.721807688e-02-5.568529665e-02-6.395193934e-02
-7.197491080e-02-7.971365005e-02-8.712960780e-02-9.418579191e-02-1.008461341e-01
-1.070749238e-01-1.128362119e-01-1.180931181e-01-1.228073314e-01-1.269384921e-01
-1.304436922e-01-1.332771331e-01-1.353896409e-01-1.367286444e-01-1.372380108e-01
-1.368582994e-01-1.355271935e-01-1.331802458e-01-1.297519803e-01-1.251776069e-01
-1.193950549e-01-1.123477742e-01-1.039881781e-01-9.428177029e-02-8.321201056e-02
-7.078583539e-02-5.703964457e-02-4.204561934e-02-2.591796964e-02-8.819160052e-03
 9.033047594e-03 2.735759132e-02 4.575749859e-02 6.427604705e-02 8.295118064e-02
 1.018249467e-01 1.209484339e-01 1.403850019e-01 1.602129638e-01 1.805284470e-01
 2.014485747e-01 2.231166810e-01 2.457149923e-01 2.695215940e-01 2.945315838e-01
 8.515295386e-02 8.328156173e-02 7.718993723e-02 6.984674931e-02 6.254994124e-02
 5.520946160e-02 4.777389765e-02 4.021282122e-02 3.250553459e-02 2.463584207e-02
 1.658947580e-02 8.352584206e-03-5.689731188e-05-8.577012457e-03-1.714786887e-02
-2.571191266e-02-3.421425819e-02-4.260288179e-02-5.082868040e-02-5.884537846e-02
-6.660931557e-02-7.407908142e-02-8.121513575e-02-8.797927201e-02-9.433411062e-02
-1.002425179e-01-1.056670398e-01-1.105692983e-01-1.149095148e-01-1.186459661e-01
-1.217345521e-01-1.241284981e-01-1.257780790e-01-1.266306043e-01-1.266304404e-01
-1.257194579e-01-1.238375753e-01-1.209238023e-01-1.169175580e-01-1.117605492e-01
-1.053992063e-01-9.778764099e-02-8.889134228e-02-7.869155705e-02-6.719023734e-02
-5.441563576e-02-4.042812064e-02-2.532584220e-02-9.249259718e-03 7.617239840e-03
 2.503784373e-02 4.263892397e-02 6.043091044e-02 7.844118029e-02 9.671042860e-02
 1.152940169e-01 1.342657208e-01 1.537231654e-01 1.737955362e-01 1.946544498e-01
 2.165299058e-01 2.397346199e-01 2.647020221e-01 2.920414209e-01 3.213135600e-01
 8.801031113e-02 8.638359606e-02 8.018179238e-02 7.275000960e-02 6.535319984e-02
 5.794657022e-02 5.049536005e-02 4.297108948e-02 3.535081446e-02 2.761557512e-02
 1.974910125e-02 1.173705980e-02 3.564138431e-03-4.705964588e-03-1.301587652e-02
-2.130942419e-02-2.953247167e-02-3.763332218e-02-4.556284845e-02-5.327445269e-02
-6.072385982e-02-6.786882132e-02-7.466874272e-02-8.108418435e-02-8.707640320e-02
-9.260680526e-02-9.763643891e-02-1.021254733e-01-1.060327217e-01-1.093152389e-01
-1.119279563e-01-1.138234809e-01-1.149519831e-01-1.152612567e-01-1.146970391e-01
-1.132035032e-01-1.107241437e-01-1.072029695e-01-1.025861502e-01-9.682413936e-02
-8.987431228e-02-8.170423657e-02-7.229550928e-02-6.164822355e-02-4.978601262e-02
-3.676172346e-02-2.266358025e-02-7.621801924e-03 8.184564300e-03 2.456388809e-02
 4.117124155e-02 5.801276490e-02 7.510214299e-02 9.246462584e-02 1.101396084e-01
 1.281838119e-01 1.466758549e-01 1.657228172e-01 1.854696125e-01 2.061123401e-01
 2.279171497e-01 2.512457669e-01 2.765848041e-01 3.045648932e-01 3.345395327e-01
 8.950032294e-02 8.800920844e-02 8.212562650e-02 7.479252666e-02 6.746600568e-02
 6.013521552e-02 5.278035626e-02 4.538189247e-02 3.792170435e-02 3.038320504e-02
 2.275093272e-02 1.500990987e-02 7.144643925e-03-8.109047194e-04-8.797722869e-03
-1.675945334e-02-2.464214526e-02-3.239421919e-02-3.996646777e-02-4.731195420e-02
-5.438581482e-02-6.114496663e-02-6.754776090e-02-7.355356216e-02-7.912227511e-02
-8.421391994e-02-8.878811449e-02-9.280368686e-02-9.621825069e-02-9.898790717e-02
-1.010669768e-01-1.024079844e-01-1.029615998e-01-1.026769951e-01-1.015022546e-01
-9.938516468e-02-9.627430886e-02-9.212054312e-02-8.687889576e-02-8.051096648e-02
-7.298777252e-02-6.429318339e-02-5.442775413e-02-4.341296479e-02-3.129573911e-02
-1.815313287e-02-4.098137841e-03 1.071450207e-02 2.592884004e-02 4.143424705e-02
 5.720966309e-02 7.324717194e-02 8.955005556e-02 1.061331481e-01 1.230243221e-01
 1.402668804e-01 1.579230875e-01 1.760790497e-01 1.948516965e-01 2.143988311e-01
 2.349346280e-01 2.567553520e-01 2.802893519e-01 3.062087297e-01 3.332965374e-01
 9.035414457e-02 8.903089911e-02 8.321748674e-02 7.603145391e-02 6.886447966e-02
 6.170177460e-02 5.452929065e-02 4.733376950e-02 4.010270908e-02 3.282400593e-02
 2.548567764e-02 1.807576604e-02 1.058251876e-02 3.000420984e-03-4.600347951e-03
-1.216569636e-02-1.964281313e-02-2.698067203e-02-3.413019702e-02-4.104426131e-02
-4.767750576e-02-5.398612469e-02-5.992752686e-02-6.545995921e-02-7.054213434e-02
-7.513279468e-02-7.919037342e-02-8.267257363e-02-8.553615212e-02-8.773665875e-02
-8.922838420e-02-8.996438980e-02-8.989674598e-02-8.897697181e-02-8.715678006e-02
-8.438903093e-02-8.062914014e-02-7.583680004e-02-6.997817755e-02-6.302850693e-02
-5.497526377e-02-4.582161829e-02-3.559029475e-02-2.432738058e-02-1.210561953e-02
 9.760291432e-04 1.478526741e-02 2.890356258e-02 4.332996160e-02 5.804130062e-02
 7.301767915e-02 8.824466914e-02 1.037145182e-01 1.194271222e-01 1.353911161e-01
 1.516251713e-01 1.681592911e-01 1.850362867e-01 2.023130655e-01 2.200614512e-01
 2.383677512e-01 2.573291659e-01 2.770402730e-01 2.975202203e-01 3.177305460e-01
 9.032548219e-02 8.913239837e-02 8.343812078e-02 7.646977156e-02 6.953722984e-02
 6.261259317e-02 5.568580702e-02 4.875167832e-02 4.180514067e-02 3.483969718e-02
 2.784725651e-02 2.081829868e-02 1.374212652e-02 6.606896874e-03-5.380984512e-04
-7.638537791e-03-1.464189216e-02-2.149746567e-02-2.815636992e-02-3.457142785e-02
-4.069698974e-02-4.648870975e-02-5.190325528e-02-5.689799786e-02-6.143067032e-02
-6.545906514e-02-6.894070655e-02-7.183262706e-02-7.409119606e-02-7.567202300e-02
-7.653003931e-02-7.661974430e-02-7.589558512e-02-7.431267202e-02-7.182772458e-02
-6.840030849e-02-6.399447471e-02-5.858078972e-02-5.213870108e-02-4.465942830e-02
-3.614926338e-02-2.663328871e-02-1.615985110e-02-4.804589786e-03 7.316680159e-03
 2.009507082e-02 3.321257979e-02 4.664637893e-02 6.037285551e-02 7.436572015e-02
 8.859856427e-02 1.030466259e-01 1.176878363e-01 1.325036138e-01 1.474793404e-01
 1.626044363e-01 1.778718382e-01 1.932765841e-01 2.088123709e-01 2.244651914e-01
 2.402012199e-01 2.559444904e-01 2.715345025e-01 2.866412699e-01 3.006033897e-01
 8.904203027e-02 8.784304559e-02 8.266020566e-02 7.612129301e-02 6.951234490e-02
 6.286647171e-02 5.621561781e-02 4.957551509e-02 4.295127839e-02 3.634160012e-02
 2.974114567e-02 2.314195223e-02 1.653421670e-02 9.906588122e-03 3.281159094e-03
-3.288571956e-03-9.751178324e-03-1.605692878e-02-2.215762064e-02-2.800644934e-02
-3.355783597e-02-3.876725212e-02-4.359096661e-02-4.798582941e-02-5.190900341e-02
-5.531774089e-02-5.816918984e-02-6.042026728e-02-6.202761084e-02-6.294767559e-02
-6.313693523e-02-6.255234033e-02-6.115190312e-02-5.889565125e-02-5.574678257e-02
-5.167321488e-02-4.664946347e-02-4.065883532e-02-3.369594365e-02-2.576947957e-02
-1.690565795e-02-7.150494494e-03 3.421900794e-03 1.473861001e-02 2.646480501e-02
 3.861095384e-02 5.112515390e-02 6.396450102e-02 7.708953321e-02 9.046152234e-02
 1.040416211e-01 1.177908108e-01 1.316700876e-01 1.456407458e-01 1.596643329e-01
 1.737024188e-01 1.877155453e-01 2.016610652e-01 2.154892981e-01 2.291371077e-01
 2.425180078e-01 2.555081546e-01 2.679289281e-01 2.795323431e-01 2.900075614e-01
 8.796287328e-02 8.706174046e-02 8.189110458e-02 7.540237904e-02 6.892523170e-02
 6.247126684e-02 5.606813356e-02 4.972711578e-02 4.344985634e-02 3.723244742e-02
 3.106773645e-02 2.494673803e-02 1.885960065e-02 1.279643178e-02 6.748372689e-03
 7.714722888e-04-5.086293910e-03-1.077739242e-02-1.625508815e-02-2.147352695e-02
-2.638771012e-02-3.095338494e-02-3.512690589e-02-3.886509687e-02-4.212509096e-02
-4.486421123e-02-4.703989625e-02-4.860970378e-02-4.953141883e-02-4.976328462e-02
-4.926439375e-02-4.799531773e-02-4.591891542e-02-4.300148413e-02-3.921414912e-02
-3.453472257e-02-2.894984931e-02-2.245740592e-02-1.506922953e-02-6.811807398e-03
 2.263874048e-03 1.210766938e-02 2.250552177e-02 3.337611631e-02 4.468220472e-02
 5.639085174e-02 6.846227497e-02 8.085349947e-02 9.351906180e-02 1.064108238e-01
 1.194777563e-01 1.326658428e-01 1.459182501e-01 1.591757089e-01 1.723767817e-01
 1.854582578e-01 1.983550489e-01 2.109994441e-01 2.233195007e-01 2.352360189e-01
 2.466586232e-01 2.574812472e-01 2.675791085e-01 2.768100202e-01 2.850235105e-01
 8.667042106e-02 8.608485758e-02 8.082532883e-02 7.408432662e-02 6.757529080e-02
 6.125225872e-02 5.508883297e-02 4.906774685e-02 4.317449778e-02 3.739522025e-02
 3.171632439e-02 2.612462826e-02 2.060754970e-02 1.515307557e-02 9.749370627e-03
 4.428032320e-03-7.635955699e-04-5.779569503e-03-1.057474501e-02-1.510459371e-02
-1.932513900e-02-2.319291979e-02-2.666493692e-02-2.969860844e-02-3.225173056e-02
-3.428245336e-02-3.574937582e-02-3.661164641e-02-3.682924062e-02-3.636334091e-02
-3.517689183e-02-3.323536739e-02-3.050782718e-02-2.696812712e-02-2.259636484e-02
-1.738118753e-02-1.132257935e-02-4.433803726e-03 3.247531364e-03 1.170078851e-02
 2.075050399e-02 3.033107333e-02 4.042313620e-02 5.099385977e-02 6.200875342e-02
 7.343110442e-02 8.522016555e-02 9.733042121e-02 1.097110659e-01 1.223053858e-01
 1.350503415e-01 1.478763223e-01 1.607074142e-01 1.734621227e-01 1.860547215e-01
 1.983969957e-01 2.104003280e-01 2.219776064e-01 2.330447435e-01 2.435213625e-01
 2.533306777e-01 2.623989880e-01 2.706554830e-01 2.780333459e-01 2.844730616e-01
 8.360772580e-02 8.308701217e-02 7.795927674e-02 7.131543010e-02 6.495905668e-02
 5.887534842e-02 5.303542316e-02 4.741078988e-02 4.197503999e-02 3.670448065e-02
 3.157830983e-02 2.657863125e-02 2.169030905e-02 1.690088958e-02 1.220069546e-02
 7.583560422e-03 3.109795274e-03-1.179215615e-03-5.241193809e-03-9.033647366e-03
-1.251419168e-02-1.564072818e-02-1.837154664e-02-2.066540532e-02-2.248159423e-02
-2.378003858e-02-2.452148125e-02-2.466779202e-02-2.418239415e-02-2.303077281e-02
-2.118103951e-02-1.860490628e-02-1.527916826e-02-1.118703373e-02-6.317191757e-03
-6.679656799e-04 5.744915921e-03 1.292214636e-02 2.064561658e-02 2.894867584e-02
 3.781459481e-02 4.721898213e-02 5.713817477e-02 6.754568964e-02 7.841174304e-02
 8.970236778e-02 1.013781950e-01 1.133931801e-01 1.256931573e-01 1.382144988e-01
 1.508827657e-01 1.636119783e-01 1.763043106e-01 1.888512820e-01 2.011361271e-01
 2.130379975e-01 2.244373709e-01 2.352222800e-01 2.452941686e-01 2.545725405e-01
 2.629974186e-01 2.705299556e-01 2.771506011e-01 2.828566432e-01 2.876588702e-01
 7.898750156e-02 7.853566855e-02 7.327801734e-02 6.681405008e-02 6.075762212e-02
 5.506210402e-02 4.968503118e-02 4.458323121e-02 3.971743211e-02 3.505416587e-02
 3.056607209e-02 2.623143606e-02 2.203339338e-02 1.795908064e-02 1.399871614e-02
 1.014438551e-02 6.436991040e-03 2.918106038e-03-3.711631580e-04-3.389939200e-03
-6.097539328e-03-8.453647606e-03-1.041850541e-02-1.195307542e-02-1.301916968e-02
-1.357952878e-02-1.359812357e-02-1.304068230e-02-1.187554095e-02-1.007444039e-02
-7.611851208e-03-4.465936217e-03-6.227915874e-04 3.914788831e-03 9.156555869e-03
 1.511360146e-02 2.162699215e-02 2.872635797e-02 3.639647365e-02 4.463094100e-02
 5.342001840e-02 6.275071949e-02 7.260757685e-02 8.297215402e-02 9.382230788e-02
 1.051310003e-01 1.168647781e-01 1.289818138e-01 1.414295137e-01 1.541417688e-01
 1.670359671e-01 1.800102741e-01 1.929415613e-01 2.056853324e-01 2.180788815e-01
 2.299483716e-01 2.411204129e-01 2.514364719e-01 2.607669830e-01 2.690227628e-01
 2.761606872e-01 2.821840644e-01 2.871365845e-01 2.910920382e-01 2.941414416e-01
 7.187613100e-02 7.128898054e-02 6.636485457e-02 6.025191396e-02 5.468668044e-02
 4.958937317e-02 4.487561435e-02 4.047358409e-02 3.632695600e-02 3.239349276e-02
 2.864244767e-02 2.505201288e-02 2.160727419e-02 1.829866879e-02 1.512090396e-02
 1.207237225e-02 9.155290201e-03 6.430577487e-03 3.936282359e-03 1.710508834e-03
-2.082301362e-04-1.781944535e-03-2.973600058e-03-3.747512354e-03-4.069611430e-03
-3.906646743e-03-3.226625035e-03-1.999343745e-03-1.990020100e-04 2.189706080e-03
 5.184408743e-03 8.809813298e-03 1.309507526e-02 1.790833473e-02 2.329083905e-02
 2.925552987e-02 3.578920662e-02 4.288898036e-02 5.055136979e-02 5.877353251e-02
 6.755215675e-02 7.688289881e-02 8.675998449e-02 9.717559814e-02 1.081190705e-01
 1.195755228e-01 1.315240711e-01 1.439352334e-01 1.567675173e-01 1.699627340e-01
 1.834402382e-01 1.970899105e-01 2.107646763e-01 2.242743224e-01 2.373843193e-01
 2.498248965e-01 2.613142431e-01 2.715931535e-01 2.804603875e-01 2.877978683e-01
 2.935816348e-01 2.978806198e-01 3.008431494e-01 3.026705682e-01 3.035817742e-01
 6.204322726e-02 6.119259447e-02 5.654695630e-02 5.111223459e-02 4.644103721e-02
 4.230981320e-02 3.855957091e-02 3.508974239e-02 3.183776513e-02 2.876485512e-02
 2.584732510e-02 2.307140641e-02 2.043011039e-02 1.792131737e-02 1.554657891e-02
 1.331035420e-02 1.121935807e-02 9.297264740e-03 7.603440899e-03 6.170705892e-03
 5.037314724e-03 4.238893278e-03 3.809365211e-03 3.779978724e-03 4.175575916e-03
 5.024330225e-03 6.353001576e-03 8.193355985e-03 1.058265194e-02 1.347359084e-02
 1.685466804e-02 2.075744420e-02 2.519629523e-02 3.016518988e-02 3.566933423e-02
 4.171431065e-02 4.830316454e-02 5.543937162e-02 6.312686205e-02 7.137022167e-02
 8.017460257e-02 8.954559267e-02 9.948900342e-02 1.100105569e-01 1.211153194e-01
 1.328066885e-01 1.450848877e-01 1.579444408e-01 1.713703871e-01 1.853324920e-01
 1.997765452e-01 2.146116048e-01 2.296916395e-01 2.447910011e-01 2.595772743e-01
 2.735988796e-01 2.863251567e-01 2.972545624e-01 3.060256243e-01 3.124608696e-01
 3.165650070e-01 3.185199201e-01 3.186775446e-01 3.175125122e-01 3.155096471e-01
 4.776983708e-02 4.611039534e-02 4.234016314e-02 3.883655369e-02 3.597174585e-02
 3.338606656e-02 3.096399084e-02 2.865904383e-02 2.645231970e-02 2.433795668e-02
 2.231702209e-02 2.039460652e-02 1.857838221e-02 1.687791571e-02 1.530441176e-02
 1.387077663e-02 1.259194594e-02 1.148559805e-02 1.058721915e-02 9.918570518e-03
 9.544610046e-03 9.493321180e-03 9.796820581e-03 1.049262471e-02 1.155945566e-02
 1.303450949e-02 1.491351984e-02 1.722456887e-02 1.998650283e-02 2.320518158e-02
 2.688697353e-02 3.104282729e-02 3.568265215e-02 4.081391916e-02 4.644462094e-02
 5.258323252e-02 5.923857540e-02 6.642028689e-02 7.413918525e-02 8.240756392e-02
 9.123950452e-02 1.006511673e-01 1.106610596e-01 1.212902963e-01 1.325628459e-01
 1.445054561e-01 1.571474671e-01 1.705197841e-01 1.846529245e-01 1.995730102e-01
 2.152944207e-01 2.318067253e-01 2.490512133e-01 2.668769658e-01 2.849511802e-01
 3.025629818e-01 3.184165061e-01 3.312260211e-01 3.404099941e-01 3.458200097e-01
 3.475123048e-01 3.457506895e-01 3.411809802e-01 3.350706995e-01 3.287547231e-01
 2.823119797e-02 2.425537817e-02 2.431815304e-02 2.478143945e-02 2.444698662e-02
 2.371476218e-02 2.276318334e-02 2.168908343e-02 2.055446617e-02 1.940387301e-02
 1.827192493e-02 1.718712598e-02 1.617402397e-02 1.525467541e-02 1.444973610e-02
 1.377942320e-02 1.326446142e-02 1.292717084e-02 1.279286295e-02 1.288793329e-02
 1.324248221e-02 1.388287358e-02 1.483293716e-02 1.611310430e-02 1.773663796e-02
 1.971909963e-02 2.207297273e-02 2.481256053e-02 2.795092203e-02 3.149884567e-02
 3.546637669e-02 3.986380622e-02 4.470151290e-02 4.998990893e-02 5.573997274e-02
 6.196354702e-02 6.867367029e-02 7.588494569e-02 8.361397684e-02 9.187981486e-02
 1.007045656e-01 1.101140156e-01 1.201384813e-01 1.308138072e-01 1.421826482e-01
 1.542959660e-01 1.672149599e-01 1.810131222e-01 1.957787275e-01 2.116168886e-01
 2.286511660e-01 2.470229268e-01 2.668878138e-01 2.884105444e-01 3.117735982e-01
 3.373001516e-01 3.601634204e-01 3.758582175e-01 3.854999244e-01 3.896711171e-01
 3.878719211e-01 3.805630505e-01 3.670020401e-01 3.516147435e-01 3.399282992e-01
 1.468162239e-02 9.952184744e-03 1.088505983e-02 1.286332402e-02 1.404004730e-02
 1.464424282e-02 1.485592686e-02 1.480732765e-02 1.459559053e-02 1.429367531e-02
 1.395785436e-02 1.363272220e-02 1.335464139e-02 1.315421518e-02 1.305812225e-02
 1.309052296e-02 1.327414997e-02 1.363112591e-02 1.418346260e-02 1.495301537e-02
 1.596133225e-02 1.722859591e-02 1.877320558e-02 2.061146311e-02 2.275745943e-02
 2.522413433e-02 2.802334353e-02 3.116645105e-02 3.466425091e-02 3.852700815e-02
 4.276483133e-02 4.738807678e-02 5.240762234e-02 5.783514678e-02 6.368342787e-02
 6.996669620e-02 7.670094073e-02 8.390435576e-02 9.159775078e-02 9.980514646e-02
 1.085544527e-01 1.178784221e-01 1.278158277e-01 1.384131163e-01 1.497264951e-01
 1.618249416e-01 1.747941524e-01 1.887420714e-01 2.038065195e-01 2.201658040e-01
 2.380529046e-01 2.577737868e-01 2.797275782e-01 3.044236004e-01 3.324910998e-01
 3.624691665e-01 3.854168057e-01 4.011489749e-01 4.100657105e-01 4.118748903e-01
 4.067847729e-01 3.937681615e-01 3.741540313e-01 3.572634161e-01 3.436856568e-01
 5.468870513e-03 3.702792164e-04 1.505613676e-03 3.886305960e-03 5.652531050e-03
 6.925844122e-03 7.823954336e-03 8.453932591e-03 8.906684816e-03 9.256630205e-03
 9.563696571e-03 9.876056574e-03 1.023281924e-02 1.066636201e-02 1.120422129e-02
 1.187052857e-02 1.268705726e-02 1.367393043e-02 1.485003252e-02 1.623315550e-02
 1.783996448e-02 1.968581788e-02 2.178462595e-02 2.414881997e-02 2.678944357e-02
 2.971645445e-02 3.293898702e-02 3.646565229e-02 4.030482844e-02 4.446489736e-02
 4.895460233e-02 5.378339440e-02 5.896177143e-02 6.450158358e-02 7.041633874e-02
 7.672151178e-02 8.343483508e-02 9.057657421e-02 9.816996753e-02 1.062416881e-01
 1.148225069e-01 1.239482090e-01 1.336607784e-01 1.440102160e-01 1.550567597e-01
 1.668743342e-01 1.795551628e-01 1.932166070e-01 2.080111951e-01 2.241422534e-01
 2.418884337e-01 2.616439164e-01 2.839833796e-01 3.097425103e-01 3.398040831e-01
 3.663733006e-01 3.864223063e-01 3.999844790e-01 4.068643451e-01 4.070259035e-01
 3.993007839e-01 3.830499649e-01 3.654702902e-01 3.508046567e-01 3.384870589e-01
-4.098766949e-04-5.757356528e-03-5.037982482e-03-2.703350037e-03-8.472889895e-04
 6.147655658e-04 1.782521373e-03 2.748784376e-03 3.593095113e-03 4.380250815e-03
 5.161703564e-03 5.978138652e-03 6.862193812e-03 7.840787992e-03 8.936878294e-03
 1.017067581e-02 1.156037953e-02 1.312259212e-02 1.487248391e-02 1.682383008e-02
 1.898898184e-02 2.137883566e-02 2.400283702e-02 2.686907910e-02 2.998445369e-02
 3.335490450e-02 3.698570281e-02 4.088177532e-02 4.504806548e-02 4.948991165e-02
 5.421346426e-02 5.922612175e-02 6.453692168e-02 7.015690207e-02 7.609938830e-02
 8.238020539e-02 8.901780844e-02 9.603340179e-02 1.034511253e-01 1.112982035e-01
 1.196053773e-01 1.284074485e-01 1.377440840e-01 1.476611197e-01 1.582121551e-01
 1.694609225e-01 1.814843267e-01 1.943769902e-01 2.082573324e-01 2.232768834e-01
 2.396346927e-01 2.576021552e-01 2.775730789e-01 3.002133369e-01 3.243668973e-01
 3.446581066e-01 3.602504432e-01 3.708671331e-01 3.764044046e-01 3.760555387e-01
 3.695371449e-01 3.575719297e-01 3.461066186e-01 3.356625736e-01 3.262752593e-01
-4.129286855e-03-9.827693924e-03-9.304420091e-03-7.326697465e-03-5.789590068e-03
-4.546241835e-03-3.471049480e-03-2.467587590e-03-1.467731316e-03-4.254240193e-04
 6.903729518e-04 1.901580021e-03 3.225222928e-03 4.676083103e-03 6.268091965e-03
 8.014835417e-03 9.929494001e-03 1.202450972e-02 1.431116555e-02 1.679923758e-02
 1.949677430e-02 2.241004631e-02 2.554361522e-02 2.890054509e-02 3.248265386e-02
 3.629080579e-02 4.032525420e-02 4.458596930e-02 4.907310754e-02 5.378748477e-02
 5.873117596e-02 6.390814483e-02 6.932478398e-02 7.499044389e-02 8.091763407e-02
 8.712217957e-02 9.362302721e-02 1.004420444e-01 1.076036468e-01 1.151345670e-01
 1.230636984e-01 1.314221025e-01 1.402432024e-01 1.495631784e-01 1.594214588e-01
 1.698613018e-01 1.809301376e-01 1.926797926e-01 2.051654607e-01 2.184426188e-01
 2.325586528e-01 2.475320697e-01 2.633017898e-01 2.796130478e-01 2.956887484e-01
 3.098964691e-01 3.213480711e-01 3.295957744e-01 3.343495727e-01 3.354585469e-01
 3.330410719e-01 3.282833695e-01 3.224848211e-01 3.163048625e-01 3.101364076e-01
-4.988096654e-03-1.103418507e-02-1.124541275e-02-1.022457145e-02-9.595013224e-03
-9.051526897e-03-8.418269455e-03-7.613088470e-03-6.610032171e-03-5.410861224e-03
-4.027388059e-03-2.471743850e-03-7.517019403e-04 1.130832825e-03 3.179395804e-03
 5.401478149e-03 7.806643844e-03 1.040471252e-02 1.320429053e-02 1.621179283e-02
 1.943099499e-02 2.286303230e-02 2.650672384e-02 3.035905585e-02 3.441565856e-02
 3.867117316e-02 4.311956838e-02 4.775440320e-02 5.256926268e-02 5.755838752e-02
 6.271760166e-02 6.804538518e-02 7.354393601e-02 7.921998948e-02 8.508521318e-02
 9.115608782e-02 9.745325893e-02 1.040005684e-01 1.108239070e-01 1.179501787e-01
 1.254064441e-01 1.332193166e-01 1.414146870e-01 1.500172913e-01 1.590503901e-01
 1.685349494e-01 1.784881800e-01 1.889210194e-01 1.998334080e-01 2.112066001e-01
 2.229899913e-01 2.350801229e-01 2.472895086e-01 2.593092024e-01 2.706920505e-01
 2.809145451e-01 2.895067036e-01 2.961333990e-01 3.006132245e-01 3.029338717e-01
 3.032789230e-01 3.020180762e-01 2.996011078e-01 2.964355946e-01 2.928385735e-01
-1.501212013e-03-7.458494045e-03-1.021845918e-02-1.188921835e-02-1.323427912e-02
-1.395227201e-02-1.398101542e-02-1.341012493e-02-1.235873159e-02-1.093449723e-02
-9.222506545e-03-7.282602135e-03-5.150502082e-03-2.841531066e-03-3.559872275e-04
 2.315032296e-03 5.184334237e-03 8.264411241e-03 1.156450342e-02 1.508897729e-02
 1.883691549e-02 2.280274779e-02 2.697750553e-02 3.135021776e-02 3.590893373e-02
 4.064117372e-02 4.553379118e-02 5.057264864e-02 5.574254692e-02 6.102789566e-02
 6.641428173e-02 7.189083099e-02 7.745261490e-02 8.310253173e-02 8.885214478e-02
 9.472124279e-02 1.007361487e-01 1.069271192e-01 1.133254990e-01 1.199613288e-01
 1.268617213e-01 1.340499520e-01 1.415450871e-01 1.493615359e-01 1.575085819e-01
 1.659892648e-01 1.747986525e-01 1.839210093e-01 1.933256388e-01 2.029611468e-01
 2.127477527e-01 2.225685269e-01 2.322613895e-01 2.416164875e-01 2.503857911e-01
 2.583086491e-01 2.651473880e-01 2.707206905e-01 2.749264836e-01 2.777538598e-01
 2.792831957e-01 2.796706557e-01 2.791178524e-01 2.778367400e-01 2.760231793e-01
 2.793569583e-03-3.370158607e-03-9.157379158e-03-1.473872922e-02-1.976037398e-02
-2.147256956e-02-2.164579742e-02-2.080416679e-02-1.927839592e-02-1.730088890e-02
-1.503327582e-02-1.257567480e-02-9.974908084e-03-7.237313315e-03-4.344039131e-03
-1.264878199e-03 2.031379845e-03 5.570039153e-03 9.366271086e-03 1.342313737e-02
 1.773192920e-02 2.227489091e-02 2.702951431e-02 3.197282180e-02 3.708390519e-02
 4.234407842e-02 4.773498699e-02 5.323571712e-02 5.882028490e-02 6.445728242e-02
 7.011311501e-02 7.575822622e-02 8.137368411e-02 8.695581555e-02 9.251813591e-02
 9.809061885e-02 1.037156507e-01 1.094410717e-01 1.153126508e-01 1.213689595e-01
 1.276395470e-01 1.341451705e-01 1.408986151e-01 1.479054391e-01 1.551640481e-01
 1.626652479e-01 1.703909934e-01 1.783125699e-01 1.863882691e-01 1.945603490e-01
 2.027522624e-01 2.108663321e-01 2.187833488e-01 2.263656110e-01 2.334643900e-01
 2.399320006e-01 2.456364632e-01 2.504757941e-01 2.543889880e-01 2.573618889e-01
 2.594267130e-01 2.606551945e-01 2.611472905e-01 2.610172331e-01 2.603813708e-01
 5.102357361e-03-1.828689594e-03-9.351176210e-03-1.784973592e-02-2.721763216e-02
-3.245422989e-02-3.265343606e-02-3.037750535e-02-2.753851190e-02-2.441820875e-02
-2.123779245e-02-1.810919121e-02-1.503492240e-02-1.194887981e-02-8.760442026e-03
-5.381988827e-03-1.741321874e-03 2.213168424e-03 6.508934312e-03 1.114594378e-02
 1.609636471e-02 2.131189778e-02 2.673876472e-02 3.233231977e-02 3.806323931e-02
 4.391495883e-02 4.987606034e-02 5.593007803e-02 6.204364821e-02 6.815738231e-02
 7.419168949e-02 8.007165790e-02 8.574889600e-02 9.120756388e-02 9.646556526e-02
 1.015776545e-01 1.066315398e-01 1.117244959e-01 1.169350892e-01 1.223140806e-01
 1.278899610e-01 1.336762756e-01 1.396764666e-01 1.458863169e-01 1.522949338e-01
 1.588846594e-01 1.656304896e-01 1.724990755e-01 1.794476509e-01 1.864228547e-01
 1.933601052e-01 2.001836747e-01 2.068078816e-01 2.131401151e-01 2.190855145e-01
 2.245531678e-01 2.294631153e-01 2.337529361e-01 2.373829335e-01 2.403389513e-01
 2.426323295e-01 2.442971617e-01 2.453854531e-01 2.459610254e-01 2.460933179e-01
 7.889451459e-03 7.830215618e-04-7.203382440e-03-1.653191634e-02-2.756630443e-02
-3.589414805e-02-4.023250192e-02-4.041586816e-02-3.642566875e-02-3.129365668e-02
-2.682425641e-02-2.310550027e-02-1.986664534e-02-1.678924449e-02-1.362253912e-02
-1.019254234e-02-6.377412006e-03-2.090241527e-03 2.722559730e-03 8.065590635e-03
 1.386667322e-02 1.997758448e-02 2.624761313e-02 3.259247914e-02 3.899206594e-02
 4.546273127e-02 5.203612894e-02 5.874391645e-02 6.559563428e-02 7.250784338e-02
 7.920629531e-02 8.547630906e-02 9.125228971e-02 9.651353210e-02 1.012611464e-01
 1.055538207e-01 1.096351519e-01 1.138132140e-01 1.181998178e-01 1.228171363e-01
 1.276631653e-01 1.327277869e-01 1.379971653e-01 1.434545070e-01 1.490798891e-01
 1.548494101e-01 1.607344747e-01 1.667010784e-01 1.727091819e-01 1.787124574e-01
 1.846583337e-01 1.904885918e-01 1.961407661e-01 2.015501708e-01 2.066528201e-01
 2.113887370e-01 2.157056034e-01 2.195620239e-01 2.229300737e-01 2.257967740e-01
 2.281642109e-01 2.300483882e-01 2.314769775e-01 2.324863821e-01 2.331186980e-01
 1.198306959e-02 5.488821305e-03-1.637365320e-03-9.508394636e-03-1.812396944e-02
-2.727516927e-02-3.533292934e-02-3.943524510e-02-3.912966326e-02-3.404266015e-02
-2.910007164e-02-2.611309476e-02-2.402186766e-02-2.181897685e-02-1.923455670e-02
-1.613957435e-02-1.242727041e-02-7.985299453e-03-2.684747335e-03 3.614956280e-03
 1.096267439e-02 1.862910390e-02 2.599923685e-02 3.311662748e-02 4.009611532e-02
 4.705434665e-02 5.410743132e-02 6.138153374e-02 6.903542578e-02 7.728048414e-02
 8.494356275e-02 9.165829420e-02 9.755718708e-02 1.025767475e-01 1.066859588e-01
 1.097486019e-01 1.122106239e-01 1.153098568e-01 1.188541427e-01 1.227397695e-01
 1.269036829e-01 1.313033253e-01 1.359066516e-01 1.406862736e-01 1.456159055e-01
 1.506681591e-01 1.558133811e-01 1.610187888e-01 1.662482619e-01 1.714621633e-01
 1.766177267e-01 1.816695929e-01 1.865708530e-01 1.912744939e-01 1.957350224e-01
 1.999104470e-01 2.037641704e-01 2.072667778e-01 2.103973925e-01 2.131443918e-01
 2.155056447e-01 2.174879313e-01 2.191058844e-01 2.203805149e-01 2.213375419e-01
 1.713997684e-02 1.170556061e-02 5.897574127e-03-2.845978888e-04-6.759161595e-03
-1.335474569e-02-1.982468925e-02-2.587125823e-02-2.928421274e-02-2.710224874e-02
-2.445884980e-02-2.388145961e-02-2.410158515e-02-2.322429419e-02-2.148657106e-02
-1.895017549e-02-1.556999702e-02-1.124469563e-02-5.800813902e-03 1.088981517e-03
 1.002852991e-02 1.912713423e-02 2.714347653e-02 3.457346186e-02 4.171060771e-02
 4.875383899e-02 5.586591735e-02 6.320852786e-02 7.097185403e-02 7.935564220e-02
 8.713746816e-02 9.387599677e-02 9.968866408e-02 1.045373827e-01 1.083512977e-01
 1.109668091e-01 1.129231304e-01 1.155043021e-01 1.185381114e-01 1.219055355e-01
 1.255353689e-01 1.293836683e-01 1.334194988e-01 1.376165599e-01 1.419491470e-01
 1.463904083e-01 1.509118378e-01 1.554830819e-01 1.600718945e-01 1.646444350e-01
 1.691654325e-01 1.735987812e-01 1.779081672e-01 1.820580512e-01 1.860145926e-01
 1.897468418e-01 1.932277679e-01 1.964352876e-01 1.993529946e-01 2.019705921e-01
 2.042839825e-01 2.062951177e-01 2.080113590e-01 2.094447613e-01 2.106110305e-01
 0.178802586E+01 0.181124163E+01 0.182560289E+01 0.184198713E+01 0.185883379E+01
 0.188019300E+01 0.189574397E+01 0.191322911E+01 0.193038440E+01 0.194773495E+01
 0.196586418E+01 0.198374152E+01 0.200200653E+01 0.202094173E+01 0.203986883E+01
 0.205911303E+01 0.207904243E+01 0.209924650E+01 0.211976004E+01 0.214085412E+01
 0.216249824E+01 0.218461585E+01 0.220729876E+01 0.223066521E+01 0.225466752E+01
 0.227934289E+01 0.230481267E+01 0.233116174E+01 0.235831380E+01 0.238638186E+01
 0.241546607E+01 0.244567323E+01 0.247703910E+01 0.250953794E+01 0.254345298E+01
 0.257882190E+01 0.261573482E+01 0.265429974E+01 0.269466877E+01 0.273709822E+01
 0.278160930E+01 0.282850313E+01 0.287786126E+01 0.293017483E+01 0.298547864E+01
 0.304427981E+01 0.310680866E+01 0.317367291E+01 0.324527979E+01 0.332237554E+01
 0.340577793E+01 0.349616838E+01 0.359470224E+01 0.370330000E+01 0.382323956E+01
 0.395703220E+01 0.410820627E+01 0.428142405E+01 0.448351765E+01 0.472572136E+01
 0.502478266E+01 0.541721869E+01 0.598128271E+01 0.698621082E+01 0.150129261E+02
   92   86
 0.107351160E+01-0.100000001E+00 0.107140076E+01 0.000000000E+00 0.107589054E+01
 0.100000001E+00 0.108058035E+01 0.150000006E+00 0.109430051E+01 0.250000000E+00
 0.110562503E+01 0.312492281E+00 0.112329090E+01 0.400000006E+00 0.113433373E+01
 0.450523496E+00 0.115668452E+01 0.549200892E+00 0.116855073E+01 0.600000024E+00
 0.118531251E+01 0.670817494E+00 0.120519435E+01 0.750000000E+00 0.121816301E+01
 0.800000012E+00 0.123843753E+01 0.874997735E+00 0.126112556E+01 0.939908922E+00
 0.128690815E+01 0.986925840E+00 0.129863250E+01 0.103638184E+01 0.137125003E+01
 0.102113771E+01 0.142437506E+01 0.101299036E+01 0.146289062E+01 0.100127292E+01
 0.150406253E+01 0.987977386E+00 0.155718756E+01 0.966119111E+00 0.159073830E+01
 0.948907256E+00 0.163687503E+01 0.925372362E+00 0.167771733E+01 0.899999976E+00
 0.171656251E+01 0.875691116E+00 0.175184536E+01 0.850000024E+00 0.179624999E+01
 0.816871464E+00 0.182281256E+01 0.794759929E+00 0.187268043E+01 0.751292586E+00
 0.190250003E+01 0.723914564E+00 0.192976201E+01 0.696699500E+00 0.197365952E+01
 0.649999976E+00 0.200874996E+01 0.609904051E+00 0.203531241E+01 0.576499701E+00
 0.206187510E+01 0.540263057E+00 0.208988190E+01 0.498813480E+00 0.211974001E+01
 0.449999988E+00 0.214688611E+01 0.400000006E+00 0.217113495E+01 0.349999994E+00
 0.219468760E+01 0.294729888E+00 0.222125006E+01 0.223200008E+00 0.224300838E+01
 0.150000006E+00 0.225407696E+01 0.100000001E+00 0.226449203E+01 0.000000000E+00
 0.225932121E+01-0.100000001E+00 0.224781251E+01-0.164292037E+00 0.222546482E+01
-0.250000000E+00 0.220876551E+01-0.300000012E+00 0.218997765E+01-0.349999994E+00
 0.216812491E+01-0.402981579E+00 0.214156246E+01-0.459467083E+00 0.211500001E+01
-0.509572506E+00 0.208843756E+01-0.554468989E+00 0.205831027E+01-0.600000024E+00
 0.202234674E+01-0.649999976E+00 0.198315239E+01-0.699999988E+00 0.195562506E+01
-0.732697487E+00 0.192906249E+01-0.762867332E+00 0.189414978E+01-0.800000012E+00
 0.184937501E+01-0.846212387E+00 0.182281256E+01-0.872889578E+00 0.179331875E+01
-0.899999976E+00 0.174312496E+01-0.945456088E+00 0.171656251E+01-0.968712926E+00
 0.167641425E+01-0.100000000E+01 0.163687503E+01-0.103092611E+01 0.160870683E+01
-0.104999995E+01 0.155718756E+01-0.108459985E+01 0.152897632E+01-0.110093200E+01
 0.147749996E+01-0.113074231E+01 0.143673217E+01-0.114999998E+01 0.139781249E+01
-0.117020524E+01 0.134468746E+01-0.119151247E+01 0.131209326E+01-0.120244944E+01
 0.126499999E+01-0.121640265E+01 0.121187496E+01-0.121608555E+01 0.115084732E+01
-0.119845378E+01 0.117827201E+01-0.110000002E+01 0.118532264E+01-0.103449440E+01
 0.118678355E+01-0.949999988E+00 0.118457150E+01-0.899999976E+00 0.117546463E+01
-0.800000012E+00 0.116173136E+01-0.699999988E+00 0.115371919E+01-0.649999976E+00
 0.113665700E+01-0.550000012E+00 0.112785912E+01-0.500000000E+00 0.111044168E+01
-0.400000006E+00 0.110212421E+01-0.349999994E+00 0.108734047E+01-0.250000000E+00
 0.107906246E+01-0.173284799E+00 0.107351160E+01-0.100000001E+00
 0.101600003E+01 0.000000000E+00 0.101600003E+01 0.963999987E+00 0.101600003E+01
 0.967999995E+00 0.101600003E+01 0.100100005E+01 0.101600003E+01 0.101900005E+01
 0.101600003E+01 0.107700002E+01 0.101600003E+01 0.107000005E+01 0.101600003E+01
 0.109599996E+01 0.101600003E+01 0.111300004E+01 0.101600003E+01 0.113800001E+01
 0.101600003E+01 0.114699996E+01 0.101199996E+01 0.116499996E+01 0.100100005E+01
 0.121700001E+01 0.102900004E+01 0.121700001E+01 0.104200006E+01 0.116240001E+01
 0.104600000E+01 0.116237998E+01 0.105599999E+01 0.116260004E+01 0.109700000E+01
 0.116450000E+01 0.110800004E+01 0.116594005E+01 0.111600006E+01 0.116591001E+01
 0.113399994E+01 0.116895998E+01 0.114800000E+01 0.117174995E+01 0.116199994E+01
 0.117556000E+01 0.118099999E+01 0.118299997E+01 0.118200004E+01 0.118350005E+01
 0.118499994E+01 0.118499994E+01 0.119000006E+01 0.118799996E+01 0.119500005E+01
 0.119099998E+01 0.120099998E+01 0.119599998E+01 0.120899999E+01 0.120200002E+01
 0.121500003E+01 0.120799994E+01 0.122200000E+01 0.121399999E+01 0.122800004E+01
 0.122099996E+01 0.123399997E+01 0.123099995E+01 0.123899996E+01 0.123800004E+01
 0.124199998E+01 0.124399996E+01 0.124800003E+01 0.125399995E+01 0.125800002E+01
 0.127800000E+01 0.126300001E+01 0.128999996E+01 0.127999997E+01 0.133099997E+01
 0.127999997E+01 0.134700000E+01 0.127999997E+01 0.134800005E+01 0.130999994E+01
 0.134800005E+01 0.132799995E+01 0.134800005E+01 0.136099994E+01 0.134800005E+01
 0.138000000E+01 0.134800005E+01 0.141900003E+01 0.134800005E+01 0.141900003E+01
 0.130999994E+01 0.137199998E+01 0.130999994E+01 0.137199998E+01 0.129200006E+01
 0.160800004E+01 0.109500003E+01 0.164699996E+01 0.107700002E+01 0.178499997E+01
 0.107700002E+01 0.206999993E+01 0.103999996E+01 0.212800002E+01 0.992999971E+00
 0.224499989E+01 0.708999991E+00 0.232299995E+01 0.518999994E+00 0.237700009E+01
 0.388999999E+00 0.236249995E+01 0.400000006E+00 0.236443496E+01 0.222000003E+00
 0.236496902E+01 0.133000001E+00 0.236532402E+01 0.439999998E-01 0.236512089E+01
-0.439999998E-01 0.236484194E+01-0.133000001E+00 0.236433411E+01-0.222000003E+00
 0.236249995E+01-0.400000006E+00 0.237700009E+01-0.388999999E+00 0.213400006E+01
-0.972999990E+00 0.178600001E+01-0.117400002E+01 0.176800001E+01-0.121099997E+01
 0.176800001E+01-0.125000000E+01 0.168200004E+01-0.125000000E+01 0.137199998E+01
-0.125000000E+01 0.137199998E+01-0.132900000E+01 0.141999996E+01-0.132900000E+01
 0.141999996E+01-0.136300004E+01 0.127300000E+01-0.136300004E+01 0.115300000E+01
-0.136300004E+01 0.101600003E+01-0.122300005E+01 0.101600003E+01-0.122300005E+01
 0.101600003E+01-0.829999983E+00 0.101600003E+01-0.800000012E+00 0.101600003E+01
-0.414999992E+00 0.101600003E+01-0.400000006E+00 0.101600003E+01-0.100000005E-02
 0.101600003E+01 0.000000000E+00
    0 0.169550002E+01    0
 0.000000000E+00 0.982334837E-01 0.139463797E+00 0.171288252E+00 0.198297650E+00
 0.220957428E+00 0.242848262E+00 0.263195097E+00 0.282157689E+00 0.300119430E+00
 0.317230374E+00 0.333601207E+00 0.349330097E+00 0.364579588E+00 0.379279256E+00
 0.393587202E+00 0.407566249E+00 0.421149790E+00 0.434466153E+00 0.447519034E+00
 0.460325688E+00 0.472896367E+00 0.485263526E+00 0.497481406E+00 0.509516180E+00
 0.521377802E+00 0.533134520E+00 0.544749916E+00 0.556258202E+00 0.567665756E+00
 0.578981817E+00 0.590212345E+00 0.601386726E+00 0.612471223E+00 0.623527408E+00
 0.634541214E+00 0.645511270E+00 0.656443596E+00 0.667359412E+00 0.678278863E+00
 0.689186931E+00 0.700117230E+00 0.711033762E+00 0.721996784E+00 0.732983768E+00
 0.744029284E+00 0.755123973E+00 0.766288817E+00 0.777526557E+00 0.788865328E+00
 0.800321221E+00 0.811893523E+00 0.823611617E+00 0.835519373E+00 0.847605467E+00
 0.859924972E+00 0.872514963E+00 0.885415077E+00 0.898708880E+00 0.912470222E+00
 0.926783204E+00 0.941884756E+00 0.958057761E+00 0.976062834E+00 0.100000000E+01
    0
