  EFITD    06/25/2013    #1553551244.0ms  EFIT01   0  65  65
 0.170000005E+01 0.320000005E+01 0.169550002E+01 0.839999974E+00 0.000000000E+00
 0.181640589E+01-0.169331282E-01-0.192157403E+00-0.111493357E-01 0.165734196E+01
 0.102337038E+07-0.192157403E+00 0.000000000E+00 0.181640589E+01 0.000000000E+00
-0.169331282E-01 0.000000000E+00-0.111493357E-01 0.000000000E+00 0.000000000E+00
 0.275927234E+01 0.276183271E+01 0.276429915E+01 0.276667380E+01 0.276895809E+01
 0.277115440E+01 0.277326441E+01 0.277529025E+01 0.277723384E+01 0.277909684E+01
 0.278088164E+01 0.278258944E+01 0.278422284E+01 0.278578281E+01 0.278727198E+01
 0.278869200E+01 0.279004431E+01 0.279133105E+01 0.279255390E+01 0.279371476E+01
 0.279481554E+01 0.279585767E+01 0.279684305E+01 0.279777360E+01 0.279865122E+01
 0.279947734E+01 0.280025363E+01 0.280098224E+01 0.280166459E+01 0.280230260E+01
 0.280289793E+01 0.280345249E+01 0.280396771E+01 0.280444551E+01 0.280488777E+01
 0.280529547E+01 0.280567145E+01 0.280601645E+01 0.280633283E+01 0.280662203E+01
 0.280688572E+01 0.280712581E+01 0.280734372E+01 0.280754137E+01 0.280772042E+01
 0.280788255E+01 0.280802965E+01 0.280816317E+01 0.280828500E+01 0.280839658E+01
 0.280850005E+01 0.280859685E+01 0.280868864E+01 0.280877686E+01 0.280886412E+01
 0.280895114E+01 0.280904007E+01 0.280913258E+01 0.280923057E+01 0.280933523E+01
 0.280944872E+01 0.280957270E+01 0.280970860E+01 0.280985808E+01 0.281002331E+01
 0.104216836E+06 0.101315039E+06 0.984536719E+05 0.956327188E+05 0.928521953E+05
 0.901121094E+05 0.874124375E+05 0.847531875E+05 0.821343750E+05 0.795559844E+05
 0.770180156E+05 0.745204766E+05 0.720633594E+05 0.696466719E+05 0.672704062E+05
 0.649345664E+05 0.626391562E+05 0.603841680E+05 0.581696094E+05 0.559954727E+05
 0.538617656E+05 0.517684805E+05 0.497156250E+05 0.477031914E+05 0.457311836E+05
 0.437996016E+05 0.419084492E+05 0.400577188E+05 0.382474141E+05 0.364775352E+05
 0.347480859E+05 0.330590547E+05 0.314104570E+05 0.298022812E+05 0.282345312E+05
 0.267072090E+05 0.252203086E+05 0.237738379E+05 0.223677910E+05 0.210021699E+05
 0.196769746E+05 0.183922051E+05 0.171478613E+05 0.159439424E+05 0.147804502E+05
 0.136573838E+05 0.125747422E+05 0.115325273E+05 0.105307373E+05 0.956937402E+04
 0.864843555E+04 0.776792285E+04 0.692783643E+04 0.612817529E+04 0.536893994E+04
 0.465013037E+04 0.397174609E+04 0.333378784E+04 0.273625537E+04 0.217914844E+04
 0.166246741E+04 0.118621204E+04 0.750382324E+03 0.354978302E+03 0.000000000E+00
 0.255077219E+01 0.246016741E+01 0.237125921E+01 0.228404760E+01 0.219853258E+01
 0.211471438E+01 0.203259277E+01 0.195216739E+01 0.187343907E+01 0.179640710E+01
 0.172107184E+01 0.164743316E+01 0.157549107E+01 0.150524557E+01 0.143669677E+01
 0.136984444E+01 0.130468893E+01 0.124122977E+01 0.117946744E+01 0.111940169E+01
 0.106103241E+01 0.100435984E+01 0.949383855E+00 0.896104455E+00 0.844521761E+00
 0.794635534E+00 0.746446013E+00 0.699953079E+00 0.655156732E+00 0.612057030E+00
 0.570653915E+00 0.530947387E+00 0.492937505E+00 0.456624240E+00 0.422007561E+00
 0.389087498E+00 0.357864052E+00 0.328337222E+00 0.300506949E+00 0.274373323E+00
 0.249936312E+00 0.227195904E+00 0.206152096E+00 0.186804906E+00 0.169154316E+00
 0.153200328E+00 0.138942972E+00 0.126382202E+00 0.115518048E+00 0.106350511E+00
 0.988795757E-01 0.931052491E-01 0.890275389E-01 0.866464227E-01 0.859619305E-01
 0.869740397E-01 0.896827579E-01 0.940880850E-01 0.100190021E+00 0.107988566E+00
 0.117483720E+00 0.128675476E+00 0.141563863E+00 0.156148836E+00 0.172430426E+00
-0.103437769E+07-0.102006125E+07-0.100574475E+07-0.991428375E+06-0.977111875E+06
-0.962795438E+06-0.948479000E+06-0.934162562E+06-0.919846062E+06-0.905529625E+06
-0.891213188E+06-0.876896750E+06-0.862580250E+06-0.848263812E+06-0.833947375E+06
-0.819630938E+06-0.805314500E+06-0.790998000E+06-0.776681562E+06-0.762365125E+06
-0.748048688E+06-0.733732250E+06-0.719415750E+06-0.705099375E+06-0.690782875E+06
-0.676466438E+06-0.662150000E+06-0.647833562E+06-0.633517062E+06-0.619200625E+06
-0.604884188E+06-0.590567750E+06-0.576251250E+06-0.561934812E+06-0.547618375E+06
-0.533301938E+06-0.518985469E+06-0.504669031E+06-0.490352594E+06-0.476036125E+06
-0.461719688E+06-0.447403219E+06-0.433086781E+06-0.418770312E+06-0.404453875E+06
-0.390137438E+06-0.375821000E+06-0.361504531E+06-0.347188094E+06-0.332871625E+06
-0.318555188E+06-0.304238719E+06-0.289922281E+06-0.275605812E+06-0.261289375E+06
-0.246972922E+06-0.232656469E+06-0.218340031E+06-0.204023578E+06-0.189707125E+06
-0.175390672E+06-0.161074219E+06-0.146757766E+06-0.132441328E+06-0.118124875E+06
 1.734804735e-02 1.480307523e-02 1.221946441e-02 9.557047859e-03 6.786530372e-03
 3.882512683e-03 8.094056975e-04-2.494980348e-03-6.051383913e-03-9.951462038e-03
-1.473914273e-02-2.110358700e-02-2.776376158e-02-3.211849555e-02-3.468810767e-02
-3.568467498e-02-3.514992073e-02-3.302257136e-02-2.910446934e-02-2.297087573e-02
-1.380005199e-02-4.197392613e-03 3.856313182e-03 1.104880776e-02 1.776829176e-02
 2.425774559e-02 3.069551289e-02 3.723819554e-02 4.405209795e-02 5.131801590e-02
 5.810960010e-02 6.413208693e-02 6.949596852e-02 7.414806634e-02 7.805484533e-02
 8.110868931e-02 8.367696404e-02 8.674679697e-02 9.017410874e-02 9.387329221e-02
 9.779436141e-02 1.019064188e-01 1.061869785e-01 1.106157452e-01 1.151716337e-01
 1.198316514e-01 1.245704964e-01 1.293606013e-01 1.341721416e-01 1.389732808e-01
 1.437303573e-01 1.484085023e-01 1.529721618e-01 1.573860198e-01 1.616159827e-01
 1.656302959e-01 1.694005877e-01 1.729030162e-01 1.761189848e-01 1.790358722e-01
 1.816471517e-01 1.839523911e-01 1.859567910e-01 1.876704991e-01 1.891077608e-01
 1.293262281e-02 1.011593826e-02 7.357490249e-03 4.625452682e-03 1.881130505e-03
-9.169420227e-04-3.757610684e-03-6.610899698e-03-9.545897134e-03-1.266597584e-02
-1.629270613e-02-2.053001337e-02-2.465301752e-02-2.766217291e-02-2.942528762e-02
-2.993612923e-02-2.916889451e-02-2.705684304e-02-2.348880470e-02-1.832507737e-02
-1.154917479e-02-4.191688262e-03 2.813902684e-03 9.473122656e-03 1.590902545e-02
 2.224805020e-02 2.861106396e-02 3.512248769e-02 4.192869738e-02 4.919172451e-02
 5.602239817e-02 6.211750954e-02 6.757716835e-02 7.238510996e-02 7.649909705e-02
 7.980553061e-02 8.270494640e-02 8.613553643e-02 8.996335417e-02 9.410232306e-02
 9.849909693e-02 1.031178012e-01 1.079313308e-01 1.129161865e-01 1.180493385e-01
 1.233062893e-01 1.286599785e-01 1.340801269e-01 1.395328790e-01 1.449806988e-01
 1.503826231e-01 1.556947678e-01 1.608711779e-01 1.658651382e-01 1.706307232e-01
 1.751247197e-01 1.793084592e-01 1.831497401e-01 1.866242588e-01 1.897167116e-01
 1.924211383e-01 1.947406828e-01 1.966868192e-01 1.982779205e-01 1.995377392e-01
 7.903499529e-03 4.905245267e-03 2.105232561e-03-5.365813267e-04-3.078675363e-03
-5.410983227e-03-7.563249208e-03-9.592904709e-03-1.154351234e-02-1.356843114e-02
-1.569767296e-02-1.781638339e-02-1.969723031e-02-2.108060755e-02-2.176770009e-02
-2.163356729e-02-2.060022764e-02-1.861917041e-02-1.567432098e-02-1.180787850e-02
-7.161970716e-03-1.980747096e-03 3.489206312e-03 9.096293710e-03 1.478308905e-02
 2.054796927e-02 2.641630359e-02 3.242324293e-02 3.859750181e-02 4.489884153e-02
 5.103542283e-02 5.681509897e-02 6.220928580e-02 6.720928103e-02 7.181005180e-02
 7.603530586e-02 8.011819422e-02 8.438337594e-02 8.889552951e-02 9.365539253e-02
 9.865272790e-02 1.038743705e-01 1.093056947e-01 1.149303168e-01 1.207292974e-01
 1.266802102e-01 1.327562630e-01 1.389255077e-01 1.451502293e-01 1.513865292e-01
 1.575841755e-01 1.636871397e-01 1.696345508e-01 1.753625423e-01 1.808067709e-01
 1.859055758e-01 1.906035542e-01 1.948548257e-01 1.986259818e-01 2.018979788e-01
 2.046667188e-01 2.069424838e-01 2.087481022e-01 2.101163864e-01 2.110870034e-01
 1.787174377e-03-1.381901326e-03-4.050374962e-03-6.280714180e-03-8.182852529e-03
-9.693719447e-03-1.090312935e-02-1.198936906e-02-1.305782981e-02-1.412030961e-02
-1.514794864e-02-1.606995799e-02-1.678158343e-02-1.716329530e-02-1.710251346e-02
-1.650778204e-02-1.531416271e-02-1.348521374e-02-1.101594977e-02-7.936965674e-03
-4.314993974e-03-2.429916640e-04 4.180711228e-03 8.873250335e-03 1.377680805e-02
 1.885632798e-02 2.409078740e-02 2.946173027e-02 3.493987769e-02 4.047281295e-02
 4.598785937e-02 5.141784996e-02 5.672203749e-02 6.188824028e-02 6.693214178e-02
 7.190179825e-02 7.687722147e-02 8.194685727e-02 8.717793971e-02 9.261019528e-02
 9.826374054e-02 1.041465774e-01 1.102587357e-01 1.165941954e-01 1.231414154e-01
 1.298830509e-01 1.367952675e-01 1.438466161e-01 1.509969532e-01 1.581961662e-01
 1.653834134e-01 1.724867076e-01 1.794238836e-01 1.861046851e-01 1.924348027e-01
 1.983215362e-01 2.036803365e-01 2.084415555e-01 2.125562429e-01 2.159997374e-01
 2.187729180e-01 2.209004760e-01 2.224269807e-01 2.234112471e-01 2.239202708e-01
-6.421619095e-03-9.947173297e-03-1.212682948e-02-1.327314414e-02-1.386678312e-02
-1.413236652e-02-1.429927070e-02-1.445606910e-02-1.463462412e-02-1.483025495e-02
-1.501094364e-02-1.512335055e-02-1.509933826e-02-1.486399397e-02-1.434412692e-02
-1.347556524e-02-1.220840495e-02-1.051035989e-02-8.368619718e-03-5.790092051e-03
-2.799347974e-03 5.662157782e-04 4.263228737e-03 8.249090984e-03 1.248638425e-02
 1.694400422e-02 2.159547620e-02 2.641568147e-02 3.137756512e-02 3.645073995e-02
 4.160371795e-02 4.680926353e-02 5.205016211e-02 5.732296035e-02 6.263943762e-02
 6.802591681e-02 7.351968437e-02 7.916243374e-02 8.499321342e-02 9.104392678e-02
 9.733813256e-02 1.038916558e-01 1.107135564e-01 1.178067848e-01 1.251682490e-01
 1.327883005e-01 1.406495869e-01 1.487252861e-01 1.569768935e-01 1.653513908e-01
 1.737783402e-01 1.821673661e-01 1.904069632e-01 1.983661652e-01 2.059001923e-01
 2.128605992e-01 2.191089094e-01 2.245309800e-01 2.290491611e-01 2.326301783e-01
 2.352871299e-01 2.370754182e-01 2.380832285e-01 2.384186834e-01 2.381969988e-01
-1.935638487e-02-2.479786053e-02-2.401954308e-02-2.178234421e-02-2.010413259e-02
-1.875706762e-02-1.767516881e-02-1.681482978e-02-1.613349281e-02-1.558374800e-02
-1.511200238e-02-1.465916540e-02-1.416270342e-02-1.355964970e-02-1.279006340e-02
-1.180038322e-02-1.054620650e-02-8.994252421e-03-7.123327348e-03-4.924205132e-03
-2.398407087e-03 4.440216289e-04 3.587330459e-03 7.012872957e-03 1.070130151e-02
 1.463379897e-02 1.879238524e-02 2.315966599e-02 2.771857381e-02 3.245266899e-02
 3.734728694e-02 4.239139333e-02 4.757957906e-02 5.291358009e-02 5.840288475e-02
 6.406427175e-02 6.992017478e-02 7.599634677e-02 8.231922239e-02 8.891385794e-02
 9.580257535e-02 1.030043066e-01 1.105343252e-01 1.184040159e-01 1.266204119e-01
 1.351852715e-01 1.440935433e-01 1.533308774e-01 1.628699601e-01 1.726653576e-01
 1.826466769e-01 1.927102208e-01 2.027108073e-01 2.124569118e-01 2.217152715e-01
 2.302299589e-01 2.377541810e-01 2.440844327e-01 2.490870059e-01 2.527138591e-01
 2.550075054e-01 2.560926378e-01 2.561519444e-01 2.553927600e-01 2.540170550e-01
-2.892811410e-02-3.545868769e-02-3.330349177e-02-2.867280692e-02-2.511058189e-02
-2.234541252e-02-2.017622441e-02-1.846479438e-02-1.710621081e-02-1.601278223e-02
-1.510614343e-02-1.431367174e-02-1.356721576e-02-1.280309912e-02-1.196284313e-02
-1.099420898e-02-9.852248244e-03-8.500173688e-03-6.909694057e-03-5.060784053e-03
-2.940985374e-03-5.443239352e-04 2.130026463e-03 5.079136230e-03 8.297584951e-03
 1.177847758e-02 1.551418379e-02 1.949685812e-02 2.371892892e-02 2.817368135e-02
 3.285603225e-02 3.776344284e-02 4.289678857e-02 4.826102778e-02 5.386552587e-02
 5.972385406e-02 6.585323066e-02 7.227363437e-02 7.900674641e-02 8.607511967e-02
 9.350138903e-02 1.013079137e-01 1.095164567e-01 1.181479916e-01 1.272224188e-01
 1.367579103e-01 1.467696875e-01 1.572679728e-01 1.682539880e-01 1.797134876e-01
 1.916058958e-01 2.038464993e-01 2.162799239e-01 2.286457121e-01 2.405524403e-01
 2.515050769e-01 2.610121369e-01 2.686890066e-01 2.742954493e-01 2.777497768e-01
 2.791514397e-01 2.787915170e-01 2.770889997e-01 2.744685709e-01 2.712827623e-01
-3.273124620e-02-3.959000856e-02-3.679671139e-02-3.146262467e-02-2.714093029e-02
-2.367471159e-02-2.092212997e-02-1.875197701e-02-1.704751514e-02-1.570554264e-02
-1.463431306e-02-1.375181135e-02-1.298422273e-02-1.226477884e-02-1.153314579e-02
-1.073515322e-02-9.822878987e-03-8.755521849e-03-7.499254309e-03-6.026476156e-03
-4.315359518e-03-2.349344548e-03-1.165231515e-04 2.391078044e-03 5.178288557e-03
 8.247678168e-03 1.160035841e-02 1.523661055e-02 1.915644109e-02 2.336015739e-02
 2.784898505e-02 3.262566403e-02 3.769499436e-02 4.306425899e-02 4.874350131e-02
 5.474559218e-02 6.108614802e-02 6.778329611e-02 7.485745102e-02 8.233106136e-02
 9.022855759e-02 9.857638925e-02 1.074032933e-01 1.167406142e-01 1.266228855e-01
 1.370882541e-01 1.481790692e-01 1.599420011e-01 1.724273562e-01 1.856868863e-01
 1.997671425e-01 2.146937996e-01 2.304329574e-01 2.468009889e-01 2.632736564e-01
 2.785098553e-01 2.913087904e-01 3.011061251e-01 3.075481355e-01 3.104332387e-01
 3.097571731e-01 3.061675727e-01 3.010673821e-01 2.953020036e-01 2.893811762e-01
-3.150036186e-02-3.832392767e-02-3.563843295e-02-3.021069989e-02-2.576707117e-02
-2.220513299e-02-1.940404437e-02-1.723902114e-02-1.559147611e-02-1.435333118e-02
-1.342748571e-02-1.272919308e-02-1.218399592e-02-1.172493119e-02-1.129138656e-02
-1.082754135e-02-1.028003916e-02-9.605172090e-03-8.766874671e-03-7.732123137e-03
-6.472045556e-03-4.962184932e-03-3.182484536e-03-1.117180102e-03 1.245512278e-03
 3.914708737e-03 6.898069754e-03 1.020208001e-02 1.383231580e-02 1.779397950e-02
 2.209250256e-02 2.673401684e-02 3.172578290e-02 3.707658872e-02 4.279706627e-02
 4.889994860e-02 5.540023372e-02 6.231534481e-02 6.966530532e-02 7.747295499e-02
 8.576434851e-02 9.456926584e-02 1.039220542e-01 1.138627157e-01 1.244384274e-01
 1.357056051e-01 1.477326751e-01 1.606039256e-01 1.744248718e-01 1.893299520e-01
 2.054944634e-01 2.231538743e-01 2.426405400e-01 2.644739747e-01 2.891019285e-01
 3.113807142e-01 3.290470243e-01 3.419710100e-01 3.498769104e-01 3.521409035e-01
 3.485712707e-01 3.382272422e-01 3.267340958e-01 3.161607981e-01 3.066197038e-01
-2.590038627e-02-3.254054114e-02-3.008429147e-02-2.492813393e-02-2.085652202e-02
-1.774101704e-02-1.541969180e-02-1.374289952e-02-1.258056704e-02-1.182257477e-02
-1.136482507e-02-1.112940349e-02-1.105259638e-02-1.107225940e-02-1.113374159e-02
-1.118827332e-02-1.115222368e-02-1.098686922e-02-1.067068428e-02-1.016167551e-02
-9.423395619e-03-8.423949592e-03-7.135885302e-03-5.537077319e-03-3.613679204e-03
-1.354449894e-03 1.253769267e-03 4.222669639e-03 7.561492268e-03 1.127818786e-02
 1.538072620e-02 1.987718232e-02 2.477593720e-02 3.008621931e-02 3.581852466e-02
 4.198495299e-02 4.859954864e-02 5.567861348e-02 6.324112415e-02 7.130920887e-02
 7.990879565e-02 8.907040954e-02 9.883038700e-02 1.092323959e-01 1.203295514e-01
 1.321874112e-01 1.448881030e-01 1.585362405e-01 1.732677668e-01 1.892631948e-01
 2.067685872e-01 2.261295468e-01 2.478475571e-01 2.726628482e-01 3.016003966e-01
 3.312779069e-01 3.543638289e-01 3.707648218e-01 3.806211054e-01 3.838243484e-01
 3.794068396e-01 3.668090105e-01 3.483807445e-01 3.328433931e-01 3.198677301e-01
-1.575604454e-02-2.217412740e-02-1.957449131e-02-1.519716997e-02-1.221167669e-02
-1.023521181e-02-9.003411978e-03-8.330345154e-03-8.082063869e-03-8.157357574e-03
-8.475552313e-03-8.971612900e-03-9.591174312e-03-1.028655376e-02-1.101542078e-02
-1.173993200e-02-1.238039043e-02-1.289204881e-02-1.323388983e-02-1.336466242e-02
-1.324432623e-02-1.283434313e-02-1.209714729e-02-1.099428907e-02-9.530337527e-03
-7.707986515e-03-5.496574566e-03-2.875841456e-03 1.628985628e-04 3.625679528e-03
 7.522687782e-03 1.186329965e-02 1.665507257e-02 2.190630697e-02 2.762625739e-02
 3.382536396e-02 4.051563889e-02 4.771106318e-02 5.542805418e-02 6.368599832e-02
 7.250797004e-02 8.192157745e-02 9.196005762e-02 1.026638299e-01 1.140823960e-01
 1.262770593e-01 1.393244863e-01 1.533217281e-01 1.683931053e-01 1.846998036e-01
 2.024529874e-01 2.219311744e-01 2.435009032e-01 2.676364779e-01 2.949326634e-01
 3.259209991e-01 3.523271084e-01 3.713517189e-01 3.832526803e-01 3.881107569e-01
 3.861073554e-01 3.762640655e-01 3.583891094e-01 3.400900066e-01 3.254881799e-01
 2.351299394e-03-2.774380613e-03-2.037496772e-03-3.888289502e-04 8.243796765e-05
-5.859082739e-05-5.965924356e-04-1.421347959e-03-2.463536803e-03-3.672746941e-03
-5.008494947e-03-6.436286028e-03-7.925433107e-03-9.447698481e-03-1.097651478e-02
-1.248646248e-02-1.390106417e-02-1.517495047e-02-1.626393944e-02-1.712477393e-02
-1.771539822e-02-1.799540408e-02-1.792672463e-02-1.747500710e-02-1.661282405e-02
-1.531396713e-02-1.354834437e-02-1.128366962e-02-8.543859236e-03-5.348842591e-03
-1.668530051e-03 2.511274535e-03 7.188220043e-03 1.236897800e-02 1.806086302e-02
 2.427133732e-02 3.100915626e-02 3.828447685e-02 4.610936344e-02 5.449828878e-02
 6.346867234e-02 7.304151356e-02 8.324220031e-02 9.410144389e-02 1.056564823e-01
 1.179525554e-01 1.310446858e-01 1.449998319e-01 1.598991901e-01 1.758407503e-01
 1.929412186e-01 2.113365382e-01 2.311797142e-01 2.526355088e-01 2.758796215e-01
 3.011546731e-01 3.269827068e-01 3.456304669e-01 3.580408394e-01 3.647102118e-01
 3.654178381e-01 3.606368601e-01 3.495631516e-01 3.336865008e-01 3.209966421e-01
 2.816726640e-02 2.644100599e-02 2.181547135e-02 1.753647253e-02 1.424362045e-02
 1.137569360e-02 8.710434660e-03 6.145683117e-03 3.630391322e-03 1.138883061e-03
-1.340428833e-03-3.810664406e-03-6.269516423e-03-8.710961789e-03-1.112618484e-02
-1.349467505e-02-1.575061679e-02-1.784986071e-02-1.974806935e-02-2.140123211e-02
-2.276607044e-02-2.380046993e-02-2.446392365e-02-2.471805923e-02-2.452705055e-02
-2.385719679e-02-2.267705277e-02-2.095948532e-02-1.868624799e-02-1.584077254e-02
-1.240216196e-02-8.350015618e-03-3.787384368e-03 1.320770243e-03 6.981648505e-03
 1.319569815e-02 1.996820047e-02 2.730374038e-02 3.520848230e-02 4.369018599e-02
 5.275854096e-02 6.242541969e-02 7.270518690e-02 8.361495286e-02 9.517483413e-02
 1.074080691e-01 1.203408837e-01 1.340018809e-01 1.484204829e-01 1.636238992e-01
 1.796311289e-01 1.964424551e-01 2.140203863e-01 2.322548032e-01 2.508946657e-01
 2.693988085e-01 2.866747677e-01 3.012836576e-01 3.123639524e-01 3.196420074e-01
 3.231043518e-01 3.229261339e-01 3.195799887e-01 3.141050041e-01 3.079659641e-01
 4.634190351e-02 4.564225674e-02 3.940282017e-02 3.264798597e-02 2.694023959e-02
 2.196007967e-02 1.747751795e-02 1.333678048e-02 9.434358217e-03 5.701264367e-03
 2.091316972e-03-1.426334726e-03-4.872021265e-03-8.258788846e-03-1.159475371e-02
-1.484755334e-02-1.797306165e-02-2.092688158e-02-2.366448566e-02-2.614147030e-02
-2.831385098e-02-3.013833612e-02-3.157259151e-02-3.257548809e-02-3.310734034e-02
-3.313006088e-02-3.260758147e-02-3.150653839e-02-2.979703061e-02-2.745246328e-02
-2.445022762e-02-2.077505924e-02-1.642516814e-02-1.138904504e-02-5.735264625e-03
 4.885500530e-04 7.303921506e-03 1.470186189e-02 2.268268727e-02 3.124633431e-02
 4.039395973e-02 5.012740195e-02 6.044907495e-02 7.136167586e-02 8.286772668e-02
 9.496879578e-02 1.076641232e-01 1.209485978e-01 1.348094344e-01 1.492211521e-01
 1.641380787e-01 1.794830114e-01 1.951310486e-01 2.108869255e-01 2.264574319e-01
 2.414295971e-01 2.552860975e-01 2.674916387e-01 2.776161134e-01 2.854068875e-01
 2.907988131e-01 2.939071953e-01 2.950246930e-01 2.945943773e-01 2.931192815e-01
 5.787757412e-02 5.743476748e-02 5.115974694e-02 4.354922846e-02 3.667963669e-02
 3.043943271e-02 2.470450290e-02 1.936479844e-02 1.433009841e-02 9.529388510e-03
 4.907976370e-03 4.242403375e-04-3.953274339e-03-8.248231374e-03-1.247836836e-02
-1.660951972e-02-2.059936896e-02-2.440425009e-02-2.797988616e-02-3.128187731e-02
-3.426601738e-02-3.688851744e-02-3.910615668e-02-4.087640345e-02-4.215752333e-02
-4.290873185e-02-4.309043288e-02-4.266457632e-02-4.159517214e-02-3.984888643e-02
-3.739608824e-02-3.421241418e-02-3.028060123e-02-2.559139207e-02-2.015015297e-02
-1.396674290e-02-7.051032968e-03 4.328145878e-04 8.513808250e-03 1.717844792e-02
 2.642129734e-02 3.623452783e-02 4.660955817e-02 5.753620341e-02 6.900201738e-02
 8.099112660e-02 9.348267317e-02 1.064484715e-01 1.198498458e-01 1.336334199e-01
 1.477256417e-01 1.620260924e-01 1.763998419e-01 1.906704009e-01 2.046159357e-01
 2.179737985e-01 2.304584682e-01 2.417930961e-01 2.517466843e-01 2.601643503e-01
 2.669841051e-01 2.722401023e-01 2.760539651e-01 2.786130905e-01 2.801373601e-01
 6.592164189e-02 6.560011208e-02 5.904700980e-02 5.101829395e-02 4.354969785e-02
 3.658255562e-02 3.004633076e-02 2.386894636e-02 1.798368432e-02 1.233223733e-02
 6.865392905e-03 1.542447368e-03-3.669878701e-03-8.798676543e-03-1.386615448e-02
-1.882897131e-02-2.364317700e-02-2.826416679e-02-3.264713287e-02-3.674741834e-02
-4.052070901e-02-4.392314702e-02-4.691135138e-02-4.944239184e-02-5.147377402e-02
-5.296341330e-02-5.386975035e-02-5.415188521e-02-5.376995727e-02-5.268563703e-02
-5.086294189e-02-4.826936498e-02-4.487725347e-02-4.066546634e-02-3.562153131e-02
-2.974306419e-02-2.304144204e-02-1.555009466e-02-7.297118194e-03 1.510460977e-03
 1.089784689e-02 2.084157802e-02 3.132501617e-02 4.232734442e-02 5.382478610e-02
 6.578952074e-02 7.818822563e-02 9.098023921e-02 1.041152328e-01 1.175305247e-01
 1.311480403e-01 1.448712498e-01 1.585827321e-01 1.721431464e-01 1.853928566e-01
 1.981575638e-01 2.102583945e-01 2.215255648e-01 2.318134010e-01 2.410131991e-01
 2.490616441e-01 2.559432983e-01 2.616872489e-01 2.663581967e-01 2.700442672e-01
 7.100214064e-02 7.068271935e-02 6.391306967e-02 5.568229035e-02 4.791588709e-02
 4.055214673e-02 3.353269771e-02 2.680208161e-02 2.030988410e-02 1.401119400e-02
 7.866503671e-03 1.841399819e-03-4.093790893e-03-9.964242578e-03-1.579045318e-02
-2.151384763e-02-2.708792686e-02-3.246615455e-02-3.760249168e-02-4.245165363e-02
-4.696917534e-02-5.111137033e-02-5.483518913e-02-5.809803680e-02-6.085760519e-02
-6.307168305e-02-6.469806284e-02-6.569454074e-02-6.601905078e-02-6.562997401e-02
-6.448671967e-02-6.255053729e-02-5.978567526e-02-5.616087839e-02-5.165129900e-02
-4.624082148e-02-3.992509469e-02-3.271510452e-02-2.463995665e-02-1.575695537e-02
-6.120861508e-03 4.031579010e-03 1.471473835e-02 2.589266188e-02 3.753392771e-02
 4.960366711e-02 6.206241623e-02 7.486486435e-02 8.795844018e-02 1.012816876e-01
 1.147628352e-01 1.283185780e-01 1.418535262e-01 1.552606672e-01 1.684232205e-01
 1.812181324e-01 1.935211122e-01 2.052127123e-01 2.161845863e-01 2.263448685e-01
 2.356218696e-01 2.439656854e-01 2.513476908e-01 2.577586770e-01 2.632060051e-01
 7.308573276e-02 7.259862870e-02 6.606496871e-02 5.789213255e-02 5.010698363e-02
 4.261684045e-02 3.536026180e-02 2.829563431e-02 2.138942108e-02 1.461169031e-02
 7.934658788e-03 1.332278596e-03-5.219966173e-03-1.174534392e-02-1.823388040e-02
-2.463124320e-02-3.088543750e-02-3.694651648e-02-4.276644811e-02-4.829897359e-02
-5.349941924e-02-5.832442269e-02-6.273162365e-02-6.667931378e-02-7.012606412e-02
-7.303042710e-02-7.535060495e-02-7.704433054e-02-7.806871086e-02-7.838042825e-02
-7.793598622e-02-7.669231296e-02-7.460763305e-02-7.164271176e-02-6.776252389e-02
-6.293842196e-02-5.715076625e-02-5.039221421e-02-4.267136753e-02-3.401714191e-02
-2.448210679e-02-1.415386517e-02-3.126787022e-03 8.352608420e-03 2.027359605e-02
 3.259826452e-02 4.528525472e-02 5.828964338e-02 7.156203687e-02 8.504752815e-02
 9.868486971e-02 1.124060601e-01 1.261362731e-01 1.397942752e-01 1.532935649e-01
 1.665437222e-01 1.794524491e-01 1.919274479e-01 2.038780749e-01 2.152165323e-01
 2.258583009e-01 2.357222140e-01 2.447309494e-01 2.528126240e-01 2.599045336e-01
 7.245510817e-02 7.147178799e-02 6.542059034e-02 5.798318982e-02 5.055411533e-02
 4.316690937e-02 3.584538773e-02 2.859406732e-02 2.140725031e-02 1.427342929e-02
 7.177684922e-03 1.031074789e-04-6.968362723e-03-1.405558735e-02-2.112169750e-02
-2.810804360e-02-3.495904431e-02-4.162216187e-02-4.804775864e-02-5.418883264e-02
-6.000070646e-02-6.544059515e-02-7.046714425e-02-7.503991574e-02-7.911892980e-02
-8.266411722e-02-8.563490212e-02-8.798985928e-02-8.968646079e-02-9.068093449e-02
-9.092837572e-02-9.038309008e-02-8.899915218e-02-8.673134446e-02-8.353656530e-02
-7.937553525e-02-7.421522588e-02-6.803166121e-02-6.081339717e-02-5.256546661e-02
-4.331372678e-02-3.310960904e-02-2.203300223e-02-1.020095870e-02 2.145660575e-03
 1.488116197e-02 2.796268277e-02 4.134891182e-02 5.499729514e-02 6.886227429e-02
 8.289477229e-02 9.704219550e-02 1.112485528e-01 1.254546940e-01 1.395985931e-01
 1.536154598e-01 1.674375683e-01 1.809935570e-01 1.942066401e-01 2.069920301e-01
 2.192530781e-01 2.308774441e-01 2.417344898e-01 2.516774833e-01 2.605530322e-01
 7.139974833e-02 7.002542913e-02 6.434653699e-02 5.728846416e-02 5.006840825e-02
 4.275009409e-02 3.538415208e-02 2.799586579e-02 2.059437335e-02 1.317902748e-02
 5.743145011e-03-1.723720226e-03-9.234189056e-03-1.680166274e-02-2.436192147e-02
-3.185320273e-02-3.921736404e-02-4.640002921e-02-5.335049331e-02-6.002141908e-02
-6.636843085e-02-7.234959304e-02-7.792483270e-02-8.305533230e-02-8.770284802e-02
-9.182918817e-02-9.539555013e-02-9.836204350e-02-1.006872803e-01-1.023280844e-01
-1.032393575e-01-1.033741683e-01-1.026840806e-01-1.011197641e-01-9.863203764e-02
-9.517326951e-02-9.069932997e-02-8.517206460e-02-7.856245339e-02-7.085427642e-02
-6.204861030e-02-5.216878653e-02-4.126603156e-02-2.942609601e-02-1.677617617e-02
-3.469112795e-03 1.016006619e-02 2.408365533e-02 3.827229887e-02 5.269146338e-02
 6.730431318e-02 8.207307011e-02 9.695959091e-02 1.119256616e-01 1.269329190e-01
 1.419423521e-01 1.569130868e-01 1.718001068e-01 1.865501255e-01 2.010951042e-01
 2.153421342e-01 2.291597873e-01 2.423615158e-01 2.546933293e-01 2.658425272e-01
 7.100062817e-02 6.951130927e-02 6.369823217e-02 5.647080019e-02 4.915355146e-02
 4.175568372e-02 3.428668529e-02 2.675424330e-02 1.916131936e-02 1.150600240e-02
 3.782272805e-03-4.019150976e-03-1.191017404e-02-1.987753995e-02-2.785137482e-02
-3.576659411e-02-4.356286675e-02-5.118447915e-02-5.858013779e-02-6.570255756e-02
-7.250798494e-02-7.895557582e-02-8.500675112e-02-9.062450379e-02-9.577260911e-02
-1.004149765e-01-1.045149192e-01-1.080345437e-01-1.109341979e-01-1.131720021e-01
-1.147035807e-01-1.154818982e-01-1.154573485e-01-1.145781130e-01-1.127908304e-01
-1.100416481e-01-1.062777862e-01-1.014495939e-01-9.551322460e-02-8.843406290e-02
-8.019075543e-02-7.078005373e-02-6.022226438e-02-4.856697842e-02-3.589856997e-02
-2.234001644e-02-8.059022948e-03 6.510611624e-03 2.136506140e-02 3.647055477e-02
 5.179772153e-02 6.732128561e-02 8.302000165e-02 9.887658805e-02 1.148777530e-01
 1.310139298e-01 1.472784877e-01 1.636659801e-01 1.801683456e-01 1.967678815e-01
 2.134241760e-01 2.300497890e-01 2.464660555e-01 2.623208761e-01 2.769544125e-01
 7.034637779e-02 6.874804199e-02 6.259514391e-02 5.523071438e-02 4.779838398e-02
 4.028961435e-02 3.270060569e-02 2.502693050e-02 1.726298593e-02 9.401625954e-03
 1.434036414e-03-6.650325842e-03-1.486385521e-02-2.316414006e-02-3.147993982e-02
-3.974493966e-02-4.789790884e-02-5.588270724e-02-6.364805996e-02-7.114715874e-02
-7.833717763e-02-8.517856896e-02-9.163441509e-02-9.766958654e-02-1.032500118e-01
-1.083418354e-01-1.129106507e-01-1.169208065e-01-1.203347296e-01-1.231123358e-01
-1.252105981e-01-1.265832335e-01-1.271805465e-01-1.269495487e-01-1.258343458e-01
-1.237768456e-01-1.207178980e-01-1.165989786e-01-1.113644093e-01-1.049643308e-01
-9.735838324e-02-8.852024376e-02-7.844295353e-02-6.714506447e-02-5.467741564e-02
-4.113046080e-02-2.664248273e-02-1.140835322e-02 4.235622473e-03 2.013420127e-02
 3.626669943e-02 5.262089148e-02 6.919248402e-02 8.598523587e-02 1.030115858e-01
 1.202936843e-01 1.378646940e-01 1.557700932e-01 1.740688086e-01 1.928335875e-01
 2.121495903e-01 2.321084589e-01 2.527880371e-01 2.741551697e-01 2.950825393e-01
 6.882707775e-02 6.706427038e-02 6.095151603e-02 5.349225178e-02 4.597167298e-02
 3.837750480e-02 3.069502860e-02 2.291018143e-02 1.501000207e-02 6.982380990e-03
-1.184344525e-03-9.501637891e-03-1.798059791e-02-2.655132301e-02-3.514319286e-02
-4.369000718e-02-5.213060230e-02-6.040905789e-02-6.847459078e-02-7.628121972e-02
-8.378722519e-02-9.095451236e-02-9.774783999e-02-1.041340306e-01-1.100811213e-01
-1.155574918e-01-1.205310747e-01-1.249685436e-01-1.288345605e-01-1.320911348e-01
-1.346970052e-01-1.366071999e-01-1.377727687e-01-1.381405890e-01-1.376535743e-01
-1.362510473e-01-1.338695735e-01-1.304441541e-01-1.259101182e-01-1.202055961e-01
-1.132747307e-01-1.050718427e-01-9.556648135e-02-8.474947512e-02-7.263990492e-02
-5.929289386e-02-4.480789602e-02-2.933687158e-02-1.309109200e-02 3.676892258e-03
 2.066050284e-02 3.786282241e-02 5.529645830e-02 7.298424095e-02 9.096098691e-02
 1.092763096e-01 1.279985756e-01 1.472201645e-01 1.670649350e-01 1.876989603e-01
 2.093466967e-01 2.323189974e-01 2.570676804e-01 2.843107581e-01 3.127917051e-01
 6.680165231e-02 6.487675756e-02 5.869823322e-02 5.119570717e-02 4.365478083e-02
 3.604222089e-02 2.832694910e-02 2.048506029e-02 1.249805838e-02 4.350771662e-03
-3.970256075e-03-1.247791387e-02-2.115919441e-02-2.993860282e-02-3.874480724e-02
-4.751138017e-02-5.617726967e-02-6.468695402e-02-7.299032807e-02-8.104233444e-02
-8.880246431e-02-9.623406082e-02-1.033035591e-01-1.099796444e-01-1.162323579e-01
-1.220322698e-01-1.273495704e-01-1.321531832e-01-1.364100873e-01-1.400844306e-01
-1.431369781e-01-1.455244422e-01-1.471991390e-01-1.481086612e-01-1.481957287e-01
-1.473984718e-01-1.456508040e-01-1.428834647e-01-1.390252858e-01-1.340053827e-01
-1.277558059e-01-1.202152446e-01-1.113336459e-01-1.010778248e-01-8.943824470e-02
-7.643657178e-02-6.213402748e-02-4.663977027e-02-3.011856414e-02-1.279664598e-02
 5.029261112e-03 2.303791419e-02 4.125698656e-02 5.972268432e-02 7.848308980e-02
 9.760252386e-02 1.171672121e-01 1.372926086e-01 1.581336558e-01 1.798992157e-01
 2.028724998e-01 2.274386138e-01 2.541168630e-01 2.835823298e-01 3.151654005e-01
 6.421306729e-02 6.212729588e-02 5.564476550e-02 4.825569689e-02 4.085192829e-02
 3.334223479e-02 2.568402514e-02 1.785385795e-02 9.836175479e-03 1.618638868e-03
-6.810005754e-03-1.546112634e-02-2.429211512e-02-3.322678804e-02-4.219344631e-02
-5.112562329e-02-5.996249989e-02-6.864906102e-02-7.713592798e-02-8.537902683e-02
-9.333901852e-02-1.009806320e-01-1.082718521e-01-1.151831076e-01-1.216863170e-01
-1.277540475e-01-1.333585531e-01-1.384709924e-01-1.430604756e-01-1.470933408e-01
-1.505323946e-01-1.533363014e-01-1.554589421e-01-1.568491161e-01-1.574501842e-01
-1.572000682e-01-1.560314894e-01-1.538726091e-01-1.506480426e-01-1.462804973e-01
-1.406931132e-01-1.338126063e-01-1.255734563e-01-1.159229949e-01-1.048277840e-01
-9.228100628e-02-7.831078023e-02-6.298896670e-02-4.643987119e-02-2.884787694e-02
-1.046268642e-02 8.255867288e-03 2.713586576e-02 4.621586949e-02 6.554260850e-02
 8.517677337e-02 1.051983088e-01 1.257124841e-01 1.468581706e-01 1.688193828e-01
 1.918423027e-01 2.162612528e-01 2.425390631e-01 2.713254690e-01 3.021637499e-01
 5.949074775e-02 5.681098625e-02 5.140277371e-02 4.475143924e-02 3.773885220e-02
 3.045803122e-02 2.293133549e-02 1.516499463e-02 7.158905733e-03-1.090297941e-03
-9.587938897e-03-1.834048331e-02-2.727756463e-02-3.632295877e-02-4.540496320e-02
-5.445729196e-02-6.341949850e-02-7.223711163e-02-8.086153865e-02-8.924961835e-02
-9.736315161e-02-1.051681042e-01-1.126338914e-01-1.197324693e-01-1.264374703e-01
-1.327232271e-01-1.385639310e-01-1.439326555e-01-1.488005817e-01-1.531360745e-01
-1.569039673e-01-1.600648761e-01-1.625744700e-01-1.643830389e-01-1.654350907e-01
-1.656691432e-01-1.650177538e-01-1.634079218e-01-1.607617736e-01-1.569979638e-01
-1.520335376e-01-1.457866430e-01-1.381803006e-01-1.291470230e-01-1.186348796e-01
-1.066146269e-01-9.308806807e-02-7.809732109e-02-6.173465773e-02-4.415206984e-02
-2.556966431e-02-6.281553302e-03 1.312364265e-02 3.265609965e-02 5.234132707e-02
 7.221896201e-02 9.234263003e-02 1.127809063e-01 1.336191446e-01 1.549619883e-01
 1.769366860e-01 1.996984631e-01 2.234440297e-01 2.484715432e-01 2.747803628e-01
 5.621213838e-02 5.331767350e-02 4.796816409e-02 4.158324003e-02 3.481718898e-02
 2.771255560e-02 2.030055225e-02 1.259842888e-02 4.614007659e-03-3.650815692e-03
-1.219801791e-02-2.101575397e-02-3.002308309e-02-3.914314508e-02-4.830409959e-02
-5.743983015e-02-6.649029255e-02-7.540159672e-02-8.412589133e-02-9.262090176e-02
-1.008494049e-01-1.087785065e-01-1.163788587e-01-1.236237809e-01-1.304883361e-01
-1.369484365e-01-1.429799199e-01-1.485576034e-01-1.536544710e-01-1.582407653e-01
-1.622832268e-01-1.657442898e-01-1.685814559e-01-1.707466990e-01-1.721859127e-01
-1.728387177e-01-1.726382077e-01-1.715112627e-01-1.693789810e-01-1.661577225e-01
-1.617607623e-01-1.561006010e-01-1.490923166e-01-1.406578869e-01-1.307318360e-01
-1.192681342e-01-1.062485874e-01-9.169238061e-02-7.566671818e-02-5.829795450e-02
-3.978256136e-02-2.039702050e-02-5.058653769e-04 1.938662305e-02 3.928969055e-02
 5.922292918e-02 7.921076566e-02 9.927918762e-02 1.194519699e-01 1.397442073e-01
 1.601504982e-01 1.806214452e-01 2.010144144e-01 2.209852785e-01 2.398092002e-01
 5.400158092e-02 5.100125074e-02 4.548619315e-02 3.909624740e-02 3.237687796e-02
 2.533293143e-02 1.797330938e-02 1.030488685e-02 2.331272233e-03-5.947185680e-03
-1.453304291e-02-2.339267731e-02-3.244491294e-02-4.161294177e-02-5.082519725e-02
-6.001596898e-02-6.912574917e-02-7.810129225e-02-8.689544350e-02-9.546675533e-02
-1.037788764e-01-1.117998809e-01-1.195014790e-01-1.268581152e-01-1.338460892e-01
-1.404426098e-01-1.466249079e-01-1.523692906e-01-1.576503068e-01-1.624398082e-01
-1.667062193e-01-1.704137027e-01-1.735214591e-01-1.759830713e-01-1.777460128e-01
-1.787511855e-01-1.789327264e-01-1.782180369e-01-1.765281260e-01-1.737784594e-01
-1.698802859e-01-1.647427082e-01-1.582756937e-01-1.503940970e-01-1.410229355e-01
-1.301040202e-01-1.176041961e-01-1.035247743e-01-8.791243285e-02-7.087073475e-02
-5.257178843e-02-3.326677904e-02-1.329423487e-02 6.915566977e-03 2.695732005e-02
 4.684996605e-02 6.659949571e-02 8.620125055e-02 1.056368127e-01 1.248669922e-01
 1.438203752e-01 1.623767167e-01 1.803453118e-01 1.974452734e-01 2.133085877e-01
 5.210272223e-02 4.899610952e-02 4.353550822e-02 3.712359816e-02 3.040226921e-02
 2.337080240e-02 1.602746733e-02 8.370720781e-03 3.984391224e-04-7.892594673e-03
-1.650697552e-02-2.539390698e-02-3.447367623e-02-4.367053136e-02-5.291374773e-02
-6.213834509e-02-7.128550857e-02-8.030267805e-02-8.914338797e-02-9.776688367e-02
-1.061375812e-01-1.142243668e-01-1.219997704e-01-1.294391602e-01-1.365198046e-01
-1.432199776e-01-1.495180279e-01-1.553914696e-01-1.608161181e-01-1.657652110e-01
-1.702085584e-01-1.741118282e-01-1.774356812e-01-1.801352650e-01-1.821594834e-01
-1.834505945e-01-1.839439422e-01-1.835678220e-01-1.822437793e-01-1.798871905e-01
-1.764084995e-01-1.717150360e-01-1.657137722e-01-1.583149582e-01-1.494373083e-01
-1.390141100e-01-1.270013303e-01-1.133867428e-01-9.820071608e-02-8.152762800e-02
-6.351724267e-02-4.439472407e-02-2.446679398e-02-4.120614845e-03 1.597384363e-02
 3.578530252e-02 5.529186130e-02 7.446760684e-02 9.327465296e-02 1.116568297e-01
 1.295333952e-01 1.467932910e-01 1.632913202e-01 1.788498759e-01 1.932703257e-01
 5.070933327e-02 4.753801227e-02 4.200689122e-02 3.557046875e-02 2.884421684e-02
 2.181855403e-02 1.448499598e-02 6.836371496e-03-1.133627724e-03-9.431045502e-03
-1.806221902e-02-2.696354687e-02-3.605697677e-02-4.526801407e-02-5.452689901e-02
-6.376945972e-02-7.293756306e-02-8.197925985e-02-9.084866196e-02-9.950560331e-02
-1.079150736e-01-1.160465479e-01-1.238732189e-01-1.313711107e-01-1.385182440e-01
-1.452936530e-01-1.516765207e-01-1.576453149e-01-1.631768048e-01-1.682452857e-01
-1.728217155e-01-1.768728942e-01-1.803607792e-01-1.832417399e-01-1.854659468e-01
-1.869769096e-01-1.877111048e-01-1.875978559e-01-1.865594387e-01-1.845116615e-01
-1.813648790e-01-1.770257056e-01-1.713994741e-01-1.643938571e-01-1.559235007e-01
-1.459161341e-01-1.343203038e-01-1.211143360e-01-1.063171104e-01-8.999951929e-02
-7.229667902e-02-5.341955647e-02-3.366513178e-02-1.342454087e-02 6.809983402e-03
 2.659286000e-02 4.592168704e-02 6.477687508e-02 8.312328160e-02 1.009097770e-01
 1.180684268e-01 1.345142424e-01 1.501467377e-01 1.648542434e-01 1.785217226e-01
 4.963127524e-02 4.641260579e-02 4.080494493e-02 3.437166288e-02 2.766574174e-02
 2.066504769e-02 1.335496083e-02 5.724999588e-03-2.232913626e-03-1.052563172e-02
-1.915925927e-02-2.806178480e-02-3.715642914e-02-4.636958987e-02-5.563220009e-02
-6.488064677e-02-7.405725867e-02-8.311051875e-02-9.199491888e-02-1.006706730e-01
-1.091031358e-01-1.172621772e-01-1.251213849e-01-1.326572150e-01-1.398481429e-01
-1.466737539e-01-1.531137824e-01-1.591472924e-01-1.647517532e-01-1.699021906e-01
-1.745703369e-01-1.787238717e-01-1.823256165e-01-1.853328943e-01-1.876968741e-01
-1.893620342e-01-1.902657896e-01-1.903383285e-01-1.895027012e-01-1.876752675e-01
-1.847666502e-01-1.806833297e-01-1.753299832e-01-1.686128527e-01-1.604443491e-01
-1.507488787e-01-1.394702494e-01-1.265806854e-01-1.120911688e-01-9.606304765e-02
-7.861997932e-02-5.995962396e-02-4.036325216e-02-2.020164579e-02 6.559950998e-05
 1.979820058e-02 3.898840398e-02 5.761683360e-02 7.565230131e-02 9.305200726e-02
 1.097621694e-01 1.257193685e-01 1.408530474e-01 1.550891995e-01 1.683555096e-01
 4.859093577e-02 4.529912025e-02 3.982037306e-02 3.348262608e-02 2.685947530e-02
 1.992181316e-02 1.265822817e-02 5.062220618e-03-2.871976933e-03-1.115056779e-02
-1.976895519e-02-2.865911089e-02-3.774363920e-02-4.694880918e-02-5.620561168e-02
-6.545054913e-02-7.462609559e-02-8.368086815e-02-9.256950766e-02-1.012523323e-01
-1.096948609e-01-1.178670749e-01-1.257427484e-01-1.332985163e-01-1.405130625e-01
-1.473662108e-01-1.538379788e-01-1.599077433e-01-1.655533463e-01-1.707501858e-01
-1.754704863e-01-1.796823740e-01-1.833492219e-01-1.864289343e-01-1.888732612e-01
-1.906272918e-01-1.916290969e-01-1.918094754e-01-1.910920143e-01-1.893935800e-01
-1.866251528e-01-1.826933473e-01-1.775026917e-01-1.709589660e-01-1.629735678e-01
-1.534692794e-01-1.423875540e-01-1.296973228e-01-1.154051721e-01-9.956678748e-02
-8.229877800e-02-6.379008293e-02-4.431143031e-02-2.422102541e-02-3.964417148e-03
 1.571278647e-02 3.480080888e-02 5.328082293e-02 7.112482190e-02 8.829610795e-02
 1.047502235e-01 1.204367056e-01 1.353013963e-01 1.492895037e-01 1.623492539e-01
 4.762598127e-02 4.415443167e-02 3.905144334e-02 3.300605714e-02 2.651182935e-02
 1.965058595e-02 1.244039275e-02 4.885225091e-03-3.016128903e-03-1.126747206e-02
-1.986196265e-02-2.873105742e-02-3.779726848e-02-4.698671028e-02-5.623023212e-02
-6.546419114e-02-7.463095337e-02-8.367898315e-02-9.256281704e-02-1.012426689e-01
-1.096839234e-01-1.178564951e-01-1.257340610e-01-1.332931966e-01-1.405125409e-01
-1.473718584e-01-1.538511962e-01-1.599299461e-01-1.655859649e-01-1.707947403e-01
-1.755285263e-01-1.797556430e-01-1.834395677e-01-1.865383834e-01-1.890040040e-01
-1.907817572e-01-1.918099672e-01-1.920196563e-01-1.913347244e-01-1.896722913e-01
-1.869436204e-01-1.830555499e-01-1.779128760e-01-1.714214832e-01-1.634928286e-01
-1.540496051e-01-1.430329680e-01-1.304112971e-01-1.161903217e-01-1.004244536e-01
-8.322856575e-02-6.478926539e-02-4.537426308e-02-2.533805743e-02-5.121751223e-03
 1.450091600e-02 3.352021426e-02 5.191801116e-02 6.966779381e-02 8.673518896e-02
 1.030791253e-01 1.186535060e-01 1.334095001e-01 1.472983807e-01 1.602746695e-01
 4.812051728e-02 4.478661343e-02 3.942944482e-02 3.325473145e-02 2.675706893e-02
 1.992133446e-02 1.274394151e-02 5.223020911e-03-2.644141903e-03-1.086162589e-02
-1.942400821e-02-2.826470695e-02-3.730577603e-02-4.647294804e-02-5.569669977e-02
-6.491304189e-02-7.406396419e-02-8.309758455e-02-9.196808189e-02-1.006353348e-01
-1.090643853e-01-1.172248349e-01-1.250900179e-01-1.326362044e-01-1.398417503e-01
-1.466861069e-01-1.531490386e-01-1.592096239e-01-1.648454815e-01-1.700317860e-01
-1.747405827e-01-1.789398491e-01-1.825928539e-01-1.856574118e-01-1.880852580e-01
-1.898214966e-01-1.908042580e-01-1.909644902e-01-1.902260333e-01-1.885060519e-01
-1.857159585e-01-1.817629188e-01-1.765522361e-01-1.699905097e-01-1.619902253e-01
-1.524754167e-01-1.413889676e-01-1.287014335e-01-1.144212410e-01-9.860597551e-02
-8.137428761e-02-6.291720271e-02-4.350753129e-02-2.350541018e-02-3.357492620e-03
 1.621100679e-02 3.519222513e-02 5.356857181e-02 7.131282985e-02 8.838884532e-02
 1.047526598e-01 1.203543097e-01 1.351401657e-01 1.490560472e-01 1.620507538e-01
 4.883770272e-02 4.555681348e-02 4.022734985e-02 3.404462337e-02 2.754703537e-02
 2.072505280e-02 1.357115060e-02 6.080317777e-03-1.751393196e-03-9.927759878e-03
-1.845268160e-02-2.725880034e-02-3.626832366e-02-4.540670291e-02-5.460396782e-02
-6.379558891e-02-7.292302698e-02-8.193384111e-02-9.078166634e-02-9.942582250e-02
-1.078308299e-01-1.159657240e-01-1.238033101e-01-1.313193291e-01-1.384915411e-01
-1.452988684e-01-1.517204940e-01-1.577349454e-01-1.633192003e-01-1.684478670e-01
-1.730923206e-01-1.772199571e-01-1.807934046e-01-1.837698221e-01-1.861003041e-01
-1.877294034e-01-1.885946989e-01-1.886267066e-01-1.877489388e-01-1.858784556e-01
-1.829267740e-01-1.788015366e-01-1.734088808e-01-1.666569114e-01-1.584601253e-01
-1.487454772e-01-1.374596655e-01-1.245780960e-01-1.101152226e-01-9.413596243e-02
-7.676764578e-02-5.821149424e-02-3.875254840e-02-1.876673102e-02 1.275083981e-03
 2.078360692e-02 3.975596279e-02 5.817449093e-02 7.600872964e-02 9.321639687e-02
 1.097443849e-01 1.255301684e-01 1.405043155e-01 1.545941681e-01 1.677287668e-01
 5.003545806e-02 4.683499783e-02 4.145342112e-02 3.530141711e-02 2.883029729e-02
 2.203232422e-02 1.490392629e-02 7.442612667e-03-3.538663150e-04-8.488260210e-03
-1.696439832e-02-2.572690137e-02-3.469665349e-02-4.379811138e-02-5.296045542e-02
-6.211840361e-02-7.121267915e-02-8.019015193e-02-8.900374174e-02-9.761206806e-02
-1.059789062e-01-1.140725836e-01-1.218651533e-01-1.293315589e-01-1.364488006e-01
-1.431949884e-01-1.495484561e-01-1.554868370e-01-1.609862298e-01-1.660203189e-01
-1.705595106e-01-1.745702326e-01-1.780141145e-01-1.808473170e-01-1.830200106e-01
-1.844757944e-01-1.851514429e-01-1.849768311e-01-1.838750094e-01-1.817629039e-01
-1.785522997e-01-1.741516888e-01-1.684687436e-01-1.614139080e-01-1.529052109e-01
-1.428742409e-01-1.312738359e-01-1.180871129e-01-1.033378020e-01-8.710168302e-02
-6.951816380e-02-5.080107599e-02-3.124661744e-02-1.123540290e-02 8.608098142e-03
 2.803455293e-02 4.702881351e-02 6.556580216e-02 8.360806853e-02 1.011038646e-01
 1.179857031e-01 1.341698617e-01 1.495578587e-01 1.640405059e-01 1.775055081e-01
 5.149304494e-02 4.837529361e-02 4.315643758e-02 3.705485165e-02 3.061451763e-02
 2.383829281e-02 1.672966965e-02 9.292047471e-03 1.527536311e-03-6.563695613e-03
-1.498370711e-02-2.369428240e-02-3.261496127e-02-4.166919738e-02-5.078536272e-02
-5.989742279e-02-6.894536316e-02-7.787530124e-02-8.663938195e-02-9.519540519e-02
-1.035063043e-01-1.115394905e-01-1.192660853e-01-1.266600639e-01-1.336973906e-01
-1.403551251e-01-1.466104686e-01-1.524399221e-01-1.578184068e-01-1.627183259e-01
-1.671088934e-01-1.709551811e-01-1.742175370e-01-1.768508703e-01-1.788041145e-01
-1.800197512e-01-1.804336309e-01-1.799748689e-01-1.785661876e-01-1.761246026e-01
-1.725626737e-01-1.677904427e-01-1.617181599e-01-1.542601585e-01-1.453397423e-01
-1.348956376e-01-1.228896901e-01-1.093160212e-01-9.421144426e-02-7.766669989e-02
-5.983795226e-02-4.095800221e-02-2.134713531e-02-1.425782451e-03 1.822275296e-02
 3.759202734e-02 5.666780844e-02 7.542599738e-02 9.382899851e-02 1.118209511e-01
 1.293221861e-01 1.462237835e-01 1.623839736e-01 1.776298136e-01 1.917680204e-01
 5.357521772e-02 5.057705194e-02 4.543452337e-02 3.936783969e-02 3.293338418e-02
 2.614964545e-02 1.903402060e-02 1.159973443e-02 3.854941577e-03-4.196750000e-03
-1.255546790e-02-2.120484412e-02-3.006426059e-02-3.905695677e-02-4.811097682e-02
-5.715985224e-02-6.614300609e-02-7.500590384e-02-8.369990438e-02-9.218194336e-02
-1.004140079e-01-1.083624586e-01-1.159973145e-01-1.232913807e-01-1.302193701e-01
-1.367570162e-01-1.428801864e-01-1.485639662e-01-1.537817717e-01-1.585045159e-01
-1.626998633e-01-1.663313508e-01-1.693578064e-01-1.717326641e-01-1.734034717e-01
-1.743116081e-01-1.743919402e-01-1.735731065e-01-1.717778742e-01-1.689239293e-01
-1.649255157e-01-1.596954167e-01-1.531481296e-01-1.452039331e-01-1.357941031e-01
-1.248675883e-01-1.123989001e-01-9.839732200e-02-8.291690797e-02-6.606681645e-02
-4.802052304e-02-2.902197652e-02-9.384756908e-03 1.017278153e-02 2.962563746e-02
 4.896384850e-02 6.818073243e-02 8.726559579e-02 1.061970294e-01 1.249346584e-01
 1.434075087e-01 1.614976674e-01 1.790192723e-01 1.956994385e-01 2.111810893e-01
 5.645027384e-02 5.362592638e-02 4.845081642e-02 4.234906659e-02 3.582915291e-02
 2.895658836e-02 2.177437581e-02 1.430490520e-02 6.558550056e-03-1.461316017e-03
-9.755590931e-03-1.832772419e-02-2.710658684e-02-3.601615876e-02-4.498476535e-02
-5.394588038e-02-6.283861399e-02-7.160789520e-02-8.020434529e-02-8.858401328e-02
-9.670784324e-02-1.045410559e-01-1.120523736e-01-1.192132309e-01-1.259968877e-01
-1.323775500e-01-1.383294314e-01-1.438259780e-01-1.488388777e-01-1.533372849e-01
-1.572871208e-01-1.606501639e-01-1.633835882e-01-1.654393077e-01-1.667635292e-01
-1.672965586e-01-1.669727415e-01-1.657206416e-01-1.634637415e-01-1.601215899e-01
-1.556113809e-01-1.498505473e-01-1.427601278e-01-1.342691183e-01-1.243202016e-01
-1.128766015e-01-9.993024170e-02-8.551108092e-02-6.969723105e-02-5.262537673e-02
-3.450083733e-02-1.560656447e-02 3.688662313e-03 2.295580320e-02 4.223180562e-02
 6.154479086e-02 8.092073351e-02 1.003846750e-01 1.199585870e-01 1.396558136e-01
 1.594697684e-01 1.793513149e-01 1.991611868e-01 2.185653448e-01 2.368616462e-01
 6.060656533e-02 5.822394788e-02 5.276926607e-02 4.614094645e-02 3.925988451e-02
 3.215237334e-02 2.482694015e-02 1.728414930e-02 9.520788677e-03 1.531324349e-03
-6.691572256e-03-1.515700389e-02-2.382480353e-02-3.261947632e-02-4.146977887e-02
-5.030934885e-02-5.907715484e-02-6.771766394e-02-7.618083805e-02-8.442177624e-02
-9.240030497e-02-1.000803709e-01-1.074292585e-01-1.144168451e-01-1.210147142e-01
-1.271952987e-01-1.329310089e-01-1.381933391e-01-1.429520696e-01-1.471744478e-01
-1.508243978e-01-1.538619548e-01-1.562425792e-01-1.579167098e-01-1.588294655e-01
-1.589205116e-01-1.581241339e-01-1.563697606e-01-1.535828412e-01-1.496861130e-01
-1.446018219e-01-1.382544637e-01-1.305745095e-01-1.215032935e-01-1.109988838e-01
-9.904325008e-02-8.565046638e-02-7.087583840e-02-5.482549965e-02-3.766573220e-02
-1.963104866e-02-1.029684790e-03 1.768148132e-02 3.651699424e-02 5.550719798e-02
 7.469393313e-02 9.413061291e-02 1.138838381e-01 1.340356916e-01 1.546865106e-01
 1.759582460e-01 1.979998201e-01 2.210002244e-01 2.452464104e-01 2.707365155e-01
 6.531770527e-02 6.350558996e-02 5.742981285e-02 5.008380488e-02 4.277567938e-02
 3.541366383e-02 2.794552781e-02 2.034063637e-02 1.257842965e-02 4.643045831e-03
-3.479261184e-03-1.180142164e-02-2.031757496e-02-2.895484120e-02-3.764334694e-02
-4.631732032e-02-5.491578579e-02-6.338287145e-02-7.166783512e-02-7.972483337e-02
-8.751249313e-02-9.499333799e-02-1.021330804e-01-1.088998690e-01-1.152634099e-01
-1.211941838e-01-1.266625524e-01-1.316379309e-01-1.360880136e-01-1.399779618e-01
-1.432697922e-01-1.459216774e-01-1.478875726e-01-1.491167098e-01-1.495535374e-01
-1.491377354e-01-1.478045285e-01-1.454854012e-01-1.421093047e-01-1.376043707e-01
-1.319003254e-01-1.249317825e-01-1.166423485e-01-1.069897488e-01-9.595207870e-02
-8.353492618e-02-6.977938861e-02-5.477060005e-02-3.864637762e-02-2.160496451e-02
-3.910816740e-03 1.396512333e-02 3.203757852e-02 5.033219978e-02 6.888850033e-02
 8.776225895e-02 1.070290357e-01 1.267893761e-01 1.471764445e-01 1.683670431e-01
 1.905981749e-01 2.141918689e-01 2.395943701e-01 2.674324512e-01 2.972629070e-01
 6.844268739e-02 6.687887013e-02 6.068621203e-02 5.323871598e-02 4.581228644e-02
 3.836179525e-02 3.085262887e-02 2.325673215e-02 1.555168070e-02 7.718965877e-03
-2.575027465e-04-8.392443880e-03-1.669977792e-02-2.512389235e-02-3.359552473e-02
-4.204915091e-02-5.042371154e-02-5.866291746e-02-6.671529263e-02-7.453399897e-02
-8.207637072e-02-8.930344135e-02-9.617920965e-02-1.026699394e-01-1.087433398e-01
-1.143677533e-01-1.195113808e-01-1.241414323e-01-1.282234192e-01-1.317204386e-01
-1.345926076e-01-1.367965043e-01-1.382848024e-01-1.390060782e-01-1.389048100e-01
-1.379216760e-01-1.359940618e-01-1.330572069e-01-1.290456355e-01-1.238953918e-01
-1.175467595e-01-1.099480465e-01-1.010600924e-01-9.086170048e-02-7.935601473e-02
-6.657744944e-02-5.259893090e-02-3.753917664e-02-2.157030255e-02-4.923882429e-03
 1.194533985e-02 2.904459834e-02 4.638990387e-02 6.400836259e-02 8.194102347e-02
 1.002464816e-01 1.190056130e-01 1.383283287e-01 1.583631635e-01 1.793109924e-01
 2.014446408e-01 2.251354456e-01 2.508842647e-01 2.793420553e-01 3.098590374e-01
 7.023660839e-02 6.881643832e-02 6.294105202e-02 5.558075383e-02 4.820581153e-02
 4.080684483e-02 3.336575627e-02 2.586474270e-02 1.828723587e-02 1.061786246e-02
 2.842013957e-03-5.054733250e-03-1.308731921e-02-2.123390138e-02-2.942477353e-02
-3.759435192e-02-4.568142071e-02-5.362928659e-02-6.138579547e-02-6.890309602e-02
-7.613726705e-02-8.304779232e-02-8.959690481e-02-9.574893117e-02-1.014694646e-01
-1.067246795e-01-1.114805192e-01-1.157019734e-01-1.193524301e-01-1.223930493e-01
-1.247822568e-01-1.264753640e-01-1.274243891e-01-1.275779307e-01-1.268815398e-01
-1.252781451e-01-1.227090061e-01-1.191151068e-01-1.144390628e-01-1.086276695e-01
-1.016352102e-01-9.342753887e-02-8.398700505e-02-7.331821322e-02-6.145453081e-02
-4.846480116e-02-3.445907310e-02-1.959024556e-02-4.064294975e-03 1.171111688e-02
 2.773251198e-02 4.400213808e-02 6.052971631e-02 7.733446360e-02 9.444744885e-02
 1.119145676e-01 1.298003197e-01 1.481929272e-01 1.672113240e-01 1.870155334e-01
 2.078222781e-01 2.299318314e-01 2.537806034e-01 2.800612450e-01 3.075546324e-01
 7.148326933e-02 7.023371011e-02 6.442125887e-02 5.719093606e-02 4.994949326e-02
 4.268621281e-02 3.539138287e-02 2.805558406e-02 2.066928521e-02 1.322243735e-02
 5.704263225e-03-1.896761358e-03-9.592683986e-03-1.739537716e-02-2.523649484e-02
-3.305181116e-02-4.078059271e-02-4.836612195e-02-5.575578660e-02-6.290092319e-02
-6.975646317e-02-7.628042996e-02-8.243335038e-02-8.817762136e-02-9.347678721e-02
-9.829483926e-02-1.025955677e-01-1.063418686e-01-1.094951779e-01-1.120150089e-01
-1.138585508e-01-1.149804592e-01-1.153328121e-01-1.148653552e-01-1.135259494e-01
-1.112614647e-01-1.080189869e-01-1.037476361e-01-9.840084612e-02-9.193936735e-02
-8.433488011e-02-7.557439804e-02-6.566540897e-02-5.464180931e-02-4.257087409e-02
-2.956260741e-02-1.578243077e-02-1.399694942e-03 1.325896848e-02 2.817929164e-02
 4.334877059e-02 5.875882506e-02 7.440628111e-02 9.029463679e-02 1.064354032e-01
 1.228494346e-01 1.395683438e-01 1.566359252e-01 1.741091311e-01 1.920585632e-01
 2.105671465e-01 2.297245562e-01 2.496082634e-01 2.701920271e-01 2.903885543e-01
 7.195508480e-02 7.085090876e-02 6.514711678e-02 5.810306221e-02 5.105109513e-02
 4.397501796e-02 3.687433898e-02 2.975055575e-02 2.260287292e-02 1.542726438e-02
 8.216758259e-03 9.619287448e-04-6.348799914e-03-1.372932177e-02-2.114495263e-02
-2.853023075e-02-3.582439944e-02-4.297082871e-02-4.991677776e-02-5.661306530e-02
-6.301374733e-02-6.907560676e-02-7.475767285e-02-8.002059162e-02-8.482599258e-02
-8.913592994e-02-9.291224182e-02-9.611602873e-02-9.870719910e-02-1.006441191e-01
-1.018834040e-01-1.023799032e-01-1.020868793e-01-1.009564847e-01-9.894058108e-02
-9.599185735e-02-9.206552804e-02-8.712144196e-02-8.112682402e-02-7.405956089e-02
-6.591209769e-02-5.669577047e-02-4.644529521e-02-3.522326052e-02-2.312128805e-02
-1.026601251e-02 2.926363144e-03 1.646987349e-02 3.031634539e-02 4.442992806e-02
 5.878157169e-02 7.334689796e-02 8.810549974e-02 1.030408591e-01 1.181403250e-01
 1.333949715e-01 1.487989128e-01 1.643475145e-01 1.800338030e-01 1.958415955e-01
 2.117327899e-01 2.276239395e-01 2.433433235e-01 2.585505843e-01 2.726023793e-01
 7.136492431e-02 7.029663771e-02 6.507071853e-02 5.837273225e-02 5.155026540e-02
 4.466599971e-02 3.776574880e-02 3.087174147e-02 2.399204299e-02 1.712642051e-02
 1.026953291e-02 3.412816208e-03-3.454267280e-03-1.034317259e-02-1.726478897e-02
-2.414488234e-02-3.092613630e-02-3.755370155e-02-4.397563264e-02-5.014289916e-02
-5.600915477e-02-6.153037772e-02-6.666442752e-02-7.137054205e-02-7.560883462e-02
-7.933975011e-02-8.252365142e-02-8.512037247e-02-8.708891273e-02-8.838727325e-02
-8.897244930e-02-8.880061656e-02-8.782759309e-02-8.600957692e-02-8.330426365e-02
-7.967238128e-02-7.507964969e-02-6.949930638e-02-6.291522831e-02-5.532560498e-02
-4.674711823e-02-3.721976653e-02-2.681042440e-02-1.562610269e-02-3.779213177e-03
 8.438233286e-03 2.100128680e-02 3.388361260e-02 4.705031216e-02 6.046403199e-02
 7.408697158e-02 8.788156509e-02 1.018106639e-01 1.158375815e-01 1.299259365e-01
 1.440391243e-01 1.581390202e-01 1.721837670e-01 1.861235797e-01 1.998943686e-01
 2.134077996e-01 2.265377492e-01 2.391040176e-01 2.508599758e-01 2.615008056e-01
 7.141953707e-02 7.082363218e-02 6.533762813e-02 5.840254575e-02 5.153285339e-02
 4.471440613e-02 3.796781227e-02 3.130050749e-02 2.471115068e-02 1.819310524e-02
 1.173650566e-02 5.329517648e-03-1.040928299e-03-7.388875354e-03-1.372974645e-02
-2.002264000e-02-2.620976418e-02-3.223716468e-02-3.805385903e-02-4.361138120e-02
-4.886350781e-02-5.376590788e-02-5.827578902e-02-6.235151365e-02-6.595218927e-02
-6.903731823e-02-7.156643271e-02-7.349888235e-02-7.479369640e-02-7.540957630e-02
-7.530511171e-02-7.443924993e-02-7.277198881e-02-7.026542723e-02-6.688521802e-02
-6.260232627e-02-5.739531294e-02-5.125297606e-02-4.417786375e-02-3.619035333e-02
-2.733175643e-02-1.767576113e-02-7.291063666e-03 3.535329364e-03 1.481189951e-02
 2.648902871e-02 3.852386773e-02 5.087494478e-02 6.349886954e-02 7.634958625e-02
 8.937826008e-02 1.025333405e-01 1.157607362e-01 1.290040165e-01 1.422046423e-01
 1.553020775e-01 1.682335287e-01 1.809330583e-01 1.933296621e-01 2.053445131e-01
 2.168868780e-01 2.278500348e-01 2.381087095e-01 2.475207150e-01 2.559363544e-01
 7.088702917e-02 7.068600506e-02 6.502433866e-02 5.766739696e-02 5.062636361e-02
 4.383337498e-02 3.724688292e-02 3.083931468e-02 2.458865382e-02 1.847512275e-02
 1.248018816e-02 6.586364470e-03 7.772972458e-04-4.962075967e-03-1.064511202e-02
-1.628228277e-02-2.180023305e-02-2.715008520e-02-3.228370845e-02-3.715431690e-02
-4.171658680e-02-4.592657462e-02-4.974152520e-02-5.311963335e-02-5.601979420e-02
-5.840136856e-02-6.022405624e-02-6.144777685e-02-6.203278527e-02-6.193985417e-02
-6.113070995e-02-5.956869945e-02-5.721979588e-02-5.405403301e-02-5.004719272e-02
-4.518286139e-02-3.945481777e-02-3.286836669e-02-2.544491366e-02-1.723111048e-02
-8.267362602e-03 1.194144483e-03 1.117120963e-02 2.162352763e-02 3.251813725e-02
 4.381689057e-02 5.547842383e-02 6.745793670e-02 7.970624417e-02 9.216894209e-02
 1.047859117e-01 1.174910143e-01 1.302122772e-01 1.428724676e-01 1.553902775e-01
 1.676817685e-01 1.796621978e-01 1.912476271e-01 2.023562640e-01 2.129089236e-01
 2.228289545e-01 2.320418656e-01 2.404752225e-01 2.480601519e-01 2.547347248e-01
 6.809210777e-02 6.797597557e-02 6.244038045e-02 5.513771623e-02 4.819580168e-02
 4.159229249e-02 3.528827429e-02 2.924595028e-02 2.343074605e-02 1.781191491e-02
 1.236255374e-02 7.059375755e-03 1.882343437e-03-3.185803536e-03-8.160201833e-03
-1.305499207e-02-1.782623865e-02-2.242472582e-02-2.680365555e-02-3.091774695e-02
-3.472296149e-02-3.817635775e-02-4.123598710e-02-4.386075959e-02-4.601033032e-02
-4.764505103e-02-4.872594401e-02-4.921486974e-02-4.907480255e-02-4.827027768e-02
-4.676795006e-02-4.453725740e-02-4.155181348e-02-3.779137880e-02-3.324407339e-02
-2.790806629e-02-2.179949172e-02-1.493644156e-02-7.339844014e-03 7.942179218e-04
 9.486968629e-03 1.870876923e-02 2.843773551e-02 3.864717856e-02 4.930734262e-02
 6.038430706e-02 7.183916867e-02 8.362704515e-02 9.569580108e-02 1.079847068e-01
 1.204231679e-01 1.329299510e-01 1.454128772e-01 1.577698439e-01 1.698909700e-01
 1.816622913e-01 1.929707974e-01 2.037100196e-01 2.137854397e-01 2.231186181e-01
 2.316497564e-01 2.393380404e-01 2.461603582e-01 2.521090508e-01 2.571892142e-01
 6.342893839e-02 6.338961422e-02 5.767667666e-02 5.054235458e-02 4.389281943e-02
 3.767210990e-02 3.182919323e-02 2.631214820e-02 2.107350528e-02 1.607250422e-02
 1.127544884e-02 6.655154750e-03 2.190084662e-03-2.136518713e-03-6.337298546e-03
-1.042103302e-02-1.439192705e-02-1.818133146e-02-2.174787968e-02-2.504952066e-02
-2.804452553e-02-3.069188446e-02-3.295144066e-02-3.478393331e-02-3.615104407e-02
-3.701541573e-02-3.734081611e-02-3.709246963e-02-3.623779491e-02-3.474726155e-02
-3.259508312e-02-2.975807898e-02-2.621783502e-02-2.196433768e-02-1.700147428e-02
-1.132424921e-02-5.037833937e-03 1.819651574e-03 9.259984829e-03 1.726040430e-02
 2.580752969e-02 3.488554806e-02 4.447750375e-02 5.456401035e-02 6.512241066e-02
 7.612560689e-02 8.754070103e-02 9.932712466e-02 1.114345267e-01 1.238001511e-01
 1.363461167e-01 1.489767879e-01 1.615768969e-01 1.740114540e-01 1.861284524e-01
 1.977654696e-01 2.087603062e-01 2.189640850e-01 2.282543927e-01 2.365455925e-01
 2.437943816e-01 2.499999106e-01 2.551985681e-01 2.594545186e-01 2.628479898e-01
 5.584990978e-02 5.565300584e-02 5.031406134e-02 4.355254024e-02 3.742304072e-02
 3.183496371e-02 2.669202536e-02 2.191180922e-02 1.742907055e-02 1.319421176e-02
 9.170412086e-03 5.330803804e-03 1.656179200e-03-1.866793027e-03-5.246951710e-03
-8.489854634e-03-1.159925666e-02-1.452954486e-02-1.724072360e-02-1.969132014e-02
-2.184149437e-02-2.365275472e-02-2.508777753e-02-2.611043490e-02-2.668595873e-02
-2.678111568e-02-2.636369132e-02-2.540318482e-02-2.387233637e-02-2.175004780e-02
-1.902768388e-02-1.568833552e-02-1.171615161e-02-7.100268267e-03-1.949174562e-03
 3.766544396e-03 1.004472468e-02 1.687934995e-02 2.426741645e-02 3.220323846e-02
 4.068089649e-02 4.969378561e-02 5.923430994e-02 6.929326802e-02 7.985896617e-02
 9.091596305e-02 1.024433672e-01 1.144124717e-01 1.267835200e-01 1.395014822e-01
 1.524906307e-01 1.656481177e-01 1.788370013e-01 1.918805391e-01 2.045610696e-01
 2.166283429e-01 2.278207541e-01 2.378973216e-01 2.466702014e-01 2.540278435e-01
 2.599452734e-01 2.644828260e-01 2.677739859e-01 2.700011730e-01 2.713630795e-01
 4.515819252e-02 4.466850683e-02 3.963531181e-02 3.361840174e-02 2.846719511e-02
 2.393137477e-02 1.983275265e-02 1.605820283e-02 1.253664214e-02 9.223163128e-03
 6.089446135e-03 3.118047956e-03 2.989761706e-04-2.372385468e-03-4.896500148e-03
-7.270305883e-03-9.487293661e-03-1.153680217e-02-1.338004973e-02-1.496653073e-02
-1.626084000e-02-1.722922735e-02-1.783894002e-02-1.805839501e-02-1.785817556e-02
-1.721378043e-02-1.609788463e-02-1.448281482e-02-1.234089490e-02-9.642618708e-03
-6.475040223e-03-2.800531918e-03 1.400993438e-03 6.136205047e-03 1.139682997e-02
 1.718414016e-02 2.349981293e-02 3.034561872e-02 3.772394732e-02 4.563747719e-02
 5.408933014e-02 6.308307499e-02 7.262261957e-02 8.271186799e-02 9.335421771e-02
 1.045516282e-01 1.163031533e-01 1.286026835e-01 1.414354146e-01 1.547724903e-01
 1.685630232e-01 1.827223003e-01 1.971148700e-01 2.115319520e-01 2.256663293e-01
 2.391009331e-01 2.513456345e-01 2.619369030e-01 2.705398500e-01 2.769888043e-01
 2.812855542e-01 2.835949063e-01 2.842381895e-01 2.836497724e-01 2.822736204e-01
 2.948100679e-02 2.807385288e-02 2.400558814e-02 2.014275827e-02 1.699201576e-02
 1.415778324e-02 1.151429955e-02 9.010422975e-03 6.624563131e-03 4.349021707e-03
 2.183410339e-03 1.315589470e-04-1.800013590e-03-3.602812998e-03-5.266596097e-03
-6.779241376e-03-8.126281202e-03-9.290052578e-03-1.024837885e-02-1.097904611e-02
-1.142774057e-02-1.156976633e-02-1.137851924e-02-1.082590129e-02-9.881101549e-03
-8.558769710e-03-6.831207313e-03-4.676530603e-03-2.077922458e-03 9.747439181e-04
 4.479589406e-03 8.444251493e-03 1.287756674e-02 1.778662205e-02 2.317649871e-02
 2.905299328e-02 3.542278707e-02 4.229360446e-02 4.967444390e-02 5.757578462e-02
 6.600979716e-02 7.499065250e-02 8.453471214e-02 9.466083348e-02 1.053904593e-01
 1.167476848e-01 1.287589371e-01 1.414521486e-01 1.548548639e-01 1.689906418e-01
 1.838722676e-01 1.994897723e-01 2.157887220e-01 2.326298952e-01 2.497065067e-01
 2.663635314e-01 2.814071178e-01 2.936522067e-01 3.025619090e-01 3.079975545e-01
 3.100084960e-01 3.088351190e-01 3.050692379e-01 2.998753488e-01 2.944800854e-01
 7.994973101e-03 4.012594000e-03 4.174320959e-03 4.683986306e-03 4.319728818e-03
 3.523523686e-03 2.493561246e-03 1.336994465e-03 1.217911486e-04-1.103838906e-03
-2.302960260e-03-3.445659531e-03-4.506609868e-03-5.463485606e-03-6.295793690e-03
-6.983931642e-03-7.508353330e-03-7.848832756e-03-7.983850315e-03-7.890294306e-03
-7.542097010e-03-6.916145794e-03-5.991152488e-03-4.747624043e-03-3.168776166e-03
-1.243238337e-03 1.042587450e-03 3.701772774e-03 6.745650899e-03 1.018326171e-02
 1.402157918e-02 1.826807112e-02 2.293074317e-02 2.801793069e-02 3.353842348e-02
 3.950200230e-02 4.591985792e-02 5.280491710e-02 6.017220020e-02 6.803920120e-02
 7.642633468e-02 8.535749465e-02 9.486079216e-02 1.049694121e-01 1.157227755e-01
 1.271678954e-01 1.393611133e-01 1.523700655e-01 1.662759334e-01 1.811754555e-01
 1.971823722e-01 2.144270539e-01 2.330532819e-01 2.532133758e-01 2.750761509e-01
 2.989399433e-01 3.203609884e-01 3.351909518e-01 3.444556892e-01 3.486896753e-01
 3.474299908e-01 3.410976827e-01 3.290057182e-01 3.152261078e-01 3.048451245e-01
-6.883237977e-03-1.168667991e-02-1.058920566e-02-8.432075381e-03-7.144758478e-03
-6.477165502e-03-6.232303567e-03-6.265459117e-03-6.470531691e-03-6.768141408e-03
-7.097419817e-03-7.410517894e-03-7.668851409e-03-7.840436883e-03-7.897943258e-03
-7.817240432e-03-7.576319855e-03-7.154501509e-03-6.531911902e-03-5.689238198e-03
-4.607777111e-03-3.270203248e-03-1.660808688e-03 2.343547822e-04 2.427346073e-03
 4.928373266e-03 7.746727671e-03 1.089089364e-02 1.436854899e-02 1.818670519e-02
 2.235209942e-02 2.687187493e-02 3.175401688e-02 3.700767457e-02 4.264348373e-02
 4.867388308e-02 5.511344597e-02 6.197921187e-02 6.929101795e-02 7.707192749e-02
 8.534877002e-02 9.415290505e-02 1.035212502e-01 1.134976372e-01 1.241348088e-01
 1.354970187e-01 1.476637274e-01 1.607346833e-01 1.748369783e-01 1.901348382e-01
 2.068429887e-01 2.252436131e-01 2.457052916e-01 2.686989605e-01 2.948068976e-01
 3.226871789e-01 3.441101611e-01 3.589067459e-01 3.674446940e-01 3.694527745e-01
 3.651187420e-01 3.534917235e-01 3.357900977e-01 3.205916882e-01 3.084357977e-01
-1.704152115e-02-2.225597203e-02-2.094845101e-02-1.835422963e-02-1.642246544e-02
-1.502144337e-02-1.402320713e-02-1.331128553e-02-1.278677583e-02-1.236875542e-02
-1.199215278e-02-1.160483900e-02-1.116475929e-02-1.063746773e-02-9.994153865e-03
-9.210155345e-03-8.263891563e-03-7.136137225e-03-5.809574388e-03-4.268571734e-03
-2.499132184e-03-4.889843403e-04 1.772368792e-03 4.293664359e-03 7.081976626e-03
 1.014293544e-02 1.348109357e-02 1.710028201e-02 2.100397646e-02 2.519571967e-02
 2.967963926e-02 3.446098790e-02 3.954666108e-02 4.494560882e-02 5.066922307e-02
 5.673157796e-02 6.314966828e-02 6.994357705e-02 7.713667303e-02 8.475586027e-02
 9.283205122e-02 1.014007553e-01 1.105031297e-01 1.201874018e-01 1.305109560e-01
 1.415433586e-01 1.533706039e-01 1.661013514e-01 1.798762530e-01 1.948822886e-01
 2.113755047e-01 2.297183871e-01 2.504404187e-01 2.743139267e-01 3.021589220e-01
 3.268083930e-01 3.454824388e-01 3.582154214e-01 3.648275435e-01 3.652828932e-01
 3.584982455e-01 3.438737690e-01 3.280248940e-01 3.148514330e-01 3.038294017e-01
-2.361294627e-02-2.910733968e-02-2.824486047e-02-2.569843084e-02-2.366445959e-02
-2.205189317e-02-2.075329237e-02-1.966831833e-02-1.871066913e-02-1.780975610e-02
-1.690932363e-02-1.596477255e-02-1.494035870e-02-1.380678453e-02-1.253941469e-02
-1.111706905e-02-9.521305561e-03-7.736039814e-03-5.747399759e-03-3.543695668e-03
-1.115434803e-03 1.544665312e-03 4.441721831e-03 7.578804623e-03 1.095713768e-02
 1.457639504e-02 1.843509451e-02 2.253106982e-02 2.686205693e-02 3.142634779e-02
 3.622351587e-02 4.125518724e-02 4.652570933e-02 5.204273015e-02 5.781754851e-02
 6.386531889e-02 7.020503283e-02 7.685935497e-02 8.385446668e-02 9.121990949e-02
 9.898859262e-02 1.071970239e-01 1.158859208e-01 1.251010895e-01 1.348949373e-01
 1.453284621e-01 1.564741284e-01 1.684199423e-01 1.812749952e-01 1.951780021e-01
 2.103102207e-01 2.269179523e-01 2.453578264e-01 2.662348151e-01 2.884947956e-01
 3.072430491e-01 3.217247725e-01 3.316810131e-01 3.370155096e-01 3.369897008e-01
 3.313426673e-01 3.206906915e-01 3.104710579e-01 3.011675477e-01 2.928187549e-01
-2.787182853e-02-3.374479711e-02-3.309788182e-02-3.093240224e-02-2.923527919e-02
-2.785007097e-02-2.664247341e-02-2.550874092e-02-2.437482961e-02-2.318990231e-02
-2.191896364e-02-2.053670026e-02-1.902315393e-02-1.736102439e-02-1.553433295e-02
-1.352803782e-02-1.132821105e-02-8.922513574e-03-6.300718989e-03-3.455139464e-03
-3.808983020e-04 2.923990600e-03 6.458703429e-03 1.021980774e-02 1.420154981e-02
 1.839620620e-02 2.279453166e-02 2.738633752e-02 3.216125816e-02 3.710974380e-02
 4.222419113e-02 4.750020802e-02 5.293773115e-02 5.854190513e-02 6.432358176e-02
 7.029928267e-02 7.649077475e-02 8.292428404e-02 8.962956816e-02 9.663899243e-02
 1.039868295e-01 1.117088497e-01 1.198421717e-01 1.284254789e-01 1.374993920e-01
 1.471069902e-01 1.572942287e-01 1.681100726e-01 1.796056181e-01 1.918311268e-01
 2.048280835e-01 2.186094820e-01 2.331117988e-01 2.480875552e-01 2.628249228e-01
 2.759017348e-01 2.865107059e-01 2.942306995e-01 2.987936437e-01 3.000673354e-01
 2.981707156e-01 2.941284180e-01 2.890899479e-01 2.836747468e-01 2.782528698e-01
-2.907153592e-02-3.533042222e-02-3.547201306e-02-3.432541713e-02-3.359193355e-02
-3.294846043e-02-3.220783547e-02-3.128147125e-02-3.013979457e-02-2.878217399e-02
-2.721827105e-02-2.545786649e-02-2.350606956e-02-2.136192657e-02-1.901911385e-02
-1.646775007e-02-1.369659696e-02-1.069518737e-02-7.455506362e-03-3.973127343e-03
-2.477511880e-04 3.716762876e-03 7.912707515e-03 1.232898235e-02 1.695152372e-02
 2.176363766e-02 2.674630657e-02 3.187864274e-02 3.713872284e-02 4.250502214e-02
 4.795836657e-02 5.348429084e-02 5.907529220e-02 6.473258138e-02 7.046689838e-02
 7.629816234e-02 8.225418627e-02 8.836849034e-02 9.467791021e-02 1.012203619e-01
 1.080330387e-01 1.151512712e-01 1.226079091e-01 1.304329783e-01 1.386533529e-01
 1.472923607e-01 1.563685238e-01 1.658934355e-01 1.758677065e-01 1.862739027e-01
 1.970647126e-01 2.081439346e-01 2.193386704e-01 2.303670049e-01 2.408251464e-01
 2.502429187e-01 2.581966519e-01 2.643814981e-01 2.686308026e-01 2.709303498e-01
 2.714413702e-01 2.704907656e-01 2.684799731e-01 2.657774985e-01 2.626727819e-01
-2.567050047e-02-3.186230361e-02-3.470449522e-02-3.640781716e-02-3.776872158e-02
-3.846564516e-02-3.843078390e-02-3.775713965e-02-3.656843305e-02-3.497547284e-02
-3.306439519e-02-3.089392558e-02-2.849682420e-02-2.588419616e-02-2.305160090e-02
-1.998562738e-02-1.666988060e-02-1.308973227e-02-9.235625155e-03-5.104900803e-03
-7.022532518e-04 3.960965667e-03 8.868109435e-03 1.399863046e-02 1.932895184e-02
 2.483251691e-02 3.047920763e-02 3.623469919e-02 4.206058756e-02 4.791615158e-02
 5.376203731e-02 5.956535414e-02 6.530497968e-02 7.097559422e-02 7.658950984e-02
 8.217575401e-02 8.777666837e-02 9.344249219e-02 9.922564775e-02 1.051758230e-01
 1.113369688e-01 1.177457497e-01 1.244313419e-01 1.314155012e-01 1.387126148e-01
 1.463293731e-01 1.542635411e-01 1.625017822e-01 1.710162610e-01 1.797595918e-01
 1.886580735e-01 1.976040751e-01 2.064489871e-01 2.150014043e-01 2.230358869e-01
 2.303159237e-01 2.366255969e-01 2.417994142e-01 2.457429618e-01 2.484437674e-01
 2.499715388e-01 2.504645884e-01 2.501029074e-01 2.490771264e-01 2.475642860e-01
-2.139143832e-02-2.782313712e-02-3.387616202e-02-3.972811624e-02-4.499787092e-02
-4.675729573e-02-4.688611999e-02-4.593854398e-02-4.426244274e-02-4.210004583e-02
-3.961696848e-02-3.691207245e-02-3.402660042e-02-3.095842339e-02-2.767916024e-02
-2.414957993e-02-2.033115737e-02-1.619378664e-02-1.172050182e-02-6.909695920e-03
-1.774644828e-03 3.659696784e-03 9.361710399e-03 1.529784501e-02 2.143498324e-02
 2.773952112e-02 3.417361528e-02 4.069008678e-02 4.722831771e-02 5.371459946e-02
 6.006960943e-02 6.622190773e-02 7.212198526e-02 7.775202394e-02 8.313004673e-02
 8.830836415e-02 9.336526692e-02 9.839063138e-02 1.034704521e-01 1.086766124e-01
 1.140633747e-01 1.196685135e-01 1.255159080e-01 1.316179931e-01 1.379774064e-01
 1.445875019e-01 1.514321417e-01 1.584845334e-01 1.657053381e-01 1.730403900e-01
 1.804181784e-01 1.877480298e-01 1.949198395e-01 2.018069178e-01 2.082727700e-01
 2.141820192e-01 2.194134444e-01 2.238729447e-01 2.275033444e-01 2.302897125e-01
 2.322590500e-01 2.334743589e-01 2.340243459e-01 2.340112329e-01 2.335394919e-01
-1.912932843e-02-2.639702894e-02-3.430940583e-02-4.327510297e-02-5.317945033e-02
-5.870299041e-02-5.888053402e-02-5.643488839e-02-5.339628831e-02-5.005913973e-02
-4.665047303e-02-4.327763617e-02-3.992870077e-02-3.651769832e-02-3.293374926e-02
-2.907173336e-02-2.484596707e-02-2.019584365e-02-1.508993562e-02-9.530009702e-03
-3.551454982e-03 2.785581164e-03 9.414356202e-03 1.627899893e-02 2.334126271e-02
 3.057578392e-02 3.795790300e-02 4.544627666e-02 5.296127126e-02 6.036799401e-02
 6.748955697e-02 7.415946573e-02 8.026710898e-02 8.577041328e-02 9.069813788e-02
 9.515613317e-02 9.931915998e-02 1.033822969e-01 1.075023487e-01 1.117793992e-01
 1.162688062e-01 1.209970713e-01 1.259728372e-01 1.311930269e-01 1.366459578e-01
 1.423125714e-01 1.481665820e-01 1.541740000e-01 1.602922678e-01 1.664694548e-01
 1.726436466e-01 1.787430048e-01 1.846870333e-01 1.903891563e-01 1.957610250e-01
 2.007180154e-01 2.051855773e-01 2.091051340e-01 2.124387473e-01 2.151716202e-01
 2.173122019e-01 2.188896835e-01 2.199496180e-01 2.205485553e-01 2.207483947e-01
-1.629125886e-02-2.376482636e-02-3.218895942e-02-4.205539078e-02-5.375115946e-02
-6.258459389e-02-6.719261408e-02-6.740062684e-02-6.318946183e-02-5.778148025e-02
-5.308829248e-02-4.918612912e-02-4.575795680e-02-4.243266582e-02-3.891833127e-02
-3.501296416e-02-3.057503514e-02-2.550306544e-02-1.973421313e-02-1.326387748e-02
-6.180057302e-03 1.337506459e-03 9.107749909e-03 1.703304797e-02 2.509649284e-02
 3.332756087e-02 4.177481681e-02 5.048285425e-02 5.945058912e-02 6.848610193e-02
 7.700437307e-02 8.454717696e-02 9.096837044e-02 9.621737897e-02 1.002905741e-01
 1.033047363e-01 1.057607681e-01 1.082933545e-01 1.111299470e-01 1.143123657e-01
 1.178334132e-01 1.216710880e-01 1.257987916e-01 1.301881671e-01 1.348094940e-01
 1.396310478e-01 1.446182728e-01 1.497329473e-01 1.549324393e-01 1.601692438e-01
 1.653909385e-01 1.705405712e-01 1.755578667e-01 1.803809255e-01 1.849488467e-01
 1.892046928e-01 1.930986345e-01 1.965909749e-01 1.996543407e-01 2.022750974e-01
 2.044533640e-01 2.062020153e-01 2.075446993e-01 2.085131705e-01 2.091444582e-01
-1.200165320e-02-1.884361543e-02-2.637413703e-02-3.471006081e-02-4.385142401e-02
-5.357940122e-02-6.216726080e-02-6.657891721e-02-6.634241343e-02-6.107151508e-02
-5.601667240e-02-5.310729519e-02-5.112729594e-02-4.888743907e-02-4.608474299e-02
-4.257789254e-02-3.824596852e-02-3.295654058e-02-2.655347809e-02-1.886367612e-02
-9.824257344e-03-3.258172655e-04 8.884540759e-03 1.787286624e-02 2.679849043e-02
 3.583130985e-02 4.515328631e-02 5.497938767e-02 6.560248882e-02 7.743326575e-02
 8.801725507e-02 9.658075869e-02 1.033909693e-01 1.083128005e-01 1.112812459e-01
 1.120138168e-01 1.114353091e-01 1.121119410e-01 1.136407107e-01 1.158007383e-01
 1.184552610e-01 1.215116158e-01 1.249022931e-01 1.285742670e-01 1.324824691e-01
 1.365858018e-01 1.408445388e-01 1.452188194e-01 1.496675611e-01 1.541480571e-01
 1.586157680e-01 1.630247533e-01 1.673283577e-01 1.714803278e-01 1.754362732e-01
 1.791553348e-01 1.826018542e-01 1.857468933e-01 1.885694712e-01 1.910572201e-01
 1.932064742e-01 1.950218529e-01 1.965152323e-01 1.977044195e-01 1.986116469e-01
-6.496699061e-03-1.225692965e-02-1.841885224e-02-2.497764118e-02-3.184855357e-02
-3.885831311e-02-4.575731605e-02-5.224329233e-02-5.598237738e-02-5.384806171e-02
-5.133699626e-02-5.120570585e-02-5.194091797e-02-5.124076828e-02-4.941192269e-02
-4.653922841e-02-4.257187620e-02-3.738686442e-02-3.077023104e-02-2.231699601e-02
-1.128059067e-02 2.301976201e-05 1.007857546e-02 1.950936578e-02 2.869649418e-02
 3.791492060e-02 4.741124809e-02 5.745682493e-02 6.839992851e-02 8.062201738e-02
 9.156518430e-02 1.003030986e-01 1.070790216e-01 1.118215322e-01 1.143954396e-01
 1.144725904e-01 1.131789833e-01 1.131799147e-01 1.141120121e-01 1.157162562e-01
 1.178293303e-01 1.203454658e-01 1.231910810e-01 1.263099462e-01 1.296550632e-01
 1.331843436e-01 1.368583292e-01 1.406387985e-01 1.444880068e-01 1.483682543e-01
 1.522418261e-01 1.560711414e-01 1.598191410e-01 1.634500027e-01 1.669299901e-01
 1.702282876e-01 1.733179539e-01 1.761768013e-01 1.787879765e-01 1.811403632e-01
 1.832287014e-01 1.850532740e-01 1.866194457e-01 1.879369318e-01 1.890189648e-01
 0.193732429E+01 0.196295762E+01 0.197848713E+01 0.199563682E+01 0.201292968E+01
 0.203417802E+01 0.205045152E+01 0.206713843E+01 0.208375812E+01 0.210102177E+01
 0.211717987E+01 0.213411665E+01 0.215137839E+01 0.216796637E+01 0.218516374E+01
 0.220277667E+01 0.222037244E+01 0.223804903E+01 0.225618076E+01 0.227477837E+01
 0.229345560E+01 0.231262493E+01 0.233231616E+01 0.235256934E+01 0.237314701E+01
 0.239438891E+01 0.241631556E+01 0.243899107E+01 0.246235323E+01 0.248647165E+01
 0.251147556E+01 0.253753448E+01 0.256452560E+01 0.259257436E+01 0.262178874E+01
 0.265241313E+01 0.268440247E+01 0.271784949E+01 0.275286865E+01 0.278962803E+01
 0.282841444E+01 0.286924624E+01 0.291231942E+01 0.295786214E+01 0.300615287E+01
 0.305749178E+01 0.311211491E+01 0.317051935E+01 0.323301625E+01 0.330029702E+01
 0.337285924E+01 0.345147133E+01 0.353713703E+01 0.363076830E+01 0.373424721E+01
 0.384871411E+01 0.397745442E+01 0.412341976E+01 0.429202461E+01 0.449042320E+01
 0.473174810E+01 0.503810120E+01 0.545633984E+01 0.613548803E+01 0.103548613E+02
   89   86
 0.107905102E+01-0.500000007E-01 0.107995951E+01 0.500000007E-01 0.108585036E+01
 0.132500008E+00 0.109853077E+01 0.232500002E+00 0.110905445E+01 0.294815361E+00
 0.112645864E+01 0.382499993E+00 0.113853586E+01 0.438750416E+00 0.115589666E+01
 0.515420973E+00 0.117186093E+01 0.582500041E+00 0.118796206E+01 0.648270190E+00
 0.120737600E+01 0.724262238E+00 0.122353029E+01 0.782570362E+00 0.124311960E+01
 0.849300742E+00 0.126155412E+01 0.900783837E+00 0.128689337E+01 0.949999988E+00
 0.133539057E+01 0.994094908E+00 0.137921870E+01 0.100327313E+01 0.143234372E+01
 0.100131822E+01 0.148546875E+01 0.990348458E+00 0.152929688E+01 0.976251364E+00
 0.156966150E+01 0.961097777E+00 0.161828125E+01 0.940313041E+00 0.166210938E+01
 0.916892290E+00 0.169796872E+01 0.897533894E+00 0.174382460E+01 0.867500007E+00
 0.177765620E+01 0.845150352E+00 0.181354094E+01 0.817499995E+00 0.185734379E+01
 0.782599032E+00 0.188390625E+01 0.759043694E+00 0.192777538E+01 0.717499971E+00
 0.196359372E+01 0.681233525E+00 0.199015629E+01 0.651742280E+00 0.202042127E+01
 0.615880966E+00 0.205754137E+01 0.567499995E+00 0.208850884E+01 0.521946073E+00
 0.211653423E+01 0.475681514E+00 0.214252472E+01 0.427917361E+00 0.216678810E+01
 0.378398120E+00 0.218949938E+01 0.326785386E+00 0.221195316E+01 0.268350393E+00
 0.223750067E+01 0.186512291E+00 0.224988747E+01 0.135000005E+00 0.226022720E+01
 0.510758609E-01 0.226125216E+01-0.475000031E-01 0.225349998E+01-0.124326393E+00
 0.223348212E+01-0.215000004E+00 0.221818042E+01-0.265000015E+00 0.220016026E+01
-0.316745132E+00 0.217742181E+01-0.375209421E+00 0.215085936E+01-0.434805453E+00
 0.212447262E+01-0.487566411E+00 0.209802890E+01-0.534543693E+00 0.206845665E+01
-0.581164896E+00 0.203576255E+01-0.628090441E+00 0.200078130E+01-0.673842669E+00
 0.197421873E+01-0.706396520E+00 0.194555128E+01-0.739380002E+00 0.190542924E+01
-0.782500029E+00 0.186796880E+01-0.820454538E+00 0.184140623E+01-0.846100271E+00
 0.180040324E+01-0.882499993E+00 0.176171875E+01-0.915805340E+00 0.173515630E+01
-0.936595201E+00 0.168203127E+01-0.975310922E+00 0.165546882E+01-0.993474245E+00
 0.160319126E+01-0.102537918E+01 0.157578123E+01-0.104086447E+01 0.152265632E+01
-0.106786728E+01 0.147898638E+01-0.108653808E+01 0.144296873E+01-0.110202730E+01
 0.139551568E+01-0.111828995E+01 0.134601557E+01-0.113275504E+01 0.129289055E+01
-0.114395058E+01 0.125677252E+01-0.114994490E+01 0.123514390E+01-0.115352297E+01
 0.121547341E+01-0.108772957E+01 0.121295023E+01-0.101749992E+01 0.120610118E+01
-0.931551456E+00 0.119515455E+01-0.834999979E+00 0.118567860E+01-0.767499983E+00
 0.117167008E+01-0.685000002E+00 0.115952981E+01-0.617500007E+00 0.114410293E+01
-0.535000026E+00 0.113139844E+01-0.467500001E+00 0.111669743E+01-0.384999990E+00
 0.110525811E+01-0.317499995E+00 0.109383905E+01-0.235000014E+00 0.108389330E+01
-0.135000005E+00 0.107978022E+01-0.675000027E-01
 0.101600003E+01 0.000000000E+00 0.101600003E+01 0.963999987E+00 0.101600003E+01
 0.967999995E+00 0.101600003E+01 0.100100005E+01 0.101600003E+01 0.101900005E+01
 0.101600003E+01 0.107700002E+01 0.101600003E+01 0.107000005E+01 0.101600003E+01
 0.109599996E+01 0.101600003E+01 0.111300004E+01 0.101600003E+01 0.113800001E+01
 0.101600003E+01 0.114699996E+01 0.101199996E+01 0.116499996E+01 0.100100005E+01
 0.121700001E+01 0.102900004E+01 0.121700001E+01 0.104200006E+01 0.116240001E+01
 0.104600000E+01 0.116237998E+01 0.105599999E+01 0.116260004E+01 0.109700000E+01
 0.116450000E+01 0.110800004E+01 0.116594005E+01 0.111600006E+01 0.116591001E+01
 0.113399994E+01 0.116895998E+01 0.114800000E+01 0.117174995E+01 0.116199994E+01
 0.117556000E+01 0.118099999E+01 0.118299997E+01 0.118200004E+01 0.118350005E+01
 0.118499994E+01 0.118499994E+01 0.119000006E+01 0.118799996E+01 0.119500005E+01
 0.119099998E+01 0.120099998E+01 0.119599998E+01 0.120899999E+01 0.120200002E+01
 0.121500003E+01 0.120799994E+01 0.122200000E+01 0.121399999E+01 0.122800004E+01
 0.122099996E+01 0.123399997E+01 0.123099995E+01 0.123899996E+01 0.123800004E+01
 0.124199998E+01 0.124399996E+01 0.124800003E+01 0.125399995E+01 0.125800002E+01
 0.127800000E+01 0.126300001E+01 0.128999996E+01 0.127999997E+01 0.133099997E+01
 0.127999997E+01 0.134700000E+01 0.127999997E+01 0.134800005E+01 0.130999994E+01
 0.134800005E+01 0.132799995E+01 0.134800005E+01 0.136099994E+01 0.134800005E+01
 0.138000000E+01 0.134800005E+01 0.141900003E+01 0.134800005E+01 0.141900003E+01
 0.130999994E+01 0.137199998E+01 0.130999994E+01 0.137199998E+01 0.129200006E+01
 0.160800004E+01 0.109500003E+01 0.164699996E+01 0.107700002E+01 0.178499997E+01
 0.107700002E+01 0.206999993E+01 0.103999996E+01 0.212800002E+01 0.992999971E+00
 0.224499989E+01 0.708999991E+00 0.232299995E+01 0.518999994E+00 0.237700009E+01
 0.388999999E+00 0.236249995E+01 0.400000006E+00 0.236443496E+01 0.222000003E+00
 0.236496902E+01 0.133000001E+00 0.236532402E+01 0.439999998E-01 0.236512089E+01
-0.439999998E-01 0.236484194E+01-0.133000001E+00 0.236433411E+01-0.222000003E+00
 0.236249995E+01-0.400000006E+00 0.237700009E+01-0.388999999E+00 0.213400006E+01
-0.972999990E+00 0.178600001E+01-0.117400002E+01 0.176800001E+01-0.121099997E+01
 0.176800001E+01-0.125000000E+01 0.168200004E+01-0.125000000E+01 0.137199998E+01
-0.125000000E+01 0.137199998E+01-0.132900000E+01 0.141999996E+01-0.132900000E+01
 0.141999996E+01-0.136300004E+01 0.127300000E+01-0.136300004E+01 0.115300000E+01
-0.136300004E+01 0.101600003E+01-0.122300005E+01 0.101600003E+01-0.122300005E+01
 0.101600003E+01-0.829999983E+00 0.101600003E+01-0.800000012E+00 0.101600003E+01
-0.414999992E+00 0.101600003E+01-0.400000006E+00 0.101600003E+01-0.100000005E-02
 0.101600003E+01 0.000000000E+00
    0 0.169550002E+01    0
 0.000000000E+00 0.102118105E+00 0.144960925E+00 0.178023353E+00 0.206082031E+00
 0.229670435E+00 0.252380639E+00 0.273457348E+00 0.293073416E+00 0.311712384E+00
 0.329394788E+00 0.346264482E+00 0.362564445E+00 0.378233552E+00 0.393383265E+00
 0.408130854E+00 0.422465056E+00 0.436396956E+00 0.450049311E+00 0.463411391E+00
 0.476481944E+00 0.489309609E+00 0.501928210E+00 0.514345109E+00 0.526571810E+00
 0.538596094E+00 0.550500214E+00 0.562270463E+00 0.573878586E+00 0.585367918E+00
 0.596750736E+00 0.608043790E+00 0.619255066E+00 0.630374730E+00 0.641406476E+00
 0.652396500E+00 0.663332224E+00 0.674214661E+00 0.685062826E+00 0.695880473E+00
 0.706678271E+00 0.717460513E+00 0.728248477E+00 0.739028692E+00 0.749824345E+00
 0.760662675E+00 0.771512985E+00 0.782420039E+00 0.793373168E+00 0.804407775E+00
 0.815514922E+00 0.826721072E+00 0.838052690E+00 0.849504292E+00 0.861129403E+00
 0.872908950E+00 0.884929419E+00 0.897185624E+00 0.909750640E+00 0.922675490E+00
 0.936070979E+00 0.950044632E+00 0.964782357E+00 0.980797350E+00 0.100000000E+01
    0
