  EFITD    06/25/2013    #1553551244.0ms  EFIT01   0  65  65
 0.170000005E+01 0.320000005E+01 0.169550002E+01 0.839999974E+00 0.000000000E+00
 0.179156709E+01-0.119249206E-01-0.203704610E+00-0.123743657E-01 0.165711951E+01
 0.102056788E+07-0.203704610E+00 0.000000000E+00 0.179156709E+01 0.000000000E+00
-0.119249206E-01 0.000000000E+00-0.123743657E-01 0.000000000E+00 0.000000000E+00
 0.277846003E+01 0.277983737E+01 0.278117013E+01 0.278245926E+01 0.278370571E+01
 0.278490996E+01 0.278607345E+01 0.278719640E+01 0.278827953E+01 0.278932428E+01
 0.279033089E+01 0.279130006E+01 0.279223323E+01 0.279313087E+01 0.279399347E+01
 0.279482198E+01 0.279561734E+01 0.279638028E+01 0.279711127E+01 0.279781151E+01
 0.279848170E+01 0.279912257E+01 0.279973459E+01 0.280031896E+01 0.280087614E+01
 0.280140710E+01 0.280191255E+01 0.280239320E+01 0.280284977E+01 0.280328298E+01
 0.280369377E+01 0.280408287E+01 0.280445099E+01 0.280479884E+01 0.280512714E+01
 0.280543685E+01 0.280572867E+01 0.280600309E+01 0.280626106E+01 0.280650353E+01
 0.280673075E+01 0.280694389E+01 0.280714345E+01 0.280733061E+01 0.280750561E+01
 0.280766940E+01 0.280782247E+01 0.280796623E+01 0.280810094E+01 0.280822730E+01
 0.280834627E+01 0.280845857E+01 0.280856490E+01 0.280866599E+01 0.280876255E+01
 0.280885530E+01 0.280894518E+01 0.280903292E+01 0.280911899E+01 0.280920434E+01
 0.280928969E+01 0.280937576E+01 0.280946350E+01 0.280955338E+01 0.280964613E+01
 0.952173906E+05 0.927342578E+05 0.902827266E+05 0.878627969E+05 0.854744609E+05
 0.831177266E+05 0.807925859E+05 0.784990469E+05 0.762371094E+05 0.740067656E+05
 0.718080234E+05 0.696408828E+05 0.675053359E+05 0.654013867E+05 0.633290430E+05
 0.612882930E+05 0.592791406E+05 0.573015898E+05 0.553556367E+05 0.534412812E+05
 0.515585273E+05 0.497073672E+05 0.478878125E+05 0.460998516E+05 0.443434922E+05
 0.426187305E+05 0.409255664E+05 0.392640000E+05 0.376340352E+05 0.360356680E+05
 0.344688984E+05 0.329337305E+05 0.314301582E+05 0.299581855E+05 0.285178125E+05
 0.271090371E+05 0.257318613E+05 0.243862852E+05 0.230723047E+05 0.217899258E+05
 0.205391426E+05 0.193199590E+05 0.181323770E+05 0.169763906E+05 0.158520049E+05
 0.147592168E+05 0.136980273E+05 0.126684375E+05 0.116704453E+05 0.107040518E+05
 0.976925781E+04 0.886606250E+04 0.799446484E+04 0.715446680E+04 0.634606689E+04
 0.556926611E+04 0.482406396E+04 0.411046045E+04 0.342845581E+04 0.277804980E+04
 0.215924219E+04 0.157203369E+04 0.101642377E+04 0.492412537E+03 0.000000000E+00
 0.130149472E+01 0.126042843E+01 0.122006416E+01 0.118040228E+01 0.114144266E+01
 0.110318530E+01 0.106563020E+01 0.102877712E+01 0.992626488E+00 0.957177997E+00
 0.922431827E+00 0.888387799E+00 0.855046093E+00 0.822406590E+00 0.790469289E+00
 0.759234250E+00 0.728701472E+00 0.698870897E+00 0.669742584E+00 0.641316473E+00
 0.613592625E+00 0.586571038E+00 0.560251594E+00 0.534634471E+00 0.509719610E+00
 0.485506922E+00 0.461996496E+00 0.439188302E+00 0.417082340E+00 0.395678610E+00
 0.374977112E+00 0.354977906E+00 0.335680872E+00 0.317086101E+00 0.299193591E+00
 0.282003284E+00 0.265515208E+00 0.249729395E+00 0.234645814E+00 0.220264465E+00
 0.206585348E+00 0.193608478E+00 0.181333840E+00 0.169761434E+00 0.158891261E+00
 0.148723349E+00 0.139257655E+00 0.130494192E+00 0.122432984E+00 0.115074009E+00
 0.108417265E+00 0.102462754E+00 0.972104892E-01 0.926604569E-01 0.888126642E-01
 0.856671035E-01 0.832237899E-01 0.814827085E-01 0.804438591E-01 0.801072493E-01
 0.804728791E-01 0.815407410E-01 0.833108500E-01 0.857831836E-01 0.889577568E-01
-0.835969000E+06-0.825398000E+06-0.814827125E+06-0.804256125E+06-0.793685188E+06
-0.783114250E+06-0.772543312E+06-0.761972375E+06-0.751401438E+06-0.740830500E+06
-0.730259500E+06-0.719688562E+06-0.709117625E+06-0.698546688E+06-0.687975750E+06
-0.677404812E+06-0.666833812E+06-0.656262875E+06-0.645691938E+06-0.635121000E+06
-0.624550062E+06-0.613979062E+06-0.603408188E+06-0.592837188E+06-0.582266250E+06
-0.571695312E+06-0.561124375E+06-0.550553438E+06-0.539982500E+06-0.529411500E+06
-0.518840562E+06-0.508269625E+06-0.497698688E+06-0.487127750E+06-0.476556781E+06
-0.465985844E+06-0.455414906E+06-0.444843938E+06-0.434273000E+06-0.423702062E+06
-0.413131094E+06-0.402560156E+06-0.391989219E+06-0.381418250E+06-0.370847312E+06
-0.360276344E+06-0.349705406E+06-0.339134469E+06-0.328563500E+06-0.317992562E+06
-0.307421625E+06-0.296850688E+06-0.286279750E+06-0.275708781E+06-0.265137844E+06
-0.254566891E+06-0.243995938E+06-0.233425000E+06-0.222854047E+06-0.212283109E+06
-0.201712156E+06-0.191141203E+06-0.180570250E+06-0.169999297E+06-0.159428359E+06
 1.778775081e-02 1.516381837e-02 1.249811612e-02 9.749977849e-03 6.890388206e-03
 3.894919530e-03 7.293350063e-04-2.667231020e-03-6.302824710e-03-1.025662664e-02
-1.510403212e-02-2.155054174e-02-2.829891257e-02-3.271709383e-02-3.533090651e-02
-3.635458276e-02-3.583022580e-02-3.369585797e-02-2.975114807e-02-2.356664836e-02
-1.431139465e-02-4.621179309e-03 3.499963088e-03 1.074725576e-02 1.751282811e-02
 2.404178493e-02 3.051363863e-02 3.708560765e-02 4.392419755e-02 5.121009797e-02
 5.801899359e-02 6.405661255e-02 6.943288445e-02 7.409433275e-02 7.800699025e-02
 8.106303215e-02 8.362876624e-02 8.668912202e-02 9.010041505e-02 9.377752990e-02
 9.767102450e-02 1.017505974e-01 1.059942767e-01 1.103822663e-01 1.148938835e-01
 1.195064858e-01 1.241951063e-01 1.289325058e-01 1.336892098e-01 1.384337097e-01
 1.431327611e-01 1.477518529e-01 1.522558630e-01 1.566098630e-01 1.607801765e-01
 1.647354066e-01 1.684475988e-01 1.718931794e-01 1.750539094e-01 1.779173613e-01
 1.804772466e-01 1.827332377e-01 1.846906394e-01 1.863596737e-01 1.877545267e-01
 1.328321360e-02 1.037713327e-02 7.525849156e-03 4.696664866e-03 1.850722823e-03
-1.052474836e-03-3.992133774e-03-6.924378686e-03-9.915833361e-03-1.306974050e-02
-1.673591323e-02-2.102621458e-02-2.520474419e-02-2.825890109e-02-3.005405888e-02
-3.058338910e-02-2.982052229e-02-2.769786865e-02-2.410303615e-02-1.889490336e-02
-1.205708738e-02-4.632459488e-03 2.434246475e-03 9.148046374e-03 1.563273370e-02
 2.201538719e-02 2.841726504e-02 3.496291116e-02 4.179859161e-02 4.908603057e-02
 5.593784153e-02 6.205127016e-02 6.752594560e-02 7.234531641e-02 7.646694034e-02
 7.977717370e-02 8.267550915e-02 8.609806001e-02 8.991119266e-02 9.402914345e-02
 9.839893132e-02 1.029850319e-01 1.077607498e-01 1.127029583e-01 1.177890301e-01
 1.229948550e-01 1.282937825e-01 1.336559653e-01 1.390479505e-01 1.444327086e-01
 1.497697681e-01 1.550157666e-01 1.601252854e-01 1.650521457e-01 1.697509885e-01
 1.741790920e-01 1.782982945e-01 1.820767969e-01 1.854906976e-01 1.885249913e-01
 1.911739558e-01 1.934408844e-01 1.953372955e-01 1.968815923e-01 1.980974972e-01
 8.163630031e-03 5.069381092e-03 2.169369254e-03-5.790693103e-04-3.235632088e-03
-5.666317884e-03-7.895512506e-03-9.979939088e-03-1.196257025e-02-1.401474141e-02
-1.617423445e-02-1.832538098e-02-2.023749799e-02-2.164721489e-02-2.235284448e-02
-2.222763002e-02-2.119248919e-02-1.919832453e-02-1.622899249e-02-1.232742239e-02
-7.637749892e-03-2.407415304e-03 3.113583429e-03 8.771250956e-03 1.450677123e-02
 2.031771652e-02 2.622891590e-02 3.227508441e-02 3.848454729e-02 4.481682926e-02
 5.098037794e-02 5.678309873e-02 6.219612435e-02 6.721043587e-02 7.182071358e-02
 7.605035603e-02 8.013182878e-02 8.438899368e-02 8.888638020e-02 9.362477064e-02
 9.859409183e-02 1.037814021e-01 1.091723517e-01 1.147508919e-01 1.204984263e-01
 1.263929307e-01 1.324080825e-01 1.385124028e-01 1.446687281e-01 1.508337110e-01
 1.569577754e-01 1.629855633e-01 1.688569188e-01 1.745086908e-01 1.798772663e-01
 1.849016994e-01 1.895272285e-01 1.937085539e-01 1.974127740e-01 2.006212175e-01
 2.033300400e-01 2.055496722e-01 2.073029876e-01 2.086226940e-01 2.095483094e-01
 1.954717329e-03-1.312661567e-03-4.080439918e-03-6.413270719e-03-8.419783786e-03
-1.001017448e-02-1.127160061e-02-1.239654422e-02-1.349951793e-02-1.459347177e-02
-1.565008052e-02-1.659824327e-02-1.733213663e-02-1.773075759e-02-1.768006384e-02
-1.708741300e-02-1.588708349e-02-1.404229831e-02-1.154823788e-02-8.436211385e-03
-4.774210509e-03-6.568658282e-04 3.815663047e-03 8.558791131e-03 1.351323165e-02
 1.864271984e-02 2.392524295e-02 2.934152260e-02 3.486159816e-02 4.043250531e-02
 4.598113149e-02 5.143991113e-02 5.676770583e-02 6.195193902e-02 6.700789183e-02
 7.198323309e-02 7.695757598e-02 8.201904595e-02 8.723467588e-02 9.264411032e-02
 9.826751053e-02 1.041129902e-01 1.101808101e-01 1.164652109e-01 1.229550019e-01
 1.296332479e-01 1.364765167e-01 1.434540004e-01 1.505260766e-01 1.576434076e-01
 1.647458822e-01 1.717624366e-01 1.786118001e-01 1.852046996e-01 1.914478242e-01
 1.972494572e-01 2.025259435e-01 2.072084546e-01 2.112486660e-01 2.146224529e-01
 2.173309475e-01 2.193989605e-01 2.208709866e-01 2.218056321e-01 2.222695351e-01
-6.358062848e-03-9.982103482e-03-1.225235127e-02-1.348340139e-02-1.415508892e-02
-1.447948348e-02-1.469593123e-02-1.489560306e-02-1.511177607e-02-1.534046978e-02
-1.554982830e-02-1.568621770e-02-1.568084769e-02-1.545793843e-02-1.494338270e-02
-1.407221425e-02-1.279397961e-02-1.107619889e-02-8.906254545e-03-6.291649770e-03
-3.257910488e-03 1.563309052e-04 3.906294703e-03 7.947911508e-03 1.224232558e-02
 1.675708219e-02 2.146447450e-02 2.633827925e-02 3.135045618e-02 3.646976501e-02
 4.166395962e-02 4.690514877e-02 5.217552930e-02 5.747111887e-02 6.280323863e-02
 6.819780171e-02 7.369177788e-02 7.932657003e-02 8.514106274e-02 9.116706997e-02
 9.742816538e-02 1.039402708e-01 1.107125878e-01 1.177483276e-01 1.250447035e-01
 1.325924546e-01 1.403746903e-01 1.483651847e-01 1.565261185e-01 1.648052484e-01
 1.731331348e-01 1.814204752e-01 1.895570010e-01 1.974131167e-01 2.048454136e-01
 2.117068470e-01 2.178602517e-01 2.231926471e-01 2.276273072e-01 2.311316133e-01
 2.337189913e-01 2.354448587e-01 2.363971025e-01 2.366833538e-01 2.364180833e-01
-1.943270676e-02-2.498345822e-02-2.426989190e-02-2.208527364e-02-2.045986429e-02
-1.916258782e-02-1.812656969e-02-1.730812714e-02-1.666469127e-02-1.614865102e-02
-1.570599154e-02-1.527699269e-02-1.479832083e-02-1.420608349e-02-1.343937498e-02
-1.244376693e-02-1.117426343e-02-9.597380646e-03-7.692151237e-03-5.449975375e-03
-2.873334102e-03 2.649653470e-05 3.232336370e-03 6.723992061e-03 1.048052777e-02
 1.448156685e-02 1.870764978e-02 2.314000390e-02 2.776031196e-02 3.255101666e-02
 3.749646246e-02 4.258476198e-02 4.780975357e-02 5.317255482e-02 5.868212506e-02
 6.435481459e-02 7.021272182e-02 7.628135383e-02 8.258698881e-02 8.915462345e-02
 9.600655735e-02 1.031618118e-01 1.106358171e-01 1.184401438e-01 1.265821159e-01
 1.350638419e-01 1.438807100e-01 1.530189216e-01 1.624518335e-01 1.721349061e-01
 1.819988340e-01 1.919412911e-01 2.018187642e-01 2.114416063e-01 2.205786109e-01
 2.289758921e-01 2.363886684e-01 2.426151931e-01 2.475231588e-01 2.510654330e-01
 2.532849312e-01 2.543061376e-01 2.543110251e-01 2.535058558e-01 2.520911396e-01
-2.912790887e-02-3.577487543e-02-3.367328271e-02-2.907655761e-02-2.555297501e-02
-2.282863297e-02-2.070063353e-02-1.902950369e-02-1.770928316e-02-1.665123366e-02
-1.577586494e-02-1.500947028e-02-1.428274438e-02-1.353070419e-02-1.269335765e-02
-1.171694044e-02-1.055544615e-02-9.171781130e-03-7.538066711e-03-5.635160021e-03
-3.451827914e-03-9.836036479e-04 1.768594724e-03 4.799925722e-03 8.102999069e-03
 1.166899316e-02 1.548845135e-02 1.955183968e-02 2.385004796e-02 2.837499790e-02
 3.312041238e-02 3.808273748e-02 4.326197878e-02 4.866240919e-02 5.429281294e-02
 6.016635150e-02 6.629991531e-02 7.271326333e-02 7.942797989e-02 8.646654338e-02
 9.385164082e-02 1.016056985e-01 1.097506210e-01 1.183075607e-01 1.272966415e-01
 1.367362887e-01 1.466420889e-01 1.570246518e-01 1.678857654e-01 1.792119443e-01
 1.909636855e-01 2.030578405e-01 2.153412104e-01 2.275562584e-01 2.393147498e-01
 2.501246333e-01 2.594975829e-01 2.670518756e-01 2.725497186e-01 2.759108245e-01
 2.772348225e-01 2.768124938e-01 2.750613987e-01 2.724037170e-01 2.691889703e-01
-3.302503005e-02-4.000359774e-02-3.725996614e-02-3.195533529e-02-2.766782418e-02
-2.423936687e-02-2.152711526e-02-1.939880662e-02-1.773642004e-02-1.643499546e-02
-1.540058386e-02-1.454994176e-02-1.380804833e-02-1.310664043e-02-1.238258649e-02
-1.157789305e-02-1.064209454e-02-9.534215555e-03-8.221894503e-03-6.679177284e-03
-4.885953385e-03-2.827616641e-03-4.945789697e-04 2.118473407e-03 5.013655871e-03
 8.191049099e-03 1.164950058e-02 1.538722496e-02 1.940236986e-02 2.369363420e-02
 2.826086991e-02 3.310567141e-02 3.823191300e-02 4.364614934e-02 4.935788736e-02
 5.537961796e-02 6.172670424e-02 6.841714680e-02 7.547130436e-02 8.291167021e-02
 9.076276422e-02 9.905115515e-02 1.078057215e-01 1.170579642e-01 1.268425584e-01
 1.371978372e-01 1.481662840e-01 1.597946733e-01 1.721335500e-01 1.852348596e-01
 1.991457045e-01 2.138927132e-01 2.294442207e-01 2.456215024e-01 2.619093955e-01
 2.769674659e-01 2.895978391e-01 2.992451191e-01 3.055606782e-01 3.083443642e-01
 3.075892627e-01 3.039424419e-01 2.988108099e-01 2.930293679e-01 2.870997488e-01
-3.186688945e-02-3.881183639e-02-3.617779538e-02-3.077938594e-02-2.636968903e-02
-2.284630202e-02-2.008842863e-02-1.797121949e-02-1.637545042e-02-1.519045699e-02
-1.431082841e-02-1.365390141e-02-1.314505469e-02-1.271913294e-02-1.231041271e-02
-1.184878964e-02-1.127314568e-02-1.054250821e-02-9.628520347e-03-8.500969037e-03
-7.132615894e-03-5.500944331e-03-3.588913241e-03-1.385172247e-03 1.117617358e-03
 3.925556783e-03 7.043720689e-03 1.047610398e-02 1.422602870e-02 1.829686947e-02
 2.269255742e-02 2.741800807e-02 3.247955814e-02 3.788532689e-02 4.364552349e-02
 4.977263138e-02 5.628155917e-02 6.318975240e-02 7.051736116e-02 7.828739285e-02
 8.652609587e-02 9.526347369e-02 1.045340821e-01 1.143780723e-01 1.248427480e-01
 1.359845549e-01 1.478718817e-01 1.605887860e-01 1.742404103e-01 1.889606267e-01
 2.049237639e-01 2.223639637e-01 2.416115403e-01 2.631825209e-01 2.875205576e-01
 3.095292449e-01 3.269623220e-01 3.396919966e-01 3.474465311e-01 3.496085703e-01
 3.459875286e-01 3.356597126e-01 3.242011964e-01 3.136592507e-01 3.041433692e-01
-2.632652968e-02-3.308929130e-02-3.068630025e-02-2.555973642e-02-2.152214572e-02
-1.844622754e-02-1.617157273e-02-1.455109939e-02-1.345949247e-02-1.279632654e-02
-1.238617580e-02-1.220172271e-02-1.216508821e-02-1.225059386e-02-1.240351051e-02
-1.249465812e-02-1.241402794e-02-1.214866340e-02-1.172597054e-02-1.109448448e-02
-1.021402143e-02-9.051923640e-03-7.583379745e-03-5.797305610e-03-3.691150807e-03
-1.253595226e-03 1.526813256e-03 4.658383317e-03 8.147046901e-03 1.199907996e-02
 1.622103900e-02 2.081966959e-02 2.580253594e-02 3.117842786e-02 3.695766628e-02
 4.315238073e-02 4.977679625e-02 5.684752762e-02 6.438393146e-02 7.240853459e-02
 8.094767481e-02 9.003226459e-02 9.969895333e-02 1.099916473e-01 1.209636256e-01
 1.326804608e-01 1.452240795e-01 1.586987376e-01 1.732396185e-01 1.890260130e-01
 2.063019872e-01 2.254100293e-01 2.468466014e-01 2.713436782e-01 2.999138832e-01
 3.292108178e-01 3.519829214e-01 3.681368232e-01 3.778111935e-01 3.808993697e-01
 3.764460087e-01 3.639003038e-01 3.455889821e-01 3.301380575e-01 3.172229826e-01
-1.623662002e-02-2.277884074e-02-2.022860758e-02-1.587866992e-02-1.292426419e-02
-1.098353043e-02-9.793431498e-03-9.169293568e-03-8.977941237e-03-9.117240086e-03
-9.500369430e-03-1.006743871e-02-1.076846011e-02-1.156459656e-02-1.241967455e-02
-1.321011316e-02-1.384473965e-02-1.429382153e-02-1.453124546e-02-1.452200860e-02
-1.422709227e-02-1.360316202e-02-1.259761397e-02-1.121877600e-02-9.530193172e-03
-7.484413218e-03-5.052110646e-03-2.223538933e-03 1.000160701e-03 4.628411960e-03
 8.670745417e-03 1.313354168e-02 1.802420802e-02 2.335125208e-02 2.912418731e-02
 3.535394371e-02 4.205315933e-02 4.923656210e-02 5.692134425e-02 6.512767822e-02
 7.387930900e-02 8.320447057e-02 9.313693643e-02 1.037175059e-01 1.149959788e-01
 1.270337850e-01 1.399075240e-01 1.537139565e-01 1.685767323e-01 1.846559495e-01
 2.021610439e-01 2.213679403e-01 2.426393628e-01 2.664444149e-01 2.933710515e-01
 3.239444494e-01 3.499822021e-01 3.687162101e-01 3.804015815e-01 3.851188421e-01
 3.830483258e-01 3.732238412e-01 3.554572463e-01 3.372722864e-01 3.227453232e-01
 1.824360806e-03-3.422922222e-03-2.736341674e-03-1.111229649e-03-6.639661733e-04
-8.323980146e-04-1.403185423e-03-2.267395845e-03-3.356598550e-03-4.621026572e-03
-6.021010689e-03-7.524910383e-03-9.106539190e-03-1.074428204e-02-1.242042519e-02
-1.397570595e-02-1.536919549e-02-1.656444743e-02-1.752694696e-02-1.822170988e-02
-1.861326583e-02-1.866659895e-02-1.834957488e-02-1.763937809e-02-1.651653834e-02
-1.494478714e-02-1.287303865e-02-1.032184623e-02-7.375426590e-03-3.983813804e-03
-1.230399357e-04 4.198038951e-03 8.986553177e-03 1.425104775e-02 1.999896020e-02
 2.623901330e-02 3.298113123e-02 4.023689032e-02 4.801977798e-02 5.634552240e-02
 6.523261219e-02 7.470294088e-02 8.478263021e-02 9.550301731e-02 1.069018170e-01
 1.190246716e-01 1.319268197e-01 1.456752568e-01 1.603510529e-01 1.760518104e-01
 1.928935051e-01 2.110111266e-01 2.305563688e-01 2.516924441e-01 2.745933235e-01
 2.994990349e-01 3.249483407e-01 3.432946503e-01 3.554706872e-01 3.619679213e-01
 3.625688851e-01 3.577422798e-01 3.466939330e-01 3.308978379e-01 3.182553649e-01
 2.755690925e-02 2.570197918e-02 2.105264179e-02 1.677444950e-02 1.347478852e-02
 1.059348136e-02 7.907956839e-03 5.315593444e-03 2.764772391e-03 2.290178090e-04
-2.304525580e-03-4.841077607e-03-7.381412666e-03-9.923700243e-03-1.246451680e-02
-1.485226490e-02-1.705479808e-02-1.903925650e-02-2.077237330e-02-2.222043835e-02
-2.334954962e-02-2.412613668e-02-2.451775409e-02-2.449372783e-02-2.402418107e-02
-2.307848819e-02-2.162797935e-02-1.965375245e-02-1.713919453e-02-1.404526830e-02
-1.031114720e-02-6.134326570e-03-1.455812017e-03 3.741968190e-03 9.455926716e-03
 1.569293439e-02 2.245876007e-02 2.976098470e-02 3.760835528e-02 4.601052403e-02
 5.497854948e-02 6.452535093e-02 7.466614991e-02 8.541885763e-02 9.680431336e-02
 1.088464260e-01 1.215720549e-01 1.350103170e-01 1.491911560e-01 1.641421467e-01
 1.798828095e-01 1.964140087e-01 2.136991918e-01 2.316299528e-01 2.499584705e-01
 2.681501508e-01 2.851250470e-01 2.994609773e-01 3.103065193e-01 3.173917532e-01
 3.207041323e-01 3.204175830e-01 3.170002699e-01 3.114804327e-01 3.053072393e-01
 4.567521811e-02 4.484225065e-02 3.860015795e-02 3.186772764e-02 2.617090009e-02
 2.119227499e-02 1.670298912e-02 1.254783757e-02 8.623505943e-03 4.860884510e-03
 1.213302603e-03-2.350975759e-03-5.853555631e-03-9.309014305e-03-1.272691414e-02
-1.596462727e-02-1.899484545e-02-2.178812772e-02-2.431344055e-02-2.653856948e-02
-2.843047306e-02-2.995567955e-02-3.108066507e-02-3.177214414e-02-3.199717775e-02
-3.172335401e-02-3.091952950e-02-2.955664508e-02-2.760681510e-02-2.504211292e-02
-2.183927223e-02-1.799249649e-02-1.346160658e-02-8.295325562e-03-2.616028767e-03
 3.620773088e-03 1.040637866e-02 1.774682105e-02 2.564703487e-02 3.410892934e-02
 4.313455522e-02 5.272640288e-02 6.288754940e-02 7.362154871e-02 8.493188024e-02
 9.682111442e-02 1.092895418e-01 1.223330572e-01 1.359398812e-01 1.500856280e-01
 1.647258401e-01 1.797848642e-01 1.951398104e-01 2.105981708e-01 2.258705944e-01
 2.405493110e-01 2.541233301e-01 2.660641074e-01 2.759468555e-01 2.835226953e-01
 2.887277901e-01 2.916770577e-01 2.926606536e-01 2.921175361e-01 2.905457318e-01
 5.722163990e-02 5.664861202e-02 5.037050694e-02 4.279094562e-02 3.594245389e-02
 2.971440926e-02 2.398382500e-02 1.864167303e-02 1.359857153e-02 8.784168400e-03
 4.144222941e-03-3.626396356e-04-4.767818376e-03-9.095073678e-03-1.336234063e-02
-1.743111759e-02-2.127666585e-02-2.487160079e-02-2.818639576e-02-3.118981607e-02
-3.384927288e-02-3.613116965e-02-3.800120205e-02-3.942462429e-02-4.036654159e-02
-4.079219699e-02-4.066735879e-02-3.995875642e-02-3.863439709e-02-3.666415438e-02
-3.402108699e-02-3.068275563e-02-2.662933245e-02-2.185193636e-02-1.634053327e-02
-1.004849933e-02-3.240697552e-03 4.143807106e-03 1.211290155e-02 2.064942941e-02
 2.974540927e-02 3.939227015e-02 4.958147183e-02 6.030384824e-02 7.154837996e-02
 8.330076933e-02 9.554163367e-02 1.082442030e-01 1.213711947e-01 1.348706484e-01
 1.486705691e-01 1.626723260e-01 1.767431349e-01 1.907091439e-01 2.043515891e-01
 2.174114883e-01 2.296071649e-01 2.406656444e-01 2.503592968e-01 2.585358620e-01
 2.651348710e-01 2.701909840e-01 2.738254070e-01 2.762243152e-01 2.776058912e-01
 6.531228125e-02 6.486358494e-02 5.831367522e-02 5.032050610e-02 4.287791625e-02
 3.592855856e-02 2.940341644e-02 2.323197573e-02 1.734903827e-02 1.169774495e-02
 6.230251398e-03 9.071654640e-04-4.303554073e-03-9.427864105e-03-1.448693778e-02
-1.934028976e-02-2.396354452e-02-2.832981758e-02-3.241002187e-02-3.617315367e-02
-3.958661482e-02-4.261645675e-02-4.522765428e-02-4.738435522e-02-4.905013740e-02
-5.018829927e-02-5.076218396e-02-5.073557422e-02-5.007315800e-02-4.874112085e-02
-4.670794681e-02-4.394522309e-02-4.042850807e-02-3.613879904e-02-3.106297553e-02
-2.519642375e-02-1.855900139e-02-1.113402657e-02-3.011937486e-03 5.649418570e-03
 1.486683078e-02 2.461847290e-02 3.488637879e-02 4.565294459e-02 5.689749494e-02
 6.859479100e-02 8.071358502e-02 9.321489185e-02 1.060498729e-01 1.191572472e-01
 1.324604601e-01 1.458646059e-01 1.592542082e-01 1.724920571e-01 1.854209602e-01
 1.978692859e-01 2.096609175e-01 2.206288427e-01 2.306299508e-01 2.395577431e-01
 2.473506480e-01 2.539945245e-01 2.595191896e-01 2.639897168e-01 2.674942315e-01
 7.048241049e-02 7.003978640e-02 6.327756494e-02 5.508233234e-02 4.734090343e-02
 3.999417648e-02 3.298630193e-02 2.626419067e-02 1.977967098e-02 1.349001657e-02
 7.357948925e-03 1.351432060e-03-4.556686617e-03-1.038923953e-02-1.616591774e-02
-2.173944190e-02-2.708475478e-02-3.217450902e-02-3.697916493e-02-4.146726429e-02
-4.560564458e-02-4.935971648e-02-5.269364640e-02-5.557054654e-02-5.795271695e-02
-5.980185792e-02-6.107934564e-02-6.174656749e-02-6.176536530e-02-6.109851599e-02
-5.971039832e-02-5.756774917e-02-5.464053899e-02-5.090306699e-02-4.633513093e-02
-4.092353210e-02-3.466367722e-02-2.755722776e-02-1.962138526e-02-1.087378245e-02
-1.437559957e-03 8.500785567e-03 1.892642491e-02 2.982537635e-02 4.117242619e-02
 5.293627083e-02 6.507956237e-02 7.755834609e-02 9.032105654e-02 1.033072248e-01
 1.164461523e-01 1.296558082e-01 1.428422779e-01 1.559002995e-01 1.687150151e-01
 1.811654717e-01 1.931295991e-01 2.044902146e-01 2.151412666e-01 2.249930948e-01
 2.339760959e-01 2.420423329e-01 2.491649538e-01 2.553362250e-01 2.605648041e-01
 7.271453738e-02 7.211149484e-02 6.557738036e-02 5.743035674e-02 4.965872690e-02
 4.217499495e-02 3.492164984e-02 2.786005288e-02 2.095924132e-02 1.419178769e-02
 7.532679010e-03 9.592995630e-04-5.547932815e-03-1.200400107e-02-1.841535792e-02
-2.463292703e-02-3.063251078e-02-3.638582677e-02-4.186202586e-02-4.702838510e-02
-5.185062811e-02-5.629314482e-02-6.031910703e-02-6.389060616e-02-6.696879119e-02
-6.951400638e-02-7.148598880e-02-7.284417748e-02-7.354798913e-02-7.355728000e-02
-7.283287495e-02-7.133722305e-02-6.903520972e-02-6.589509547e-02-6.188958511e-02
-5.699709803e-02-5.120303482e-02-4.450101405e-02-3.689491376e-02-2.839958668e-02
-1.904429868e-02-8.849945851e-03 1.798390644e-03 1.293290965e-02 2.450530417e-02
 3.647783026e-02 4.880883172e-02 6.145283580e-02 7.436001301e-02 8.747538924e-02
 1.007381007e-01 1.140809134e-01 1.274300814e-01 1.407057494e-01 1.538229287e-01
 1.666929573e-01 1.792254150e-01 1.913300455e-01 2.029184252e-01 2.139051706e-01
 2.242082804e-01 2.337493598e-01 2.424539030e-01 2.502529323e-01 2.570863664e-01
 7.231017947e-02 7.122762501e-02 6.515266001e-02 5.770269409e-02 5.025608093e-02
 4.285136238e-02 3.551463783e-02 2.825222723e-02 2.106015757e-02 1.392872166e-02
 6.844850723e-03-2.066579473e-04-7.242933381e-03-1.428437419e-02-2.121176757e-02
-2.798298933e-02-3.456141427e-02-4.091216251e-02-4.700051248e-02-5.279123783e-02
-5.824831501e-02-6.333479285e-02-6.801273674e-02-7.224319875e-02-7.598630339e-02
-7.920124382e-02-8.184643835e-02-8.387970924e-02-8.525849879e-02-8.594022691e-02
-8.588271588e-02-8.504475653e-02-8.338683099e-02-8.087190986e-02-7.746652514e-02
-7.314196974e-02-6.787569821e-02-6.165298820e-02-5.446895957e-02-4.633095488e-02
-3.726173937e-02-2.730366029e-02-1.653168909e-02-4.976310302e-03 6.966800429e-03
 1.930504851e-02 3.199202567e-02 4.498270154e-02 5.823174492e-02 7.169226557e-02
 8.531504124e-02 9.904798865e-02 1.128360778e-01 1.266213208e-01 1.403429806e-01
 1.539376676e-01 1.673392504e-01 1.804780960e-01 1.932795793e-01 2.056614310e-01
 2.175301015e-01 2.287769169e-01 2.392756045e-01 2.488841563e-01 2.574540377e-01
 7.153648138e-02 7.009306550e-02 6.432816386e-02 5.719548091e-02 4.991671070e-02
 4.255035892e-02 3.514517471e-02 2.772618085e-02 2.030309662e-02 1.287645847e-02
 5.441238638e-03-2.010847442e-03-9.489620104e-03-1.700458489e-02-2.441489510e-02
-3.168655559e-02-3.878425434e-02-4.567213356e-02-5.231394619e-02-5.867293850e-02
-6.471175700e-02-7.039230317e-02-7.567568123e-02-8.052204549e-02-8.489066362e-02
-8.873980492e-02-9.202685207e-02-9.470833838e-02-9.674014151e-02-9.807770699e-02
-9.867639840e-02-9.849193692e-02-9.748102725e-02-9.560211003e-02-9.281626344e-02
-8.908838034e-02-8.438850939e-02-7.869349420e-02-7.198885083e-02-6.427098066e-02
-5.554954335e-02-4.584996030e-02-3.521533683e-02-2.370456606e-02-1.140649337e-02
 1.471255207e-03 1.468077302e-02 2.818364650e-02 4.194352031e-02 5.592452735e-02
 7.009064406e-02 8.440554887e-02 9.883257002e-02 1.133347675e-01 1.278748810e-01
 1.424148679e-01 1.569148749e-01 1.713310331e-01 1.856116951e-01 1.996910274e-01
 2.134794593e-01 2.268501669e-01 2.396229953e-01 2.515518367e-01 2.623327971e-01
 7.130345702e-02 6.974983215e-02 6.383781135e-02 5.651132762e-02 4.910897464e-02
 4.163805768e-02 3.410681337e-02 2.652245574e-02 1.888817549e-02 1.120290440e-02
 3.462045453e-03-4.341581371e-03-1.221673097e-02-2.012179606e-02-2.794665471e-02
-3.565514088e-02-4.321032390e-02-5.057487264e-02-5.771113187e-02-6.458111107e-02
-7.114636153e-02-7.736787200e-02-8.320593089e-02-8.862001449e-02-9.356870502e-02
-9.800957888e-02-1.018992364e-01-1.051932499e-01-1.078462899e-01-1.098122522e-01
-1.110445186e-01-1.114963144e-01-1.111211702e-01-1.098736152e-01-1.077099368e-01
-1.045892462e-01-1.004747003e-01-9.533496946e-02-8.914600313e-02-8.189294487e-02
-7.357233763e-02-6.419445574e-02-5.378565565e-02-4.239086807e-02-3.007736243e-02
-1.693699136e-02-3.062353469e-03 1.108620781e-02 2.548706904e-02 4.011765495e-02
 5.495585501e-02 6.998097897e-02 8.517445624e-02 1.005204692e-01 1.160063073e-01
 1.316225231e-01 1.473623663e-01 1.632201970e-01 1.791881472e-01 1.952492595e-01
 2.113651186e-01 2.274526656e-01 2.433414310e-01 2.586931288e-01 2.728652656e-01
 7.074974477e-02 6.908570975e-02 6.282331049e-02 5.534613505e-02 4.781145602e-02
 4.021032155e-02 3.253862262e-02 2.479187585e-02 1.696475595e-02 9.050758556e-03
 1.041960204e-03-7.071401924e-03-1.530228090e-02-2.352781780e-02-3.170326725e-02
-3.978732228e-02-4.774011672e-02-5.552237481e-02-6.309501082e-02-7.041890919e-02
-7.745468616e-02-8.416259289e-02-9.050230682e-02-9.643277526e-02-1.019120812e-01
-1.068973392e-01-1.113445833e-01-1.152087301e-01-1.184435561e-01-1.210017949e-01
-1.228353009e-01-1.238952652e-01-1.241326556e-01-1.234986782e-01-1.219455227e-01
-1.194272265e-01-1.159007475e-01-1.113273203e-01-1.056739911e-01-9.891543537e-02
-9.103598446e-02-8.203184605e-02-7.191348076e-02-6.070804596e-02-4.846179113e-02
-3.524180502e-02-2.113661356e-02-6.261682138e-03 8.863271214e-03 2.422391623e-02
 3.980877623e-02 5.561026931e-02 7.162584364e-02 8.785922825e-02 1.043218151e-01
 1.210340932e-01 1.380271316e-01 1.553441137e-01 1.730413884e-01 1.911890954e-01
 2.098699212e-01 2.291738689e-01 2.491797954e-01 2.698659003e-01 2.901530266e-01
 6.928016245e-02 6.744635850e-02 6.121784821e-02 5.363455787e-02 4.599737003e-02
 3.829404339e-02 3.050985560e-02 2.263085730e-02 1.464445610e-02 6.539374590e-03
-1.694336650e-03-1.006442308e-02-1.857331581e-02-2.708571218e-02-3.556514159e-02
-4.397268966e-02-5.226868764e-02-6.041330472e-02-6.836670637e-02-7.608901709e-02
-8.354022354e-02-9.068002552e-02-9.746763855e-02-1.038616672e-01-1.098198965e-01
-1.152991354e-01-1.202550828e-01-1.246422082e-01-1.284137070e-01-1.315215081e-01
-1.339162886e-01-1.355477273e-01-1.363647282e-01-1.363158226e-01-1.353497803e-01
-1.334163845e-01-1.304672360e-01-1.264571398e-01-1.213453412e-01-1.150973141e-01
-1.076866090e-01-9.909705073e-02-8.932508528e-02-7.838237286e-02-6.629837304e-02
-5.312306806e-02-3.892959654e-02-2.381734923e-02-7.914412767e-03 8.219620213e-03
 2.458043210e-02 4.116970673e-02 5.799670517e-02 7.508016378e-02 9.245066345e-02
 1.101535782e-01 1.282528490e-01 1.468361318e-01 1.660217643e-01 1.859690696e-01
 2.068940103e-01 2.290958017e-01 2.530092001e-01 2.793235481e-01 3.068239689e-01
 6.726882607e-02 6.526586413e-02 5.896317214e-02 5.132592469e-02 4.365538061e-02
 3.591808304e-02 2.808273770e-02 2.012527175e-02 1.202701870e-02 3.772373311e-03
-4.653407726e-03-1.326673198e-02-2.196557075e-02-3.070119768e-02-3.942932934e-02
-4.810754955e-02-5.669432878e-02-6.514865905e-02-7.342983782e-02-8.149733394e-02
-8.931058645e-02-9.682890028e-02-1.040112004e-01-1.108158678e-01-1.172005013e-01
-1.231217980e-01-1.285352707e-01-1.333951652e-01-1.376543641e-01-1.412642300e-01
-1.441746801e-01-1.463342756e-01-1.476903558e-01-1.481893957e-01-1.477774531e-01
-1.464008242e-01-1.440067887e-01-1.405447870e-01-1.359675527e-01-1.302328259e-01
-1.233050376e-01-1.151575148e-01-1.057748199e-01-9.515541047e-02-8.331445605e-02
-7.028686255e-02-5.613036081e-02-4.092853144e-02-2.479354106e-02-7.868230343e-03
 9.265382774e-03 2.661315538e-02 4.418984801e-02 6.202145666e-02 8.014817536e-02
 9.862791002e-02 1.175409928e-01 1.369968355e-01 1.571433693e-01 1.781807393e-01
 2.003807724e-01 2.241132557e-01 2.498768270e-01 2.783193588e-01 3.087938726e-01
 6.466599554e-02 6.249342859e-02 5.587469414e-02 4.834193364e-02 4.079758003e-02
 3.314924613e-02 2.535390109e-02 1.738802157e-02 9.236210026e-03 8.864791598e-04
-7.671940140e-03-1.645014063e-02-2.532249689e-02-3.424748033e-02-4.318299145e-02
-5.208694190e-02-6.091750413e-02-6.963317096e-02-7.819274068e-02-8.655520529e-02
-9.467966855e-02-1.025251374e-01-1.100503653e-01-1.172136143e-01-1.239724606e-01
-1.302835494e-01-1.361024082e-01-1.413832307e-01-1.460787058e-01-1.501399577e-01
-1.535164267e-01-1.561559141e-01-1.580046713e-01-1.590076685e-01-1.591089368e-01
-1.582520753e-01-1.563809812e-01-1.534407884e-01-1.493790895e-01-1.441473067e-01
-1.377024651e-01-1.300092787e-01-1.210424975e-01-1.107895449e-01-9.925351292e-02
-8.645635098e-02-7.244213670e-02-5.728046224e-02-4.106955603e-02-2.393895015e-02
-6.051359233e-03 1.200557873e-02 3.024441190e-02 4.868883267e-02 6.737720221e-02
 8.636473864e-02 1.057267785e-01 1.255637407e-01 1.460085511e-01 1.672376990e-01
 1.894874722e-01 2.130788118e-01 2.384561598e-01 2.662436664e-01 2.960004210e-01
 5.988683179e-02 5.710458010e-02 5.156522989e-02 4.476995766e-02 3.760956973e-02
 3.017789498e-02 2.249760181e-02 1.457524486e-02 6.411319133e-03-1.996155130e-03
-1.064909156e-02-1.954548061e-02-2.855061740e-02-3.762506321e-02-4.672728106e-02
-5.581505597e-02-6.484615803e-02-7.377863675e-02-8.257084340e-02-9.118141979e-02
-9.956920147e-02-1.076930165e-01-1.155115142e-01-1.229829416e-01-1.300649047e-01
-1.367141157e-01-1.428861916e-01-1.485354155e-01-1.536145061e-01-1.580744684e-01
-1.618645340e-01-1.649320722e-01-1.672226787e-01-1.686802357e-01-1.692473590e-01
-1.688656807e-01-1.674765795e-01-1.650219709e-01-1.614453942e-01-1.566934139e-01
-1.507172436e-01-1.434747428e-01-1.349327564e-01-1.250697672e-01-1.138789654e-01
-1.013714820e-01-8.757993579e-02-7.256209850e-02-5.640449747e-02-3.922585025e-02
-2.118001878e-02-2.458141185e-03 1.636058651e-02 3.528583050e-02 5.434725806e-02
 7.358728349e-02 9.306018054e-02 1.128333360e-01 1.329894364e-01 1.536291987e-01
 1.748747826e-01 1.968750209e-01 2.198185623e-01 2.439915091e-01 2.693924904e-01
 5.655784532e-02 5.354819819e-02 4.806357622e-02 4.153090343e-02 3.460860252e-02
 2.734014206e-02 1.975714788e-02 1.187679078e-02 3.706182120e-03-4.754601978e-03
-1.351170149e-02-2.246281691e-02-3.155461699e-02-4.073893651e-02-4.997004941e-02
-5.920359492e-02-6.839613616e-02-7.750494778e-02-8.648789674e-02-9.530328214e-02
-1.039097160e-01-1.122659147e-01-1.203304902e-01-1.280617267e-01-1.354173273e-01
-1.423541605e-01-1.488279849e-01-1.547932327e-01-1.602027565e-01-1.650076658e-01
-1.691571325e-01-1.725983620e-01-1.752765328e-01-1.771349758e-01-1.781152934e-01
-1.781578064e-01-1.772021055e-01-1.751877815e-01-1.720554382e-01-1.677479595e-01
-1.622121632e-01-1.554006636e-01-1.472741812e-01-1.378041953e-01-1.269759238e-01
-1.147917435e-01-1.012747809e-01-8.647271991e-02-7.046179473e-02-5.335079134e-02
-3.528534994e-02-1.645318046e-02 2.907360671e-03 2.220577188e-02 4.148929194e-02
 6.079129875e-02 8.014091849e-02 9.956528246e-02 1.190879121e-01 1.387232989e-01
 1.584658623e-01 1.782675087e-01 1.979903281e-01 2.173024714e-01 2.355057001e-01
 5.431968346e-02 5.119488016e-02 4.553478956e-02 3.898688033e-02 3.209927678e-02
 2.487704158e-02 1.732923463e-02 9.462682530e-03 1.280643512e-03-7.217304315e-03
-1.603493467e-02-2.505051531e-02-3.421765193e-02-4.349026456e-02-5.282302573e-02
-6.217143312e-02-7.149176300e-02-8.074101806e-02-8.987682313e-02-9.885731339e-02
-1.076409966e-01-1.161865368e-01-1.244525909e-01-1.323975176e-01-1.399791688e-01
-1.471545398e-01-1.538796723e-01-1.601091623e-01-1.657960713e-01-1.708916724e-01
-1.753452420e-01-1.791040003e-01-1.821129769e-01-1.843151748e-01-1.856516749e-01
-1.860619485e-01-1.854844242e-01-1.838570684e-01-1.811184436e-01-1.772088706e-01
-1.720719784e-01-1.656564921e-01-1.579186022e-01-1.488244832e-01-1.383533031e-01
-1.265006065e-01-1.132818013e-01-9.873602539e-02-8.292970806e-02-6.595969200e-02
-4.795502499e-02-2.907560952e-02-9.503785521e-03 9.988859296e-03 2.936604805e-02
 4.861714691e-02 6.773714721e-02 8.671714365e-02 1.055372581e-01 1.241584122e-01
 1.425108761e-01 1.604780853e-01 1.778757274e-01 1.944328398e-01 2.097946554e-01
 5.241245404e-02 4.917318746e-02 4.355841130e-02 3.697706014e-02 3.007399663e-02
 2.284866385e-02 1.529960986e-02 7.425629068e-03-7.750527002e-04-9.305324405e-03
-1.816964895e-02-2.723731846e-02-3.646382317e-02-4.580452293e-02-5.521495640e-02
-6.465105712e-02-7.406928390e-02-8.342667669e-02-9.268084913e-02-1.017899215e-01
-1.107123941e-01-1.194069535e-01-1.278323531e-01-1.359470189e-01-1.437089741e-01
-1.510754526e-01-1.580026150e-01-1.644453704e-01-1.703569740e-01-1.756889373e-01
-1.803907156e-01-1.844096035e-01-1.876907051e-01-1.901768893e-01-1.918089837e-01
-1.925260276e-01-1.922656894e-01-1.909649968e-01-1.885611415e-01-1.849927157e-01
-1.802011728e-01-1.741325855e-01-1.667399704e-01-1.579857767e-01-1.478448659e-01
-1.363079995e-01-1.233853847e-01-1.091106683e-01-9.354508668e-02-7.678156346e-02
-5.894912779e-02-4.021807760e-02-2.080839500e-02-1.008318039e-03 1.848332211e-02
 3.768306971e-02 5.658474192e-02 7.516717166e-02 9.339406341e-02 1.112104654e-01
 1.285376549e-01 1.452678144e-01 1.612603962e-01 1.763438582e-01 1.903264970e-01
 5.103536695e-02 4.772524536e-02 4.203063995e-02 3.541259840e-02 2.848967537e-02
 2.125278488e-02 1.369411871e-02 5.807344802e-03-2.412669128e-03-1.096995827e-02
-1.986696385e-02-2.897008136e-02-3.823726252e-02-4.762524366e-02-5.709030852e-02
-6.658879668e-02-7.607735693e-02-8.551315218e-02-9.485382587e-02-1.040575281e-01
-1.130827889e-01-1.218883768e-01-1.304330826e-01-1.386754960e-01-1.465737671e-01
-1.540852785e-01-1.611664444e-01-1.677723527e-01-1.738564968e-01-1.793705821e-01
-1.842642874e-01-1.884851009e-01-1.919781864e-01-1.946865022e-01-1.965507567e-01
-1.975098252e-01-1.975009888e-01-1.964607090e-01-1.943253726e-01-1.910325587e-01
-1.865222752e-01-1.807389557e-01-1.736335307e-01-1.651659757e-01-1.553083956e-01
-1.440483332e-01-1.313925087e-01-1.173708886e-01-1.020407230e-01-8.549059927e-02
-6.784387678e-02-4.926083609e-02-2.993744239e-02-1.009609550e-02 9.426917881e-03
 2.857263014e-02 4.730517045e-02 6.559093297e-02 8.338916302e-02 1.006471589e-01
 1.172976121e-01 1.332575381e-01 1.484294236e-01 1.627052724e-01 1.759739220e-01
 5.000756308e-02 4.664630443e-02 4.086575657e-02 3.423678502e-02 2.731626667e-02
 2.008353733e-02 1.252517384e-02 4.631386604e-03-3.605656559e-03-1.219277643e-02
-2.109354548e-02-3.020862304e-02-3.949499875e-02-4.890884459e-02-5.840613693e-02
-6.794305146e-02-7.747614384e-02-8.696253598e-02-9.635984898e-02-1.056262329e-01
-1.147202477e-01-1.236007065e-01-1.322264522e-01-1.405561864e-01-1.485481560e-01
-1.561599225e-01-1.633480191e-01-1.700676978e-01-1.762726754e-01-1.819148660e-01
-1.869440824e-01-1.913079917e-01-1.949519217e-01-1.978188902e-01-1.998496801e-01
-2.009830773e-01-2.011562586e-01-2.003054023e-01-1.983665228e-01-1.952765584e-01
-1.909748018e-01-1.854046732e-01-1.785158962e-01-1.702670157e-01-1.606284678e-01
-1.495859176e-01-1.371440887e-01-1.233308539e-01-1.082015559e-01-9.184347838e-02
-7.438021153e-02-5.597608536e-02-3.684113920e-02-1.723859273e-02 2.498990623e-03
 2.169030346e-02 4.034431279e-02 5.844830722e-02 7.597430050e-02 9.288167208e-02
 1.091186926e-01 1.246241853e-01 1.393300444e-01 1.531648785e-01 1.660589278e-01
 4.906859249e-02 4.563458264e-02 3.997146338e-02 3.341699764e-02 2.655403689e-02
 1.935807802e-02 1.181979850e-02 3.932775930e-03-4.310377408e-03-1.291939151e-02
-2.180255391e-02-3.091140464e-02-4.019921273e-02-4.962027445e-02-5.912960321e-02
-6.868288666e-02-7.823644578e-02-8.774726093e-02-9.717290848e-02-1.064715162e-01
-1.156016588e-01-1.245221645e-01-1.331919283e-01-1.415696889e-01-1.496137977e-01
-1.572818607e-01-1.645305455e-01-1.713152230e-01-1.775897294e-01-1.833060831e-01
-1.884142756e-01-1.928620636e-01-1.965949386e-01-1.995559782e-01-2.016860694e-01
-2.029240131e-01-2.032070160e-01-2.024711370e-01-2.006522715e-01-1.976871043e-01
-1.935146153e-01-1.880777776e-01-1.813257635e-01-1.732163876e-01-1.637192816e-01
-1.528191417e-01-1.405196190e-01-1.268474013e-01-1.118565351e-01-9.563279152e-02
-7.829779387e-02-6.001260132e-02-4.098026454e-02-2.144635282e-02-1.695256564e-03
 1.747747511e-02 3.606636450e-02 5.405642465e-02 7.142281532e-02 8.813149482e-02
 1.041404754e-01 1.194015890e-01 1.338629574e-01 1.474719346e-01 1.601787806e-01
 4.829977825e-02 4.470359534e-02 3.937820718e-02 3.306386247e-02 2.628762275e-02
 1.913486980e-02 1.162330993e-02 3.755288664e-03-4.473139998e-03-1.307010651e-02
-2.194243111e-02-3.104161471e-02-4.032107070e-02-4.973521084e-02-5.923913792e-02
-6.878858805e-02-7.833990455e-02-8.785009384e-02-9.727676213e-02-1.065780446e-01
-1.157125086e-01-1.246389970e-01-1.333164275e-01-1.417035758e-01-1.497587860e-01
-1.574397087e-01-1.647030562e-01-1.715042144e-01-1.777971089e-01-1.835337877e-01
-1.886643022e-01-1.931365132e-01-1.968959570e-01-1.998858005e-01-2.020469904e-01
-2.033184171e-01-2.036373317e-01-2.029398829e-01-2.011619806e-01-1.982403547e-01
-1.941139698e-01-1.887257844e-01-1.820248663e-01-1.739689857e-01-1.645275801e-01
-1.536851525e-01-1.414450705e-01-1.278336644e-01-1.129045114e-01-9.674265981e-02
-7.946862280e-02-6.124157459e-02-4.226134717e-02-2.276841924e-02-3.041168908e-03
 1.609901525e-02 3.464312479e-02 5.257493258e-02 6.987018883e-02 8.649688214e-02
 1.024162471e-01 1.175844371e-01 1.319547743e-01 1.454805732e-01 1.581181437e-01
 4.903162643e-02 4.560782388e-02 3.995645791e-02 3.344153613e-02 2.661687322e-02
 1.945906505e-02 1.195961796e-02 4.113446921e-03-4.084202927e-03-1.263773162e-02
-2.150634304e-02-3.059223108e-02-3.985343874e-02-4.924656078e-02-5.872777104e-02
-6.825333834e-02-7.777990401e-02-8.726461232e-02-9.666514397e-02-1.059396788e-01
-1.150468066e-01-1.239453554e-01-1.325942427e-01-1.409521848e-01-1.489775479e-01
-1.566279382e-01-1.638600081e-01-1.706291586e-01-1.768892407e-01-1.825923324e-01
-1.876884252e-01-1.921254247e-01-1.958488524e-01-1.988019496e-01-2.009257078e-01
-2.021591216e-01-2.024395466e-01-2.017033100e-01-1.998865306e-01-1.969262064e-01
-1.927615702e-01-1.873359382e-01-1.805987805e-01-1.725082994e-01-1.630344093e-01
-1.521621346e-01-1.398953646e-01-1.262609959e-01-1.113132238e-01-9.513779730e-02
-7.785620540e-02-5.962917954e-02-4.065925255e-02-2.119125240e-02-1.508658635e-03
 1.759728044e-02 3.612111881e-02 5.404795706e-02 7.135313004e-02 8.800285310e-02
 1.039554775e-01 1.191632748e-01 1.335748285e-01 1.471380591e-01 1.598036885e-01
 4.982528463e-02 4.646096006e-02 4.083026573e-02 3.428889811e-02 2.744567394e-02
 2.028704807e-02 1.280143764e-02 4.980150610e-03-3.184242873e-03-1.169946045e-02
-2.053385973e-02-2.958558500e-02-3.881036863e-02-4.816415533e-02-5.760300159e-02
-6.708323210e-02-7.656154782e-02-8.599515259e-02-9.534175694e-02-1.045595706e-01
-1.136071533e-01-1.224433184e-01-1.310269386e-01-1.393166929e-01-1.472708136e-01
-1.548468471e-01-1.620013863e-01-1.686896831e-01-1.748655289e-01-1.804808825e-01
-1.854856908e-01-1.898277849e-01-1.934526712e-01-1.963036358e-01-1.983217001e-01
-1.994460076e-01-1.996141523e-01-1.987627745e-01-1.968283355e-01-1.937483847e-01
-1.894627810e-01-1.839156151e-01-1.770572662e-01-1.688469499e-01-1.592557281e-01
-1.482699066e-01-1.358947158e-01-1.221584082e-01-1.071165949e-01-9.085652977e-02
-7.350151241e-02-5.521521345e-02-3.620656580e-02-1.673705690e-02 2.863392467e-03
 2.192111127e-02 4.044481739e-02 5.842188746e-02 7.582463324e-02 9.261296690e-02
 1.087358817e-01 1.241331249e-01 1.387376785e-01 1.524793059e-01 1.652894467e-01
 5.100811645e-02 4.772827774e-02 4.203210026e-02 3.552000225e-02 2.870285511e-02
 2.156980149e-02 1.411405765e-02 6.330024451e-03-1.787120476e-03-1.024156623e-02
-1.903619617e-02-2.804055251e-02-3.721227497e-02-4.650788382e-02-5.588359013e-02
-6.529573351e-02-7.470101118e-02-8.405663073e-02-9.332030267e-02-1.024502069e-01
-1.114048958e-01-1.201431379e-01-1.286237240e-01-1.368052512e-01-1.446458250e-01
-1.521029025e-01-1.591328830e-01-1.656909138e-01-1.717305928e-01-1.772037745e-01
-1.820602864e-01-1.862478703e-01-1.897120029e-01-1.923960149e-01-1.942410916e-01
-1.951865703e-01-1.951704174e-01-1.941297501e-01-1.920017749e-01-1.887248605e-01
-1.842399985e-01-1.784925610e-01-1.714344770e-01-1.630267650e-01-1.532424539e-01
-1.420700103e-01-1.295169443e-01-1.156137511e-01-1.004180014e-01-8.401826024e-02
-6.653746963e-02-4.813497886e-02-2.900536172e-02-9.369284846e-03 9.951097891e-03
 2.889751829e-02 4.743446782e-02 6.552869827e-02 8.314001560e-02 1.002165452e-01
 1.166921034e-01 1.324852556e-01 1.475003660e-01 1.616315693e-01 1.747700274e-01
 5.232839659e-02 4.913019016e-02 4.361402616e-02 3.716181964e-02 3.038807772e-02
 2.329208143e-02 1.587320492e-02 8.130891249e-03 6.367151218e-05-8.331444114e-03
-1.705937646e-02-2.599492483e-02-3.509341553e-02-4.431001469e-02-5.360018089e-02
-6.291989237e-02-7.222568244e-02-8.147470653e-02-9.062466770e-02-9.963373840e-02
-1.084604785e-01-1.170635894e-01-1.254018098e-01-1.334336102e-01-1.411170363e-01
-1.484093070e-01-1.552666873e-01-1.616441458e-01-1.674951315e-01-1.727713048e-01
-1.774224043e-01-1.813961118e-01-1.846379191e-01-1.870912611e-01-1.886975914e-01
-1.893966943e-01-1.891270727e-01-1.878267527e-01-1.854339838e-01-1.818885356e-01
-1.771330982e-01-1.711151153e-01-1.637889147e-01-1.551182866e-01-1.450794190e-01
-1.336641759e-01-1.208837703e-01-1.067725271e-01-9.139199555e-02-7.483496517e-02
-5.722972006e-02-3.874509409e-02-1.959853247e-02-7.399707101e-05 1.914729737e-02
 3.808107227e-02 5.672086030e-02 7.504556328e-02 9.301932901e-02 1.105880737e-01
 1.276745200e-01 1.441730112e-01 1.599459648e-01 1.748255491e-01 1.886243075e-01
 5.417209491e-02 5.108953640e-02 4.566030949e-02 3.926544636e-02 3.252717853e-02
 2.545621432e-02 1.806320809e-02 1.035601739e-02 2.338300925e-03-5.990665406e-03
-1.463625953e-02-2.348817885e-02-3.249633685e-02-4.161380976e-02-5.079535395e-02
-5.999676883e-02-6.917466223e-02-7.828628272e-02-8.728947490e-02-9.614249319e-02
-1.048039645e-01-1.132325903e-01-1.213870794e-01-1.292258203e-01-1.367067099e-01
-1.437868476e-01-1.504223198e-01-1.565679312e-01-1.621769220e-01-1.672008932e-01
-1.715894938e-01-1.752904058e-01-1.782492697e-01-1.804098189e-01-1.817139536e-01
-1.821021438e-01-1.815139353e-01-1.798885614e-01-1.771660149e-01-1.732881218e-01
-1.682000905e-01-1.618524194e-01-1.542029530e-01-1.452195644e-01-1.348830014e-01
-1.231901646e-01-1.101575866e-01-9.582510591e-02-8.025936782e-02-6.355685741e-02
-4.584569111e-02-2.728429995e-02-8.053393103e-03 1.110096462e-02 3.014339134e-02
 4.906323180e-02 6.785520166e-02 8.651018888e-02 1.050083339e-01 1.233110502e-01
 1.413498372e-01 1.590104848e-01 1.761127263e-01 1.923916936e-01 2.075007856e-01
 5.665768683e-02 5.373437703e-02 4.829096422e-02 4.191903770e-02 3.515791520e-02
 2.805638313e-02 2.064942569e-02 1.295504905e-02 4.980938509e-03-3.271276131e-03
-1.180345472e-02-2.057423070e-02-2.948014066e-02-3.847861290e-02-4.752663895e-02
-5.658128485e-02-6.559992582e-02-7.454033196e-02-8.336071670e-02-9.201958030e-02
-1.004757062e-01-1.086879075e-01-1.166148782e-01-1.242149845e-01-1.314460337e-01
-1.382650137e-01-1.446278691e-01-1.504892409e-01-1.558023393e-01-1.605186611e-01
-1.645879000e-01-1.679579169e-01-1.705746651e-01-1.723824143e-01-1.733238548e-01
-1.733406037e-01-1.723736376e-01-1.703641862e-01-1.672545820e-01-1.629896611e-01
-1.575182229e-01-1.507950127e-01-1.427827924e-01-1.334550977e-01-1.227990016e-01
-1.108184084e-01-9.753753990e-02-8.300462365e-02-6.729570776e-02-5.051853880e-02
-3.281667829e-02-1.437450759e-02 4.574598745e-03 2.346912585e-02 4.235391319e-02
 6.126072258e-02 8.021736145e-02 9.924980998e-02 1.183805019e-01 1.376231313e-01
 1.569717675e-01 1.763789952e-01 1.957097352e-01 2.146397084e-01 2.324870974e-01
 6.013208255e-02 5.757351220e-02 5.201540142e-02 4.527977854e-02 3.826700523e-02
 3.101295605e-02 2.352944575e-02 1.581868157e-02 7.878612727e-03-2.950621420e-04
-8.707741275e-03-1.736466400e-02-2.613793127e-02-3.498679772e-02-4.386930913e-02
-5.274332687e-02-6.156685948e-02-7.029823959e-02-7.889609784e-02-8.731929958e-02
-9.552685171e-02-1.034777537e-01-1.111307815e-01-1.184443161e-01-1.253761500e-01
-1.318832040e-01-1.379213631e-01-1.434452385e-01-1.484079957e-01-1.527612507e-01
-1.564548910e-01-1.594371647e-01-1.616546363e-01-1.630524248e-01-1.635745168e-01
-1.631641090e-01-1.617643684e-01-1.593191773e-01-1.557742804e-01-1.510785222e-01
-1.451855898e-01-1.380559057e-01-1.296587586e-01-1.199751198e-01-1.090002209e-01
-9.674688429e-02-8.324874192e-02-6.856373698e-02-5.277763307e-02-3.600724041e-02
-1.840332523e-02-1.525931293e-04 1.820055395e-02 3.666529432e-02 5.527013540e-02
 7.405602187e-02 9.307548404e-02 1.123938709e-01 1.320914626e-01 1.522661000e-01
 1.730365157e-01 1.945474297e-01 2.169823200e-01 2.406197190e-01 2.654575706e-01
 6.431553513e-02 6.228554994e-02 5.618757382e-02 4.884414747e-02 4.149457440e-02
 3.405936807e-02 2.649441361e-02 1.877429336e-02 1.088189892e-02 2.803510986e-03
-5.474021193e-03-1.396599598e-02-2.256733738e-02-3.122989275e-02-3.990970924e-02
-4.856446385e-02-5.715259165e-02-6.563295424e-02-7.396468520e-02-8.210711181e-02
-9.001956135e-02-9.766129404e-02-1.049912646e-01-1.119679809e-01-1.185492650e-01
-1.246920899e-01-1.303523779e-01-1.354848295e-01-1.400427669e-01-1.439780444e-01
-1.472410411e-01-1.497806609e-01-1.515444517e-01-1.524788439e-01-1.525295973e-01
-1.516422182e-01-1.497628093e-01-1.468388736e-01-1.428205669e-01-1.376621127e-01
-1.313234717e-01-1.237723753e-01-1.149865389e-01-1.049562693e-01-9.368711710e-02
-8.120284230e-02-6.754837185e-02-5.279284716e-02-3.703268245e-02-2.039425448e-02
-3.035755362e-03 1.449804287e-02 3.221931309e-02 5.015104637e-02 6.833048910e-02
 8.681131899e-02 1.056668162e-01 1.249947101e-01 1.449244767e-01 1.656280011e-01
 1.873354465e-01 2.103594989e-01 2.351331115e-01 2.622644603e-01 2.913224101e-01
 6.715107709e-02 6.536132842e-02 5.917371064e-02 5.176623538e-02 4.434276372e-02
 3.686398640e-02 2.930072322e-02 2.162978984e-02 1.383304689e-02 5.895935465e-03
-2.193461405e-03-1.044416241e-02-1.885952987e-02-2.730450034e-02-3.574310616e-02
-4.413649440e-02-5.244486034e-02-6.062817574e-02-6.864637136e-02-7.645937055e-02
-8.402700722e-02-9.130887687e-02-9.826424718e-02-1.048518270e-01-1.110296324e-01
-1.167548001e-01-1.219834462e-01-1.266705245e-01-1.307697147e-01-1.342334151e-01
-1.370127499e-01-1.390576512e-01-1.403170824e-01-1.407393664e-01-1.402726471e-01
-1.388655156e-01-1.364678442e-01-1.330318302e-01-1.285132617e-01-1.228730679e-01
-1.160790771e-01-1.081081033e-01-9.894826263e-02-8.860146999e-02-7.708606124e-02
-6.443933398e-02-5.071977526e-02-3.600916639e-02-2.041589655e-02-4.077553749e-03
 1.247582119e-02 2.925025485e-02 4.626027867e-02 6.353128701e-02 8.110247552e-02
 9.903030097e-02 1.173931211e-01 1.362976432e-01 1.558882147e-01 1.763600558e-01
 1.979781985e-01 2.211031765e-01 2.462208718e-01 2.739622891e-01 3.036946356e-01
 6.883136183e-02 6.718780845e-02 6.131435931e-02 5.400852859e-02 4.665640742e-02
 3.925152123e-02 3.177972883e-02 2.422735095e-02 1.658178307e-02 8.831323124e-03
 9.645528626e-04-7.030752953e-03-1.517000329e-02-2.333571576e-02-3.148070350e-02
-3.956278414e-02-4.754160717e-02-5.537751317e-02-6.303104013e-02-7.046274841e-02
-7.763300836e-02-8.450195193e-02-9.102922678e-02-9.717391431e-02-1.028943658e-01
-1.081480533e-01-1.128914803e-01-1.170800701e-01-1.206681505e-01-1.236089543e-01
-1.258547157e-01-1.273568720e-01-1.280663013e-01-1.279338300e-01-1.269106716e-01
-1.249493584e-01-1.220044866e-01-1.180340126e-01-1.130005717e-01-1.068731695e-01
-9.962901473e-02-9.125571698e-02-8.175370097e-02-7.113883644e-02-5.944521353e-02
-4.672764242e-02-3.306243196e-02-1.854236051e-02-3.287133994e-03 1.220670529e-02
 2.793609537e-02 4.390313849e-02 6.011696532e-02 7.659585029e-02 9.336961806e-02
 1.104826033e-01 1.279973239e-01 1.459995359e-01 1.646050215e-01 1.839695871e-01
 2.043043226e-01 2.259015143e-01 2.491854131e-01 2.748275995e-01 3.016395569e-01
 7.008087635e-02 6.861136854e-02 6.280958652e-02 5.563784391e-02 4.842324182e-02
 4.115903750e-02 3.383986652e-02 2.646057680e-02 1.901569031e-02 1.149902213e-02
 3.903691657e-03-3.777393140e-03-1.155012194e-02-1.941537112e-02-2.722603083e-02
-3.494850546e-02-4.254629835e-02-4.998177662e-02-5.721678957e-02-6.421285868e-02
-7.093117386e-02-7.733248919e-02-8.337707072e-02-8.902454376e-02-9.423376620e-02
-9.896277636e-02-1.031687036e-01-1.068077385e-01-1.098351553e-01-1.122054085e-01
-1.138722897e-01-1.147892103e-01-1.149095893e-01-1.141873598e-01-1.125776619e-01
-1.100377217e-01-1.065278724e-01-1.020128727e-01-9.646338224e-02-8.985769749e-02
-8.218368143e-02-7.344097644e-02-6.364333630e-02-5.282162130e-02-4.102757573e-02
-2.834131196e-02-1.488374267e-02-7.294117240e-04 1.368491258e-02 2.834835462e-02
 4.324984550e-02 5.838129297e-02 7.373946160e-02 8.932751417e-02 1.051563472e-01
 1.212460101e-01 1.376271546e-01 1.543424428e-01 1.714475602e-01 1.890118122e-01
 2.071169168e-01 2.258521616e-01 2.452968657e-01 2.654350996e-01 2.852168083e-01
 7.068962604e-02 6.937458366e-02 6.368298829e-02 5.668689311e-02 4.964757338e-02
 4.255703092e-02 3.542103618e-02 2.824583463e-02 2.103439905e-02 1.378587820e-02
 6.496110000e-03-8.418246289e-04-8.237516508e-03-1.570437476e-02-2.310965024e-02
-3.041118197e-02-3.757001832e-02-4.454830661e-02-5.130847171e-02-5.781284720e-02
-6.402345747e-02-6.990189850e-02-7.540919632e-02-8.050572127e-02-8.515111357e-02
-8.930423111e-02-9.292310476e-02-9.596505016e-02-9.838666022e-02-1.001440436e-01
-1.011930481e-01-1.014896259e-01-1.009903401e-01-9.965298325e-02-9.743734449e-02
-9.430623800e-02-9.022662789e-02-8.517105877e-02-7.911927998e-02-7.206001878e-02
-6.399292499e-02-5.493042618e-02-4.489915818e-02-3.394105285e-02-2.210867964e-02
-9.471833706e-03 3.491043346e-03 1.680829749e-02 3.042428195e-02 4.430018738e-02
 5.840580910e-02 7.271631062e-02 8.721107244e-02 1.018734500e-01 1.166906953e-01
 1.316538155e-01 1.467569023e-01 1.619954258e-01 1.773629040e-01 1.928440779e-01
 2.084028274e-01 2.239594758e-01 2.393489927e-01 2.542416751e-01 2.680064440e-01
 7.042158395e-02 6.916998327e-02 6.391976774e-02 5.721830949e-02 5.036197975e-02
 4.342611879e-02 3.646191582e-02 2.949456871e-02 2.253422327e-02 1.558233518e-02
 8.635057136e-03 1.685188501e-03-5.276626442e-03-1.226093713e-02-1.922364533e-02
-2.605457231e-02-3.272006661e-02-3.918511048e-02-4.541400447e-02-5.137054622e-02
-5.701801553e-02-6.231912971e-02-6.723596156e-02-7.172992080e-02-7.576169819e-02
-7.929128408e-02-8.227800578e-02-8.468063176e-02-8.645755798e-02-8.756702393e-02
-8.796746284e-02-8.761802316e-02-8.647904545e-02-8.451290429e-02-8.168484271e-02
-7.796403766e-02-7.332487404e-02-6.774844229e-02-6.122443452e-02-5.375317857e-02
-4.534786567e-02-3.603731096e-02-2.586600557e-02-1.491156314e-02-3.212008625e-03
 8.834140375e-03 2.121004835e-02 3.389485553e-02 4.685527459e-02 6.005441397e-02
 7.345468551e-02 8.701870590e-02 1.007096022e-01 1.144910008e-01 1.283269525e-01
 1.421813220e-01 1.560167521e-01 1.697922647e-01 1.834594160e-01 1.969559938e-01
 2.101963162e-01 2.230579257e-01 2.353655100e-01 2.468783259e-01 2.572978139e-01
 7.098999619e-02 7.028672099e-02 6.465691328e-02 5.759165064e-02 5.061098188e-02
 4.368809611e-02 3.683899343e-02 3.006905876e-02 2.337604016e-02 1.675295830e-02
 1.018998958e-02 3.675650805e-03-2.802383620e-03-9.256724268e-03-1.569991931e-02
-2.199594490e-02-2.810821123e-02-3.400200605e-02-3.964290768e-02-4.499618709e-02
-5.002657324e-02-5.469815806e-02-5.897434801e-02-6.281787902e-02-6.619083136e-02
-6.905470043e-02-7.137047499e-02-7.309888303e-02-7.420056313e-02-7.463642210e-02
-7.436812669e-02-7.335856557e-02-7.157263905e-02-6.897804141e-02-6.554622203e-02
-6.125353649e-02-5.608235300e-02-5.002231151e-02-4.307270795e-02-3.524545208e-02
-2.656506002e-02-1.708443277e-02-6.811627187e-03 3.877752461e-03 1.501114201e-02
 2.653454989e-02 3.840469941e-02 5.058098212e-02 6.302090734e-02 7.567916811e-02
 8.850760013e-02 1.014552787e-01 1.144687906e-01 1.274924427e-01 1.404685080e-01
 1.533374339e-01 1.660375148e-01 1.785041243e-01 1.906679124e-01 2.024519891e-01
 2.137679756e-01 2.245120257e-01 2.345620990e-01 2.437795550e-01 2.520182729e-01
 7.079883665e-02 7.051625848e-02 6.468502432e-02 5.714552104e-02 4.994449392e-02
 4.300669208e-02 3.628512472e-02 2.974847145e-02 2.337216958e-02 1.713466644e-02
 1.101616025e-02 4.998254590e-03-9.361155098e-04-6.802679040e-03-1.261582598e-02
-1.833033189e-02-2.383542992e-02-2.910256945e-02-3.410084918e-02-3.879794851e-02
-4.316052794e-02-4.715437442e-02-5.074453354e-02-5.389540270e-02-5.657081306e-02
-5.873417482e-02-6.034862250e-02-6.137728691e-02-6.178359315e-02-6.153171510e-02
-6.058709323e-02-5.891705677e-02-5.649169907e-02-5.328483880e-02-4.927500710e-02
-4.444695264e-02-3.879286349e-02-3.230857104e-02-2.499965020e-02-1.689645089e-02
-7.986241020e-03 1.389766810e-03 1.126870979e-02 2.160905860e-02 3.237984702e-02
 4.354355857e-02 5.505942181e-02 6.688336283e-02 7.896700501e-02 9.125679731e-02
 1.036934704e-01 1.162117943e-01 1.287407577e-01 1.412041932e-01 1.535219103e-01
 1.656112224e-01 1.773887724e-01 1.887721121e-01 1.996810734e-01 2.100382447e-01
 2.197688967e-01 2.288005948e-01 2.370630801e-01 2.444895804e-01 2.510202527e-01
 6.820548326e-02 6.801699847e-02 6.230944023e-02 5.481001735e-02 4.768859595e-02
 4.091990367e-02 3.446166590e-02 2.827298082e-02 2.231658995e-02 1.655944809e-02
 1.097267680e-02 5.531257484e-03 2.136084368e-04-4.998873454e-03-1.012227219e-02
-1.517058350e-02-2.000168711e-02-2.458375320e-02-2.888606489e-02-3.287755698e-02
-3.652644157e-02-3.980018571e-02-4.266563058e-02-4.508913681e-02-4.703671485e-02
-4.847418144e-02-4.936731979e-02-4.968216643e-02-4.938546941e-02-4.844528437e-02
-4.683147371e-02-4.451616108e-02-4.147507623e-02-3.768912330e-02-3.314347938e-02
-2.783238143e-02-2.177685872e-02-1.496348344e-02-7.357596420e-03 7.468066760e-04
 9.392343462e-03 1.854895428e-02 2.819734067e-02 3.831226751e-02 4.886525124e-02
 5.982336774e-02 7.114859670e-02 8.279692382e-02 9.471711516e-02 1.068493500e-01
 1.191240698e-01 1.314610988e-01 1.437695026e-01 1.559484750e-01 1.678895205e-01
 1.794802248e-01 1.906091869e-01 2.011715025e-01 2.110742927e-01 2.202407122e-01
 2.286124974e-01 2.361502051e-01 2.428320944e-01 2.486516386e-01 2.536150217e-01
 6.365588307e-02 6.355041265e-02 5.766077340e-02 5.032662675e-02 4.349265620e-02
 3.710050508e-02 3.109659813e-02 2.542634681e-02 2.003967948e-02 1.489337161e-02
 9.951376356e-03 5.184201989e-03 5.679044407e-04-3.916954622e-03-8.286288008e-03
-1.255331747e-02-1.666769944e-02-2.051799931e-02-2.407919057e-02-2.732323483e-02
-3.022037074e-02-3.273991495e-02-3.485072032e-02-3.652150556e-02-3.772108257e-02
-3.841844574e-02-3.858264163e-02-3.818297014e-02-3.718981147e-02-3.557593748e-02
-3.331727907e-02-3.038962185e-02-2.677276731e-02-2.246239781e-02-1.743829809e-02
-1.164711639e-02-5.359664094e-03 1.489186194e-03 8.916717023e-03 1.689121127e-02
 2.539809607e-02 3.442130238e-02 4.394441471e-02 5.394879729e-02 6.441261619e-02
 7.530960441e-02 8.660766482e-02 9.826709330e-02 1.102383956e-01 1.224597991e-01
 1.348545104e-01 1.473280936e-01 1.597667038e-01 1.720369160e-01 1.839884818e-01
 1.954608709e-01 2.062938064e-01 2.163403183e-01 2.254797071e-01 2.336278260e-01
 2.407425493e-01 2.468238920e-01 2.519088089e-01 2.560617328e-01 2.593630552e-01
 5.610062182e-02 5.583835393e-02 5.033109337e-02 4.337477684e-02 3.706588969e-02
 3.131122142e-02 2.601153590e-02 2.108155563e-02 1.645338349e-02 1.207494363e-02
 7.907031104e-03 3.920371644e-03 9.317382501e-05-3.590848530e-03-7.144111209e-03
-1.057669148e-02-1.389814448e-02-1.696418226e-02-1.974344067e-02-2.220672183e-02
-2.432403900e-02-2.606566809e-02-2.740230598e-02-2.830534056e-02-2.874743007e-02
-2.870282903e-02-2.814505622e-02-2.704586275e-02-2.537730336e-02-2.311710268e-02
-2.026221529e-02-1.678096689e-02-1.261966769e-02-7.905193605e-03-2.676433185e-03
 3.101188689e-03 9.412509389e-03 1.625968330e-02 2.364415117e-02 3.156134859e-02
 4.000595957e-02 4.897185043e-02 5.845198035e-02 6.843774021e-02 7.891805470e-02
 8.987814188e-02 1.012977734e-01 1.131489426e-01 1.253926903e-01 1.379748136e-01
 1.508206874e-01 1.638286710e-01 1.768633723e-01 1.897499412e-01 2.022729814e-01
 2.141847312e-01 2.252262980e-01 2.351592779e-01 2.437979877e-01 2.510324121e-01
 2.568385005e-01 2.612767816e-01 2.644803226e-01 2.666307092e-01 2.679256201e-01
 4.535060748e-02 4.479386285e-02 3.960052878e-02 3.340368345e-02 2.809065767e-02
 2.340554632e-02 1.916584559e-02 1.525524072e-02 1.160015352e-02 8.153553121e-03
 4.885156639e-03 1.775563927e-03-1.187300892e-03-4.010409582e-03-6.697023753e-03
-9.247547016e-03-1.165991928e-02-1.392941270e-02-1.590780541e-02-1.757607423e-02
-1.890112273e-02-1.985474490e-02-2.040968835e-02-2.053940110e-02-2.022086643e-02
-1.944360323e-02-1.819119975e-02-1.643288322e-02-1.412625052e-02-1.120952889e-02
-7.872729562e-03-4.055701196e-03 2.707485692e-04 5.103394389e-03 1.043875702e-02
 1.628074050e-02 2.263136953e-02 2.949419804e-02 3.687335923e-02 4.477273673e-02
 5.319631845e-02 6.214833632e-02 7.163324207e-02 8.165545017e-02 9.221885353e-02
 1.033258513e-01 1.149759665e-01 1.271635741e-01 1.398743838e-01 1.530801505e-01
 1.667307913e-01 1.807426065e-01 1.949816197e-01 2.092410922e-01 2.232167125e-01
 2.364952266e-01 2.485910207e-01 2.590448558e-01 2.675251365e-01 2.738681138e-01
 2.780761719e-01 2.803133726e-01 2.808989882e-01 2.802643478e-01 2.788503170e-01
 2.950363606e-02 2.801535465e-02 2.380917966e-02 1.981120557e-02 1.653897017e-02
 1.358861197e-02 1.083130762e-02 8.214197122e-03 5.714450497e-03 3.323302371e-03
 1.039344934e-03-1.134629711e-03-3.193195444e-03-5.129030906e-03-6.933153607e-03
-8.594783954e-03-1.010084990e-02-1.143508963e-02-1.257669274e-02-1.346663292e-02
-1.400248893e-02-1.417283714e-02-1.395487599e-02-1.331572514e-02-1.220698375e-02
-1.070061047e-02-8.821457624e-03-6.528351922e-03-3.794300137e-03-6.062698667e-04
 3.022312885e-03 7.096455898e-03 1.162418816e-02 1.661106385e-02 2.206218801e-02
 2.798379213e-02 3.438302130e-02 4.126826674e-02 4.864926636e-02 5.653715879e-02
 6.494469196e-02 7.388647646e-02 8.337929845e-02 9.344232827e-02 1.040972993e-01
 1.153685302e-01 1.272826493e-01 1.398677230e-01 1.531514525e-01 1.671574861e-01
 1.818988323e-01 1.973658055e-01 2.135046721e-01 2.301775515e-01 2.470803708e-01
 2.635637820e-01 2.784441411e-01 2.905466259e-01 2.993392050e-01 3.046848178e-01
 3.066330552e-01 3.054229021e-01 3.016418517e-01 2.964452803e-01 2.910501361e-01
 7.725589909e-03 3.615976078e-03 3.727600444e-03 4.191831220e-03 3.763615619e-03
 2.893251367e-03 1.782382140e-03 5.397514324e-04-7.659027469e-04-2.086019842e-03
-3.383544274e-03-4.628560040e-03-5.795768928e-03-6.862803828e-03-7.808924653e-03
-8.613848127e-03-9.256537072e-03-9.713755921e-03-9.958116338e-03-9.955078363e-03
-9.666820988e-03-9.066415019e-03-8.131657727e-03-6.843739189e-03-5.189702380e-03
-3.171606921e-03-7.890369743e-04 1.967054792e-03 5.106584169e-03 8.636909537e-03
 1.256193500e-02 1.688678563e-02 2.161782421e-02 2.676217258e-02 3.232791647e-02
 3.832451627e-02 4.476306960e-02 5.165658891e-02 5.902028829e-02 6.687188894e-02
 7.523202896e-02 8.412482589e-02 9.357854724e-02 1.036265194e-01 1.143081933e-01
 1.256706119e-01 1.377699673e-01 1.506737471e-01 1.644627303e-01 1.792331487e-01
 1.950980425e-01 2.121868581e-01 2.306421995e-01 2.506150901e-01 2.722729445e-01
 2.959113717e-01 3.171238005e-01 3.317966759e-01 3.409475684e-01 3.451069891e-01
 3.438165486e-01 3.374944627e-01 3.254603148e-01 3.117528558e-01 3.014163673e-01
-7.318373304e-03-1.225923374e-02-1.118839625e-02-9.039788507e-03-7.779945619e-03
-7.154258434e-03-6.962262560e-03-7.056803908e-03-7.330082357e-03-7.701509632e-03
-8.109313436e-03-8.504904807e-03-8.848997764e-03-9.108829312e-03-9.256071411e-03
-9.265214205e-03-9.112268686e-03-8.773746900e-03-8.225944825e-03-7.444822229e-03
-6.407265551e-03-5.093302112e-03-3.486349946e-03-1.573296264e-03 6.551856641e-04
 3.204568289e-03 6.079110317e-03 9.283545427e-03 1.282279100e-02 1.670154743e-02
 2.092440426e-02 2.549664676e-02 3.042475693e-02 3.571669757e-02 4.138223454e-02
 4.743319005e-02 5.388374254e-02 6.075068563e-02 6.805372238e-02 7.581587136e-02
 8.406393230e-02 9.282927215e-02 1.021487564e-01 1.120661944e-01 1.226341873e-01
 1.339168251e-01 1.459932327e-01 1.589626819e-01 1.729515344e-01 1.881230026e-01
 2.046902329e-01 2.229331583e-01 2.432172447e-01 2.660091519e-01 2.918857932e-01
 3.195156753e-01 3.407375216e-01 3.553832769e-01 3.638178706e-01 3.657729030e-01
 3.614355028e-01 3.498639762e-01 3.322677612e-01 3.171540201e-01 3.050583303e-01
-1.755151153e-02-2.290482447e-02-2.161359228e-02-1.901344210e-02-1.709111966e-02
-1.571276225e-02-1.474829018e-02-1.407928672e-02-1.360517927e-02-1.324364170e-02
-1.292841602e-02-1.260631345e-02-1.223427430e-02-1.177680772e-02-1.120393351e-02
-1.048960723e-02-9.610577486e-03-8.545623161e-03-7.275154814e-03-5.781173706e-03
-4.047606606e-03-2.060795203e-03 1.902604854e-04 2.713848371e-03 5.515666213e-03
 8.599215187e-03 1.196659915e-02 1.561929565e-02 1.955865510e-02 2.378632873e-02
 2.830473520e-02 3.311762959e-02 3.823062032e-02 4.365158454e-02 4.939105362e-02
 5.546240509e-02 6.188210845e-02 6.866984814e-02 7.584869862e-02 8.344534039e-02
 9.149049968e-02 1.000195593e-01 1.090735197e-01 1.187004447e-01 1.289575547e-01
 1.399141103e-01 1.516557634e-01 1.642906517e-01 1.779586822e-01 1.928457022e-01
 2.092060447e-01 2.273995727e-01 2.479514629e-01 2.716270387e-01 2.992379069e-01
 3.236746788e-01 3.421787918e-01 3.547835350e-01 3.613106012e-01 3.617249429e-01
 3.549543619e-01 3.404066265e-01 3.246445358e-01 3.115369081e-01 3.005647361e-01
-2.412803844e-02-2.975890599e-02-2.891358361e-02-2.635481209e-02-2.432149276e-02
-2.272133902e-02-2.144526131e-02-2.039128914e-02-1.947161928e-02-1.861434430e-02
-1.776204258e-02-1.686907001e-02-1.589867845e-02-1.482057944e-02-1.360909361e-02
-1.224190090e-02-1.069931034e-02-8.963888511e-03-7.020370569e-03-4.855731502e-03
-2.459354466e-03 1.768059446e-04 3.058168571e-03 6.187598687e-03 9.565633722e-03
 1.319086365e-02 1.706047356e-02 2.117087133e-02 2.551836520e-02 3.009987622e-02
 3.491371125e-02 3.996032104e-02 4.524302110e-02 5.076853931e-02 5.654739588e-02
 6.259409338e-02 6.892704964e-02 7.556850463e-02 8.254426718e-02 8.988357335e-02
 9.761908650e-02 1.057871133e-01 1.144281700e-01 1.235878989e-01 1.333184987e-01
 1.436807662e-01 1.547469348e-01 1.666046381e-01 1.793626249e-01 1.931590289e-01
 2.081744224e-01 2.246541679e-01 2.429535538e-01 2.636745870e-01 2.857696116e-01
 3.043717146e-01 3.187287748e-01 3.285849690e-01 3.338450193e-01 3.337755203e-01
 3.281176984e-01 3.174944520e-01 3.073066473e-01 2.980331481e-01 2.897107303e-01
-2.834604122e-02-3.435298800e-02-3.371776640e-02-3.153805062e-02-2.983959019e-02
-2.846374363e-02-2.727420442e-02-2.616553195e-02-2.506231517e-02-2.391259745e-02
-2.268044464e-02-2.133972943e-02-1.986972056e-02-1.825236157e-02-1.647088677e-02
-1.450943016e-02-1.235319488e-02-9.988944046e-03-7.405561861e-03-4.594544880e-03
-1.550335553e-03 1.729525742e-03 5.244432017e-03 8.990888484e-03 1.296280324e-02
 1.715187728e-02 2.154811658e-02 2.614046447e-02 3.091763705e-02 3.586914390e-02
 4.098648578e-02 4.626438767e-02 5.170197785e-02 5.730367452e-02 6.307964772e-02
 6.904584914e-02 7.522352040e-02 8.163844794e-02 8.832000941e-02 9.530024976e-02
 1.026131883e-01 1.102943569e-01 1.183807179e-01 1.269107908e-01 1.359250844e-01
 1.454665512e-01 1.555811316e-01 1.663177013e-01 1.777274460e-01 1.898608059e-01
 2.027597278e-01 2.164382935e-01 2.308353931e-01 2.457088381e-01 2.603519261e-01
 2.733349502e-01 2.838549018e-01 2.914962173e-01 2.959932983e-01 2.972133756e-01
 2.952719331e-01 2.912011445e-01 2.861521244e-01 2.807361484e-01 2.753180563e-01
-2.944378555e-02-3.583182395e-02-3.598757088e-02-3.483393416e-02-3.410650790e-02
-3.347753733e-02-3.275714815e-02-3.185518086e-02-3.074113280e-02-2.941378206e-02
-2.788235433e-02-2.615625039e-02-2.424020134e-02-2.213284932e-02-1.982741617e-02
-1.731350645e-02-1.457933709e-02-1.161385514e-02-8.408471011e-03-4.958217032e-03
-1.262329868e-03 2.675676718e-03 6.848295685e-03 1.124446187e-02 1.584998146e-02
 2.064787783e-02 2.561871894e-02 3.074111044e-02 3.599256277e-02 4.135093465e-02
 4.679642990e-02 5.231396109e-02 5.789542943e-02 6.354146451e-02 6.926224381e-02
 7.507719845e-02 8.101367205e-02 8.710476756e-02 9.338697046e-02 9.989786893e-02
 1.066744253e-01 1.137517467e-01 1.211625561e-01 1.289367676e-01 1.371012032e-01
 1.456792206e-01 1.546894312e-01 1.641435921e-01 1.740426123e-01 1.843695641e-01
 1.950779110e-01 2.060725987e-01 2.171822786e-01 2.281267941e-01 2.385037690e-01
 2.478440702e-01 2.557253540e-01 2.618442476e-01 2.660353780e-01 2.682851851e-01
 2.687552869e-01 2.677730322e-01 2.657394409e-01 2.630214393e-01 2.599065006e-01
-2.585236542e-02-3.215568885e-02-3.504528850e-02-3.677704185e-02-3.816743195e-02
-3.889314830e-02-3.888593614e-02-3.823917359e-02-3.707711771e-02-3.551106527e-02
-3.362752125e-02-3.148546070e-02-2.911776863e-02-2.653555200e-02-2.373424545e-02
-2.070022561e-02-1.741679013e-02-1.386895310e-02-1.004675962e-02-5.947154481e-03
-1.574455644e-03 3.060303861e-03 7.940710522e-03 1.304635312e-02 1.835366897e-02
 2.383601107e-02 2.946307883e-02 3.520027548e-02 4.100887850e-02 4.684779793e-02
 5.267728493e-02 5.846403912e-02 6.418650597e-02 6.983892620e-02 7.543314248e-02
 8.099777997e-02 8.657471836e-02 9.221382439e-02 9.796715528e-02 1.038841233e-01
 1.100084186e-01 1.163765565e-01 1.230175942e-01 1.299532205e-01 1.371978968e-01
 1.447583288e-01 1.526324898e-01 1.608072817e-01 1.692552865e-01 1.779295653e-01
 1.867571473e-01 1.956311911e-01 2.044041008e-01 2.128854543e-01 2.208508700e-01
 2.280647457e-01 2.343121767e-01 2.394284755e-01 2.433199584e-01 2.459747046e-01
 2.474626452e-01 2.479221374e-01 2.475328594e-01 2.464847863e-01 2.449541688e-01
-2.137216181e-02-2.789908461e-02-3.403358161e-02-3.995664418e-02-4.528917745e-02
-4.709079117e-02-4.725244641e-02-4.633205757e-02-4.467982054e-02-4.253960028e-02
-4.007823020e-02-3.739545494e-02-3.453310579e-02-3.148941696e-02-2.823615633e-02
-2.473409101e-02-2.094456367e-02-1.683723368e-02-1.239482779e-02-7.615367882e-03
-2.511741361e-03 2.891483717e-03 8.563023992e-03 1.446958445e-02 2.057819813e-02
 2.685531043e-02 3.326304257e-02 3.975410759e-02 4.626774788e-02 5.273009464e-02
 5.906163529e-02 6.519071013e-02 7.106754184e-02 7.667398453e-02 8.202767372e-02
 8.718049526e-02 9.221030772e-02 9.720655531e-02 1.022548750e-01 1.074268371e-01
 1.127764955e-01 1.183414757e-01 1.241455972e-01 1.302012950e-01 1.365112662e-01
 1.430690140e-01 1.498585790e-01 1.568534523e-01 1.640146524e-01 1.712884307e-01
 1.786038578e-01 1.858708262e-01 1.929799169e-01 1.998051405e-01 2.062107623e-01
 2.120620459e-01 2.172384858e-01 2.216464877e-01 2.252293825e-01 2.279725671e-01
 2.299032509e-01 2.310844362e-01 2.316046804e-01 2.315659374e-01 2.310722172e-01
-1.896603592e-02-2.632590756e-02-3.432818502e-02-4.338392615e-02-5.337878317e-02
-5.896696448e-02-5.917922035e-02-5.675306916e-02-5.372975767e-02-5.040574446e-02
-4.700987041e-02-4.365083575e-02-4.031759873e-02-3.692473099e-02-3.336162865e-02
-2.952325530e-02-2.532386407e-02-2.070266195e-02-1.562791504e-02-1.010097004e-02
-4.156674724e-03 2.145423554e-03 8.739151992e-03 1.556908432e-02 2.259724587e-02
 2.979839407e-02 3.714788333e-02 4.460433125e-02 5.208807439e-02 5.946425349e-02
 6.655607373e-02 7.319705933e-02 7.927653193e-02 8.475218713e-02 8.965242654e-02
 9.408261627e-02 9.821692854e-02 1.022498086e-01 1.063376293e-01 1.105801538e-01
 1.150325388e-01 1.197212413e-01 1.246548891e-01 1.298304796e-01 1.352364272e-01
 1.408538520e-01 1.466566920e-01 1.526111811e-01 1.586751193e-01 1.647969037e-01
 1.709150374e-01 1.769581735e-01 1.828462780e-01 1.884933114e-01 1.938113868e-01
 1.987164319e-01 2.031342983e-01 2.070068568e-01 2.102964520e-01 2.129885703e-01
 2.150917798e-01 2.166353166e-01 2.176647037e-01 2.182363123e-01 2.184118629e-01
-1.600622013e-02-2.356729284e-02-3.208036721e-02-4.203969985e-02-5.383447558e-02
-6.274908781e-02-6.741365045e-02-6.765280664e-02-6.344743073e-02-5.803670734e-02
-5.334265158e-02-4.944314808e-02-4.602163658e-02-4.270739108e-02-3.920869157e-02
-3.532354161e-02-3.091029637e-02-2.586731128e-02-2.013149485e-02-1.369780768e-02
-6.653390359e-03 8.232732071e-04 8.552337997e-03 1.643692143e-02 2.446040325e-02
 3.265226260e-02 4.106092453e-02 4.973076284e-02 5.866052583e-02 6.765846908e-02
 7.614053041e-02 8.364909887e-02 9.003808349e-02 9.525668621e-02 9.930099547e-02
 1.022873148e-01 1.047152802e-01 1.072181165e-01 1.100226939e-01 1.131707206e-01
 1.166549698e-01 1.204535440e-01 1.245399639e-01 1.288860291e-01 1.334621906e-01
 1.382369101e-01 1.431758702e-01 1.482410729e-01 1.533901691e-01 1.585759372e-01
 1.637462974e-01 1.688446403e-01 1.738110185e-01 1.785839647e-01 1.831029058e-01
 1.873112619e-01 1.911595166e-01 1.946082711e-01 1.976304054e-01 2.002124339e-01
 2.023546249e-01 2.040698975e-01 2.053818852e-01 2.063222975e-01 2.069280148e-01
-1.160478499e-02-1.852558367e-02-2.613627724e-02-3.455425426e-02-4.377940297e-02
-5.359151214e-02-6.225458160e-02-6.671636552e-02-6.650184095e-02-6.122193485e-02
-5.615317449e-02-5.323458090e-02-5.125047639e-02-4.901434109e-02-4.622263089e-02
-4.273337126e-02-3.842526302e-02-3.316583484e-02-2.679919824e-02-1.915266737e-02
-1.016329974e-02-7.167750737e-04 8.443961851e-03 1.738493703e-02 2.626498230e-02
 3.525346518e-02 4.453179240e-02 5.431433022e-02 6.489315629e-02 7.667789608e-02
 8.721884340e-02 9.574359655e-02 1.025184542e-01 1.074082926e-01 1.103478745e-01
 1.110550016e-01 1.104523391e-01 1.111007109e-01 1.125978827e-01 1.147234216e-01
 1.173409596e-01 1.203581393e-01 1.237077415e-01 1.273370087e-01 1.312011033e-01
 1.352591515e-01 1.394716501e-01 1.437989473e-01 1.482001841e-01 1.526328623e-01
 1.570527405e-01 1.614140868e-01 1.656705439e-01 1.697761118e-01 1.736866832e-01
 1.773616374e-01 1.807655543e-01 1.838696897e-01 1.866532862e-01 1.891040355e-01
 1.912184507e-01 1.930011511e-01 1.944640577e-01 1.956249475e-01 1.965059638e-01
-5.994510837e-03-1.182227023e-02-1.805287227e-02-2.468168549e-02-3.162319586e-02
-3.870246559e-02-4.566757381e-02-5.221357942e-02-5.599329248e-02-5.386231095e-02
-5.134265125e-02-5.119967461e-02-5.192472786e-02-5.122584105e-02-4.940687865e-02
-4.655139148e-02-4.260823131e-02-3.745457157e-02-3.087718040e-02-2.247285470e-02
-1.149854902e-02-2.580575238e-04 9.741449729e-03 1.912041381e-02 2.825836465e-02
 3.742929175e-02 4.687904194e-02 5.687825754e-02 6.777432561e-02 7.994775474e-02
 9.084562957e-02 9.954317659e-02 1.062827408e-01 1.109925732e-01 1.135372519e-01
 1.135888621e-01 1.122707725e-01 1.122426763e-01 1.131419614e-01 1.147102863e-01
 1.167849600e-01 1.192607507e-01 1.220645234e-01 1.251404136e-01 1.284416765e-01
 1.319264621e-01 1.355554760e-01 1.392906457e-01 1.430943906e-01 1.469292045e-01
 1.507575512e-01 1.545419842e-01 1.582456678e-01 1.618330032e-01 1.652703583e-01
 1.685271710e-01 1.715766490e-01 1.743967533e-01 1.769707650e-01 1.792876720e-01
 1.813422889e-01 1.831349581e-01 1.846710443e-01 1.859603077e-01 1.870159209e-01
 0.161834407E+01 0.164053023E+01 0.165489852E+01 0.167157304E+01 0.168890572E+01
 0.171011484E+01 0.172736001E+01 0.174527693E+01 0.176385629E+01 0.178278184E+01
 0.180214298E+01 0.182212007E+01 0.184233594E+01 0.186288619E+01 0.188417494E+01
 0.190581727E+01 0.192791343E+01 0.195057499E+01 0.197386932E+01 0.199760783E+01
 0.202197504E+01 0.204699159E+01 0.207277179E+01 0.209911156E+01 0.212615919E+01
 0.215407968E+01 0.218286228E+01 0.221238637E+01 0.224282002E+01 0.227428246E+01
 0.230684018E+01 0.234038091E+01 0.237507653E+01 0.241099739E+01 0.244834948E+01
 0.248708463E+01 0.252721214E+01 0.256899786E+01 0.261248350E+01 0.265799832E+01
 0.270535803E+01 0.275500131E+01 0.280691528E+01 0.286157370E+01 0.291897583E+01
 0.297938824E+01 0.304334450E+01 0.311089993E+01 0.318287325E+01 0.325934720E+01
 0.334158397E+01 0.342950773E+01 0.352486444E+01 0.362827492E+01 0.374132466E+01
 0.386548209E+01 0.400380087E+01 0.415930319E+01 0.433708572E+01 0.454444838E+01
 0.479322481E+01 0.510651302E+01 0.553312969E+01 0.621070290E+01 0.107190542E+02
   90   86
 0.107736659E+01-0.500000007E-01 0.107784164E+01 0.360887423E-01 0.108126187E+01
 0.102054179E+00 0.109135294E+01 0.200000003E+00 0.110541213E+01 0.288822502E+00
 0.111686015E+01 0.349999994E+00 0.113218749E+01 0.422630996E+00 0.114960992E+01
 0.500000000E+00 0.116151547E+01 0.550000012E+00 0.118449485E+01 0.645338833E+00
 0.119814444E+01 0.699999988E+00 0.121237051E+01 0.756978333E+00 0.123636544E+01
 0.847106218E+00 0.125279140E+01 0.899999976E+00 0.127336133E+01 0.949999988E+00
 0.131065536E+01 0.998026013E+00 0.134468746E+01 0.101547372E+01 0.139781249E+01
 0.101760662E+01 0.145093751E+01 0.100727332E+01 0.148096752E+01 0.997705817E+00
 0.153062499E+01 0.981072664E+00 0.158375001E+01 0.958505094E+00 0.161031246E+01
 0.945135951E+00 0.166343749E+01 0.917335570E+00 0.169140315E+01 0.899984658E+00
 0.174312496E+01 0.867173374E+00 0.176968753E+01 0.847771704E+00 0.182281256E+01
 0.807884574E+00 0.184937501E+01 0.785796046E+00 0.188943505E+01 0.750000000E+00
 0.192906249E+01 0.712759674E+00 0.195562506E+01 0.685414016E+00 0.198796010E+01
 0.649999976E+00 0.202922249E+01 0.600000024E+00 0.206187510E+01 0.556838334E+00
 0.208843756E+01 0.517323077E+00 0.211500001E+01 0.473483562E+00 0.214156246E+01
 0.424585491E+00 0.216812491E+01 0.369625598E+00 0.219468760E+01 0.307041556E+00
 0.221528792E+01 0.250000000E+00 0.223108411E+01 0.200000003E+00 0.224781251E+01
 0.129608244E+00 0.225971603E+01 0.500000007E-01 0.226001692E+01-0.500000007E-01
 0.224781251E+01-0.134105772E+00 0.223256707E+01-0.200000003E+00 0.221735597E+01
-0.250000000E+00 0.219468760E+01-0.314596891E+00 0.216812491E+01-0.379125297E+00
 0.214156246E+01-0.436001360E+00 0.211500001E+01-0.486807674E+00 0.208843756E+01
-0.532607496E+00 0.206187510E+01-0.574254930E+00 0.203531241E+01-0.612411141E+00
 0.200599027E+01-0.650854647E+00 0.196517336E+01-0.699999988E+00 0.192906249E+01
-0.740440965E+00 0.190250003E+01-0.768936455E+00 0.187141681E+01-0.800000012E+00
 0.182308149E+01-0.845967293E+00 0.179624999E+01-0.870127678E+00 0.175990582E+01
-0.899999976E+00 0.171656251E+01-0.934924006E+00 0.168827999E+01-0.955719769E+00
 0.163687503E+01-0.991003454E+00 0.161031246E+01-0.100825930E+01 0.155718756E+01
-0.103898323E+01 0.152789330E+01-0.105459893E+01 0.147749996E+01-0.107962394E+01
 0.143190372E+01-0.109863484E+01 0.139781249E+01-0.111347914E+01 0.134468746E+01
-0.113136590E+01 0.129156256E+01-0.114484751E+01 0.125846863E+01-0.115351057E+01
 0.120723438E+01-0.116269183E+01 0.121026027E+01-0.109486628E+01 0.121087933E+01
-0.100000000E+01 0.120569479E+01-0.899999976E+00 0.119441772E+01-0.800000012E+00
 0.118531251E+01-0.742000699E+00 0.116892540E+01-0.649999976E+00 0.115868938E+01
-0.597244859E+00 0.113937819E+01-0.500000000E+00 0.112941563E+01-0.449999988E+00
 0.111075687E+01-0.349999994E+00 0.110215640E+01-0.300000012E+00 0.108824146E+01
-0.200000003E+00 0.108023906E+01-0.108403899E+00 0.107736659E+01-0.500000007E-01
 0.101600003E+01 0.000000000E+00 0.101600003E+01 0.963999987E+00 0.101600003E+01
 0.967999995E+00 0.101600003E+01 0.100100005E+01 0.101600003E+01 0.101900005E+01
 0.101600003E+01 0.107700002E+01 0.101600003E+01 0.107000005E+01 0.101600003E+01
 0.109599996E+01 0.101600003E+01 0.111300004E+01 0.101600003E+01 0.113800001E+01
 0.101600003E+01 0.114699996E+01 0.101199996E+01 0.116499996E+01 0.100100005E+01
 0.121700001E+01 0.102900004E+01 0.121700001E+01 0.104200006E+01 0.116240001E+01
 0.104600000E+01 0.116237998E+01 0.105599999E+01 0.116260004E+01 0.109700000E+01
 0.116450000E+01 0.110800004E+01 0.116594005E+01 0.111600006E+01 0.116591001E+01
 0.113399994E+01 0.116895998E+01 0.114800000E+01 0.117174995E+01 0.116199994E+01
 0.117556000E+01 0.118099999E+01 0.118299997E+01 0.118200004E+01 0.118350005E+01
 0.118499994E+01 0.118499994E+01 0.119000006E+01 0.118799996E+01 0.119500005E+01
 0.119099998E+01 0.120099998E+01 0.119599998E+01 0.120899999E+01 0.120200002E+01
 0.121500003E+01 0.120799994E+01 0.122200000E+01 0.121399999E+01 0.122800004E+01
 0.122099996E+01 0.123399997E+01 0.123099995E+01 0.123899996E+01 0.123800004E+01
 0.124199998E+01 0.124399996E+01 0.124800003E+01 0.125399995E+01 0.125800002E+01
 0.127800000E+01 0.126300001E+01 0.128999996E+01 0.127999997E+01 0.133099997E+01
 0.127999997E+01 0.134700000E+01 0.127999997E+01 0.134800005E+01 0.130999994E+01
 0.134800005E+01 0.132799995E+01 0.134800005E+01 0.136099994E+01 0.134800005E+01
 0.138000000E+01 0.134800005E+01 0.141900003E+01 0.134800005E+01 0.141900003E+01
 0.130999994E+01 0.137199998E+01 0.130999994E+01 0.137199998E+01 0.129200006E+01
 0.160800004E+01 0.109500003E+01 0.164699996E+01 0.107700002E+01 0.178499997E+01
 0.107700002E+01 0.206999993E+01 0.103999996E+01 0.212800002E+01 0.992999971E+00
 0.224499989E+01 0.708999991E+00 0.232299995E+01 0.518999994E+00 0.237700009E+01
 0.388999999E+00 0.236249995E+01 0.400000006E+00 0.236443496E+01 0.222000003E+00
 0.236496902E+01 0.133000001E+00 0.236532402E+01 0.439999998E-01 0.236512089E+01
-0.439999998E-01 0.236484194E+01-0.133000001E+00 0.236433411E+01-0.222000003E+00
 0.236249995E+01-0.400000006E+00 0.237700009E+01-0.388999999E+00 0.213400006E+01
-0.972999990E+00 0.178600001E+01-0.117400002E+01 0.176800001E+01-0.121099997E+01
 0.176800001E+01-0.125000000E+01 0.168200004E+01-0.125000000E+01 0.137199998E+01
-0.125000000E+01 0.137199998E+01-0.132900000E+01 0.141999996E+01-0.132900000E+01
 0.141999996E+01-0.136300004E+01 0.127300000E+01-0.136300004E+01 0.115300000E+01
-0.136300004E+01 0.101600003E+01-0.122300005E+01 0.101600003E+01-0.122300005E+01
 0.101600003E+01-0.829999983E+00 0.101600003E+01-0.800000012E+00 0.101600003E+01
-0.414999992E+00 0.101600003E+01-0.400000006E+00 0.101600003E+01-0.100000005E-02
 0.101600003E+01 0.000000000E+00
    0 0.169550002E+01    0
 0.000000000E+00 0.960403904E-01 0.136409327E+00 0.167590082E+00 0.194076449E+00
 0.216255516E+00 0.237763911E+00 0.257759422E+00 0.276467294E+00 0.294186771E+00
 0.311084896E+00 0.327292472E+00 0.342853397E+00 0.357958734E+00 0.372604907E+00
 0.386829704E+00 0.400719672E+00 0.414314955E+00 0.427629143E+00 0.440671086E+00
 0.453483731E+00 0.466152072E+00 0.478599846E+00 0.490873396E+00 0.503008008E+00
 0.515015781E+00 0.526920795E+00 0.538697958E+00 0.550365031E+00 0.561952770E+00
 0.573510647E+00 0.584953964E+00 0.596355915E+00 0.607696235E+00 0.619023263E+00
 0.630314231E+00 0.641575515E+00 0.652824521E+00 0.664049029E+00 0.675312757E+00
 0.686549783E+00 0.697829664E+00 0.709115744E+00 0.720454276E+00 0.731828570E+00
 0.743244410E+00 0.754743516E+00 0.766294122E+00 0.777954161E+00 0.789682031E+00
 0.801557362E+00 0.813515663E+00 0.825651288E+00 0.837936282E+00 0.850416481E+00
 0.863084197E+00 0.876023650E+00 0.889238417E+00 0.902783692E+00 0.916721940E+00
 0.931146979E+00 0.946218312E+00 0.962141097E+00 0.979369819E+00 0.100000000E+01
    0
