  EFITD    06/25/2013    #1553551244.0ms  EFIT01   0  65  65
 0.170000005E+01 0.320000005E+01 0.169550002E+01 0.839999974E+00 0.000000000E+00
 0.182431984E+01-0.138081498E-01-0.196811870E+00-0.133918095E-01 0.165771973E+01
 0.102274219E+07-0.196811870E+00 0.000000000E+00 0.182431984E+01 0.000000000E+00
-0.138081498E-01 0.000000000E+00-0.133918095E-01 0.000000000E+00 0.000000000E+00
 0.274930644E+01 0.275212169E+01 0.275484180E+01 0.275746822E+01 0.276000333E+01
 0.276244879E+01 0.276480651E+01 0.276707840E+01 0.276926613E+01 0.277137184E+01
 0.277339673E+01 0.277534342E+01 0.277721334E+01 0.277900791E+01 0.278072977E+01
 0.278237963E+01 0.278396010E+01 0.278547263E+01 0.278691864E+01 0.278830051E+01
 0.278961921E+01 0.279087710E+01 0.279207540E+01 0.279321599E+01 0.279430056E+01
 0.279533100E+01 0.279630876E+01 0.279723525E+01 0.279811287E+01 0.279894257E+01
 0.279972625E+01 0.280046558E+01 0.280116248E+01 0.280181813E+01 0.280243444E+01
 0.280301309E+01 0.280355525E+01 0.280406332E+01 0.280453825E+01 0.280498219E+01
 0.280539656E+01 0.280578279E+01 0.280614257E+01 0.280647802E+01 0.280678988E+01
 0.280708051E+01 0.280735111E+01 0.280760360E+01 0.280783939E+01 0.280806017E+01
 0.280826759E+01 0.280846310E+01 0.280864835E+01 0.280882502E+01 0.280899501E+01
 0.280915928E+01 0.280931997E+01 0.280947852E+01 0.280963659E+01 0.280979586E+01
 0.280995750E+01 0.281012368E+01 0.281029558E+01 0.281047511E+01 0.281066370E+01
 0.113677734E+06 0.110554859E+06 0.107474727E+06 0.104437352E+06 0.101442727E+06
 0.984908438E+05 0.955817266E+05 0.927153516E+05 0.898917266E+05 0.871108594E+05
 0.843727422E+05 0.816773750E+05 0.790247578E+05 0.764148906E+05 0.738477812E+05
 0.713234141E+05 0.688418047E+05 0.664029453E+05 0.640068398E+05 0.616534805E+05
 0.593428750E+05 0.570750195E+05 0.548499180E+05 0.526675664E+05 0.505279648E+05
 0.484311133E+05 0.463770156E+05 0.443656719E+05 0.423970742E+05 0.404712305E+05
 0.385881367E+05 0.367477969E+05 0.349502070E+05 0.331953672E+05 0.314832812E+05
 0.298139434E+05 0.281873574E+05 0.266035254E+05 0.250624414E+05 0.235641094E+05
 0.221085312E+05 0.206957031E+05 0.193256230E+05 0.179982988E+05 0.167137246E+05
 0.154719004E+05 0.142728281E+05 0.131165068E+05 0.120029375E+05 0.109321191E+05
 0.990405273E+04 0.891873633E+04 0.797617236E+04 0.707635889E+04 0.621929688E+04
 0.540498633E+04 0.463342725E+04 0.390461938E+04 0.321856274E+04 0.257525732E+04
 0.197470337E+04 0.141690051E+04 0.901849060E+03 0.429548889E+03 0.000000000E+00
 0.274837661E+01 0.265865564E+01 0.257051349E+01 0.248395061E+01 0.239896679E+01
 0.231556225E+01 0.223373652E+01 0.215349007E+01 0.207482266E+01 0.199773431E+01
 0.192222512E+01 0.184829497E+01 0.177594399E+01 0.170517218E+01 0.163597929E+01
 0.156836557E+01 0.150233102E+01 0.143787551E+01 0.137499917E+01 0.131370187E+01
 0.125398362E+01 0.119584453E+01 0.113928449E+01 0.108430362E+01 0.103090179E+01
 0.979079068E+00 0.928835452E+00 0.880170941E+00 0.833085537E+00 0.787579179E+00
 0.743652046E+00 0.701303899E+00 0.660534918E+00 0.621344924E+00 0.583734155E+00
 0.547702432E+00 0.513249815E+00 0.480376273E+00 0.449081898E+00 0.419366539E+00
 0.391230345E+00 0.364673227E+00 0.339695185E+00 0.316296279E+00 0.294476449E+00
 0.274235725E+00 0.255574077E+00 0.238491565E+00 0.222988129E+00 0.209063798E+00
 0.196718574E+00 0.185952455E+00 0.176765412E+00 0.169157475E+00 0.163128644E+00
 0.158678919E+00 0.155808270E+00 0.154516742E+00 0.154804304E+00 0.156670973E+00
 0.160116732E+00 0.165141597E+00 0.171745569E+00 0.179928616E+00 0.189690769E+00
-0.109733350E+07-0.108241075E+07-0.106748788E+07-0.105256500E+07-0.103764225E+07
-0.102271938E+07-0.100779662E+07-0.992873750E+06-0.977950938E+06-0.963028125E+06
-0.948105312E+06-0.933182500E+06-0.918259625E+06-0.903336812E+06-0.888414000E+06
-0.873491188E+06-0.858568375E+06-0.843645500E+06-0.828722750E+06-0.813799875E+06
-0.798877062E+06-0.783954250E+06-0.769031438E+06-0.754108625E+06-0.739185750E+06
-0.724262938E+06-0.709340125E+06-0.694417312E+06-0.679494500E+06-0.664571625E+06
-0.649648875E+06-0.634726062E+06-0.619803188E+06-0.604880375E+06-0.589957562E+06
-0.575034750E+06-0.560111938E+06-0.545189125E+06-0.530266312E+06-0.515343469E+06
-0.500420625E+06-0.485497812E+06-0.470574969E+06-0.455652156E+06-0.440729344E+06
-0.425806531E+06-0.410883688E+06-0.395960875E+06-0.381038062E+06-0.366115219E+06
-0.351192406E+06-0.336269594E+06-0.321346750E+06-0.306423938E+06-0.291501125E+06
-0.276578281E+06-0.261655469E+06-0.246732656E+06-0.231809828E+06-0.216887000E+06
-0.201964188E+06-0.187041359E+06-0.172118531E+06-0.157195719E+06-0.142272891E+06
 1.355269365e-02 1.102218777e-02 8.455216885e-03 5.813035648e-03 3.066249890e-03
 1.882787619e-04-2.858019201e-03-6.136226933e-03-9.664383717e-03-1.353128534e-02
-1.829248294e-02-2.464450151e-02-3.129687533e-02-3.562989831e-02-3.816718981e-02
-3.912203386e-02-3.853623569e-02-3.634793684e-02-3.235754743e-02-2.613740414e-02
-1.686024107e-02-7.149978075e-03 9.982469492e-04 8.276223205e-03 1.507389266e-02
 2.163470536e-02 2.813664638e-02 3.473524377e-02 4.159482196e-02 4.889350384e-02
 5.572647974e-02 6.180652604e-02 6.724271923e-02 7.198409736e-02 7.599882782e-02
 7.918249071e-02 8.189491183e-02 8.510170877e-02 8.866196871e-02 9.249161929e-02
 9.654122591e-02 1.007798836e-01 1.051848903e-01 1.097357422e-01 1.144112051e-01
 1.191881895e-01 1.240413487e-01 1.289430559e-01 1.338634342e-01 1.387705356e-01
 1.436306536e-01 1.484087110e-01 1.530690640e-01 1.575762480e-01 1.618959606e-01
 1.659962833e-01 1.698487401e-01 1.734292954e-01 1.767192930e-01 1.797060221e-01
 1.823829263e-01 1.847495735e-01 1.868112087e-01 1.885780692e-01 1.900645047e-01
 9.174034931e-03 6.380056962e-03 3.643733216e-03 9.335308569e-04-1.789175323e-03
-4.565866198e-03-7.382875308e-03-1.020645164e-02-1.310564950e-02-1.618452184e-02
-1.977450959e-02-2.398242988e-02-2.807761729e-02-3.105312400e-02-3.277555108e-02
-3.323844075e-02-3.241571039e-02-3.024012037e-02-2.659977041e-02-2.135413140e-02
-1.448682975e-02-7.036000025e-03 5.788897397e-05 6.799768191e-03 1.331273746e-02
 1.972306706e-02 2.615108714e-02 3.272014484e-02 3.957473487e-02 4.687444866e-02
 5.375069752e-02 5.990785733e-02 6.544465572e-02 7.034595311e-02 7.457114756e-02
 7.800970227e-02 8.105374873e-02 8.462104201e-02 8.858066797e-02 9.284833074e-02
 9.737161547e-02 1.021150649e-01 1.070517004e-01 1.121580303e-01 1.174109429e-01
 1.227858365e-01 1.282555312e-01 1.337895989e-01 1.393540055e-01 1.449110210e-01
 1.504194736e-01 1.558352113e-01 1.611120254e-01 1.662029177e-01 1.710617095e-01
 1.756449044e-01 1.799135804e-01 1.838352978e-01 1.873856336e-01 1.905491054e-01
 1.933197230e-01 1.957006156e-01 1.977032870e-01 1.993462592e-01 2.006534487e-01
 4.188206978e-03 1.218490303e-03-1.555151306e-03-4.173296504e-03-6.694592535e-03
-9.001056664e-03-1.112073474e-02-1.311099250e-02-1.501541585e-02-1.699341834e-02
-1.907758974e-02-2.115256153e-02-2.298932150e-02-2.432633191e-02-2.496332116e-02
-2.477445081e-02-2.368121594e-02-2.163484879e-02-1.861928217e-02-1.467719022e-02
-9.951933287e-03-4.689668305e-03 8.609300130e-04 6.546770688e-03 1.230952516e-02
 1.814700291e-02 2.408415824e-02 3.015584871e-02 3.639075905e-02 4.275018349e-02
 4.894937947e-02 5.480107665e-02 6.027794257e-02 6.537205726e-02 7.007902861e-02
 7.442248613e-02 7.863082737e-02 8.302178979e-02 8.765879273e-02 9.254256636e-02
 9.766303003e-02 1.030071005e-01 1.085601598e-01 1.143057868e-01 1.202249378e-01
 1.262950450e-01 1.324891299e-01 1.387750506e-01 1.451147795e-01 1.514641196e-01
 1.577724963e-01 1.639834940e-01 1.700358093e-01 1.758651733e-01 1.814067960e-01
 1.865986437e-01 1.913848817e-01 1.957193464e-01 1.995683312e-01 2.029125690e-01
 2.057478577e-01 2.080844790e-01 2.099453360e-01 2.113633752e-01 2.123785764e-01
-1.874487614e-03-5.009403918e-03-7.646156941e-03-9.847648442e-03-1.172283571e-02
-1.319937129e-02-1.436583232e-02-1.540496200e-02-1.642507687e-02-1.743834466e-02
-1.841606013e-02-1.928724721e-02-1.994665526e-02-2.027409151e-02-2.015634254e-02
-1.950145699e-02-1.824419945e-02-1.634804718e-02-1.380816754e-02-1.065557823e-02
-6.957713515e-03-2.808427438e-03 1.693003927e-03 6.462885998e-03 1.144278329e-02
 1.659727097e-02 2.190522291e-02 2.734843455e-02 3.289837018e-02 3.850403801e-02
 4.409472644e-02 4.960517585e-02 5.499599874e-02 6.025573239e-02 6.540015340e-02
 7.047668099e-02 7.556390762e-02 8.074863255e-02 8.609682322e-02 9.164746851e-02
 9.742029756e-02 1.034230664e-01 1.096556485e-01 1.161119044e-01 1.227800995e-01
 1.296427399e-01 1.366757005e-01 1.438472718e-01 1.511169076e-01 1.584341228e-01
 1.657375097e-01 1.729545742e-01 1.800024807e-01 1.867904067e-01 1.932234019e-01
 1.992081255e-01 2.046595067e-01 2.095073909e-01 2.137023807e-01 2.172195017e-01
 2.200594395e-01 2.222468555e-01 2.238263935e-01 2.248571664e-01 2.254065722e-01
-1.001842692e-02-1.350317802e-02-1.564490609e-02-1.675552502e-02-1.731313206e-02
-1.753677800e-02-1.765843481e-02-1.776728034e-02-1.789560728e-02-1.803902723e-02
-1.816568337e-02-1.822225004e-02-1.814047247e-02-1.784525439e-02-1.726319641e-02
-1.632996462e-02-1.499557588e-02-1.322777383e-02-1.101390086e-02-8.361156099e-03
-5.294517148e-03-1.851870795e-03 1.922905212e-03 5.986754782e-03 1.030192059e-02
 1.483712159e-02 1.956591383e-02 2.446344495e-02 2.950318530e-02 3.465552628e-02
 3.988987952e-02 4.517992586e-02 5.050919577e-02 5.587470904e-02 6.128840521e-02
 6.677643955e-02 7.237567008e-02 7.812723517e-02 8.406963944e-02 9.023434669e-02
 9.664461017e-02 1.033160239e-01 1.102574766e-01 1.174717546e-01 1.249556094e-01
 1.326992065e-01 1.406849027e-01 1.488855630e-01 1.572622210e-01 1.657613069e-01
 1.743116826e-01 1.828221828e-01 1.911804229e-01 1.992545277e-01 2.068987787e-01
 2.139639258e-01 2.203106731e-01 2.258241326e-01 2.304259688e-01 2.340824306e-01
 2.368062139e-01 2.386526614e-01 2.397100627e-01 2.400870025e-01 2.398993671e-01
-2.287528105e-02-2.826472558e-02-2.744793333e-02-2.517410181e-02-2.345569246e-02
-2.206487767e-02-2.093576267e-02-2.002503164e-02-1.929044724e-02-1.868487708e-02
-1.815493591e-02-1.764166541e-02-1.708260365e-02-1.641480997e-02-1.557836216e-02
-1.451972593e-02-1.319455914e-02-1.156966668e-02-9.623987600e-03-7.348497864e-03
-4.744989797e-03-1.823829720e-03 1.398894819e-03 4.904235248e-03 8.672623895e-03
 1.268514432e-02 1.692385972e-02 2.137156576e-02 2.601153217e-02 3.082777187e-02
 3.580614179e-02 4.093614966e-02 4.621285573e-02 5.163837597e-02 5.722244829e-02
 6.298193336e-02 6.893926114e-02 7.512007654e-02 8.155070245e-02 8.825606108e-02
 9.525837749e-02 1.025765166e-01 1.102256924e-01 1.182172373e-01 1.265580952e-01
 1.352499127e-01 1.442874223e-01 1.536559612e-01 1.633277386e-01 1.732566655e-01
 1.833714247e-01 1.935672015e-01 2.036974132e-01 2.135691792e-01 2.229479402e-01
 2.315766513e-01 2.392074913e-01 2.456358820e-01 2.507270575e-01 2.544320822e-01
 2.567928135e-01 2.579335272e-01 2.580369711e-01 2.573113143e-01 2.559598684e-01
-3.237551451e-02-3.884598613e-02-3.664941713e-02-3.198115155e-02-2.837654948e-02
-2.556467615e-02-2.334486879e-02-2.157926746e-02-2.016329579e-02-1.900958642e-02
-1.804005541e-02-1.718228497e-02-1.636827365e-02-1.553447545e-02-1.462256070e-02
-1.358046569e-02-1.236341335e-02-1.093471050e-02-9.266114794e-03-7.337703835e-03
-5.137223285e-03-2.658992307e-03 9.747200238e-05 3.128919052e-03 6.429703441e-03
 9.992836975e-03 1.381071657e-02 1.787563972e-02 2.218026482e-02 2.671819925e-02
 3.148473427e-02 3.647772968e-02 4.169847071e-02 4.715229571e-02 5.284888297e-02
 5.880209804e-02 6.502936780e-02 7.155083865e-02 7.838836312e-02 8.556459099e-02
 9.310231358e-02 1.010240018e-01 1.093515456e-01 1.181060299e-01 1.273074448e-01
 1.369740069e-01 1.471209377e-01 1.577582657e-01 1.688869148e-01 1.804920435e-01
 1.925319582e-01 2.049203515e-01 2.174994349e-01 2.300060540e-01 2.420467436e-01
 2.531258166e-01 2.627512515e-01 2.705365121e-01 2.762393057e-01 2.797766030e-01
 2.812467813e-01 2.809393406e-01 2.792722583e-01 2.766717076e-01 2.734937370e-01
-3.612142801e-02-4.291463643e-02-4.007611051e-02-3.470030800e-02-3.033196554e-02
-2.681450546e-02-2.400643751e-02-2.177692577e-02-2.000964805e-02-1.860184409e-02
-1.746221632e-02-1.650897413e-02-1.566837169e-02-1.487375796e-02-1.406504400e-02
-1.318848133e-02-1.219668798e-02-1.104884129e-02-9.710732847e-03-8.154611103e-03
-6.358814891e-03-4.307215568e-03-1.988504548e-03 6.046919734e-04 3.476860002e-03
 6.630503107e-03 1.006680913e-02 1.378619950e-02 1.778887399e-02 2.207541093e-02
 2.664737031e-02 3.150788322e-02 3.666216880e-02 4.211795703e-02 4.788574576e-02
 5.397883430e-02 6.041324139e-02 6.720749289e-02 7.438235730e-02 8.196063340e-02
 8.996708691e-02 9.842850268e-02 1.073739380e-01 1.168350726e-01 1.268467307e-01
 1.374474615e-01 1.486798376e-01 1.605907977e-01 1.732308567e-01 1.866515875e-01
 2.008990794e-01 2.159975022e-01 2.319093943e-01 2.484431118e-01 2.650609910e-01
 2.804356515e-01 2.933736444e-01 3.032977581e-01 3.098476827e-01 3.128213882e-01
 3.122213185e-01 3.086900115e-01 3.036071360e-01 2.978325784e-01 2.918892503e-01
-3.484870121e-02-4.160174727e-02-3.886548430e-02-3.339059651e-02-2.889459766e-02
-2.527531795e-02-2.241226844e-02-2.018104494e-02-1.846352220e-02-1.715230756e-02
-1.615170017e-02-1.537694130e-02-1.475282665e-02-1.421222370e-02-1.369468682e-02
-1.314529963e-02-1.251397375e-02-1.175615937e-02-1.083283778e-02-9.710322134e-03
-8.360068314e-03-6.758545525e-03-4.887153860e-03-2.731904853e-03-2.815416956e-04
 2.473514294e-03 5.541321822e-03 8.928546682e-03 1.264085993e-02 1.668370515e-02
 2.106286399e-02 2.578490227e-02 3.085760400e-02 3.629032895e-02 4.209432751e-02
 4.828293622e-02 5.487177521e-02 6.187884137e-02 6.932472438e-02 7.723280787e-02
 8.562965691e-02 9.454557300e-02 1.040154323e-01 1.140797660e-01 1.247863397e-01
 1.361922026e-01 1.483665109e-01 1.613943726e-01 1.753822267e-01 1.904656887e-01
 2.068213522e-01 2.246863395e-01 2.443950027e-01 2.664702535e-01 2.913649678e-01
 3.138868511e-01 3.317604661e-01 3.448532224e-01 3.528845608e-01 3.552238047e-01
 3.516794741e-01 3.412838578e-01 3.297113776e-01 3.190577328e-01 3.094407320e-01
-2.922019176e-02-3.578604385e-02-3.327346593e-02-2.806382626e-02-2.393273823e-02
-2.075219899e-02-1.836075634e-02-1.660907082e-02-1.536701899e-02-1.452370733e-02
-1.398489345e-02-1.366991736e-02-1.350884605e-02-1.343995892e-02-1.340732910e-02
-1.335793082e-02-1.323697157e-02-1.299675927e-02-1.259466074e-02-1.199224498e-02
-1.115500461e-02-1.005271450e-02-8.661030792e-03-6.966303103e-03-4.954392556e-03
-2.609306015e-03 8.336087922e-05 3.135047853e-03 6.554172374e-03 1.034903992e-02
 1.452807989e-02 1.909984462e-02 2.407342196e-02 2.945886366e-02 3.526751697e-02
 4.151233658e-02 4.820820317e-02 5.537221953e-02 6.302411854e-02 7.118672878e-02
 7.988663763e-02 8.915504813e-02 9.902895242e-02 1.095527261e-01 1.207802445e-01
 1.327779442e-01 1.456289887e-01 1.594392806e-01 1.743464023e-01 1.905330569e-01
 2.082483768e-01 2.278424948e-01 2.498239577e-01 2.749444842e-01 3.042466342e-01
 3.343058825e-01 3.576931655e-01 3.743169308e-01 3.843206465e-01 3.875940740e-01
 3.831534684e-01 3.704263866e-01 3.517898619e-01 3.360836506e-01 3.229720891e-01
-1.906380244e-02-2.540428378e-02-2.274342999e-02-1.830449700e-02-1.525004767e-02
-1.319873240e-02-1.188726444e-02-1.113052666e-02-1.079528779e-02-1.078121830e-02
-1.100926660e-02-1.141471509e-02-1.194297802e-02-1.254708599e-02-1.318637189e-02
-1.382643636e-02-1.437670644e-02-1.479413640e-02-1.503602788e-02-1.506053563e-02
-1.482634526e-02-1.429130230e-02-1.340888347e-02-1.220577396e-02-1.066973433e-02
-8.766171522e-03-6.469606422e-03-3.763812594e-03-6.480240845e-04 2.888090676e-03
 6.855632178e-03 1.126369089e-02 1.612119935e-02 2.143780701e-02 2.722392417e-02
 3.349117935e-02 4.025273398e-02 4.752361402e-02 5.532114953e-02 6.366555393e-02
 7.258065045e-02 8.209476620e-02 9.224186838e-02 1.030631214e-01 1.146088541e-01
 1.269412935e-01 1.401381940e-01 1.542980373e-01 1.695468426e-01 1.860480607e-01
 2.040159702e-01 2.237332761e-01 2.455723286e-01 2.700152099e-01 2.976667881e-01
 3.290681541e-01 3.558307290e-01 3.751175106e-01 3.871904612e-01 3.921311796e-01
 3.901223242e-01 3.801696599e-01 3.620764911e-01 3.435550332e-01 3.287829459e-01
-9.740809910e-04-6.021446083e-03-5.212023389e-03-3.486473113e-03-2.931179712e-03
-2.983558923e-03-3.429402132e-03-4.159154370e-03-5.104034673e-03-6.214187946e-03
-7.449759170e-03-8.776799776e-03-1.016524341e-02-1.158788055e-02-1.301986631e-02
-1.443855744e-02-1.575293392e-02-1.692004502e-02-1.789739914e-02-1.864315383e-02
-1.911652647e-02-1.927860640e-02-1.909427345e-02-1.853716560e-02-1.757833734e-02
-1.618423685e-02-1.431843266e-02-1.193869766e-02-9.140750393e-03-5.880744196e-03
-2.135089599e-03 2.099233214e-03 6.827914156e-03 1.206014212e-02 1.780380867e-02
 2.406821027e-02 3.086378612e-02 3.820199147e-02 4.609590396e-02 5.456081778e-02
 6.361486763e-02 7.327973098e-02 8.358144760e-02 9.455139935e-02 1.062275469e-01
 1.186559275e-01 1.318924725e-01 1.460051984e-01 1.610766202e-01 1.772062778e-01
 1.945127547e-01 2.131343186e-01 2.332266569e-01 2.549575567e-01 2.785061002e-01
 3.041191995e-01 3.302990198e-01 3.492043018e-01 3.617913425e-01 3.685631752e-01
 3.692953587e-01 3.644665480e-01 3.532601893e-01 3.371858299e-01 3.243443072e-01
 2.478951402e-02 2.313229442e-02 1.860781759e-02 1.443599630e-02 1.124844514e-02
 8.486172184e-03 5.927667953e-03 3.471038304e-03 1.065280172e-03-1.315375324e-03
-3.682697657e-03-6.040039472e-03-8.385379799e-03-1.071307994e-02-1.301488001e-02
-1.528035756e-02-1.742276549e-02-1.940160617e-02-2.117574587e-02-2.270392142e-02
-2.394525707e-02-2.485983446e-02-2.540928125e-02-2.555712871e-02-2.526765130e-02
-2.450578660e-02-2.323856764e-02-2.143828757e-02-1.908972859e-02-1.616442204e-02
-1.262642350e-02-8.561620489e-03-3.970302176e-03 1.173341530e-03 6.865125149e-03
 1.311304979e-02 1.992537081e-02 2.730790898e-02 3.526752815e-02 4.381252453e-02
 5.295307189e-02 6.270154566e-02 7.307277620e-02 8.408436924e-02 9.575695544e-02
 1.081143022e-01 1.211832017e-01 1.349928528e-01 1.495732963e-01 1.649523228e-01
 1.811494827e-01 1.981653422e-01 2.159622163e-01 2.344288528e-01 2.533110678e-01
 2.720605433e-01 2.895697057e-01 3.043796718e-01 3.156166971e-01 3.230030537e-01
 3.265246153e-01 3.263582587e-01 3.229825497e-01 3.174503744e-01 3.112463057e-01
 4.294330999e-02 4.231222346e-02 3.618777171e-02 2.955739200e-02 2.397142909e-02
 1.911189780e-02 1.474984735e-02 1.073016413e-02 6.949741393e-03 3.339829156e-03
-1.456271712e-04-3.537376644e-03-6.855560932e-03-1.011270657e-02-1.331552025e-02
-1.645018160e-02-1.944557764e-02-2.226309851e-02-2.486262843e-02-2.720328607e-02
-2.924393676e-02-3.094358370e-02-3.226167709e-02-3.315829113e-02-3.359419480e-02
-3.353115171e-02-3.293258697e-02-3.176452965e-02-2.999638952e-02-2.759972587e-02
-2.455152757e-02-2.084186114e-02-1.645300537e-02-1.135700010e-02-5.720015615e-03
 5.072861677e-04 7.340484764e-03 1.476741489e-02 2.278745174e-02 3.140034527e-02
 4.060740024e-02 5.041071773e-02 6.081298366e-02 7.181718200e-02 8.342609555e-02
 9.564154595e-02 1.084629968e-01 1.218854785e-01 1.358962357e-01 1.504696459e-01
 1.655595452e-01 1.810878515e-01 1.969280690e-01 2.128823549e-01 2.286534905e-01
 2.438227832e-01 2.578656375e-01 2.702391446e-01 2.805069089e-01 2.884124517e-01
 2.938892245e-01 2.970536053e-01 2.982017398e-01 2.977823913e-01 2.963048816e-01
 5.449184030e-02 5.412201583e-02 4.796663672e-02 4.048975557e-02 3.375257179e-02
 2.764414810e-02 2.204103395e-02 1.683377475e-02 1.193260029e-02 7.266820874e-03
 2.781929215e-03-1.563670114e-03-5.801608320e-03-9.956070222e-03-1.404602826e-02
-1.802922972e-02-2.186589688e-02-2.551596053e-02-2.893879078e-02-3.209326416e-02
-3.493793309e-02-3.743119538e-02-3.953141719e-02-4.119708762e-02-4.238694161e-02
-4.306017607e-02-4.317681119e-02-4.269815981e-02-4.158739746e-02-3.981016949e-02
-3.733589128e-02-3.413924947e-02-3.020030819e-02-2.550881542e-02-2.007535473e-02
-1.389686111e-02-6.973391864e-03 5.252971896e-04 8.631003089e-03 1.733079366e-02
 2.661985904e-02 3.649070486e-02 4.693494737e-02 5.794247985e-02 6.950087100e-02
 8.159431070e-02 9.420190006e-02 1.072953343e-01 1.208356023e-01 1.347687542e-01
 1.490203142e-01 1.634885073e-01 1.780365407e-01 1.924853772e-01 2.066099942e-01
 2.201439142e-01 2.327973843e-01 2.442893535e-01 2.543852329e-01 2.629275322e-01
 2.698528469e-01 2.751952708e-01 2.790775597e-01 2.816891074e-01 2.832523882e-01
 6.256765127e-02 6.232354790e-02 5.589661002e-02 4.800831527e-02 4.067969322e-02
 3.385260329e-02 2.745710500e-02 2.142170072e-02 1.568017341e-02 1.017462183e-02
 4.856101703e-03-3.159734770e-04-5.374955013e-03-1.034822408e-02-1.525838859e-02
-2.005448379e-02-2.469812892e-02-2.914954163e-02-3.336809203e-02-3.731262311e-02
-4.094162956e-02-4.421335086e-02-4.708585516e-02-4.951702058e-02-5.146462470e-02
-5.288639292e-02-5.374018103e-02-5.398423970e-02-5.357763544e-02-5.248080939e-02
-5.065645650e-02-4.807057604e-02-4.469377548e-02-4.050313309e-02-3.548414260e-02
-2.963002026e-02-2.294722386e-02-1.546463836e-02-7.202965207e-03 1.623964752e-03
 1.104368083e-02 2.103260905e-02 3.157410771e-02 4.264697805e-02 5.422709137e-02
 6.628658623e-02 7.879213989e-02 9.170291573e-02 1.049681604e-01 1.185244471e-01
 1.322926134e-01 1.461747140e-01 1.600515246e-01 1.737815291e-01 1.872025728e-01
 2.001375854e-01 2.124047279e-01 2.238314003e-01 2.342693359e-01 2.436077595e-01
 2.517818213e-01 2.587752342e-01 2.646167874e-01 2.693715096e-01 2.731281519e-01
 6.769818813e-02 6.746106595e-02 6.082335114e-02 5.273792520e-02 4.511663318e-02
 3.789865226e-02 3.102645837e-02 2.444534004e-02 1.810552552e-02 1.196262799e-02
 5.977573339e-03 1.162627450e-04-5.650874227e-03-1.134946011e-02-1.700200699e-02
-2.254393138e-02-2.793463320e-02-3.313302249e-02-3.809771687e-02-4.278718680e-02
-4.715985060e-02-5.117402971e-02-5.478793755e-02-5.795953050e-02-6.064646319e-02
-6.280598044e-02-6.439496577e-02-6.536997855e-02-6.568751484e-02-6.530436128e-02
-6.417822838e-02-6.226855516e-02-5.953764915e-02-5.595216155e-02-5.148482695e-02
-4.611655325e-02-3.983956948e-02-3.266108409e-02-2.460590191e-02-1.572700962e-02
-6.071458571e-03 4.114375450e-03 1.484632026e-02 2.608625032e-02 3.780090436e-02
 4.995630309e-02 6.251374632e-02 7.542806864e-02 8.864624798e-02 1.021060273e-01
 1.157344580e-01 1.294468045e-01 1.431460083e-01 1.567231119e-01 1.700592488e-01
 1.830291152e-01 1.955060512e-01 2.073682994e-01 2.185052484e-01 2.288230062e-01
 2.382480651e-01 2.467290312e-01 2.542361021e-01 2.607591748e-01 2.663050294e-01
 6.985256821e-02 6.945484877e-02 6.305500865e-02 5.502910912e-02 4.739053175e-02
 4.004846141e-02 3.294279799e-02 2.603283897e-02 1.928574592e-02 1.267219055e-02
 6.165024359e-03-2.609565854e-04-6.628821604e-03-1.295892987e-02-1.926748827e-02
-2.547435835e-02-3.153695166e-02-3.741234913e-02-4.305788502e-02-4.843134433e-02
-5.349094048e-02-5.819518864e-02-6.250271946e-02-6.637204438e-02-6.976133585e-02
-7.262817025e-02-7.492940128e-02-7.662109286e-02-7.765848190e-02-7.799620926e-02
-7.758868486e-02-7.639069855e-02-7.435826957e-02-7.144991308e-02-6.762827188e-02
-6.286212802e-02-5.712908134e-02-5.041871965e-02-4.273616895e-02-3.410637006e-02
-2.457724139e-02-1.423188951e-02-3.156946972e-03 8.382949978e-03 2.036539279e-02
 3.276443481e-02 4.554199800e-02 5.865332857e-02 7.204811275e-02 8.567016572e-02
 9.945685416e-02 1.133386120e-01 1.272389889e-01 1.410750002e-01 1.547582597e-01
 1.681963652e-01 1.812949032e-01 1.939594299e-01 2.060971409e-01 2.176179439e-01
 2.284351140e-01 2.384652644e-01 2.476290166e-01 2.558525801e-01 2.630715072e-01
 6.932095438e-02 6.843752414e-02 6.251625717e-02 5.521686003e-02 4.792877659e-02
 4.068744928e-02 3.351740539e-02 2.642359957e-02 1.940064877e-02 1.243730728e-02
 5.518850405e-03-1.371559105e-03-8.252198808e-03-1.514280494e-02-2.200554870e-02
-2.878724784e-02-3.543854505e-02-4.191265255e-02-4.816472530e-02-5.415146425e-02
-5.983079597e-02-6.516149640e-02-7.010284066e-02-7.461424917e-02-7.865484804e-02
-8.218319714e-02-8.515690267e-02-8.753239363e-02-8.926478028e-02-9.030783921e-02
-9.061416984e-02-9.013553709e-02-8.882354200e-02-8.663055301e-02-8.351103216e-02
-7.942332327e-02-7.433188707e-02-6.821005046e-02-6.104331091e-02-5.283294618e-02
-4.359984398e-02-3.338835761e-02-2.226712927e-02-1.033441070e-02 2.019604668e-03
 1.480718423e-02 2.797125280e-02 4.146337137e-02 5.523699895e-02 6.924411654e-02
 8.343384415e-02 9.775197506e-02 1.121409535e-01 1.265400201e-01 1.408854574e-01
 1.551106870e-01 1.691461205e-01 1.829182655e-01 1.963481456e-01 2.093484104e-01
 2.218196243e-01 2.336463630e-01 2.446947843e-01 2.548148930e-01 2.638501823e-01
 6.838396192e-02 6.712567061e-02 6.155706197e-02 5.461846665e-02 4.753020778e-02
 4.035373405e-02 3.313867375e-02 2.590988576e-02 1.867632382e-02 1.143729780e-02
 4.186099861e-03-3.087849589e-03-1.039777976e-02-1.775906608e-02-2.510670014e-02
-3.238688782e-02-3.954857960e-02-4.654339328e-02-5.332538858e-02-5.985075608e-02
-6.607745588e-02-7.196480781e-02-7.747297734e-02-8.256255835e-02-8.719406277e-02
-9.132741392e-02-9.492153674e-02-9.793395549e-02-1.003204957e-01-1.020350680e-01
-1.030296609e-01-1.032544598e-01-1.026582196e-01-1.011889651e-01-9.879496694e-02
-9.542617202e-02-9.103613347e-02-8.558440953e-02-7.903957367e-02-7.138286531e-02
-6.261247396e-02-5.274863541e-02-4.183977470e-02-2.997110412e-02-1.727707312e-02
-3.888142295e-03 9.841970168e-03 2.388544381e-02 3.821160644e-02 5.278553069e-02
 6.756971031e-02 8.252532035e-02 9.761299193e-02 1.127931550e-01 1.280260235e-01
 1.432711035e-01 1.584859341e-01 1.736236811e-01 1.886289716e-01 2.034310549e-01
 2.179336995e-01 2.320012003e-01 2.454419136e-01 2.579963803e-01 2.693468034e-01
 6.804958731e-02 6.668327749e-02 6.098109856e-02 5.387010053e-02 4.668205231e-02
 3.942516446e-02 3.210812062e-02 2.473805286e-02 1.731761172e-02 9.844833985e-03
 2.313980134e-03-5.283358973e-03-1.295698155e-02-2.071612515e-02-2.847405896e-02
-3.617659956e-02-4.377182573e-02-5.121054873e-02-5.844634026e-02-6.543532014e-02
-7.213582844e-02-7.850793749e-02-8.451294899e-02-9.011287242e-02-9.526978433e-02
-9.994532913e-02-1.041001081e-01-1.076932177e-01-1.106818095e-01-1.130207032e-01
-1.146622077e-01-1.155560613e-01-1.156495363e-01-1.148878708e-01-1.132149696e-01
-1.105744466e-01-1.069112271e-01-1.021735296e-01-9.631553292e-02-8.930068463e-02
-8.110571653e-02-7.172534615e-02-6.117761880e-02-4.950945824e-02-3.680127114e-02
-2.316745929e-02-8.765916340e-03 5.942997523e-03 2.094933391e-02 3.622525930e-02
 5.174210668e-02 6.747363508e-02 8.339726925e-02 9.949447215e-02 1.157508343e-01
 1.321557462e-01 1.487016231e-01 1.653818786e-01 1.821870953e-01 1.990975738e-01
 2.160697132e-01 2.330109328e-01 2.497339845e-01 2.658747137e-01 2.807645202e-01
 6.742404401e-02 6.595291942e-02 5.991254747e-02 5.266664922e-02 4.536568001e-02
 3.800061345e-02 3.056713007e-02 2.306028083e-02 1.547402702e-02 7.800891064e-03
 3.177924373e-05-7.844185457e-03-1.584017090e-02-2.391568013e-02-3.200764209e-02
-4.005797207e-02-4.801273718e-02-5.582171306e-02-6.343810260e-02-7.081815600e-02
-7.792077959e-02-8.470696211e-02-9.113930166e-02-9.718130529e-02-1.027967930e-01
-1.079492718e-01-1.126012355e-01-1.167136803e-01-1.202454418e-01-1.231528074e-01
-1.253890842e-01-1.269044280e-01-1.276457310e-01-1.275567561e-01-1.265786290e-01
-1.246505156e-01-1.217108369e-01-1.176989004e-01-1.125571206e-01-1.062339097e-01
-9.868723154e-02-8.988899738e-02-7.983009517e-02-6.852608919e-02-5.602322519e-02
-4.240483046e-02-2.779861167e-02-1.238347311e-02 3.406327683e-03 1.948927529e-02
 3.583394736e-02 5.242252350e-02 6.924785674e-02 8.631221950e-02 1.036273465e-01
 1.212150976e-01 1.391086280e-01 1.573536694e-01 1.760094762e-01 1.951491982e-01
 2.148579359e-01 2.352261096e-01 2.563266754e-01 2.781091332e-01 2.994026542e-01
 6.589829922e-02 6.426469237e-02 5.826862901e-02 5.093199015e-02 4.354761168e-02
 3.610271215e-02 2.858192660e-02 2.097054012e-02 1.325501129e-02 5.422754213e-03
-2.538265660e-03-1.063974295e-02-1.889275201e-02-2.723180130e-02-3.559659421e-02
-4.392969236e-02-5.217716843e-02-6.028878689e-02-6.821794063e-02-7.592134923e-02
-8.335867524e-02-9.049199522e-02-9.728521854e-02-1.037034467e-01-1.097122505e-01
-1.152770519e-01-1.203623638e-01-1.249311715e-01-1.289442629e-01-1.323596835e-01
-1.351322383e-01-1.372131258e-01-1.385496557e-01-1.390852183e-01-1.387594640e-01
-1.375087202e-01-1.352669001e-01-1.319666654e-01-1.275413185e-01-1.219272092e-01
-1.150668934e-01-1.069131345e-01-9.743377566e-02-8.661744744e-02-7.448034734e-02
-6.107377261e-02-4.649274796e-02-3.088533692e-02-1.446311176e-02 2.542610047e-03
 1.978172176e-02 3.725577518e-02 5.497781187e-02 7.297139615e-02 9.127212316e-02
 1.099305153e-01 1.290161759e-01 1.486233026e-01 1.688783616e-01 1.899510175e-01
 2.120710760e-01 2.355571091e-01 2.608736455e-01 2.887618244e-01 3.179353178e-01
 6.382974237e-02 6.203546003e-02 5.597769469e-02 4.860401899e-02 4.120718688e-02
 3.375276178e-02 2.620846592e-02 1.854939759e-02 1.075626444e-02 2.813270781e-03
-5.293571390e-03-1.357769407e-02-2.202312276e-02-3.056547046e-02-3.914341331e-02
-4.769911617e-02-5.617856607e-02-6.453166902e-02-7.271216810e-02-8.067740500e-02
-8.838789165e-02-9.580682963e-02-1.028994471e-01-1.096323803e-01-1.159729511e-01
-1.218884438e-01-1.273453385e-01-1.323086619e-01-1.367412359e-01-1.406030506e-01
-1.438506395e-01-1.464366764e-01-1.483094990e-01-1.494129449e-01-1.496862024e-01
-1.490641683e-01-1.474778652e-01-1.448554099e-01-1.411234289e-01-1.362091005e-01
-1.300427765e-01-1.225616708e-01-1.137142405e-01-1.034656316e-01-9.180413187e-02
-7.874856144e-02-6.435627490e-02-4.873123765e-02-3.203127161e-02-1.447224058e-02
 3.658556147e-03 2.197537757e-02 4.051556438e-02 5.931921303e-02 7.843627781e-02
 9.793256223e-02 1.178960875e-01 1.384449005e-01 1.597377956e-01 1.819891483e-01
 2.054901570e-01 2.306374609e-01 2.579666972e-01 2.881749868e-01 3.205758333e-01
 6.115476042e-02 5.919855833e-02 5.284099653e-02 4.559219256e-02 3.834634274e-02
 3.100892156e-02 2.353525348e-02 1.590062864e-02 8.088707924e-03 8.666526992e-05
-8.117049001e-03-1.653395221e-02-2.512183227e-02-3.381597996e-02-4.255473986e-02
-5.128011480e-02-5.993811041e-02-6.847886741e-02-7.685656846e-02-8.502920717e-02
-9.295815229e-02-1.006076783e-01-1.079442874e-01-1.149360538e-01-1.215519309e-01
-1.277609468e-01-1.335315108e-01-1.388305426e-01-1.436228901e-01-1.478705108e-01
-1.515318453e-01-1.545612663e-01-1.569084972e-01-1.585183889e-01-1.593305320e-01
-1.592794061e-01-1.582945436e-01-1.563012749e-01-1.532217115e-01-1.489764154e-01
-1.434866637e-01-1.366776228e-01-1.284822524e-01-1.188463345e-01-1.077345386e-01
-9.513741732e-02-8.107915521e-02-6.562564522e-02-4.889203981e-02-3.104864061e-02
-1.232338417e-02 6.705762818e-03 2.592638880e-02 4.537053406e-02 6.508223712e-02
 8.512159437e-02 1.055693105e-01 1.265327334e-01 1.481541097e-01 1.706224829e-01
 1.941912472e-01 2.192049474e-01 2.461408824e-01 2.756693065e-01 3.073212206e-01
 5.627225712e-02 5.371073261e-02 4.845140129e-02 4.197122902e-02 3.514274582e-02
 2.805582434e-02 2.073188685e-02 1.317681745e-02 5.390383769e-03-2.630785573e-03
-1.089193951e-02-1.939941384e-02-2.808674611e-02-3.688893840e-02-4.574411362e-02
-5.459418893e-02-6.338525563e-02-7.206770778e-02-8.059619367e-02-8.892934024e-02
-9.702934325e-02-1.048614234e-01-1.123932600e-01-1.195942461e-01-1.264347881e-01
-1.328855306e-01-1.389165819e-01-1.444967091e-01-1.495926231e-01-1.541681886e-01
-1.581837535e-01-1.615954638e-01-1.643546969e-01-1.664076298e-01-1.676948518e-01
-1.681511700e-01-1.677057743e-01-1.662825793e-01-1.638009846e-01-1.601772308e-01
-1.553263217e-01-1.491646618e-01-1.416136771e-01-1.326044351e-01-1.220833510e-01
-1.100190133e-01-9.641020000e-02-8.129463345e-02-6.475841999e-02-4.694554582e-02
-2.806725167e-02-8.411385119e-03 1.137812156e-02 3.131128103e-02 5.141279846e-02
 7.172202319e-02 9.229303896e-02 1.131956503e-01 1.345172375e-01 1.563652754e-01
 1.788707972e-01 2.021937966e-01 2.265373170e-01 2.522089779e-01 2.792087495e-01
 5.278486013e-02 4.998667538e-02 4.483205825e-02 3.866628557e-02 3.211643919e-02
 2.522983961e-02 1.804002188e-02 1.056549139e-02 2.814843785e-03-5.209452007e-03
-1.350884326e-02-2.207146026e-02-3.082304820e-02-3.969774023e-02-4.863321409e-02
-5.757124722e-02-6.645800173e-02-7.524415851e-02-8.388479054e-02-9.233909100e-02
-1.005699933e-01-1.085436121e-01-1.162286326e-01-1.235955954e-01-1.306162030e-01
-1.372624934e-01-1.435060948e-01-1.493174136e-01-1.546648741e-01-1.595140845e-01
-1.638271958e-01-1.675621122e-01-1.706719548e-01-1.731044054e-01-1.748013347e-01
-1.756984740e-01-1.757254004e-01-1.748056859e-01-1.728574932e-01-1.697945446e-01
-1.655278802e-01-1.599680483e-01-1.530284882e-01-1.446296871e-01-1.347046942e-01
-1.232057959e-01-1.101124957e-01-9.544076771e-02-7.925327122e-02-6.167016923e-02
-4.287989810e-02-2.314890549e-02-2.828626893e-03 1.750454493e-02 3.785675764e-02
 5.824686959e-02 7.869939506e-02 9.924075752e-02 1.198952273e-01 1.406783313e-01
 1.615845561e-01 1.825631708e-01 2.034675777e-01 2.239437252e-01 2.432453930e-01
 5.043662712e-02 4.752703384e-02 4.222162440e-02 3.606818989e-02 2.958356775e-02
 2.277497575e-02 1.565310359e-02 8.226121776e-03 4.985630512e-04-7.528583053e-03
-1.585747488e-02-2.445242181e-02-3.324357793e-02-4.216453433e-02-5.115281045e-02
-6.015022844e-02-6.910315156e-02-7.796259224e-02-8.668404818e-02-9.522727132e-02
-1.035558283e-01-1.116365865e-01-1.194390953e-01-1.269348860e-01-1.340967268e-01
-1.408978701e-01-1.473112106e-01-1.533086002e-01-1.588598937e-01-1.639323086e-01
-1.684895903e-01-1.724913418e-01-1.758922487e-01-1.786415875e-01-1.806826591e-01
-1.819524169e-01-1.823812872e-01-1.818932444e-01-1.804061830e-01-1.778327376e-01
-1.740816832e-01-1.690600812e-01-1.626760811e-01-1.548430026e-01-1.454844773e-01
-1.345408112e-01-1.219770014e-01-1.077918038e-01-9.202818573e-02-7.478448004e-02
-5.622562021e-02-3.659369424e-02-1.621667109e-02 4.484973848e-03 2.501142770e-02
 4.538595676e-02 6.561605632e-02 8.569742739e-02 1.056113839e-01 1.253177524e-01
 1.447432190e-01 1.637642235e-01 1.821845770e-01 1.997153312e-01 2.159776837e-01
 4.845485091e-02 4.543733224e-02 4.018268734e-02 3.401386365e-02 2.753672004e-02
 2.075122669e-02 1.365649793e-02 6.251764484e-03-1.464440487e-03-9.494772181e-03
-1.784331165e-02-2.645928413e-02-3.527452424e-02-4.422359914e-02-5.324466527e-02
-6.228002533e-02-7.127649337e-02-8.018548787e-02-8.896297216e-02-9.756918252e-02
-1.059682667e-01-1.141276881e-01-1.220177114e-01-1.296106428e-01-1.368801445e-01
-1.438003927e-01-1.503454000e-01-1.564881206e-01-1.621996760e-01-1.674485952e-01
-1.721999943e-01-1.764149219e-01-1.800495684e-01-1.830546260e-01-1.853748113e-01
-1.869483739e-01-1.877068132e-01-1.875749081e-01-1.864709109e-01-1.843072772e-01
-1.809918135e-01-1.764295846e-01-1.705256402e-01-1.631886214e-01-1.543357372e-01
-1.438988894e-01-1.318323314e-01-1.181215569e-01-1.027936041e-01-8.592792600e-02
-6.766720861e-02-4.822667316e-02-2.789946832e-02-7.054049522e-03 1.354481373e-02
 3.385742381e-02 5.385867879e-02 7.352120429e-02 9.280601889e-02 1.116555184e-01
 1.299868971e-01 1.476861238e-01 1.646039635e-01 1.805578619e-01 1.953434497e-01
 4.699582979e-02 4.391246289e-02 3.859021142e-02 3.240078688e-02 2.592442743e-02
 1.915175654e-02 1.207456086e-02 4.685951862e-03-3.020098200e-03-1.104935072e-02
-1.940780878e-02-2.803380042e-02-3.686065227e-02-4.582400620e-02-5.486279726e-02
-6.391993165e-02-7.294269651e-02-8.188293874e-02-9.069700539e-02-9.934554994e-02
-1.077931374e-01-1.160077155e-01-1.239600778e-01-1.316231191e-01-1.389711201e-01
-1.459790319e-01-1.526216716e-01-1.588728428e-01-1.647046506e-01-1.700866669e-01
-1.749851257e-01-1.793622375e-01-1.831753701e-01-1.863765121e-01-1.889115870e-01
-1.907200664e-01-1.917345077e-01-1.918806285e-01-1.910773367e-01-1.892373711e-01
-1.862683743e-01-1.820745021e-01-1.765590757e-01-1.696279645e-01-1.611942798e-01
-1.511842757e-01-1.395448297e-01-1.262521893e-01-1.113221124e-01-9.482114762e-02
-7.687825710e-02-5.769629031e-02-3.756252304e-02-1.685828902e-02 3.929889761e-03
 2.424400672e-02 4.408613592e-02 6.343847513e-02 8.226622641e-02 1.005176529e-01
 1.181234494e-01 1.349966526e-01 1.510341614e-01 1.661213785e-01 1.801401377e-01
 4.586740956e-02 4.273547605e-02 3.734073788e-02 3.115736321e-02 2.470576204e-02
 1.796374284e-02 1.091644540e-02 3.553218208e-03-4.134118557e-03-1.215260476e-02
-2.050898597e-02-2.913377061e-02-3.796117380e-02-4.692751914e-02-5.597226694e-02
-6.503874063e-02-7.407454401e-02-8.303180337e-02-9.186712652e-02-1.005414203e-01
-1.090195179e-01-1.172696650e-01-1.252629757e-01-1.329727173e-01-1.403736323e-01
-1.474411488e-01-1.541505754e-01-1.604763567e-01-1.663913131e-01-1.718656868e-01
-1.768665463e-01-1.813569367e-01-1.852951497e-01-1.886341125e-01-1.913207024e-01
-1.932953149e-01-1.944915056e-01-1.948357522e-01-1.942476928e-01-1.926405281e-01
-1.899220794e-01-1.859962791e-01-1.807656288e-01-1.741344929e-01-1.660135984e-01
-1.563257575e-01-1.450130790e-01-1.320455670e-01-1.174312383e-01-1.012270674e-01
-8.355069160e-02-6.459157169e-02-4.462063313e-02-2.399624884e-02-3.163946327e-03
 1.711297221e-02 3.682774305e-02 5.596153438e-02 7.448316365e-02 9.234931320e-02
 1.095052138e-01 1.258860976e-01 1.414197385e-01 1.560303420e-01 1.696437597e-01
 4.479515925e-02 4.158931226e-02 3.631865978e-02 3.023307957e-02 2.386938408e-02
 1.719684154e-02 1.020282414e-02 2.880309941e-03-4.776368383e-03-1.277274266e-02
-2.111465856e-02-2.972761542e-02-3.854588792e-02-4.750591516e-02-5.654725432e-02
-6.561329216e-02-7.465171814e-02-8.361469954e-02-9.245890379e-02-1.011452898e-01
-1.096387506e-01-1.179076582e-01-1.259232312e-01-1.336589009e-01-1.410896033e-01
-1.481909901e-01-1.549386829e-01-1.613074392e-01-1.672704220e-01-1.727983356e-01
-1.778586805e-01-1.824150085e-01-1.864261925e-01-1.898456961e-01-1.926210374e-01
-1.946932524e-01-1.959964484e-01-1.964577585e-01-1.959973425e-01-1.945288628e-01
-1.919603795e-01-1.881959438e-01-1.831378043e-01-1.766897589e-01-1.687614024e-01
-1.592737883e-01-1.481665224e-01-1.354061365e-01-1.209960803e-01-1.049874872e-01
-8.749059588e-02-6.868577003e-02-4.883268476e-02-2.827625535e-02-7.447211072e-03
 1.278276369e-02 3.240360692e-02 5.139617622e-02 6.973201036e-02 8.737374842e-02
 1.042760909e-01 1.203874946e-01 1.356526166e-01 1.500154287e-01 1.634229571e-01
 4.378762469e-02 4.040109366e-02 3.550422937e-02 2.972067334e-02 2.349869348e-02
 1.691308059e-02 9.980429895e-03 2.704608021e-03-4.915081430e-03-1.288155187e-02
-2.119911835e-02-2.979170159e-02-3.859309852e-02-4.753939062e-02-5.656983331e-02
-6.562758237e-02-7.466010004e-02-8.361936361e-02-9.246187657e-02-1.011484414e-01
-1.096438318e-01-1.179163009e-01-1.259369999e-01-1.336792856e-01-1.411180645e-01
-1.482289881e-01-1.549876779e-01-1.613689661e-01-1.673460305e-01-1.728896797e-01
-1.779675484e-01-1.825433373e-01-1.865760535e-01-1.900193989e-01-1.928210706e-01
-1.949223280e-01-1.962575763e-01-1.967542022e-01-1.963326335e-01-1.949067712e-01
-1.923849881e-01-1.886714995e-01-1.836687326e-01-1.772805750e-01-1.694165319e-01
-1.599974483e-01-1.489624679e-01-1.362774372e-01-1.219446063e-01-1.060135737e-01
-8.859241009e-02-6.985860318e-02-5.006819591e-02-2.956170961e-02-8.765040897e-03
 1.141878217e-02 3.097918630e-02 4.989730567e-02 6.814589351e-02 8.568983525e-02
 1.024872065e-01 1.184909716e-01 1.336512715e-01 1.479183584e-01 1.612457335e-01
 4.418504238e-02 4.091114551e-02 3.581187874e-02 2.994288877e-02 2.373991720e-02
 1.719259284e-02 1.029983256e-02 3.061501076e-03-4.523555748e-03-1.245774142e-02
-2.074467391e-02-2.931097522e-02-3.808977082e-02-4.701650143e-02-5.602989346e-02
-6.507258117e-02-7.409158349e-02-8.303847909e-02-9.186939895e-02-1.005448028e-01
-1.090291739e-01-1.172904521e-01-1.252994984e-01-1.330294311e-01-1.404548883e-01
-1.475512534e-01-1.542939097e-01-1.606574357e-01-1.666148007e-01-1.721365750e-01
-1.771901548e-01-1.817389727e-01-1.857418865e-01-1.891523451e-01-1.919178963e-01
-1.939795911e-01-1.952717304e-01-1.957215965e-01-1.952496022e-01-1.937697232e-01
-1.911904961e-01-1.874164343e-01-1.823504716e-01-1.758971214e-01-1.679669023e-01
-1.584818661e-01-1.473827511e-01-1.346373558e-01-1.202504411e-01-1.042744294e-01
-8.682081848e-02-6.807094067e-02-4.828505963e-02-2.780804597e-02-7.069787942e-03
 1.307013258e-02 3.260232136e-02 5.150820687e-02 6.975986809e-02 8.732046187e-02
 1.041452661e-01 1.201833636e-01 1.353800744e-01 1.496800929e-01 1.630310714e-01
 4.492927343e-02 4.170424491e-02 3.663596138e-02 3.076889738e-02 2.457436174e-02
 1.804522239e-02 1.117646601e-02 3.965292126e-03-3.590371693e-03-1.149285957e-02
-1.974534430e-02-2.828138880e-02-3.703321889e-02-4.593545943e-02-5.492605641e-02
-6.394698471e-02-7.294467092e-02-8.187012374e-02-9.067896754e-02-9.933120012e-02
-1.077908203e-01-1.160253212e-01-1.240051165e-01-1.317028552e-01-1.390926838e-01
-1.461495161e-01-1.528482735e-01-1.591629684e-01-1.650660485e-01-1.705275327e-01
-1.755142510e-01-1.799890697e-01-1.839102209e-01-1.872306019e-01-1.898971200e-01
-1.918503791e-01-1.930241287e-01-1.933452785e-01-1.927339733e-01-1.911040843e-01
-1.883642972e-01-1.844196320e-01-1.791738570e-01-1.725329012e-01-1.644092649e-01
-1.547278017e-01-1.434328705e-01-1.304969937e-01-1.159307212e-01-9.979368001e-02
-8.220598847e-02-6.335921586e-02-4.352555797e-02-2.306320146e-02-2.415355761e-03
 1.767918654e-02 3.721475229e-02 5.617344007e-02 7.452496141e-02 9.222695231e-02
 1.092257351e-01 1.254577935e-01 1.408523470e-01 1.553351283e-01 1.688335091e-01
 4.623023793e-02 4.308456182e-02 3.797656670e-02 3.213911131e-02 2.596735768e-02
 1.945604384e-02 1.260419004e-02 5.411936902e-03-2.120513469e-03-9.993731976e-03
-1.820961013e-02-2.671254613e-02-3.543351963e-02-4.430611432e-02-5.326742306e-02
-6.225869432e-02-7.122567296e-02-8.011881262e-02-8.889315277e-02-9.750811756e-02
-1.059271470e-01-1.141171455e-01-1.220479235e-01-1.296914965e-01-1.370213628e-01
-1.440117061e-01-1.506367028e-01-1.568696201e-01-1.626820564e-01-1.680431813e-01
-1.729189456e-01-1.772712767e-01-1.810574979e-01-1.842295527e-01-1.867334843e-01
-1.885089874e-01-1.894891262e-01-1.896001697e-01-1.887618601e-01-1.868880242e-01
-1.838876158e-01-1.796664894e-01-1.741299629e-01-1.671862453e-01-1.587511748e-01
-1.487540752e-01-1.371451914e-01-1.239043027e-01-1.090509742e-01-9.265547246e-02
-7.485049218e-02-5.584245920e-02-3.592169285e-02-1.547014248e-02 5.034844391e-03
 2.507063374e-02 4.463998973e-02 6.372594088e-02 8.229457587e-02 1.002952754e-01
 1.176602021e-01 1.343043000e-01 1.501269192e-01 1.650161743e-01 1.788568199e-01
 4.790704697e-02 4.484853148e-02 3.988807276e-02 3.409110010e-02 2.793574892e-02
 2.142842859e-02 1.457661763e-02 7.387449499e-03-1.337344147e-04-7.984058000e-03
-1.616332680e-02-2.463092841e-02-3.331648931e-02-4.215265810e-02-5.107582733e-02
-6.002665311e-02-6.895036995e-02-7.779689878e-02-8.652074635e-02-9.508077800e-02
-1.034397930e-01-1.115640327e-01-1.194225997e-01-1.269866824e-01-1.342289597e-01
-1.411227137e-01-1.476411223e-01-1.537564248e-01-1.594391316e-01-1.646572948e-01
-1.693756282e-01-1.735549122e-01-1.771512330e-01-1.801153123e-01-1.823920757e-01
-1.839201748e-01-1.846317649e-01-1.844524890e-01-1.833017915e-01-1.810936481e-01
-1.777377874e-01-1.731416136e-01-1.672129333e-01-1.598636806e-01-1.510147452e-01
-1.406021565e-01-1.285845339e-01-1.149519533e-01-9.973581135e-02-8.301963657e-02
-6.494995952e-02-4.574671015e-02-2.571240067e-02-5.240810104e-03 1.497749891e-02
 3.491379321e-02 5.454627052e-02 7.384842634e-02 9.278167784e-02 1.112891808e-01
 1.292896271e-01 1.466714740e-01 1.632891744e-01 1.789648831e-01 1.934997737e-01
 5.031450465e-02 4.738264903e-02 4.248915613e-02 3.670404106e-02 3.052321449e-02
 2.397369035e-02 1.708006300e-02 9.860954247e-03 2.328427276e-03-5.511102732e-03
-1.365579572e-02-2.208493091e-02-3.072776273e-02-3.951681033e-02-4.838838428e-02
-5.728300661e-02-6.614569575e-02-7.492606342e-02-8.357819915e-02-9.206044674e-02
-1.003349721e-01-1.083673090e-01-1.161256731e-01-1.235803813e-01-1.307030469e-01
-1.374658495e-01-1.438407898e-01-1.497988254e-01-1.553091258e-01-1.603383571e-01
-1.648498178e-01-1.688028425e-01-1.721520424e-01-1.748468280e-01-1.768308282e-01
-1.780416071e-01-1.784105003e-01-1.778627336e-01-1.763177961e-01-1.736904383e-01
-1.698920131e-01-1.648326218e-01-1.584241539e-01-1.505842060e-01-1.412412524e-01
-1.303409189e-01-1.178537831e-01-1.037840471e-01-8.817926794e-02-7.114031911e-02
-5.283040553e-02-3.348153830e-02-1.339484844e-02 6.731505040e-03 2.674141526e-02
 4.663044959e-02 6.639335304e-02 8.601966500e-02 1.054877192e-01 1.247562915e-01
 1.437526941e-01 1.623557955e-01 1.803743541e-01 1.975272596e-01 2.134465128e-01
 5.367656797e-02 5.093878880e-02 4.599335045e-02 4.011117667e-02 3.377737850e-02
 2.707682177e-02 2.006195672e-02 1.276023500e-02 5.185001530e-03-2.658475423e-03
-1.076976862e-02-1.915121265e-02-2.773680910e-02-3.646052629e-02-4.525946826e-02
-5.407461524e-02-6.285116076e-02-7.153864950e-02-8.009089530e-02-8.846579492e-02
-9.662489593e-02-1.045329124e-01-1.121571437e-01-1.194668338e-01-1.264323890e-01
-1.330247223e-01-1.392143816e-01-1.449708641e-01-1.502618045e-01-1.550522298e-01
-1.593038291e-01-1.629743129e-01-1.660167873e-01-1.683792025e-01-1.700039804e-01
-1.708277762e-01-1.707813889e-01-1.697901189e-01-1.677742749e-01-1.646503359e-01
-1.603326499e-01-1.547357738e-01-1.477778405e-01-1.393847913e-01-1.294958442e-01
-1.180701256e-01-1.050945446e-01-9.059271961e-02-7.463479787e-02-5.734757334e-02
-3.892439604e-02-1.963447966e-02 1.683433657e-04 1.995342784e-02 3.975345194e-02
 5.959542096e-02 7.950523496e-02 9.950831532e-02 1.196272224e-01 1.398758292e-01
 1.602475792e-01 1.806921512e-01 2.010663152e-01 2.210258096e-01 2.398464531e-01
 5.864469707e-02 5.644132197e-02 5.103380233e-02 4.444037750e-02 3.762229905e-02
 3.059627488e-02 2.336771041e-02 1.593570784e-02 8.296219632e-03 4.431442940e-04
-7.631337736e-03-1.593702659e-02-2.443731390e-02-3.306595609e-02-4.176073894e-02
-5.046330020e-02-5.911926553e-02-6.767830253e-02-7.609409094e-02-8.432406932e-02
-9.232912213e-02-1.000731289e-01-1.075223312e-01-1.146447435e-01-1.214094311e-01
-1.277857870e-01-1.337427944e-01-1.392482519e-01-1.442680657e-01-1.487655044e-01
-1.527004987e-01-1.560291052e-01-1.587028950e-01-1.606684923e-01-1.618673354e-01
-1.622355580e-01-1.617040485e-01-1.601990163e-01-1.576427221e-01-1.539549083e-01
-1.490547508e-01-1.428636312e-01-1.353087276e-01-1.263276041e-01-1.158740371e-01
-1.039248034e-01-9.048760682e-02-7.560992986e-02-5.938825756e-02-4.197727144e-02
-2.359795757e-02-4.543509800e-03 1.463609654e-02 3.395389020e-02 5.343902856e-02
 7.313304394e-02 9.308993071e-02 1.133777052e-01 1.340806782e-01 1.553022861e-01
 1.771685332e-01 1.998334676e-01 2.234927118e-01 2.484432012e-01 2.746838033e-01
 6.399691850e-02 6.241938099e-02 5.629101768e-02 4.884821177e-02 4.149907455e-02
 3.413712606e-02 2.670067921e-02 1.915321127e-02 1.147036254e-02 3.633826505e-03
-4.371499643e-03-1.255862508e-02-2.093820274e-02-2.943104692e-02-3.797860071e-02
-4.652436078e-02-5.501484126e-02-6.340001523e-02-7.163342088e-02-7.967205346e-02
-8.747609705e-02-9.500842541e-02-1.022341102e-01-1.091198102e-01-1.156330556e-01
-1.217416003e-01-1.274126619e-01-1.326121986e-01-1.373042613e-01-1.414502561e-01
-1.450083703e-01-1.479330361e-01-1.501744241e-01-1.516781598e-01-1.523851752e-01
-1.522317231e-01-1.511497349e-01-1.490675658e-01-1.459110081e-01-1.416050494e-01
-1.360762119e-01-1.292555332e-01-1.210826710e-01-1.115107611e-01-1.005123705e-01
-8.808645606e-02-7.426615804e-02-5.912714824e-02-4.279603809e-02-2.545811236e-02
-7.363331504e-03 1.093095727e-02 2.943850122e-02 4.818434641e-02 6.720791012e-02
 8.656556159e-02 1.063343212e-01 1.266172230e-01 1.475511938e-01 1.693185121e-01
 1.921637505e-01 2.164197564e-01 2.425478399e-01 2.711961865e-01 3.019087315e-01
 6.745515019e-02 6.613805890e-02 5.986051261e-02 5.227411538e-02 4.475767910e-02
 3.725925088e-02 2.973802574e-02 2.216059528e-02 1.450015139e-02 6.734651048e-03
-1.154885744e-03-9.185761213e-03-1.737485453e-02-2.567003854e-02-3.401208296e-02
-4.234442860e-02-5.061359704e-02-5.876942724e-02-6.676510721e-02-7.455705106e-02
-8.210456371e-02-8.936944604e-02-9.631545842e-02-1.029077545e-01-1.091122180e-01
-1.148948148e-01-1.202208698e-01-1.250544339e-01-1.293576360e-01-1.330900639e-01
-1.362082064e-01-1.386650950e-01-1.404098570e-01-1.413876265e-01-1.415394992e-01
-1.408028752e-01-1.391120106e-01-1.363990158e-01-1.325952560e-01-1.276334822e-01
-1.214504689e-01-1.139904633e-01-1.052095145e-01-9.508062154e-02-8.359975368e-02
-7.079268992e-02-5.672241747e-02-4.149675742e-02-2.527564019e-02-8.277100511e-03
 8.962462656e-03 2.644938789e-02 4.419914261e-02 6.223868951e-02 8.060945570e-02
 9.937098622e-02 1.186059564e-01 1.384270489e-01 1.589869112e-01 1.804923564e-01
 2.032247484e-01 2.275674790e-01 2.540383935e-01 2.833114266e-01 3.147188723e-01
 6.934443116e-02 6.816853583e-02 6.221631169e-02 5.470294133e-02 4.721839726e-02
 3.975006193e-02 3.227528930e-02 2.477165870e-02 1.721835136e-02 9.596282616e-03
 1.887684688e-03-5.924539175e-03-1.385758445e-02-2.188974433e-02-2.996128052e-02
-3.801558539e-02-4.599916935e-02-5.386168510e-02-6.155593321e-02-6.903765351e-02
-7.626524568e-02-8.319935948e-02-8.980236948e-02-9.603786469e-02-1.018699855e-01
-1.072628349e-01-1.121798381e-01-1.165831238e-01-1.204329729e-01-1.236872599e-01
-1.263010800e-01-1.282263845e-01-1.294118166e-01-1.298027486e-01-1.293414831e-01
-1.279678196e-01-1.256199181e-01-1.222356707e-01-1.177544966e-01-1.121197715e-01
-1.052819416e-01-9.720227867e-02-8.785752207e-02-7.724504918e-02-6.538883597e-02
-5.234572291e-02-3.821187466e-02-2.312967740e-02-7.293623406e-03 8.809337392e-03
 2.517458797e-02 4.180372506e-02 5.870620161e-02 7.590126991e-02 9.342042357e-02
 1.113103777e-01 1.296370029e-01 1.484905332e-01 1.679928601e-01 1.883080751e-01
 2.096586972e-01 2.323534191e-01 2.568420172e-01 2.838412523e-01 3.121000826e-01
 7.052526623e-02 6.951409578e-02 6.361403316e-02 5.622854829e-02 4.887726530e-02
 4.154424369e-02 3.421423957e-02 2.687264979e-02 1.950546168e-02 1.209888048e-02
 4.639067687e-03-2.887941664e-03-1.049604826e-02-1.819832809e-02-2.592989057e-02
-3.363575041e-02-4.126302898e-02-4.876151681e-02-5.608376488e-02-6.318494678e-02
-7.002262771e-02-7.655631006e-02-8.274704218e-02-8.855682611e-02-9.394809604e-02
-9.888315201e-02-1.033235788e-01-1.072297171e-01-1.105601937e-01-1.132714972e-01
-1.153177246e-01-1.166503653e-01-1.172183380e-01-1.169682294e-01-1.158448085e-01
-1.137918234e-01-1.107533053e-01-1.066751778e-01-1.015075892e-01-9.520769119e-02
-8.774313331e-02-7.909621298e-02-6.926861405e-02-5.828665197e-02-4.620665312e-02
-3.312053531e-02-1.915796660e-02-4.495217465e-03 1.045814715e-02 2.568608709e-02
 4.117578641e-02 5.691872910e-02 7.291188091e-02 8.915891498e-02 1.056715697e-01
 1.224710271e-01 1.395894289e-01 1.570711732e-01 1.749740392e-01 1.933694035e-01
 2.123406231e-01 2.319767326e-01 2.523511946e-01 2.734217346e-01 2.940571308e-01
 7.073479891e-02 6.985446066e-02 6.406173855e-02 5.688056722e-02 4.974323884e-02
 4.262147471e-02 3.550586477e-02 2.839150466e-02 2.127299458e-02 1.414290350e-02
 6.991672795e-03-1.921423536e-04-7.421725430e-03-1.471234672e-02-2.202714980e-02
-2.930895425e-02-3.650444746e-02-4.356338084e-02-5.043817684e-02-5.708364770e-02
-6.345667690e-02-6.951582432e-02-7.522091269e-02-8.053253591e-02-8.541158587e-02
-8.981872350e-02-9.371391684e-02-9.705604613e-02-9.980244935e-02-1.019087583e-01
-1.033286825e-01-1.040140688e-01-1.039151400e-01-1.029809564e-01-1.011602208e-01
-9.840245545e-02-9.465958923e-02-8.988803625e-02-8.405137062e-02-7.712353766e-02
-6.909269840e-02-5.996562913e-02-4.977261275e-02-3.857306018e-02-2.645898238e-02
-1.357069798e-02-5.690252874e-05 1.377923042e-02 2.791173570e-02 4.231453687e-02
 5.696292967e-02 7.183441520e-02 8.690931648e-02 1.021712720e-01 1.176075190e-01
 1.332088411e-01 1.489688903e-01 1.648823768e-01 1.809413582e-01 1.971279532e-01
 2.134012133e-01 2.296727896e-01 2.457626015e-01 2.613179684e-01 2.756852210e-01
 6.960475445e-02 6.871751696e-02 6.345657259e-02 5.670038611e-02 4.986500368e-02
 4.299307615e-02 3.612213582e-02 2.927019447e-02 2.244280092e-02 1.563799940e-02
 8.849180304e-03 2.066802001e-03-4.720425699e-03-1.152446494e-02-1.835632324e-02
-2.514097095e-02-3.182860091e-02-3.837064281e-02-4.472028837e-02-5.083252490e-02
-5.666397139e-02-6.217257679e-02-6.731724739e-02-7.205748558e-02-7.635292411e-02
-8.016297966e-02-8.344644308e-02-8.616117388e-02-8.826391399e-02-8.971010149e-02
-9.045401216e-02-9.044890851e-02-8.964755386e-02-8.800296485e-02-8.546951413e-02
-8.200439811e-02-7.756958902e-02-7.213429362e-02-6.567794085e-02-5.819372833e-02
-4.969264939e-02-4.020820558e-02-2.979933843e-02-1.856578887e-02-6.597071420e-03
 5.764817353e-03 1.852635294e-02 3.163423762e-02 4.504344612e-02 5.871268362e-02
 7.260244340e-02 8.667413145e-02 1.008897871e-01 1.152119115e-01 1.296031922e-01
 1.440259516e-01 1.584409028e-01 1.728046238e-01 1.870654821e-01 2.011569440e-01
 2.149874121e-01 2.284265310e-01 2.412888557e-01 2.533219457e-01 2.642152011e-01
 6.881669909e-02 6.827694178e-02 6.294588000e-02 5.615388975e-02 4.939279705e-02
 4.266862944e-02 3.600930795e-02 2.942564525e-02 2.291808650e-02 1.648098975e-02
 1.010503341e-02 3.778641578e-03-2.511207014e-03-8.778707124e-03-1.503973547e-02
-2.124679089e-02-2.734807506e-02-3.329521790e-02-3.904202208e-02-4.454393312e-02
-4.975769669e-02-5.464105308e-02-5.915246159e-02-6.325076520e-02-6.689488143e-02
-7.004351914e-02-7.265494019e-02-7.468676567e-02-7.609594613e-02-7.683879137e-02
-7.687126100e-02-7.614937425e-02-7.462994009e-02-7.227164507e-02-6.903635710e-02
-6.489095092e-02-5.980949104e-02-5.377588794e-02-4.678724334e-02-3.885780275e-02
-3.002150543e-02-2.034559287e-02-9.879847057e-03 1.042173826e-03 1.243995130e-02
 2.426330559e-02 3.647096828e-02 4.901729897e-02 6.185466424e-02 7.493370771e-02
 8.820313215e-02 1.016094238e-01 1.150968224e-01 1.286073029e-01 1.420807689e-01
 1.554550678e-01 1.686656475e-01 1.816446334e-01 1.943189651e-01 2.066072971e-01
 2.184161842e-01 2.296358347e-01 2.401375771e-01 2.497757971e-01 2.583974600e-01
 6.771857291e-02 6.752866507e-02 6.206346676e-02 5.493534356e-02 4.808079451e-02
 4.144407064e-02 3.499243036e-02 2.870423906e-02 2.256148122e-02 1.654709317e-02
 1.064439490e-02 4.837163724e-03-8.901325054e-04-6.552021950e-03-1.216144860e-02
-1.772824861e-02-2.317278273e-02-2.845198475e-02-3.352243826e-02-3.834113479e-02
-4.286568612e-02-4.705426097e-02-5.086546019e-02-5.425813794e-02-5.719119310e-02
-5.962342769e-02-6.151343510e-02-6.281960756e-02-6.350024790e-02-6.351383030e-02
-6.281942129e-02-6.137733907e-02-5.915016681e-02-5.610406771e-02-5.221043155e-02
-4.744775593e-02-4.180416837e-02-3.527937457e-02-2.788819745e-02-1.967171021e-02
-1.065358054e-02-1.127006602e-03 8.935108781e-03 1.949136704e-02 3.050966002e-02
 4.195192829e-02 5.377639085e-02 6.593672186e-02 7.838167250e-02 9.105473757e-02
 1.038936675e-01 1.168303341e-01 1.297907978e-01 1.426958740e-01 1.554622799e-01
 1.680040061e-01 1.802342832e-01 1.920670420e-01 2.034182847e-01 2.142066807e-01
 2.243533731e-01 2.337816507e-01 2.424169779e-01 2.501884699e-01 2.570324242e-01
 6.459794939e-02 6.447771192e-02 5.914100632e-02 5.208877474e-02 4.536275193e-02
 3.894502297e-02 3.280181438e-02 2.689991146e-02 2.120853402e-02 1.569992304e-02
 1.034945250e-02 5.135483574e-03 3.908803046e-05-4.956388846e-03-9.866008535e-03
-1.470454969e-02-1.941687427e-02-2.395780571e-02-2.828429639e-02-3.235436231e-02
-3.612664342e-02-3.956023604e-02-4.261455685e-02-4.524927214e-02-4.742418602e-02
-4.909919202e-02-5.023432150e-02-5.078994855e-02-5.072714016e-02-5.000814050e-02
-4.859688506e-02-4.645962268e-02-4.356625676e-02-3.989232332e-02-3.542105481e-02
-3.014381044e-02-2.406737208e-02-1.720695198e-02-9.568736888e-03-1.386664342e-03
 7.369331084e-03 1.666910946e-02 2.649187110e-02 3.681139648e-02 4.759821296e-02
 5.881832168e-02 7.043234259e-02 8.239447325e-02 9.465125203e-02 1.071403697e-01
 1.197894737e-01 1.325153559e-01 1.452238113e-01 1.578104645e-01 1.701631099e-01
 1.821653843e-01 1.937018186e-01 2.046636194e-01 2.149540186e-01 2.244926095e-01
 2.332178503e-01 2.410874665e-01 2.480772436e-01 2.541785836e-01 2.593960762e-01
 5.976576731e-02 5.971087515e-02 5.420599133e-02 4.732604697e-02 4.089847207e-02
 3.487084061e-02 2.919569798e-02 2.382474393e-02 1.871380582e-02 1.382491924e-02
 9.126626886e-03 4.593438935e-03 2.050103794e-04-4.054676741e-03-8.197928779e-03
-1.223350130e-02-1.616567187e-02-1.991525292e-02-2.344408818e-02-2.671322227e-02
-2.968350798e-02-3.231582418e-02-3.457133472e-02-3.641159832e-02-3.779856116e-02
-3.869443387e-02-3.906187788e-02-3.886448592e-02-3.806761652e-02-3.663941100e-02
-3.455148637e-02-3.177714720e-02-2.829367295e-02-2.408687025e-02-1.915928908e-02
-1.349947788e-02-7.167987525e-03-2.674951975e-04 7.225085981e-03 1.528800838e-02
 2.390972525e-02 3.307545185e-02 4.276899248e-02 5.297145247e-02 6.366039813e-02
 7.480869442e-02 8.638308197e-02 9.834236652e-02 1.106351987e-01 1.231975630e-01
 1.359499842e-01 1.487949193e-01 1.616148949e-01 1.742722988e-01 1.866123229e-01
 1.984695196e-01 2.096786052e-01 2.200877964e-01 2.295721471e-01 2.380441129e-01
 2.454590052e-01 2.518152893e-01 2.571492791e-01 2.615254521e-01 2.650247812e-01
 5.218172818e-02 5.196939781e-02 4.682328552e-02 4.030752182e-02 3.439086676e-02
 2.898648754e-02 2.400232665e-02 1.935981400e-02 1.499694213e-02 1.086673513e-02
 6.934396457e-03 3.174574580e-03-4.308887292e-04-3.894692520e-03-7.225420792e-03
-1.042872109e-02-1.350872405e-02-1.642004587e-02-1.910986193e-02-2.154090628e-02
-2.367627062e-02-2.547869086e-02-2.691177279e-02-2.794039808e-02-2.853075974e-02
-2.864890732e-02-2.826098725e-02-2.733417973e-02-2.583843842e-02-2.375010401e-02
-2.106024884e-02-1.774743386e-02-1.378756855e-02-9.155941196e-03-3.991191275e-03
 1.746331574e-03 8.061909117e-03 1.494525652e-02 2.239306644e-02 3.039990366e-02
 3.896043077e-02 4.806863144e-02 5.771742016e-02 6.789798290e-02 7.859884948e-02
 8.980464935e-02 1.014943272e-01 1.136387736e-01 1.261975616e-01 1.391146928e-01
 1.523130983e-01 1.656880975e-01 1.791003495e-01 1.923701018e-01 2.052760124e-01
 2.175635248e-01 2.289666086e-01 2.392400652e-01 2.481926382e-01 2.557104826e-01
 2.617676854e-01 2.664248943e-01 2.698171139e-01 2.721289694e-01 2.735617161e-01
 4.163291678e-02 4.113414511e-02 3.628191724e-02 3.048691899e-02 2.551989816e-02
 2.113956772e-02 1.717435569e-02 1.351556461e-02 1.009514183e-02 6.870310754e-03
 3.814268624e-03 9.106376674e-04-1.849880675e-03-4.471542314e-03-6.954797544e-03
-9.297009557e-03-1.149279065e-02-1.353393029e-02-1.536580827e-02-1.694226079e-02
-1.823242009e-02-1.919797063e-02-1.980517060e-02-2.002412826e-02-1.983261481e-02
-1.920232549e-02-1.810281351e-02-1.650250144e-02-1.436776947e-02-1.165897772e-02
-8.488134481e-03-4.809802398e-03-5.985175376e-04 4.155576229e-03 9.442679584e-03
 1.526524872e-02 2.162644267e-02 2.852830850e-02 3.597350419e-02 4.396504909e-02
 5.250650644e-02 6.160189211e-02 7.125554234e-02 8.147177100e-02 9.225428104e-02
 1.036052555e-01 1.155238599e-01 1.280039698e-01 1.410305500e-01 1.545742750e-01
 1.685834378e-01 1.829719543e-01 1.976021975e-01 2.122620344e-01 2.266393751e-01
 2.403104752e-01 2.527773082e-01 2.635688484e-01 2.723445594e-01 2.789356709e-01
 2.833435237e-01 2.857348621e-01 2.864354551e-01 2.858858407e-01 2.845363617e-01
 2.630197816e-02 2.491419949e-02 2.099212259e-02 1.727591828e-02 1.424322277e-02
 1.151159313e-02 8.959451690e-03 6.537603680e-03 4.225553945e-03 2.016292652e-03
-9.010579379e-05-2.089503221e-03-3.975184169e-03-5.738541018e-03-7.369263563e-03
-8.855127729e-03-1.018134784e-02-1.132924948e-02-1.227375958e-02-1.299080253e-02
-1.346327830e-02-1.361106988e-02-1.340801641e-02-1.281857677e-02-1.188310888e-02
-1.056777965e-02-8.845362812e-03-6.692962721e-03-4.092180170e-03-1.031841268e-03
 2.484154655e-03 6.464142818e-03 1.091841143e-02 1.585534215e-02 2.128074318e-02
 2.720120363e-02 3.362416849e-02 4.055795446e-02 4.801206291e-02 5.599742383e-02
 6.452669948e-02 7.361450046e-02 8.327767998e-02 9.353554994e-02 1.044100225e-01
 1.159256697e-01 1.281093806e-01 1.409895718e-01 1.545942128e-01 1.689472795e-01
 1.840618253e-01 1.999278069e-01 2.164901197e-01 2.336075157e-01 2.509686053e-01
 2.679082751e-01 2.832139730e-01 2.956820130e-01 3.047667444e-01 3.103269339e-01
 3.124121428e-01 3.112657666e-01 3.074881434e-01 3.022612631e-01 2.968302965e-01
 5.371328443e-03 1.491838251e-03 1.656026812e-03 2.166153165e-03 1.828316483e-03
 1.069851220e-03 8.239525778e-05-1.030260231e-03-2.202096395e-03-3.386136144e-03
-4.546269774e-03-5.653158762e-03-6.681879982e-03-7.610382978e-03-8.418329991e-03
-9.086141363e-03-9.594137780e-03-9.921790101e-03-1.004723553e-02-9.947648272e-03
-9.598647244e-03-8.970706724e-03-8.040357381e-03-6.789114326e-03-5.207153969e-03
-3.279697616e-03-9.912120877e-04 1.672792481e-03 4.724793602e-03 8.174645714e-03
 1.202974375e-02 1.629817672e-02 2.098875307e-02 2.611061744e-02 3.167329356e-02
 3.768724948e-02 4.416431114e-02 5.111796409e-02 5.856375396e-02 6.651964784e-02
 7.500654459e-02 8.404882997e-02 9.367512167e-02 1.039191484e-01 1.148209348e-01
 1.264282167e-01 1.387981474e-01 1.519993693e-01 1.661142856e-01 1.812411547e-01
 1.974956244e-01 2.150103003e-01 2.339316010e-01 2.544147968e-01 2.766320407e-01
 3.008870184e-01 3.226667643e-01 3.377579749e-01 3.472025096e-01 3.515428901e-01
 3.503078818e-01 3.439241350e-01 3.316926956e-01 3.177484274e-01 3.072564602e-01
-9.162203409e-03-1.383999083e-02-1.277096383e-02-1.066693664e-02-9.406606667e-03
-8.747577667e-03-8.498905227e-03-8.520254865e-03-8.708640933e-03-8.986920118e-03
-9.295853786e-03-9.588784538e-03-9.827998467e-03-9.982132353e-03-1.002427004e-02
-9.930523112e-03-9.678964503e-03-9.248858318e-03-8.620185778e-03-7.773422170e-03
-6.689449307e-03-5.349701270e-03-3.737658262e-03-1.839297707e-03 3.569753026e-04
 2.861962887e-03 5.685840268e-03 8.838022128e-03 1.232707128e-02 1.616079733e-02
 2.034664713e-02 2.489245310e-02 2.980689518e-02 3.509980068e-02 4.078242928e-02
 4.686780274e-02 5.337103829e-02 6.030965969e-02 6.770396233e-02 7.557743043e-02
 8.395733684e-02 9.287549555e-02 1.023692861e-01 1.124831215e-01 1.232703924e-01
 1.347961873e-01 1.471409649e-01 1.604058295e-01 1.747196466e-01 1.902490556e-01
 2.072121203e-01 2.258956283e-01 2.466744930e-01 2.700281739e-01 2.965496480e-01
 3.248776197e-01 3.466548920e-01 3.617104590e-01 3.704181612e-01 3.725016117e-01
 3.681500554e-01 3.563955128e-01 3.384734690e-01 3.230945766e-01 3.108054399e-01
-1.911414228e-02-2.419472486e-02-2.292536199e-02-2.040096000e-02-1.851849817e-02
-1.714993268e-02-1.617091894e-02-1.546829101e-02-1.494594850e-02-1.452524122e-02
-1.414289977e-02-1.374819409e-02-1.330014039e-02-1.276508812e-02-1.211479772e-02
-1.132498495e-02-1.037427317e-02-9.243495762e-03-7.915259339e-03-6.373723038e-03
-4.604535643e-03-2.594913356e-03-3.338608076e-04 2.187767997e-03 4.977435339e-03
 8.041325957e-03 1.138468459e-02 1.501210500e-02 1.892784610e-02 2.313622087e-02
 2.764209546e-02 3.245142475e-02 3.757175058e-02 4.301264510e-02 4.878603667e-02
 5.490649119e-02 6.139142811e-02 6.826130301e-02 7.553981245e-02 8.325418830e-02
 9.143564850e-02 1.001200303e-01 1.093488634e-01 1.191708371e-01 1.296438873e-01
 1.408383101e-01 1.528409868e-01 1.657618582e-01 1.797432750e-01 1.949745715e-01
 2.117152661e-01 2.303331345e-01 2.513660491e-01 2.755999565e-01 3.038713038e-01
 3.289054930e-01 3.478830159e-01 3.608408272e-01 3.675968051e-01 3.681132793e-01
 3.612869382e-01 3.465033174e-01 3.304767311e-01 3.171653748e-01 3.060359657e-01
-2.558343112e-02-3.094087914e-02-3.010926768e-02-2.763598412e-02-2.565821446e-02
-2.408702858e-02-2.281766199e-02-2.175240405e-02-2.080730349e-02-1.991377026e-02
-1.901718229e-02-1.807425544e-02-1.705027185e-02-1.591672748e-02-1.464957930e-02
-1.322805695e-02-1.163397171e-02-9.851348586e-03-7.866290398e-03-5.666951183e-03
-3.243565094e-03-5.884697312e-04 2.303903224e-03 5.437125918e-03 8.812985383e-03
 1.243180316e-02 1.629281789e-02 2.039464749e-02 2.473583072e-02 2.931546420e-02
 3.413390741e-02 3.919349983e-02 4.449924827e-02 5.005935952e-02 5.588560924e-02
 6.199352071e-02 6.840236485e-02 7.513502240e-02 8.221781999e-02 8.968043327e-02
 9.755586088e-02 1.058807820e-01 1.146960482e-01 1.240477115e-01 1.339884847e-01
 1.445797533e-01 1.558945775e-01 1.680215746e-01 1.810708344e-01 1.951821446e-01
 2.105382532e-01 2.273872942e-01 2.460885048e-01 2.672525048e-01 2.898135781e-01
 3.088268936e-01 3.235334456e-01 3.336684108e-01 3.391340971e-01 3.391827345e-01
 3.335496187e-01 3.228373528e-01 3.125505447e-01 3.031828105e-01 2.947765291e-01
-2.980981022e-02-3.554149345e-02-3.492585942e-02-3.282922134e-02-3.118427284e-02
-2.983792126e-02-2.865892649e-02-2.754612267e-02-2.642752975e-02-2.525393292e-02
-2.399160899e-02-2.261626720e-02-2.110874839e-02-1.945239678e-02-1.763173193e-02
-1.563208178e-02-1.343976241e-02-1.104255021e-02-8.430209942e-03-5.594919436e-03
-2.531548264e-03 7.622597041e-04 4.286154173e-03 8.037271909e-03 1.201052219e-02
 1.619893499e-02 2.059409767e-02 2.518672310e-02 2.996738441e-02 3.492746130e-02
 4.006025195e-02 4.536218196e-02 5.083388463e-02 5.648105592e-02 6.231493130e-02
 6.835225970e-02 7.461489737e-02 8.112902939e-02 8.792428672e-02 9.503288567e-02
 1.024889499e-01 1.103280783e-01 1.185872927e-01 1.273052245e-01 1.365224570e-01
 1.462821066e-01 1.566301882e-01 1.676156670e-01 1.792895943e-01 1.917019486e-01
 2.048933804e-01 2.188748717e-01 2.335783392e-01 2.487462312e-01 2.636574805e-01
 2.769067883e-01 2.876796126e-01 2.955442667e-01 3.002282679e-01 3.016011119e-01
 2.997886539e-01 2.957994044e-01 2.907787263e-01 2.853621244e-01 2.799296975e-01
-3.106349707e-02-3.718060255e-02-3.734235466e-02-3.624666855e-02-3.554718196e-02
-3.492765129e-02-3.420500457e-02-3.329297155e-02-3.216332942e-02-3.081627935e-02
-2.926207520e-02-2.751097269e-02-2.556851134e-02-2.343413793e-02-2.110189013e-02
-1.856218837e-02-1.580401883e-02-1.281703357e-02-9.593212977e-03-6.127996370e-03
-2.420817036e-03 1.524868072e-03 5.701879505e-03 1.009976771e-02 1.470524166e-02
 1.950250007e-02 2.447353490e-02 2.959857322e-02 3.485688567e-02 4.022815078e-02
 4.569436982e-02 5.124211684e-02 5.686474591e-02 6.256404519e-02 6.835102290e-02
 7.424563169e-02 8.027543128e-02 8.647351712e-02 9.287621826e-02 9.952087700e-02
 1.064441428e-01 1.136808768e-01 1.212635040e-01 1.292216778e-01 1.375819892e-01
 1.463674307e-01 1.555962414e-01 1.652795523e-01 1.754174083e-01 1.859914660e-01
 1.969530135e-01 2.082038373e-01 2.195682824e-01 2.307614386e-01 2.413772643e-01
 2.509443164e-01 2.590370178e-01 2.653480470e-01 2.697086036e-01 2.721034884e-01
 2.726929784e-01 2.718031406e-01 2.698360384e-01 2.671630383e-01 2.640773654e-01
-2.784296125e-02-3.390970081e-02-3.671658412e-02-3.841175139e-02-3.976459801e-02
-4.045692086e-02-4.042176902e-02-3.975143284e-02-3.856866807e-02-3.698349372e-02
-3.508150205e-02-3.292118385e-02-3.053530306e-02-2.793516405e-02-2.511661872e-02
-2.206658572e-02-1.876894757e-02-1.520924829e-02-1.137795858e-02-7.272288669e-03
-2.896629274e-03 1.738130115e-03 6.615949329e-03 1.171702612e-02 1.701866649e-02
 2.249535732e-02 2.811820433e-02 3.385431319e-02 3.966690227e-02 4.551698640e-02
 5.136694759e-02 5.718546361e-02 6.295260787e-02 6.866377592e-02 7.433141023e-02
 7.998418808e-02 8.566359431e-02 9.141878039e-02 9.730096161e-02 1.033586934e-01
 1.096348614e-01 1.161653027e-01 1.229784787e-01 1.300955564e-01 1.375304461e-01
 1.452893317e-01 1.533694863e-01 1.617570072e-01 1.704233587e-01 1.793202311e-01
 1.883727610e-01 1.974719167e-01 2.064674795e-01 2.151663452e-01 2.233415246e-01
 2.307549864e-01 2.371894270e-01 2.424780279e-01 2.465252429e-01 2.493177801e-01
 2.509249449e-01 2.514850199e-01 2.511786819e-01 2.501977384e-01 2.487209141e-01
-2.376504056e-02-3.008483723e-02-3.604393452e-02-4.181491956e-02-4.701554403e-02
-4.874370247e-02-4.885833338e-02-4.790710285e-02-4.623394459e-02-4.407850653e-02
-4.160478339e-02-3.891083971e-02-3.603774309e-02-3.298368305e-02-2.972081862e-02
-2.621052973e-02-2.241482399e-02-1.830394380e-02-1.386104804e-02-9.084391408e-03
-3.986864816e-03 1.407171134e-03 7.066836115e-03 1.295941509e-02 1.905271783e-02
 2.531422302e-02 3.170744702e-02 3.818696365e-02 4.469444230e-02 5.115891993e-02
 5.750405043e-02 6.366113573e-02 6.958273053e-02 7.525207102e-02 8.068709075e-02
 8.593889326e-02 9.108371288e-02 9.620893002e-02 1.013981402e-01 1.067211628e-01
 1.122306809e-01 1.179633066e-01 1.239420697e-01 1.301787794e-01 1.366755217e-01
 1.434252113e-01 1.504112482e-01 1.576062888e-01 1.649704278e-01 1.724487394e-01
 1.799688786e-01 1.874392033e-01 1.947485507e-01 2.017691135e-01 2.083633393e-01
 2.143947780e-01 2.197412848e-01 2.243078947e-01 2.280367166e-01 2.309123725e-01
 2.329616249e-01 2.342475951e-01 2.348593324e-01 2.348997295e-01 2.344741225e-01
-2.162956446e-02-2.878175490e-02-3.657825664e-02-4.542300850e-02-5.520116538e-02
-6.064533815e-02-6.079883128e-02-5.835618451e-02-5.532664806e-02-5.200140178e-02
-4.860518128e-02-4.524444789e-02-4.190774634e-02-3.851039708e-02-3.494302928e-02
-3.110188991e-02-2.690236643e-02-2.228456736e-02-1.721735485e-02-1.170231774e-02
-5.774191581e-03 5.078818649e-04 7.078260649e-03 1.388203073e-02 2.088169195e-02
 2.805256657e-02 3.537091985e-02 4.279702157e-02 5.025417730e-02 5.761221424e-02
 6.470035017e-02 7.135782391e-02 7.747805119e-02 8.302076161e-02 8.801425993e-02
 9.256146848e-02 9.683197737e-02 1.010149568e-01 1.052624360e-01 1.096714213e-01
 1.142954305e-01 1.191599891e-01 1.242731363e-01 1.296314150e-01 1.352228522e-01
 1.410281509e-01 1.470207423e-01 1.531662792e-01 1.594218016e-01 1.657348871e-01
 1.720430553e-01 1.782738417e-01 1.843460351e-01 1.901723444e-01 1.956637055e-01
 2.007348090e-01 2.053104639e-01 2.093315423e-01 2.127596736e-01 2.155797929e-01
 2.178002000e-01 2.194501609e-01 2.205754519e-01 2.212330103e-01 2.214852571e-01
-1.889756694e-02-2.625700273e-02-3.456054628e-02-4.429463670e-02-5.584184825e-02
-6.455703825e-02-6.909022480e-02-6.926800311e-02-6.507102400e-02-5.968895555e-02
-5.501417816e-02-5.112254992e-02-4.770105332e-02-4.438328370e-02-4.088096693e-02
-3.699457273e-02-3.258425742e-02-2.754973993e-02-2.182888612e-02-1.541703288e-02
-8.400819264e-03-9.573525167e-04 6.734876428e-03 1.457948424e-02 2.255952358e-02
 3.070368804e-02 3.905948251e-02 4.767069593e-02 5.653690174e-02 6.547287852e-02
 7.391265035e-02 8.141300082e-02 8.783298731e-02 9.312416613e-02 9.728349000e-02
 1.004244834e-01 1.030325443e-01 1.057225913e-01 1.087149456e-01 1.120500565e-01
 1.157207042e-01 1.197052449e-01 1.239774376e-01 1.285092235e-01 1.332710534e-01
 1.382312775e-01 1.433553398e-01 1.486049145e-01 1.539372057e-01 1.593044400e-01
 1.646538675e-01 1.699281782e-01 1.750666350e-01 1.800069213e-01 1.846876889e-01
 1.890515238e-01 1.930482239e-01 1.966377348e-01 1.997924298e-01 2.024984956e-01
 2.047560066e-01 2.065778226e-01 2.079877853e-01 2.090178430e-01 2.097053826e-01
-1.471262239e-02-2.145064436e-02-2.887189016e-02-3.709125891e-02-4.610825703e-02
-5.570594594e-02-6.417474896e-02-6.850890815e-02-6.824090332e-02-6.298793107e-02
-5.794703588e-02-5.502790585e-02-5.302964896e-02-5.077896640e-02-4.797624052e-02
-4.448147863e-02-4.017500207e-02-3.492595628e-02-2.858030051e-02-2.096739411e-02
-1.202533301e-02-2.631644951e-03 6.477326155e-03 1.536608487e-02 2.419077232e-02
 3.311760351e-02 4.232416674e-02 5.201979354e-02 6.248907000e-02 7.413058728e-02
 8.456788212e-02 9.305233508e-02 9.984341264e-02 1.048109457e-01 1.078925282e-01
 1.088150516e-01 1.084745228e-01 1.093565077e-01 1.110706776e-01 1.134028509e-01
 1.162201837e-01 1.194323897e-01 1.229734793e-01 1.267913580e-01 1.308415681e-01
 1.350834221e-01 1.394774616e-01 1.439838856e-01 1.485617310e-01 1.531681567e-01
 1.577585489e-01 1.622867733e-01 1.667059511e-01 1.709695756e-01 1.750330180e-01
 1.788551509e-01 1.824000478e-01 1.856386214e-01 1.885496974e-01 1.911208183e-01
 1.933482736e-01 1.952367425e-01 1.967981607e-01 1.980505288e-01 1.990162581e-01
-9.311711416e-03-1.498665102e-02-2.105833031e-02-2.752074227e-02-3.428972512e-02
-4.119418934e-02-4.798770696e-02-5.437145010e-02-5.803494900e-02-5.588250607e-02
-5.335402489e-02-5.317559838e-02-5.385476351e-02-5.312273279e-02-5.128078163e-02
-4.841184244e-02-4.446536675e-02-3.931983188e-02-3.276420757e-02-2.439946681e-02
-1.349022426e-02-2.318263520e-03 7.623199373e-03 1.694741473e-02 2.602872625e-02
 3.513649106e-02 4.451148584e-02 5.441786349e-02 6.519395113e-02 7.721006125e-02
 8.798955381e-02 9.663607180e-02 1.033860222e-01 1.081711501e-01 1.108613163e-01
 1.111393943e-01 1.100963578e-01 1.103137732e-01 1.114395335e-01 1.132222936e-01
 1.155031994e-01 1.181789488e-01 1.211774424e-01 1.244433895e-01 1.279304475e-01
 1.315970570e-01 1.354041249e-01 1.393137127e-01 1.432882696e-01 1.472902149e-01
 1.512818485e-01 1.552255601e-01 1.590842009e-01 1.628219038e-01 1.664047390e-01
 1.698017865e-01 1.729859859e-01 1.759350300e-01 1.786319911e-01 1.810656935e-01
 1.832308769e-01 1.851278394e-01 1.867620349e-01 1.881433129e-01 1.892850101e-01
 0.180650723E+01 0.183233428E+01 0.184854615E+01 0.186686337E+01 0.188543248E+01
 0.190800118E+01 0.192570531E+01 0.194419062E+01 0.196214986E+01 0.198074448E+01
 0.199966300E+01 0.201820326E+01 0.203732300E+01 0.205667424E+01 0.207569957E+01
 0.209548473E+01 0.211552954E+01 0.213561249E+01 0.215594149E+01 0.217690730E+01
 0.219831824E+01 0.221986675E+01 0.224189138E+01 0.226461220E+01 0.228797579E+01
 0.231171179E+01 0.233602285E+01 0.236117959E+01 0.238721037E+01 0.241389894E+01
 0.244135642E+01 0.246982241E+01 0.249943042E+01 0.253015661E+01 0.256189322E+01
 0.259486699E+01 0.262936354E+01 0.266538048E+01 0.270292926E+01 0.274216676E+01
 0.278332281E+01 0.282666087E+01 0.287225437E+01 0.292027402E+01 0.297091222E+01
 0.302467108E+01 0.308176064E+01 0.314257669E+01 0.320749354E+01 0.327713323E+01
 0.335207057E+01 0.343303680E+01 0.352103758E+01 0.361714458E+01 0.372255707E+01
 0.383941960E+01 0.397025895E+01 0.411790991E+01 0.428873110E+01 0.448822451E+01
 0.472956896E+01 0.503487635E+01 0.544801950E+01 0.612428570E+01 0.930811787E+01
   88   86
 0.108102977E+01-0.500000007E-01 0.108205283E+01 0.500000007E-01 0.109004533E+01
 0.150000006E+00 0.110476112E+01 0.250000000E+00 0.111393213E+01 0.300000012E+00
 0.113218749E+01 0.387674749E+00 0.114582825E+01 0.449999988E+00 0.115875006E+01
 0.506937921E+00 0.118049872E+01 0.600000024E+00 0.119256985E+01 0.649999976E+00
 0.121187496E+01 0.728660643E+00 0.123122704E+01 0.800000012E+00 0.124625969E+01
 0.850000024E+00 0.126576412E+01 0.905007482E+00 0.129289198E+01 0.955269516E+00
 0.134468746E+01 0.994939983E+00 0.138054693E+01 0.100187922E+01 0.143367195E+01
 0.999243438E+00 0.146953130E+01 0.991995215E+00 0.152265632E+01 0.977569759E+00
 0.156889391E+01 0.960842013E+00 0.160949111E+01 0.942867279E+00 0.165546882E+01
 0.920393348E+00 0.169929695E+01 0.896081924E+00 0.173499322E+01 0.873476326E+00
 0.177898443E+01 0.843928635E+00 0.181018937E+01 0.820627272E+00 0.185003316E+01
 0.788582921E+00 0.188523436E+01 0.758728504E+00 0.191813457E+01 0.727794766E+00
 0.195897019E+01 0.687308311E+00 0.199148440E+01 0.652617157E+00 0.201834726E+01
 0.621166825E+00 0.204852629E+01 0.582500041E+00 0.208370447E+01 0.532500029E+00
 0.211487103E+01 0.482499987E+00 0.214258480E+01 0.432500005E+00 0.216737270E+01
 0.382499993E+00 0.218963313E+01 0.332500011E+00 0.220952415E+01 0.282499999E+00
 0.223054695E+01 0.218535766E+00 0.225248933E+01 0.137912631E+00 0.226315403E+01
 0.649999976E-01 0.226599407E+01-0.350000039E-01 0.225623536E+01-0.125259325E+00
 0.224021888E+01-0.194944724E+00 0.221882534E+01-0.267500013E+00 0.220069218E+01
-0.317499995E+00 0.218046546E+01-0.367826939E+00 0.215716934E+01-0.419898421E+00
 0.213226557E+01-0.470588416E+00 0.210570312E+01-0.518603384E+00 0.207499790E+01
-0.567499995E+00 0.204045725E+01-0.617500007E+00 0.200361562E+01-0.665840089E+00
 0.197289062E+01-0.703068793E+00 0.194632816E+01-0.733406007E+00 0.191377199E+01
-0.767904162E+00 0.186976302E+01-0.812341392E+00 0.184007812E+01-0.840757310E+00
 0.180617785E+01-0.870590091E+00 0.176039064E+01-0.909247279E+00 0.173169839E+01
-0.931508541E+00 0.168949878E+01-0.961769879E+00 0.165414059E+01-0.986113191E+00
 0.161250365E+01-0.101111221E+01 0.157082641E+01-0.103500736E+01 0.152606297E+01
-0.105760503E+01 0.148546875E+01-0.107638371E+01 0.144164062E+01-0.109416914E+01
 0.140285623E+01-0.110769463E+01 0.135265625E+01-0.112430811E+01 0.129650128E+01
-0.113675678E+01 0.124466944E+01-0.114405107E+01 0.122112203E+01-0.111215687E+01
 0.121691227E+01-0.102053237E+01 0.121089637E+01-0.932500005E+00 0.120324671E+01
-0.865000010E+00 0.119197512E+01-0.781056643E+00 0.117953074E+01-0.706532478E+00
 0.116604102E+01-0.630867660E+00 0.115247703E+01-0.559113681E+00 0.113780189E+01
-0.482499987E+00 0.112535191E+01-0.414999992E+00 0.111058664E+01-0.332211107E+00
 0.110049057E+01-0.265000015E+00 0.108853889E+01-0.164999992E+00 0.108231759E+01
-0.824999958E-01
 0.101600003E+01 0.000000000E+00 0.101600003E+01 0.963999987E+00 0.101600003E+01
 0.967999995E+00 0.101600003E+01 0.100100005E+01 0.101600003E+01 0.101900005E+01
 0.101600003E+01 0.107700002E+01 0.101600003E+01 0.107000005E+01 0.101600003E+01
 0.109599996E+01 0.101600003E+01 0.111300004E+01 0.101600003E+01 0.113800001E+01
 0.101600003E+01 0.114699996E+01 0.101199996E+01 0.116499996E+01 0.100100005E+01
 0.121700001E+01 0.102900004E+01 0.121700001E+01 0.104200006E+01 0.116240001E+01
 0.104600000E+01 0.116237998E+01 0.105599999E+01 0.116260004E+01 0.109700000E+01
 0.116450000E+01 0.110800004E+01 0.116594005E+01 0.111600006E+01 0.116591001E+01
 0.113399994E+01 0.116895998E+01 0.114800000E+01 0.117174995E+01 0.116199994E+01
 0.117556000E+01 0.118099999E+01 0.118299997E+01 0.118200004E+01 0.118350005E+01
 0.118499994E+01 0.118499994E+01 0.119000006E+01 0.118799996E+01 0.119500005E+01
 0.119099998E+01 0.120099998E+01 0.119599998E+01 0.120899999E+01 0.120200002E+01
 0.121500003E+01 0.120799994E+01 0.122200000E+01 0.121399999E+01 0.122800004E+01
 0.122099996E+01 0.123399997E+01 0.123099995E+01 0.123899996E+01 0.123800004E+01
 0.124199998E+01 0.124399996E+01 0.124800003E+01 0.125399995E+01 0.125800002E+01
 0.127800000E+01 0.126300001E+01 0.128999996E+01 0.127999997E+01 0.133099997E+01
 0.127999997E+01 0.134700000E+01 0.127999997E+01 0.134800005E+01 0.130999994E+01
 0.134800005E+01 0.132799995E+01 0.134800005E+01 0.136099994E+01 0.134800005E+01
 0.138000000E+01 0.134800005E+01 0.141900003E+01 0.134800005E+01 0.141900003E+01
 0.130999994E+01 0.137199998E+01 0.130999994E+01 0.137199998E+01 0.129200006E+01
 0.160800004E+01 0.109500003E+01 0.164699996E+01 0.107700002E+01 0.178499997E+01
 0.107700002E+01 0.206999993E+01 0.103999996E+01 0.212800002E+01 0.992999971E+00
 0.224499989E+01 0.708999991E+00 0.232299995E+01 0.518999994E+00 0.237700009E+01
 0.388999999E+00 0.236249995E+01 0.400000006E+00 0.236443496E+01 0.222000003E+00
 0.236496902E+01 0.133000001E+00 0.236532402E+01 0.439999998E-01 0.236512089E+01
-0.439999998E-01 0.236484194E+01-0.133000001E+00 0.236433411E+01-0.222000003E+00
 0.236249995E+01-0.400000006E+00 0.237700009E+01-0.388999999E+00 0.213400006E+01
-0.972999990E+00 0.178600001E+01-0.117400002E+01 0.176800001E+01-0.121099997E+01
 0.176800001E+01-0.125000000E+01 0.168200004E+01-0.125000000E+01 0.137199998E+01
-0.125000000E+01 0.137199998E+01-0.132900000E+01 0.141999996E+01-0.132900000E+01
 0.141999996E+01-0.136300004E+01 0.127300000E+01-0.136300004E+01 0.115300000E+01
-0.136300004E+01 0.101600003E+01-0.122300005E+01 0.101600003E+01-0.122300005E+01
 0.101600003E+01-0.829999983E+00 0.101600003E+01-0.800000012E+00 0.101600003E+01
-0.414999992E+00 0.101600003E+01-0.400000006E+00 0.101600003E+01-0.100000005E-02
 0.101600003E+01 0.000000000E+00
    0 0.169550002E+01    0
 0.000000000E+00 0.997708961E-01 0.141693100E+00 0.174059346E+00 0.201543197E+00
 0.224663720E+00 0.246883526E+00 0.267657638E+00 0.286980122E+00 0.305299163E+00
 0.322763026E+00 0.339423835E+00 0.355484217E+00 0.371036410E+00 0.386032462E+00
 0.400618106E+00 0.414865404E+00 0.428760707E+00 0.442285687E+00 0.455585152E+00
 0.468645275E+00 0.481447428E+00 0.494036824E+00 0.506453872E+00 0.518694580E+00
 0.530776739E+00 0.542686999E+00 0.554488599E+00 0.566191673E+00 0.577747285E+00
 0.589202523E+00 0.600574911E+00 0.611898482E+00 0.623123407E+00 0.634286523E+00
 0.645373225E+00 0.656447411E+00 0.667490065E+00 0.678492546E+00 0.689461827E+00
 0.700415969E+00 0.711382210E+00 0.722344935E+00 0.733327746E+00 0.744316876E+00
 0.755347788E+00 0.766420662E+00 0.777541637E+00 0.788726747E+00 0.799984396E+00
 0.811337113E+00 0.822790384E+00 0.834375799E+00 0.846098721E+00 0.857978404E+00
 0.870048881E+00 0.882352352E+00 0.894899964E+00 0.907792687E+00 0.921011329E+00
 0.934718490E+00 0.949026048E+00 0.964091778E+00 0.980505407E+00 0.100000000E+01
    0
