  EFITD    06/25/2013    #1553373000.0ms  EFIT01   0  65  65
 0.170000005E+01 0.320000005E+01 0.169550002E+01 0.839999974E+00 0.000000000E+00
 0.181524372E+01-0.247301366E-01-0.188051015E+00-0.103267152E-01 0.165873182E+01
 0.101789525E+07-0.188051015E+00 0.000000000E+00 0.181524372E+01 0.000000000E+00
-0.247301366E-01 0.000000000E+00-0.103267152E-01 0.000000000E+00 0.000000000E+00
 0.275864339E+01 0.276145840E+01 0.276416779E+01 0.276677418E+01 0.276927948E+01
 0.277168608E+01 0.277399588E+01 0.277621150E+01 0.277833486E+01 0.278036833E+01
 0.278231359E+01 0.278417301E+01 0.278594875E+01 0.278764319E+01 0.278925800E+01
 0.279079509E+01 0.279225683E+01 0.279364538E+01 0.279496241E+01 0.279621005E+01
 0.279739046E+01 0.279850578E+01 0.279955745E+01 0.280054808E+01 0.280147934E+01
 0.280235338E+01 0.280317163E+01 0.280393696E+01 0.280465055E+01 0.280531454E+01
 0.280593157E+01 0.280650234E+01 0.280702996E+01 0.280751562E+01 0.280796146E+01
 0.280836964E+01 0.280874205E+01 0.280908012E+01 0.280938649E+01 0.280966258E+01
 0.280991030E+01 0.281013203E+01 0.281032920E+01 0.281050396E+01 0.281065845E+01
 0.281079388E+01 0.281091285E+01 0.281101704E+01 0.281110835E+01 0.281118870E+01
 0.281126022E+01 0.281132412E+01 0.281138325E+01 0.281143880E+01 0.281149316E+01
 0.281154799E+01 0.281160522E+01 0.281166673E+01 0.281173444E+01 0.281181049E+01
 0.281189656E+01 0.281199455E+01 0.281210661E+01 0.281223440E+01 0.281237984E+01
 0.105034336E+06 0.102023734E+06 0.990566094E+05 0.961329531E+05 0.932527656E+05
 0.904160625E+05 0.876228359E+05 0.848730781E+05 0.821667969E+05 0.795039844E+05
 0.768846562E+05 0.743087969E+05 0.717764062E+05 0.692875000E+05 0.668420625E+05
 0.644400938E+05 0.620816094E+05 0.597665938E+05 0.574950547E+05 0.552669922E+05
 0.530823984E+05 0.509412852E+05 0.488436406E+05 0.467894766E+05 0.447787812E+05
 0.428115625E+05 0.408878203E+05 0.390075469E+05 0.371707500E+05 0.353774297E+05
 0.336275820E+05 0.319212109E+05 0.302583105E+05 0.286388867E+05 0.270629375E+05
 0.255304609E+05 0.240414590E+05 0.225959336E+05 0.211938789E+05 0.198353008E+05
 0.185201973E+05 0.172485664E+05 0.160204121E+05 0.148357314E+05 0.136945244E+05
 0.125967920E+05 0.115425342E+05 0.105317500E+05 0.956444141E+04 0.864060547E+04
 0.776024512E+04 0.692335889E+04 0.612994678E+04 0.538000879E+04 0.467354590E+04
 0.401055640E+04 0.339104199E+04 0.281500146E+04 0.228243530E+04 0.179334363E+04
 0.134772632E+04 0.945583252E+03 0.586914490E+03 0.271720062E+03 0.000000000E+00
 0.285447502E+01 0.275120473E+01 0.264987493E+01 0.255048561E+01 0.245303679E+01
 0.235752821E+01 0.226396012E+01 0.217233253E+01 0.208264542E+01 0.199489892E+01
 0.190909266E+01 0.182522678E+01 0.174330163E+01 0.166331673E+01 0.158527243E+01
 0.150916851E+01 0.143500495E+01 0.136278200E+01 0.129249942E+01 0.122415733E+01
 0.115775561E+01 0.109329438E+01 0.103077364E+01 0.970193386E+00 0.911553502E+00
 0.854854107E+00 0.800095141E+00 0.747276664E+00 0.696398616E+00 0.647461057E+00
 0.600463867E+00 0.555407166E+00 0.512290955E+00 0.471115202E+00 0.431879878E+00
 0.394585013E+00 0.359230578E+00 0.325816631E+00 0.294343114E+00 0.264810085E+00
 0.237217471E+00 0.211565316E+00 0.187853634E+00 0.166082382E+00 0.146251589E+00
 0.128361255E+00 0.112411380E+00 0.984019488E-01 0.863329768E-01 0.762044489E-01
 0.680163801E-01 0.617687628E-01 0.574615970E-01 0.550948903E-01 0.546686351E-01
 0.561828315E-01 0.596374795E-01 0.650325865E-01 0.723681450E-01 0.816441476E-01
 0.928606093E-01 0.106017530E+00 0.121114895E+00 0.138152719E+00 0.157130986E+00
-0.109294650E+07-0.107727212E+07-0.106159775E+07-0.104592325E+07-0.103024888E+07
-0.101457450E+07-0.998900125E+06-0.983225750E+06-0.967551312E+06-0.951876938E+06
-0.936202500E+06-0.920528125E+06-0.904853750E+06-0.889179375E+06-0.873505000E+06
-0.857830562E+06-0.842156125E+06-0.826481750E+06-0.810807375E+06-0.795133000E+06
-0.779458562E+06-0.763784125E+06-0.748109750E+06-0.732435375E+06-0.716761000E+06
-0.701086625E+06-0.685412188E+06-0.669737750E+06-0.654063375E+06-0.638389000E+06
-0.622714625E+06-0.607040250E+06-0.591365812E+06-0.575691375E+06-0.560017000E+06
-0.544342625E+06-0.528668250E+06-0.512993844E+06-0.497319438E+06-0.481645062E+06
-0.465970656E+06-0.450296250E+06-0.434621875E+06-0.418947438E+06-0.403273062E+06
-0.387598688E+06-0.371924281E+06-0.356249875E+06-0.340575500E+06-0.324901094E+06
-0.309226688E+06-0.293552312E+06-0.277877906E+06-0.262203500E+06-0.246529109E+06
-0.230854719E+06-0.215180312E+06-0.199505922E+06-0.183831531E+06-0.168157125E+06
-0.152482750E+06-0.136808344E+06-0.121133953E+06-0.105459547E+06-0.897851562E+05
 2.381112799e-02 2.221331932e-02 2.065085247e-02 1.906493306e-02 1.738532819e-02
 1.551808044e-02 1.333020255e-02 1.063711848e-02 6.570534781e-03 1.321551681e-04
-7.630588487e-03-1.697048917e-02-2.645411529e-02-3.304049373e-02-3.738814592e-02
-3.977705166e-02-4.027717188e-02-3.883124143e-02-3.521605581e-02-2.893675864e-02
-1.902461797e-02-8.593460545e-03-1.327524660e-05 7.524199318e-03 1.446895674e-02
 2.109565213e-02 2.759805694e-02 3.413750231e-02 4.087559879e-02 4.798127711e-02
 5.466363207e-02 6.067471206e-02 6.611458957e-02 7.094050944e-02 7.512560487e-02
 7.857838273e-02 8.161731064e-02 8.509600908e-02 8.889100701e-02 9.292931855e-02
 9.716854244e-02 1.015824303e-01 1.061514169e-01 1.108570993e-01 1.156796813e-01
 1.205969602e-01 1.255841255e-01 1.306137741e-01 1.356560290e-01 1.406787485e-01
 1.456478536e-01 1.505278647e-01 1.552825570e-01 1.598758698e-01 1.642729640e-01
 1.684413850e-01 1.723521650e-01 1.759809703e-01 1.793089211e-01 1.823232770e-01
 1.850176007e-01 1.873917580e-01 1.894514859e-01 1.912075877e-01 1.926751137e-01
 2.023361996e-02 1.864867657e-02 1.730843261e-02 1.620410010e-02 1.527943648e-02
 1.440733299e-02 1.298997365e-02 1.018309593e-02 5.711077712e-03-6.161661004e-04
-7.524007000e-03-1.467327587e-02-2.136944607e-02-2.652043477e-02-3.003072366e-02
-3.193435073e-02-3.222992271e-02-3.085979447e-02-2.770870179e-02-2.262444049e-02
-1.559979934e-02-7.874027826e-03-5.704119103e-04 6.306059193e-03 1.288935076e-02
 1.931544207e-02 2.571016550e-02 3.219744563e-02 3.891627491e-02 4.601620883e-02
 5.273656920e-02 5.882108957e-02 6.436049193e-02 6.934393942e-02 7.373736799e-02
 7.744449377e-02 8.081269264e-02 8.465341479e-02 8.885183930e-02 9.333419055e-02
 9.805470705e-02 1.029822528e-01 1.080927923e-01 1.133648008e-01 1.187764704e-01
 1.243040115e-01 1.299206316e-01 1.355960369e-01 1.412959844e-01 1.469823867e-01
 1.526134610e-01 1.581443101e-01 1.635279059e-01 1.687163115e-01 1.736624241e-01
 1.783218980e-01 1.826550514e-01 1.866289079e-01 1.902186573e-01 1.934087574e-01
 1.961933970e-01 1.985761523e-01 2.005691826e-01 2.021919191e-01 2.034692466e-01
 1.562543213e-02 1.403710060e-02 1.295062155e-02 1.247123722e-02 1.259074919e-02
 1.196024194e-02 1.020241436e-02 7.195143960e-03 2.847489901e-03-1.911215018e-03
-6.596727762e-03-1.102025621e-02-1.494713873e-02-1.811203361e-02-2.031488344e-02
-2.143605426e-02-2.140581980e-02-2.018511668e-02-1.777031086e-02-1.422492974e-02
-9.729994461e-03-4.587054253e-03 9.000453865e-04 6.540901959e-03 1.225732453e-02
 1.803747937e-02 2.390162461e-02 2.988225967e-02 3.600772470e-02 4.224707931e-02
 4.835186899e-02 5.415933579e-02 5.964754522e-02 6.481129676e-02 6.964816153e-02
 7.418017089e-02 7.861000299e-02 8.321906626e-02 8.806397021e-02 9.314580262e-02
 9.845585376e-02 1.039824486e-01 1.097121686e-01 1.156294867e-01 1.217159480e-01
 1.279493123e-01 1.343026459e-01 1.407435834e-01 1.472336650e-01 1.537278891e-01
 1.601748168e-01 1.665168107e-01 1.726912260e-01 1.786323488e-01 1.842738986e-01
 1.895524263e-01 1.944108605e-01 1.988020390e-01 2.026917040e-01 2.060604095e-01
 2.089042366e-01 2.112341225e-01 2.130740583e-01 2.144583315e-01 2.154284120e-01
 9.329696186e-03 7.502740249e-03 6.442274898e-03 6.201927550e-03 6.550158840e-03
 5.904272199e-03 3.981862217e-03 1.439580461e-03-1.274854993e-03-4.072372336e-03
-6.832743064e-03-9.415669367e-03-1.167063043e-02-1.344976202e-02-1.462390367e-02
-1.509346068e-02-1.479185000e-02-1.368648931e-02-1.178178098e-02-9.123852476e-03
-5.801213905e-03-1.932974672e-03 2.355969511e-03 6.959813647e-03 1.180343330e-02
 1.684007607e-02 2.204180136e-02 2.738744393e-02 3.284936026e-02 3.838165477e-02
 4.392190650e-02 4.941298068e-02 5.482080579e-02 6.013604626e-02 6.537343562e-02
 7.057559490e-02 7.581262290e-02 8.116179705e-02 8.668185771e-02 9.240762144e-02
 9.835664928e-02 1.045356840e-01 1.109441370e-01 1.175756454e-01 1.244183108e-01
 1.314543784e-01 1.386594176e-01 1.460011005e-01 1.534381211e-01 1.609188616e-01
 1.683805287e-01 1.757488698e-01 1.829390228e-01 1.898578256e-01 1.964079440e-01
 2.024936974e-01 2.080278397e-01 2.129385769e-01 2.171754539e-01 2.207132429e-01
 2.235530317e-01 2.257207036e-01 2.272626311e-01 2.282401025e-01 2.287229300e-01
 4.259606067e-04-2.039616695e-03-3.076674417e-03-2.991263289e-03-2.505519427e-03
-2.712537767e-03-3.292466048e-03-4.184105434e-03-5.313389003e-03-6.591808517e-03
-7.918536663e-03-9.184822440e-03-1.027980261e-02-1.109718159e-02-1.154191792e-02
-1.153583825e-02-1.102154795e-02-9.964827448e-03-8.355809376e-03-6.208639592e-03
-3.558607306e-03-4.561126698e-04 3.041738644e-03 6.879403256e-03 1.100844890e-02
 1.538928878e-02 1.998969540e-02 2.478148416e-02 2.973705903e-02 3.482762724e-02
 4.002462327e-02 4.530397803e-02 5.065083504e-02 5.606259406e-02 6.155003607e-02
 6.713664532e-02 7.285543531e-02 7.874325663e-02 8.483462036e-02 9.115777910e-02
 9.773363918e-02 1.045761555e-01 1.116930991e-01 1.190865189e-01 1.267525554e-01
 1.346808374e-01 1.428531557e-01 1.512416303e-01 1.598063111e-01 1.684922576e-01
 1.772265136e-01 1.859155297e-01 1.944439113e-01 2.026762366e-01 2.104628235e-01
 2.176503390e-01 2.240957320e-01 2.296811193e-01 2.343263328e-01 2.379970402e-01
 2.407068908e-01 2.425133586e-01 2.435078770e-01 2.438027710e-01 2.435178161e-01
-1.336765848e-02-1.802265085e-02-1.663303189e-02-1.389428228e-02-1.187212020e-02
-1.043192204e-02-9.516962804e-03-9.044289589e-03-8.920892142e-03-9.049950168e-03
-9.333016351e-03-9.672001004e-03-9.971756488e-03-1.014311984e-02-1.010604203e-02
-9.792400524e-03-9.148180485e-03-8.134817705e-03-6.729600951e-03-4.924974404e-03
-2.726648003e-03-1.506086846e-04 2.780537587e-03 6.041178480e-03 9.605547413e-03
 1.344942302e-02 1.755068824e-02 2.188917063e-02 2.644631267e-02 3.120523319e-02
 3.615152091e-02 4.127464443e-02 4.656950384e-02 5.203761905e-02 5.768754706e-02
 6.353439391e-02 6.959834695e-02 7.590261847e-02 8.247112483e-02 8.932664245e-02
 9.648959339e-02 1.039774343e-01 1.118043363e-01 1.199808568e-01 1.285133660e-01
 1.374030411e-01 1.466441751e-01 1.562215388e-01 1.661065221e-01 1.762517989e-01
 1.865841746e-01 1.969959438e-01 2.073365897e-01 2.174077183e-01 2.269681692e-01
 2.357535660e-01 2.435089648e-01 2.500241697e-01 2.551608682e-01 2.588692307e-01
 2.611930072e-01 2.622608542e-01 2.622616291e-01 2.614103258e-01 2.599168420e-01
-2.393215895e-02-2.987574600e-02-2.740408108e-02-2.259108424e-02-1.891956851e-02
-1.615320146e-02-1.410772558e-02-1.264298335e-02-1.163936593e-02-1.098785736e-02
-1.058639027e-02-1.033885777e-02-1.015544310e-02-9.953547269e-03-9.658971801e-03
-9.207083844e-03-8.543726057e-03-7.625763305e-03-6.421146914e-03-4.908438772e-03
-3.075742628e-03-9.191330173e-04 1.559263095e-03 4.353161901e-03 7.453771308e-03
 1.085108332e-02 1.453479193e-02 1.849492639e-02 2.272237092e-02 2.720936760e-02
 3.195016459e-02 3.694172949e-02 4.218445346e-02 4.768267274e-02 5.344485492e-02
 5.948344618e-02 6.581431627e-02 7.245595753e-02 7.942864299e-02 8.675354719e-02
 9.445221722e-02 1.025461406e-01 1.110564992e-01 1.200039238e-01 1.294081509e-01
 1.392873526e-01 1.496568471e-01 1.605267376e-01 1.718979478e-01 1.837552637e-01
 1.960560381e-01 2.087117434e-01 2.215602994e-01 2.343311906e-01 2.466194630e-01
 2.579147220e-01 2.677103877e-01 2.756087482e-01 2.813608050e-01 2.848818302e-01
 2.862738371e-01 2.858361006e-01 2.840001583e-01 2.812057436e-01 2.778199911e-01
-2.881414630e-02-3.522261977e-02-3.227254003e-02-2.689777128e-02-2.257080376e-02
-1.915167272e-02-1.650932431e-02-1.451630611e-02-1.305318438e-02-1.200919226e-02
-1.128189079e-02-1.077640709e-02-1.040559635e-02-1.009001955e-02-9.758027270e-03
-9.346179664e-03-8.799188770e-03-8.070041426e-03-7.120013703e-03-5.918469280e-03
-4.442393314e-03-2.675565192e-03-6.069786614e-04 1.770197647e-03 4.459521268e-03
 7.462127134e-03 1.077756658e-02 1.440463960e-02 1.834206656e-02 2.258908376e-02
 2.714603022e-02 3.201487660e-02 3.719972074e-02 4.270712286e-02 4.854636639e-02
 5.472949892e-02 6.127126515e-02 6.818893552e-02 7.550209761e-02 8.323255181e-02
 9.140424430e-02 1.000433713e-01 1.091786623e-01 1.188417897e-01 1.290678680e-01
 1.398959756e-01 1.513696760e-01 1.635370404e-01 1.764500588e-01 1.901620030e-01
 2.047206163e-01 2.201512456e-01 2.364161313e-01 2.533190846e-01 2.703080475e-01
 2.860135436e-01 2.992049456e-01 3.092895448e-01 3.158972859e-01 3.188207150e-01
 3.180621266e-01 3.142853081e-01 3.089158833e-01 3.028392792e-01 2.965934873e-01
-2.871143818e-02-3.518472612e-02-3.242623806e-02-2.702828497e-02-2.262504399e-02
-1.912457868e-02-1.641442627e-02-1.437504776e-02-1.288975589e-02-1.184974238e-02
-1.115648635e-02-1.071713492e-02-1.044836827e-02-1.027460862e-02-1.012620330e-02
-9.941931814e-03-9.665766731e-03-9.247558191e-03-8.643375710e-03-7.815776393e-03
-6.734243594e-03-5.376440939e-03-3.722363850e-03-1.755578909e-03 5.366121768e-04
 3.163460176e-03 6.131447852e-03 9.445836768e-03 1.311116293e-02 1.713167131e-02
 2.151193097e-02 2.625731006e-02 3.137438372e-02 3.687130287e-02 4.275808856e-02
 4.904687777e-02 5.575212091e-02 6.289074570e-02 7.048239559e-02 7.854969054e-02
 8.711867034e-02 9.621936828e-02 1.058866829e-01 1.161615551e-01 1.270925105e-01
 1.387378275e-01 1.511684060e-01 1.644717753e-01 1.787575185e-01 1.941654682e-01
 2.108777463e-01 2.291389704e-01 2.492940277e-01 2.718821168e-01 2.973700762e-01
 3.204119802e-01 3.386642337e-01 3.519913554e-01 3.601055741e-01 3.623582125e-01
 3.585528731e-01 3.476958573e-01 3.356317282e-01 3.245183825e-01 3.144772947e-01
-2.430527657e-02-3.066932037e-02-2.818891592e-02-2.309265360e-02-1.906931400e-02
-1.600092463e-02-1.373531111e-02-1.212969515e-02-1.105719246e-02-1.040644199e-02
-1.010194793e-02-1.004105806e-02-1.015209407e-02-1.037081517e-02-1.062161382e-02
-1.085771527e-02-1.102058403e-02-1.105631143e-02-1.091548614e-02-1.055289805e-02
-9.926763363e-03-9.029830806e-03-7.828989998e-03-6.297930144e-03-4.416092299e-03
-2.168713370e-03 4.520392395e-04 3.456114791e-03 6.852314342e-03 1.064774115e-02
 1.484954171e-02 1.946510747e-02 2.450227737e-02 2.996981516e-02 3.587779030e-02
 4.223789275e-02 4.906380922e-02 5.637156963e-02 6.418003142e-02 7.251137495e-02
 8.139182627e-02 9.085249901e-02 1.009306610e-01 1.116713136e-01 1.231294572e-01
 1.353731602e-01 1.484878361e-01 1.625825465e-01 1.777990013e-01 1.943255663e-01
 2.124190181e-01 2.324403226e-01 2.549134195e-01 2.806125283e-01 3.106110096e-01
 3.413846493e-01 3.652877808e-01 3.822267354e-01 3.923500180e-01 3.955451846e-01
 3.908011317e-01 3.775302768e-01 3.581807017e-01 3.418515325e-01 3.281983733e-01
-1.546801254e-02-2.167198434e-02-1.908535697e-02-1.475810073e-02-1.178521756e-02
-9.805703536e-03-8.570886217e-03-7.905182429e-03-7.680987008e-03-7.800970227e-03
-8.188013919e-03-8.774210699e-03-9.501699358e-03-1.031978801e-02-1.116523240e-02
-1.199511625e-02-1.275243424e-02-1.338328514e-02-1.383710280e-02-1.406708639e-02
-1.403100602e-02-1.369294152e-02-1.301799621e-02-1.197420154e-02-1.053341012e-02
-8.671735413e-03-6.412207149e-03-3.728578100e-03-6.059036823e-04 2.959575038e-03
 6.976878271e-03 1.145476382e-02 1.640065573e-02 2.182272077e-02 2.773001790e-02
 3.413266689e-02 4.104236513e-02 4.847288877e-02 5.644063652e-02 6.496517360e-02
 7.406999916e-02 8.378343284e-02 9.413981438e-02 1.051810086e-01 1.169585213e-01
 1.295362264e-01 1.429941952e-01 1.574338675e-01 1.729852706e-01 1.898170412e-01
 2.081501931e-01 2.282763720e-01 2.505794168e-01 2.755562663e-01 3.038302064e-01
 3.359589577e-01 3.633098602e-01 3.829641342e-01 3.951925933e-01 4.000804722e-01
 3.978170753e-01 3.873807490e-01 3.685704470e-01 3.493247628e-01 3.339447379e-01
 1.050152350e-03-3.959950060e-03-3.184823086e-03-1.473125303e-03-8.977584657e-04
-9.309410816e-04-1.373245963e-03-2.122058999e-03-3.111739177e-03-4.293328151e-03
-5.626261700e-03-7.074227557e-03-8.603647351e-03-1.018258929e-02-1.177969575e-02
-1.334372628e-02-1.482222416e-02-1.616347581e-02-1.731728390e-02-1.823555678e-02
-1.887279935e-02-1.918641478e-02-1.913642697e-02-1.868590526e-02-1.780172996e-02
-1.645578444e-02-1.462695375e-02-1.229277253e-02-9.433271363e-03-6.106469780e-03
-2.281723544e-03 2.054842422e-03 6.902895868e-03 1.226956397e-02 1.816235110e-02
 2.458806522e-02 3.155482560e-02 3.907243907e-02 4.715290666e-02 5.581089482e-02
 6.506425142e-02 7.493467629e-02 8.544854075e-02 9.663787484e-02 1.085416377e-01
 1.212072372e-01 1.346924305e-01 1.490674913e-01 1.644178331e-01 1.808464527e-01
 1.984761357e-01 2.174499333e-01 2.379290164e-01 2.600870728e-01 2.841095328e-01
 3.102517128e-01 3.369732499e-01 3.562054932e-01 3.689340651e-01 3.756783009e-01
 3.762088418e-01 3.710198998e-01 3.592728078e-01 3.425226212e-01 3.291081190e-01
 2.484345436e-02 2.300636284e-02 1.873537898e-02 1.485743932e-02 1.187693141e-02
 9.264083579e-03 6.807666272e-03 4.410977475e-03 2.026578411e-03-3.681937815e-04
-2.781990450e-03-5.214815028e-03-7.661063224e-03-1.011138503e-02-1.255397778e-02
-1.494220551e-02-1.722669601e-02-1.935774460e-02-2.128602192e-02-2.296315506e-02
-2.434216253e-02-2.537781186e-02-2.602683753e-02-2.624828368e-02-2.600394934e-02
-2.525893226e-02-2.398218773e-02-2.214671671e-02-1.973174140e-02-1.672673225e-02
-1.311779954e-02-8.895923384e-03-4.146120511e-03 1.163034700e-03 7.041343488e-03
 1.348520070e-02 2.049794421e-02 2.808374166e-02 3.624875844e-02 4.500099272e-02
 5.435054004e-02 6.430985779e-02 7.489406317e-02 8.612125367e-02 9.801275283e-02
 1.105932742e-01 1.238907576e-01 1.379357576e-01 1.527598351e-01 1.683923602e-01
 1.848543584e-01 2.021474242e-01 2.202339917e-01 2.390008271e-01 2.581877410e-01
 2.772319913e-01 2.949952483e-01 3.099779487e-01 3.212826550e-01 3.286255002e-01
 3.319939375e-01 3.315720558e-01 3.278543353e-01 3.219262660e-01 3.153175116e-01
 4.152972996e-02 4.062258080e-02 3.485231847e-02 2.865571156e-02 2.340043336e-02
 1.878953725e-02 1.460857783e-02 1.071254723e-02 7.005727850e-03 3.425179515e-03
-7.024167280e-05-3.506893991e-03-6.900865119e-03-1.026093587e-02-1.359054446e-02
-1.684461161e-02-1.997616142e-02-2.293711156e-02-2.567909285e-02-2.815404907e-02
-3.031467274e-02-3.211472929e-02-3.350927681e-02-3.445491195e-02-3.491001576e-02
-3.483512253e-02-3.419332206e-02-3.295085579e-02-3.107804433e-02-2.855030075e-02
-2.534846216e-02-2.146219090e-02-1.689552888e-02-1.165185217e-02-5.749123171e-03
 7.263922598e-04 7.795165293e-03 1.545167528e-02 2.369695157e-02 3.253152221e-02
 4.195690900e-02 5.197533220e-02 6.258966029e-02 7.380317152e-02 8.561904728e-02
 9.803960472e-02 1.110648736e-01 1.246904284e-01 1.389039755e-01 1.536801308e-01
 1.689724922e-01 1.847019792e-01 2.007398605e-01 2.168840319e-01 2.328304052e-01
 2.481499910e-01 2.623049021e-01 2.747386992e-01 2.850044966e-01 2.928408980e-01
 2.981818318e-01 3.011496663e-01 3.020517230e-01 3.013522029e-01 2.995775342e-01
 5.219779909e-02 5.151281506e-02 4.567445815e-02 3.865673020e-02 3.229141980e-02
 2.647477202e-02 2.109217271e-02 1.604241505e-02 1.124297362e-02 6.629406940e-03
 2.152624540e-03-2.224168275e-03-6.528182887e-03-1.077925600e-02-1.498478092e-02
-1.909977570e-02-2.307741903e-02-2.686997503e-02-3.042948991e-02-3.370828927e-02
-3.665928543e-02-3.923618793e-02-4.139362276e-02-4.308718070e-02-4.427354783e-02
-4.491061717e-02-4.495776445e-02-4.437623918e-02-4.312973469e-02-4.118524864e-02
-3.851412237e-02-3.509367257e-02-3.090894595e-02-2.595355920e-02-2.023381554e-02
-1.377315260e-02-6.603172980e-03 1.145123970e-03 9.492811747e-03 1.842761412e-02
 2.794357017e-02 3.803286701e-02 4.868695140e-02 5.989580229e-02 7.164716721e-02
 8.392541111e-02 9.670981020e-02 1.099720895e-01 1.236731410e-01 1.377585679e-01
 1.521530747e-01 1.667533666e-01 1.814203858e-01 1.959717274e-01 2.101778835e-01
 2.237669230e-01 2.364431024e-01 2.479199767e-01 2.579589486e-01 2.664010823e-01
 2.731843293e-01 2.783470750e-01 2.820188701e-01 2.843979001e-01 2.857159078e-01
 5.973348767e-02 5.914835259e-02 5.303642899e-02 4.560214281e-02 3.864474222e-02
 3.211158887e-02 2.593952417e-02 2.006407827e-02 1.442558691e-02 8.971964940e-03
 3.659271169e-03-1.548807835e-03-6.681970321e-03-1.176441088e-02-1.679697260e-02
-2.173170075e-02-2.651993930e-02-3.111301921e-02-3.546270728e-02-3.952151537e-02
-4.324280471e-02-4.658084363e-02-4.949070513e-02-5.192817748e-02-5.384967476e-02
-5.521215498e-02-5.597317219e-02-5.609104037e-02-5.552516878e-02-5.423671007e-02
-5.218936503e-02-4.935067147e-02-4.569358751e-02-4.119845480e-02-3.585576639e-02
-2.966932580e-02-2.265946940e-02-1.486954838e-02-6.352032535e-03 2.726794686e-03
 1.238250826e-02 2.259320766e-02 3.334150463e-02 4.460649937e-02 5.636434257e-02
 6.858725846e-02 8.124185354e-02 9.428711236e-02 1.076719388e-01 1.213323474e-01
 1.351883411e-01 1.491408348e-01 1.630690098e-01 1.768293381e-01 1.902573407e-01
 2.031734586e-01 2.153935134e-01 2.267431617e-01 2.370733917e-01 2.462740988e-01
 2.542826533e-01 2.610866725e-01 2.667201459e-01 2.712542713e-01 2.747844458e-01
 6.467349827e-02 6.408475339e-02 5.775519833e-02 5.009713024e-02 4.281584918e-02
 3.586024791e-02 2.918176912e-02 2.273358405e-02 1.647244021e-02 1.035921834e-02
 4.358984530e-03-1.559189288e-03-7.422607392e-03-1.325544901e-02-1.904257759e-02
-2.473127842e-02-3.026977926e-02-3.560759127e-02-4.069570452e-02-4.548663646e-02
-4.993435740e-02-5.399407819e-02-5.762200058e-02-6.077501550e-02-6.341040134e-02
-6.548555195e-02-6.695781648e-02-6.778441370e-02-6.792256236e-02-6.732980907e-02
-6.596463919e-02-6.378747523e-02-6.076194346e-02-5.685675889e-02-5.204807222e-02
-4.632238299e-02-3.967997059e-02-3.213893250e-02-2.373898588e-02-1.454964560e-02
-4.655845463e-03 5.756850354e-03 1.669062860e-02 2.811164409e-02 3.998766094e-02
 5.228448659e-02 6.496307254e-02 7.797789574e-02 9.127558023e-02 1.047934145e-01
 1.184579283e-01 1.321837008e-01 1.458729208e-01 1.594157666e-01 1.726925373e-01
 1.855772734e-01 1.979429722e-01 2.096681595e-01 2.206433415e-01 2.307767272e-01
 2.399979979e-01 2.482600212e-01 2.555381656e-01 2.618280649e-01 2.671425641e-01
 6.706224382e-02 6.632256508e-02 6.016821414e-02 5.250171572e-02 4.512758553e-02
 3.797552735e-02 3.099926561e-02 2.416677773e-02 1.745090261e-02 1.082619838e-02
 4.268200137e-03-2.246620134e-03-8.740806952e-03-1.523609087e-02-2.169421874e-02
-2.805742994e-02-3.427054733e-02-4.028105736e-02-4.603905976e-02-5.149710923e-02
-5.660992861e-02-6.133401394e-02-6.562718004e-02-6.944808364e-02-7.275572419e-02
-7.550898194e-02-7.766625285e-02-7.918515801e-02-8.002242446e-02-8.013398945e-02
-7.947529852e-02-7.800199091e-02-7.567089796e-02-7.244151086e-02-6.827801466e-02
-6.315179169e-02-5.704461038e-02-4.995242506e-02-4.188972339e-02-3.289455175e-02
-2.303307131e-02-1.240848470e-02-1.153111691e-03 1.055212878e-02 2.267922089e-02
 3.519790247e-02 4.806889594e-02 6.124705076e-02 7.468181849e-02 8.831679821e-02
 1.020891666e-01 1.159292310e-01 1.297604293e-01 1.434997767e-01 1.570589840e-01
 1.703460813e-01 1.832675636e-01 1.957303882e-01 2.076440454e-01 2.189216912e-01
 2.294808328e-01 2.392433882e-01 2.481361628e-01 2.560921907e-01 2.630539536e-01
 6.725276262e-02 6.609700620e-02 6.029611826e-02 5.315939337e-02 4.597746581e-02
 3.880286217e-02 3.166462481e-02 2.456960827e-02 1.751344278e-02 1.048553456e-02
 3.471705131e-03-3.544190433e-03-1.057910919e-02-1.765001193e-02-2.469241433e-02
-3.164480999e-02-3.844926134e-02-4.505158216e-02-5.140121654e-02-5.745097250e-02
-6.315653771e-02-6.847598404e-02-7.336909324e-02-7.779674232e-02-8.172023296e-02
-8.510068059e-02-8.789843321e-02-9.007262439e-02-9.158083797e-02-9.237893671e-02
-9.242116660e-02-9.166046232e-02-9.004914761e-02-8.754003048e-02-8.408795297e-02
-7.965192944e-02-7.419787347e-02-6.770202518e-02-6.015498191e-02-5.156645179e-02
-4.197031260e-02-3.142996132e-02-2.004208416e-02-7.940883748e-03 4.555189982e-03
 1.744360477e-02 3.067351133e-02 4.419839382e-02 5.797200277e-02 7.194637507e-02
 8.607080579e-02 1.002914235e-01 1.145511195e-01 1.287896782e-01 1.429440528e-01
 1.569486558e-01 1.707352102e-01 1.842322946e-01 1.973638237e-01 2.100464106e-01
 2.221860439e-01 2.336740643e-01 2.443849146e-01 2.541779578e-01 2.629066110e-01
 6.738692522e-02 6.599745154e-02 6.026237458e-02 5.320090055e-02 4.603058100e-02
 3.878337145e-02 3.149402887e-02 2.417929471e-02 1.684318855e-02 9.481722489e-03
 2.085771412e-03-5.357204936e-03-1.286215894e-02-2.041954920e-02-2.795851231e-02
-3.541340679e-02-4.272371903e-02-4.983391240e-02-5.669310689e-02-6.325462461e-02
-6.947536767e-02-7.531521469e-02-8.073614538e-02-8.570155501e-02-9.017539769e-02
-9.412147105e-02-9.750268608e-02-1.002804339e-01-1.024140865e-01-1.038606465e-01
-1.045745611e-01-1.045077741e-01-1.036101133e-01-1.018299907e-01-9.911556542e-02
-9.541638196e-02-9.068563581e-02-8.488318324e-02-7.797914743e-02-6.995852292e-02
-6.082647294e-02-5.061452091e-02-3.938756138e-02-2.725233510e-02-1.436808147e-02
-9.210231947e-04 1.283893362e-02 2.687857300e-02 4.116310924e-02 5.565660074e-02
 7.032200694e-02 8.512149751e-02 1.000167206e-01 1.149690449e-01 1.299395263e-01
 1.448885798e-01 1.597749591e-01 1.745534837e-01 1.891714334e-01 2.035620213e-01
 2.176349461e-01 2.312629223e-01 2.442657351e-01 2.563982308e-01 2.673586011e-01
 6.769428402e-02 6.622430682e-02 6.030783057e-02 5.297800899e-02 4.560483247e-02
 3.818295151e-02 3.070962802e-02 2.318335511e-02 1.560034975e-02 7.953716442e-03
 2.336562466e-04-7.572107017e-03-1.547806337e-02-2.344522625e-02-3.140015155e-02
-3.927521035e-02-4.700865597e-02-5.454447865e-02-6.183204427e-02-6.882558763e-02
-7.548353076e-02-8.176766336e-02-8.764234930e-02-9.307362884e-02-9.802828729e-02
-1.024730355e-01-1.063736230e-01-1.096941903e-01-1.123964936e-01-1.144394726e-01
-1.157788038e-01-1.163667887e-01-1.161523759e-01-1.150815785e-01-1.130981594e-01
-1.101449430e-01-1.061655134e-01-1.011066586e-01-9.492160380e-02-8.757396042e-02
-7.904279232e-02-6.932838261e-02-5.845898762e-02-4.649794102e-02-3.355039656e-02
-1.976749673e-02-5.354432389e-03 9.327039123e-03 2.425207384e-02 3.939660639e-02
 5.473617464e-02 7.024787366e-02 8.591128886e-02 1.017091274e-01 1.176275015e-01
 1.336559653e-01 1.497869343e-01 1.660140455e-01 1.823286414e-01 1.987130344e-01
 2.151277363e-01 2.314880639e-01 2.476211786e-01 2.631864250e-01 2.775451541e-01
 6.750081480e-02 6.593814492e-02 5.966137350e-02 5.216104537e-02 4.462727904e-02
 3.704494238e-02 2.940341830e-02 2.169192955e-02 1.389936544e-02 6.014029030e-03
-1.976498868e-03-1.008531079e-02-1.832588390e-02-2.663062327e-02-3.492587805e-02
-4.314369336e-02-5.122224241e-02-5.910583586e-02-6.674462557e-02-7.409408689e-02
-8.111432195e-02-8.776919544e-02-9.402545542e-02-9.985178709e-02-1.052178293e-01
-1.100932062e-01-1.144466773e-01-1.182452589e-01-1.214534640e-01-1.240326166e-01
-1.259403825e-01-1.271302998e-01-1.275517046e-01-1.271497309e-01-1.258658022e-01
-1.236383393e-01-1.204041168e-01-1.161001325e-01-1.106662452e-01-1.040485874e-01
-9.620398283e-02-8.710531145e-02-7.674784958e-02-6.515647471e-02-5.239340663e-02
-3.856607527e-02-2.383503318e-02-8.420255966e-03 7.232957054e-03 2.311656997e-02
 3.921189904e-02 5.550756305e-02 7.199908793e-02 8.868926764e-02 1.055890173e-01
 1.227186248e-01 1.401091218e-01 1.578036249e-01 1.758585274e-01 1.943438351e-01
 2.133418322e-01 2.329413444e-01 2.532180548e-01 2.741401792e-01 2.946155965e-01
 6.626366824e-02 6.454598904e-02 5.831573159e-02 5.071046948e-02 4.307099432e-02
 3.538154066e-02 2.762307785e-02 1.977709308e-02 1.182637550e-02 3.754917532e-03
-4.452517722e-03-1.281085238e-02-2.131504565e-02-2.988593467e-02-3.844950721e-02
-4.693778604e-02-5.528924242e-02-6.344886124e-02-7.136782259e-02-7.900302112e-02
-8.631627262e-02-9.327351302e-02-9.984380007e-02-1.059983447e-01-1.117094979e-01
-1.169497371e-01-1.216907427e-01-1.259024143e-01-1.295520961e-01-1.326037943e-01
-1.350174844e-01-1.367486268e-01-1.377477944e-01-1.379604638e-01-1.373271942e-01
-1.357840300e-01-1.332633495e-01-1.296953261e-01-1.250099242e-01-1.191397533e-01
-1.120238900e-01-1.036126688e-01-9.387363493e-02-8.279870450e-02-7.041229308e-02
-5.678042769e-02-4.202038795e-02-2.631025761e-02-9.897936136e-03 6.792992353e-03
 2.368590236e-02 4.078279436e-02 5.809412524e-02 7.563991100e-02 9.345189482e-02
 1.115764678e-01 1.300784945e-01 1.490465403e-01 1.685999334e-01 1.888991445e-01
 2.101615965e-01 2.326885462e-01 2.569181919e-01 2.835468352e-01 3.113570213e-01
 6.440590322e-02 6.252907217e-02 5.623724312e-02 4.859029874e-02 4.092971236e-02
 3.321858495e-02 2.542192489e-02 1.751214266e-02 9.467396885e-03 1.269530505e-03
-7.097621914e-03-1.564949378e-02-2.435098216e-02-3.312201053e-02-4.188819602e-02
-5.058163404e-02-5.914124846e-02-6.751278788e-02-7.564856112e-02-8.350682259e-02
-9.105110914e-02-9.824924916e-02-1.050724536e-01-1.114942729e-01-1.174895614e-01
-1.230334342e-01-1.281002760e-01-1.326627880e-01-1.366910785e-01-1.401518136e-01
-1.430075169e-01-1.452159137e-01-1.467293352e-01-1.474944651e-01-1.474522054e-01
-1.465377212e-01-1.446810067e-01-1.418079436e-01-1.378416419e-01-1.327049285e-01
-1.263234317e-01-1.186298430e-01-1.095692515e-01-9.910597652e-02-8.723148704e-02
-7.397369295e-02-5.940698087e-02-4.366252944e-02-2.693763189e-02-9.502336383e-03
 8.182577789e-03 2.604589984e-02 4.410956800e-02 6.240385026e-02 8.097174764e-02
 9.987320006e-02 1.191902161e-01 1.390337497e-01 1.595534384e-01 1.809514165e-01
 2.035020888e-01 2.275788784e-01 2.536853552e-01 2.824761868e-01 3.133027852e-01
 6.187640503e-02 5.984003097e-02 5.324125290e-02 4.572417587e-02 3.821723536e-02
 3.062211163e-02 2.289189026e-02 1.500012167e-02 6.928954273e-03-1.335770707e-03
-9.806638584e-03-1.849563792e-02-2.733708546e-02-3.625084460e-02-4.516258091e-02
-5.400463939e-02-6.271647662e-02-7.124465704e-02-7.954255491e-02-8.756975085e-02
-9.529127926e-02-1.026767269e-01-1.096992195e-01-1.163343936e-01-1.225593165e-01
-1.283514798e-01-1.336877346e-01-1.385433078e-01-1.428909302e-01-1.466998160e-01
-1.499350667e-01-1.525567472e-01-1.545193195e-01-1.557711959e-01-1.562543511e-01
-1.559043080e-01-1.546502411e-01-1.524156630e-01-1.491195410e-01-1.446780562e-01
-1.390072405e-01-1.320266426e-01-1.236640513e-01-1.138617471e-01-1.025840640e-01
-8.982640505e-02-7.562556863e-02-6.007060409e-02-4.331376404e-02-2.557985485e-02
-7.172525860e-03 1.138081029e-02 3.009279072e-02 4.898913205e-02 6.811014563e-02
 8.751268685e-02 1.072735190e-01 1.274945289e-01 1.483103037e-01 1.698993444e-01
 1.925004423e-01 2.164379060e-01 2.421606481e-01 2.702988386e-01 3.004100919e-01
 5.702785403e-02 5.437494814e-02 4.892044887e-02 4.220130295e-02 3.512591869e-02
 2.778808028e-02 2.020987496e-02 1.239702571e-02 4.348766990e-03-3.938995767e-03
-1.247231849e-02-2.124790102e-02-3.018020652e-02-3.918850422e-02-4.819827527e-02
-5.714203790e-02-6.595973670e-02-7.459866256e-02-8.301316202e-02-9.116400778e-02
-9.901756048e-02-1.065449193e-01-1.137208939e-01-1.205228940e-01-1.269299388e-01
-1.329215765e-01-1.384767890e-01-1.435731053e-01-1.481855512e-01-1.522858143e-01
-1.558412910e-01-1.588144451e-01-1.611619592e-01-1.628342569e-01-1.637749523e-01
-1.639206111e-01-1.632007062e-01-1.615380347e-01-1.588492990e-01-1.550467461e-01
-1.500400454e-01-1.437395215e-01-1.360603571e-01-1.269281805e-01-1.162861586e-01
-1.041037738e-01-9.038703144e-02-7.518999279e-02-5.862709507e-02-4.088526219e-02
-2.223471180e-02-3.037134185e-03 1.623256132e-02 3.559103608e-02 5.506989360e-02
 7.471223176e-02 9.457288682e-02 1.147200316e-01 1.352373958e-01 1.562270522e-01
 1.778127849e-01 2.001454532e-01 2.234160453e-01 2.479138970e-01 2.736387849e-01
 5.361896753e-02 5.072989315e-02 4.538246989e-02 3.898679838e-02 3.219906241e-02
 2.506774291e-02 1.762732491e-02 9.896736592e-03 1.884558122e-03-6.407189183e-03
-1.498085074e-02-2.380453423e-02-3.279016912e-02-4.185586423e-02-5.092674494e-02
-5.993545800e-02-6.882240623e-02-7.753559947e-02-8.603023738e-02-9.426812828e-02
-1.022168249e-01-1.098487079e-01-1.171399802e-01-1.240695715e-01-1.306181252e-01
-1.367669404e-01-1.424968243e-01-1.477872580e-01-1.526153088e-01-1.569547802e-01
-1.607752740e-01-1.640414298e-01-1.667121351e-01-1.687398553e-01-1.700700819e-01
-1.706409007e-01-1.703828573e-01-1.692190170e-01-1.670654565e-01-1.638323069e-01
-1.594255418e-01-1.537494957e-01-1.467106640e-01-1.382227540e-01-1.282132417e-01
-1.166316271e-01-1.034595519e-01-8.872230351e-02-7.250171155e-02-5.494937301e-02
-3.629934788e-02-1.687880605e-02 2.884625690e-03 2.258979157e-02 4.227231070e-02
 6.196116656e-02 8.168405294e-02 1.014679447e-01 1.213367805e-01 1.413057297e-01
 1.613698602e-01 1.814815700e-01 2.015028894e-01 2.211004794e-01 2.395719886e-01
 5.136328563e-02 4.836618528e-02 4.286550730e-02 3.648447618e-02 2.976503596e-02
 2.271468751e-02 1.534468867e-02 7.663744502e-03-3.232732997e-04-8.615450934e-03
-1.721592993e-02-2.606797405e-02-3.508371115e-02-4.418161884e-02-5.328730121e-02
-6.233401597e-02-7.126284391e-02-8.002256602e-02-8.856926858e-02-9.686565399e-02
-1.048802957e-01-1.125866473e-01-1.199620664e-01-1.269867420e-01-1.336426139e-01
-1.399123967e-01-1.457784772e-01-1.512218863e-01-1.562214494e-01-1.607527733e-01
-1.647873521e-01-1.682918072e-01-1.712270081e-01-1.735473871e-01-1.752003580e-01
-1.761257350e-01-1.762554795e-01-1.755136251e-01-1.738165319e-01-1.710737646e-01
-1.671893597e-01-1.620642245e-01-1.555993110e-01-1.477002203e-01-1.382833421e-01
-1.272835433e-01-1.146639138e-01-1.004269645e-01-8.462738991e-02-6.738527864e-02
-4.889848083e-02-2.945161797e-02-9.417701513e-03 1.049611531e-02 3.026885167e-02
 4.989570752e-02 6.937426329e-02 8.869707584e-02 1.078452468e-01 1.267803907e-01
 1.454331577e-01 1.636870503e-01 1.813572496e-01 1.981716752e-01 2.137737870e-01
 4.946334288e-02 4.636395723e-02 4.092288017e-02 3.452880681e-02 2.781806327e-02
 2.079150081e-02 1.344918273e-02 5.791460164e-03-2.181753516e-03-1.047113165e-02
-1.909415424e-02-2.796352282e-02-3.699460998e-02-4.610783607e-02-5.523013696e-02
-6.429581344e-02-7.324682921e-02-8.203282207e-02-9.061066806e-02-9.894391894e-02
-1.070019454e-01-1.147591025e-01-1.221936420e-01-1.292867362e-01-1.360213608e-01
-1.423813403e-01-1.483502388e-01-1.539104283e-01-1.590420604e-01-1.637222469e-01
-1.679240763e-01-1.716157645e-01-1.747599542e-01-1.773128211e-01-1.792235374e-01
-1.804336011e-01-1.808765382e-01-1.804776192e-01-1.791540980e-01-1.768157482e-01
-1.733660996e-01-1.687042862e-01-1.627280712e-01-1.553380489e-01-1.464432329e-01
-1.359685063e-01-1.238638610e-01-1.101154387e-01-9.475843608e-02-7.789103687e-02
-5.968877301e-02-4.041826725e-02-2.044975199e-02-2.699082252e-04 1.959202066e-02
 3.914626315e-02 5.838576704e-02 7.729000598e-02 9.582354128e-02 1.139320880e-01
 1.315373480e-01 1.485315859e-01 1.647740752e-01 1.800927818e-01 1.942952275e-01
 4.810533673e-02 4.494333267e-02 3.943516314e-02 3.302025795e-02 2.630856074e-02
 1.929197460e-02 1.196371950e-02 4.318317398e-03-3.648999613e-03-1.194298640e-02
-2.056998760e-02-2.944212407e-02-3.847534209e-02-4.759094492e-02-5.671678483e-02
-6.578800082e-02-7.474734634e-02-8.354515582e-02-9.213898331e-02-1.004930139e-01
-1.085772887e-01-1.163667887e-01-1.238404363e-01-1.309801042e-01-1.377695650e-01
-1.441934109e-01-1.502361000e-01-1.558809280e-01-1.611091495e-01-1.658989489e-01
-1.702246368e-01-1.740557551e-01-1.773563027e-01-1.800839007e-01-1.821891963e-01
-1.836151630e-01-1.842967570e-01-1.841605157e-01-1.831247807e-01-1.811000407e-01
-1.779899299e-01-1.736930758e-01-1.681056619e-01-1.611254066e-01-1.526569128e-01
-1.426186264e-01-1.309517920e-01-1.176312268e-01-1.026779711e-01-8.617304265e-02
-6.827150285e-02-4.921506345e-02-2.934020385e-02-9.077247232e-03 1.081247441e-02
 3.029360250e-02 4.934015125e-02 6.792288274e-02 8.600313216e-02 1.035292596e-01
 1.204344556e-01 1.366359591e-01 1.520363092e-01 1.665272862e-01 1.799975634e-01
 4.709441215e-02 4.388887435e-02 3.830598667e-02 3.189310059e-02 2.519928291e-02
 1.820501685e-02 1.089808531e-02 3.269916167e-03-4.686246626e-03-1.297665946e-02
-2.159777284e-02-3.046287037e-02-3.948878124e-02-4.859759659e-02-5.771787465e-02
-6.678538024e-02-7.574345171e-02-8.454293013e-02-9.314182401e-02-1.015047729e-01
-1.096022204e-01-1.174095571e-01-1.249061301e-01-1.320742518e-01-1.388981342e-01
-1.453629434e-01-1.514536440e-01-1.571542174e-01-1.624465585e-01-1.673096120e-01
-1.717185527e-01-1.756438166e-01-1.790503561e-01-1.818968952e-01-1.841351539e-01
-1.857092381e-01-1.865552068e-01-1.866007447e-01-1.857651174e-01-1.839596182e-01
-1.810884178e-01-1.770501435e-01-1.717405021e-01-1.650559008e-01-1.568985581e-01
-1.471832991e-01-1.358461976e-01-1.228552312e-01-1.082226336e-01-9.201888740e-02
-7.438728213e-02-5.555789173e-02-3.585952520e-02-1.572827436e-02 4.286797717e-03
 2.375816926e-02 4.268590361e-02 6.105386466e-02 7.883282006e-02 9.598173946e-02
 1.124487966e-01 1.281728148e-01 1.430856287e-01 1.571158171e-01 1.701935828e-01
 4.616264254e-02 4.289375991e-02 3.743563592e-02 3.110695258e-02 2.448262274e-02
 1.753956638e-02 1.027005911e-02 2.669813111e-03-5.265532061e-03-1.354113221e-02
-2.214706875e-02-3.099706024e-02-4.000843316e-02-4.910373688e-02-5.821197480e-02
-6.726928055e-02-7.621930540e-02-8.501315117e-02-9.360906482e-02-1.019718572e-01
-1.100721508e-01-1.178854778e-01-1.253913641e-01-1.325722933e-01-1.394126564e-01
-1.458978057e-01-1.520130336e-01-1.577425599e-01-1.630686224e-01-1.679705679e-01
-1.724239886e-01-1.763998270e-01-1.798636317e-01-1.827746630e-01-1.850853264e-01
-1.867403984e-01-1.876766980e-01-1.878225952e-01-1.870981008e-01-1.854151189e-01
-1.826783717e-01-1.787868142e-01-1.736362427e-01-1.671227366e-01-1.591477096e-01
-1.496244818e-01-1.384868324e-01-1.256994158e-01-1.112700030e-01-9.526332468e-02
-7.781542838e-02-5.914743245e-02-3.957663476e-02-1.952231303e-02 4.972346360e-04
 1.992597058e-02 3.876000270e-02 5.698490515e-02 7.457605004e-02 9.149950743e-02
 1.077133566e-01 1.231694594e-01 1.378159523e-01 1.516002417e-01 1.644725502e-01
 4.539290071e-02 4.196700081e-02 3.684833646e-02 3.076490760e-02 2.423556149e-02
 1.734540612e-02 1.011333242e-02 2.543604467e-03-5.364922807e-03-1.361611113e-02
-2.219875902e-02-3.102670237e-02-4.001745582e-02-4.909378290e-02-5.818481743e-02
-6.722679734e-02-7.616343349e-02-8.494581282e-02-9.353213012e-02-1.018871441e-01
-1.099813581e-01-1.177902371e-01-1.252931654e-01-1.324725151e-01-1.393126249e-01
-1.457987726e-01-1.519161314e-01-1.576489210e-01-1.629793495e-01-1.678867936e-01
-1.723468900e-01-1.763306111e-01-1.798036247e-01-1.827253401e-01-1.850482970e-01
-1.867175102e-01-1.876700372e-01-1.878345311e-01-1.871313155e-01-1.854726672e-01
-1.827636808e-01-1.789037585e-01-1.737890840e-01-1.673161834e-01-1.593868285e-01
-1.499146670e-01-1.388336420e-01-1.261083186e-01-1.117461920e-01-9.581117332e-02
-7.843790948e-02-5.984527245e-02-4.034706578e-02-2.035759576e-02-3.890247317e-04
 1.897685416e-02 3.773503751e-02 5.587125942e-02 7.336217165e-02 9.017616510e-02
 1.062746271e-01 1.216137633e-01 1.361469626e-01 1.498274803e-01 1.626117527e-01
 4.608974606e-02 4.283389077e-02 3.739988059e-02 3.112551384e-02 2.455464378e-02
 1.766528375e-02 1.045006793e-02 2.904872876e-03-4.974521697e-03-1.319322549e-02
-2.174507827e-02-3.054422513e-02-3.950833529e-02-4.856019467e-02-5.762886256e-02
-6.665043533e-02-7.556837052e-02-8.433350921e-02-9.290371835e-02-1.012434065e-01
-1.093227342e-01-1.171167716e-01-1.246045530e-01-1.317680776e-01-1.385912597e-01
-1.450590193e-01-1.511561871e-01-1.568665653e-01-1.621720195e-01-1.670515537e-01
-1.714804173e-01-1.754292548e-01-1.788633466e-01-1.817417741e-01-1.840167642e-01
-1.856330633e-01-1.865274161e-01-1.866283417e-01-1.858560890e-01-1.841229796e-01
-1.813342869e-01-1.773899198e-01-1.721867770e-01-1.656224430e-01-1.576002091e-01
-1.480357647e-01-1.368656307e-01-1.240576357e-01-1.096230894e-01-9.363041818e-02
-7.621929049e-02-5.761405081e-02-3.813438118e-02-1.820078865e-02 1.668190351e-03
 2.095465921e-02 3.965401649e-02 5.775117502e-02 7.522107661e-02 9.202964604e-02
 1.081349850e-01 1.234892309e-01 1.380409002e-01 1.517378390e-01 1.645308584e-01
 4.683629423e-02 4.364180565e-02 3.823063895e-02 3.193311393e-02 2.534696087e-02
 1.845963672e-02 1.126050763e-02 3.741856664e-03-4.102611914e-03-1.227890886e-02
-2.079094201e-02-2.955309302e-02-3.848309442e-02-4.750359431e-02-5.654335767e-02
-6.553805619e-02-7.443066686e-02-8.317147195e-02-9.171777219e-02-1.000333503e-01
-1.080877483e-01-1.158553883e-01-1.233146638e-01-1.304469109e-01-1.372353733e-01
-1.436643153e-01-1.497178376e-01-1.553790569e-01-1.606291234e-01-1.654462814e-01
-1.698049903e-01-1.736751795e-01-1.770212650e-01-1.798015684e-01-1.819674969e-01
-1.834630668e-01-1.842243373e-01-1.841792166e-01-1.832475513e-01-1.813414842e-01
-1.783664525e-01-1.742229164e-01-1.688089669e-01-1.620241106e-01-1.537744701e-01
-1.439796388e-01-1.325813979e-01-1.195541546e-01-1.049173847e-01-8.874912560e-02
-7.120001316e-02-5.250652134e-02-3.300155699e-02-1.312114671e-02 6.593327038e-03
 2.578309551e-02 4.444418848e-02 6.255850941e-02 8.009590209e-02 9.701509774e-02
 1.132645383e-01 1.287836879e-01 1.435053945e-01 1.573593915e-01 1.702771932e-01
 4.795953631e-02 4.484671727e-02 3.937131166e-02 3.310306370e-02 2.654332668e-02
 1.968179829e-02 1.251217909e-02 5.029282998e-03-2.771390602e-03-1.089395769e-02
-1.935419254e-02-2.806809731e-02-3.695363551e-02-4.593310878e-02-5.493469536e-02
-6.389336288e-02-7.275132835e-02-8.145803213e-02-8.996996284e-02-9.825003147e-02
-1.062668934e-01-1.139940768e-01-1.214090437e-01-1.284921914e-01-1.352258325e-01
-1.415932178e-01-1.475774348e-01-1.531606019e-01-1.583227366e-01-1.630409807e-01
-1.672886759e-01-1.710345149e-01-1.742417514e-01-1.768674552e-01-1.788618565e-01
-1.801678240e-01-1.807203889e-01-1.804465950e-01-1.792656779e-01-1.770895571e-01
-1.738240123e-01-1.693705022e-01-1.636290997e-01-1.565023959e-01-1.479011178e-01
-1.377511024e-01-1.260023713e-01-1.126397997e-01-9.769551456e-02-8.126226068e-02
-6.350681931e-02-4.468161613e-02-2.513199672e-02-5.295335315e-03 1.417540200e-02
 3.325075284e-02 5.190642178e-02 7.011346519e-02 8.783328533e-02 1.050145254e-01
 1.215911806e-01 1.374818385e-01 1.525909901e-01 1.668128669e-01 1.800387800e-01
 4.920650274e-02 4.617101327e-02 4.087093845e-02 3.466106951e-02 2.814391069e-02
 2.131870389e-02 1.418481953e-02 6.741713732e-03-1.012069522e-03-9.079611860e-03
-1.746634766e-02-2.611529827e-02-3.494191170e-02-4.386688024e-02-5.281718075e-02
-6.172671169e-02-7.053665817e-02-7.919546962e-02-8.765855432e-02-9.588773549e-02
-1.038505584e-01-1.115193963e-01-1.188705415e-01-1.258831620e-01-1.325383186e-01
-1.388179958e-01-1.447039247e-01-1.501768529e-01-1.552153826e-01-1.597951651e-01
-1.638880521e-01-1.674611568e-01-1.704761684e-01-1.728886217e-01-1.746472120e-01
-1.756933928e-01-1.759609878e-01-1.753760874e-01-1.738574207e-01-1.713169664e-01
-1.676613539e-01-1.627939790e-01-1.566181183e-01-1.490413249e-01-1.399812102e-01
-1.293729544e-01-1.171785519e-01-1.033978015e-01-8.808080107e-02-7.134135813e-02
-5.337036401e-02-3.444771096e-02-1.495074295e-02 4.643372726e-03 2.394773439e-02
 4.296689481e-02 6.169109792e-02 8.009830117e-02 9.815231711e-02 1.157988682e-01
 1.329605877e-01 1.495317817e-01 1.653749943e-01 1.803227365e-01 1.941878945e-01
 5.094707757e-02 4.802457616e-02 4.280937836e-02 3.665599972e-02 3.017423674e-02
 2.337407693e-02 1.626555622e-02 8.856192231e-03 1.149758464e-03-6.853622384e-03
-1.515703276e-02-2.372739650e-02-3.247938678e-02-4.133297503e-02-5.021434277e-02
-5.905654281e-02-6.779977679e-02-7.639142126e-02-8.478571475e-02-9.294326603e-02
-1.008302718e-01-1.084177494e-01-1.156805456e-01-1.225963533e-01-1.291446984e-01
-1.353059262e-01-1.410601735e-01-1.463864446e-01-1.512615681e-01-1.556594521e-01
-1.595500410e-01-1.628986001e-01-1.656649709e-01-1.678028405e-01-1.692592949e-01
-1.699742228e-01-1.698802710e-01-1.689028293e-01-1.669605076e-01-1.639660597e-01
-1.598280370e-01-1.544532180e-01-1.477501243e-01-1.396338046e-01-1.300320327e-01
-1.188931018e-01-1.061954349e-01-9.195853770e-02-7.625527680e-02-5.922468007e-02
-4.108434916e-02-2.214173228e-02-2.803968266e-03 1.641723886e-02 3.551533818e-02
 5.448863655e-02 7.333400100e-02 9.204227477e-02 1.105929762e-01 1.289468706e-01
 1.470349729e-01 1.647429019e-01 1.818905175e-01 1.982135028e-01 2.133661658e-01
 5.330118537e-02 5.053029209e-02 4.530114681e-02 3.917292506e-02 3.267194331e-02
 2.584421448e-02 1.872295141e-02 1.132508367e-02 3.657572437e-03-4.278580658e-03
-1.248607226e-02-2.095952630e-02-2.961537242e-02-3.837420046e-02-4.716215283e-02
-5.591177940e-02-6.456249952e-02-7.306067646e-02-8.135934174e-02-8.941771090e-02
-9.720052779e-02-1.046772152e-01-1.118209437e-01-1.186076403e-01-1.250149906e-01
-1.310214549e-01-1.366052032e-01-1.417432129e-01-1.464102566e-01-1.505781114e-01
-1.542145908e-01-1.572829038e-01-1.597408056e-01-1.615401059e-01-1.626261473e-01
-1.629375219e-01-1.624059975e-01-1.609567702e-01-1.585092694e-01-1.549782306e-01
-1.502758265e-01-1.443144381e-01-1.370106936e-01-1.282906234e-01-1.180963665e-01
-1.063943356e-01-9.318485111e-02-7.851288468e-02-6.247939169e-02-4.525205866e-02
-2.707359940e-02-8.264434524e-03 1.057115942e-02 2.942655236e-02 4.830759764e-02
 6.722824275e-02 8.620738983e-02 1.052661389e-01 1.244240031e-01 1.436928064e-01
 1.630654484e-01 1.824939251e-01 2.018431425e-01 2.207895964e-01 2.386535108e-01
 5.659179762e-02 5.416665971e-02 4.883690551e-02 4.236640036e-02 3.562795371e-02
 2.865668386e-02 2.146377414e-02 1.405079663e-02 6.414933130e-03-1.449196134e-03
-9.548781440e-03-1.789248362e-02-2.641925216e-02-3.504993021e-02-4.371060431e-02
-5.233344063e-02-6.085714325e-02-6.922704726e-02-7.739492506e-02-8.531855047e-02
-9.296100587e-02-1.002899110e-01-1.072765291e-01-1.138947755e-01-1.201202124e-01
-1.259291023e-01-1.312973648e-01-1.361996531e-01-1.406084001e-01-1.444930136e-01
-1.478190124e-01-1.505473405e-01-1.526336670e-01-1.540279984e-01-1.546741724e-01
-1.545098722e-01-1.534667015e-01-1.514706910e-01-1.484434307e-01-1.443035007e-01
-1.389690638e-01-1.323611736e-01-1.244082004e-01-1.150516495e-01-1.042532846e-01
-9.200365096e-02-7.833179086e-02-6.331583858e-02-4.709371179e-02-2.987328917e-02
-1.194144599e-02 6.329233758e-03 2.467754111e-02 4.313765466e-02 6.174360588e-02
 8.053575456e-02 9.956443310e-02 1.188926548e-01 1.385986507e-01 1.587785780e-01
 1.795498878e-01 2.010562867e-01 2.234805524e-01 2.471005321e-01 2.719145417e-01
 6.057313085e-02 5.865941197e-02 5.281149969e-02 4.575900733e-02 3.870053217e-02
 3.155916184e-02 2.429185808e-02 1.687339693e-02 9.286477230e-03 1.517180586e-03
-6.447218359e-03-1.461955812e-02-2.297458425e-02-3.143368661e-02-3.992321342e-02
-4.837515205e-02-5.672761798e-02-6.492498517e-02-7.291771472e-02-8.066204190e-02
-8.811923862e-02-9.525497258e-02-1.020383537e-01-1.084410250e-01-1.144361943e-01
-1.199976355e-01-1.250987351e-01-1.297116280e-01-1.338061541e-01-1.373492032e-01
-1.403038949e-01-1.426289082e-01-1.442780197e-01-1.451996267e-01-1.453366876e-01
-1.446266919e-01-1.430022120e-01-1.403915882e-01-1.367205083e-01-1.319139302e-01
-1.258990914e-01-1.186093986e-01-1.099894121e-01-1.000011787e-01-8.863176405e-02
-7.590195537e-02-6.187590212e-02-4.667086154e-02-3.046591766e-02-1.350751799e-02
 3.883041907e-03 2.143980935e-02 3.917583078e-02 5.711799115e-02 7.530575991e-02
 9.379324317e-02 1.126530096e-01 1.319815218e-01 1.519068182e-01 1.725992560e-01
 1.942877173e-01 2.172836959e-01 2.420191169e-01 2.691011727e-01 2.981012464e-01
 6.325949728e-02 6.157771125e-02 5.564534664e-02 4.853522778e-02 4.141098261e-02
 3.423389420e-02 2.697477862e-02 1.960997656e-02 1.212044526e-02 4.490198568e-03
-3.294904949e-03-1.124789193e-02-1.937893033e-02-2.761270851e-02-3.587684780e-02
-4.410358146e-02-5.223057792e-02-6.020128354e-02-6.796488166e-02-7.547596097e-02
-8.269389719e-02-8.958223462e-02-9.610775113e-02-1.022396237e-01-1.079484671e-01
-1.132053733e-01-1.179810166e-01-1.222447455e-01-1.259637773e-01-1.291024387e-01
-1.316214502e-01-1.334774792e-01-1.346226931e-01-1.350045502e-01-1.345659196e-01
-1.332453191e-01-1.309778392e-01-1.276961863e-01-1.233326718e-01-1.178217679e-01
-1.111035198e-01-1.031279862e-01-9.386078268e-02-8.328972012e-02-7.143256813e-02
-5.834582448e-02-4.413420707e-02-2.896041423e-02-1.305478998e-02 3.307850333e-03
 1.988495700e-02 3.668191284e-02 5.371223763e-02 7.100071013e-02 8.858583868e-02
 1.065231264e-01 1.248896718e-01 1.437906921e-01 1.633688807e-01 1.838177741e-01
 2.054008543e-01 2.284772396e-01 2.535319924e-01 2.811959982e-01 3.108415306e-01
 6.482730806e-02 6.328611076e-02 5.766050518e-02 5.065458640e-02 4.360751808e-02
 3.651167452e-02 2.935177274e-02 2.211279050e-02 1.478062011e-02 7.341953926e-03
-2.161554439e-04-7.906855084e-03-1.574418694e-02-2.368668094e-02-3.166089952e-02
-3.959842771e-02-4.743623734e-02-5.511678755e-02-6.258795410e-02-6.980267167e-02
-7.671840489e-02-8.329647779e-02-8.950123191e-02-9.529925883e-02-1.006584167e-01
-1.055470109e-01-1.099328622e-01-1.137825698e-01-1.170606539e-01-1.197290048e-01
-1.217462569e-01-1.230674610e-01-1.236438379e-01-1.234228164e-01-1.223483980e-01
-1.203618050e-01-1.174026430e-01-1.134105921e-01-1.083277762e-01-1.021018326e-01
-9.468987584e-02-8.606337011e-02-7.621395588e-02-6.516005844e-02-5.295424908e-02
-3.969088197e-02-2.551402897e-02-1.062464621e-02 4.599144217e-03 2.009382658e-02
 3.584086150e-02 5.183346570e-02 6.807527691e-02 8.458090574e-02 1.013774648e-01
 1.185069978e-01 1.360299587e-01 1.540299952e-01 1.726208031e-01 1.919559538e-01
 2.122441977e-01 2.337753177e-01 2.569714785e-01 2.825040221e-01 3.091959357e-01
 6.596059352e-02 6.459072232e-02 5.904065073e-02 5.217439681e-02 4.527357221e-02
 3.832937032e-02 3.133406118e-02 2.428012341e-02 1.715973765e-02 9.964338504e-03
 2.684331033e-03-4.691003822e-03-1.217352878e-02-1.975829899e-02-2.737354115e-02
-3.495146334e-02-4.242897779e-02-4.974798858e-02-5.685532838e-02-6.370247900e-02
-7.024507225e-02-7.644229382e-02-8.225608617e-02-8.765041828e-02-9.259040654e-02
-9.704156220e-02-1.009689197e-01-1.043363959e-01-1.071060896e-01-1.092377752e-01
-1.106884927e-01-1.114124060e-01-1.113607734e-01-1.104822904e-01-1.087237522e-01
-1.060311198e-01-1.023511142e-01-9.763345122e-02-9.183362126e-02-8.491657674e-02
-7.686114311e-02-6.766518950e-02-5.735150352e-02-4.597407952e-02-3.362452611e-02
-2.043624595e-02-6.591008045e-03 7.551291957e-03 2.198126353e-02 3.667803109e-02
 5.162312090e-02 6.680285186e-02 8.220969141e-02 9.784328192e-02 1.137115657e-01
 1.298319995e-01 1.462327838e-01 1.629542261e-01 1.800496429e-01 1.975857615e-01
 2.156413198e-01 2.343013883e-01 2.536384463e-01 2.736213803e-01 2.931945920e-01
 6.644962728e-02 6.522905827e-02 5.979475379e-02 5.311554298e-02 4.640664160e-02
 3.965540975e-02 3.286322206e-02 2.603281662e-02 1.916443184e-02 1.225505210e-02
 5.298722535e-03-1.712888246e-03-8.789984509e-03-1.594420522e-02-2.312617749e-02
-3.026871011e-02-3.730905801e-02-4.418900609e-02-5.085478723e-02-5.725678802e-02
-6.334911287e-02-6.908899546e-02-7.443619519e-02-7.935220748e-02-8.379959315e-02
-8.774124086e-02-9.113966674e-02-9.395645559e-02-9.615172446e-02-9.768375754e-02
-9.850886464e-02-9.858135134e-02-9.785388410e-02-9.627808630e-02-9.380561113e-02
-9.038963914e-02-8.598692715e-02-8.056050539e-02-7.408307493e-02-6.654101610e-02
-5.793924257e-02-4.830656201e-02-3.770175576e-02-2.621841431e-02-1.399711333e-02
-1.206543297e-03 1.191971637e-02 2.535390668e-02 3.906907886e-02 5.303768441e-02
 6.723292917e-02 8.162987977e-02 9.620629996e-02 1.109432876e-01 1.258256435e-01
 1.408419013e-01 1.559837461e-01 1.712444276e-01 1.866152585e-01 2.020789385e-01
 2.175972462e-01 2.330884039e-01 2.483852655e-01 2.631585002e-01 2.767905593e-01
 6.603484601e-02 6.486708671e-02 5.987959728e-02 5.352307484e-02 4.703298956e-02
 4.047139734e-02 3.388248384e-02 2.728776447e-02 2.069533616e-02 1.410539821e-02
 7.513270713e-03 9.110781248e-04-5.711273756e-03-1.236561406e-02-1.903985254e-02
-2.566919476e-02-3.219247609e-02-3.855231404e-02-4.469505697e-02-5.057059973e-02
-5.613198131e-02-6.133496761e-02-6.613744795e-02-7.049885392e-02-7.437955588e-02
-7.774026692e-02-8.054150641e-02-8.274315298e-02-8.430410922e-02-8.518216759e-02
-8.533404022e-02-8.471566439e-02-8.328282833e-02-8.099214733e-02-7.780252397e-02
-7.367705554e-02-6.858557463e-02-6.250777841e-02-5.543693155e-02-4.738428071e-02
-3.838403895e-02-2.849758603e-02-1.782522351e-02-6.477277726e-03 5.275953095e-03
 1.743258908e-02 2.994548157e-02 4.277298599e-02 5.587565154e-02 6.921455264e-02
 8.275067806e-02 9.644491225e-02 1.102581844e-01 1.241516322e-01 1.380866468e-01
 1.520244628e-01 1.659252048e-01 1.797457039e-01 1.934357136e-01 2.069316804e-01
 2.201473564e-01 2.329605967e-01 2.451979518e-01 2.566227913e-01 2.669433951e-01
 6.628960371e-02 6.559911370e-02 6.034816802e-02 5.374931172e-02 4.721133038e-02
 4.071718827e-02 3.428471088e-02 2.792032063e-02 2.162266150e-02 1.538567245e-02
 9.200418368e-03 3.056269139e-03-3.058343660e-03-9.155366570e-03-1.524659246e-02
-2.128424495e-02-2.720989287e-02-3.296793252e-02-3.850566596e-02-4.377319664e-02
-4.872316122e-02-5.331042409e-02-5.749162287e-02-6.122471392e-02-6.446852535e-02
-6.718231738e-02-6.932540983e-02-7.085695863e-02-7.173582166e-02-7.192061841e-02
-7.137004286e-02-7.004348934e-02-6.790196151e-02-6.490941346e-02-6.103454530e-02
-5.625317991e-02-5.055107921e-02-4.392740875e-02-3.639874607e-02-2.800275199e-02
-1.880791597e-02-8.885538206e-03 1.505262451e-03 1.237443648e-02 2.367781848e-02
 3.537774086e-02 4.743279889e-02 5.979939550e-02 7.243178785e-02 8.528171480e-02
 9.829817712e-02 1.114272922e-01 1.246124208e-01 1.377945244e-01 1.509124637e-01
 1.639033258e-01 1.767024100e-01 1.892425567e-01 2.014525533e-01 2.132544965e-01
 2.245600820e-01 2.352666557e-01 2.452546358e-01 2.543891966e-01 2.625289559e-01
 6.595624983e-02 6.565380096e-02 6.024661288e-02 5.325664580e-02 4.656372964e-02
 4.010280222e-02 3.383387625e-02 2.773055620e-02 2.177204564e-02 1.593993790e-02
 1.021720748e-02 4.587957636e-03-9.626179235e-04-6.448308006e-03-1.188211702e-02
-1.725156605e-02-2.250169218e-02-2.757947519e-02-3.243393824e-02-3.701614961e-02
-4.127909988e-02-4.517751187e-02-4.866754264e-02-5.170653015e-02-5.425265431e-02
-5.626475066e-02-5.770213902e-02-5.852456018e-02-5.869234353e-02-5.816667154e-02
-5.691019446e-02-5.488789827e-02-5.206836760e-02-4.842541367e-02-4.394007102e-02
-3.860332444e-02-3.241917118e-02-2.540799603e-02-1.761331037e-02-9.081486613e-03
-2.901622793e-05 9.560024366e-03 1.964963414e-02 3.021086566e-02 4.120992497e-02
 5.260976404e-02 6.436926126e-02 7.644273341e-02 8.877938986e-02 1.013226956e-01
 1.140099019e-01 1.267718673e-01 1.395332217e-01 1.522131562e-01 1.647266895e-01
 1.769864857e-01 1.889049113e-01 2.003960162e-01 2.113770843e-01 2.217695117e-01
 2.314987630e-01 2.404940426e-01 2.486881018e-01 2.560184002e-01 2.624299526e-01
 6.348399818e-02 6.327404827e-02 5.799701810e-02 5.106926337e-02 4.448091611e-02
 3.821067512e-02 3.222183883e-02 2.647892013e-02 2.094969526e-02 1.560574584e-02
 1.042249240e-02 5.378995091e-03 4.576440551e-04-4.356144462e-03-9.074185044e-03
-1.370556653e-02-1.820967533e-02-2.253688499e-02-2.663869038e-02-3.046790138e-02
-3.397868574e-02-3.712652251e-02-3.986808658e-02-4.216113687e-02-4.396442324e-02
-4.523765296e-02-4.594160616e-02-4.603832960e-02-4.549150914e-02-4.426700249e-02
-4.233357310e-02-3.966415673e-02-3.623748571e-02-3.203988075e-02-2.706656046e-02
-2.132549509e-02-1.484079286e-02-7.644365542e-03 1.084014220e-04 8.434288204e-03
 1.730741933e-02 2.670901455e-02 3.661614656e-02 4.700331390e-02 5.784134194e-02
 6.909660995e-02 8.072998375e-02 9.269569814e-02 1.049399823e-01 1.173997074e-01
 1.300011277e-01 1.426590383e-01 1.552766412e-01 1.677465439e-01 1.799532473e-01
 1.917772442e-01 2.031004876e-01 2.138125300e-01 2.238164246e-01 2.330333591e-01
 2.414052784e-01 2.488952577e-01 2.554859519e-01 2.611768246e-01 2.659808993e-01
 5.924262106e-02 5.911909044e-02 5.368971080e-02 4.693282023e-02 4.063188657e-02
 3.473474830e-02 2.919387631e-02 2.396098524e-02 1.899210736e-02 1.424973551e-02
 9.703194723e-03 5.328144878e-03 1.105788164e-03-2.977958880e-03-6.933215540e-03
-1.076684147e-02-1.446663961e-02-1.798650622e-02-2.128081769e-02-2.430477738e-02
-2.701460943e-02-2.936759405e-02-3.132209554e-02-3.283758461e-02-3.387474269e-02
-3.439566866e-02-3.436427191e-02-3.374682367e-02-3.251268342e-02-3.063498065e-02
-2.809053473e-02-2.486201003e-02-2.094096690e-02-1.633141562e-02-1.104031410e-02
-5.092142150e-03 1.427899813e-03 8.533068933e-03 1.620721631e-02 2.444060147e-02
 3.322082758e-02 4.253438860e-02 5.236570537e-02 6.269651651e-02 7.350493968e-02
 8.476425707e-02 9.644141793e-02 1.084950864e-01 1.208733171e-01 1.335107982e-01
 1.463259161e-01 1.592180431e-01 1.720655113e-01 1.847254634e-01 1.970369816e-01
 2.088281512e-01 2.199275494e-01 2.301785350e-01 2.394533455e-01 2.476642728e-01
 2.547696233e-01 2.607737184e-01 2.657212019e-01 2.696866095e-01 2.727614045e-01
 5.226048082e-02 5.200153589e-02 4.693437368e-02 4.053921625e-02 3.473857790e-02
 2.944811247e-02 2.457817644e-02 2.005217411e-02 1.580971107e-02 1.180520840e-02
 8.005255833e-03 4.386028741e-03 9.311992908e-04-2.369619673e-03-5.521981046e-03
-8.527334780e-03-1.138342824e-02-1.405899972e-02-1.651136577e-02-1.869883761e-02
-2.058076859e-02-2.211755514e-02-2.327065915e-02-2.400273271e-02-2.427785099e-02
-2.406193689e-02-2.332345583e-02-2.203453705e-02-2.017283812e-02-1.772492751e-02
-1.467495039e-02-1.101239305e-02-6.737744436e-03-1.915263594e-03 3.478407860e-03
 9.446606040e-03 1.598015800e-02 2.307553589e-02 3.072836623e-02 3.893458471e-02
 4.768980667e-02 5.698902160e-02 6.682612002e-02 7.719323039e-02 8.807978034e-02
 9.947116673e-02 1.113469005e-01 1.236781180e-01 1.364240795e-01 1.495276392e-01
 1.629094183e-01 1.764608920e-01 1.900369227e-01 2.034495622e-01 2.164668739e-01
 2.288218439e-01 2.402355075e-01 2.504512072e-01 2.592698932e-01 2.665748596e-01
 2.723430395e-01 2.766434550e-01 2.796239257e-01 2.814850509e-01 2.824445963e-01
 4.235435277e-02 4.182977974e-02 3.705914319e-02 3.137249127e-02 2.650004812e-02
 2.220792696e-02 1.832985878e-02 1.476057991e-02 1.143430267e-02 8.309897035e-03
 5.361939780e-03 2.575421939e-03-5.741308269e-05-2.538947389e-03-4.867271520e-03
-7.036727853e-03-9.038081393e-03-1.085840818e-02-1.245937124e-02-1.380396634e-02
-1.485651731e-02-1.558236592e-02-1.594787277e-02-1.592055708e-02-1.546939090e-02
-1.456519403e-02-1.318116952e-02-1.129349601e-02-8.881775662e-03-5.991828162e-03
-2.594283316e-03 1.327096368e-03 5.778637715e-03 1.075798832e-02 1.626899093e-02
 2.231528610e-02 2.889928780e-02 3.602381796e-02 4.369215667e-02 5.190823227e-02
 6.067661569e-02 7.000246644e-02 7.989133894e-02 9.034891427e-02 1.013802886e-01
 1.129890978e-01 1.251759678e-01 1.379359812e-01 1.512550116e-01 1.651038826e-01
 1.794298887e-01 1.941438615e-01 2.091022432e-01 2.240823209e-01 2.387553751e-01
 2.526741922e-01 2.653127313e-01 2.761737108e-01 2.848986387e-01 2.913116217e-01
 2.954175770e-01 2.973970771e-01 2.975996435e-01 2.964965999e-01 2.945693731e-01
 2.776188590e-02 2.638839558e-02 2.253124677e-02 1.887172647e-02 1.588330045e-02
 1.319604553e-02 1.069277152e-02 8.326247334e-03 6.077003200e-03 3.938676324e-03
 1.911884639e-03 1.356806024e-06-1.785460394e-03-3.439034568e-03-4.947924986e-03
-6.298628170e-03-7.475102320e-03-8.457865566e-03-9.222337976e-03-9.741753340e-03
-9.988678619e-03-9.935824201e-03-9.556548670e-03-8.825273253e-03-7.717880886e-03
-6.212172098e-03-4.288464785e-03-1.930440776e-03 8.734947769e-04 4.127710592e-03
 7.842025720e-03 1.202632859e-02 1.668887585e-02 2.183649316e-02 2.747634426e-02
 3.361603618e-02 4.026371241e-02 4.742844403e-02 5.512055010e-02 6.335192919e-02
 7.213634253e-02 8.148971200e-02 9.143041074e-02 1.019795164e-01 1.131610349e-01
 1.250019073e-01 1.375316978e-01 1.507818103e-01 1.647833884e-01 1.795634925e-01
 1.951378882e-01 2.114979327e-01 2.285874486e-01 2.462588400e-01 2.641839087e-01
 2.816585898e-01 2.973969579e-01 3.101226687e-01 3.192585707e-01 3.246572614e-01
 3.263740540e-01 3.246701360e-01 3.201858997e-01 3.141798079e-01 3.079773188e-01
 7.715097163e-03 3.937582485e-03 4.050313495e-03 4.494663328e-03 4.125112668e-03
 3.356274683e-03 2.374376403e-03 1.280386932e-03 1.385992655e-04-1.005154918e-03
-2.115536481e-03-3.163688816e-03-4.124931060e-03-4.977251403e-03-5.700204521e-03
-6.274036597e-03-6.678954698e-03-6.894545630e-03-6.899460219e-03-6.671787240e-03
-6.189527456e-03-5.431025289e-03-4.375321325e-03-3.002455691e-03-1.293742680e-03
 7.679685950e-04 3.198043676e-03 6.009852048e-03 9.214695543e-03 1.282217354e-02
 1.684180275e-02 2.128309384e-02 2.615550160e-02 3.146865219e-02 3.723280132e-02
 4.345918447e-02 5.016034096e-02 5.735051632e-02 6.504604220e-02 7.326582074e-02
 8.203183115e-02 9.136980772e-02 1.013100743e-01 1.118884683e-01 1.231476665e-01
 1.351386607e-01 1.479226947e-01 1.615733802e-01 1.761792302e-01 1.918458343e-01
 2.086975425e-01 2.268771231e-01 2.465422750e-01 2.678605020e-01 2.910175025e-01
 3.163389564e-01 3.390308917e-01 3.546177149e-01 3.642092645e-01 3.683842123e-01
 3.666436076e-01 3.594423234e-01 3.460388780e-01 3.308293819e-01 3.193052411e-01
-6.154367700e-03-1.069737598e-02-9.702323005e-03-7.708039600e-03-6.523191929e-03
-5.912933499e-03-5.692192353e-03-5.724921823e-03-5.911294371e-03-6.176537834e-03
-6.463224534e-03-6.726089865e-03-6.928487215e-03-7.039862685e-03-7.033916656e-03
-6.887246855e-03-6.578359287e-03-6.086983718e-03-5.393673666e-03-4.479678348e-03
-3.326966893e-03-1.918334048e-03-2.375176555e-04 1.730688615e-03 4.000346176e-03
 6.584318355e-03 9.494266473e-03 1.274072845e-02 1.633330807e-02 2.028102987e-02
 2.459285967e-02 2.927806973e-02 3.434655815e-02 3.980916739e-02 4.567803442e-02
 5.196691304e-02 5.869153887e-02 6.587000191e-02 7.352314144e-02 8.167510480e-02
 9.035401046e-02 9.959278256e-02 1.094303802e-01 1.199133247e-01 1.310978234e-01
 1.430527270e-01 1.558634043e-01 1.696373969e-01 1.845120192e-01 2.006649971e-01
 2.183290422e-01 2.378103137e-01 2.595092654e-01 2.839380503e-01 3.117300272e-01
 3.414418697e-01 3.641940057e-01 3.798076510e-01 3.886822760e-01 3.905255795e-01
 3.855393529e-01 3.726949096e-01 3.533054292e-01 3.366297483e-01 3.232494593e-01
-1.562239975e-02-2.054570056e-02-1.934915595e-02-1.694033667e-02-1.514599100e-02
-1.384207420e-02-1.290820353e-02-1.223493367e-02-1.172943413e-02-1.131584961e-02
-1.093326043e-02-1.053289883e-02-1.007541176e-02-9.528494440e-03-8.865002543e-03
-8.061530069e-03-7.097389549e-03-5.953932181e-03-4.614125006e-03-3.062324133e-03
-1.284175203e-03 7.334306138e-04 3.002373036e-03 5.533332936e-03 8.335849270e-03
 1.141841710e-02 1.478864625e-02 1.845348626e-02 2.241953276e-02 2.669339627e-02
 3.128215298e-02 3.619375825e-02 4.143745452e-02 4.702416062e-02 5.296676606e-02
 5.928047001e-02 6.598301232e-02 7.309496403e-02 8.064004779e-02 8.864553273e-02
 9.714283049e-02 1.061682999e-01 1.157644391e-01 1.259815097e-01 1.368798167e-01
 1.485330313e-01 1.610327363e-01 1.744951755e-01 1.890713423e-01 2.049623728e-01
 2.224442363e-01 2.419083267e-01 2.639275193e-01 2.893397808e-01 3.190387487e-01
 3.452985585e-01 3.651276231e-01 3.785688877e-01 3.854308128e-01 3.856741786e-01
 3.781251907e-01 3.621276021e-01 3.448151350e-01 3.303938508e-01 3.182975054e-01
-2.174630389e-02-2.692986280e-02-2.614832669e-02-2.378138155e-02-2.188719064e-02
-2.037960291e-02-1.915743947e-02-1.812655479e-02-1.720630378e-02-1.633105427e-02
-1.544879563e-02-1.451852545e-02-1.350752264e-02-1.238900796e-02-1.114038378e-02
-9.742045775e-03-8.176656440e-03-6.428765133e-03-4.484624602e-03-2.332142089e-03
 3.914290573e-05 2.638084814e-03 5.471993703e-03 8.546739817e-03 1.186691411e-02
 1.543602720e-02 1.925679110e-02 2.333145402e-02 2.766222879e-02 3.225178272e-02
 3.710380569e-02 4.222354293e-02 4.761834443e-02 5.329810828e-02 5.927557871e-02
 6.556658447e-02 7.219010592e-02 7.916830480e-02 8.652651310e-02 9.429334104e-02
 1.025008708e-01 1.111851633e-01 1.203869134e-01 1.301526427e-01 1.405363083e-01
 1.516013741e-01 1.634241045e-01 1.760975420e-01 1.897377372e-01 2.044924796e-01
 2.205550671e-01 2.381880581e-01 2.577713430e-01 2.799513340e-01 3.036012053e-01
 3.234908879e-01 3.388222158e-01 3.493135870e-01 3.548626006e-01 3.546781540e-01
 3.484808207e-01 3.368909061e-01 3.257441223e-01 3.155685067e-01 3.064132929e-01
-2.571817860e-02-3.126053512e-02-3.068304807e-02-2.867342532e-02-2.709301561e-02
-2.579395659e-02-2.464978769e-02-2.356346883e-02-2.246650495e-02-2.131268010e-02
-2.007094212e-02-1.871944405e-02-1.724129356e-02-1.562190615e-02-1.384763140e-02
-1.190530229e-02-9.782332927e-03-7.467112038e-03-4.949448630e-03-2.220954746e-03
 7.247303147e-04 3.891870845e-03 7.282718085e-03 1.089769043e-02 1.473561954e-02
 1.879403740e-02 2.306951955e-02 2.755811065e-02 3.225587308e-02 3.715959936e-02
 4.226760939e-02 4.758065194e-02 5.310268700e-02 5.884156376e-02 6.480935961e-02
 7.102242112e-02 7.750114799e-02 8.426945657e-02 9.135426581e-02 9.878493845e-02
 1.065928936e-01 1.148114502e-01 1.234758943e-01 1.326237917e-01 1.422953606e-01
 1.525340676e-01 1.633869261e-01 1.749045551e-01 1.871400177e-01 2.001453787e-01
 2.139627635e-01 2.286023498e-01 2.439891398e-01 2.598446012e-01 2.754051685e-01
 2.892145216e-01 3.004131317e-01 3.085398078e-01 3.133060932e-01 3.145779967e-01
 3.124954700e-01 3.081019521e-01 3.025956154e-01 2.966589332e-01 2.907011509e-01
-2.684675530e-02-3.275734931e-02-3.292592615e-02-3.187673539e-02-3.120128624e-02
-3.059390746e-02-2.987818047e-02-2.897201292e-02-2.785005420e-02-2.651487291e-02
-2.497904003e-02-2.325524762e-02-2.135160938e-02-1.927017793e-02-1.700746641e-02
-1.455602888e-02-1.190646552e-02-9.049341083e-03-5.976737477e-03-2.683301689e-03
 8.332552388e-04 4.572115839e-03 8.529642597e-03 1.269980520e-02 1.707459427e-02
 2.164435387e-02 2.639804967e-02 3.132360429e-02 3.640848398e-02 4.164068401e-02
 4.701005667e-02 5.250994861e-02 5.813876167e-02 6.390115619e-02 6.980861723e-02
 7.587928325e-02 8.213696629e-02 8.860971779e-02 9.532815963e-02 1.023239046e-01
 1.096283644e-01 1.172718778e-01 1.252832562e-01 1.336894333e-01 1.425151229e-01
 1.517820060e-01 1.615075022e-01 1.717020571e-01 1.823647618e-01 1.934755445e-01
 2.049823999e-01 2.167809904e-01 2.286853492e-01 2.403948307e-01 2.514827251e-01
 2.614547014e-01 2.698639333e-01 2.763870955e-01 2.808465660e-01 2.832265496e-01
 2.836956382e-01 2.825959921e-01 2.803508639e-01 2.773534358e-01 2.739157677e-01
-2.368004061e-02-2.954283170e-02-3.226172179e-02-3.390269354e-02-3.520205989e-02
-3.584920615e-02-3.577976301e-02-3.508561477e-02-3.388899565e-02-3.230024502e-02
-3.040638566e-02-2.826837078e-02-2.592227235e-02-2.338317223e-02-2.065075934e-02
-1.771539822e-02-1.456364430e-02-1.118265092e-02-7.563247811e-03-3.701658687e-03
 4.000321496e-04 4.734465852e-03 9.290225804e-03 1.405314356e-02 1.900719106e-02
 2.413470671e-02 2.941606194e-02 3.482919186e-02 4.034962133e-02 4.595160112e-02
 5.161059648e-02 5.730678886e-02 6.302870065e-02 6.877601147e-02 7.456076145e-02
 8.040677011e-02 8.634717762e-02 9.242065996e-02 9.866741300e-02 1.051256880e-01
 1.118295416e-01 1.188077480e-01 1.260833740e-01 1.336736381e-01 1.415896118e-01
 1.498353779e-01 1.584064513e-01 1.672872454e-01 1.764471531e-01 1.858349442e-01
 1.953717470e-01 2.049426138e-01 2.143895626e-01 2.235095501e-01 2.320642769e-01
 2.398039401e-01 2.465006113e-01 2.519793510e-01 2.561401129e-01 2.589694858e-01
 2.605407834e-01 2.610002160e-01 2.605388165e-01 2.593600154e-01 2.576535940e-01
-1.969361305e-02-2.580833808e-02-3.157556430e-02-3.716195375e-02-4.218964651e-02
-4.381692410e-02-4.386179894e-02-4.286073893e-02-4.115211219e-02-3.897347301e-02
-3.648963198e-02-3.380202875e-02-3.095715493e-02-2.795981057e-02-2.478894964e-02
-2.141203173e-02-1.779576764e-02-1.391329896e-02-9.748604149e-03-5.298579112e-03
-5.727160024e-04 4.409675021e-03 9.623868391e-03 1.504398230e-02 2.064530924e-02
 2.640395612e-02 3.229421377e-02 3.828473762e-02 4.433548078e-02 5.039764941e-02
 5.641876906e-02 6.235196441e-02 6.816572696e-02 7.385063171e-02 7.942222804e-02
 8.491995931e-02 9.040130675e-02 9.593168646e-02 1.015736237e-01 1.073794812e-01
 1.133888960e-01 1.196294278e-01 1.261181086e-01 1.328628957e-01 1.398634613e-01
 1.471110284e-01 1.545876563e-01 1.622645706e-01 1.701001376e-01 1.780370772e-01
 1.859998852e-01 1.938927174e-01 2.015993595e-01 2.089860141e-01 2.159087658e-01
 2.222248316e-01 2.278065681e-01 2.325547934e-01 2.364094555e-01 2.393551320e-01
 2.414208353e-01 2.426739037e-01 2.432091236e-01 2.431359738e-01 2.425666451e-01
-1.758474112e-02-2.450453490e-02-3.205199540e-02-4.062139615e-02-5.009899288e-02
-5.533012003e-02-5.537802726e-02-5.287905037e-02-4.980038106e-02-4.643018544e-02
-4.299408942e-02-3.960478306e-02-3.626185656e-02-3.289407864e-02-2.940510586e-02
-2.570204437e-02-2.170830965e-02-1.736897603e-02-1.265448891e-02-7.564193103e-03
-2.126667183e-03 3.607945750e-03 9.583664127e-03 1.575388014e-02 2.208750695e-02
 2.856556699e-02 3.517183289e-02 4.187982529e-02 4.863703996e-02 5.535261333e-02
 6.190633774e-02 6.818509102e-02 7.411460578e-02 7.966823131e-02 8.486860245e-02
 8.979197592e-02 9.456256032e-02 9.931853414e-02 1.041710079e-01 1.091910899e-01
 1.144180745e-01 1.198704168e-01 1.255531162e-01 1.314617991e-01 1.375845373e-01
 1.439024061e-01 1.503891051e-01 1.570102721e-01 1.637224555e-01 1.704720855e-01
 1.771949530e-01 1.838162094e-01 1.902517378e-01 1.964109093e-01 2.022011429e-01
 2.075338066e-01 2.123308182e-01 2.165309787e-01 2.200949192e-01 2.230077684e-01
 2.252792120e-01 2.269410789e-01 2.280425727e-01 2.286447138e-01 2.288143337e-01
-1.489199512e-02-2.200533822e-02-3.003517166e-02-3.945607692e-02-5.064082146e-02
-5.904314667e-02-6.334047765e-02-6.336161494e-02-5.908676237e-02-5.363762379e-02
-4.887090251e-02-4.487381130e-02-4.136211425e-02-3.800178319e-02-3.452950716e-02
-3.076219186e-02-2.657112852e-02-2.186391130e-02-1.658282802e-02-1.072142459e-02
-4.353826400e-03 2.366075292e-03 9.282352403e-03 1.630985923e-02 2.343191393e-02
 3.067095578e-02 3.806564957e-02 4.565275088e-02 5.343703553e-02 6.128939241e-02
 6.880529970e-02 7.566812634e-02 8.177873492e-02 8.710423112e-02 9.164401889e-02
 9.548136592e-02 9.896776080e-02 1.025480106e-01 1.063820347e-01 1.104997098e-01
 1.148961186e-01 1.195553541e-01 1.244573295e-01 1.295795590e-01 1.348971426e-01
 1.403820813e-01 1.460025907e-01 1.517221332e-01 1.574990153e-01 1.632857323e-01
 1.690292060e-01 1.746712625e-01 1.801498383e-01 1.854010224e-01 1.903617084e-01
 1.949729025e-01 1.991830021e-01 2.029510438e-01 2.062491030e-01 2.090636790e-01
 2.113958597e-01 2.132602930e-01 2.146830410e-01 2.156987637e-01 2.163478136e-01
-1.078987680e-02-1.728973910e-02-2.444643341e-02-3.237153217e-02-4.106276482e-02
-5.030523241e-02-5.842275918e-02-6.246984005e-02-6.198275462e-02-5.657881498e-02
-5.133314431e-02-4.811105132e-02-4.580613226e-02-4.336126894e-02-4.049446806e-02
-3.707044199e-02-3.297618032e-02-2.809190378e-02-2.227966860e-02-1.538861822e-02
-7.364021149e-03 1.028388040e-03 9.144645184e-03 1.703751460e-02 2.483747713e-02
 3.268070519e-02 4.070865363e-02 4.908300191e-02 5.801751465e-02 6.780632585e-02
 7.673916966e-02 8.427911252e-02 9.061554819e-02 9.565567970e-02 9.935498983e-02
 1.015166044e-01 1.027874276e-01 1.049617827e-01 1.077586710e-01 1.110243797e-01
 1.146637499e-01 1.186118722e-01 1.228204817e-01 1.272502095e-01 1.318658292e-01
 1.366333663e-01 1.415181756e-01 1.464839429e-01 1.514919251e-01 1.565007567e-01
 1.614665389e-01 1.663432866e-01 1.710838974e-01 1.756413579e-01 1.799703836e-01
 1.840292513e-01 1.877815425e-01 1.911978573e-01 1.942571402e-01 1.969473362e-01
 1.992656589e-01 2.012180090e-01 2.028179318e-01 2.040853202e-01 2.050447166e-01
-5.528105423e-03-1.098112389e-02-1.681018434e-02-2.300791815e-02-2.948983572e-02
-3.608530760e-02-4.254850000e-02-4.858019948e-02-5.190963298e-02-4.949146509e-02
-4.661865532e-02-4.590396211e-02-4.601400346e-02-4.495095462e-02-4.296520352e-02
-4.012098163e-02-3.636890650e-02-3.159964830e-02-2.562725730e-02-1.810297742e-02
-8.385751396e-03 1.533348346e-03 1.034966297e-02 1.859375834e-02 2.658542991e-02
 3.454920277e-02 4.267887399e-02 5.117926374e-02 6.030486152e-02 7.033036649e-02
 7.947341353e-02 8.708980680e-02 9.335079789e-02 9.820605814e-02 1.015596688e-01
 1.031807512e-01 1.038553268e-01 1.054462790e-01 1.077004597e-01 1.104384735e-01
 1.135481969e-01 1.169572696e-01 1.206146330e-01 1.244796962e-01 1.285165697e-01
 1.326912045e-01 1.369699240e-01 1.413187087e-01 1.457026899e-01 1.500862241e-01
 1.544327885e-01 1.587054729e-01 1.628675312e-01 1.668831259e-01 1.707183123e-01
 1.743420810e-01 1.777273566e-01 1.808519065e-01 1.836991012e-01 1.862582415e-01
 1.885247976e-01 1.905000806e-01 1.921907216e-01 1.936079860e-01 1.947667599e-01
 0.201910043E+01 0.204744434E+01 0.206491923E+01 0.208369660E+01 0.210252142E+01
 0.212515736E+01 0.214288902E+01 0.216035414E+01 0.217750835E+01 0.219530058E+01
 0.221238756E+01 0.222939253E+01 0.224682856E+01 0.226377487E+01 0.228097439E+01
 0.229838157E+01 0.231578636E+01 0.233324432E+01 0.235105705E+01 0.236921930E+01
 0.238746452E+01 0.240614319E+01 0.242524505E+01 0.244487381E+01 0.246487069E+01
 0.248550344E+01 0.250673485E+01 0.252865815E+01 0.255129170E+01 0.257482576E+01
 0.259912395E+01 0.262445784E+01 0.265081835E+01 0.267828560E+01 0.270694160E+01
 0.273693514E+01 0.276839876E+01 0.280140996E+01 0.283613396E+01 0.287261629E+01
 0.291108871E+01 0.295177221E+01 0.299488616E+01 0.304058266E+01 0.308915997E+01
 0.314087439E+01 0.319619703E+01 0.325546551E+01 0.331916666E+01 0.338786817E+01
 0.346224070E+01 0.354309535E+01 0.363135433E+01 0.372864413E+01 0.383608532E+01
 0.395584607E+01 0.409103966E+01 0.424590588E+01 0.442478275E+01 0.463827372E+01
 0.490019941E+01 0.523701191E+01 0.571146631E+01 0.650748348E+01 0.131961975E+02
   90   86
 0.107051873E+01-0.100000001E+00 0.106841981E+01 0.000000000E+00 0.107266653E+01
 0.100000001E+00 0.107906246E+01 0.166063547E+00 0.109011805E+01 0.250000000E+00
 0.110562503E+01 0.337045580E+00 0.111817753E+01 0.400000006E+00 0.113218749E+01
 0.464045584E+00 0.115213096E+01 0.550000012E+00 0.116438961E+01 0.600000024E+00
 0.118531251E+01 0.682032824E+00 0.120418620E+01 0.750000000E+00 0.121896005E+01
 0.800000012E+00 0.123843753E+01 0.860205889E+00 0.126499999E+01 0.922854185E+00
 0.129156256E+01 0.961337328E+00 0.134468746E+01 0.992983580E+00 0.139781249E+01
 0.996681094E+00 0.145093751E+01 0.989537716E+00 0.150406253E+01 0.975473940E+00
 0.155718756E+01 0.955256701E+00 0.158375001E+01 0.943681061E+00 0.163687503E+01
 0.918069601E+00 0.166781414E+01 0.899999976E+00 0.171656251E+01 0.870882988E+00
 0.174639606E+01 0.850000024E+00 0.179624999E+01 0.813918173E+00 0.182281256E+01
 0.792486668E+00 0.187211132E+01 0.750000000E+00 0.190250003E+01 0.722615302E+00
 0.192906249E+01 0.696356297E+00 0.197320962E+01 0.649999976E+00 0.200874996E+01
 0.609555662E+00 0.203531241E+01 0.576317430E+00 0.206187510E+01 0.540159643E+00
 0.208940005E+01 0.499339879E+00 0.211944962E+01 0.449999988E+00 0.214644146E+01
 0.400000006E+00 0.217049265E+01 0.349999994E+00 0.219468760E+01 0.292621523E+00
 0.222125006E+01 0.219097555E+00 0.224109316E+01 0.150000006E+00 0.225159693E+01
 0.100000001E+00 0.226117444E+01 0.000000000E+00 0.225499964E+01-0.100000001E+00
 0.224619198E+01-0.150000006E+00 0.222125006E+01-0.245949984E+00 0.220351028E+01
-0.300000012E+00 0.218461680E+01-0.349999994E+00 0.216358757E+01-0.400000006E+00
 0.214017892E+01-0.450288355E+00 0.211377811E+01-0.500980377E+00 0.208516693E+01
-0.550000012E+00 0.205272675E+01-0.600000024E+00 0.201675034E+01-0.649999976E+00
 0.198218751E+01-0.693845987E+00 0.195562506E+01-0.725738406E+00 0.192906249E+01
-0.755753875E+00 0.188730514E+01-0.800000012E+00 0.184937501E+01-0.838587642E+00
 0.182281256E+01-0.864205599E+00 0.178251839E+01-0.899999976E+00 0.174312496E+01
-0.934224367E+00 0.171656251E+01-0.955211878E+00 0.166343749E+01-0.994347811E+00
 0.163687503E+01-0.101294112E+01 0.158375001E+01-0.104573023E+01 0.155718756E+01
-0.106157660E+01 0.150406253E+01-0.108947992E+01 0.147749996E+01-0.110183811E+01
 0.142437506E+01-0.112610102E+01 0.137125003E+01-0.114532757E+01 0.134468746E+01
-0.115436316E+01 0.129156256E+01-0.117043233E+01 0.123843753E+01-0.117944872E+01
 0.117855239E+01-0.117583489E+01 0.118368065E+01-0.112407136E+01 0.118747044E+01
-0.104999995E+01 0.118569660E+01-0.949999988E+00 0.118237257E+01-0.899999976E+00
 0.117189336E+01-0.800000012E+00 0.115875006E+01-0.707331777E+00 0.114971268E+01
-0.649999976E+00 0.113290787E+01-0.550000012E+00 0.112423515E+01-0.500000000E+00
 0.110715973E+01-0.400000006E+00 0.109889054E+01-0.349999994E+00 0.108429372E+01
-0.250000000E+00 0.107854533E+01-0.200000003E+00 0.107051873E+01-0.100000001E+00
 0.101600003E+01 0.000000000E+00 0.101600003E+01 0.963999987E+00 0.101600003E+01
 0.967999995E+00 0.101600003E+01 0.100100005E+01 0.101600003E+01 0.101900005E+01
 0.101600003E+01 0.107700002E+01 0.101600003E+01 0.107000005E+01 0.101600003E+01
 0.109599996E+01 0.101600003E+01 0.111300004E+01 0.101600003E+01 0.113800001E+01
 0.101600003E+01 0.114699996E+01 0.101199996E+01 0.116499996E+01 0.100100005E+01
 0.121700001E+01 0.102900004E+01 0.121700001E+01 0.104200006E+01 0.116240001E+01
 0.104600000E+01 0.116237998E+01 0.105599999E+01 0.116260004E+01 0.109700000E+01
 0.116450000E+01 0.110800004E+01 0.116594005E+01 0.111600006E+01 0.116591001E+01
 0.113399994E+01 0.116895998E+01 0.114800000E+01 0.117174995E+01 0.116199994E+01
 0.117556000E+01 0.118099999E+01 0.118299997E+01 0.118200004E+01 0.118350005E+01
 0.118499994E+01 0.118499994E+01 0.119000006E+01 0.118799996E+01 0.119500005E+01
 0.119099998E+01 0.120099998E+01 0.119599998E+01 0.120899999E+01 0.120200002E+01
 0.121500003E+01 0.120799994E+01 0.122200000E+01 0.121399999E+01 0.122800004E+01
 0.122099996E+01 0.123399997E+01 0.123099995E+01 0.123899996E+01 0.123800004E+01
 0.124199998E+01 0.124399996E+01 0.124800003E+01 0.125399995E+01 0.125800002E+01
 0.127800000E+01 0.126300001E+01 0.128999996E+01 0.127999997E+01 0.133099997E+01
 0.127999997E+01 0.134700000E+01 0.127999997E+01 0.134800005E+01 0.130999994E+01
 0.134800005E+01 0.132799995E+01 0.134800005E+01 0.136099994E+01 0.134800005E+01
 0.138000000E+01 0.134800005E+01 0.141900003E+01 0.134800005E+01 0.141900003E+01
 0.130999994E+01 0.137199998E+01 0.130999994E+01 0.137199998E+01 0.129200006E+01
 0.160800004E+01 0.109500003E+01 0.164699996E+01 0.107700002E+01 0.178499997E+01
 0.107700002E+01 0.206999993E+01 0.103999996E+01 0.212800002E+01 0.992999971E+00
 0.224499989E+01 0.708999991E+00 0.232299995E+01 0.518999994E+00 0.237700009E+01
 0.388999999E+00 0.236249995E+01 0.400000006E+00 0.236443496E+01 0.222000003E+00
 0.236496902E+01 0.133000001E+00 0.236532402E+01 0.439999998E-01 0.236512089E+01
-0.439999998E-01 0.236484194E+01-0.133000001E+00 0.236433411E+01-0.222000003E+00
 0.236249995E+01-0.400000006E+00 0.237700009E+01-0.388999999E+00 0.213400006E+01
-0.972999990E+00 0.178600001E+01-0.117400002E+01 0.176800001E+01-0.121099997E+01
 0.176800001E+01-0.125000000E+01 0.168200004E+01-0.125000000E+01 0.137199998E+01
-0.125000000E+01 0.137199998E+01-0.132900000E+01 0.141999996E+01-0.132900000E+01
 0.141999996E+01-0.136300004E+01 0.127300000E+01-0.136300004E+01 0.115300000E+01
-0.136300004E+01 0.101600003E+01-0.122300005E+01 0.101600003E+01-0.122300005E+01
 0.101600003E+01-0.829999983E+00 0.101600003E+01-0.800000012E+00 0.101600003E+01
-0.414999992E+00 0.101600003E+01-0.400000006E+00 0.101600003E+01-0.100000005E-02
 0.101600003E+01 0.000000000E+00
    0 0.169550002E+01    0
 0.000000000E+00 0.102368526E+00 0.145325422E+00 0.178497553E+00 0.206648141E+00
 0.230305582E+00 0.253141612E+00 0.274291545E+00 0.293993235E+00 0.312685668E+00
 0.330403298E+00 0.347393095E+00 0.363692075E+00 0.379423648E+00 0.394614816E+00
 0.409394205E+00 0.423738956E+00 0.437716067E+00 0.451377749E+00 0.464740753E+00
 0.477824032E+00 0.490652055E+00 0.503250241E+00 0.515662014E+00 0.527859449E+00
 0.539878309E+00 0.551743627E+00 0.563462138E+00 0.575043678E+00 0.586495876E+00
 0.597822547E+00 0.609061241E+00 0.620200336E+00 0.631251872E+00 0.642240047E+00
 0.653144002E+00 0.663990736E+00 0.674797416E+00 0.685560226E+00 0.696286201E+00
 0.706994355E+00 0.717686534E+00 0.728364408E+00 0.739046931E+00 0.749750137E+00
 0.760459661E+00 0.771217883E+00 0.782012284E+00 0.792861462E+00 0.803773582E+00
 0.814772248E+00 0.825870514E+00 0.837078094E+00 0.848440051E+00 0.859946489E+00
 0.871638060E+00 0.883549333E+00 0.895745397E+00 0.908220649E+00 0.921109200E+00
 0.934469700E+00 0.948451400E+00 0.963329077E+00 0.979557514E+00 0.100000000E+01
    0
