  EFITD    06/25/2013    #1553273003.0ms  EFIT01   0  65  65
 0.170000005E+01 0.320000005E+01 0.169550002E+01 0.839999974E+00 0.000000000E+00
 0.181045973E+01-0.381379970E-02-0.187570289E+00-0.787989795E-02 0.166085517E+01
 0.102052162E+07-0.187570289E+00 0.000000000E+00 0.181045973E+01 0.000000000E+00
-0.381379970E-02 0.000000000E+00-0.787989795E-02 0.000000000E+00 0.000000000E+00
 0.277047157E+01 0.277262998E+01 0.277471161E+01 0.277671838E+01 0.277865195E+01
 0.278051376E+01 0.278230524E+01 0.278402805E+01 0.278568387E+01 0.278727388E+01
 0.278879976E+01 0.279026318E+01 0.279166532E+01 0.279300809E+01 0.279429245E+01
 0.279552007E+01 0.279669261E+01 0.279781175E+01 0.279887819E+01 0.279989409E+01
 0.280086017E+01 0.280177879E+01 0.280265093E+01 0.280347776E+01 0.280426121E+01
 0.280500221E+01 0.280570269E+01 0.280636358E+01 0.280698657E+01 0.280757332E+01
 0.280812478E+01 0.280864263E+01 0.280912828E+01 0.280958295E+01 0.281000805E+01
 0.281040525E+01 0.281077576E+01 0.281112099E+01 0.281144238E+01 0.281174135E+01
 0.281201887E+01 0.281227732E+01 0.281251693E+01 0.281273985E+01 0.281294727E+01
 0.281314087E+01 0.281332135E+01 0.281349063E+01 0.281364989E+01 0.281380081E+01
 0.281394434E+01 0.281408238E+01 0.281421566E+01 0.281434631E+01 0.281447482E+01
 0.281460357E+01 0.281473351E+01 0.281486583E+01 0.281500220E+01 0.281514382E+01
 0.281529188E+01 0.281544828E+01 0.281561422E+01 0.281579113E+01 0.281597996E+01
 0.994897500E+05 0.968295391E+05 0.942044297E+05 0.916144219E+05 0.890595234E+05
 0.865397188E+05 0.840550156E+05 0.816054141E+05 0.791909141E+05 0.768115156E+05
 0.744672188E+05 0.721580156E+05 0.698839219E+05 0.676449297E+05 0.654410312E+05
 0.632722383E+05 0.611385430E+05 0.590399531E+05 0.569764609E+05 0.549480742E+05
 0.529547812E+05 0.509965977E+05 0.490735078E+05 0.471855195E+05 0.453326367E+05
 0.435148516E+05 0.417321680E+05 0.399845859E+05 0.382721055E+05 0.365947227E+05
 0.349524453E+05 0.333452656E+05 0.317731875E+05 0.302362109E+05 0.287343359E+05
 0.272675605E+05 0.258358867E+05 0.244393125E+05 0.230778418E+05 0.217514707E+05
 0.204602012E+05 0.192040312E+05 0.179829629E+05 0.167969961E+05 0.156461289E+05
 0.145303633E+05 0.134496982E+05 0.124041357E+05 0.113936729E+05 0.104183105E+05
 0.947805078E+04 0.857289062E+04 0.770283203E+04 0.686787402E+04 0.606801660E+04
 0.530326074E+04 0.457360596E+04 0.387905176E+04 0.321959888E+04 0.259524658E+04
 0.200599536E+04 0.145184521E+04 0.932795837E+03 0.448847443E+03 0.000000000E+00
 0.216864204E+01 0.209399199E+01 0.202073359E+01 0.194886637E+01 0.187839067E+01
 0.180930626E+01 0.174161315E+01 0.167531145E+01 0.161040115E+01 0.154688227E+01
 0.148475468E+01 0.142401838E+01 0.136467361E+01 0.130672002E+01 0.125015795E+01
 0.119498718E+01 0.114120770E+01 0.108881974E+01 0.103782308E+01 0.988217771E+00
 0.940003872E+00 0.893181264E+00 0.847750068E+00 0.803710222E+00 0.761061788E+00
 0.719804645E+00 0.679938912E+00 0.641464531E+00 0.604381502E+00 0.568689823E+00
 0.534389615E+00 0.501480639E+00 0.469963133E+00 0.439836949E+00 0.411102116E+00
 0.383758664E+00 0.357806593E+00 0.333245873E+00 0.310076505E+00 0.288298517E+00
 0.267911881E+00 0.248916611E+00 0.231312737E+00 0.215100199E+00 0.200279042E+00
 0.186849236E+00 0.174810812E+00 0.164163738E+00 0.154908046E+00 0.147043705E+00
 0.140570745E+00 0.135489136E+00 0.131798893E+00 0.129500031E+00 0.128592506E+00
 0.129076362E+00 0.130951583E+00 0.134218186E+00 0.138876125E+00 0.144925445E+00
 0.152366132E+00 0.161198184E+00 0.171421587E+00 0.183036372E+00 0.196042523E+00
-0.953867688E+06-0.941362562E+06-0.928857500E+06-0.916352375E+06-0.903847250E+06
-0.891342188E+06-0.878837062E+06-0.866331938E+06-0.853826875E+06-0.841321750E+06
-0.828816625E+06-0.816311500E+06-0.803806375E+06-0.791301312E+06-0.778796188E+06
-0.766291125E+06-0.753786000E+06-0.741280875E+06-0.728775750E+06-0.716270688E+06
-0.703765562E+06-0.691260438E+06-0.678755312E+06-0.666250188E+06-0.653745125E+06
-0.641240062E+06-0.628734938E+06-0.616229812E+06-0.603724688E+06-0.591219625E+06
-0.578714500E+06-0.566209375E+06-0.553704250E+06-0.541199125E+06-0.528694062E+06
-0.516188938E+06-0.503683844E+06-0.491178750E+06-0.478673625E+06-0.466168531E+06
-0.453663406E+06-0.441158312E+06-0.428653188E+06-0.416148094E+06-0.403643000E+06
-0.391137875E+06-0.378632750E+06-0.366127656E+06-0.353622562E+06-0.341117438E+06
-0.328612344E+06-0.316107219E+06-0.303602125E+06-0.291097031E+06-0.278591906E+06
-0.266086812E+06-0.253581688E+06-0.241076594E+06-0.228571484E+06-0.216066375E+06
-0.203561266E+06-0.191056156E+06-0.178551047E+06-0.166045938E+06-0.153540844E+06
 2.282308601e-02 2.033914439e-02 1.782156527e-02 1.523109712e-02 1.254194696e-02
 9.734770283e-03 6.782434415e-03 3.634065390e-03 2.843349648e-04-3.334298963e-03
-7.721997797e-03-1.348893810e-02-1.952233538e-02-2.356203832e-02-2.606309019e-02
-2.721289173e-02-2.705113590e-02-2.552844025e-02-2.247700281e-02-1.753271744e-02
-9.987262078e-03-2.114276169e-03 4.353665747e-03 1.000152901e-02 1.514889114e-02
 1.998148859e-02 2.461685427e-02 2.913398854e-02 3.358732536e-02 3.801408410e-02
 4.246901721e-02 4.697837681e-02 5.154754221e-02 5.617873743e-02 6.086907536e-02
 6.561676413e-02 7.040886581e-02 7.521896809e-02 8.005611598e-02 8.493155986e-02
 8.985758573e-02 9.484487027e-02 9.989969432e-02 1.050222069e-01 1.102061719e-01
 1.154395491e-01 1.207052916e-01 1.259820461e-01 1.312448084e-01 1.364653260e-01
 1.416128278e-01 1.466545463e-01 1.515566111e-01 1.562849879e-01 1.608065665e-01
 1.650903970e-01 1.691088378e-01 1.728386879e-01 1.762620658e-01 1.793670505e-01
 1.821479201e-01 1.846051067e-01 1.867447942e-01 1.885781437e-01 1.901204884e-01
 1.848762296e-02 1.572262682e-02 1.302011125e-02 1.034977380e-02 7.675768808e-03
 4.960941151e-03 2.221942646e-03-5.042070406e-04-3.276941832e-03-6.187488791e-03
-9.542576969e-03-1.344191004e-02-1.725501940e-02-2.011368051e-02-2.190462686e-02
-2.262463607e-02-2.225393429e-02-2.073767409e-02-1.798301935e-02-1.387317106e-02
-8.399629034e-03-2.466099802e-03 3.105924232e-03 8.308338933e-03 1.323047001e-02
 1.795734651e-02 2.255781740e-02 2.708523348e-02 3.157969192e-02 3.607062995e-02
 4.060801491e-02 4.521851987e-02 4.991179332e-02 5.469607562e-02 5.957721919e-02
 6.456141919e-02 6.964032352e-02 7.479128987e-02 8.002199233e-02 8.533926308e-02
 9.074864537e-02 9.625356644e-02 1.018542647e-01 1.075468287e-01 1.133225709e-01
 1.191677004e-01 1.250632554e-01 1.309850365e-01 1.369038522e-01 1.427857131e-01
 1.485922635e-01 1.542815268e-01 1.598089635e-01 1.651288420e-01 1.701959372e-01
 1.749675274e-01 1.794054061e-01 1.834778339e-01 1.871610582e-01 1.904404759e-01
 1.933109909e-01 1.957767457e-01 1.978504062e-01 1.995516419e-01 2.009056211e-01
 1.353139617e-02 1.057471521e-02 7.815859281e-03 5.215910729e-03 2.718466800e-03
 4.352284886e-04-1.660750830e-03-3.624131903e-03-5.496817641e-03-7.432465442e-03
-9.467940778e-03-1.150663197e-02-1.335244533e-02-1.478089299e-02-1.562038995e-02
-1.576375030e-02-1.514487807e-02-1.372366864e-02-1.148868632e-02-8.479797281e-03
-4.824566655e-03-7.402966730e-04 3.552302485e-03 7.913535461e-03 1.228368189e-02
 1.664943434e-02 2.101909928e-02 2.540946752e-02 2.983967401e-02 3.432987258e-02
 3.890493885e-02 4.358430579e-02 4.838025197e-02 5.330216885e-02 5.835750699e-02
 6.355161220e-02 6.888320297e-02 7.434793562e-02 7.994811237e-02 8.568703383e-02
 9.156701714e-02 9.758847207e-02 1.037490219e-01 1.100426763e-01 1.164590567e-01
 1.229826286e-01 1.295921504e-01 1.362599880e-01 1.429518014e-01 1.496261209e-01
 1.562345177e-01 1.627220958e-01 1.690285951e-01 1.750903875e-01 1.808431447e-01
 1.862250566e-01 1.911805570e-01 1.956637949e-01 1.996415854e-01 2.030954659e-01
 2.060222477e-01 2.084334493e-01 2.103534341e-01 2.118167132e-01 2.128648460e-01
 7.495407481e-03 4.357882310e-03 1.711536199e-03-5.050248583e-04-2.399283927e-03
-3.906734753e-03-5.115502048e-03-6.202857476e-03-7.275423501e-03-8.349333890e-03
-9.403660893e-03-1.037960034e-02-1.118772477e-02-1.172505971e-02-1.189430058e-02
-1.161636040e-02-1.083522476e-02-9.519778192e-03-7.666470949e-03-5.302964244e-03
-2.488648053e-03 6.940088933e-04 4.157713149e-03 7.828759030e-03 1.165598165e-02
 1.560998894e-02 1.967795566e-02 2.385810018e-02 2.815550566e-02 3.257932886e-02
 3.714074194e-02 4.185106605e-02 4.672051966e-02 5.175790563e-02 5.697055161e-02
 6.236421317e-02 6.794313341e-02 7.371067256e-02 7.967004180e-02 8.582417667e-02
 9.217511863e-02 9.872324765e-02 1.054664478e-01 1.123992652e-01 1.195118949e-01
 1.267891675e-01 1.342093647e-01 1.417429000e-01 1.493510753e-01 1.569847912e-01
 1.645836383e-01 1.720756292e-01 1.793779880e-01 1.863995194e-01 1.930447370e-01
 1.992195398e-01 2.048382312e-01 2.098303139e-01 2.141464949e-01 2.177625000e-01
 2.206802219e-01 2.229260504e-01 2.245466709e-01 2.256034017e-01 2.261658758e-01
-5.974838859e-04-4.096951801e-03-6.280041300e-03-7.453289349e-03-8.087746799e-03
-8.402865380e-03-8.625666611e-03-8.845210075e-03-9.095822461e-03-9.377138689e-03
-9.663276374e-03-9.908669628e-03-1.005409285e-02-1.003388781e-02-9.783535264e-03
-9.246147238e-03-8.377138525e-03-7.147219963e-03-5.544064101e-03-3.572518472e-03
-1.252759597e-03 1.384065021e-03 4.302077927e-03 7.466994226e-03 1.085065957e-02
 1.443305425e-02 1.820222102e-02 2.215304412e-02 2.628564835e-02 3.060387447e-02
 3.511393070e-02 3.982331604e-02 4.473999888e-02 4.987191409e-02 5.522664636e-02
 6.081132218e-02 6.663258374e-02 7.269661874e-02 7.900926471e-02 8.557579666e-02
 9.240067005e-02 9.948700666e-02 1.068359092e-01 1.144456416e-01 1.223105565e-01
 1.304197162e-01 1.387552023e-01 1.472900212e-01 1.559854150e-01 1.647879779e-01
 1.736264378e-01 1.824090481e-01 1.910223067e-01 1.993326098e-01 2.071919888e-01
 2.144487202e-01 2.209612280e-01 2.266130000e-01 2.313251197e-01 2.350643128e-01
 2.378451079e-01 2.397255301e-01 2.407972366e-01 2.411722839e-01 2.409699112e-01
-1.331841014e-02-1.870717295e-02-1.800686494e-02-1.588230208e-02-1.431111898e-02
-1.307116728e-02-1.209936850e-02-1.135509089e-02-1.079929061e-02-1.038875431e-02
-1.007475983e-02-9.803627618e-03-9.518490173e-03-9.161921218e-03-8.678949438e-03
-8.020002395e-03-7.143360563e-03-6.016919389e-03-4.619068466e-03-2.938606543e-03
-9.736120701e-04 1.270645298e-03 3.784436267e-03 6.556417793e-03 9.576012380e-03
 1.283499505e-02 1.632825471e-02 2.005390450e-02 2.401297539e-02 2.820890583e-02
 3.264696524e-02 3.733373061e-02 4.227663949e-02 4.748364910e-02 5.296305194e-02
 5.872331560e-02 6.477303803e-02 7.112095505e-02 7.777585834e-02 8.474653959e-02
 9.204161167e-02 9.966916591e-02 1.076363996e-01 1.159488484e-01 1.246094927e-01
 1.336173564e-01 1.429655254e-01 1.526383609e-01 1.626074612e-01 1.728262454e-01
 1.832227260e-01 1.936908960e-01 2.040821165e-01 2.142000049e-01 2.238051295e-01
 2.326345295e-01 2.404347062e-01 2.469968200e-01 2.521841228e-01 2.559480965e-01
 2.583338320e-01 2.594707906e-01 2.595481873e-01 2.587803006e-01 2.573755980e-01
-2.273803949e-02-2.920403704e-02-2.716722898e-02-2.271250635e-02-1.931275055e-02
-1.670322753e-02-1.468836237e-02-1.313445903e-02-1.194077078e-02-1.102372818e-02
-1.030910108e-02-9.728343226e-03-9.217157029e-03-8.715289645e-03-8.166989312e-03
-7.521793246e-03-6.735405885e-03-5.770564545e-03-4.597469699e-03-3.193716053e-03
-1.543722698e-03 3.623007215e-04 2.529787831e-03 4.961535335e-03 7.659121417e-03
 1.062395796e-02 1.385800447e-02 1.736421324e-02 2.114672028e-02 2.521083131e-02
 2.956292592e-02 3.421030566e-02 3.916106001e-02 4.442395642e-02 5.000835285e-02
 5.592423305e-02 6.218219548e-02 6.879352778e-02 7.577027380e-02 8.312533796e-02
 9.087247401e-02 9.902631491e-02 1.076022983e-01 1.166163981e-01 1.260847449e-01
 1.360227764e-01 1.464439183e-01 1.573570222e-01 1.687624604e-01 1.806452274e-01
 1.929636002e-01 2.056309581e-01 2.184882015e-01 2.312681377e-01 2.435681224e-01
 2.548777759e-01 2.646906078e-01 2.726109326e-01 2.783924043e-01 2.819519639e-01
 2.833934426e-01 2.830187678e-01 2.812615335e-01 2.785599530e-01 2.752767503e-01
-2.649395354e-02-3.328925744e-02-3.063719720e-02-2.550525591e-02-2.137525193e-02
-1.809441671e-02-1.552490890e-02-1.353948750e-02-1.202531438e-02-1.088302117e-02
-1.002459042e-02-9.371309541e-03-8.852156810e-03-8.402584121e-03-7.963611744e-03
-7.481172681e-03-6.905917544e-03-6.194509100e-03-5.309875589e-03-4.221119918e-03
-2.903349930e-03-1.337440684e-03 4.906191025e-04 2.592443489e-03 4.977973644e-03
 7.655793801e-03 1.063354407e-02 1.391857211e-02 1.751831733e-02 2.144049108e-02
 2.569321916e-02 3.028512001e-02 3.522537649e-02 4.052379727e-02 4.619091004e-02
 5.223809555e-02 5.867773294e-02 6.552342325e-02 7.279022783e-02 8.049497753e-02
 8.865659684e-02 9.729652852e-02 1.064391285e-01 1.161122397e-01 1.263476312e-01
 1.371816099e-01 1.486553848e-01 1.608152390e-01 1.737117618e-01 1.873974800e-01
 2.019201815e-01 2.173068076e-01 2.335240841e-01 2.503866255e-01 2.673602700e-01
 2.830536366e-01 2.962235808e-01 3.062944710e-01 3.129050732e-01 3.158478737e-01
 3.151155412e-01 3.113798797e-01 3.061017692e-01 3.001470864e-01 2.940358520e-01
-2.529883757e-02-3.206557781e-02-2.952685580e-02-2.431274205e-02-2.007447556e-02
-1.671229862e-02-1.410846598e-02-1.214151829e-02-1.069632731e-02-9.668495506e-03
-8.965270594e-03-8.504740894e-03-8.214336820e-03-8.029105142e-03-7.889707573e-03
-7.739677560e-03-7.520517800e-03-7.182529196e-03-6.682252511e-03-5.981503054e-03
-5.047482438e-03-3.854570910e-03-2.390189329e-03-6.367010646e-04 1.422934816e-03
 3.802950494e-03 6.514324341e-03 9.567528963e-03 1.297269762e-02 1.673955098e-02
 2.087771893e-02 2.539698407e-02 3.030742519e-02 3.561962768e-02 4.134488106e-02
 4.749543592e-02 5.408477038e-02 6.112797186e-02 6.864213943e-02 7.664691657e-02
 8.516511321e-02 9.422347695e-02 1.038536802e-01 1.140935719e-01 1.249887794e-01
 1.365948915e-01 1.489802450e-01 1.622298807e-01 1.764510274e-01 1.917810738e-01
 2.083996385e-01 2.265486717e-01 2.465700507e-01 2.689984143e-01 2.942934930e-01
 3.171698153e-01 3.352973461e-01 3.485436738e-01 3.566269577e-01 3.589071333e-01
 3.551866114e-01 3.445083499e-01 3.326553702e-01 3.217504919e-01 3.119073212e-01
-1.979895122e-02-2.638901025e-02-2.408069372e-02-1.914096251e-02-1.527731400e-02
-1.236367878e-02-1.024121512e-02-8.763249032e-03-7.802336942e-03-7.250275463e-03
-7.015598007e-03-7.020603865e-03-7.198757026e-03-7.492701057e-03-7.853096351e-03
-8.238649927e-03-8.543808013e-03-8.722271770e-03-8.728194050e-03-8.516211994e-03
-8.039828390e-03-7.246968336e-03-6.190941203e-03-4.827965982e-03-3.126217052e-03
-1.064452459e-03 1.361801638e-03 4.165529273e-03 7.359848823e-03 1.095532160e-02
 1.496230718e-02 1.939121820e-02 2.425238304e-02 2.955646440e-02 3.531473130e-02
 4.153933376e-02 4.824369028e-02 5.544296652e-02 6.315461546e-02 7.139903307e-02
 8.020034432e-02 8.958745003e-02 9.959521890e-02 1.102662683e-01 1.216531247e-01
 1.338213384e-01 1.468537152e-01 1.608565003e-01 1.759682000e-01 1.923734099e-01
 2.103240788e-01 2.301743925e-01 2.524383366e-01 2.778742611e-01 3.075315058e-01
 3.379398584e-01 3.615803421e-01 3.783559203e-01 3.884102106e-01 3.916327357e-01
 3.870330751e-01 3.740405142e-01 3.550677598e-01 3.390587568e-01 3.256772757e-01
-9.812732227e-03-1.618502662e-02-1.374170650e-02-9.574958123e-03-6.787771359e-03
-5.003040656e-03-3.960430622e-03-3.477269318e-03-3.422557609e-03-3.698140383e-03
-4.227152094e-03-4.947105423e-03-5.805693567e-03-6.758203264e-03-7.765920833e-03
-8.795139380e-03-9.736283682e-03-1.054160763e-02-1.116490364e-02-1.156167313e-02
-1.168988924e-02-1.151209231e-02-1.100115851e-02-1.012134552e-02-8.831721731e-03
-7.083031349e-03-4.967132118e-03-2.438566182e-03 5.282434868e-04 3.936283290e-03
 7.795763202e-03 1.211822685e-02 1.691281050e-02 2.218931913e-02 2.795808762e-02
 3.422987461e-02 4.101647809e-02 4.833132401e-02 5.619006976e-02 6.461125612e-02
 7.361709327e-02 8.323442191e-02 9.349588305e-02 1.044415608e-01 1.161209717e-01
 1.285958737e-01 1.419439614e-01 1.562639922e-01 1.716828495e-01 1.883653253e-01
 2.065275759e-01 2.264548987e-01 2.485226840e-01 2.732167244e-01 3.011461198e-01
 3.328550160e-01 3.598594964e-01 3.792893291e-01 3.914090395e-01 3.963020146e-01
 3.941553831e-01 3.839676380e-01 3.655438125e-01 3.466848731e-01 3.316175044e-01
 8.029212244e-03 2.929036506e-03 3.535835072e-03 5.008150358e-03 5.310576409e-03
 5.002346355e-03 4.296397790e-03 3.301081480e-03 2.083852421e-03 6.931260577e-04
-8.327470860e-04-2.461319556e-03-4.163920414e-03-5.914467853e-03-7.688760757e-03
-9.464131668e-03-1.113467105e-02-1.265449543e-02-1.397847477e-02-1.506252866e-02
-1.586409472e-02-1.634269208e-02-1.646015793e-02-1.617901400e-02-1.546338946e-02
-1.428196393e-02-1.261528675e-02-1.042893808e-02-7.676619105e-03-4.468991421e-03
-7.748491480e-04 3.431716235e-03 8.147746325e-03 1.338269282e-02 1.914642937e-02
 2.544617280e-02 3.229014203e-02 3.968800604e-02 4.765145481e-02 5.619465187e-02
 6.533476710e-02 7.509265095e-02 8.549359441e-02 9.656842053e-02 1.083546877e-01
 1.208982021e-01 1.342549175e-01 1.484930664e-01 1.636956632e-01 1.799629331e-01
 1.974143535e-01 2.161892503e-01 2.364443094e-01 2.583483458e-01 2.820813656e-01
 3.078920245e-01 3.342650831e-01 3.532723486e-01 3.658808768e-01 3.726003170e-01
 3.732053041e-01 3.681818843e-01 3.567068577e-01 3.403087854e-01 3.271799386e-01
 3.351695836e-02 3.177982196e-02 2.707270905e-02 2.267727256e-02 1.925578527e-02
 1.625243388e-02 1.344699133e-02 1.073763520e-02 8.072816767e-03 5.425882060e-03
 2.783996752e-03 1.426833915e-04-2.497092122e-03-5.130438600e-03-7.749008015e-03
-1.033583470e-02-1.279611979e-02-1.508770324e-02-1.716728881e-02-1.899142005e-02
-2.051709220e-02-2.170215733e-02-2.250558324e-02-2.288756147e-02-2.280999161e-02
-2.223726176e-02-2.113686502e-02-1.947800070e-02-1.723488793e-02-1.439558342e-02
-1.093294565e-02-6.806317717e-03-2.177452436e-03 3.005612642e-03 8.763164282e-03
 1.508590020e-02 2.197695896e-02 2.944033779e-02 3.748232499e-02 4.611097276e-02
 5.533628911e-02 6.517045200e-02 7.562811673e-02 8.672674000e-02 9.848684072e-02
 1.109321564e-01 1.240895465e-01 1.379883140e-01 1.526587307e-01 1.681287140e-01
 1.844179481e-01 2.015268654e-01 2.194172144e-01 2.379763871e-01 2.569471896e-01
 2.757752836e-01 2.933409214e-01 3.081695437e-01 3.193785250e-01 3.266880810e-01
 3.300854266e-01 3.297510147e-01 3.261704743e-01 3.204101920e-01 3.139727712e-01
 5.143687129e-02 5.072089285e-02 4.440599680e-02 3.755424172e-02 3.174303472e-02
 2.665428631e-02 2.205901220e-02 1.780178957e-02 1.377891656e-02 9.920816869e-03
 6.180422381e-03 2.525784541e-03-1.064751297e-03-4.605893511e-03-8.108117618e-03
-1.151613612e-02-1.478530094e-02-1.787189208e-02-2.073236182e-02-2.332323045e-02
-2.560123429e-02-2.752349526e-02-2.904772758e-02-3.013244271e-02-3.073724546e-02
-3.082319722e-02-3.035322018e-02-2.929251827e-02-2.760954946e-02-2.527707443e-02
-2.227109671e-02-1.857521199e-02-1.419196464e-02-9.105798788e-03-3.295109374e-03
 3.064925782e-03 1.001379732e-02 1.754486747e-02 2.566102333e-02 3.436362371e-02
 4.365482181e-02 5.353717878e-02 6.401364505e-02 7.508737594e-02 8.676128834e-02
 9.903732687e-02 1.119150668e-01 1.253896505e-01 1.394483745e-01 1.540655643e-01
 1.691948175e-01 1.847575009e-01 2.006260306e-01 2.166008353e-01 2.323818654e-01
 2.475464195e-01 2.615648210e-01 2.738892138e-01 2.840794027e-01 2.918774784e-01
 2.972176373e-01 3.002192974e-01 3.011834323e-01 3.005655408e-01 2.988822460e-01
 6.273244321e-02 6.227103248e-02 5.592852831e-02 4.823408648e-02 4.127977043e-02
 3.495410457e-02 2.913284861e-02 2.370564267e-02 1.858176477e-02 1.368955709e-02
 8.973577991e-03 4.391370341e-03-8.942386194e-05-4.493428394e-03-8.839343674e-03
-1.306975074e-02-1.714517549e-02-2.102428861e-02-2.466477826e-02-2.802384086e-02
-3.105850331e-02-3.372583538e-02-3.598311543e-02-3.778799996e-02-3.909868374e-02
-3.987413645e-02-4.007437080e-02-3.966087475e-02-3.859712556e-02-3.684927523e-02
-3.438694403e-02-3.118456528e-02-2.722271346e-02-2.248651534e-02-1.697036251e-02
-1.068758126e-02-3.631922184e-03 3.981218208e-03 1.219067443e-02 2.098286152e-02
 3.035353683e-02 4.029556736e-02 5.080090463e-02 6.185974181e-02 7.345992327e-02
 8.558586985e-02 9.821693599e-02 1.113249734e-01 1.248710975e-01 1.388013363e-01
 1.530410796e-01 1.674880981e-01 1.820049137e-01 1.964114159e-01 2.104810476e-01
 2.239455134e-01 2.365131229e-01 2.479011267e-01 2.578738332e-01 2.662737966e-01
 2.730386555e-01 2.782047987e-01 2.818982005e-01 2.843122482e-01 2.856735587e-01
 7.053122669e-02 7.019086182e-02 6.357567012e-02 5.547576025e-02 4.794115946e-02
 4.091223329e-02 3.431735188e-02 2.808336914e-02 2.214258350e-02 1.643583924e-02
 1.091320440e-02 5.533359945e-03 2.625082270e-04-4.926891997e-03-1.005733013e-02
-1.506482810e-02-1.990927383e-02-2.454930730e-02-2.894280292e-02-3.304722533e-02
-3.681986406e-02-4.021797702e-02-4.319887981e-02-4.572000727e-02-4.773898050e-02
-4.921367019e-02-5.010237917e-02-5.036406964e-02-4.995873570e-02-4.884795472e-02
-4.699555784e-02-4.436862469e-02-4.093862325e-02-3.668276221e-02-3.158631548e-02
-2.564541437e-02-1.886843517e-02-1.128683519e-02-2.912090626e-03 6.007312797e-03
 1.550424844e-02 2.555477247e-02 3.614269197e-02 4.724719003e-02 5.884451419e-02
 7.090719044e-02 8.340229839e-02 9.628935158e-02 1.095178947e-01 1.230247170e-01
 1.367308199e-01 1.505382806e-01 1.643277407e-01 1.779574603e-01 1.912648976e-01
 2.040725797e-01 2.161983997e-01 2.274696976e-01 2.377385646e-01 2.468951046e-01
 2.548760474e-01 2.616671920e-01 2.673000097e-01 2.718424201e-01 2.753863335e-01
 7.533615828e-02 7.499722391e-02 6.817249954e-02 5.988666415e-02 5.207732320e-02
 4.468005151e-02 3.763392195e-02 3.088139370e-02 2.437052503e-02 1.805538498e-02
 1.189585961e-02 5.857261829e-03-9.017193224e-05-5.971868988e-03-1.180972718e-02
-1.752656512e-02-2.308006398e-02-2.842752263e-02-3.352607414e-02-3.833288327e-02
-4.280525446e-02-4.690065235e-02-5.057667568e-02-5.379099026e-02-5.650125816e-02
-5.866508931e-02-6.024005637e-02-6.118376926e-02-6.145409867e-02-6.100953370e-02
-5.980973691e-02-5.781635642e-02-5.499408022e-02-5.131207407e-02-4.674584419e-02
-4.127948731e-02-3.490825370e-02-2.764176764e-02-1.950571500e-02-1.055417769e-02
-8.252944681e-04 9.410143830e-03 2.017178945e-02 3.142157197e-02 4.312676936e-02
 5.525401235e-02 6.776521355e-02 8.061580360e-02 9.375331551e-02 1.071160510e-01
 1.206315905e-01 1.342157125e-01 1.477718800e-01 1.611916274e-01 1.743566096e-01
 1.871420890e-01 1.994221658e-01 2.110760361e-01 2.219943553e-01 2.320848703e-01
 2.412761152e-01 2.495190650e-01 2.567865849e-01 2.630713284e-01 2.683829665e-01
 7.708229125e-02 7.657071203e-02 6.999635696e-02 6.179513782e-02 5.400182679e-02
 4.651669040e-02 3.927337751e-02 3.222721443e-02 2.534294501e-02 1.858981140e-02
 1.193992887e-02 5.367838778e-03-1.149407355e-03-7.631709799e-03-1.409048215e-02
-2.043658309e-02-2.662559785e-02-3.261288255e-02-3.835419565e-02-4.380593449e-02
-4.892515764e-02-5.366947874e-02-5.799691007e-02-6.186565384e-02-6.523390114e-02
-6.805961579e-02-7.030045986e-02-7.191365212e-02-7.285603136e-02-7.308429480e-02
-7.255533338e-02-7.122682780e-02-6.905815750e-02-6.601160765e-02-6.205391511e-02
-5.715826526e-02-5.130669102e-02-4.449285194e-02-3.672523052e-02-2.803103067e-02
-1.845845580e-02-8.090136573e-03 2.996597206e-03 1.452175528e-02 2.646499500e-02
 3.880150989e-02 5.149416998e-02 6.449902803e-02 7.776657492e-02 9.124144167e-02
 1.048619449e-01 1.185595840e-01 1.322589964e-01 1.458783597e-01 1.593304425e-01
 1.725241840e-01 1.853666306e-01 1.977649778e-01 2.096284181e-01 2.208691686e-01
 2.314031422e-01 2.411499619e-01 2.500333190e-01 2.579826415e-01 2.649365664e-01
 7.599663734e-02 7.497014105e-02 6.891600788e-02 6.151423231e-02 5.413936451e-02
 4.681313410e-02 3.955522925e-02 3.236859292e-02 2.524704486e-02 1.817918383e-02
 1.115050633e-02 4.144626204e-03-2.856148407e-03-9.870990179e-03-1.685025357e-02
-2.373801544e-02-3.048262000e-02-3.703526780e-02-4.334934056e-02-4.938001558e-02
-5.508390814e-02-6.041876972e-02-6.534314156e-02-6.981600076e-02-7.379642129e-02
-7.724322379e-02-8.011474460e-02-8.236855268e-02-8.396139741e-02-8.484919369e-02
-8.498719335e-02-8.433044702e-02-8.283435553e-02-8.045569807e-02-7.715386152e-02
-7.289254665e-02-6.764186919e-02-6.138079986e-02-5.410018936e-02-4.580591246e-02
-3.652222082e-02-2.629500441e-02-1.519164722e-02-3.306792350e-03 8.973149583e-03
 2.165943570e-02 3.469610214e-02 4.803539068e-02 6.163137779e-02 7.543705404e-02
 8.940295875e-02 1.034765542e-01 1.176020578e-01 1.317204535e-01 1.457697749e-01
 1.596852392e-01 1.733991206e-01 1.868401170e-01 1.999316961e-01 2.125895172e-01
 2.247176319e-01 2.362045050e-01 2.469205111e-01 2.567197978e-01 2.654497027e-01
 7.432512939e-02 7.284478843e-02 6.729919463e-02 6.041103601e-02 5.333308876e-02
 4.614213482e-02 3.889426962e-02 3.161786869e-02 2.432423830e-02 1.701452583e-02
 9.683649987e-03 2.322558081e-03-5.080434494e-03-1.253905147e-02-1.997551136e-02
-2.733383141e-02-3.456080332e-02-4.160600528e-02-4.842163622e-02-5.496221408e-02
-6.118425354e-02-6.704585999e-02-7.250631601e-02-7.752559334e-02-8.206394315e-02
-8.608141541e-02-8.953745663e-02-9.239058197e-02-9.459810704e-02-9.611599147e-02
-9.689885378e-02-9.690016508e-02-9.607264400e-02-9.436894953e-02-9.174270183e-02
-8.814983070e-02-8.355036378e-02-7.791072875e-02-7.120642811e-02-6.342540681e-02
-5.457181484e-02-4.467062652e-02-3.377308697e-02-2.196476795e-02-9.377301671e-03
 3.866463667e-03 1.742316037e-02 3.126423433e-02 4.535781592e-02 5.967013165e-02
 7.416615635e-02 8.880992234e-02 1.035647988e-01 1.183936372e-01 1.332587898e-01
 1.481216848e-01 1.629418284e-01 1.776745021e-01 1.922669411e-01 2.066518366e-01
 2.207373828e-01 2.343934625e-01 2.474350333e-01 2.596090436e-01 2.706027031e-01
 7.353787124e-02 7.192676514e-02 6.627511233e-02 5.927448720e-02 5.215589330e-02
 4.493550211e-02 3.762864321e-02 3.024743311e-02 2.279832959e-02 1.528242417e-02
 7.696551736e-03 3.459386062e-05-7.711077109e-03-1.554434374e-02-2.336822636e-02
-3.112628125e-02-3.876435012e-02-4.623109102e-02-5.347808823e-02-6.045963615e-02
-6.713246554e-02-7.345528901e-02-7.938829809e-02-8.489269018e-02-8.993008733e-02
-9.446199238e-02-9.844931960e-02-1.018519253e-01-1.046281904e-01-1.067347676e-01
-1.081264019e-01-1.087559313e-01-1.085744873e-01-1.075319275e-01-1.055775732e-01
-1.026612818e-01-9.873493016e-02-9.375434369e-02-8.768176287e-02-8.048888296e-02
-7.216043025e-02-6.269843131e-02-5.212689936e-02-4.049672559e-02-2.788956463e-02
-1.441781875e-02-2.343193919e-04 1.422567572e-02 2.893921547e-02 4.388356209e-02
 5.903686211e-02 7.437877357e-02 8.989110589e-02 1.055583730e-01 1.213682294e-01
 1.373115331e-01 1.533818841e-01 1.695739627e-01 1.858800501e-01 2.022831738e-01
 2.187442780e-01 2.351784706e-01 2.514111102e-01 2.670947313e-01 2.815675735e-01
 7.264403254e-02 7.091849297e-02 6.495260447e-02 5.783639103e-02 5.062895268e-02
 4.332556948e-02 3.592620045e-02 2.843001857e-02 2.083470859e-02 1.313605439e-02
 5.327817518e-03-2.598412801e-03-1.065379288e-02-1.878493279e-02-2.692549862e-02
-3.501461074e-02-4.299579933e-02-5.081652105e-02-5.842780694e-02-6.578397006e-02
-7.284212112e-02-7.956176251e-02-8.590417355e-02-9.183187783e-02-9.730798751e-02
-1.022956520e-01-1.067574397e-01-1.106548011e-01-1.139475405e-01-1.165934727e-01
-1.185480505e-01-1.197642311e-01-1.201924831e-01-1.197809875e-01-1.184761450e-01
-1.162233129e-01-1.129680276e-01-1.086575389e-01-1.032429859e-01-9.668197483e-02
-8.894190192e-02-8.000380546e-02-6.986672431e-02-5.855263770e-02-4.611138999e-02
-3.262586147e-02-1.821792871e-02-3.053693566e-03 1.236335095e-02 2.801923640e-02
 4.390304536e-02 6.000789627e-02 7.633203268e-02 9.288007766e-02 1.096644253e-01
 1.267067492e-01 1.440395117e-01 1.617075056e-01 1.797690988e-01 1.982967854e-01
 2.173759937e-01 2.370998561e-01 2.575504482e-01 2.787075639e-01 2.994631529e-01
 7.103145868e-02 6.914397329e-02 6.321037561e-02 5.600644276e-02 4.872084036e-02
 4.134381935e-02 3.386373818e-02 2.626966126e-02 1.855159923e-02 1.070019137e-02
 2.706343308e-03-5.438820925e-03-1.374329813e-02-2.212870866e-02-3.053238057e-02
-3.889437020e-02-4.715829715e-02-5.527158082e-02-6.318539381e-02-7.085440308e-02
-7.823642343e-02-8.529185504e-02-9.198317677e-02-9.827432036e-02-1.041299850e-01
-1.095150113e-01-1.143937111e-01-1.187292859e-01-1.224831939e-01-1.256146878e-01
-1.280803829e-01-1.298339218e-01-1.308258325e-01-1.310036331e-01-1.303119063e-01
-1.286929995e-01-1.260877848e-01-1.224369630e-01-1.176828369e-01-1.117715612e-01
-1.046560705e-01-9.629961848e-02-8.668003231e-02-7.579456270e-02-6.366539001e-02
-5.034554377e-02-3.592517599e-02-2.053758688e-02-4.364418332e-03 1.204436086e-02
 2.868556418e-02 4.556203634e-02 6.268426776e-02 8.007236570e-02 9.775846452e-02
 1.157897562e-01 1.342324167e-01 1.531768888e-01 1.727450788e-01 1.931009740e-01
 2.144667804e-01 2.371502072e-01 2.615982294e-01 2.885190845e-01 3.166628480e-01
 6.901337206e-02 6.696765870e-02 6.096638739e-02 5.371702462e-02 4.640844464e-02
 3.901116550e-02 3.149792552e-02 2.384808287e-02 1.604590192e-02 8.078500628e-03
-6.573717110e-05-8.398469537e-03-1.689146832e-02-2.547680959e-02-3.409019858e-02
-4.267111421e-02-5.116302893e-02-5.951347202e-02-6.767395139e-02-7.559973747e-02
-8.324940503e-02-9.058441222e-02-9.756846726e-02-1.041668952e-01-1.103459820e-01
-1.160722673e-01-1.213118285e-01-1.260296404e-01-1.301889420e-01-1.337506175e-01
-1.366726756e-01-1.389098912e-01-1.404134780e-01-1.411309242e-01-1.410060525e-01
-1.399794221e-01-1.379887909e-01-1.349702179e-01-1.308593303e-01-1.255934983e-01
-1.191141754e-01-1.113702506e-01-1.023220196e-01-9.194593132e-02-8.024011552e-02
-6.723055989e-02-5.297776684e-02-3.758355230e-02-2.119739726e-02-4.021725617e-03
 1.336980332e-02 3.098447435e-02 4.883854836e-02 6.695966423e-02 8.538980037e-02
 1.041889563e-01 1.234399751e-01 1.432554722e-01 1.637875587e-01 1.852419227e-01
 2.078978419e-01 2.321352959e-01 2.584664822e-01 2.875569165e-01 3.187409043e-01
 6.653026491e-02 6.432957947e-02 5.803869665e-02 5.088401213e-02 4.369183257e-02
 3.637984395e-02 2.891024761e-02 2.126259170e-02 1.342348382e-02 5.382366478e-03
-2.870430471e-03-1.134483144e-02-1.998627558e-02-2.872765809e-02-3.750490397e-02
-4.625761509e-02-5.492946133e-02-6.346829981e-02-7.182615250e-02-7.995893806e-02
-8.782612532e-02-9.539017826e-02-1.026160344e-01-1.094704047e-01-1.159210652e-01
-1.219361871e-01-1.274835616e-01-1.325299442e-01-1.370403022e-01-1.409772336e-01
-1.443003565e-01-1.469658017e-01-1.489258111e-01-1.501284987e-01-1.505177170e-01
-1.500332057e-01-1.486109495e-01-1.461839080e-01-1.426831782e-01-1.380396187e-01
-1.321860850e-01-1.250602901e-01-1.166086346e-01-1.067906097e-01-9.558425099e-02
-8.299233019e-02-6.904929876e-02-5.382860824e-02-3.744997457e-02-2.008610219e-02
-1.967842225e-03 1.633070223e-02 3.482371941e-02 5.353666469e-02 7.250957191e-02
 9.179942310e-02 1.114836112e-01 1.316651553e-01 1.524804682e-01 1.741106063e-01
 1.967980564e-01 2.208722979e-01 2.467897534e-01 2.751914561e-01 3.056235909e-01
 6.213791296e-02 5.938733369e-02 5.407306179e-02 4.757893085e-02 4.072939605e-02
 3.361285478e-02 2.625075728e-02 1.864930987e-02 1.080879103e-02 2.726545557e-03
-5.601598416e-03-1.418009493e-02-2.293195575e-02-3.179050982e-02-4.069187492e-02
-4.957584292e-02-5.838634446e-02-6.707164645e-02-7.558429241e-02-8.388093114e-02
-9.192184359e-02-9.967052191e-02-1.070930436e-01-1.141573638e-01-1.208326966e-01
-1.270887107e-01-1.328948140e-01-1.382194012e-01-1.430291533e-01-1.472883523e-01
-1.509582400e-01-1.539964676e-01-1.563565731e-01-1.579876691e-01-1.588342041e-01
-1.588358879e-01-1.579279602e-01-1.560416520e-01-1.531051695e-01-1.490449309e-01
-1.437876523e-01-1.372628212e-01-1.294061840e-01-1.201639771e-01-1.094980985e-01
-9.739225358e-02-8.385895193e-02-6.894719601e-02-5.275053531e-02-3.541490063e-02
-1.714569703e-02 1.787121291e-03 2.083111741e-02 3.999858722e-02 5.932014808e-02
 7.883886993e-02 9.860981256e-02 1.187015250e-01 1.391982883e-01 1.602029651e-01
 1.818404496e-01 2.042630911e-01 2.276641726e-01 2.523372471e-01 2.782801986e-01
 5.913633853e-02 5.619525537e-02 5.090071261e-02 4.461830482e-02 3.797272593e-02
 3.100020438e-02 2.372804098e-02 1.617128961e-02 8.336527273e-03 2.248738892e-04
-8.166393265e-03-1.681227796e-02-2.564075775e-02-3.458340466e-02-4.357562214e-02
-5.255704373e-02-6.147174537e-02-7.026834786e-02-7.889993489e-02-8.732378483e-02
-9.550099075e-02-1.033959538e-01-1.109757796e-01-1.182096004e-01-1.250678599e-01
-1.315215826e-01-1.375416517e-01-1.430979669e-01-1.481587738e-01-1.526899636e-01
-1.566543728e-01-1.600111723e-01-1.627153009e-01-1.647171378e-01-1.659620553e-01
-1.663902849e-01-1.659371108e-01-1.645330787e-01-1.621047556e-01-1.585758775e-01
-1.538690031e-01-1.479078829e-01-1.406205148e-01-1.319431514e-01-1.218252108e-01
-1.102352664e-01-9.716790915e-02-8.265159279e-02-6.675703824e-02-4.960602522e-02
-3.138005361e-02-1.232901495e-02 7.219170686e-03 2.673076466e-02 4.624843970e-02
 6.580339372e-02 8.542364091e-02 1.051356569e-01 1.249624342e-01 1.449178904e-01
 1.649953872e-01 1.851446033e-01 2.052230537e-01 2.248888463e-01 2.434235960e-01
 5.709678680e-02 5.405596644e-02 4.859357700e-02 4.229103401e-02 3.567282483e-02
 2.874159068e-02 2.150407061e-02 1.396542601e-02 6.128023844e-03-2.008654177e-03
-1.044770610e-02-1.914478838e-02-2.802885324e-02-3.703186288e-02-4.608949646e-02
-5.514168739e-02-6.413288414e-02-7.301215827e-02-8.173313737e-02-9.025372565e-02
-9.853574634e-02-1.065444201e-01-1.142477393e-01-1.216158494e-01-1.286202818e-01
-1.352332532e-01-1.414268762e-01-1.471724063e-01-1.524395049e-01-1.571954787e-01
-1.614046544e-01-1.650276482e-01-1.680208296e-01-1.703358740e-01-1.719192564e-01
-1.727121621e-01-1.726503521e-01-1.716643870e-01-1.696802229e-01-1.666201353e-01
-1.624041796e-01-1.569523066e-01-1.501872092e-01-1.420379877e-01-1.324448586e-01
-1.213648170e-01-1.087783650e-01-9.469711035e-02-7.917193323e-02-6.230115518e-02
-4.423765838e-02-2.519270964e-02-5.432634614e-03 1.426121965e-02 3.385495767e-02
 5.333783850e-02 7.270384580e-02 9.194267541e-02 1.110327244e-01 1.299326569e-01
 1.485697329e-01 1.668231338e-01 1.845024973e-01 2.013284713e-01 2.169355601e-01
 5.532567576e-02 5.218259245e-02 4.676904902e-02 4.043828323e-02 3.380895406e-02
 2.687942050e-02 1.964693703e-02 1.210898347e-02 4.262594972e-03-3.896087641e-03
-1.237206161e-02-2.110662498e-02-3.003005497e-02-3.907525539e-02-4.817862436e-02
-5.728067458e-02-6.632638723e-02-7.526536286e-02-8.405175805e-02-9.264407307e-02
-1.010047570e-01-1.090997010e-01-1.168976724e-01-1.243696362e-01-1.314880401e-01
-1.382260621e-01-1.445568949e-01-1.504528821e-01-1.558848917e-01-1.608214974e-01
-1.652282774e-01-1.690671742e-01-1.722958833e-01-1.748673171e-01-1.767291278e-01
-1.778235137e-01-1.780870259e-01-1.774506867e-01-1.758404970e-01-1.731781512e-01
-1.693823785e-01-1.643709093e-01-1.580629647e-01-1.503829211e-01-1.412645876e-01
-1.306568086e-01-1.185300052e-01-1.048838273e-01-8.975564688e-02-7.322971523e-02
-5.544669181e-02-3.661363572e-02-1.701562479e-02 2.965686610e-03 2.265714668e-02
 4.207143933e-02 6.119973585e-02 8.001849055e-02 9.848888218e-02 1.165530607e-01
 1.341288686e-01 1.511043310e-01 1.673339307e-01 1.826404035e-01 1.968258023e-01
 5.402447656e-02 5.081778392e-02 4.533364251e-02 3.897527233e-02 3.233603388e-02
 2.540598810e-02 1.817614585e-02 1.063874643e-02 2.786904108e-03-5.385946017e-03
-1.388651412e-02-2.264538594e-02-3.159411252e-02-4.066655785e-02-4.979985952e-02
-5.893513560e-02-6.801787019e-02-7.699814439e-02-8.583058417e-02-9.447413683e-02
-1.028917655e-01-1.110499054e-01-1.189179048e-01-1.264673620e-01-1.336714327e-01
-1.405040324e-01-1.469392031e-01-1.529501826e-01-1.585088074e-01-1.635846049e-01
-1.681442559e-01-1.721507758e-01-1.755629927e-01-1.783348918e-01-1.804152727e-01
-1.817472726e-01-1.822683066e-01-1.819100976e-01-1.805989742e-01-1.782566458e-01
-1.748013198e-01-1.701495200e-01-1.642185152e-01-1.569296420e-01-1.482126266e-01
-1.380107850e-01-1.262875795e-01-1.130340919e-01-9.827742726e-02-8.208969235e-02
-6.459681690e-02-4.598598555e-02-2.650928870e-02-6.478501949e-03 1.324179955e-02
 3.259452805e-02 5.154298246e-02 7.005158812e-02 8.807707578e-02 1.055638492e-01
 1.224413291e-01 1.386229694e-01 1.540073901e-01 1.684825420e-01 1.819332391e-01
 5.301399529e-02 4.975984618e-02 4.420017079e-02 3.784300014e-02 3.122111410e-02
 2.431225218e-02 1.710140333e-02 9.577623568e-03 1.732322969e-03-6.442014128e-03
-1.495263726e-02-2.372234501e-02-3.268337622e-02-4.177015647e-02-5.092028528e-02
-6.007525325e-02-6.918088347e-02-7.818756998e-02-8.705021441e-02-9.572809935e-02
-1.041844934e-01-1.123861894e-01-1.203029305e-01-1.279067546e-01-1.351712793e-01
-1.420710087e-01-1.485804915e-01-1.546736509e-01-1.603230089e-01-1.654988378e-01
-1.701686233e-01-1.742962003e-01-1.778412610e-01-1.807586551e-01-1.829980612e-01
-1.845034659e-01-1.852130741e-01-1.850592345e-01-1.839687675e-01-1.818636805e-01
-1.786620766e-01-1.742799878e-01-1.686336696e-01-1.616427749e-01-1.532344967e-01
-1.433488280e-01-1.319447607e-01-1.190079153e-01-1.045589149e-01-8.866272867e-02
-7.143834233e-02-5.306836590e-02-3.380847722e-02-1.399732754e-02 5.928570405e-03
 2.532254905e-02 4.418886080e-02 6.251122802e-02 8.025851101e-02 9.738701582e-02
 1.138419658e-01 1.295590550e-01 1.444670707e-01 1.584915370e-01 1.715597957e-01
 5.202561244e-02 4.869858548e-02 4.326336831e-02 3.699991107e-02 3.045935929e-02
 2.361181937e-02 1.644516364e-02 8.952499367e-03 1.128015341e-03-7.034128532e-03
-1.554017887e-02-2.430792712e-02-3.326956183e-02-4.235952348e-02-5.151546001e-02
-6.067892537e-02-6.979580969e-02-7.881656289e-02-8.769618720e-02-9.639406204e-02
-1.048735753e-01-1.131016836e-01-1.210483015e-01-1.286856830e-01-1.359877288e-01
-1.429292113e-01-1.494850367e-01-1.556295156e-01-1.613355279e-01-1.665739119e-01
-1.713125706e-01-1.755158901e-01-1.791441441e-01-1.821527779e-01-1.844920218e-01
-1.861064881e-01-1.869349182e-01-1.869101822e-01-1.859595925e-01-1.840053648e-01
-1.809657961e-01-1.767567992e-01-1.712941974e-01-1.644968390e-01-1.562906355e-01
-1.466137022e-01-1.354225278e-01-1.226993948e-01-1.084607691e-01-9.276644886e-02
-7.572902739e-02-5.752284452e-02-3.839153051e-02-1.865225472e-02 1.306040096e-03
 2.069414593e-02 3.950457275e-02 5.771980435e-02 7.531229407e-02 9.224523604e-02
 1.084738597e-01 1.239472926e-01 1.386109740e-01 1.524098068e-01 1.652916968e-01
 5.108791962e-02 4.758003354e-02 4.251629487e-02 3.654693440e-02 3.013855033e-02
 2.336880192e-02 1.625486277e-02 8.800597861e-03 1.005048282e-03-7.135092281e-03
-1.562459674e-02-2.437971160e-02-3.333212063e-02-4.241589084e-02-5.156837031e-02
-6.073086709e-02-6.984906644e-02-7.887324691e-02-8.775827289e-02-9.646339715e-02
-1.049519405e-01-1.131908000e-01-1.211498678e-01-1.288013905e-01-1.361193210e-01
-1.430784613e-01-1.496538371e-01-1.558198631e-01-1.615495682e-01-1.668139249e-01
-1.715810597e-01-1.758155972e-01-1.794780046e-01-1.825239956e-01-1.849040985e-01
-1.865631789e-01-1.874402761e-01-1.874685585e-01-1.865755320e-01-1.846836954e-01
-1.817114949e-01-1.775749028e-01-1.721897572e-01-1.654747277e-01-1.573553532e-01
-1.477691531e-01-1.366716772e-01-1.240439713e-01-1.099006832e-01-9.429918975e-02
-7.734880596e-02-5.921937898e-02-4.014833272e-02-2.044469863e-02-4.885844537e-04
 1.888700016e-02 3.767092526e-02 5.584432185e-02 7.338021696e-02 9.024391323e-02
 1.063940600e-01 1.217843443e-01 1.363657117e-01 1.500892639e-01 1.629092991e-01
 5.155699328e-02 4.817039892e-02 4.288022593e-02 3.680397570e-02 3.040159680e-02
 2.366070077e-02 1.657907292e-02 9.155765176e-03 1.388898469e-03-6.724616513e-03
-1.518904511e-02-2.392336912e-02-3.285865858e-02-4.192841053e-02-5.106943473e-02
-6.022255868e-02-6.933303922e-02-7.835077494e-02-8.723028004e-02-9.593050927e-02
-1.044145077e-01-1.126489192e-01-1.206034049e-01-1.282500327e-01-1.355625242e-01
-1.425155699e-01-1.490839869e-01-1.552420408e-01-1.609626710e-01-1.662166864e-01
-1.709721386e-01-1.751934886e-01-1.788411438e-01-1.818707436e-01-1.842327267e-01
-1.858719289e-01-1.867273450e-01-1.867321730e-01-1.858139634e-01-1.838952899e-01
-1.808947325e-01-1.767285317e-01-1.713127643e-01-1.645665318e-01-1.564158350e-01
-1.467987895e-01-1.356717050e-01-1.230163872e-01-1.088485047e-01-9.322644770e-02
-7.626064867e-02-5.812220275e-02-3.904996067e-02-1.935466193e-02 5.814539036e-04
 1.995046623e-02 3.874175251e-02 5.693620443e-02 7.450586557e-02 9.141424298e-02
 1.076172814e-01 1.230649576e-01 1.377036572e-01 1.514791846e-01 1.643403172e-01
 5.230049416e-02 4.896293953e-02 4.370016232e-02 3.761910275e-02 3.121875972e-02
 2.449090593e-02 1.742928103e-02 1.002989244e-02 2.289569937e-03-5.795012694e-03
-1.422789693e-02-2.293496579e-02-3.184652328e-02-4.089527950e-02-5.001734570e-02
-5.915287882e-02-6.824655086e-02-7.724770904e-02-8.611038327e-02-9.479305893e-02
-1.032583416e-01-1.114724651e-01-1.194046810e-01-1.270266771e-01-1.343117654e-01
-1.412342191e-01-1.477685273e-01-1.538885236e-01-1.595667303e-01-1.647735387e-01
-1.694765985e-01-1.736399680e-01-1.772236079e-01-1.801827550e-01-1.824674755e-01
-1.840222180e-01-1.847857088e-01-1.846908778e-01-1.836651415e-01-1.816310734e-01
-1.785074174e-01-1.742108017e-01-1.686579883e-01-1.617690623e-01-1.534714699e-01
-1.437051892e-01-1.324289441e-01-1.196276024e-01-1.053204685e-01-8.957041800e-02
-7.249319553e-02-5.426637456e-02-3.513697907e-02-1.542659197e-02 4.467668012e-03
 2.383461036e-02 4.266830161e-02 6.095048413e-02 7.865092158e-02 9.572778642e-02
 1.121284068e-01 1.277906895e-01 1.426454931e-01 1.566203833e-01 1.696445793e-01
 5.355169252e-02 5.029071495e-02 4.498051107e-02 3.892733902e-02 3.254933655e-02
 2.583985776e-02 1.879636757e-02 1.141740195e-02 3.701657290e-03-4.352757242e-03
-1.274883095e-02-2.142312005e-02-3.030477464e-02-3.932552040e-02-4.842059314e-02
-5.752941221e-02-6.659595668e-02-7.556895912e-02-8.440186828e-02-9.305261075e-02
-1.014832333e-01-1.096594110e-01-1.175498739e-01-1.251257062e-01-1.323596686e-01
-1.392254531e-01-1.456968486e-01-1.517471373e-01-1.573481411e-01-1.624695808e-01
-1.670783758e-01-1.711378992e-01-1.746074110e-01-1.774414480e-01-1.795893759e-01
-1.809950769e-01-1.815967262e-01-1.813268363e-01-1.801126450e-01-1.778767109e-01
-1.745381355e-01-1.700142324e-01-1.642230600e-01-1.570864618e-01-1.485344619e-01
-1.385103911e-01-1.269772947e-01-1.139252782e-01-9.937995672e-02-8.341144025e-02
-6.614361703e-02-4.776304215e-02-2.852684073e-02-8.769444190e-03 1.102714799e-02
 3.038102016e-02 4.929015785e-02 6.773571670e-02 8.568355441e-02 1.030839235e-01
 1.198706180e-01 1.359608173e-01 1.512566805e-01 1.656494290e-01 1.790270805e-01
 5.511023849e-02 5.193029344e-02 4.677148163e-02 4.076198116e-02 3.440634534e-02
 2.770849690e-02 2.067319676e-02 1.330506336e-02 5.607310683e-03-2.418908523e-03
-1.077473816e-02-1.941139810e-02-2.825665288e-02-3.724119440e-02-4.629943892e-02
-5.537011102e-02-6.439658999e-02-7.332701981e-02-8.211424202e-02-9.071560949e-02
-9.909255803e-02-1.072101220e-01-1.150363460e-01-1.225416064e-01-1.296979189e-01
-1.364781559e-01-1.428553611e-01-1.488018632e-01-1.542886049e-01-1.592844129e-01
-1.637552381e-01-1.676634848e-01-1.709674597e-01-1.736207604e-01-1.755719185e-01
-1.767640114e-01-1.771345884e-01-1.766157746e-01-1.751346439e-01-1.726139933e-01
-1.689736843e-01-1.641323566e-01-1.580101103e-01-1.505318284e-01-1.416315734e-01
-1.312579364e-01-1.193804666e-01-1.059972271e-01-9.114298224e-02-7.489799708e-02
-5.739650503e-02-3.883406147e-02-1.947198436e-02 3.636619076e-04 1.995673776e-02
 3.927511722e-02 5.829690024e-02 7.699667662e-02 9.533756226e-02 1.132648811e-01
 1.307000816e-01 1.475351602e-01 1.636289954e-01 1.788090914e-01 1.928824782e-01
 5.732714012e-02 5.426620692e-02 4.917749017e-02 4.319209978e-02 3.682851046e-02
 3.010757454e-02 2.304869518e-02 1.566665992e-02 7.970835082e-03-3.427615229e-05
-8.348317817e-03-1.694237813e-02-2.574297972e-02-3.468023613e-02-4.368820041e-02
-5.270526186e-02-6.167441234e-02-7.054337859e-02-7.926452160e-02-8.779463172e-02
-9.609448910e-02-1.041284502e-01-1.118637770e-01-1.192700118e-01-1.263182610e-01
-1.329804808e-01-1.392286271e-01-1.450339854e-01-1.503664255e-01-1.551935822e-01
-1.594802588e-01-1.631877124e-01-1.662730873e-01-1.686889380e-01-1.703828126e-01
-1.712969989e-01-1.713684946e-01-1.705291569e-01-1.687062532e-01-1.658233404e-01
-1.618016958e-01-1.565622687e-01-1.500285566e-01-1.421300024e-01-1.328067333e-01
-1.220150292e-01-1.097338647e-01-9.597256780e-02-8.077907562e-02-6.424863636e-02
-4.653234407e-02-2.784474939e-02-8.469752967e-03 1.117553748e-02 3.065614402e-02
 4.999233782e-02 6.919087470e-02 8.824767917e-02 1.071450189e-01 1.258447766e-01
 1.442774683e-01 1.623262018e-01 1.798057109e-01 1.964434087e-01 2.118823081e-01
 6.039036065e-02 5.750549585e-02 5.237780511e-02 4.633498192e-02 3.986188024e-02
 3.302875161e-02 2.588075772e-02 1.844167896e-02 1.072305255e-02 2.729390515e-03
-5.538880825e-03-1.408328302e-02-2.282616496e-02-3.169928864e-02-4.063738883e-02
-4.957910627e-02-5.846744031e-02-6.724991649e-02-7.587853819e-02-8.430958539e-02
-9.250324219e-02-1.004230902e-01-1.080355570e-01-1.153092310e-01-1.222141907e-01
-1.287212372e-01-1.348011643e-01-1.404240429e-01-1.455583721e-01-1.501705348e-01
-1.542239636e-01-1.576786488e-01-1.604905277e-01-1.626110375e-01-1.639868021e-01
-1.645594686e-01-1.642657071e-01-1.630375534e-01-1.608031094e-01-1.574874818e-01
-1.530144811e-01-1.473087966e-01-1.402990073e-01-1.319213361e-01-1.221244633e-01
-1.108752042e-01-9.816524386e-02-8.401871473e-02-6.850034744e-02-5.172389373e-02
-3.386010975e-02-1.514376421e-02 4.121302627e-03 2.338683233e-02 4.266478866e-02
 6.197604910e-02 8.134530485e-02 1.007982045e-01 1.203578115e-01 1.400385201e-01
 1.598346084e-01 1.796976030e-01 1.994885802e-01 2.188734710e-01 2.371495962e-01
 6.483376026e-02 6.241011620e-02 5.694775283e-02 5.032818764e-02 4.345811531e-02
 3.635992482e-02 2.904122695e-02 2.150267363e-02 1.374157518e-02 5.753139965e-03
-2.469242318e-03-1.093444042e-02-1.959298737e-02-2.837474272e-02-3.721427917e-02
-4.605045170e-02-5.482639745e-02-6.348960847e-02-7.199183106e-02-8.028890938e-02
-8.834038675e-02-9.610904753e-02-1.035604030e-01-1.106620058e-01-1.173827350e-01
-1.236921623e-01-1.295597255e-01-1.349540949e-01-1.398423463e-01-1.441894174e-01
-1.479573399e-01-1.511047632e-01-1.535864174e-01-1.553527415e-01-1.563496590e-01
-1.565184742e-01-1.557961255e-01-1.541154832e-01-1.514064074e-01-1.475968063e-01
-1.426145583e-01-1.363899857e-01-1.288590282e-01-1.199673191e-01-1.096751019e-01
-9.796316177e-02-8.483947068e-02-7.034665346e-02-5.456969887e-02-3.764358535e-02
-1.976006478e-02-1.172687043e-03 1.752988063e-02 3.636361286e-02 5.535565689e-02
 7.454526424e-02 9.398456663e-02 1.137397960e-01 1.338932514e-01 1.545456499e-01
 1.758194715e-01 1.978640258e-01 2.208685726e-01 2.451203316e-01 2.706172168e-01
 6.978725642e-02 6.793852150e-02 6.183917075e-02 5.447503179e-02 4.714900255e-02
 3.976753727e-02 3.227756172e-02 2.464840561e-02 1.686009578e-02 8.897859603e-03
 7.496667677e-04-7.594625000e-03-1.614164561e-02-2.479743399e-02-3.350048512e-02
-4.219147936e-02-5.081434175e-02-5.931676552e-02-6.765036285e-02-7.577053457e-02
-8.363617957e-02-9.120927751e-02-9.845431149e-02-1.053376794e-01-1.118270233e-01
-1.178905070e-01-1.234961450e-01-1.286110580e-01-1.332008541e-01-1.372289360e-01
-1.406559199e-01-1.434392184e-01-1.455324888e-01-1.468854398e-01-1.474436522e-01
-1.471487284e-01-1.459385753e-01-1.437480003e-01-1.405098885e-01-1.361566037e-01
-1.306220889e-01-1.238446683e-01-1.157704070e-01-1.063575000e-01-9.558130056e-02
-8.344033360e-02-6.996284425e-02-5.521390215e-02-3.930252045e-02-2.238826081e-02
-4.686577711e-03 1.319671422e-02 3.127731383e-02 4.958152026e-02 6.814876199e-02
 8.703459054e-02 1.063144878e-01 1.260891855e-01 1.464921981e-01 1.677008420e-01
 1.899525672e-01 2.135698050e-01 2.389989644e-01 2.668669522e-01 2.967291474e-01
 7.313976437e-02 7.153932750e-02 6.531465054e-02 5.783246458e-02 5.036576092e-02
 4.286948219e-02 3.530942649e-02 2.765828371e-02 1.989462785e-02 1.200106926e-02
 3.962616436e-03-4.234628752e-03-1.260465197e-02-2.107809484e-02-2.959206700e-02
-3.808672726e-02-4.650576785e-02-5.479665846e-02-6.291066110e-02-7.080265135e-02
-7.843085378e-02-8.575635403e-02-9.274257720e-02-9.935472161e-02-1.055590585e-01
-1.113223135e-01-1.166109741e-01-1.213906333e-01-1.256253272e-01-1.292770058e-01
-1.323050112e-01-1.346656084e-01-1.363117099e-01-1.371927559e-01-1.372546554e-01
-1.364400238e-01-1.346888393e-01-1.319392323e-01-1.281287521e-01-1.231962815e-01
-1.170842424e-01-1.097417325e-01-1.011281833e-01-9.121785313e-02-8.000501990e-02
-6.750985980e-02-5.378481746e-02-3.892119974e-02-2.305546403e-02-6.374591030e-03
 1.052379049e-02 2.764827386e-02 4.501621425e-02 6.265594065e-02 8.060954511e-02
 9.893652052e-02 1.177186444e-01 1.370667219e-01 1.571301967e-01 1.781108975e-01
 2.002824247e-01 2.240167111e-01 2.498147488e-01 2.783268988e-01 3.089004457e-01
 7.517743856e-02 7.372042537e-02 6.780435890e-02 6.039326638e-02 5.295515433e-02
 4.548212141e-02 3.795794770e-02 3.036679700e-02 2.269398235e-02 1.492580120e-02
 7.048995700e-03-9.499192238e-04-9.085536003e-03-1.731941104e-02-2.558673173e-02
-3.382705152e-02-4.198386520e-02-5.000447482e-02-5.783987045e-02-6.544449180e-02
-7.277590781e-02-7.979435474e-02-8.646220714e-02-9.274344891e-02-9.860298783e-02
-1.040061042e-01-1.089177504e-01-1.133019924e-01-1.171214208e-01-1.203366742e-01
-1.229059696e-01-1.247848421e-01-1.259259284e-01-1.262789667e-01-1.257909983e-01
-1.244068369e-01-1.220698506e-01-1.187230721e-01-1.143108159e-01-1.087807789e-01
-1.020866632e-01-9.419147670e-02-8.507145196e-02-7.472059131e-02-6.315580010e-02
-5.042251199e-02-3.660060465e-02-2.181033231e-02-6.217623595e-03 9.613156319e-03
 2.568029240e-02 4.198807478e-02 5.854833499e-02 7.538230717e-02 9.252296388e-02
 1.100179553e-01 1.279334426e-01 1.463591903e-01 1.654157639e-01 1.852647662e-01
 2.061245143e-01 2.282969058e-01 2.522195578e-01 2.785846591e-01 3.061661720e-01
 7.670955360e-02 7.542534173e-02 6.956280023e-02 6.226103008e-02 5.492675304e-02
 4.755337536e-02 4.013549164e-02 3.266752511e-02 2.514311112e-02 1.755467802e-02
 9.893371724e-03 2.149255248e-03-5.688121077e-03-1.362831704e-02-2.158864960e-02
-2.951135300e-02-3.734109551e-02-4.502572119e-02-5.251634121e-02-5.976724625e-02
-6.673553586e-02-7.338074595e-02-7.966431975e-02-8.554909378e-02-9.099870175e-02
-9.597704560e-02-1.004476473e-01-1.043731943e-01-1.077150255e-01-1.104327068e-01
-1.124837399e-01-1.138233915e-01-1.144046709e-01-1.141784713e-01-1.130940318e-01
-1.110996157e-01-1.081435531e-01-1.041757241e-01-9.914941341e-02-9.302376211e-02
-8.576668054e-02-7.735837996e-02-6.779537350e-02-5.709500983e-02-4.530022666e-02
-3.248440847e-02-1.875628531e-02-4.265785217e-03 1.048058085e-02 2.547043189e-02
 4.069457203e-02 5.614795163e-02 7.183072716e-02 8.774944395e-02 1.039183363e-01
 1.203607544e-01 1.371105909e-01 1.542137563e-01 1.717292815e-01 1.897298992e-01
 2.083009332e-01 2.275352925e-01 2.475156188e-01 2.682270110e-01 2.885876596e-01
 7.755043358e-02 7.641894370e-02 7.064978778e-02 6.349930167e-02 5.630702153e-02
 4.906760156e-02 4.178930819e-02 3.447985649e-02 2.714256942e-02 1.977607980e-02
 1.237506885e-02 4.931062460e-03-2.567120129e-03-1.013372559e-02-1.771464013e-02
-2.524862997e-02-3.267985210e-02-3.995645791e-02-4.702994227e-02-5.385471508e-02
-6.038772687e-02-6.658803672e-02-7.241638005e-02-7.783462107e-02-8.280532062e-02
-8.729115129e-02-9.125447273e-02-9.465684742e-02-9.745866805e-02-9.961888939e-02
-1.010948196e-01-1.018421575e-01-1.018150747e-01-1.009666994e-01-9.924964607e-02
-9.661712497e-02-9.302418679e-02-8.842954785e-02-8.279776573e-02-7.610204071e-02
-6.832737476e-02-5.947429314e-02-4.956295714e-02-3.863740712e-02-2.677033655e-02
-1.406519022e-02-6.558577297e-04 1.303333230e-02 2.698084898e-02 4.116559401e-02
 5.556771532e-02 7.016925514e-02 8.495473862e-02 9.991168231e-02 1.150308773e-01
 1.303064376e-01 1.457351297e-01 1.613147408e-01 1.770404577e-01 1.928981096e-01
 2.088515610e-01 2.248194069e-01 2.406318933e-01 2.559490204e-01 2.701185346e-01
 7.749079168e-02 7.642187923e-02 7.108911872e-02 6.420134008e-02 5.714684352e-02
 5.001379922e-02 4.285989329e-02 3.571294248e-02 2.858364023e-02 2.147285081e-02
 1.437549386e-02 7.282861043e-03 1.841993508e-04-6.931785960e-03-1.407465059e-02
-2.115051635e-02-2.810910530e-02-3.490158170e-02-4.148112237e-02-4.780303314e-02
-5.382458493e-02-5.950475484e-02-6.480384618e-02-6.968310475e-02-7.410425693e-02
-7.802913338e-02-8.141923696e-02-8.423545957e-02-8.643776178e-02-8.798509091e-02
-8.883529156e-02-8.894534409e-02-8.827164769e-02-8.677069843e-02-8.439994603e-02
-8.111906797e-02-7.689158618e-02-7.168699056e-02-6.548324972e-02-5.826982111e-02
-5.005118623e-02-4.085057601e-02-3.071442619e-02-1.971454918e-02-7.962398231e-03
 4.393474199e-03 1.707165502e-02 3.004043549e-02 4.326751083e-02 5.672026053e-02
 7.036589831e-02 8.417155594e-02 9.810441732e-02 1.121317148e-01 1.262206733e-01
 1.403378546e-01 1.544480622e-01 1.685118377e-01 1.824814975e-01 1.962944716e-01
 2.098634541e-01 2.230625600e-01 2.357108146e-01 2.475591153e-01 2.582981586e-01
 7.841902226e-02 7.797003537e-02 7.213500887e-02 6.475353241e-02 5.748838186e-02
 5.030285567e-02 4.321105778e-02 3.621673584e-02 2.931567840e-02 2.249865979e-02
 1.575333625e-02 9.065458551e-03 2.419657540e-03-4.200195428e-03-1.081109606e-02
-1.734305546e-02-2.374647185e-02-2.997373976e-02-3.597924113e-02-4.171919823e-02
-4.715145379e-02-5.223520845e-02-5.693072453e-02-6.119896844e-02-6.500130892e-02
-6.829915941e-02-7.105375826e-02-7.322590053e-02-7.477583736e-02-7.566329837e-02
-7.584761083e-02-7.528810948e-02-7.394463569e-02-7.177840918e-02-6.875317544e-02
-6.483668834e-02-6.000253558e-02-5.423260108e-02-4.751977697e-02-3.987125680e-02
-3.131241351e-02-2.188894711e-02-1.168106683e-02-7.519656210e-04 1.056867838e-02
 2.228729054e-02 3.435320780e-02 4.672102258e-02 5.934671313e-02 7.218573242e-02
 8.519194275e-02 9.831716865e-02 1.115109548e-01 1.247206032e-01 1.378912479e-01
 1.509657949e-01 1.638845652e-01 1.765842438e-01 1.889958680e-01 2.010419220e-01
 2.126322091e-01 2.236596197e-01 2.339974940e-01 2.435013652e-01 2.520184219e-01
 7.841511816e-02 7.842071354e-02 7.232926041e-02 6.437500566e-02 5.681195110e-02
 4.955335334e-02 4.254423082e-02 3.574752808e-02 2.913405374e-02 2.267814800e-02
 1.635612175e-02 1.014571264e-02 4.025782458e-03-2.024048707e-03-8.024149574e-03
-1.393299084e-02-1.970161870e-02-2.528418042e-02-3.063681908e-02-3.571718931e-02
-4.048418999e-02-4.489772767e-02-4.891849682e-02-5.250773951e-02-5.562701821e-02
-5.823802575e-02-6.030243263e-02-6.178178266e-02-6.263753772e-02-6.283121556e-02
-6.232479215e-02-6.108120084e-02-5.906511843e-02-5.624401197e-02-5.258948356e-02
-4.807889834e-02-4.269721732e-02-3.643979505e-02-2.931514196e-02-2.134742588e-02
-1.258870680e-02-3.070114180e-03 6.901639979e-03 1.734885946e-02 2.822631598e-02
 3.949697316e-02 5.111892521e-02 6.304698437e-02 7.523247600e-02 8.762256056e-02
 1.001595929e-01 1.127806455e-01 1.254174858e-01 1.379970163e-01 1.504421234e-01
 1.626730263e-01 1.746087521e-01 1.861686409e-01 1.972732395e-01 2.078448385e-01
 2.178070992e-01 2.270847112e-01 2.356034219e-01 2.432916164e-01 2.500840425e-01
 7.571438700e-02 7.580988109e-02 6.983098388e-02 6.188782677e-02 5.437227339e-02
 4.725461453e-02 4.048636556e-02 3.402062133e-02 2.781458199e-02 2.183014713e-02
 1.603384130e-02 1.039645448e-02 4.892626777e-03-4.994583433e-04-5.797977559e-03
-1.101632323e-02-1.607685350e-02-2.094005607e-02-2.556575276e-02-2.991402708e-02
-3.394550458e-02-3.762139007e-02-4.090341553e-02-4.375374317e-02-4.613490403e-02
-4.800970107e-02-4.934122413e-02-5.009283125e-02-5.022830516e-02-4.971217737e-02
-4.851032421e-02-4.659076035e-02-4.392453283e-02-4.048685730e-02-3.625900671e-02
-3.123014607e-02-2.539651468e-02-1.876793616e-02-1.137112267e-02-3.215679899e-03
 5.436907988e-03 1.461601164e-02 2.428784594e-02 3.442763165e-02 4.500493407e-02
 5.598571151e-02 6.733121723e-02 7.899713516e-02 9.093256295e-02 1.030787975e-01
 1.153681800e-01 1.277232170e-01 1.400563419e-01 1.522706449e-01 1.642618477e-01
 1.759217083e-01 1.871425956e-01 1.978226304e-01 2.078706920e-01 2.172102779e-01
 2.257817388e-01 2.335427850e-01 2.404673249e-01 2.465435117e-01 2.517716885e-01
 7.083999366e-02 7.101504505e-02 6.481561810e-02 5.702777207e-02 4.979576916e-02
 4.305442423e-02 3.674373403e-02 3.080246784e-02 2.517426386e-02 1.981019601e-02
 1.466916595e-02 9.717210196e-03 4.926419351e-03 2.737260074e-04-4.260426387e-03
-8.693950251e-03-1.296804193e-02-1.704057865e-02-2.087209001e-02-2.442430891e-02
-2.765963599e-02-3.054097667e-02-3.303167969e-02-3.509555012e-02-3.669692576e-02
-3.780081868e-02-3.837302327e-02-3.838015720e-02-3.778960928e-02-3.657005355e-02
-3.469251096e-02-3.213174269e-02-2.886706218e-02-2.488162927e-02-2.016761340e-02
-1.473754551e-02-8.585326374e-03-1.733513782e-03 5.643608049e-03 1.357469801e-02
 2.203588933e-02 3.101323545e-02 4.048890620e-02 5.044310912e-02 6.085279584e-02
 7.169074565e-02 8.292423189e-02 9.451344609e-02 1.064094380e-01 1.185517907e-01
 1.308660060e-01 1.432610005e-01 1.556274444e-01 1.678374857e-01 1.797473282e-01
 1.912033111e-01 2.020518482e-01 2.121515572e-01 2.213856429e-01 2.296714038e-01
 2.369655222e-01 2.432641536e-01 2.485981882e-01 2.530245185e-01 2.566152513e-01
 6.266052276e-02 6.265249848e-02 5.685725436e-02 4.946137220e-02 4.277742282e-02
 3.670286015e-02 3.112833574e-02 2.595956996e-02 2.112107910e-02 1.655453630e-02
 1.221556403e-02 8.070598356e-03 4.094320349e-03 2.677171142e-04-3.423200455e-03
-6.987847388e-03-1.042993274e-02-1.366009191e-02-1.664553210e-02-1.935205422e-02
-2.174508758e-02-2.379007265e-02-2.545268834e-02-2.669908293e-02-2.749624290e-02
-2.781253681e-02-2.761838585e-02-2.688646130e-02-2.558906749e-02-2.369906381e-02
-2.119240537e-02-1.805309020e-02-1.427729614e-02-9.844867513e-03-4.726590123e-03
 8.965018205e-04 7.071278058e-03 1.380674914e-02 2.108439244e-02 2.889681980e-02
 3.723546490e-02 4.609217122e-02 5.545804277e-02 6.532280147e-02 7.567389309e-02
 8.649526536e-02 9.776578099e-02 1.094569787e-01 1.215300933e-01 1.339320391e-01
 1.465904564e-01 1.594075263e-01 1.722535938e-01 1.849617809e-01 1.973268837e-01
 2.091131955e-01 2.200743556e-01 2.299831957e-01 2.386621237e-01 2.460047603e-01
 2.519856095e-01 2.566588819e-01 2.601471543e-01 2.626187503e-01 2.642575800e-01
 5.099213123e-02 5.065235496e-02 4.518593103e-02 3.860089928e-02 3.298184276e-02
 2.804916166e-02 2.360313945e-02 1.951600052e-02 1.570629515e-02 1.212129183e-02
 8.726313710e-03 5.498368293e-03 2.422230318e-03-5.120608839e-04-3.310975619e-03
-5.979060195e-03-8.521045558e-03-1.085975487e-02-1.295893639e-02-1.478556450e-02
-1.630760357e-02-1.749330573e-02-1.831108518e-02-1.872966811e-02-1.871858165e-02
-1.824942604e-02-1.729916409e-02-1.585880481e-02-1.390583999e-02-1.141261682e-02
-8.347595111e-03-4.695095588e-03-5.743877264e-04 4.057629965e-03 9.216804989e-03
 1.489044912e-02 2.108016238e-02 2.778819948e-02 3.501438722e-02 4.275922477e-02
 5.102374777e-02 5.980968848e-02 6.911923736e-02 7.895470411e-02 8.931798488e-02
 1.002096310e-01 1.116274819e-01 1.235645115e-01 1.360055059e-01 1.489220709e-01
 1.622651070e-01 1.759538651e-01 1.898600459e-01 2.037868053e-01 2.174452245e-01
 2.304438055e-01 2.423227429e-01 2.526471913e-01 2.611024976e-01 2.675321996e-01
 2.719364464e-01 2.744676769e-01 2.754247189e-01 2.752121091e-01 2.742435038e-01
 3.377057984e-02 3.240707517e-02 2.800357528e-02 2.380156517e-02 2.038821205e-02
 1.732471958e-02 1.447079889e-02 1.176809799e-02 9.190538898e-03 6.727077533e-03
 4.374451470e-03 2.133742906e-03 8.630857337e-06-1.995508559e-03-3.872037400e-03
-5.613193847e-03-7.209974341e-03-8.651559241e-03-9.850960225e-03-1.078556851e-02
-1.142967679e-02-1.175625529e-02-1.173758879e-02-1.134520955e-02-1.054905169e-02
-9.315097705e-03-7.599481381e-03-5.511929747e-03-3.008609172e-03-6.123620551e-05
 3.348103259e-03 7.225505542e-03 1.156226918e-02 1.636243612e-02 2.163146809e-02
 2.737295441e-02 3.359197453e-02 4.029485211e-02 4.748890176e-02 5.518279225e-02
 6.338687986e-02 7.211342454e-02 8.137686551e-02 9.119400382e-02 1.015840769e-01
 1.125687882e-01 1.241719872e-01 1.364188194e-01 1.493339688e-01 1.629382372e-01
 1.772422343e-01 1.922350228e-01 2.078639865e-01 2.239971012e-01 2.403457016e-01
 2.562958300e-01 2.707302272e-01 2.825401425e-01 2.912224829e-01 2.966463864e-01
 2.988570929e-01 2.980783284e-01 2.948623896e-01 2.902965546e-01 2.855261862e-01
 1.012421399e-02 5.905982107e-03 6.182302721e-03 6.814244203e-03 6.477379240e-03
 5.659633316e-03 4.579190165e-03 3.353074193e-03 2.054628450e-03 7.351012900e-04
-5.669126986e-04-1.820732956e-03-3.000862431e-03-4.085167777e-03-5.053441040e-03
-5.886024330e-03-6.562147290e-03-7.057474926e-03-7.339903619e-03-7.382498123e-03
-7.160814945e-03-6.651926786e-03-5.834125914e-03-4.686972592e-03-3.191705793e-03
-1.332451124e-03 9.005139000e-04 3.501977772e-03 6.478880066e-03 9.840931743e-03
 1.359688677e-02 1.775305904e-02 2.231371962e-02 2.728437632e-02 3.267182037e-02
 3.848399594e-02 4.473042861e-02 5.142252147e-02 5.857377127e-02 6.620010734e-02
 7.432027906e-02 8.295640349e-02 9.213453531e-02 1.018855274e-01 1.122460365e-01
 1.232597455e-01 1.349789947e-01 1.474665403e-01 1.607975960e-01 1.750617176e-01
 1.903640628e-01 2.068249136e-01 2.245766371e-01 2.437592000e-01 2.645276785e-01
 2.871579528e-01 3.074966669e-01 3.216667771e-01 3.306249976e-01 3.348699510e-01
 3.339689076e-01 3.283155262e-01 3.172686398e-01 3.046323657e-01 2.951579094e-01
-6.197563373e-03-1.132027991e-02-1.001420245e-02-7.565842010e-03-6.080794148e-03
-5.284593441e-03-4.961255006e-03-4.952529445e-03-5.142860115e-03-5.446251016e-03
-5.797179416e-03-6.144503132e-03-6.447269116e-03-6.671703421e-03-6.788947154e-03
-6.773278583e-03-6.600692403e-03-6.247836631e-03-5.691622850e-03-4.910605960e-03
-3.885243088e-03-2.597889164e-03-1.032802043e-03 8.237727452e-04 2.983390354e-03
 5.455047358e-03 8.244785480e-03 1.135587879e-02 1.479206793e-02 1.855775341e-02
 2.265768871e-02 2.709686756e-02 3.188088909e-02 3.701667115e-02 4.251291230e-02
 4.838039353e-02 5.463227630e-02 6.128433719e-02 6.835525483e-02 7.586693019e-02
 8.384492248e-02 9.231912345e-02 1.013246253e-01 1.109030023e-01 1.211040840e-01
 1.319883913e-01 1.436304897e-01 1.561238468e-01 1.695871502e-01 1.841736883e-01
 2.000833899e-01 2.175787091e-01 2.370019704e-01 2.587900460e-01 2.834827900e-01
 3.098222613e-01 3.301171958e-01 3.442065120e-01 3.524322510e-01 3.545408845e-01
 3.507092893e-01 3.400516212e-01 3.237085938e-01 3.096944690e-01 2.985141277e-01
-1.730773970e-02-2.287799865e-02-2.133679762e-02-1.840173826e-02-1.620180905e-02
-1.459359471e-02-1.343763992e-02-1.260704547e-02-1.199416071e-02-1.151104365e-02
-1.108713169e-02-1.066603698e-02-1.020239107e-02-9.659106843e-03-9.005177766e-03
-8.213993162e-03-7.262135856e-03-6.128616631e-03-4.794547800e-03-3.243194427e-03
-1.460056170e-03 5.670936662e-04 2.848199569e-03 5.390938371e-03 8.200768381e-03
 1.128104329e-02 1.463328116e-02 1.825771667e-02 2.215423621e-02 2.632306330e-02
 3.076530248e-02 3.548343107e-02 4.048183560e-02 4.576732963e-02 5.134955421e-02
 5.724128336e-02 6.345856190e-02 7.002080977e-02 7.695092261e-02 8.427538723e-02
 9.202459455e-02 1.002333313e-01 1.089416221e-01 1.181960478e-01 1.280516386e-01
 1.385746449e-01 1.498465240e-01 1.619698256e-01 1.750768423e-01 1.893429905e-01
 2.050080746e-01 2.224108279e-01 2.420448959e-01 2.646282911e-01 2.909194827e-01
 3.142136931e-01 3.319058120e-01 3.440230489e-01 3.503954709e-01 3.509901464e-01
 3.448000550e-01 3.312731087e-01 3.165965378e-01 3.044173419e-01 2.942469418e-01
-2.445868775e-02-3.032773174e-02-2.926369198e-02-2.637061290e-02-2.404828183e-02
-2.219856717e-02-2.070510387e-02-1.945899054e-02-1.836638898e-02-1.735044643e-02
-1.634984463e-02-1.531595923e-02-1.420982834e-02-1.299954951e-02-1.165833417e-02
-1.016318612e-02-8.494129404e-03-6.633830722e-03-4.567507654e-03-2.282994101e-03
 2.291692072e-04 2.975677140e-03 5.960476119e-03 9.184859693e-03 1.264765486e-02
 1.634551957e-02 2.027339861e-02 2.442513779e-02 2.879430354e-02 3.337506950e-02
 3.816313297e-02 4.315665364e-02 4.835705832e-02 5.376974493e-02 5.940450728e-02
 6.527569890e-02 7.140216976e-02 7.780693471e-02 8.451686800e-02 9.156230092e-02
 9.897691011e-02 1.067977026e-01 1.150654852e-01 1.238256171e-01 1.331293732e-01
 1.430358142e-01 1.536145210e-01 1.649494022e-01 1.771441102e-01 1.903300881e-01
 2.046789229e-01 2.204239517e-01 2.379031926e-01 2.576881349e-01 2.787841558e-01
 2.965696454e-01 3.103244007e-01 3.198088109e-01 3.249318600e-01 3.249982297e-01
 3.197625875e-01 3.098420799e-01 3.003475964e-01 2.917260230e-01 2.840067148e-01
-2.904841304e-02-3.531840071e-02-3.447577730e-02-3.198421001e-02-3.001582250e-02
-2.840202115e-02-2.699769475e-02-2.569035813e-02-2.439931408e-02-2.306878194e-02
-2.166005224e-02-2.014495619e-02-1.850122027e-02-1.670960151e-02-1.475243829e-02
-1.261323038e-02-1.027683541e-02-7.729991805e-03-4.961917177e-03-1.964831492e-03
 1.265696483e-03 4.730592016e-03 8.427293040e-03 1.234990545e-02 1.648945548e-02
 2.083425038e-02 2.537038177e-02 3.008244373e-02 3.495451063e-02 3.997142240e-02
 4.512025788e-02 5.039194971e-02 5.578269809e-02 6.129513681e-02 6.693888456e-02
 7.273054868e-02 7.869309187e-02 8.485478163e-02 9.124793857e-02 9.790768474e-02
 1.048709303e-01 1.121757254e-01 1.198609769e-01 1.279665381e-01 1.365335584e-01
 1.456050128e-01 1.552261710e-01 1.654448211e-01 1.763106436e-01 1.878726780e-01
 2.001722008e-01 2.132250220e-01 2.269778401e-01 2.412100881e-01 2.552526295e-01
 2.677044272e-01 2.778008282e-01 2.851545811e-01 2.895146906e-01 2.907499671e-01
 2.889610529e-01 2.851629555e-01 2.804691195e-01 2.754457593e-01 2.704297006e-01
-3.026907332e-02-3.693912923e-02-3.693458810e-02-3.553275019e-02-3.459615633e-02
-3.377615288e-02-3.287066892e-02-3.178327903e-02-3.048069403e-02-2.896060050e-02
-2.723184973e-02-2.530360967e-02-2.318027616e-02-2.085998096e-02-1.833532006e-02
-1.559525356e-02-1.262747403e-02-9.420658462e-03-5.966314580e-03-2.260040026e-03
 1.697828993e-03 5.902079865e-03 1.034284104e-02 1.500594150e-02 1.987324655e-02
 2.492292039e-02 3.012970835e-02 3.546547890e-02 4.090031609e-02 4.640437663e-02
 5.195045099e-02 5.751702935e-02 6.309125572e-02 6.867115200e-02 7.426673174e-02
 7.989955693e-02 8.560103923e-02 9.140972048e-02 9.736815840e-02 1.035200208e-01
 1.099078506e-01 1.165716127e-01 1.235478818e-01 1.308695674e-01 1.385656595e-01
 1.466609985e-01 1.551752687e-01 1.641211212e-01 1.735005975e-01 1.832985729e-01
 1.934717745e-01 2.039308697e-01 2.145138532e-01 2.249540836e-01 2.348660231e-01
 2.437985390e-01 2.513462901e-01 2.572194934e-01 2.612604201e-01 2.634565234e-01
 2.639635801e-01 2.630970478e-01 2.612414062e-01 2.587453425e-01 2.558797896e-01
-2.644456364e-02-3.300860524e-02-3.591454402e-02-3.758402169e-02-3.889944404e-02
-3.952132165e-02-3.937782347e-02-3.856667504e-02-3.721790761e-02-3.544786945e-02
-3.334679827e-02-3.097597696e-02-2.836928703e-02-2.553775162e-02-2.247601375e-02
-1.916928217e-02-1.559969503e-02-1.175134908e-02-7.613855880e-03-3.184345085e-03
 1.531962538e-03 6.522350945e-03 1.176786982e-02 1.724459603e-02 2.292428166e-02
 2.877413481e-02 3.475594148e-02 4.082525522e-02 4.693166167e-02 5.302117020e-02
 5.904104561e-02 6.494650245e-02 7.070752978e-02 7.631418109e-02 8.177895099e-02
 8.713565767e-02 9.243505448e-02 9.773805737e-02 1.031083092e-01 1.086060777e-01
 1.142843664e-01 1.201871485e-01 1.263491809e-01 1.327963471e-01 1.395461261e-01
 1.466074884e-01 1.539801657e-01 1.616528034e-01 1.695999205e-01 1.777772158e-01
 1.861153841e-01 1.945126653e-01 2.028281689e-01 2.108797878e-01 2.184524983e-01
 2.253202945e-01 2.312769443e-01 2.361645699e-01 2.398933768e-01 2.424518615e-01
 2.439070493e-01 2.443911433e-01 2.440754324e-01 2.431403846e-01 2.417526692e-01
-2.165842988e-02-2.844036184e-02-3.479048237e-02-4.090308398e-02-4.638674110e-02
-4.815926030e-02-4.820812494e-02-4.712015763e-02-4.526341334e-02-4.289384559e-02
-4.018618912e-02-3.724451363e-02-3.411187604e-02-3.078547120e-02-2.723467723e-02
-2.341734432e-02-1.929202117e-02-1.482610498e-02-1.000089105e-02-4.813947249e-03
 7.212677156e-04 6.578658707e-03 1.272456348e-02 1.912243478e-02 2.573488280e-02
 3.252206370e-02 3.943695128e-02 4.641905054e-02 5.338956416e-02 6.025214493e-02
 6.690277159e-02 7.324720919e-02 7.921917737e-02 8.479291201e-02 8.998854458e-02
 9.487017989e-02 9.953528643e-02 1.040963084e-01 1.086609364e-01 1.133190244e-01
 1.181383133e-01 1.231659427e-01 1.284320354e-01 1.339530498e-01 1.397342086e-01
 1.457707435e-01 1.520479620e-01 1.585406065e-01 1.652112156e-01 1.720080227e-01
 1.788627803e-01 1.856888086e-01 1.923809797e-01 1.988181919e-01 2.048699409e-01
 2.104066610e-01 2.153123915e-01 2.194969952e-01 2.229056954e-01 2.255240232e-01
 2.273773998e-01 2.285254747e-01 2.290520966e-01 2.290536761e-01 2.286284566e-01
-1.911071315e-02-2.676454186e-02-3.508295119e-02-4.449805245e-02-5.489140749e-02
-6.065300107e-02-6.076683849e-02-5.810766295e-02-5.481878668e-02-5.121142790e-02
-4.752534628e-02-4.387369752e-02-4.024356976e-02-3.654370457e-02-3.265635669e-02
-2.846965566e-02-2.389205061e-02-1.885825954e-02-1.333360001e-02-7.318245713e-03
-8.476993535e-04 6.016471889e-03 1.320565306e-02 2.066233568e-02 2.834674157e-02
 3.623095155e-02 4.428447038e-02 5.245320126e-02 6.063273922e-02 6.864726543e-02
 7.626698166e-02 8.327538520e-02 8.952768892e-02 9.496705234e-02 9.962756932e-02
 1.036422625e-01 1.072326526e-01 1.106465012e-01 1.140828952e-01 1.176687181e-01
 1.214740202e-01 1.255326718e-01 1.298565269e-01 1.344435513e-01 1.392820776e-01
 1.443527490e-01 1.496290565e-01 1.550770402e-01 1.606546938e-01 1.663111150e-01
 1.719860733e-01 1.776100248e-01 1.831052452e-01 1.883882582e-01 1.933740079e-01
 1.979810596e-01 2.021375597e-01 2.057869881e-01 2.088925540e-01 2.114395350e-01
 2.134353369e-01 2.149070203e-01 2.158972472e-01 2.164589316e-01 2.166500092e-01
-1.600763015e-02-2.387296595e-02-3.273121640e-02-4.310122132e-02-5.539201945e-02
-6.465407461e-02-6.945008785e-02-6.959663332e-02-6.507406384e-02-5.928276479e-02
-5.423985794e-02-5.002562702e-02-4.630522802e-02-4.268655553e-02-3.886072338e-02
-3.461343050e-02-2.979383431e-02-2.429300174e-02-1.804236509e-02-1.103433035e-02
-3.358391579e-03 4.799852148e-03 1.325413119e-02 2.190694772e-02 3.074673750e-02
 3.981150687e-02 4.915933684e-02 5.884162337e-02 6.885106862e-02 7.893636823e-02
 8.834352344e-02 9.648151696e-02 1.031596512e-01 1.083101481e-01 1.119258553e-01
 1.141541898e-01 1.156347096e-01 1.171785817e-01 1.190757975e-01 1.213790774e-01
 1.240788475e-01 1.271472722e-01 1.305515319e-01 1.342576742e-01 1.382312775e-01
 1.424369365e-01 1.468373239e-01 1.513923109e-01 1.560581326e-01 1.607868820e-01
 1.655263007e-01 1.702202559e-01 1.748095751e-01 1.792338490e-01 1.834337264e-01
 1.873537749e-01 1.909454912e-01 1.941700727e-01 1.970005780e-01 1.994231343e-01
 2.014370263e-01 2.030536979e-01 2.042948008e-01 2.051896900e-01 2.057727277e-01
-1.140522677e-02-1.860033162e-02-2.651418187e-02-3.527007997e-02-4.486816749e-02
-5.507773161e-02-6.407695264e-02-6.866235286e-02-6.833596528e-02-6.269006431e-02
-5.726439506e-02-5.409434438e-02-5.189675838e-02-4.941679165e-02-4.633367807e-02
-4.249683395e-02-3.777684644e-02-3.203176707e-02-2.509414405e-02-1.677796617e-02
-7.012566552e-03 3.268810455e-03 1.328570861e-02 2.311695926e-02 3.294275329e-02
 4.295888916e-02 5.338070542e-02 6.446948647e-02 7.658921927e-02 9.025710821e-02
 1.023237258e-01 1.117933467e-01 1.190043762e-01 1.237812191e-01 1.260387599e-01
 1.254139245e-01 1.230896935e-01 1.223507971e-01 1.226802617e-01 1.237943619e-01
 1.255174428e-01 1.277309358e-01 1.303493381e-01 1.333067864e-01 1.365489364e-01
 1.400278658e-01 1.436989307e-01 1.475186497e-01 1.514434963e-01 1.554291397e-01
 1.594301760e-01 1.634002626e-01 1.672928184e-01 1.710619479e-01 1.746637672e-01
 1.780579239e-01 1.812091917e-01 1.840888560e-01 1.866759211e-01 1.889576167e-01
 1.909295321e-01 1.925951540e-01 1.939649582e-01 1.950550079e-01 1.958856136e-01
-5.545421503e-03-1.159501635e-02-1.806256175e-02-2.494296245e-02-3.214662150e-02
-3.949035704e-02-4.671037942e-02-5.348732322e-02-5.735814944e-02-5.502336845e-02
-5.228214338e-02-5.204195157e-02-5.270658806e-02-5.184848234e-02-4.978954792e-02
-4.661761969e-02-4.227716848e-02-3.663614020e-02-2.946602926e-02-2.033625729e-02
-8.455202915e-03 3.741782159e-03 1.466514263e-02 2.498207986e-02 3.510814905e-02
 4.535254464e-02 5.600327998e-02 6.738860905e-02 7.994061708e-02 9.413757920e-02
 1.066970602e-01 1.164280996e-01 1.236394122e-01 1.282384545e-01 1.300520599e-01
 1.286603063e-01 1.255050004e-01 1.239983290e-01 1.236739680e-01 1.241986081e-01
 1.253614277e-01 1.270256639e-01 1.290969551e-01 1.315045208e-01 1.341909617e-01
 1.371065378e-01 1.402061433e-01 1.434473991e-01 1.467895359e-01 1.501926929e-01
 1.536176652e-01 1.570259035e-01 1.603797972e-01 1.636432558e-01 1.667823941e-01
 1.697663367e-01 1.725681275e-01 1.751653999e-01 1.775410324e-01 1.796834320e-01
 1.815866083e-01 1.832499653e-01 1.846777350e-01 1.858783811e-01 1.868636608e-01
 0.192625356E+01 0.195060575E+01 0.196555293E+01 0.198270392E+01 0.200014997E+01
 0.202155781E+01 0.203853393E+01 0.205554581E+01 0.207316089E+01 0.209062052E+01
 0.210834193E+01 0.212650251E+01 0.214448810E+01 0.216295385E+01 0.218178010E+01
 0.220057821E+01 0.221984339E+01 0.223969078E+01 0.225965858E+01 0.227988291E+01
 0.230077863E+01 0.232221031E+01 0.234407902E+01 0.236635184E+01 0.238944602E+01
 0.241316414E+01 0.243755364E+01 0.246269369E+01 0.248862505E+01 0.251549578E+01
 0.254325914E+01 0.257209897E+01 0.260195184E+01 0.263295221E+01 0.266517258E+01
 0.269889569E+01 0.273400569E+01 0.277068782E+01 0.280905032E+01 0.284922981E+01
 0.289156389E+01 0.293598533E+01 0.298285007E+01 0.303218341E+01 0.308459854E+01
 0.314010215E+01 0.319907188E+01 0.326206279E+01 0.332936335E+01 0.340182185E+01
 0.347982907E+01 0.356456566E+01 0.365645242E+01 0.375731969E+01 0.386851311E+01
 0.399224567E+01 0.413100386E+01 0.428953266E+01 0.447276831E+01 0.469053316E+01
 0.495775557E+01 0.530093145E+01 0.578501844E+01 0.659278250E+01 0.111857710E+02
   89   86
 0.108170474E+01-0.500000007E-01 0.108268857E+01 0.500000007E-01 0.109022176E+01
 0.150000006E+00 0.110412884E+01 0.250000000E+00 0.111290324E+01 0.300000012E+00
 0.113217390E+01 0.395660490E+00 0.114375651E+01 0.449999988E+00 0.115875006E+01
 0.517738342E+00 0.117740059E+01 0.600000024E+00 0.118883812E+01 0.649999976E+00
 0.121123528E+01 0.750000000E+00 0.122247124E+01 0.800000012E+00 0.123843753E+01
 0.873927891E+00 0.125831711E+01 0.949999988E+00 0.127009249E+01 0.102552724E+01
 0.126941359E+01 0.108233058E+01 0.134867179E+01 0.104270327E+01 0.140179682E+01
 0.103725529E+01 0.145492184E+01 0.102488279E+01 0.150591612E+01 0.100824034E+01
 0.153460932E+01 0.997089326E+00 0.158773434E+01 0.975824714E+00 0.163687503E+01
 0.952017128E+00 0.166742182E+01 0.935892820E+00 0.171757793E+01 0.906364977E+00
 0.174710929E+01 0.887097836E+00 0.179624999E+01 0.852255464E+00 0.182679689E+01
 0.828714907E+00 0.186334717E+01 0.797807753E+00 0.190419281E+01 0.761378050E+00
 0.193304682E+01 0.733144104E+00 0.196773720E+01 0.696867287E+00 0.200874996E+01
 0.650232792E+00 0.203691268E+01 0.614580929E+00 0.206465983E+01 0.575859845E+00
 0.209180617E+01 0.534066081E+00 0.211843753E+01 0.488640249E+00 0.214463472E+01
 0.438877255E+00 0.217046285E+01 0.383937836E+00 0.219595385E+01 0.322664350E+00
 0.222125006E+01 0.252264112E+00 0.223857260E+01 0.192500010E+00 0.225040197E+01
 0.142500013E+00 0.226334405E+01 0.425000004E-01 0.226124382E+01-0.575000010E-01
 0.224744487E+01-0.142556921E+00 0.223164010E+01-0.205767006E+00 0.221539545E+01
-0.257499993E+00 0.219266391E+01-0.320926219E+00 0.216686869E+01-0.383378536E+00
 0.214074540E+01-0.439653039E+00 0.211424685E+01-0.490932047E+00 0.208731818E+01
-0.538038552E+00 0.205991244E+01-0.581672728E+00 0.203200173E+01-0.622413278E+00
 0.200476551E+01-0.659159184E+00 0.196922421E+01-0.703380644E+00 0.192915940E+01
-0.750482440E+00 0.190001297E+01-0.782580376E+00 0.187195313E+01-0.812123060E+00
 0.183151174E+01-0.852166891E+00 0.179440594E+01-0.887651145E+00 0.176570320E+01
-0.913642406E+00 0.172070336E+01-0.951307654E+00 0.168601573E+01-0.979115307E+00
 0.165280342E+01-0.100281072E+01 0.160694611E+01-0.103484452E+01 0.157709408E+01
-0.105291951E+01 0.152664065E+01-0.108291209E+01 0.148901963E+01-0.110163665E+01
 0.144695318E+01-0.112280953E+01 0.139499569E+01-0.114348364E+01 0.136726570E+01
-0.115409374E+01 0.131414068E+01-0.117169416E+01 0.124676621E+01-0.118190622E+01
 0.121342766E+01-0.117257214E+01 0.121443629E+01-0.108832991E+01 0.121273184E+01
-0.992500007E+00 0.120862114E+01-0.935000002E+00 0.119875085E+01-0.837231636E+00
 0.118507707E+01-0.742500007E+00 0.117538238E+01-0.686871111E+00 0.115790427E+01
-0.592500031E+00 0.114738500E+01-0.538108468E+00 0.113025534E+01-0.448166430E+00
 0.111927831E+01-0.387508810E+00 0.110416186E+01-0.295595109E+00 0.109595823E+01
-0.235000014E+00 0.108609438E+01-0.135000005E+00
 0.101600003E+01 0.000000000E+00 0.101600003E+01 0.963999987E+00 0.101600003E+01
 0.967999995E+00 0.101600003E+01 0.100100005E+01 0.101600003E+01 0.101900005E+01
 0.101600003E+01 0.107700002E+01 0.101600003E+01 0.107000005E+01 0.101600003E+01
 0.109599996E+01 0.101600003E+01 0.111300004E+01 0.101600003E+01 0.113800001E+01
 0.101600003E+01 0.114699996E+01 0.101199996E+01 0.116499996E+01 0.100100005E+01
 0.121700001E+01 0.102900004E+01 0.121700001E+01 0.104200006E+01 0.116240001E+01
 0.104600000E+01 0.116237998E+01 0.105599999E+01 0.116260004E+01 0.109700000E+01
 0.116450000E+01 0.110800004E+01 0.116594005E+01 0.111600006E+01 0.116591001E+01
 0.113399994E+01 0.116895998E+01 0.114800000E+01 0.117174995E+01 0.116199994E+01
 0.117556000E+01 0.118099999E+01 0.118299997E+01 0.118200004E+01 0.118350005E+01
 0.118499994E+01 0.118499994E+01 0.119000006E+01 0.118799996E+01 0.119500005E+01
 0.119099998E+01 0.120099998E+01 0.119599998E+01 0.120899999E+01 0.120200002E+01
 0.121500003E+01 0.120799994E+01 0.122200000E+01 0.121399999E+01 0.122800004E+01
 0.122099996E+01 0.123399997E+01 0.123099995E+01 0.123899996E+01 0.123800004E+01
 0.124199998E+01 0.124399996E+01 0.124800003E+01 0.125399995E+01 0.125800002E+01
 0.127800000E+01 0.126300001E+01 0.128999996E+01 0.127999997E+01 0.133099997E+01
 0.127999997E+01 0.134700000E+01 0.127999997E+01 0.134800005E+01 0.130999994E+01
 0.134800005E+01 0.132799995E+01 0.134800005E+01 0.136099994E+01 0.134800005E+01
 0.138000000E+01 0.134800005E+01 0.141900003E+01 0.134800005E+01 0.141900003E+01
 0.130999994E+01 0.137199998E+01 0.130999994E+01 0.137199998E+01 0.129200006E+01
 0.160800004E+01 0.109500003E+01 0.164699996E+01 0.107700002E+01 0.178499997E+01
 0.107700002E+01 0.206999993E+01 0.103999996E+01 0.212800002E+01 0.992999971E+00
 0.224499989E+01 0.708999991E+00 0.232299995E+01 0.518999994E+00 0.237700009E+01
 0.388999999E+00 0.236249995E+01 0.400000006E+00 0.236443496E+01 0.222000003E+00
 0.236496902E+01 0.133000001E+00 0.236532402E+01 0.439999998E-01 0.236512089E+01
-0.439999998E-01 0.236484194E+01-0.133000001E+00 0.236433411E+01-0.222000003E+00
 0.236249995E+01-0.400000006E+00 0.237700009E+01-0.388999999E+00 0.213400006E+01
-0.972999990E+00 0.178600001E+01-0.117400002E+01 0.176800001E+01-0.121099997E+01
 0.176800001E+01-0.125000000E+01 0.168200004E+01-0.125000000E+01 0.137199998E+01
-0.125000000E+01 0.137199998E+01-0.132900000E+01 0.141999996E+01-0.132900000E+01
 0.141999996E+01-0.136300004E+01 0.127300000E+01-0.136300004E+01 0.115300000E+01
-0.136300004E+01 0.101600003E+01-0.122300005E+01 0.101600003E+01-0.122300005E+01
 0.101600003E+01-0.829999983E+00 0.101600003E+01-0.800000012E+00 0.101600003E+01
-0.414999992E+00 0.101600003E+01-0.400000006E+00 0.101600003E+01-0.100000005E-02
 0.101600003E+01 0.000000000E+00
    0 0.169550002E+01    0
 0.000000000E+00 0.100511506E+00 0.142693251E+00 0.175232247E+00 0.202841535E+00
 0.225951999E+00 0.248506173E+00 0.269070894E+00 0.288585544E+00 0.306856602E+00
 0.324257433E+00 0.341029704E+00 0.357021332E+00 0.372480452E+00 0.387531340E+00
 0.402060866E+00 0.416222990E+00 0.430047750E+00 0.443572819E+00 0.456801683E+00
 0.469762117E+00 0.482502043E+00 0.495031595E+00 0.507372677E+00 0.519531548E+00
 0.531508386E+00 0.543351650E+00 0.555081666E+00 0.566668749E+00 0.578141868E+00
 0.589504540E+00 0.600798965E+00 0.611997187E+00 0.623143315E+00 0.634193301E+00
 0.645207703E+00 0.656180441E+00 0.667105138E+00 0.677999020E+00 0.688865185E+00
 0.699742198E+00 0.710583448E+00 0.721454382E+00 0.732311845E+00 0.743209422E+00
 0.754133821E+00 0.765100181E+00 0.776122391E+00 0.787192702E+00 0.798356056E+00
 0.809594333E+00 0.820962489E+00 0.832424939E+00 0.844055831E+00 0.855846941E+00
 0.867828071E+00 0.880031884E+00 0.892526627E+00 0.905325592E+00 0.918542981E+00
 0.932252049E+00 0.946565688E+00 0.961830139E+00 0.978479803E+00 0.100000000E+01
    0
