  EFITD    06/25/2013    #1553533000.0ms  EFIT01   0  65  65
 0.170000005E+01 0.320000005E+01 0.169550002E+01 0.839999974E+00 0.000000000E+00
 0.180658746E+01-0.115258954E-01-0.185245693E+00-0.143333105E-02 0.165729618E+01
 0.101914675E+07-0.185245693E+00 0.000000000E+00 0.180658746E+01 0.000000000E+00
-0.115258954E-01 0.000000000E+00-0.143333105E-02 0.000000000E+00 0.000000000E+00
 0.276491809E+01 0.276700735E+01 0.276902461E+01 0.277097154E+01 0.277284980E+01
 0.277466035E+01 0.277640510E+01 0.277808475E+01 0.277970123E+01 0.278125596E+01
 0.278275013E+01 0.278418493E+01 0.278556228E+01 0.278688288E+01 0.278814840E+01
 0.278936028E+01 0.279051948E+01 0.279162788E+01 0.279268646E+01 0.279369664E+01
 0.279465961E+01 0.279557705E+01 0.279644966E+01 0.279727936E+01 0.279806709E+01
 0.279881430E+01 0.279952216E+01 0.280019212E+01 0.280082536E+01 0.280142307E+01
 0.280198669E+01 0.280251789E+01 0.280301714E+01 0.280348611E+01 0.280392647E+01
 0.280433869E+01 0.280472469E+01 0.280508542E+01 0.280542254E+01 0.280573678E+01
 0.280602980E+01 0.280630279E+01 0.280655670E+01 0.280679321E+01 0.280701375E+01
 0.280721879E+01 0.280741048E+01 0.280758929E+01 0.280775714E+01 0.280791497E+01
 0.280806398E+01 0.280820584E+01 0.280834150E+01 0.280847192E+01 0.280859900E+01
 0.280872369E+01 0.280884719E+01 0.280897069E+01 0.280909586E+01 0.280922341E+01
 0.280935502E+01 0.280949187E+01 0.280963492E+01 0.280978584E+01 0.280994558E+01
 0.101893227E+06 0.991734453E+05 0.964894609E+05 0.938412812E+05 0.912288984E+05
 0.886523203E+05 0.861115312E+05 0.836065547E+05 0.811373750E+05 0.787039922E+05
 0.763064062E+05 0.739446328E+05 0.716186484E+05 0.693284688E+05 0.670740859E+05
 0.648555000E+05 0.626727188E+05 0.605257383E+05 0.584145547E+05 0.563391758E+05
 0.542995938E+05 0.522958125E+05 0.503278281E+05 0.483956484E+05 0.464992656E+05
 0.446386836E+05 0.428139062E+05 0.410249219E+05 0.392717422E+05 0.375543594E+05
 0.358727773E+05 0.342269961E+05 0.326170137E+05 0.310428320E+05 0.295044512E+05
 0.280018672E+05 0.265350859E+05 0.251041055E+05 0.237089219E+05 0.223495410E+05
 0.210259609E+05 0.197381777E+05 0.184861973E+05 0.172700156E+05 0.160896328E+05
 0.149450518E+05 0.138362705E+05 0.127632881E+05 0.117261064E+05 0.107247246E+05
 0.975914355E+04 0.882936133E+04 0.793537988E+04 0.707719824E+04 0.625481641E+04
 0.546823486E+04 0.471745361E+04 0.400247168E+04 0.332329004E+04 0.267990845E+04
 0.207232666E+04 0.150054492E+04 0.964563354E+03 0.464381653E+03 0.000000000E+00
 0.204671550E+01 0.197839844E+01 0.191131496E+01 0.184546483E+01 0.178084826E+01
 0.171746516E+01 0.165531552E+01 0.159439933E+01 0.153471661E+01 0.147626746E+01
 0.141905177E+01 0.136306953E+01 0.130832088E+01 0.125480568E+01 0.120252383E+01
 0.115147567E+01 0.110166085E+01 0.105307949E+01 0.100573170E+01 0.959617376E+00
 0.914736509E+00 0.871089160E+00 0.828675330E+00 0.787494957E+00 0.747548044E+00
 0.708834589E+00 0.671354651E+00 0.635108232E+00 0.600095272E+00 0.566315770E+00
 0.533769786E+00 0.502457261E+00 0.472378254E+00 0.443532705E+00 0.415920675E+00
 0.389542103E+00 0.364397019E+00 0.340485424E+00 0.317807317E+00 0.296362668E+00
 0.276151538E+00 0.257173866E+00 0.239429697E+00 0.222919002E+00 0.207641795E+00
 0.193598077E+00 0.180787846E+00 0.169211090E+00 0.158867836E+00 0.149758056E+00
 0.141881764E+00 0.135238945E+00 0.129829630E+00 0.125653788E+00 0.122711435E+00
 0.121002562E+00 0.120527178E+00 0.121285275E+00 0.123276867E+00 0.126501933E+00
 0.130960479E+00 0.136652529E+00 0.143578053E+00 0.151737064E+00 0.161129564E+00
-0.953320500E+06-0.940853562E+06-0.928386688E+06-0.915919750E+06-0.903452812E+06
-0.890985875E+06-0.878518938E+06-0.866052000E+06-0.853585062E+06-0.841118188E+06
-0.828651250E+06-0.816184312E+06-0.803717438E+06-0.791250500E+06-0.778783562E+06
-0.766316625E+06-0.753849688E+06-0.741382750E+06-0.728915875E+06-0.716448938E+06
-0.703982000E+06-0.691515062E+06-0.679048188E+06-0.666581250E+06-0.654114312E+06
-0.641647375E+06-0.629180438E+06-0.616713500E+06-0.604246625E+06-0.591779688E+06
-0.579312750E+06-0.566845812E+06-0.554378938E+06-0.541912000E+06-0.529445062E+06
-0.516978125E+06-0.504511219E+06-0.492044281E+06-0.479577344E+06-0.467110438E+06
-0.454643500E+06-0.442176594E+06-0.429709688E+06-0.417242750E+06-0.404775812E+06
-0.392308875E+06-0.379841969E+06-0.367375031E+06-0.354908094E+06-0.342441188E+06
-0.329974250E+06-0.317507344E+06-0.305040438E+06-0.292573500E+06-0.280106562E+06
-0.267639625E+06-0.255172719E+06-0.242705797E+06-0.230238875E+06-0.217771953E+06
-0.205305016E+06-0.192838094E+06-0.180371172E+06-0.167904250E+06-0.155437328E+06
 2.709688805e-02 2.450358309e-02 2.186759934e-02 1.914514229e-02 1.630668342e-02
 1.332919486e-02 1.018062793e-02 6.802152842e-03 3.190173069e-03-7.304354222e-04
-5.542078521e-03-1.195298415e-02-1.866544783e-02-2.304675058e-02-2.562320046e-02
-2.660950832e-02-2.604821138e-02-2.387773432e-02-1.989807747e-02-1.367994305e-02
-4.392286763e-03 5.328175146e-03 1.347678993e-02 2.074908838e-02 2.753735520e-02
 3.408662975e-02 4.057597369e-02 4.716149345e-02 5.400751531e-02 6.129144877e-02
 6.811365485e-02 7.418752462e-02 7.961945981e-02 8.435612172e-02 8.836292475e-02
 9.153348953e-02 9.422371536e-02 9.739278257e-02 1.009011865e-01 1.046671271e-01
 1.086440012e-01 1.128038615e-01 1.171266139e-01 1.215936840e-01 1.261850595e-01
 1.308783442e-01 1.356484294e-01 1.404677331e-01 1.453061700e-01 1.501315385e-01
 1.549097598e-01 1.596053839e-01 1.641823649e-01 1.686048210e-01 1.728380769e-01
 1.768498868e-01 1.806114912e-01 1.840987056e-01 1.872927845e-01 1.901810318e-01
 1.927570254e-01 1.950205415e-01 1.969771236e-01 1.986373514e-01 2.000160068e-01
 2.270235121e-02 1.981848851e-02 1.698917523e-02 1.418051589e-02 1.135311183e-02
 8.466806263e-03 5.545329303e-03 2.636729972e-03-3.243468236e-04-3.440576140e-03
-7.068490610e-03-1.132190228e-02-1.546415314e-02-1.848216914e-02-2.024134807e-02
-2.073502913e-02-1.993706822e-02-1.778008789e-02-1.415187865e-02-8.911440149e-03
-2.042500302e-03 5.411663093e-03 1.250596996e-02 1.924538799e-02 2.575360797e-02
 3.215742484e-02 3.857745603e-02 4.513701797e-02 5.198011175e-02 5.926536769e-02
 6.612905115e-02 7.227653265e-02 7.780481130e-02 8.269740641e-02 8.691257238e-02
 9.033917636e-02 9.336611629e-02 9.690526128e-02 1.008267254e-01 1.050474867e-01
 1.095165983e-01 1.142001301e-01 1.190725863e-01 1.241117194e-01 1.292953789e-01
 1.345996410e-01 1.399977654e-01 1.454594731e-01 1.509507596e-01 1.564337760e-01
 1.618670523e-01 1.672060788e-01 1.724042445e-01 1.774140745e-01 1.821888983e-01
 1.866847873e-01 1.908625215e-01 1.946894079e-01 1.981409341e-01 2.012017220e-01
 2.038660049e-01 2.061373293e-01 2.080276608e-01 2.095561028e-01 2.107471973e-01
 1.769036986e-02 1.461575273e-02 1.173502486e-02 9.004008025e-03 6.362390704e-03
 3.950261977e-03 1.744854730e-03-3.100472386e-04-2.257000655e-03-4.271736369e-03
-6.394103169e-03-8.508657105e-03-1.038463693e-02-1.175862178e-02-1.242897473e-02
-1.226904523e-02-1.119990274e-02-9.172587655e-03-6.171072833e-03-2.238384914e-03
 2.481264528e-03 7.740368135e-03 1.328889001e-02 1.897283271e-02 2.473339625e-02
 3.056812659e-02 3.650178015e-02 4.256896302e-02 4.879806191e-02 5.515034497e-02
 6.134233624e-02 6.718728691e-02 7.265728712e-02 7.774364203e-02 8.244120330e-02
 8.677276969e-02 9.096487612e-02 9.533315152e-02 9.994070232e-02 1.047886387e-01
 1.098674908e-01 1.151649654e-01 1.206672862e-01 1.263587922e-01 1.322211325e-01
 1.382322907e-01 1.443656534e-01 1.505893022e-01 1.568653136e-01 1.631493419e-01
 1.693905592e-01 1.755321175e-01 1.815121472e-01 1.872657239e-01 1.927273721e-01
 1.978343427e-01 2.025302500e-01 2.067685425e-01 2.105154097e-01 2.137517631e-01
 2.164738178e-01 2.186925262e-01 2.204316407e-01 2.217250615e-01 2.226136774e-01
 1.158691570e-02 8.342799731e-03 5.596210249e-03 3.281783545e-03 1.291732420e-03
-2.767124679e-04-1.509454334e-03-2.602174878e-03-3.671528772e-03-4.730811343e-03
-5.752083845e-03-6.664598361e-03-7.362826727e-03-7.726024836e-03-7.640399504e-03
-7.013527676e-03-5.779874977e-03-3.902801080e-03-1.377560664e-03 1.764530782e-03
 5.455534905e-03 9.600935504e-03 1.410074532e-02 1.887060702e-02 2.385152504e-02
 2.900760248e-02 3.431731090e-02 3.976210579e-02 4.531318322e-02 5.091939121e-02
 5.650993064e-02 6.201937795e-02 6.740799546e-02 7.266380638e-02 7.780197263e-02
 8.286916465e-02 8.794321865e-02 9.311026335e-02 9.843587875e-02 1.039590389e-01
 1.096996963e-01 1.156659722e-01 1.218582466e-01 1.282708943e-01 1.348927021e-01
 1.417066157e-01 1.486888826e-01 1.558080614e-01 1.630237252e-01 1.702852547e-01
 1.775309741e-01 1.846878231e-01 1.916721612e-01 1.983920783e-01 2.047514170e-01
 2.106556296e-01 2.160185128e-01 2.207691967e-01 2.248579860e-01 2.282602191e-01
 2.309773564e-01 2.330352962e-01 2.344802022e-01 2.353727669e-01 2.357818782e-01
 3.385965014e-03-2.066789311e-04-2.452305518e-03-3.663496580e-03-4.316209815e-03
-4.617094062e-03-4.807004705e-03-4.977436736e-03-5.162064452e-03-5.357357673e-03
-5.531948991e-03-5.632706918e-03-5.591345020e-03-5.332577042e-03-4.782753997e-03
-3.877299372e-03-2.566056792e-03-8.167103515e-04 1.383322291e-03 4.026633222e-03
 7.087903097e-03 1.052879915e-02 1.430492662e-02 1.837267727e-02 2.269373275e-02
 2.723626234e-02 3.197329864e-02 3.687949106e-02 4.192785174e-02 4.708835110e-02
 5.232999474e-02 5.762604624e-02 6.295958161e-02 6.832714379e-02 7.374015450e-02
 7.922426611e-02 8.481588960e-02 9.055579454e-02 9.648226202e-02 1.026267409e-01
 1.090125665e-01 1.156556159e-01 1.225651279e-01 1.297443360e-01 1.371904761e-01
 1.448941529e-01 1.528382152e-01 1.609959155e-01 1.693285257e-01 1.777825654e-01
 1.862866580e-01 1.947490126e-01 2.030561119e-01 2.110743225e-01 2.186557055e-01
 2.256485075e-01 2.319111377e-01 2.373270690e-01 2.418173105e-01 2.453485578e-01
 2.479351312e-01 2.496348172e-01 2.505387366e-01 2.507583499e-01 2.504119575e-01
-9.550401941e-03-1.505522709e-02-1.432747673e-02-1.213426329e-02-1.049439982e-02
-9.177745320e-03-8.117847145e-03-7.271559443e-03-6.596907042e-03-6.046919618e-03
-5.568248220e-03-5.101876333e-03-4.585217685e-03-3.955163993e-03-3.151587211e-03
-2.120737452e-03-8.180991863e-04 7.895897725e-04 2.723340876e-03 4.992013797e-03
 7.593547925e-03 1.051720325e-02 1.374642923e-02 1.726172864e-02 2.104291692e-02
 2.507042699e-02 2.932564355e-02 3.379069641e-02 3.844821081e-02 4.328156635e-02
 4.827603325e-02 5.342053995e-02 5.870960653e-02 6.414483488e-02 6.973547488e-02
 7.549796999e-02 8.145440370e-02 8.763016015e-02 9.405142069e-02 1.007431298e-01
 1.077276170e-01 1.150240153e-01 1.226478964e-01 1.306110620e-01 1.389210224e-01
 1.475800127e-01 1.565834880e-01 1.659174263e-01 1.755547225e-01 1.854498386e-01
 1.955317408e-01 2.056953609e-01 2.157929689e-01 2.256290466e-01 2.349648029e-01
 2.435377389e-01 2.510947287e-01 2.574272752e-01 2.623991370e-01 2.659621537e-01
 2.681616247e-01 2.691271901e-01 2.690477073e-01 2.681367695e-01 2.666014135e-01
-1.913395338e-02-2.572303079e-02-2.360889502e-02-1.901067607e-02-1.547697186e-02
-1.273524389e-02-1.058368571e-02-8.883693255e-03-7.530129515e-03-6.435079500e-03
-5.519904196e-03-4.711745773e-03-3.942311276e-03-3.147867275e-03-2.269815421e-03
-1.255702926e-03-6.038398715e-05 1.352956053e-03 3.012512112e-03 4.938059952e-03
 7.141622715e-03 9.628546424e-03 1.239885855e-02 1.544869971e-02 1.877167076e-02
 2.235992998e-02 2.620498650e-02 3.029824793e-02 3.463150933e-02 3.919755295e-02
 4.399090633e-02 4.900871217e-02 5.425160378e-02 5.972433835e-02 6.543609500e-02
 7.140031457e-02 7.763409615e-02 8.415738493e-02 9.099192917e-02 9.816042334e-02
 1.056858227e-01 1.135908961e-01 1.218979582e-01 1.306286603e-01 1.398036927e-01
 1.494420767e-01 1.595600396e-01 1.701687276e-01 1.812703758e-01 1.928516328e-01
 2.048724741e-01 2.172481716e-01 2.298218161e-01 2.423285246e-01 2.543671131e-01
 2.654273510e-01 2.750027776e-01 2.826988995e-01 2.882705927e-01 2.916358411e-01
 2.928991020e-01 2.923636436e-01 2.904639840e-01 2.876371145e-01 2.842429280e-01
-2.295745537e-02-2.987013012e-02-2.711183764e-02-2.180400863e-02-1.750484854e-02
-1.405691914e-02-1.131802890e-02-9.156643413e-03-7.455595303e-03-6.110932212e-03
-5.029791966e-03-4.129376262e-03-3.335696878e-03-2.582521643e-03-1.809539506e-03
-9.619710036e-04 8.963281289e-06 1.143937814e-03 2.476880793e-03 4.035355058e-03
 5.840871483e-03 7.909347303e-03 1.025171485e-02 1.287467312e-02 1.578162052e-02
 1.897381246e-02 2.245118655e-02 2.621297352e-02 3.025824390e-02 3.458653018e-02
 3.919843212e-02 4.409620911e-02 4.928431660e-02 5.476982147e-02 6.056264415e-02
 6.667564064e-02 7.312449813e-02 7.992753386e-02 8.710543811e-02 9.468108416e-02
 1.026794389e-01 1.111276597e-01 1.200552881e-01 1.294946820e-01 1.394814700e-01
 1.500551850e-01 1.612596810e-01 1.731433868e-01 1.857586950e-01 1.991597116e-01
 2.133958340e-01 2.284961939e-01 2.444310784e-01 2.610220015e-01 2.777459919e-01
 2.931993306e-01 3.061320484e-01 3.159787655e-01 3.223834336e-01 3.251385689e-01
 3.242312670e-01 3.203378022e-01 3.149393201e-01 3.088900745e-01 3.026993871e-01
-2.175462432e-02-2.863090113e-02-2.597746439e-02-2.057169378e-02-1.614588499e-02
-1.259783842e-02-9.807054885e-03-7.649090141e-03-6.005398463e-03-4.766821861e-03
-3.831808688e-03-3.113333136e-03-2.536444692e-03-2.039620187e-03-1.562796650e-03
-1.047750004e-03-4.352464457e-04 3.137750900e-04 1.237030840e-03 2.368174726e-03
 3.736024024e-03 5.364396609e-03 7.272049785e-03 9.472615086e-03 1.197501365e-02
 1.478662062e-02 1.791369729e-02 2.136136778e-02 2.513388358e-02 2.923539653e-02
 3.367052600e-02 3.844480589e-02 4.356512800e-02 4.904009774e-02 5.488032475e-02
 6.109865010e-02 6.771030277e-02 7.473308593e-02 8.218750358e-02 9.009703994e-02
 9.848851711e-02 1.073926613e-01 1.168448851e-01 1.268864721e-01 1.375660598e-01
 1.489417851e-01 1.610840708e-01 1.740795970e-01 1.880367696e-01 2.030936629e-01
 2.194302231e-01 2.372881919e-01 2.570088804e-01 2.791251838e-01 3.040933311e-01
 3.266643882e-01 3.445169926e-01 3.575208783e-01 3.653980196e-01 3.675136566e-01
 3.636696339e-01 3.529305458e-01 3.410427570e-01 3.301085532e-01 3.202368021e-01
-1.620173827e-02-2.289240249e-02-2.046484128e-02-1.532561053e-02-1.126583666e-02
-8.158179000e-03-5.842166021e-03-4.170220345e-03-3.015633207e-03-2.274651546e-03
-1.815714873e-03-1.558689517e-03-1.424652408e-03-1.400193665e-03-1.424540533e-03
-1.446332084e-03-1.321723452e-03-1.080900547e-03-6.730354507e-04-5.606730701e-05
 8.062456618e-04 1.945394091e-03 3.387781326e-03 5.152125843e-03 7.241425570e-03
 9.667607024e-03 1.244326960e-02 1.557844132e-02 1.907983236e-02 2.295423113e-02
 2.720869333e-02 3.185055032e-02 3.688791394e-02 4.233002663e-02 4.818753153e-02
 5.447280407e-02 6.120026857e-02 6.838677824e-02 7.605200261e-02 8.421890438e-02
 9.291439503e-02 1.021701619e-01 1.120238230e-01 1.225205213e-01 1.337150484e-01
 1.456748545e-01 1.584842652e-01 1.722505242e-01 1.871126890e-01 2.032550722e-01
 2.209285349e-01 2.404847890e-01 2.624331713e-01 2.875237167e-01 3.167925477e-01
 3.468020558e-01 3.701086938e-01 3.866139650e-01 3.964589834e-01 3.995347917e-01
 3.948634565e-01 3.818843663e-01 3.629895151e-01 3.470313549e-01 3.336785734e-01
-6.128609180e-03-1.259608567e-02-1.001950540e-02-5.650756881e-03-2.666609595e-03
-6.863051094e-04 5.526989698e-04 1.234943978e-03 1.493578544e-03 1.430256292e-03
 1.129415119e-03 6.574413856e-04 6.777129602e-05-5.997083499e-04-1.307294704e-03
-2.022027038e-03-2.614000347e-03-3.050393658e-03-3.293037647e-03-3.302562516e-03
-3.039565869e-03-2.464125399e-03-1.533491770e-03-1.961980015e-04 1.457278035e-03
 3.472955432e-03 5.881243385e-03 8.699482307e-03 1.192480419e-02 1.556587219e-02
 1.963228919e-02 2.413134463e-02 2.907123975e-02 3.446098045e-02 4.031019285e-02
 4.662971199e-02 5.343206972e-02 6.073194370e-02 6.854663044e-02 7.689660043e-02
 8.580610156e-02 9.530409425e-02 1.054252982e-01 1.162117049e-01 1.277145594e-01
 1.399970502e-01 1.531379819e-01 1.672368050e-01 1.824205369e-01 1.988535523e-01
 2.167506963e-01 2.363948822e-01 2.581577599e-01 2.825195491e-01 3.100819588e-01
 3.413819671e-01 3.680239320e-01 3.871670067e-01 3.990723789e-01 4.038228989e-01
 4.016047120e-01 3.914284706e-01 3.731032014e-01 3.543487787e-01 3.393483162e-01
 1.187457051e-02 6.695605814e-03 7.418088615e-03 9.075301699e-03 9.564374574e-03
 9.445702657e-03 8.932397701e-03 8.133629337e-03 7.118307985e-03 5.936918315e-03
 4.630329087e-03 3.232853953e-03 1.773967873e-03 2.793524764e-04-1.227478497e-03
-2.725240774e-03-4.086880945e-03-5.273631774e-03-6.246685982e-03-6.967061199e-03
-7.396007888e-03-7.495649625e-03-7.230205461e-03-6.568930112e-03-5.493955687e-03
-3.974492196e-03-1.972301165e-03 5.615397240e-04 3.501856700e-03 6.897141691e-03
 1.077100169e-02 1.511926018e-02 1.995066553e-02 2.527463809e-02 3.109782934e-02
 3.742793947e-02 4.427408427e-02 5.164726451e-02 5.956071615e-02 6.803026795e-02
 7.707483321e-02 8.671697974e-02 9.698370844e-02 1.079074070e-01 1.195270196e-01
 1.318895519e-01 1.450518817e-01 1.590828449e-01 1.740657091e-01 1.901005656e-01
 2.073063254e-01 2.258211970e-01 2.458003908e-01 2.674107552e-01 2.908300161e-01
 3.163036406e-01 3.423318267e-01 3.610699177e-01 3.734745979e-01 3.800502121e-01
 3.805742562e-01 3.755283952e-01 3.640989363e-01 3.477990627e-01 3.347350359e-01
 3.750782833e-02 3.570801765e-02 3.111596964e-02 2.689399570e-02 2.365137637e-02
 2.083066292e-02 1.821072958e-02 1.568996720e-02 1.321767922e-02 1.076843403e-02
 8.330739103e-03 5.901294760e-03 3.481959691e-03 1.078335452e-03-1.300184755e-03
-3.638482420e-03-5.818648729e-03-7.805197500e-03-9.560638107e-03-1.104661264e-02
-1.222462580e-02-1.305670291e-02-1.350608747e-02-1.353799272e-02-1.311989687e-02
-1.221929584e-02-1.080493443e-02-8.850554936e-03-6.343956105e-03-3.253664821e-03
 4.666446184e-04 4.656647332e-03 9.369492531e-03 1.462717168e-02 2.041979320e-02
 2.675076202e-02 3.362413496e-02 4.104625434e-02 4.902508855e-02 5.757034943e-02
 6.669366360e-02 7.640878856e-02 8.673188090e-02 9.768179059e-02 1.092802882e-01
 1.215522066e-01 1.345252693e-01 1.482294500e-01 1.626955122e-01 1.779517084e-01
 1.940179765e-01 2.108949870e-01 2.285449952e-01 2.468565106e-01 2.655749023e-01
 2.841514051e-01 3.014779389e-01 3.160953224e-01 3.271301687e-01 3.343058228e-01
 3.376097381e-01 3.372208178e-01 3.336199820e-01 3.278626204e-01 3.214359283e-01
 5.554784834e-02 5.476717651e-02 4.858708382e-02 4.191906378e-02 3.628746793e-02
 3.137629852e-02 2.695781924e-02 2.287771739e-02 1.903343946e-02 1.535658631e-02
 1.180120464e-02 8.336254396e-03 4.940637387e-03 1.599640818e-03-1.698162523e-03
-4.872807302e-03-7.882324047e-03-1.068708766e-02-1.324805990e-02-1.552624814e-02
-1.748267375e-02-1.907855086e-02-2.027556300e-02-2.103613690e-02-2.132362500e-02
-2.110238001e-02-2.033834718e-02-1.900007762e-02-1.705956459e-02-1.449064352e-02
-1.127337106e-02-7.405340206e-03-2.863057423e-03 2.388830297e-03 8.163334802e-03
 1.450474933e-02 2.140643075e-02 2.887254395e-02 3.690538928e-02 4.550816864e-02
 5.468447134e-02 6.443836540e-02 7.477427274e-02 8.569668978e-02 9.720974416e-02
 1.093163863e-01 1.220170632e-01 1.353076100e-01 1.491759270e-01 1.635969579e-01
 1.785250008e-01 1.938823313e-01 2.095426917e-01 2.253085077e-01 2.408827692e-01
 2.558470666e-01 2.696771324e-01 2.818307281e-01 2.918723226e-01 2.995466590e-01
 3.047886789e-01 3.077166378e-01 3.086285293e-01 3.079751730e-01 3.062678874e-01
 6.703197956e-02 6.650748849e-02 6.029056385e-02 5.277736112e-02 4.599713907e-02
 3.983962163e-02 3.418221697e-02 2.891623601e-02 2.395256236e-02 1.922104694e-02
 1.466760691e-02 1.025094092e-02 5.939600058e-03 1.709546661e-03-2.457736060e-03
-6.478087977e-03-1.031727158e-02-1.393891871e-02-1.730542630e-02-2.037840337e-02
-2.311895601e-02-2.548791282e-02-2.744604461e-02-2.895423770e-02-2.997370064e-02
-3.046618961e-02-3.039436415e-02-2.972228080e-02-2.841591090e-02-2.644366212e-02
-2.377752215e-02-2.039404586e-02-1.627223566e-02-1.139787212e-02-5.773587618e-03
 6.268995348e-04 7.566382177e-03 1.509200688e-02 2.319063060e-02 3.186070919e-02
 4.109754413e-02 5.089598522e-02 6.124949455e-02 7.214975357e-02 8.358585089e-02
 9.554316103e-02 1.080017090e-01 1.209338978e-01 1.343013495e-01 1.480506510e-01
 1.621078253e-01 1.763716191e-01 1.907057464e-01 2.049317956e-01 2.188253701e-01
 2.321207821e-01 2.445291877e-01 2.557706535e-01 2.656118572e-01 2.738968134e-01
 2.805638909e-01 2.856490016e-01 2.892767787e-01 2.916386425e-01 2.929588258e-01
 7.505869865e-02 7.465709746e-02 6.816829741e-02 6.024232879e-02 5.286952481e-02
 4.599238560e-02 3.954169527e-02 3.344672173e-02 2.764199115e-02 2.207032219e-02
 1.668351702e-02 1.144182403e-02 6.312913727e-03 1.270686742e-03-3.706130432e-03
-8.527955040e-03-1.316092350e-02-1.756930351e-02-2.171596140e-02-2.556277066e-02
-2.907089144e-02-3.220099211e-02-3.491338715e-02-3.716817126e-02-3.892532736e-02
-4.014490172e-02-4.078720510e-02-4.081313312e-02-4.018458724e-02-3.886498883e-02
-3.682001680e-02-3.401846439e-02-3.043317609e-02-2.604299225e-02-2.083506063e-02
-1.480550878e-02-7.971192710e-03-3.152978898e-04 7.877605036e-03 1.665370539e-02
 2.599040046e-02 3.587644920e-02 4.629575461e-02 5.722979456e-02 6.865635514e-02
 8.054859936e-02 9.287377447e-02 1.055914238e-01 1.186511517e-01 1.319899112e-01
 1.455290318e-01 1.591711491e-01 1.727977246e-01 1.862680763e-01 1.994210482e-01
 2.120806575e-01 2.240664363e-01 2.352072597e-01 2.453566045e-01 2.544055581e-01
 2.622913122e-01 2.689997554e-01 2.745618820e-01 2.790448070e-01 2.825393677e-01
 8.016020805e-02 7.976453751e-02 7.306405902e-02 6.493742019e-02 5.726790428e-02
 4.999576882e-02 4.306443408e-02 3.642004728e-02 3.001361154e-02 2.380151488e-02
 1.774549484e-02 1.181247924e-02 5.974516273e-03 2.091479837e-04-5.498897284e-03
-1.105347835e-02-1.642036065e-02-2.156299166e-02-2.644352801e-02-3.102335334e-02
-3.526332229e-02-3.912388161e-02-4.256512225e-02-4.554678872e-02-4.802829400e-02
-4.996876791e-02-5.132714286e-02-5.206232890e-02-5.213351548e-02-5.150057375e-02
-5.012466758e-02-4.796908423e-02-4.500028864e-02-4.118940607e-02-3.651399538e-02
-3.096005134e-02-2.452465892e-02-1.721674018e-02-9.070996195e-03-8.673911361e-05
 9.410065599e-03 1.945971698e-02 3.002773784e-02 4.108985141e-02 5.261545256e-02
 6.456997246e-02 7.691387832e-02 8.960148692e-02 1.025796309e-01 1.157861501e-01
 1.291484833e-01 1.425824761e-01 1.559918970e-01 1.692688316e-01 1.822956502e-01
 1.949484497e-01 2.071022838e-01 2.186373025e-01 2.294450402e-01 2.394339740e-01
 2.485332042e-01 2.566939890e-01 2.638892829e-01 2.701116204e-01 2.753702998e-01
 8.232013136e-02 8.176112175e-02 7.528913021e-02 6.721398979e-02 5.951894075e-02
 5.211486295e-02 4.494283348e-02 3.796296194e-02 3.114306182e-02 2.445431240e-02
 1.786991581e-02 1.136458386e-02 4.914123565e-03-1.505507622e-03-7.838641293e-03
-1.403953787e-02-2.006568387e-02-2.587599494e-02-3.143006936e-02-3.668786213e-02
-4.160947353e-02-4.615502059e-02-5.028448626e-02-5.395758525e-02-5.713365227e-02
-5.977153778e-02-6.182960048e-02-6.326572597e-02-6.403747201e-02-6.410238147e-02
-6.341839582e-02-6.194458902e-02-5.964199081e-02-5.647489801e-02-5.241235718e-02
-4.743004218e-02-4.151248932e-02-3.465558961e-02-2.686986886e-02-1.818151772e-02
-8.648152463e-03 1.705921721e-03 1.252524182e-02 2.383846045e-02 3.559801728e-02
 4.776504636e-02 6.029726565e-02 7.314845920e-02 8.626782149e-02 9.959915280e-02
 1.130801514e-01 1.266419888e-01 1.402091533e-01 1.536999196e-01 1.670272797e-01
 1.801006198e-01 1.928274930e-01 2.051157653e-01 2.168752551e-01 2.280189395e-01
 2.384633571e-01 2.481287271e-01 2.569393218e-01 2.648248672e-01 2.717242539e-01
 8.182194829e-02 8.078110963e-02 7.477411628e-02 6.740622222e-02 6.004697084e-02
 5.273185298e-02 4.548539221e-02 3.831275180e-02 3.120892495e-02 2.416318469e-02
 1.716151275e-02 1.018803101e-02 3.225827590e-03-3.742821980e-03-1.063794922e-02
-1.741450280e-02-2.402846329e-02-3.043692559e-02-3.659799322e-02-4.247061163e-02
-4.801433161e-02-5.318909511e-02-5.795499682e-02-6.227201596e-02-6.609980762e-02
-6.939746439e-02-7.212337852e-02-7.423517853e-02-7.568966597e-02-7.644301653e-02
-7.645103335e-02-7.566965371e-02-7.405564189e-02-7.156756520e-02-6.816714257e-02
-6.382081658e-02-5.850176886e-02-5.219233781e-02-4.488679394e-02-3.659443185e-02
-2.734352648e-02-1.718277484e-02-6.198324729e-03 5.548904184e-03 1.769200154e-02
 3.023096733e-02 4.312255606e-02 5.632239953e-02 6.978476793e-02 8.346191794e-02
 9.730352461e-02 1.112563312e-01 1.252640188e-01 1.392673105e-01 1.532040983e-01
 1.670097262e-01 1.806167215e-01 1.939542145e-01 2.069463283e-01 2.195094675e-01
 2.315486223e-01 2.429533005e-01 2.535949647e-01 2.633287013e-01 2.720026672e-01
 8.091767132e-02 7.950662822e-02 7.383733243e-02 6.681380421e-02 5.964070559e-02
 5.237844214e-02 4.507599026e-02 3.775803372e-02 3.043366596e-02 2.310261503e-02
 1.575895958e-02 8.393592201e-03 9.963547345e-04-6.441128440e-03-1.382145006e-02
-2.109840512e-02-2.822637931e-02-3.516097367e-02-4.185912758e-02-4.827904329e-02
-5.437995121e-02-6.012182310e-02-6.546507776e-02-7.037022710e-02-7.479754090e-02
-7.870676368e-02-8.205681294e-02-8.480559289e-02-8.690985292e-02-8.832520247e-02
-8.900618553e-02-8.890660107e-02-8.798002452e-02-8.618051559e-02-8.346370608e-02
-7.978811860e-02-7.511693239e-02-6.942006946e-02-6.267679483e-02-5.487857014e-02
-4.603238776e-02-3.616416454e-02-2.532257326e-02-1.357930247e-02-1.042087562e-03
 1.203133259e-02 2.544660866e-02 3.916210309e-02 5.313953385e-02 6.734167039e-02
 8.173140883e-02 9.627143294e-02 1.109241918e-01 1.256519258e-01 1.404165775e-01
 1.551794112e-01 1.698999554e-01 1.845337600e-01 1.990286261e-01 2.133180946e-01
 2.273117602e-01 2.408812940e-01 2.538437545e-01 2.659480870e-01 2.768828869e-01
 8.059791476e-02 7.907397300e-02 7.326527685e-02 6.606246531e-02 5.878071114e-02
 5.142805353e-02 4.401308671e-02 3.654291853e-02 2.902025543e-02 2.144313790e-02
 1.380554959e-02 6.097954698e-03-1.692739083e-03-9.509916417e-03-1.729580201e-02
-2.499771491e-02-3.256644309e-02-3.995545208e-02-4.712045565e-02-5.401901156e-02
-6.061019003e-02-6.685418636e-02-7.271193713e-02-7.814465463e-02-8.311350644e-02
-8.757913113e-02-9.150134027e-02-9.483876079e-02-9.754860401e-02-9.958649427e-02
-1.009064838e-01-1.014611199e-01-1.012017652e-01-1.000791341e-01-9.804406762e-02
-9.504861385e-02-9.104751796e-02-8.600001782e-02-7.987212390e-02-7.263936102e-02
-6.428993493e-02-5.482836440e-02-4.427960888e-02-3.269355744e-02-2.015103400e-02
-6.769261789e-03 7.323951460e-03 2.169558033e-02 3.632312641e-02 5.118326470e-02
 6.625325978e-02 8.151187748e-02 9.694010764e-02 1.125217602e-01 1.282439083e-01
 1.440969557e-01 1.600742191e-01 1.761702746e-01 1.923776865e-01 2.086801678e-01
 2.250401527e-01 2.413755953e-01 2.575165629e-01 2.731220424e-01 2.875322998e-01
 7.997991890e-02 7.834713906e-02 7.219763845e-02 6.485333294e-02 5.745041743e-02
 4.998009652e-02 4.243825749e-02 3.482022509e-02 2.712031826e-02 1.933151484e-02
 1.144532114e-02 3.451711033e-03-4.661158659e-03-1.281118020e-02-2.094354108e-02
-2.900590748e-02-3.694857657e-02-4.472444206e-02-5.228878558e-02-5.959903821e-02
-6.661443412e-02-7.329559326e-02-7.960414141e-02-8.550219983e-02-9.095195681e-02
-9.591518342e-02-1.003527865e-01-1.042244211e-01-1.074881256e-01-1.101000682e-01
-1.120143533e-01-1.131830215e-01-1.135561243e-01-1.130820587e-01-1.117081419e-01
-1.093814149e-01-1.060498208e-01-1.016637683e-01-9.617807716e-02-8.955448121e-02
-8.176453412e-02-7.279311121e-02-6.264235824e-02-5.133604258e-02-3.892407939e-02
-2.548647486e-02-1.113569085e-02 3.975924570e-03 1.933936588e-02 3.494023532e-02
 5.076696351e-02 6.681188196e-02 8.307242393e-02 9.955240041e-02 1.162633896e-01
 1.332262754e-01 1.504727900e-01 1.680469811e-01 1.860065907e-01 2.044236958e-01
 2.233837098e-01 2.429808080e-01 2.633007467e-01 2.843357027e-01 3.050028086e-01
 7.846642286e-02 7.666944712e-02 7.055730373e-02 6.311506033e-02 5.561989173e-02
 4.805946350e-02 4.041890055e-02 3.268401325e-02 2.484184876e-02 1.688056253e-02
 8.789257146e-03 5.582826561e-04-7.819195278e-03-1.624361239e-02-2.466212027e-02
-3.302300349e-02-4.127661511e-02-4.937576875e-02-5.727571994e-02-6.493406743e-02
-7.231039554e-02-7.936594635e-02-8.606313914e-02-9.236508608e-02-9.823511541e-02
-1.036362126e-01-1.085305363e-01-1.128789634e-01-1.166406348e-01-1.197725683e-01
-1.222294271e-01-1.239632890e-01-1.249236614e-01-1.250575632e-01-1.243098974e-01
-1.226240769e-01-1.199428737e-01-1.162097305e-01-1.113704368e-01-1.053752899e-01
-9.818178415e-02-8.975783736e-02-8.008562028e-02-6.916586310e-02-5.702256039e-02
-4.370803386e-02-2.930801362e-02-1.394716185e-02 2.206263365e-03 1.859149523e-02
 3.520448878e-02 5.204717442e-02 6.912908703e-02 8.646933734e-02 1.040990129e-01
 1.220641732e-01 1.404297501e-01 1.592846960e-01 1.787491441e-01 1.989848763e-01
 2.202110738e-01 2.427311838e-01 2.669852376e-01 2.936683595e-01 3.215449154e-01
 7.642300427e-02 7.446007431e-02 6.827901304e-02 6.079082191e-02 5.327249318e-02
 4.569036514e-02 3.801295161e-02 3.021597676e-02 2.228062786e-02 1.419136859e-02
 5.934040993e-03-2.505929209e-03-1.107404567e-02-1.970888861e-02-2.835337445e-02
-3.695382178e-02-4.545965791e-02-5.382328480e-02-6.199990585e-02-6.994731724e-02
-7.762554288e-02-8.499649167e-02-9.202341735e-02-9.867046773e-02-1.049020961e-01
-1.106825694e-01-1.159753725e-01-1.207426712e-01-1.249448508e-01-1.285400689e-01
-1.314838231e-01-1.337287277e-01-1.352242827e-01-1.359169632e-01-1.357502341e-01
-1.346650571e-01-1.326005608e-01-1.294949949e-01-1.252872050e-01-1.199184805e-01
-1.133349836e-01-1.054907367e-01-9.635128081e-02-8.589787781e-02-7.413242757e-02
-6.108282506e-02-4.680873826e-02-3.140749410e-02-1.501957048e-02 2.166871680e-03
 1.956206188e-02 3.717220202e-02 5.501244590e-02 7.310929149e-02 9.150352329e-02
 1.102538332e-01 1.294415742e-01 1.491774470e-01 1.696111560e-01 1.909451038e-01
 2.134540379e-01 2.375114560e-01 2.636204660e-01 2.924341261e-01 3.232951164e-01
 7.378509641e-02 7.165655494e-02 6.517114490e-02 5.779563263e-02 5.041399598e-02
 4.293370619e-02 3.531122580e-02 2.752257325e-02 1.955194399e-02 1.138697844e-02
 3.016555682e-03-5.570601672e-03-1.429363340e-02-2.309419401e-02-3.191599622e-02
-4.070541635e-02-4.941179603e-02-5.798749998e-02-6.638786942e-02-7.457099110e-02
-8.249740303e-02-9.012965113e-02-9.743184596e-02-1.043691337e-01-1.109071001e-01
-1.170112416e-01-1.226463392e-01-1.277759075e-01-1.323616654e-01-1.363629550e-01
-1.397363991e-01-1.424354166e-01-1.444100440e-01-1.456066817e-01-1.459682882e-01
-1.454343647e-01-1.439416707e-01-1.414248496e-01-1.378177255e-01-1.330548227e-01
-1.270735860e-01-1.198171601e-01-1.112376824e-01-1.013005525e-01-8.998917043e-02
-7.731048763e-02-6.330106407e-02-4.803341255e-02-3.162233904e-02-1.423061173e-02
 3.926644567e-03 2.225342579e-02 4.076268151e-02 5.947862566e-02 7.844017446e-02
 9.770316631e-02 1.173436791e-01 1.374631226e-01 1.581957340e-01 1.797196716e-01
 2.022734135e-01 2.261808366e-01 2.518903911e-01 2.800318599e-01 3.101579249e-01
 6.897883862e-02 6.625110656e-02 6.083936989e-02 5.420786887e-02 4.722282663e-02
 3.997411951e-02 3.248324618e-02 2.475618012e-02 1.679292880e-02 8.590712212e-03
 1.458222978e-04-8.544162847e-03-1.737970300e-02-2.630339190e-02-3.525916114e-02
-4.419334978e-02-5.305524543e-02-6.179725379e-02-7.037488371e-02-7.874654979e-02
-8.687327057e-02-9.471825510e-02-1.022464037e-01-1.094237864e-01-1.162170619e-01
-1.225928888e-01-1.285172999e-01-1.339550912e-01-1.388693005e-01-1.432205290e-01
-1.469666213e-01-1.500620097e-01-1.524575204e-01-1.541000605e-01-1.549325287e-01
-1.548939049e-01-1.539195925e-01-1.519419849e-01-1.488914639e-01-1.446978003e-01
-1.392920762e-01-1.326091290e-01-1.245908812e-01-1.151901484e-01-1.043753996e-01
-9.213629365e-02-7.848983258e-02-6.348714232e-02-4.722043499e-02-2.982986532e-02
-1.150950976e-02 7.488179486e-03 2.658223361e-02 4.578332230e-02 6.512140483e-02
 8.463907987e-02 1.043908745e-01 1.244445592e-01 1.448833793e-01 1.658087671e-01
 1.873437315e-01 2.096382231e-01 2.328822911e-01 2.573644519e-01 2.830825150e-01
 6.557194889e-02 6.260993332e-02 5.728133023e-02 5.093906447e-02 4.421152920e-02
 3.714397922e-02 2.976870723e-02 2.210335620e-02 1.415565889e-02 5.926841404e-03
-2.586874645e-03-1.133073401e-02-2.023821138e-02-2.924738266e-02-3.830005974e-02
-4.734159261e-02-5.632084236e-02-6.519011408e-02-7.390505821e-02-8.242439479e-02
-9.070958942e-02-9.872443974e-02-1.064345911e-01-1.138069555e-01-1.208091527e-01
-1.274089068e-01-1.335733682e-01-1.392685771e-01-1.444587708e-01-1.491058320e-01
-1.531687826e-01-1.566032022e-01-1.593608856e-01-1.613894850e-01-1.626323760e-01
-1.630285382e-01-1.625128239e-01-1.610164344e-01-1.584676355e-01-1.547930688e-01
-1.499193609e-01-1.437754780e-01-1.362956762e-01-1.274232715e-01-1.171150729e-01
-1.053469032e-01-9.211971611e-02-7.746651769e-02-6.145975739e-02-4.421892762e-02
-2.591829374e-02-6.794775371e-03 1.284233201e-02 3.241973370e-02 5.198267475e-02
 7.156356424e-02 9.119105339e-02 1.108920127e-01 1.306897402e-01 1.505984962e-01
 1.706121862e-01 1.906817704e-01 2.106673121e-01 2.302327901e-01 2.486716658e-01
 6.327234209e-02 6.019619852e-02 5.470779911e-02 4.836541042e-02 4.168865830e-02
 3.468381241e-02 2.736074105e-02 1.972692832e-02 1.178625133e-02 3.539016703e-03
-5.017624237e-03-1.380829141e-02-2.276954427e-02-3.184039891e-02-4.096292704e-02
-5.008256435e-02-5.914826319e-02-6.811250746e-02-7.693118602e-02-8.556337655e-02
-9.397098422e-02-1.021183729e-01-1.099718139e-01-1.174989790e-01-1.246683225e-01
-1.314484775e-01-1.378076524e-01-1.437129080e-01-1.491296440e-01-1.540208757e-01
-1.583467722e-01-1.620640606e-01-1.651255339e-01-1.674797684e-01-1.690708250e-01
-1.698381156e-01-1.697165221e-01-1.686367542e-01-1.665260345e-01-1.633090824e-01
-1.589096636e-01-1.532527655e-01-1.462672949e-01-1.378895938e-01-1.280678511e-01
-1.167672426e-01-1.039760187e-01-8.971221745e-02-7.403074205e-02-5.703034997e-02
-3.885926679e-02-1.971763186e-02 1.476985199e-04 1.992949657e-02 3.959210590e-02
 5.912483484e-02 7.852238417e-02 9.777545184e-02 1.168636456e-01 1.357471496e-01
 1.543551832e-01 1.725695580e-01 1.902036667e-01 2.069832236e-01 2.225492448e-01
 6.132071093e-02 5.813572928e-02 5.269368365e-02 4.632751644e-02 3.964745998e-02
 3.265333176e-02 2.534404770e-02 1.771866158e-02 9.775524028e-03 1.511781011e-03
-7.076927461e-03-1.590188593e-02-2.490117401e-02-3.401494399e-02-4.318604618e-02
-5.236046761e-02-6.148757413e-02-7.052019984e-02-7.941459864e-02-8.813020587e-02
-9.662937373e-02-1.048769355e-01-1.128397211e-01-1.204860210e-01-1.277850121e-01
-1.347060949e-01-1.412183046e-01-1.472896338e-01-1.528864354e-01-1.579727530e-01
-1.625097543e-01-1.664552093e-01-1.697629094e-01-1.723823398e-01-1.742583662e-01
-1.753310263e-01-1.755355895e-01-1.748027951e-01-1.730594486e-01-1.702293009e-01
-1.662345082e-01-1.609975100e-01-1.544436961e-01-1.465047449e-01-1.371228248e-01
-1.262556016e-01-1.138823628e-01-1.000107303e-01-8.468418568e-02-6.799005717e-02
-5.006781220e-02-3.111786395e-02-1.141265035e-02 8.684186265e-03 2.846714668e-02
 4.795194045e-02 6.713186949e-02 8.598529547e-02 1.044753343e-01 1.225462705e-01
 1.401183754e-01 1.570824534e-01 1.732963175e-01 1.885863543e-01 2.027586102e-01
 5.989476293e-02 5.664015561e-02 5.112466216e-02 4.472993314e-02 3.804061934e-02
 3.104764968e-02 2.374316193e-02 1.612064801e-02 8.174499497e-03-1.005844679e-04
-8.710294031e-03-1.755658351e-02-2.657921985e-02-3.571959212e-02-4.492142797e-02
-5.413132161e-02-6.329911947e-02-7.237801701e-02-8.132459223e-02-9.009864926e-02
-9.866286069e-02-1.069824621e-01-1.150247082e-01-1.227583960e-01-1.301532239e-01
-1.371792108e-01-1.438060552e-01-1.500024647e-01-1.557355821e-01-1.609702557e-01
-1.656685024e-01-1.697889417e-01-1.732862741e-01-1.761108041e-01-1.782081425e-01
-1.795190126e-01-1.799792200e-01-1.795198172e-01-1.780675948e-01-1.755460054e-01
-1.718763411e-01-1.669796556e-01-1.607792228e-01-1.532037705e-01-1.441915333e-01
-1.336952895e-01-1.216881275e-01-1.081703752e-01-9.317690879e-02-7.678503543e-02
-5.912194401e-02-4.037072137e-02-2.077260613e-02-6.202198565e-04 1.920256950e-02
 3.863810375e-02 5.765084922e-02 7.620708644e-02 9.426572919e-02 1.117735282e-01
 1.286624223e-01 1.448485404e-01 1.602332741e-01 1.747074127e-01 1.881586015e-01
 5.880498514e-02 5.549934134e-02 4.990534857e-02 4.350779578e-02 3.683185205e-02
 2.985641547e-02 2.256764099e-02 1.495575067e-02 7.013554219e-03-1.264210092e-03
-9.880171157e-03-1.873280667e-02-2.776387520e-02-3.691572323e-02-4.613260925e-02
-5.536147207e-02-6.455240399e-02-7.365883887e-02-8.263754845e-02-9.144853055e-02
-1.000547111e-01-1.084215567e-01-1.165166274e-01-1.243090406e-01-1.317688674e-01
-1.388665438e-01-1.455722451e-01-1.518552005e-01-1.576830894e-01-1.630213410e-01
-1.678326428e-01-1.720762402e-01-1.757075042e-01-1.786773950e-01-1.809321940e-01
-1.824132055e-01-1.830567271e-01-1.827942133e-01-1.815527081e-01-1.792556047e-01
-1.758239269e-01-1.711780578e-01-1.652401686e-01-1.579373181e-01-1.492054760e-01
-1.389943957e-01-1.272735149e-01-1.140386388e-01-9.931960702e-02-8.318839967e-02
-6.576756388e-02-4.723853618e-02-2.784989960e-02-7.926721126e-03 1.211383846e-02
 3.159800544e-02 5.053396150e-02 6.890861690e-02 8.669368178e-02 1.038481593e-01
 1.203198805e-01 1.360471249e-01 1.509611309e-01 1.649898440e-01 1.780628413e-01
 5.778454617e-02 5.440760404e-02 4.893157631e-02 4.261862487e-02 3.601435199e-02
 2.909131721e-02 2.183850110e-02 1.424916275e-02 6.316775922e-03-1.966462471e-03
-1.056026947e-02-1.940017194e-02-2.842446230e-02-3.757394850e-02-4.679220170e-02
-5.602585152e-02-6.522486359e-02-7.434263080e-02-8.333595097e-02-9.216488153e-02
-1.007924080e-01-1.091841087e-01-1.173076779e-01-1.251323819e-01-1.326285154e-01
-1.397666931e-01-1.465173811e-01-1.528500617e-01-1.587327570e-01-1.641312689e-01
-1.690086424e-01-1.733245254e-01-1.770347059e-01-1.800906062e-01-1.824388951e-01
-1.840213388e-01-1.847745925e-01-1.846304536e-01-1.835162193e-01-1.813554317e-01
-1.780690849e-01-1.735773981e-01-1.678020656e-01-1.606694162e-01-1.521143168e-01
-1.420850456e-01-1.305490285e-01-1.174996123e-01-1.029635519e-01-8.700910211e-02
-6.975413859e-02-5.137376115e-02-3.210636973e-02-1.225671172e-02 7.806911133e-03
 2.727770805e-02 4.615106806e-02 6.441246718e-02 8.203725517e-02 9.899140149e-02
 1.152327359e-01 1.307128668e-01 1.453795433e-01 1.591797769e-01 1.720634848e-01
 5.688143149e-02 5.333366618e-02 4.820657521e-02 4.216130450e-02 3.567079827e-02
 2.881268412e-02 2.160343342e-02 1.404587086e-02 6.137613207e-03-2.126475098e-03
-1.070095878e-02-1.952381432e-02-2.853378654e-02-3.767158091e-02-4.688054696e-02
-5.610712245e-02-6.530111283e-02-7.441579551e-02-8.340787143e-02-9.223730862e-02
-1.008670554e-01-1.092626452e-01-1.173917353e-01-1.252236068e-01-1.327285171e-01
-1.398771554e-01-1.466399878e-01-1.529866010e-01-1.588850617e-01-1.643012762e-01
-1.691984087e-01-1.735362560e-01-1.772707105e-01-1.803533882e-01-1.827311665e-01
-1.843459457e-01-1.851345897e-01-1.850291044e-01-1.839569360e-01-1.818418056e-01
-1.786048859e-01-1.741664410e-01-1.684481949e-01-1.613764465e-01-1.528858840e-01
-1.429245174e-01-1.314593107e-01-1.184829324e-01-1.040212065e-01-8.814105392e-02
-7.095844299e-02-5.264565721e-02-3.343685344e-02-1.363056712e-02 6.412142422e-03
 2.585178427e-02 4.468059167e-02 6.288309395e-02 8.043547720e-02 9.730591625e-02
 1.134556457e-01 1.288407147e-01 1.434142739e-01 1.571294069e-01 1.699422300e-01
 5.739877373e-02 5.398565158e-02 4.860576987e-02 4.242618382e-02 3.592451662e-02
 2.908461168e-02 2.190177888e-02 1.437305659e-02 6.494477391e-03-1.739906962e-03
-1.028989721e-02-1.909057982e-02-2.807980031e-02-3.719795123e-02-4.638820514e-02
-5.559686199e-02-6.477355957e-02-7.387141138e-02-8.284693956e-02-9.165994078e-02
-1.002731845e-01-1.086520478e-01-1.167640090e-01-1.245781630e-01-1.320646107e-01
-1.391938925e-01-1.459362656e-01-1.522611529e-01-1.581364721e-01-1.635279655e-01
-1.683986336e-01-1.727081239e-01-1.764122397e-01-1.794624478e-01-1.818055212e-01
-1.833833456e-01-1.841327548e-01-1.839857399e-01-1.828698814e-01-1.807090193e-01
-1.774245650e-01-1.729371250e-01-1.671688557e-01-1.600466520e-01-1.515059024e-01
-1.414954662e-01-1.299833357e-01-1.169634014e-01-1.024628878e-01-8.655036986e-02
-6.934386492e-02-5.101837218e-02-3.181186318e-02-1.202829089e-02 7.965167984e-03
 2.736679278e-02 4.617212713e-02 6.436684728e-02 8.192657679e-02 9.881766886e-02
 1.149984449e-01 1.304210573e-01 1.450339258e-01 1.587847322e-01 1.716240346e-01
 5.813019350e-02 5.477120727e-02 4.941776395e-02 4.322808608e-02 3.672342002e-02
 2.989392355e-02 2.273178287e-02 1.523183659e-02 7.390366867e-03-7.953089662e-04
-9.325996973e-03-1.810222119e-02-2.706476487e-02-3.615514189e-02-4.531689361e-02
-5.449631810e-02-6.364291161e-02-7.270958275e-02-8.165261149e-02-9.043154120e-02
-9.900886565e-02-1.073496491e-01-1.154210716e-01-1.231919155e-01-1.306319237e-01
-1.377112716e-01-1.443998516e-01-1.506667137e-01-1.564793587e-01-1.618030965e-01
-1.666005552e-01-1.708309501e-01-1.744496971e-01-1.774078906e-01-1.796519756e-01
-1.811235249e-01-1.817592084e-01-1.814908981e-01-1.802461892e-01-1.779491454e-01
-1.745215207e-01-1.698845923e-01-1.639614552e-01-1.566802561e-01-1.479780674e-01
-1.378058046e-01-1.261340529e-01-1.129596904e-01-9.831347317e-02-8.226803690e-02
-6.494621187e-02-4.652917758e-02-2.726455405e-02-7.475520484e-03 1.242402662e-02
 3.176940233e-02 5.056869984e-02 6.880908459e-02 8.646278828e-02 1.034895703e-01
 1.198382452e-01 1.354483217e-01 1.502524316e-01 1.641800404e-01 1.771622747e-01
 5.934027210e-02 5.606049299e-02 5.065697804e-02 4.449656978e-02 3.801636025e-02
 3.120861761e-02 2.406970412e-02 1.659710333e-02 8.788639680e-03 6.417600671e-04
-7.847142406e-03-1.658415981e-02-2.550797351e-02-3.455898166e-02-4.368001968e-02
-5.281689018e-02-6.191870570e-02-7.093800604e-02-7.983073592e-02-8.855608106e-02
-9.707616270e-02-1.053556651e-01-1.133613214e-01-1.210614443e-01-1.284253001e-01
-1.354224980e-01-1.420224011e-01-1.481934190e-01-1.539024264e-01-1.591141671e-01
-1.637905240e-01-1.678901315e-01-1.713677645e-01-1.741739213e-01-1.762545109e-01
-1.775507033e-01-1.779988408e-01-1.775306612e-01-1.760738492e-01-1.735527962e-01
-1.698900163e-01-1.650078893e-01-1.588311791e-01-1.512901932e-01-1.423249096e-01
-1.318898201e-01-1.199597716e-01-1.065366715e-01-9.165675938e-02-7.539831102e-02
-5.788890272e-02-3.931131214e-02-1.990560815e-02 3.751486656e-05 1.965117268e-02
 3.887880966e-02 5.768554658e-02 7.603829354e-02 9.389679879e-02 1.112089455e-01
 1.279082149e-01 1.439127177e-01 1.591262817e-01 1.734424680e-01 1.867518127e-01
 6.081692874e-02 5.761915073e-02 5.237442255e-02 4.626291245e-02 3.981169313e-02
 3.302364424e-02 2.590227313e-02 1.845091209e-02 1.067147683e-02 2.563782502e-03
-5.874753464e-03-1.456250995e-02-2.343637682e-02-3.243542463e-02-4.150161892e-02
-5.058017001e-02-5.961976200e-02-6.857256591e-02-7.739418000e-02-8.604340255e-02
-9.448193014e-02-1.026739702e-01-1.105857342e-01-1.181849465e-01-1.254402250e-01
-1.323204786e-01-1.387943476e-01-1.448294222e-01-1.503917873e-01-1.554453075e-01
-1.599510610e-01-1.638668329e-01-1.671465635e-01-1.697400510e-01-1.715925634e-01
-1.726447940e-01-1.728327721e-01-1.720882505e-01-1.703392118e-01-1.675108373e-01
-1.635268927e-01-1.583116800e-01-1.517926157e-01-1.439035982e-01-1.345890611e-01
-1.238090768e-01-1.115451977e-01-9.780710191e-02-8.264000714e-02-6.613239646e-02
-4.842403159e-02-2.971453778e-02-1.027388405e-02 9.539376944e-03 2.904137410e-02
 4.824708030e-02 6.714966893e-02 8.572775871e-02 1.039451584e-01 1.217473596e-01
 1.390565336e-01 1.557662785e-01 1.717381328e-01 1.868032813e-01 2.007730901e-01
 6.291453540e-02 5.983830616e-02 5.466956273e-02 4.859133810e-02 4.214384034e-02
 3.534606099e-02 2.821564488e-02 2.076579817e-02 1.300432999e-02 4.933946766e-03
-3.447541036e-03-1.207835414e-02-2.089138515e-02-2.982433885e-02-3.881872818e-02
-4.781961069e-02-5.677555129e-02-6.563855708e-02-7.436398417e-02-8.291031420e-02
-9.123881161e-02-9.931316972e-02-1.070990041e-01-1.145633459e-01-1.216740310e-01
-1.283991486e-01-1.347064078e-01-1.405624896e-01-1.459324509e-01-1.507791728e-01
-1.550627202e-01-1.587399095e-01-1.617637724e-01-1.640833467e-01-1.656432748e-01
-1.663838178e-01-1.662409604e-01-1.651467234e-01-1.630299091e-01-1.598171294e-01
-1.554343104e-01-1.498088539e-01-1.428722739e-01-1.345638037e-01-1.248345077e-01
-1.136525348e-01-1.010089070e-01-8.692411333e-02-7.145503163e-02-5.470160022e-02
-3.681237623e-02-1.798682287e-02 1.529540401e-03 2.096122131e-02 4.027393833e-02
 5.945716798e-02 7.850544900e-02 9.740932286e-02 1.161485538e-01 1.346840262e-01
 1.529465467e-01 1.708209813e-01 1.881257743e-01 2.045943439e-01 2.198780030e-01
 6.581265479e-02 6.291107088e-02 5.770974234e-02 5.159180611e-02 4.505470768e-02
 3.816505894e-02 3.096615896e-02 2.348055877e-02 1.571889967e-02 7.685212884e-03
-6.196963368e-04-9.194981307e-03-1.793567277e-02-2.678424679e-02-3.568449989e-02
-4.458262026e-02-5.342768133e-02-6.217188016e-02-7.077049464e-02-7.918174565e-02
-8.736652136e-02-9.528795630e-02-1.029109955e-01-1.102018878e-01-1.171276122e-01
-1.236552894e-01-1.297515631e-01-1.353820413e-01-1.405106783e-01-1.450992078e-01
-1.491066217e-01-1.524886936e-01-1.551975906e-01-1.571815759e-01-1.583848447e-01
-1.587475240e-01-1.582058966e-01-1.566928774e-01-1.541388035e-01-1.504727155e-01
-1.456240118e-01-1.395247132e-01-1.321123987e-01-1.233338416e-01-1.131494716e-01
-1.015385762e-01-8.850527555e-02-7.408520579e-02-5.835259706e-02-4.142757505e-02
-2.348346449e-02-4.754217807e-03 1.445653569e-02 3.361261636e-02 5.275636539e-02
 7.191826403e-02 9.112539142e-02 1.104032174e-01 1.297737807e-01 1.492503434e-01
 1.688264459e-01 1.884538829e-01 2.079963237e-01 2.271272242e-01 2.451606393e-01
 7.000848651e-02 6.755305082e-02 6.205709651e-02 5.540185422e-02 4.849783331e-02
 4.136965424e-02 3.402527422e-02 2.646499686e-02 1.868551970e-02 1.068132930e-02
 2.445195569e-03-6.031962112e-03-1.466523763e-02-2.339650691e-02-3.216967732e-02
-4.093123227e-02-4.963048175e-02-5.821973085e-02-6.665418297e-02-7.489180565e-02
-8.289306611e-02-9.062051773e-02-9.803838283e-02-1.051120460e-01-1.118074954e-01
-1.180908084e-01-1.239274815e-01-1.292819381e-01-1.341169178e-01-1.383929849e-01
-1.420680285e-01-1.450968087e-01-1.474307179e-01-1.490175128e-01-1.498011947e-01
-1.497222483e-01-1.487178653e-01-1.467226744e-01-1.436696947e-01-1.394916773e-01
-1.341231614e-01-1.275027841e-01-1.195765287e-01-1.103014499e-01-9.965026379e-02
-8.761661500e-02-7.422095537e-02-5.951699615e-02-4.359830543e-02-2.660482377e-02
-8.728482760e-03 9.782727808e-03 2.839291282e-02 4.711211100e-02 6.596882641e-02
 8.500379324e-02 1.042693406e-01 1.238306686e-01 1.437680125e-01 1.641791761e-01
 1.851829290e-01 2.069240063e-01 2.295860350e-01 2.534480691e-01 2.785070539e-01
 7.472358644e-02 7.283943892e-02 6.672364473e-02 5.934982002e-02 5.201664567e-02
 4.463211074e-02 3.714366257e-02 2.952035144e-02 2.174127474e-02 1.379006915e-02
 5.651991349e-03-2.688138280e-03-1.117543317e-02-1.974993572e-02-2.835545503e-02
-3.693879023e-02-4.544957727e-02-5.384026095e-02-6.206602231e-02-7.008458674e-02
-7.785598934e-02-8.534216136e-02-9.250655025e-02-9.931363165e-02-1.057283506e-01
-1.117156073e-01-1.172397286e-01-1.222638786e-01-1.267495900e-01-1.306562424e-01
-1.339406967e-01-1.365569085e-01-1.384556741e-01-1.395845711e-01-1.398879886e-01
-1.393073648e-01-1.377817392e-01-1.352485418e-01-1.316448301e-01-1.269088238e-01
-1.209822074e-01-1.138126776e-01-1.053573489e-01-9.558667988e-02-8.448906243e-02
-7.207597047e-02-5.838754028e-02-4.349846765e-02-2.752397023e-02-1.062519848e-02
 6.986707915e-03 2.477172576e-02 4.274209961e-02 6.092099100e-02 7.934573293e-02
 9.807010740e-02 1.171675026e-01 1.367359012e-01 1.569050997e-01 1.778474599e-01
 1.997937858e-01 2.230575383e-01 2.480727732e-01 2.754492760e-01 3.047518134e-01
 7.784167677e-02 7.620492578e-02 6.997266412e-02 6.249688938e-02 5.504493788e-02
 4.757161066e-02 4.004213214e-02 3.242827579e-02 2.470753528e-02 1.686150767e-02
 8.874634281e-03 7.337784627e-04-7.570688613e-03-1.594381407e-02-2.433385700e-02
-3.268956766e-02-4.096150398e-02-4.910250381e-02-5.706781149e-02-6.481495500e-02
-7.230354846e-02-7.949490100e-02-8.635166287e-02-9.283733368e-02-9.891578555e-02
-1.045507565e-01-1.097053438e-01-1.143414900e-01-1.184195504e-01-1.218978688e-01
-1.247324347e-01-1.268766224e-01-1.282810867e-01-1.288937628e-01-1.286600530e-01
-1.275233030e-01-1.254254580e-01-1.223081797e-01-1.181141958e-01-1.127892658e-01
-1.062845439e-01-9.855949879e-02-8.958551288e-02-7.934993505e-02-6.786062568e-02
-5.515080318e-02-4.128387943e-02-2.635815181e-02-1.051253080e-02 6.068903953e-03
 2.286467515e-02 3.988058120e-02 5.713101476e-02 7.464133203e-02 9.245076776e-02
 1.106159389e-01 1.292155236e-01 1.483567208e-01 1.681845784e-01 1.888953000e-01
 2.107550800e-01 2.341257334e-01 2.594943643e-01 2.874928117e-01 3.174811900e-01
 7.961948216e-02 7.812429965e-02 7.220706344e-02 6.481823325e-02 5.741810426e-02
 4.999699444e-02 4.253650829e-02 3.501858190e-02 2.742645890e-02 1.974465698e-02
 1.195849758e-02 4.053243436e-03-3.987484146e-03-1.209398918e-02-2.020855434e-02
-2.827819437e-02-3.625309840e-02-4.408609122e-02-5.173236877e-02-5.914925784e-02
-6.629594415e-02-7.313315570e-02-7.962273061e-02-8.572724462e-02-9.140949696e-02
-9.663209319e-02-1.013569534e-01-1.055449024e-01-1.091552749e-01-1.121455729e-01
-1.144712269e-01-1.160854772e-01-1.169393435e-01-1.169818267e-01-1.161602512e-01
-1.144209355e-01-1.117101312e-01-1.079752818e-01-1.031667292e-01-9.723990411e-02
-9.015794098e-02-8.189492673e-02-7.243963331e-02-6.179986149e-02-5.000710115e-02
-3.712129593e-02-2.323405445e-02-8.466739208e-03 7.018522825e-03 2.274376713e-02
 3.870518506e-02 5.490431190e-02 7.134987414e-02 8.805990964e-02 1.050641760e-01
 1.224071085e-01 1.401516050e-01 1.583840549e-01 1.772212237e-01 1.968203783e-01
 2.173946500e-01 2.392388284e-01 2.627798617e-01 2.886905968e-01 3.157675564e-01
 8.082960546e-02 7.950468361e-02 7.365102321e-02 6.639315933e-02 5.912823975e-02
 5.184494704e-02 4.453293979e-02 3.718225285e-02 2.978301235e-02 2.232509293e-02
 1.479799673e-02 7.191059180e-03-5.057594972e-04-8.299624547e-03-1.608172059e-02
-2.380402759e-02-3.141888604e-02-3.888008744e-02-4.614321515e-02-5.316561088e-02
-5.990619585e-02-6.632518023e-02-7.238370925e-02-7.804349810e-02-8.326638490e-02
-8.801393956e-02-9.224708378e-02-9.592569619e-02-9.900836647e-02-1.014521047e-01
-1.032122374e-01-1.042424217e-01-1.044947878e-01-1.039202586e-01-1.024691910e-01
-1.000921726e-01-9.674124420e-02-9.237141162e-02-8.694264293e-02-8.042224497e-02
-7.278774679e-02-6.403024495e-02-5.415826291e-02-4.320228472e-02-3.122035041e-02
-1.830677688e-02-4.605408292e-03 9.764218703e-03 2.439832129e-02 3.928406537e-02
 5.440915003e-02 6.976461411e-02 8.534659445e-02 1.011577994e-01 1.172088534e-01
 1.335197687e-01 1.501214355e-01 1.670569927e-01 1.843831390e-01 2.021707445e-01
 2.205041349e-01 2.394767255e-01 2.591755092e-01 2.796016634e-01 2.997097671e-01
 8.124810457e-02 8.006558567e-02 7.432128489e-02 6.725269556e-02 6.018179655e-02
 5.309065059e-02 4.597727209e-02 3.884207830e-02 3.168359399e-02 2.449744754e-02
 1.727657206e-02 1.001163200e-02 2.691157395e-03-4.699092358e-03-1.207266003e-02
-1.937670633e-02-2.656224370e-02-3.358290717e-02-4.039438441e-02-4.695406184e-02
-5.322071165e-02-5.915419757e-02-6.471512467e-02-6.986451149e-02-7.456342131e-02
-7.877261937e-02-8.245228231e-02-8.556170017e-02-8.805908263e-02-8.990145475e-02
-9.104465693e-02-9.144350886e-02-9.105212986e-02-8.982447535e-02-8.771514148e-02
-8.468044549e-02-8.067984879e-02-7.567778975e-02-6.964587420e-02-6.256551296e-02
-5.443087220e-02-4.525203630e-02-3.505803272e-02-2.389961667e-02-1.184734143e-02
 1.001817291e-03 1.418102533e-02 2.771387249e-02 4.154636711e-02 5.563984066e-02
 6.996363401e-02 8.449224383e-02 9.920438379e-02 1.140827537e-01 1.291140616e-01
 1.442889720e-01 1.596013904e-01 1.750469059e-01 1.906194091e-01 2.063044757e-01
 2.220672816e-01 2.378299832e-01 2.534297407e-01 2.685363293e-01 2.825033665e-01
 8.057771623e-02 7.942403108e-02 7.415977865e-02 6.744746119e-02 6.061812118e-02
 5.372949690e-02 4.682490975e-02 3.992532566e-02 3.303815424e-02 2.616280690e-02
 1.929377206e-02 1.242238283e-02 5.537933670e-03-1.371507533e-03-8.280269802e-03
-1.510115061e-02-2.178884111e-02-2.829904482e-02-3.458863869e-02-4.061564803e-02
-4.633908719e-02-5.171877518e-02-5.671506375e-02-6.128856167e-02-6.539986283e-02
-6.900928915e-02-7.207666337e-02-7.456114888e-02-7.642114908e-02-7.761436701e-02
-7.809793949e-02-7.782876492e-02-7.676401734e-02-7.486192137e-02-7.208270580e-02
-6.838997453e-02-6.375225633e-02-5.814513937e-02-5.155377090e-02-4.397585243e-02
-3.542488441e-02-2.593412250e-02-1.555835828e-02-4.390103277e-03 7.497614250e-03
 1.974254102e-02 3.232412785e-02 4.521884397e-02 5.839195848e-02 7.180546969e-02
 8.542074263e-02 9.919934720e-02 1.131033301e-01 1.270953119e-01 1.411383450e-01
 1.551954895e-01 1.692286432e-01 1.831962764e-01 1.970495731e-01 2.107259631e-01
 2.241394669e-01 2.371669114e-01 2.496311814e-01 2.612877190e-01 2.718316615e-01
 8.047673106e-02 7.976743579e-02 7.428608090e-02 6.738137454e-02 6.053171307e-02
 5.372675508e-02 4.698785022e-02 4.032268748e-02 3.373007476e-02 2.720345929e-02
 2.073306404e-02 1.430720650e-02 7.913239300e-03 1.538342098e-03-4.829472862e-03
-1.109355874e-02-1.721104234e-02-2.313928120e-02-2.883633412e-02-3.426104411e-02
-3.937295079e-02-4.413212836e-02-4.849901795e-02-5.243420228e-02-5.589824542e-02
-5.885150284e-02-6.125400588e-02-6.306542456e-02-6.424509734e-02-6.475222111e-02
-6.454617530e-02-6.358701736e-02-6.183622032e-02-5.925762653e-02-5.581865460e-02
-5.149177834e-02-4.625617713e-02-4.009960592e-02-3.302157670e-02-2.503699623e-02
-1.617774367e-02-6.507042795e-03 3.939245827e-03 1.481495705e-02 2.614043094e-02
 3.786252812e-02 4.993730783e-02 6.232297048e-02 7.497570664e-02 8.784883469e-02
 1.008927599e-01 1.140551046e-01 1.272809058e-01 1.405129284e-01 1.536919326e-01
 1.667568833e-01 1.796447486e-01 1.922896653e-01 2.046212256e-01 2.165615410e-01
 2.280212492e-01 2.388953120e-01 2.490601242e-01 2.583750188e-01 2.666913867e-01
 7.984692603e-02 7.951904088e-02 7.387660444e-02 6.657832861e-02 5.957953632e-02
 5.281578749e-02 4.624773189e-02 3.984909877e-02 3.359863907e-02 2.747696266e-02
 2.146562003e-02 1.554686017e-02 9.703496471e-03 3.918502480e-03-1.826136606e-03
-7.459790446e-03-1.293650642e-02-1.821378805e-02-2.325067855e-02-2.800702676e-02
-3.244320303e-02-3.651993349e-02-4.019817710e-02-4.343901202e-02-4.620354995e-02
-4.845282063e-02-5.014781281e-02-5.124949291e-02-5.171902478e-02-5.151810870e-02
-5.060945079e-02-4.895741493e-02-4.652904347e-02-4.329528287e-02-3.923241049e-02
-3.432386741e-02-2.856197953e-02-2.194567584e-02-1.448691264e-02-6.223674398e-03
 2.832987811e-03 1.237279177e-02 2.242584899e-02 3.295049444e-02 4.391444847e-02
 5.527924374e-02 6.700306386e-02 7.904058695e-02 9.134200215e-02 1.038521528e-01
 1.165099889e-01 1.292483360e-01 1.419940889e-01 1.546688676e-01 1.671902090e-01
 1.794732660e-01 1.914325058e-01 2.029836327e-01 2.140448391e-01 2.245374024e-01
 2.343855798e-01 2.435161471e-01 2.518582046e-01 2.593445182e-01 2.659148872e-01
 7.704024762e-02 7.679400593e-02 7.127863914e-02 6.404184550e-02 5.715082586e-02
 5.058413744e-02 4.430419207e-02 3.827430308e-02 3.246072680e-02 2.683323622e-02
 2.136517316e-02 1.603325643e-02 1.081736013e-02 5.700428039e-03 6.689442089e-04
-4.285035655e-03-9.062028490e-03-1.362709701e-02-1.794310100e-02-2.197211049e-02
-2.567596734e-02-2.901656367e-02-3.195593506e-02-3.445630148e-02-3.648008034e-02
-3.798986599e-02-3.894846886e-02-3.931912780e-02-3.906587884e-02-3.815409541e-02
-3.655102104e-02-3.422634304e-02-3.115361929e-02-2.731219865e-02-2.268804796e-02
-1.727772690e-02-1.110367104e-02-4.162922502e-03 3.555762814e-03 1.179503743e-02
 2.058961429e-02 2.990919352e-02 3.973316774e-02 5.003531650e-02 6.078614667e-02
 7.195167989e-02 8.349276334e-02 9.536402673e-02 1.075126678e-01 1.198770329e-01
 1.323854029e-01 1.449550986e-01 1.574923992e-01 1.698933691e-01 1.820463091e-01
 1.938354373e-01 2.051461786e-01 2.158708721e-01 2.259143144e-01 2.351981103e-01
 2.436631173e-01 2.512698770e-01 2.579971552e-01 2.638395131e-01 2.688045204e-01
 7.241790742e-02 7.224885374e-02 6.656613946e-02 5.950058252e-02 5.290378258e-02
 4.672113061e-02 4.090270028e-02 3.539763018e-02 3.015928157e-02 2.514743432e-02
 2.032857947e-02 1.567531750e-02 1.116537303e-02 6.780458149e-03 2.504868200e-03
-1.676744898e-03-5.684036762e-03-9.477530606e-03-1.301917154e-02-1.627154090e-02
-1.919741742e-02-2.175990865e-02-2.392257378e-02-2.564955689e-02-2.690564282e-02
-2.765619755e-02-2.786695026e-02-2.750430815e-02-2.653619274e-02-2.493322082e-02
-2.266941965e-02-1.971975900e-02-1.606339402e-02-1.169181056e-02-6.593993865e-03
-7.339051808e-04 5.647351034e-03 1.260739285e-02 2.015872672e-02 2.827173471e-02
 3.693167493e-02 4.612217471e-02 5.582629517e-02 6.602479517e-02 7.669513673e-02
 8.781021833e-02 9.933692217e-02 1.112343147e-01 1.234513447e-01 1.359242648e-01
 1.485738009e-01 1.613025069e-01 1.739928424e-01 1.865070760e-01 1.986901462e-01
 2.103764415e-01 2.214006931e-01 2.316114604e-01 2.408846319e-01 2.491340041e-01
 2.563169003e-01 2.624343336e-01 2.675255239e-01 2.716581523e-01 2.749162912e-01
 6.495694071e-02 6.463638693e-02 5.932197720e-02 5.262695998e-02 4.654663801e-02
 4.099209979e-02 3.586886823e-02 3.109599836e-02 2.660930343e-02 2.235984057e-02
 1.831105538e-02 1.443599164e-02 1.071499567e-02 7.133976091e-03 3.683162387e-03
 3.564528306e-04-2.848157892e-03-5.834139418e-03-8.565955795e-03-1.100889500e-02
-1.312700752e-02-1.488496363e-02-1.624848135e-02-1.718465798e-02-1.766242273e-02
-1.765257679e-02-1.712495834e-02-1.604899764e-02-1.439580414e-02-1.214265916e-02
-9.283769876e-03-5.793140270e-03-1.632945845e-03 3.134295112e-03 8.430603892e-03
 1.428904198e-02 2.069708146e-02 2.765687183e-02 3.516932204e-02 4.322988912e-02
 5.183322728e-02 6.097311154e-02 7.064234465e-02 8.083207905e-02 9.153091162e-02
 1.027236059e-01 1.143893376e-01 1.264991909e-01 1.390129626e-01 1.518746763e-01
 1.650072187e-01 1.783056110e-01 1.916298866e-01 2.047993541e-01 2.175913751e-01
 2.297499329e-01 2.410075665e-01 2.511180639e-01 2.598899007e-01 2.672099471e-01
 2.730540037e-01 2.774855793e-01 2.806431651e-01 2.827154398e-01 2.839077711e-01
 5.445517227e-02 5.384896696e-02 4.883750156e-02 4.287738726e-02 3.776263818e-02
 3.324762359e-02 2.915739268e-02 2.538077533e-02 2.184781432e-02 1.851421222e-02
 1.535188314e-02 1.234333962e-02 9.478298016e-03 6.751622073e-03 4.162072670e-03
 1.711551566e-03-5.954634980e-04-2.752911998e-03-4.653721116e-03-6.274118088e-03
-7.573961280e-03-8.519234136e-03-9.078164585e-03-9.220934473e-03-8.922494017e-03
-8.171381429e-03-6.942238659e-03-5.203333218e-03-2.916979371e-03-3.379647387e-05
 3.296412760e-03 7.125802338e-03 1.148066204e-02 1.636269316e-02 2.176551148e-02
 2.769159339e-02 3.414264694e-02 4.112210497e-02 4.863404110e-02 5.668241903e-02
 6.527134776e-02 7.440524548e-02 8.408873528e-02 9.432643652e-02 1.051223949e-01
 1.164791510e-01 1.283962578e-01 1.408679336e-01 1.538794190e-01 1.674015522e-01
 1.813825071e-01 1.957357228e-01 2.103225589e-01 2.249291986e-01 2.392407656e-01
 2.528298199e-01 2.651940584e-01 2.758587003e-01 2.844810188e-01 2.908921242e-01
 2.950952053e-01 2.972607017e-01 2.977198362e-01 2.969196141e-01 2.953169644e-01
 3.906554729e-02 3.756501153e-02 3.350503370e-02 2.966113202e-02 2.651472576e-02
 2.367670648e-02 2.102301829e-02 1.850315183e-02 1.609575190e-02 1.379314903e-02
 1.159487944e-02 9.504621848e-03 7.528704591e-03 5.675422028e-03 3.954832908e-03
 2.378957113e-03 9.623559890e-04-2.766649122e-04-1.313546672e-03-2.140831202e-03
-2.635731595e-03-2.781203482e-03-2.550939796e-03-1.910479739e-03-8.122900617e-04
 6.379609113e-04 2.485205419e-03 4.760584794e-03 7.486301009e-03 1.067408547e-02
 1.431515906e-02 1.841592230e-02 2.298513614e-02 2.802934498e-02 3.355379030e-02
 3.956470266e-02 4.606929049e-02 5.307612568e-02 6.059518084e-02 6.863792986e-02
 7.721752673e-02 8.634908497e-02 9.604996443e-02 1.063400209e-01 1.172417402e-01
 1.287803203e-01 1.409833431e-01 1.538798362e-01 1.674984694e-01 1.818636954e-01
 1.969888657e-01 2.128638774e-01 2.294329256e-01 2.465531230e-01 2.639096677e-01
 2.808304727e-01 2.960906923e-01 3.084748685e-01 3.174327612e-01 3.228231072e-01
 3.246978521e-01 3.233050704e-01 3.192536235e-01 3.137398064e-01 3.080237508e-01
 1.796549745e-02 1.394039206e-02 1.404060423e-02 1.449821144e-02 1.409530174e-02
 1.326611172e-02 1.220515184e-02 1.101760473e-02 9.770252742e-03 8.510527201e-03
 7.274834905e-03 6.092743482e-03 4.989394452e-03 3.987107426e-03 3.106594319e-03
 2.367996145e-03 1.791867428e-03 1.400169102e-03 1.217242563e-03 1.270426204e-03
 1.597225200e-03 2.225514036e-03 3.178672632e-03 4.476455040e-03 6.132375449e-03
 8.144758642e-03 1.052354090e-02 1.328130905e-02 1.642959006e-02 1.997711137e-02
 2.392954938e-02 2.829347365e-02 3.307639435e-02 3.828636557e-02 4.393215850e-02
 5.002378300e-02 5.657282472e-02 6.359279156e-02 7.109942287e-02 7.911103219e-02
 8.764895797e-02 9.673812240e-02 1.064077690e-01 1.166923344e-01 1.276326776e-01
 1.392774582e-01 1.516848803e-01 1.649247408e-01 1.790806353e-01 1.942521185e-01
 2.105559707e-01 2.281258851e-01 2.471090108e-01 2.676610351e-01 2.899544537e-01
 3.142946064e-01 3.361212313e-01 3.511776328e-01 3.605168760e-01 3.646885455e-01
 3.632191122e-01 3.565426171e-01 3.439561427e-01 3.296399117e-01 3.188144565e-01
 3.358127316e-03-1.473533222e-03-4.466156242e-04 1.637747744e-03 2.864856506e-03
 3.481013700e-03 3.680172376e-03 3.604816040e-03 3.359457711e-03 3.022355726e-03
 2.653609263e-03 2.300582128e-03 2.001628745e-03 1.788761234e-03 1.689624041e-03
 1.729000127e-03 1.929972554e-03 2.314817160e-03 2.905627247e-03 3.724629525e-03
 4.794134758e-03 6.134092808e-03 7.761569228e-03 9.690512903e-03 1.193144266e-02
 1.449161395e-02 1.737817749e-02 2.059835382e-02 2.415905520e-02 2.806667984e-02
 3.232736886e-02 3.694776818e-02 4.193554074e-02 4.729967937e-02 5.305080861e-02
 5.920152739e-02 6.576671451e-02 7.276386023e-02 8.021336794e-02 8.813903481e-02
 9.656854719e-02 1.055342853e-01 1.150743514e-01 1.252340376e-01 1.360677481e-01
 1.476418376e-01 1.600382179e-01 1.733597070e-01 1.877371222e-01 2.033393681e-01
 2.203869671e-01 2.391693294e-01 2.600639760e-01 2.835526764e-01 3.102307320e-01
 3.387187123e-01 3.605702221e-01 3.756105304e-01 3.842171431e-01 3.861130774e-01
 3.814936280e-01 3.693864942e-01 3.510453701e-01 3.352746964e-01 3.226299882e-01
-6.604184862e-03-1.183642354e-02-1.059788838e-02-8.079404011e-03-6.213914603e-03
-4.871353041e-03-3.925439436e-03-3.261247184e-03-2.781173447e-03-2.405323554e-03
-2.069390379e-03-1.721755136e-03-1.320631476e-03-8.315956802e-04-2.256035805e-04
 5.225170753e-04 1.435157144e-03 2.532662591e-03 3.833767259e-03 5.355745554e-03
 7.114285603e-03 9.123055264e-03 1.139342878e-02 1.393441204e-02 1.675274223e-02
 1.985329576e-02 2.323983051e-02 2.691553533e-02 3.088339604e-02 3.514657915e-02
 3.970891610e-02 4.457544163e-02 4.975290224e-02 5.525021255e-02 6.107879803e-02
 6.725287437e-02 7.378965616e-02 8.070958406e-02 8.803647757e-02 9.579784423e-02
 1.040253192e-01 1.127553657e-01 1.220302731e-01 1.318996996e-01 1.424227655e-01
 1.536712050e-01 1.657337397e-01 1.787224561e-01 1.927824169e-01 2.081063092e-01
 2.249577045e-01 2.437092662e-01 2.649042010e-01 2.893330157e-01 3.178318441e-01
 3.430393338e-01 3.620970249e-01 3.750374615e-01 3.816756010e-01 3.819764555e-01
 3.748336434e-01 3.596397042e-01 3.431904316e-01 3.294919729e-01 3.180083930e-01
-1.302976068e-02-1.853431948e-02-1.773336343e-02-1.525965612e-02-1.329082530e-02
-1.173664909e-02-1.049078070e-02-9.453992359e-03-8.540986106e-03-7.682020776e-03
-6.821507588e-03-5.915326532e-03-4.928022157e-03-3.830395173e-03-2.597706625e-03
-1.208468340e-03 3.562810598e-04 2.113338560e-03 4.077456892e-03 6.261315662e-03
 8.675409481e-03 1.132792141e-02 1.422467083e-02 1.736918092e-02 2.076289430e-02
 2.440551296e-02 2.829550207e-02 3.243063763e-02 3.680861741e-02 4.142771289e-02
 4.628752545e-02 5.138970539e-02 5.673864856e-02 6.234205514e-02 6.821131706e-02
 7.436167449e-02 8.081226051e-02 8.758594841e-02 9.470921010e-02 1.022119746e-01
 1.101277024e-01 1.184936315e-01 1.273513883e-01 1.367480010e-01 1.467373669e-01
 1.573823839e-01 1.687579304e-01 1.809550077e-01 1.940866411e-01 2.082965374e-01
 2.237728089e-01 2.407711744e-01 2.596621811e-01 2.810726166e-01 3.039133847e-01
 3.231218755e-01 3.379120827e-01 3.480211198e-01 3.533504903e-01 3.531389534e-01
 3.471184671e-01 3.359569311e-01 3.252610266e-01 3.155240715e-01 3.067809939e-01
-1.717450470e-02-2.305273525e-02-2.246303670e-02-2.036440000e-02-1.872679032e-02
-1.739499532e-02-1.623587124e-02-1.514668390e-02-1.405423880e-02-1.290839538e-02
-1.167470869e-02-1.032830495e-02-8.849525824e-03-7.221247535e-03-5.427529104e-03
-3.453210229e-03-1.284092665e-03 1.092588762e-03 3.687624820e-03 6.509367377e-03
 9.563415311e-03 1.285248250e-02 1.637643017e-02 2.013243735e-02 2.411528118e-02
 2.831770666e-02 3.273089230e-02 3.734505177e-02 4.215022177e-02 4.713721946e-02
 5.229880288e-02 5.763087794e-02 6.313361973e-02 6.881233305e-02 7.467793673e-02
 8.074698597e-02 8.704120666e-02 9.358683228e-02 1.004136056e-01 1.075540110e-01
 1.150425524e-01 1.229153872e-01 1.312102228e-01 1.399665028e-01 1.492259353e-01
 1.590328515e-01 1.694348454e-01 1.804828197e-01 1.922301948e-01 2.047300041e-01
 2.180269957e-01 2.321377695e-01 2.470026910e-01 2.623772323e-01 2.775282562e-01
 2.909371853e-01 3.017677963e-01 3.095941246e-01 3.141415417e-01 3.152690828e-01
 3.130911291e-01 3.087080717e-01 3.033333123e-01 2.975930870e-01 2.918606997e-01
-1.830379479e-02-2.456173673e-02-2.475143597e-02-2.366060391e-02-2.297561243e-02
-2.237569727e-02-2.167515829e-02-2.078630030e-02-1.968015730e-02-1.835653931e-02
-1.682550088e-02-1.509718783e-02-1.317703724e-02-1.106438227e-02-8.753101341e-03
-6.233401597e-03-3.493999364e-03-5.242162733e-04 2.684326377e-03 6.136566401e-03
 9.833435528e-03 1.377179101e-02 1.794469170e-02 2.234182693e-02 2.694993466e-02
 3.175312653e-02 3.673319519e-02 4.187009111e-02 4.714274406e-02 5.253043771e-02
 5.801476911e-02 6.358190626e-02 6.922482699e-02 7.494499534e-02 8.075316250e-02
 8.666909486e-02 9.272027016e-02 9.893981367e-02 1.053641587e-01 1.120308712e-01
 1.189769655e-01 1.262377352e-01 1.338461637e-01 1.418325752e-01 1.502243727e-01
 1.590454429e-01 1.683150232e-01 1.780454069e-01 1.882378310e-01 1.988751888e-01
 2.099098563e-01 2.212439328e-01 2.327001542e-01 2.439872772e-01 2.546848655e-01
 2.643014789e-01 2.723954022e-01 2.786507010e-01 2.828956544e-01 2.851173282e-01
 2.854864001e-01 2.843476832e-01 2.821219563e-01 2.791918516e-01 2.758557498e-01
-1.488524862e-02-2.107479051e-02-2.394127846e-02-2.567541972e-02-2.706531808e-02
-2.779077552e-02-2.778440341e-02-2.713903971e-02-2.597819641e-02-2.441263199e-02
-2.252859809e-02-2.038512938e-02-1.801542379e-02-1.543109026e-02-1.262817439e-02
-9.593656287e-03-6.311364938e-03-2.766680671e-03 1.050181338e-03 5.142338574e-03
 9.505770169e-03 1.412996184e-02 1.899921894e-02 2.409401909e-02 2.939184383e-02
 3.486725688e-02 4.049132392e-02 4.623100534e-02 5.204927921e-02 5.790685490e-02
 6.376575679e-02 6.959429383e-02 7.537218183e-02 8.109448850e-02 8.677340299e-02
 9.243741632e-02 9.812791646e-02 1.038940847e-01 1.097872183e-01 1.158560812e-01
 1.221438497e-01 1.286867261e-01 1.355136037e-01 1.426461488e-01 1.500987709e-01
 1.578781754e-01 1.659821421e-01 1.743972152e-01 1.830950379e-01 1.920271814e-01
 2.011181563e-01 2.102571875e-01 2.192909420e-01 2.280211896e-01 2.362139523e-01
 2.436233908e-01 2.500252724e-01 2.552480996e-01 2.591947317e-01 2.618535757e-01
 2.632987499e-01 2.636756003e-01 2.631724775e-01 2.619877756e-01 2.603050768e-01
-1.060437970e-02-1.703362726e-02-2.308617346e-02-2.893837728e-02-3.420951962e-02
-3.598272428e-02-3.612955287e-02-3.520180285e-02-3.354604170e-02-3.140385449e-02
-2.894077823e-02-2.625610121e-02-2.339186519e-02-2.034698986e-02-1.709415577e-02
-1.359505858e-02-9.811824188e-03-5.714639090e-03-1.286434592e-03 3.474920755e-03
 8.557043038e-03 1.393614989e-02 1.958194003e-02 2.546220459e-02 3.154514357e-02
 3.779846430e-02 4.418576509e-02 5.066155270e-02 5.716728419e-02 6.363168359e-02
 6.997799128e-02 7.613708079e-02 8.206105232e-02 8.773275465e-02 9.316978604e-02
 9.842303395e-02 1.035686210e-01 1.086939424e-01 1.138826907e-01 1.192049012e-01
 1.247135028e-01 1.304454654e-01 1.364241391e-01 1.426617354e-01 1.491606534e-01
 1.559140980e-01 1.629055887e-01 1.701077968e-01 1.774805188e-01 1.849682033e-01
 1.924973875e-01 1.999746710e-01 2.072864324e-01 2.143016458e-01 2.208790779e-01
 2.268784940e-01 2.321744561e-01 2.366697788e-01 2.403057665e-01 2.430677861e-01
 2.449847758e-01 2.461230457e-01 2.465754002e-01 2.464483976e-01 2.458505630e-01
-8.335215971e-03-1.559250057e-02-2.349009924e-02-3.243491799e-02-4.231245816e-02
-4.782481864e-02-4.801039398e-02-4.558044672e-02-4.255674779e-02-3.923276439e-02
-3.583538160e-02-3.247284889e-02-2.913510613e-02-2.573854662e-02-2.217458002e-02
-1.833995990e-02-1.415032800e-02-9.545794688e-03-4.494971596e-03 1.001099707e-03
 6.908531301e-03 1.316924021e-02 1.971866749e-02 2.650282159e-02 3.348486871e-02
 4.064053297e-02 4.794622958e-02 5.536218733e-02 6.281144917e-02 7.016339153e-02
 7.724662870e-02 8.389972150e-02 9.001542628e-02 9.555286914e-02 1.005398929e-01
 1.050790995e-01 1.093399748e-01 1.135117337e-01 1.177465916e-01 1.221418008e-01
 1.267512143e-01 1.316007078e-01 1.366986930e-01 1.420421004e-01 1.476192325e-01
 1.534109414e-01 1.593906730e-01 1.655239165e-01 1.717672646e-01 1.780676246e-01
 1.843614429e-01 1.905748993e-01 1.966250688e-01 2.024226785e-01 2.078765035e-01
 2.128992528e-01 2.174140066e-01 2.213604897e-01 2.246998549e-01 2.274173945e-01
 2.295224220e-01 2.310458124e-01 2.320353538e-01 2.325500101e-01 2.326542884e-01
-5.501374602e-03-1.295793243e-02-2.135855891e-02-3.119312786e-02-4.284701124e-02
-5.164747685e-02-5.623633787e-02-5.643887818e-02-5.223527551e-02-4.683424160e-02
-4.214005172e-02-3.823078796e-02-3.479470313e-02-3.146676347e-02-2.795969136e-02
-2.407452650e-02-1.967171393e-02-1.465110015e-02-8.950436488e-03-2.564458875e-03
 4.421675578e-03 1.183323283e-02 1.949413121e-02 2.730962075e-02 3.526360914e-02
 4.338518158e-02 5.172197148e-02 6.031767651e-02 6.917160004e-02 7.809785753e-02
 8.652921766e-02 9.402121603e-02 1.004319116e-01 1.057119220e-01 1.098573580e-01
 1.129811406e-01 1.155687645e-01 1.182355657e-01 1.212021783e-01 1.245093420e-01
 1.281503141e-01 1.321039796e-01 1.363446712e-01 1.408448219e-01 1.455752254e-01
 1.505044699e-01 1.555979848e-01 1.608172655e-01 1.661190987e-01 1.714550555e-01
 1.767715961e-01 1.820103228e-01 1.871093214e-01 1.920049787e-01 1.966346353e-01
 2.009397000e-01 2.048689723e-01 2.083816975e-01 2.114499658e-01 2.140600979e-01
 2.162126452e-01 2.179214060e-01 2.192112505e-01 2.201154083e-01 2.206725180e-01
-1.234218827e-03-8.054345846e-03-1.555696223e-02-2.386003546e-02-3.296382725e-02
-4.264950007e-02-5.119575933e-02-5.557692423e-02-5.532067642e-02-5.003992468e-02
-4.496098682e-02-4.200433195e-02-3.997201473e-02-3.769727424e-02-3.488048539e-02
-3.138121963e-02-2.707978897e-02-2.184580825e-02-1.552610286e-02-7.951099426e-03
 9.411386563e-04 1.028243080e-02 1.934452727e-02 2.819233201e-02 3.698164970e-02
 4.587842897e-02 5.506012961e-02 6.473600119e-02 7.519056648e-02 8.682230860e-02
 9.725118428e-02 1.057265773e-01 1.125069186e-01 1.174603552e-01 1.205229163e-01
 1.214198619e-01 1.210473403e-01 1.218934581e-01 1.235675588e-01 1.258558482e-01
 1.286263168e-01 1.317897439e-01 1.352811307e-01 1.390492469e-01 1.430502534e-01
 1.472437233e-01 1.515902728e-01 1.560498923e-01 1.605812013e-01 1.651408225e-01
 1.696833968e-01 1.741619855e-01 1.785288006e-01 1.827364415e-01 1.867393702e-01
 1.904956549e-01 1.939687431e-01 1.971290708e-01 1.999552250e-01 2.024347782e-01
 2.045642883e-01 2.063488513e-01 2.078011036e-01 2.089397311e-01 2.097880244e-01
 4.222570919e-03-1.501906896e-03-7.627794053e-03-1.415318809e-02-2.099333890e-02
-2.797267027e-02-3.483840823e-02-4.128532857e-02-4.498520866e-02-4.282008111e-02
-4.025767744e-02-4.003238678e-02-4.066194221e-02-3.989737108e-02-3.803564236e-02
-3.515817970e-02-3.121458925e-02-2.608436719e-02-1.955842972e-02-1.124140993e-02
-4.046818358e-04 1.069308538e-02 2.057437412e-02 2.984779142e-02 3.888566792e-02
 4.795666039e-02 5.730145425e-02 6.718438864e-02 7.794400305e-02 8.995059878e-02
 1.007237807e-01 1.093645841e-01 1.161074713e-01 1.208812594e-01 1.235527471e-01
 1.238018572e-01 1.227191314e-01 1.228885055e-01 1.239579767e-01 1.256774813e-01
 1.278902590e-01 1.304954141e-01 1.334228963e-01 1.366189122e-01 1.400379688e-01
 1.436388046e-01 1.473822445e-01 1.512300372e-01 1.551441103e-01 1.590862572e-01
 1.630181074e-01 1.669012606e-01 1.706978679e-01 1.743712872e-01 1.778869331e-01
 1.812132597e-01 1.843227148e-01 1.871926337e-01 1.898058653e-01 1.921512336e-01
 1.942235082e-01 1.960232854e-01 1.975563765e-01 1.988330632e-01 1.998672038e-01
 0.179561698E+01 0.181933618E+01 0.183414495E+01 0.185117710E+01 0.186863756E+01
 0.189000547E+01 0.190682709E+01 0.192473197E+01 0.194268894E+01 0.196070898E+01
 0.197915208E+01 0.199785054E+01 0.201673365E+01 0.203616548E+01 0.205592251E+01
 0.207557368E+01 0.209605336E+01 0.211678720E+01 0.213789129E+01 0.215931439E+01
 0.218150640E+01 0.220410681E+01 0.222714615E+01 0.225071692E+01 0.227514315E+01
 0.230018854E+01 0.232582569E+01 0.235218930E+01 0.237955213E+01 0.240772676E+01
 0.243675303E+01 0.246675801E+01 0.249787354E+01 0.253026319E+01 0.256376028E+01
 0.259846997E+01 0.263470912E+01 0.267252374E+01 0.271207762E+01 0.275323820E+01
 0.279637098E+01 0.284165812E+01 0.288933659E+01 0.293946314E+01 0.299223399E+01
 0.304820609E+01 0.310734653E+01 0.317051578E+01 0.323761392E+01 0.330966854E+01
 0.338690066E+01 0.347044182E+01 0.356085563E+01 0.365960336E+01 0.376765943E+01
 0.388718414E+01 0.402084160E+01 0.417122746E+01 0.434480762E+01 0.454827833E+01
 0.479243326E+01 0.510269356E+01 0.552556324E+01 0.620408773E+01 0.100895348E+02
   90   86
 0.107734406E+01-0.500000007E-01 0.107806504E+01 0.500000007E-01 0.108104062E+01
 0.100000001E+00 0.109163618E+01 0.200000003E+00 0.110562503E+01 0.285685956E+00
 0.111776865E+01 0.349999994E+00 0.113218749E+01 0.418376625E+00 0.115030110E+01
 0.500000000E+00 0.116189933E+01 0.550000012E+00 0.118507004E+01 0.648170531E+00
 0.119769442E+01 0.699999988E+00 0.121187496E+01 0.757918775E+00 0.123687148E+01
 0.850000024E+00 0.125324678E+01 0.899999976E+00 0.127527761E+01 0.949999988E+00
 0.131812501E+01 0.998252690E+00 0.134468746E+01 0.101041436E+01 0.139781249E+01
 0.101349247E+01 0.145093751E+01 0.100376105E+01 0.147749996E+01 0.996190846E+00
 0.153062499E+01 0.979233742E+00 0.158375001E+01 0.957144260E+00 0.161031246E+01
 0.944230795E+00 0.166343749E+01 0.916879177E+00 0.169182193E+01 0.899565160E+00
 0.174312496E+01 0.867182016E+00 0.176968753E+01 0.847892165E+00 0.182281256E+01
 0.808144331E+00 0.184937501E+01 0.786179245E+00 0.188999522E+01 0.750000000E+00
 0.192906249E+01 0.713442147E+00 0.195562506E+01 0.686227500E+00 0.198879910E+01
 0.649999976E+00 0.203028250E+01 0.600000024E+00 0.206187510E+01 0.558448851E+00
 0.208843756E+01 0.519296229E+00 0.211500001E+01 0.475901455E+00 0.214156246E+01
 0.427537560E+00 0.216812491E+01 0.373218268E+00 0.219468760E+01 0.311430424E+00
 0.221722007E+01 0.250000000E+00 0.223310471E+01 0.200000003E+00 0.224781251E+01
 0.140223324E+00 0.226189113E+01 0.500000007E-01 0.226214409E+01-0.500000007E-01
 0.224781251E+01-0.144456252E+00 0.223444200E+01-0.200000003E+00 0.221913791E+01
-0.250000000E+00 0.219468760E+01-0.318778157E+00 0.216812491E+01-0.382646918E+00
 0.214156246E+01-0.439030051E+00 0.211500001E+01-0.489443004E+00 0.208843756E+01
-0.534916699E+00 0.206187510E+01-0.576286793E+00 0.203531241E+01-0.614199996E+00
 0.200742173E+01-0.650638163E+00 0.196640384E+01-0.699999988E+00 0.192906249E+01
-0.741688669E+00 0.190250003E+01-0.769975483E+00 0.187196326E+01-0.800000012E+00
 0.182281256E+01-0.846691906E+00 0.179624999E+01-0.871038914E+00 0.176115346E+01
-0.899999976E+00 0.171656251E+01-0.936139941E+00 0.169000006E+01-0.955848336E+00
 0.163687503E+01-0.991913497E+00 0.161031246E+01-0.100897574E+01 0.155718756E+01
-0.103941393E+01 0.153062499E+01-0.105344868E+01 0.147749996E+01-0.107922912E+01
 0.142645645E+01-0.110000002E+01 0.139781249E+01-0.111172616E+01 0.134468746E+01
-0.112883973E+01 0.129156256E+01-0.114113617E+01 0.124187601E+01-0.114999998E+01
 0.121709585E+01-0.115373003E+01 0.121546841E+01-0.104999995E+01 0.121187496E+01
-0.983659148E+00 0.120532477E+01-0.899999976E+00 0.119294107E+01-0.800000012E+00
 0.118500066E+01-0.750000000E+00 0.116741610E+01-0.649999976E+00 0.115785456E+01
-0.600000024E+00 0.113849199E+01-0.500000000E+00 0.112880170E+01-0.449999988E+00
 0.111044240E+01-0.349999994E+00 0.110201645E+01-0.300000012E+00 0.108816183E+01
-0.200000003E+00 0.107957506E+01-0.100000001E+00 0.107734406E+01-0.500000007E-01
 0.101600003E+01 0.000000000E+00 0.101600003E+01 0.963999987E+00 0.101600003E+01
 0.967999995E+00 0.101600003E+01 0.100100005E+01 0.101600003E+01 0.101900005E+01
 0.101600003E+01 0.107700002E+01 0.101600003E+01 0.107000005E+01 0.101600003E+01
 0.109599996E+01 0.101600003E+01 0.111300004E+01 0.101600003E+01 0.113800001E+01
 0.101600003E+01 0.114699996E+01 0.101199996E+01 0.116499996E+01 0.100100005E+01
 0.121700001E+01 0.102900004E+01 0.121700001E+01 0.104200006E+01 0.116240001E+01
 0.104600000E+01 0.116237998E+01 0.105599999E+01 0.116260004E+01 0.109700000E+01
 0.116450000E+01 0.110800004E+01 0.116594005E+01 0.111600006E+01 0.116591001E+01
 0.113399994E+01 0.116895998E+01 0.114800000E+01 0.117174995E+01 0.116199994E+01
 0.117556000E+01 0.118099999E+01 0.118299997E+01 0.118200004E+01 0.118350005E+01
 0.118499994E+01 0.118499994E+01 0.119000006E+01 0.118799996E+01 0.119500005E+01
 0.119099998E+01 0.120099998E+01 0.119599998E+01 0.120899999E+01 0.120200002E+01
 0.121500003E+01 0.120799994E+01 0.122200000E+01 0.121399999E+01 0.122800004E+01
 0.122099996E+01 0.123399997E+01 0.123099995E+01 0.123899996E+01 0.123800004E+01
 0.124199998E+01 0.124399996E+01 0.124800003E+01 0.125399995E+01 0.125800002E+01
 0.127800000E+01 0.126300001E+01 0.128999996E+01 0.127999997E+01 0.133099997E+01
 0.127999997E+01 0.134700000E+01 0.127999997E+01 0.134800005E+01 0.130999994E+01
 0.134800005E+01 0.132799995E+01 0.134800005E+01 0.136099994E+01 0.134800005E+01
 0.138000000E+01 0.134800005E+01 0.141900003E+01 0.134800005E+01 0.141900003E+01
 0.130999994E+01 0.137199998E+01 0.130999994E+01 0.137199998E+01 0.129200006E+01
 0.160800004E+01 0.109500003E+01 0.164699996E+01 0.107700002E+01 0.178499997E+01
 0.107700002E+01 0.206999993E+01 0.103999996E+01 0.212800002E+01 0.992999971E+00
 0.224499989E+01 0.708999991E+00 0.232299995E+01 0.518999994E+00 0.237700009E+01
 0.388999999E+00 0.236249995E+01 0.400000006E+00 0.236443496E+01 0.222000003E+00
 0.236496902E+01 0.133000001E+00 0.236532402E+01 0.439999998E-01 0.236512089E+01
-0.439999998E-01 0.236484194E+01-0.133000001E+00 0.236433411E+01-0.222000003E+00
 0.236249995E+01-0.400000006E+00 0.237700009E+01-0.388999999E+00 0.213400006E+01
-0.972999990E+00 0.178600001E+01-0.117400002E+01 0.176800001E+01-0.121099997E+01
 0.176800001E+01-0.125000000E+01 0.168200004E+01-0.125000000E+01 0.137199998E+01
-0.125000000E+01 0.137199998E+01-0.132900000E+01 0.141999996E+01-0.132900000E+01
 0.141999996E+01-0.136300004E+01 0.127300000E+01-0.136300004E+01 0.115300000E+01
-0.136300004E+01 0.101600003E+01-0.122300005E+01 0.101600003E+01-0.122300005E+01
 0.101600003E+01-0.829999983E+00 0.101600003E+01-0.800000012E+00 0.101600003E+01
-0.414999992E+00 0.101600003E+01-0.400000006E+00 0.101600003E+01-0.100000005E-02
 0.101600003E+01 0.000000000E+00
    0 0.169550002E+01    0
 0.000000000E+00 0.992719829E-01 0.140957952E+00 0.173132107E+00 0.200443298E+00
 0.223300412E+00 0.245540276E+00 0.266046494E+00 0.285285711E+00 0.303477347E+00
 0.320773542E+00 0.337363869E+00 0.353317022E+00 0.368710726E+00 0.383652806E+00
 0.398144335E+00 0.412290007E+00 0.426088959E+00 0.439566463E+00 0.452797681E+00
 0.465775311E+00 0.478549808E+00 0.491065800E+00 0.503440976E+00 0.515657783E+00
 0.527712286E+00 0.539586842E+00 0.551374674E+00 0.563038230E+00 0.574630260E+00
 0.586081028E+00 0.597450554E+00 0.608758926E+00 0.620025456E+00 0.631221831E+00
 0.642341256E+00 0.653446496E+00 0.664498985E+00 0.675572217E+00 0.686587095E+00
 0.697607994E+00 0.708626449E+00 0.719663262E+00 0.730715573E+00 0.741775990E+00
 0.752900720E+00 0.764043033E+00 0.775276303E+00 0.786545098E+00 0.797918439E+00
 0.809364259E+00 0.820934296E+00 0.832624555E+00 0.844473243E+00 0.856476068E+00
 0.868671477E+00 0.881110728E+00 0.893783331E+00 0.906798482E+00 0.920192957E+00
 0.934015155E+00 0.948483944E+00 0.963751137E+00 0.980294645E+00 0.100000000E+01
    0
