  EFITD    06/25/2013    #1553323000.0ms  EFIT01   0  65  65
 0.170000005E+01 0.320000005E+01 0.169550002E+01 0.839999974E+00 0.000000000E+00
 0.182336187E+01-0.372196659E-01-0.172069117E+00 0.536562875E-02 0.165748680E+01
 0.102075181E+07-0.172069117E+00 0.000000000E+00 0.182336187E+01 0.000000000E+00
-0.372196659E-01 0.000000000E+00 0.536562875E-02 0.000000000E+00 0.000000000E+00
 0.275168872E+01 0.275448942E+01 0.275719166E+01 0.275979757E+01 0.276230907E+01
 0.276472855E+01 0.276705718E+01 0.276929760E+01 0.277145147E+01 0.277352047E+01
 0.277550745E+01 0.277741337E+01 0.277924061E+01 0.278099108E+01 0.278266621E+01
 0.278426838E+01 0.278579903E+01 0.278726053E+01 0.278865409E+01 0.278998184E+01
 0.279124594E+01 0.279244757E+01 0.279358912E+01 0.279467201E+01 0.279569793E+01
 0.279666901E+01 0.279758692E+01 0.279845333E+01 0.279927015E+01 0.280003881E+01
 0.280076146E+01 0.280143976E+01 0.280207539E+01 0.280267048E+01 0.280322599E+01
 0.280374432E+01 0.280422688E+01 0.280467558E+01 0.280509186E+01 0.280547810E+01
 0.280583525E+01 0.280616570E+01 0.280647063E+01 0.280675220E+01 0.280701160E+01
 0.280725145E+01 0.280747271E+01 0.280767679E+01 0.280786657E+01 0.280804300E+01
 0.280820775E+01 0.280836272E+01 0.280850983E+01 0.280865049E+01 0.280878639E+01
 0.280891943E+01 0.280905151E+01 0.280918384E+01 0.280931854E+01 0.280945683E+01
 0.280960131E+01 0.280975294E+01 0.280991340E+01 0.281008482E+01 0.281026888E+01
 0.108516516E+06 0.105521180E+06 0.102567109E+06 0.996542891E+05 0.967827422E+05
 0.939524531E+05 0.911634297E+05 0.884156641E+05 0.857091719E+05 0.830439297E+05
 0.804199531E+05 0.778372422E+05 0.752957969E+05 0.727956016E+05 0.703366797E+05
 0.679190156E+05 0.655426172E+05 0.632074766E+05 0.609136016E+05 0.586609883E+05
 0.564496367E+05 0.542795469E+05 0.521507227E+05 0.500631602E+05 0.480168594E+05
 0.460118203E+05 0.440480430E+05 0.421255312E+05 0.402442773E+05 0.384042891E+05
 0.366055625E+05 0.348481016E+05 0.331318984E+05 0.314569570E+05 0.298232812E+05
 0.282308672E+05 0.266797148E+05 0.251698242E+05 0.237011973E+05 0.222738320E+05
 0.208877305E+05 0.195428906E+05 0.182393125E+05 0.169769961E+05 0.157559443E+05
 0.145761543E+05 0.134376270E+05 0.123403613E+05 0.112843574E+05 0.102696172E+05
 0.929613965E+04 0.836392383E+04 0.747297070E+04 0.662327930E+04 0.581485156E+04
 0.504768506E+04 0.432178174E+04 0.363714038E+04 0.299376172E+04 0.239164526E+04
 0.183079138E+04 0.131119995E+04 0.832870850E+03 0.395804199E+03 0.000000000E+00
 0.283009291E+01 0.273410106E+01 0.263984895E+01 0.254733634E+01 0.245656323E+01
 0.236752987E+01 0.228023577E+01 0.219468117E+01 0.211086655E+01 0.202879119E+01
 0.194845545E+01 0.186985922E+01 0.179300272E+01 0.171788561E+01 0.164450812E+01
 0.157287025E+01 0.150297177E+01 0.143481290E+01 0.136839366E+01 0.130371404E+01
 0.124077380E+01 0.117957318E+01 0.112011218E+01 0.106239069E+01 0.100640869E+01
 0.952166319E+00 0.899663508E+00 0.848900259E+00 0.799876571E+00 0.752592385E+00
 0.707047820E+00 0.663242757E+00 0.621177316E+00 0.580851316E+00 0.542264938E+00
 0.505418181E+00 0.470310926E+00 0.436943233E+00 0.405315101E+00 0.375426501E+00
 0.347277462E+00 0.320868015E+00 0.296198100E+00 0.273267746E+00 0.252076954E+00
 0.232625708E+00 0.214914024E+00 0.198941886E+00 0.184709325E+00 0.172216311E+00
 0.161462843E+00 0.152448952E+00 0.145174608E+00 0.139639825E+00 0.135844588E+00
 0.133788913E+00 0.133472800E+00 0.134896249E+00 0.138059244E+00 0.142961800E+00
 0.149603903E+00 0.157985598E+00 0.168106809E+00 0.179967597E+00 0.193567932E+00
-0.108791700E+07-0.107303225E+07-0.105814725E+07-0.104326238E+07-0.102837750E+07
-0.101349262E+07-0.998607688E+06-0.983722812E+06-0.968837875E+06-0.953953000E+06
-0.939068125E+06-0.924183250E+06-0.909298375E+06-0.894413500E+06-0.879528562E+06
-0.864643688E+06-0.849758750E+06-0.834873875E+06-0.819989000E+06-0.805104125E+06
-0.790219250E+06-0.775334375E+06-0.760449438E+06-0.745564562E+06-0.730679625E+06
-0.715794750E+06-0.700909875E+06-0.686025000E+06-0.671140062E+06-0.656255188E+06
-0.641370250E+06-0.626485375E+06-0.611600500E+06-0.596715625E+06-0.581830750E+06
-0.566945875E+06-0.552061000E+06-0.537176062E+06-0.522291188E+06-0.507406281E+06
-0.492521375E+06-0.477636500E+06-0.462751625E+06-0.447866719E+06-0.432981812E+06
-0.418096938E+06-0.403212031E+06-0.388327125E+06-0.373442250E+06-0.358557375E+06
-0.343672500E+06-0.328787594E+06-0.313902688E+06-0.299017812E+06-0.284132938E+06
-0.269248031E+06-0.254363125E+06-0.239478234E+06-0.224593344E+06-0.209708469E+06
-0.194823562E+06-0.179938672E+06-0.165053781E+06-0.150168891E+06-0.135284000E+06
 4.087693989e-02 3.943074867e-02 3.803361952e-02 3.662258387e-02 3.512746096e-02
 3.345745429e-02 3.148400038e-02 2.902714536e-02 2.519836091e-02 1.898081601e-02
 1.150334533e-02 2.571592107e-03-6.465010345e-03-1.273141149e-02-1.685537770e-02
-1.910499856e-02-1.954863593e-02-1.813346334e-02-1.464882866e-02-8.626043797e-03
 8.532124921e-04 1.084078569e-02 1.909403130e-02 2.638195828e-02 3.313524276e-02
 3.961974755e-02 4.602649063e-02 5.251853913e-02 5.926382169e-02 6.644111872e-02
 7.316897810e-02 7.916747779e-02 8.454222977e-02 8.924116939e-02 9.323025495e-02
 9.640470892e-02 9.911426157e-02 1.023018658e-01 1.058306247e-01 1.096205562e-01
 1.136263907e-01 1.178211570e-01 1.221853569e-01 1.267006397e-01 1.313469261e-01
 1.361014247e-01 1.409384608e-01 1.458296776e-01 1.507440954e-01 1.556484699e-01
 1.605075896e-01 1.652848721e-01 1.699429750e-01 1.744447649e-01 1.787544340e-01
 1.828385592e-01 1.866673976e-01 1.902158558e-01 1.934645176e-01 1.964001954e-01
 1.990161687e-01 2.013121247e-01 2.032937407e-01 2.049718499e-01 2.063616216e-01
 3.727077693e-02 3.581587225e-02 3.462944180e-02 3.370269388e-02 3.297933191e-02
 3.233128414e-02 3.114210814e-02 2.854044549e-02 2.424904704e-02 1.808180660e-02
 1.137932390e-02 4.499585368e-03-1.913750079e-03-6.834588014e-03-1.017770730e-02
-1.197873987e-02-1.223849878e-02-1.090362109e-02-7.865414955e-03-2.979537938e-03
 3.761644475e-03 1.118567213e-02 1.823062077e-02 2.489466779e-02 3.130850568e-02
 3.760590404e-02 4.391267523e-02 5.035548657e-02 5.707989633e-02 6.424476206e-02
 7.100304961e-02 7.706655562e-02 8.253149688e-02 8.738222718e-02 9.157793224e-02
 9.500944614e-02 9.805914760e-02 1.016234756e-01 1.055748165e-01 1.098316461e-01
 1.143439561e-01 1.190783903e-01 1.240097061e-01 1.291156560e-01 1.343738586e-01
 1.397599280e-01 1.452464163e-01 1.508021951e-01 1.563921273e-01 1.619771719e-01
 1.675144732e-01 1.729579866e-01 1.782595217e-01 1.833699346e-01 1.882410198e-01
 1.928272843e-01 1.970880926e-01 2.009896785e-01 2.045065761e-01 2.076228857e-01
 2.103325129e-01 2.126390636e-01 2.145548314e-01 2.160994709e-01 2.172982097e-01
 3.256111592e-02 3.108641133e-02 3.014368564e-02 2.984322235e-02 3.017829359e-02
 2.974672802e-02 2.815882489e-02 2.529064566e-02 2.104990743e-02 1.640461199e-02
 1.185403019e-02 7.580311038e-03 3.802384250e-03 7.679783157e-04-1.336136484e-03
-2.398471348e-03-2.354078460e-03-1.166427042e-03 1.167976414e-03 4.589464050e-03
 8.927487768e-03 1.389773097e-02 1.921407878e-02 2.469825000e-02 3.027861007e-02
 3.594670445e-02 4.172467440e-02 4.764611274e-02 5.373924226e-02 5.996652320e-02
 6.604984403e-02 7.180608809e-02 7.720814645e-02 8.224768937e-02 8.691973984e-02
 9.124676883e-02 9.545145929e-02 9.984403849e-02 1.044864953e-01 1.093797982e-01
 1.145145297e-01 1.198783219e-01 1.254572570e-01 1.312354207e-01 1.371939480e-01
 1.433102190e-01 1.495567709e-01 1.559005976e-01 1.623024940e-01 1.687166095e-01
 1.750903428e-01 1.813648641e-01 1.874762475e-01 1.933572739e-01 1.989402324e-01
 2.041602135e-01 2.089588940e-01 2.132880986e-01 2.171128392e-01 2.204132676e-01
 2.231854498e-01 2.254405767e-01 2.272031307e-01 2.285080552e-01 2.293974608e-01
 2.608013526e-02 2.434295043e-02 2.340474911e-02 2.332233265e-02 2.385696769e-02
 2.336295880e-02 2.154825814e-02 1.909770444e-02 1.647689193e-02 1.377560571e-02
 1.111309417e-02 8.626135066e-03 6.459414959e-03 4.753939807e-03 3.632523585e-03
 3.189885058e-03 3.489577444e-03 4.563120194e-03 6.407187320e-03 8.979100734e-03
 1.219618507e-02 1.594689116e-02 2.011424676e-02 2.459935099e-02 2.933221497e-02
 3.426936269e-02 3.938436508e-02 4.465574026e-02 5.005322397e-02 5.552536994e-02
 6.100190803e-02 6.641810387e-02 7.173463702e-02 7.693953812e-02 8.204753697e-02
 8.710442483e-02 9.218654037e-02 9.737841785e-02 1.027443781e-01 1.083225459e-01
 1.141322628e-01 1.201812178e-01 1.264693141e-01 1.329904199e-01 1.397327483e-01
 1.466783881e-01 1.538027227e-01 1.610729992e-01 1.684473157e-01 1.758732796e-01
 1.832869947e-01 1.906128526e-01 1.977643520e-01 2.046463937e-01 2.111595571e-01
 2.172060609e-01 2.226967812e-01 2.275583744e-01 2.317394316e-01 2.352144420e-01
 2.379848063e-01 2.400772274e-01 2.415392995e-01 2.424336076e-01 2.428312600e-01
 1.689719968e-02 1.448567770e-02 1.354406029e-02 1.375916228e-02 1.438776217e-02
 1.429683343e-02 1.382157672e-02 1.302566566e-02 1.198455691e-02 1.078723744e-02
 9.534039535e-03 8.332215250e-03 7.290313020e-03 6.511915475e-03 6.089459173e-03
 6.099088117e-03 6.597070489e-03 7.617607713e-03 9.171747603e-03 1.124772336e-02
 1.381363906e-02 1.682315767e-02 2.022340521e-02 2.396272123e-02 2.799581736e-02
 3.228526190e-02 3.679984808e-02 4.151121527e-02 4.639036208e-02 5.140601099e-02
 5.652647465e-02 6.172459200e-02 6.698311120e-02 7.229816169e-02 7.768063247e-02
 8.315545321e-02 8.875817060e-02 9.452867508e-02 1.005043909e-01 1.067160070e-01
 1.131862700e-01 1.199304610e-01 1.269572973e-01 1.342694461e-01 1.418635249e-01
 1.497294009e-01 1.578489542e-01 1.661942303e-01 1.747249365e-01 1.833855659e-01
 1.921022087e-01 2.007798553e-01 2.093010396e-01 2.175275981e-01 2.253065705e-01
 2.324810922e-01 2.389047444e-01 2.444570363e-01 2.490563989e-01 2.526682615e-01
 2.553074360e-01 2.570334673e-01 2.579405904e-01 2.581436932e-01 2.577649355e-01
 2.694573486e-03-1.979001332e-03-4.645394511e-04 2.432226669e-03 4.595443606e-03
 6.160581484e-03 7.184424438e-03 7.751014084e-03 7.954454049e-03 7.892269641e-03
 7.663150318e-03 7.364980411e-03 7.092385553e-03 6.933884230e-03 6.968975067e-03
 7.265525870e-03 7.877752185e-03 8.844969794e-03 1.019123569e-02 1.192600653e-02
 1.404589601e-02 1.653746143e-02 1.938062906e-02 2.255206183e-02 2.602787502e-02
 2.978518605e-02 3.380260617e-02 3.806003928e-02 4.253839701e-02 4.721978307e-02
 5.208853632e-02 5.713284016e-02 6.234662980e-02 6.773091853e-02 7.329440117e-02
 7.905289531e-02 8.502784371e-02 9.124399722e-02 9.772691131e-02 1.045009345e-01
 1.115879044e-01 1.190064549e-01 1.267717481e-01 1.348951310e-01 1.433836818e-01
 1.522391289e-01 1.614561826e-01 1.710199714e-01 1.809020936e-01 1.910551786e-01
 2.014055848e-01 2.118445635e-01 2.222193629e-01 2.323278487e-01 2.419231683e-01
 2.507340312e-01 2.584987283e-01 2.650018930e-01 2.701026201e-01 2.737512290e-01
 2.759944797e-01 2.769662738e-01 2.768617570e-01 2.759014368e-01 2.742990851e-01
-8.210428990e-03-1.422126871e-02-1.162156835e-02-6.627167109e-03-2.802949864e-03
 9.143134230e-05 2.243126975e-03 3.794220509e-03 4.865755327e-03 5.567835178e-03
 6.003336050e-03 6.268959958e-03 6.455041468e-03 6.644756533e-03 6.913060322e-03
 7.325552870e-03 7.937579416e-03 8.793704212e-03 9.927654639e-03 1.136277150e-02
 1.311296877e-02 1.518412121e-02 1.757574454e-02 2.028281987e-02 2.329758182e-02
 2.661081217e-02 3.021270782e-02 3.409346938e-02 3.824383765e-02 4.265569896e-02
 4.732282460e-02 5.224172398e-02 5.741243809e-02 6.283919513e-02 6.853063405e-02
 7.449965179e-02 8.076286316e-02 8.733966947e-02 9.425133467e-02 1.015201211e-01
 1.091685891e-01 1.172192097e-01 1.256940365e-01 1.346145868e-01 1.440013945e-01
 1.538734138e-01 1.642467678e-01 1.751324534e-01 1.865323037e-01 1.984321326e-01
 2.107903063e-01 2.235191166e-01 2.364563942e-01 2.493284345e-01 2.617206573e-01
 2.731056809e-01 2.829599977e-01 2.908759713e-01 2.966005206e-01 3.000488281e-01
 3.013288975e-01 3.007543385e-01 2.987741828e-01 2.958397865e-01 2.923226655e-01
-1.329938509e-02-1.980079710e-02-1.672910526e-02-1.117967814e-02-6.706534419e-03
-3.167707939e-03-4.303990863e-04 1.634484506e-03 3.147836775e-03 4.221707117e-03
 4.959675483e-03 5.457502790e-03 5.803358741e-03 6.078071892e-03 6.355195306e-03
 6.700339727e-03 7.170888595e-03 7.815918885e-03 8.676293306e-03 9.784932248e-03
 1.116723754e-02 1.284161210e-02 1.482007466e-02 1.710921153e-02 1.971270517e-02
 2.263215184e-02 2.586751059e-02 2.941768989e-02 3.328137100e-02 3.745768219e-02
 4.194679856e-02 4.675057530e-02 5.187303945e-02 5.732083321e-02 6.310344487e-02
 6.923326850e-02 7.572554052e-02 8.259813488e-02 8.987133205e-02 9.756767005e-02
 1.057118401e-01 1.143308207e-01 1.234541386e-01 1.331142485e-01 1.433471292e-01
 1.541927904e-01 1.656958312e-01 1.779056191e-01 1.908757389e-01 2.046615928e-01
 2.193139195e-01 2.348625362e-01 2.512768507e-01 2.683731318e-01 2.856121957e-01
 3.015416265e-01 3.148686886e-01 3.250104785e-01 3.315996528e-01 3.344219029e-01
 3.334628940e-01 3.294221759e-01 3.238329887e-01 3.175764680e-01 3.111773729e-01
-1.327744313e-02-1.985782385e-02-1.699651219e-02-1.143949479e-02-6.906199735e-03
-3.303741105e-03-5.183228059e-04 1.571018947e-03 3.082321957e-03 4.125736654e-03
 4.801577888e-03 5.202533677e-03 5.412586965e-03 5.509027280e-03 5.565461703e-03
 5.647639278e-03 5.814442411e-03 6.118325517e-03 6.605559960e-03 7.316419855e-03
 8.285248652e-03 9.540189058e-03 1.110185403e-02 1.297912747e-02 1.518411376e-02
 1.772752777e-02 2.061709948e-02 2.385755256e-02 2.745318972e-02 3.140827641e-02
 3.572732210e-02 4.041568935e-02 4.548004270e-02 5.092869326e-02 5.677189305e-02
 6.302207708e-02 6.969405711e-02 7.680520415e-02 8.437559754e-02 9.242838621e-02
 1.009901464e-01 1.100915000e-01 1.197679788e-01 1.300611794e-01 1.410204470e-01
 1.527048796e-01 1.651864648e-01 1.785540283e-01 1.929188371e-01 2.084229589e-01
 2.252517343e-01 2.436544150e-01 2.639831305e-01 2.867879272e-01 3.125395179e-01
 3.358189166e-01 3.542285562e-01 3.676340580e-01 3.757485151e-01 3.779167533e-01
 3.739339113e-01 3.628365099e-01 3.505572081e-01 3.392654061e-01 3.290731013e-01
-8.837560192e-03-1.531566307e-02-1.275010407e-02-7.514671423e-03-3.384539159e-03
-2.400933736e-04 2.073077951e-03 3.699463792e-03 4.766832106e-03 5.386270583e-03
 5.644182675e-03 5.632014945e-03 5.421054550e-03 5.073422566e-03 4.676762968e-03
 4.292610101e-03 3.979055677e-03 3.790388349e-03 3.777037840e-03 3.985778894e-03
 4.460312426e-03 5.242608022e-03 6.376027130e-03 7.818471640e-03 9.606821463e-03
 1.176644117e-02 1.431273855e-02 1.724704914e-02 2.057788149e-02 2.431376278e-02
 2.846131846e-02 3.302792832e-02 3.802178428e-02 4.345189035e-02 4.932856187e-02
 5.566377193e-02 6.247147173e-02 6.976798177e-02 7.757242769e-02 8.590730280e-02
 9.479915351e-02 1.042794734e-01 1.143859550e-01 1.251640916e-01 1.366694570e-01
 1.489707232e-01 1.621541381e-01 1.763296723e-01 1.916401982e-01 2.082754374e-01
 2.264937609e-01 2.466577888e-01 2.692926824e-01 2.951720655e-01 3.253643215e-01
 3.563218117e-01 3.803635240e-01 3.973873258e-01 4.075386822e-01 4.107052684e-01
 4.058783650e-01 3.924800754e-01 3.729793727e-01 3.565107882e-01 3.427327275e-01
 1.560329401e-04-6.164637394e-03-3.498899750e-03 9.394143126e-04 3.983209375e-03
 6.001241505e-03 7.246975787e-03 7.898719981e-03 8.085399866e-03 7.904833183e-03
 7.434471510e-03 6.739950739e-03 5.876826122e-03 4.893151578e-03 3.868245985e-03
 2.860142384e-03 1.924666343e-03 1.115298015e-03 4.829853424e-04 7.593570626e-05
-6.069501251e-05 1.145396673e-04 6.377219688e-04 1.535199350e-03 2.838796936e-03
 4.582240246e-03 6.802442949e-03 9.421877563e-03 1.247884892e-02 1.599290781e-02
 1.996336132e-02 2.439945564e-02 2.931099012e-02 3.470595926e-02 4.059359804e-02
 4.698444158e-02 5.389037356e-02 6.132526696e-02 6.930553913e-02 7.785084099e-02
 8.698475361e-02 9.673573822e-02 1.071383059e-01 1.182345897e-01 1.300763488e-01
 1.427278519e-01 1.562695205e-01 1.708032191e-01 1.864594370e-01 2.034071982e-01
 2.218677849e-01 2.421326935e-01 2.645850778e-01 2.897201180e-01 3.181582689e-01
 3.504533172e-01 3.779422641e-01 3.976938128e-01 4.099773765e-01 4.148786068e-01
 4.125898480e-01 4.020906687e-01 3.831843734e-01 3.638368249e-01 3.483645320e-01
 1.703564078e-02 1.193355210e-02 1.273821853e-02 1.449011918e-02 1.507037692e-02
 1.501931623e-02 1.454016007e-02 1.373646408e-02 1.267354935e-02 1.139931194e-02
 9.952649474e-03 8.367400616e-03 6.673974916e-03 4.900241271e-03 3.109171987e-03
 1.352783060e-03-3.172900761e-04-1.850218745e-03-3.196383361e-03-4.307755269e-03
-5.138284061e-03-5.644323304e-03-5.785074085e-03-5.522763822e-03-4.821397364e-03
-3.647664096e-03-1.973428996e-03 2.186093479e-04 2.956577111e-03 6.275120657e-03
 1.005901955e-02 1.435292698e-02 1.917666197e-02 2.452637255e-02 3.041009232e-02
 3.683687001e-02 4.381444305e-02 5.135229230e-02 5.946204066e-02 6.815809757e-02
 7.745812833e-02 8.738372475e-02 9.796120226e-02 1.092225909e-01 1.212068498e-01
 1.339614391e-01 1.475441456e-01 1.620252430e-01 1.774900556e-01 1.940413415e-01
 2.118013948e-01 2.309125066e-01 2.515345514e-01 2.738395035e-01 2.980105877e-01
 3.243008852e-01 3.511629999e-01 3.705027103e-01 3.833073080e-01 3.900973797e-01
 3.906437159e-01 3.854435682e-01 3.736577630e-01 3.568480611e-01 3.433788419e-01
 4.139522836e-02 3.954684362e-02 3.517051786e-02 3.118557110e-02 2.811677754e-02
 2.541926131e-02 2.287485823e-02 2.038259804e-02 1.789176837e-02 1.537675690e-02
 1.282599010e-02 1.023636572e-02 7.610122673e-03 4.952953197e-03 2.309452277e-03
-2.748581464e-04-2.753067296e-03-5.077667534e-03-7.201179396e-03-9.076647460e-03
-1.065803785e-02-1.190056652e-02-1.276095305e-02-1.319759525e-02-1.317067817e-02
-1.264263690e-02-1.157890260e-02-9.948584251e-03-7.723743096e-03-4.882832989e-03
-1.418768195e-03 2.688700799e-03 7.463872898e-03 1.276477799e-02 1.863715798e-02
 2.509681135e-02 3.213665262e-02 3.976031393e-02 4.797271639e-02 5.678135529e-02
 6.619593501e-02 7.622861862e-02 8.689426631e-02 9.821073711e-02 1.101991683e-01
 1.228840798e-01 1.362932026e-01 1.504567862e-01 1.654060334e-01 1.811696887e-01
 1.977680326e-01 2.152015269e-01 2.334311008e-01 2.523416877e-01 2.716705203e-01
 2.908514738e-01 3.087413311e-01 3.238348365e-01 3.352310658e-01 3.426448703e-01
 3.460637331e-01 3.456727862e-01 3.419686258e-01 3.360407948e-01 3.294241428e-01
 5.847091973e-02 5.757898837e-02 5.166267604e-02 4.529893398e-02 3.989891708e-02
 3.515626490e-02 3.084925748e-02 2.682727017e-02 2.299006283e-02 1.927080378e-02
 1.562478393e-02 1.202218700e-02 8.443443105e-03 4.876149818e-03 1.350548351e-03
-2.092368668e-03-5.409243517e-03-8.555322886e-03-1.148518734e-02-1.415327191e-02
-1.651426777e-02-1.852338016e-02-2.013653331e-02-2.131052688e-02-2.200320736e-02
-2.217372134e-02-2.178290673e-02-2.079375274e-02-1.917200163e-02-1.688728668e-02
-1.391433179e-02-1.023233123e-02-5.829696078e-03-7.137722569e-04 5.118079949e-03
 1.166191325e-02 1.877651364e-02 2.649343386e-02 3.480643034e-02 4.371751100e-02
 5.322771519e-02 6.333895773e-02 7.405366004e-02 8.537468314e-02 9.730486572e-02
 1.098462194e-01 1.229984611e-01 1.367567778e-01 1.511083543e-01 1.660270691e-01
 1.814656556e-01 1.973438561e-01 2.135314643e-01 2.298246622e-01 2.459172010e-01
 2.613775730e-01 2.756652236e-01 2.882210016e-01 2.985960245e-01 3.065274358e-01
 3.119487464e-01 3.149825335e-01 3.159370422e-01 3.152779937e-01 3.135335743e-01
 6.936508417e-02 6.870369613e-02 6.272344291e-02 5.552337319e-02 4.899258539e-02
 4.302322865e-02 3.749606013e-02 3.230544552e-02 2.736476436e-02 2.260581963e-02
 1.797603071e-02 1.343528368e-02 8.953135461e-03 4.506559111e-03 1.196758822e-04
-4.167690407e-03-8.313494734e-03-1.227434352e-02-1.600613073e-02-1.946448721e-02
-2.260507643e-02-2.538376674e-02-2.775672637e-02-2.968047932e-02-3.111195937e-02
-3.200860322e-02-3.232855350e-02-3.203094378e-02-3.107636422e-02-2.942757681e-02
-2.705039456e-02-2.391479537e-02-1.999676228e-02-1.528020948e-02-9.756775573e-03
-3.430985380e-03 3.671932034e-03 1.152948104e-02 1.996029913e-02 2.899382636e-02
 3.861581907e-02 4.881925881e-02 5.959443003e-02 7.093046606e-02 8.281476796e-02
 9.523154050e-02 1.081598401e-01 1.215710416e-01 1.354255229e-01 1.496682316e-01
 1.642229557e-01 1.789853275e-01 1.938149631e-01 2.085279971e-01 2.228932381e-01
 2.366369367e-01 2.494615614e-01 2.610788345e-01 2.712487578e-01 2.798111439e-01
 2.867031693e-01 2.919628620e-01 2.957196832e-01 2.981720865e-01 2.995522618e-01
 7.703770697e-02 7.648380846e-02 7.022987306e-02 6.261278689e-02 5.548778921e-02
 4.879935831e-02 4.248099029e-02 3.646469861e-02 3.068741225e-02 2.509379201e-02
 1.963685825e-02 1.427742187e-02 8.983058855e-03 3.726944793e-03-1.463527326e-03
-6.546508055e-03-1.147898193e-02-1.621735841e-02-2.071789093e-02-2.493693680e-02
-2.883109264e-02-3.235720843e-02-3.547232598e-02-3.813362867e-02-4.029827565e-02
-4.192340001e-02-4.296605289e-02-4.338334501e-02-4.313270748e-02-4.217233136e-02
-4.046187550e-02-3.796346858e-02-3.464306146e-02-3.047212958e-02-2.542975172e-02
-1.950563863e-02-1.270373166e-02-5.045075901e-03 3.422835609e-03 1.265241671e-02
 2.243288606e-02 3.278347477e-02 4.367675632e-02 5.509001017e-02 6.700021774e-02
 7.938029617e-02 9.219704568e-02 1.054092944e-01 1.189655140e-01 1.328010857e-01
 1.468351781e-01 1.609676480e-01 1.750765592e-01 1.890170872e-01 2.026233673e-01
 2.157143950e-01 2.281045914e-01 2.396181822e-01 2.501048744e-01 2.594532967e-01
 2.675999403e-01 2.745313644e-01 2.802809477e-01 2.849191725e-01 2.885410786e-01
 8.202940226e-02 8.147798479e-02 7.501076162e-02 6.717906147e-02 5.974073708e-02
 5.264118314e-02 4.582840577e-02 3.925231099e-02 3.286665678e-02 2.662962303e-02
 2.050382085e-02 1.445608027e-02 8.457038552e-03 2.480593510e-03-3.434237791e-03
-9.241562337e-03-1.489583962e-02-2.035215124e-02-2.556634322e-02-3.049506620e-02
-3.509571031e-02-3.932624683e-02-4.314501211e-02-4.651045054e-02-4.938083887e-02
-5.171406269e-02-5.346743017e-02-5.459757894e-02-5.506053939e-02-5.481196195e-02
-5.380758271e-02-5.200398713e-02-4.935969785e-02-4.583667219e-02-4.140230268e-02
-3.603196144e-02-2.971210331e-02-2.244389616e-02-1.424749382e-02-5.165609065e-03
 4.725572653e-03 1.533982530e-02 2.644911222e-02 3.803646937e-02 5.008200556e-02
 6.255406141e-02 7.541371882e-02 8.861517906e-02 1.021045744e-01 1.158184931e-01
 1.296825707e-01 1.436103582e-01 1.575028896e-01 1.712491959e-01 1.847283691e-01
 1.978131682e-01 2.103754282e-01 2.222924232e-01 2.334534079e-01 2.437653244e-01
 2.531566024e-01 2.615786791e-01 2.690055668e-01 2.754314542e-01 2.808678150e-01
 8.437034488e-02 8.366879821e-02 7.739709318e-02 6.957928836e-02 6.207321957e-02
 5.480258539e-02 4.771675542e-02 4.078057408e-02 3.396446258e-02 2.724098042e-02
 2.058396861e-02 1.396844722e-02 7.370655891e-03 7.678049733e-04-5.783244036e-03
-1.223208010e-02-1.853015088e-02-2.463074774e-02-3.048895299e-02-3.606147692e-02
-4.130643234e-02-4.618299752e-02-5.065104365e-02-5.467071384e-02-5.820199847e-02
-6.120435148e-02-6.363631785e-02-6.545527279e-02-6.661728024e-02-6.707712263e-02
-6.678850949e-02-6.570455432e-02-6.377862394e-02-6.096547469e-02-5.722294003e-02
-5.251404271e-02-4.680972919e-02-4.009205475e-02-3.235795349e-02-2.362318896e-02
-1.392650418e-02-3.331337357e-03 8.069269359e-03 1.991492137e-02 3.221987560e-02
 4.493144900e-02 5.800362676e-02 7.138995081e-02 8.503931761e-02 9.889449179e-02
 1.128915548e-01 1.269596219e-01 1.410208642e-01 1.549911499e-01 1.687810421e-01
 1.822975576e-01 1.954460740e-01 2.081326246e-01 2.202655077e-01 2.317566872e-01
 2.425221503e-01 2.524820566e-01 2.615609169e-01 2.696892321e-01 2.768068016e-01
 8.439303935e-02 8.326342702e-02 7.738333941e-02 7.015252113e-02 6.288713217e-02
 5.563490838e-02 4.842315242e-02 4.125754535e-02 3.413273022e-02 2.703724056e-02
 1.995613426e-02 1.287269779e-02 5.769831594e-03-1.368741738e-03-8.466608822e-03
-1.547015551e-02-2.232824080e-02-2.899246663e-02-3.541713208e-02-4.155899584e-02
-4.737690091e-02-5.283131450e-02-5.788379163e-02-6.249645352e-02-6.663140655e-02
-7.025019079e-02-7.331328094e-02-7.577967644e-02-7.760655880e-02-7.874912024e-02
-7.916054130e-02-7.879227400e-02-7.759445906e-02-7.551690936e-02-7.251025736e-02
-6.852779537e-02-6.352776289e-02-5.747627467e-02-5.035089701e-02-4.214499891e-02
-3.287290037e-02-2.257611044e-02-1.133186743e-02 7.347063511e-04 1.349755377e-02
 2.662083879e-02 4.007684439e-02 5.383364111e-02 6.784780324e-02 8.207045496e-02
 9.644908458e-02 1.109280214e-01 1.254486293e-01 1.399494410e-01 1.543664336e-01
 1.686331332e-01 1.826806664e-01 1.964369118e-01 2.098250836e-01 2.227609903e-01
 2.351492643e-01 2.468792796e-01 2.578223646e-01 2.678335905e-01 2.767609954e-01
 8.427443355e-02 8.288344741e-02 7.714879513e-02 7.007367909e-02 6.287750602e-02
 5.559916794e-02 4.827667028e-02 4.092820734e-02 3.355842084e-02 2.616348490e-02
 1.873413101e-02 1.125740074e-02 3.717479296e-03-3.862273414e-03-1.141749695e-02
-1.888919249e-02-2.622298524e-02-3.336868808e-02-4.027986899e-02-4.691340774e-02
-5.322895199e-02-5.918834358e-02-6.475494802e-02-6.989300996e-02-7.456694543e-02
-7.874071598e-02-8.237715811e-02-8.543746173e-02-8.788064122e-02-8.966326714e-02
-9.073916078e-02-9.105943888e-02-9.057275951e-02-8.922584355e-02-8.696438372e-02
-8.373441547e-02-7.948420942e-02-7.416674495e-02-6.774291396e-02-6.018546969e-02
-5.148373172e-02-4.164895415e-02-3.072007746e-02-1.876854897e-02-5.899228156e-03
 7.741620764e-03 2.170071751e-02 3.598618507e-02 5.054069310e-02 6.531714648e-02
 8.027268946e-02 9.536625445e-02 1.105576158e-01 1.258069873e-01 1.410747170e-01
 1.563208699e-01 1.715040505e-01 1.865792423e-01 2.014938891e-01 2.161815166e-01
 2.305517495e-01 2.444764972e-01 2.577727437e-01 2.701886892e-01 2.814113498e-01
 8.443839103e-02 8.296662569e-02 7.707095891e-02 6.976151466e-02 6.240013987e-02
 5.498446152e-02 4.751415551e-02 3.998938575e-02 3.240746260e-02 2.476219460e-02
 1.704423130e-02 9.241610765e-03 1.340113231e-03-6.611584220e-03-1.454823464e-02
-2.240940183e-02-3.013951704e-02-3.768769652e-02-4.500741512e-02-5.205603316e-02
-5.879422277e-02-6.518530846e-02-7.119452953e-02-7.678832114e-02-8.193351328e-02
-8.659659326e-02-9.074299037e-02-9.433637559e-02-9.733811766e-02-9.970670193e-02
-1.013974249e-01-1.023621336e-01-1.025492623e-01-1.019040495e-01-1.003691256e-01
-9.788550436e-02-9.439396858e-02-8.983720839e-02-8.416237682e-02-7.732465863e-02
-6.929147243e-02-6.004762650e-02-4.960127175e-02-3.799063712e-02-2.529184893e-02
-1.162931509e-02 2.810563426e-03 1.783307828e-02 3.309775889e-02 4.858084023e-02
 6.425797939e-02 8.010622114e-02 9.610503912e-02 1.122370511e-01 1.284884810e-01
 1.448492110e-01 1.613123417e-01 1.778725088e-01 1.945226043e-01 2.112469822e-01
 2.280091047e-01 2.447282672e-01 2.612363100e-01 2.771929801e-01 2.919336557e-01
 8.414748311e-02 8.258780837e-02 7.634665072e-02 6.888702512e-02 6.139036268e-02
 5.384267122e-02 4.623449594e-02 3.855605051e-02 3.079706058e-02 2.294651046e-02
 1.499262266e-02 6.923068780e-03-1.274404116e-03-9.528707713e-03-1.777468249e-02
-2.595163696e-02-3.400377184e-02-4.188023135e-02-4.953487962e-02-5.692587048e-02
-6.401505321e-02-7.076729834e-02-7.714974880e-02-8.313097060e-02-8.868019283e-02
-9.376642853e-02-9.835772961e-02-1.024203971e-01-1.059182957e-01-1.088122427e-01
-1.110595018e-01-1.126133651e-01-1.134230047e-01-1.134333909e-01-1.125856563e-01
-1.108176261e-01-1.080649346e-01-1.042625159e-01-9.934682399e-02-9.325872362e-02
-8.594724536e-02-7.737423480e-02-6.751999259e-02-5.638977140e-02-4.402115569e-02
-3.049169481e-02-1.592550799e-02-4.954612232e-04 1.556579396e-02 3.184286505e-02
 4.832318425e-02 6.499811262e-02 8.186434209e-02 9.892530739e-02 1.161925495e-01
 1.336872131e-01 1.514415443e-01 1.695003211e-01 1.879222393e-01 2.067806125e-01
 2.261625528e-01 2.461645603e-01 2.668762803e-01 2.882979512e-01 3.093508184e-01
 8.283632249e-02 8.112856746e-02 7.494410872e-02 6.739579886e-02 5.981393158e-02
 5.218306184e-02 4.448451847e-02 3.670015931e-02 2.881313488e-02 2.080774680e-02
 1.266897097e-02 4.381897859e-03-4.041085951e-03-1.252902392e-02-2.101563103e-02
-2.943970263e-02-3.774533421e-02-4.588191956e-02-5.380389094e-02-6.147032231e-02
-6.884427369e-02-7.589217275e-02-8.258293569e-02-8.888719231e-02-9.477642179e-02
-1.002220511e-01-1.051946506e-01-1.096631140e-01-1.135938466e-01-1.169501543e-01
-1.196915135e-01-1.217731386e-01-1.231455505e-01-1.237544045e-01-1.235404909e-01
-1.224400476e-01-1.203854233e-01-1.173061877e-01-1.131308675e-01-1.077892780e-01
-1.012157202e-01-9.335303307e-02-8.415775001e-02-7.360622287e-02-6.170170009e-02
-4.848219454e-02-3.402873501e-02-1.847350970e-02-2.008374780e-03 1.510854065e-02
 3.242365643e-02 4.993801564e-02 6.766076386e-02 8.561143279e-02 1.038221195e-01
 1.223401427e-01 1.412317902e-01 1.605873704e-01 1.805284619e-01 2.012182474e-01
 2.228775322e-01 2.458114177e-01 2.704614699e-01 2.975233793e-01 3.257575631e-01
 8.090939373e-02 7.904869318e-02 7.281328738e-02 6.523859501e-02 5.765487254e-02
 5.002487451e-02 4.231332242e-02 3.449248523e-02 2.654052153e-02 1.843933575e-02
 1.017290913e-02 1.726063201e-03-6.863231771e-03-1.552405115e-02-2.418998443e-02
-3.279980272e-02-4.129777849e-02-4.963371903e-02-5.776272714e-02-6.564479321e-02
-7.324416935e-02-8.052869141e-02-8.746893704e-02-9.403741360e-02-1.002076343e-01
-1.059532613e-01-1.112471968e-01-1.160607561e-01-1.203628331e-01-1.241191402e-01
-1.272915155e-01-1.298372746e-01-1.317087710e-01-1.328528821e-01-1.332110167e-01
-1.327189803e-01-1.313074529e-01-1.289026439e-01-1.254276931e-01-1.208043471e-01
-1.149557829e-01-1.078100502e-01-9.930463135e-02-8.939215541e-02-7.804730535e-02
-6.527473778e-02-5.111808330e-02-3.566953540e-02-1.907950826e-02-1.565415179e-03
 1.658191532e-02 3.490515798e-02 5.341817439e-02 7.214979827e-02 9.114390612e-02
 1.104620472e-01 1.301879585e-01 1.504343450e-01 1.713526547e-01 1.931468546e-01
 2.160930336e-01 2.405659258e-01 2.670696378e-01 2.962577343e-01 3.274717331e-01
 7.829797268e-02 7.628298551e-02 6.975466013e-02 6.232672185e-02 5.491754413e-02
 4.742729664e-02 3.980799019e-02 3.203263879e-02 2.408315241e-02 1.594533026e-02
 7.606479339e-03-9.460026631e-04-9.647853673e-03-1.842788234e-02-2.721961960e-02
-3.596192226e-02-4.459932819e-02-5.308208615e-02-6.136596203e-02-6.941178441e-02
-7.718489319e-02-8.465436101e-02-9.179225564e-02-9.857268631e-02-1.049710065e-01
-1.109628081e-01-1.165231168e-01-1.216254383e-01-1.262409389e-01-1.303376704e-01
-1.338797361e-01-1.368266493e-01-1.391327381e-01-1.407465935e-01-1.416107416e-01
-1.416615397e-01-1.408291906e-01-1.390382349e-01-1.362084448e-01-1.322562993e-01
-1.270970404e-01-1.206478402e-01-1.128316969e-01-1.035827473e-01-9.285271168e-02
-8.061873168e-02-6.689244509e-02-5.173011124e-02-3.524337709e-02-1.760980487e-02
 9.173544240e-04 2.000112459e-02 3.920484707e-02 5.856712908e-02 7.813563198e-02
 9.797137976e-02 1.181536540e-01 1.387860775e-01 1.600045711e-01 1.819887310e-01
 2.049783170e-01 2.292982936e-01 2.553981841e-01 2.839088142e-01 3.143825829e-01
 7.334190607e-02 7.071398199e-02 6.534250081e-02 5.873737484e-02 5.178721249e-02
 4.458186030e-02 3.714237362e-02 2.947423235e-02 2.157683298e-02 1.344666351e-02
 5.078937858e-03-3.534383373e-03-1.230338030e-02-2.115739137e-02-3.003006242e-02
-3.886036575e-02-4.759305716e-02-5.617877096e-02-6.457383186e-02-7.273979485e-02
-8.064290881e-02-8.825331926e-02-9.554430842e-02-1.024913937e-01-1.090714335e-01
-1.152617484e-01-1.210391372e-01-1.263790578e-01-1.312547326e-01-1.356362700e-01
-1.394899487e-01-1.427774131e-01-1.454550177e-01-1.474731863e-01-1.487760544e-01
-1.493010223e-01-1.489787847e-01-1.477334499e-01-1.454831660e-01-1.421412230e-01
-1.376177967e-01-1.318225265e-01-1.246680394e-01-1.160747260e-01-1.059767306e-01
-9.432937205e-02-8.111809194e-02-6.636846811e-02-5.015709624e-02-3.262234479e-02
-1.397360396e-02 5.503296852e-03 2.525982633e-02 4.508562014e-02 6.501759589e-02
 8.509996533e-02 1.053878069e-01 1.259495318e-01 1.468691528e-01 1.682490855e-01
 1.902133226e-01 2.129127979e-01 2.365384996e-01 2.613799572e-01 2.874355912e-01
 6.977051497e-02 6.689451635e-02 6.167478114e-02 5.543877184e-02 4.881051928e-02
 4.184186459e-02 3.456867486e-02 2.701056376e-02 1.917652041e-02 1.106884517e-02
 2.685212996e-03-5.944723263e-03-1.474200934e-02-2.363334969e-02-3.255123645e-02
-4.143422097e-02-5.022704601e-02-5.888058990e-02-6.735160202e-02-7.560224086e-02
-8.359946311e-02-9.131430089e-02-9.872101992e-02-1.057962775e-01-1.125182062e-01
-1.188655049e-01-1.248164922e-01-1.303482801e-01-1.354358196e-01-1.400511265e-01
-1.441623271e-01-1.477330625e-01-1.507216394e-01-1.530803591e-01-1.547550857e-01
-1.556846797e-01-1.558008790e-01-1.550282240e-01-1.532844901e-01-1.504814923e-01
-1.465265006e-01-1.413244307e-01-1.347810477e-01-1.268071085e-01-1.173240691e-01
-1.062711626e-01-9.361396730e-02-7.935450971e-02-6.354257464e-02-4.628752545e-02
-2.776995674e-02-8.251776919e-03 1.191646140e-02 3.207053989e-02 5.220706016e-02
 7.234108448e-02 9.249535948e-02 1.126952097e-01 1.329640448e-01 1.533169150e-01
 1.737486422e-01 1.942111999e-01 2.145654857e-01 2.344760448e-01 2.532365918e-01
 6.739588082e-02 6.441260874e-02 5.906092003e-02 5.286314338e-02 4.632917047e-02
 3.946805000e-02 3.229194880e-02 2.481008694e-02 1.702769101e-02 8.946193382e-03
 5.638159346e-04-8.068762720e-03-1.687415689e-02-2.577964030e-02-3.471799940e-02
-4.362802953e-02-5.245474726e-02-6.114937738e-02-6.966908276e-02-7.797653973e-02
-8.603927493e-02-9.382899106e-02-1.013207585e-01-1.084920987e-01-1.153221428e-01
-1.217906922e-01-1.278773099e-01-1.335604191e-01-1.388164461e-01-1.436189413e-01
-1.479377002e-01-1.517380774e-01-1.549801230e-01-1.576179713e-01-1.595991552e-01
-1.608641446e-01-1.613459885e-01-1.609702408e-01-1.596550941e-01-1.573121101e-01
-1.538472325e-01-1.491628289e-01-1.431604177e-01-1.357445717e-01-1.268282235e-01
-1.163392738e-01-1.042290404e-01-9.048223495e-02-7.512843609e-02-5.825471133e-02
-4.001870006e-02-2.066148072e-02-5.195318954e-04 1.996382885e-02 4.024047405e-02
 6.033441797e-02 8.025364578e-02 9.999468178e-02 1.195402741e-01 1.388527602e-01
 1.578629762e-01 1.764541268e-01 1.944406331e-01 2.115491033e-01 2.274211943e-01
 6.540837884e-02 6.232766807e-02 5.703893676e-02 5.084400252e-02 4.433932155e-02
 3.752545640e-02 3.040212020e-02 2.296905406e-02 1.522526611e-02 7.168571465e-03
-1.204623608e-03-9.829026647e-03-1.862904057e-02-2.753319591e-02-3.647513688e-02
-4.539427906e-02-5.423612893e-02-6.295231730e-02-7.150042057e-02-7.984349877e-02
-8.794954419e-02-9.579074383e-02-1.033427268e-01-1.105836853e-01-1.174934506e-01
-1.240526736e-01-1.302418411e-01-1.360403895e-01-1.414259076e-01-1.463731825e-01
-1.508533508e-01-1.548331976e-01-1.582742780e-01-1.611322761e-01-1.633562893e-01
-1.648882926e-01-1.656627655e-01-1.656064540e-01-1.646384597e-01-1.626707464e-01
-1.596090496e-01-1.553546190e-01-1.498067379e-01-1.428663582e-01-1.344409585e-01
-1.244509369e-01-1.128377616e-01-9.957358241e-02-8.467255533e-02-6.820318103e-02
-5.030096322e-02-3.117960319e-02-1.113831624e-02 9.439712390e-03 2.975097671e-02
 4.975579679e-02 6.942996383e-02 8.874772489e-02 1.076725125e-01 1.261501759e-01
 1.441026628e-01 1.614223272e-01 1.779681593e-01 1.935676336e-01 2.080276310e-01
 6.395341456e-02 6.081268936e-02 5.546808988e-02 4.926843941e-02 4.278397560e-02
 3.600502759e-02 2.892311290e-02 2.153120376e-02 1.382335648e-02 5.794229917e-03
-2.561195055e-03-1.116789784e-02-1.995224506e-02-2.884408459e-02-3.777796030e-02
-4.669390246e-02-5.553787202e-02-6.426183879e-02-7.282366604e-02-8.118665963e-02
-8.931909502e-02-9.719346464e-02-1.047857404e-01-1.120745018e-01-1.190400869e-01
-1.256636679e-01-1.319263875e-01-1.378084421e-01-1.432881653e-01-1.483412981e-01
-1.529400200e-01-1.570521593e-01-1.606404930e-01-1.636618972e-01-1.660667956e-01
-1.677984595e-01-1.687926352e-01-1.689772606e-01-1.682724357e-01-1.665908843e-01
-1.638387144e-01-1.599169970e-01-1.547240913e-01-1.481590569e-01-1.401262581e-01
-1.305416375e-01-1.193403229e-01-1.064862907e-01-9.198346734e-02-7.588832080e-02
-5.832314864e-02-3.948935494e-02-1.967972144e-02 7.106857956e-04 2.117284760e-02
 4.114834964e-02 6.064110994e-02 7.963549346e-02 9.809938073e-02 1.159843951e-01
 1.332254112e-01 1.497403979e-01 1.654321104e-01 1.801923066e-01 1.939094067e-01
 6.281851977e-02 5.963480845e-02 5.423046276e-02 4.805393890e-02 4.161511362e-02
 3.489013016e-02 2.786266059e-02 2.052100748e-02 1.285631303e-02 4.861136433e-03
-3.463279922e-03-1.204194501e-02-2.080177329e-02-2.967310511e-02-3.859086707e-02
-4.749536514e-02-5.633272231e-02-6.505503505e-02-7.362021506e-02-8.199165016e-02
-9.013766050e-02-9.803082049e-02-1.056472212e-01-1.129656285e-01-1.199665666e-01
-1.266315281e-01-1.329419762e-01-1.388785243e-01-1.444200873e-01-1.495428979e-01
-1.542198062e-01-1.584194005e-01-1.621052474e-01-1.652351022e-01-1.677603126e-01
-1.696251035e-01-1.707662046e-01-1.711125374e-01-1.705850959e-01-1.690973938e-01
-1.665560901e-01-1.628625691e-01-1.579150409e-01-1.516118646e-01-1.438559890e-01
-1.345609426e-01-1.236583889e-01-1.111074090e-01-9.690550715e-02-8.110095561e-02
-6.380590796e-02-4.520931095e-02-2.558795176e-02-5.313604139e-03 1.514717191e-02
 3.504791111e-02 5.438329279e-02 7.313643396e-02 9.127858281e-02 1.087692678e-01
 1.255570203e-01 1.415807903e-01 1.567723900e-01 1.710601598e-01 1.843740642e-01
 6.170839816e-02 5.845844373e-02 5.319321156e-02 4.713845998e-02 4.081550986e-02
 3.418890387e-02 2.724306844e-02 1.996932179e-02 1.236104220e-02 4.412086681e-03
-3.871486522e-03-1.241446193e-02-2.114357240e-02-2.998902462e-02-3.888561949e-02
-4.777351767e-02-5.659869313e-02-6.531304866e-02-7.387431711e-02-8.224569261e-02
-9.039533138e-02-9.829565883e-02-1.059226543e-01-1.132550016e-01-1.202732176e-01
-1.269588023e-01-1.332933009e-01-1.392574459e-01-1.448303163e-01-1.499884129e-01
-1.547048539e-01-1.589486003e-01-1.626835763e-01-1.658680737e-01-1.684538722e-01
-1.703857780e-01-1.716011167e-01-1.720293760e-01-1.715922505e-01-1.702037752e-01
-1.677712053e-01-1.641963571e-01-1.593777388e-01-1.532137990e-01-1.456072181e-01
-1.364708692e-01-1.257351637e-01-1.133572534e-01-9.933176637e-02-8.370301127e-02
-6.657774746e-02-4.813776538e-02-2.865048498e-02-8.475762792e-03 1.193349250e-02
 3.174468875e-02 5.094935000e-02 6.953024864e-02 8.746109903e-02 1.047069281e-01
 1.212250292e-01 1.369665861e-01 1.518791020e-01 1.659093201e-01 1.790069938e-01
 6.060150266e-02 5.716207623e-02 5.230750144e-02 4.660648480e-02 4.047050327e-02
 3.396926820e-02 2.711828426e-02 1.992122829e-02 1.237743720e-02 4.483869299e-03
-3.752987599e-03-1.225609705e-02-2.095127292e-02-2.976810560e-02-3.864087909e-02
-4.750928283e-02-5.631880462e-02-6.502090394e-02-7.357284427e-02-8.193741739e-02
-9.008237720e-02-9.797976911e-02-1.056052446e-01-1.129371747e-01-1.199558228e-01
-1.266424209e-01-1.329783499e-01-1.389441490e-01-1.445187479e-01-1.496785730e-01
-1.543966532e-01-1.586419046e-01-1.623782814e-01-1.655640006e-01-1.681509614e-01
-1.700840890e-01-1.713007987e-01-1.717308313e-01-1.712960601e-01-1.699108481e-01
-1.674828529e-01-1.639143378e-01-1.591043621e-01-1.529520154e-01-1.453607231e-01
-1.362441480e-01-1.255336106e-01-1.131871343e-01-9.920024872e-02-8.361799270e-02
-6.654770672e-02-4.817134514e-02-2.875597030e-02-8.660346270e-03 1.166464761e-02
 3.138179332e-02 5.048276484e-02 6.895089149e-02 8.676098287e-02 1.038799435e-01
 1.202678159e-01 1.358795762e-01 1.506673694e-01 1.645834148e-01 1.775830239e-01
 6.086313725e-02 5.751027167e-02 5.252992362e-02 4.681939632e-02 4.075434804e-02
 3.433144093e-02 2.755354904e-02 2.042317763e-02 1.294141728e-02 5.108357873e-03
-3.083836753e-03-1.154712215e-02-2.020781115e-02-2.899520099e-02-3.784298897e-02
-4.669016600e-02-5.548151582e-02-6.416779011e-02-7.270560414e-02-8.105708659e-02
-8.918939531e-02-9.707400203e-02-1.046860069e-01-1.120032668e-01-1.190055162e-01
-1.256735325e-01-1.319881976e-01-1.379296184e-01-1.434762776e-01-1.486041248e-01
-1.532858014e-01-1.574897170e-01-1.611794382e-01-1.643127799e-01-1.668412387e-01
-1.687093526e-01-1.698542833e-01-1.702054441e-01-1.696846485e-01-1.682062745e-01
-1.656781435e-01-1.620029956e-01-1.570806801e-01-1.508114338e-01-1.431004256e-01
-1.338635683e-01-1.230351031e-01-1.105768532e-01-9.648893028e-02-8.082193136e-02
-6.368972361e-02-4.528189451e-02-2.587439865e-02-5.836101249e-03 1.437203865e-02
 3.398992121e-02 5.301221460e-02 7.142304629e-02 8.919627964e-02 1.062964499e-01
 1.226801127e-01 1.382976472e-01 1.530958116e-01 1.670206487e-01 1.800212860e-01
 6.162455305e-02 5.832681805e-02 5.339514464e-02 4.771520570e-02 4.168817028e-02
 3.531034291e-02 2.858014032e-02 2.149772644e-02 1.406354271e-02 6.277283654e-03
-1.862940378e-03-1.028359123e-02-1.890866086e-02-2.766582556e-02-3.648748994e-02
-4.531154409e-02-5.408178270e-02-6.274804473e-02-7.126609981e-02-7.959726453e-02
-8.770790696e-02-9.556877613e-02-1.031542048e-01-1.104413345e-01-1.174091846e-01
-1.240378171e-01-1.303073466e-01-1.361971945e-01-1.416850388e-01-1.467460692e-01
-1.513521075e-01-1.554707885e-01-1.590648293e-01-1.620912254e-01-1.645006537e-01
-1.662368774e-01-1.672363132e-01-1.674278229e-01-1.667327285e-01-1.650652289e-01
-1.623333097e-01-1.584402621e-01-1.532870829e-01-1.467759311e-01-1.388147473e-01
-1.293233633e-01-1.182411462e-01-1.055365205e-01-9.121775627e-02-7.534519583e-02
-5.804411322e-02-3.951735049e-02-2.005687729e-02-5.412742030e-05 1.998848096e-02
 3.949188069e-02 5.845834315e-02 7.687142491e-02 9.470058233e-02 1.119030714e-01
 1.284252405e-01 1.442041397e-01 1.591698527e-01 1.732493937e-01 1.863715053e-01
 6.304083019e-02 5.982808769e-02 5.488083512e-02 4.924380034e-02 4.325288534e-02
 3.690571338e-02 3.020428494e-02 2.315174043e-02 1.575104892e-02 8.004026487e-03
-8.923831047e-05-8.469929919e-03-1.706042886e-02-2.578695677e-02-3.458065167e-02
-4.337827116e-02-5.212258548e-02-6.076246500e-02-6.925275922e-02-7.755388319e-02
-8.563131094e-02-9.345491230e-02-1.009981185e-01-1.082371622e-01-1.151501313e-01
-1.217161268e-01-1.279143095e-01-1.337230504e-01-1.391189694e-01-1.440761685e-01
-1.485653371e-01-1.525529623e-01-1.560005248e-01-1.588638425e-01-1.610924006e-01
-1.626288742e-01-1.634086370e-01-1.633597016e-01-1.624028087e-01-1.604519784e-01
-1.574154496e-01-1.531975269e-01-1.477010846e-01-1.408311725e-01-1.325000823e-01
-1.226334870e-01-1.111785322e-01-9.811332822e-02-8.345789462e-02-6.728612632e-02
-4.973775521e-02-3.102871962e-02-1.145721786e-02 8.599355817e-03 2.832625248e-02
 4.767473042e-02 6.661178172e-02 8.510371298e-02 1.031084880e-01 1.205715984e-01
 1.374236643e-01 1.535795629e-01 1.689396203e-01 1.833936572e-01 1.968285441e-01
 6.495659053e-02 6.184177846e-02 5.703636259e-02 5.144295841e-02 4.546959326e-02
 3.912617266e-02 3.242419288e-02 2.537460066e-02 1.798607782e-02 1.026430167e-02
 2.211742802e-03-6.132244598e-03-1.468846574e-02-2.338199690e-02-3.214302287e-02
-4.090742767e-02-4.961714149e-02-5.822018534e-02-6.667052209e-02-7.492767274e-02
-8.295617253e-02-9.072487056e-02-9.820619971e-02-1.053752899e-01-1.122091264e-01
-1.186856180e-01-1.247826815e-01-1.304773837e-01-1.357450336e-01-1.405583322e-01
-1.448864788e-01-1.486944854e-01-1.519423425e-01-1.545843780e-01-1.565686166e-01
-1.578363776e-01-1.583218873e-01-1.579523087e-01-1.566478610e-01-1.543226540e-01
-1.508857906e-01-1.462433338e-01-1.403012276e-01-1.329691410e-01-1.241657212e-01
-1.138252243e-01-1.019057706e-01-8.839911222e-02-7.334180176e-02-5.682747811e-02
-3.901948035e-02-2.016295120e-02-5.952868378e-04 1.924701035e-02 3.880478442e-02
 5.808775127e-02 7.708623260e-02 9.577643871e-02 1.141195744e-01 1.320581436e-01
 1.495108008e-01 1.663669646e-01 1.824832559e-01 1.976852417e-01 2.117782831e-01
 6.769751012e-02 6.472794712e-02 5.999204516e-02 5.440117791e-02 4.838666692e-02
 4.198379070e-02 3.522410244e-02 2.813147753e-02 2.072190121e-02 1.300480217e-02
 4.984572995e-03-3.323933575e-03-1.184204780e-02-2.049496770e-02-2.921275795e-02
-3.793099523e-02-4.659113288e-02-5.514058843e-02-6.353258342e-02-7.172577083e-02
-7.968372107e-02-8.737422526e-02-9.476855397e-02-1.018405855e-01-1.085659713e-01
-1.149212122e-01-1.208827645e-01-1.264261156e-01-1.315249503e-01-1.361502856e-01
-1.402696073e-01-1.438461542e-01-1.468381584e-01-1.491982937e-01-1.508729756e-01
-1.518021524e-01-1.519189626e-01-1.511498988e-01-1.494151950e-01-1.466296613e-01
-1.427042931e-01-1.375483871e-01-1.310727596e-01-1.231940389e-01-1.138401628e-01
-1.029573753e-01-9.051859379e-02-7.653315365e-02-6.105777994e-02-4.420812428e-02
-2.617071755e-02-7.214859128e-03 1.229400374e-02 3.172151744e-02 5.105212331e-02
 7.027980685e-02 8.939865232e-02 1.083971784e-01 1.272524595e-01 1.459222734e-01
 1.643337607e-01 1.823670268e-01 1.998342127e-01 2.164603472e-01 2.318862081e-01
 7.154981792e-02 6.880095601e-02 6.400555372e-02 5.827040225e-02 5.205252394e-02
 4.545497149e-02 3.853894770e-02 3.133655712e-02 2.386386693e-02 1.612778008e-02
 8.129611611e-03-1.329113147e-04-8.598526008e-03-1.719325036e-02-2.584765479e-02
-3.449752182e-02-4.308420420e-02-5.155476928e-02-5.986182392e-02-6.796321273e-02
-7.582151890e-02-8.340336382e-02-9.067872167e-02-9.762005508e-02-1.042014807e-01
-1.103978455e-01-1.161838770e-01-1.215332597e-01-1.264177561e-01-1.308064908e-01
-1.346649528e-01-1.379544735e-01-1.406313777e-01-1.426465809e-01-1.439449787e-01
-1.444652677e-01-1.441398859e-01-1.428952217e-01-1.406523287e-01-1.373279989e-01
-1.328366697e-01-1.270929128e-01-1.200151294e-01-1.115301326e-01-1.015791148e-01
-9.012486041e-02-7.716016471e-02-6.271725893e-02-4.687759653e-02-2.978109568e-02
-1.163283922e-02 7.296548225e-03 2.629478276e-02 4.534763843e-02 6.445640326e-02
 8.363239467e-02 1.028929204e-01 1.222580150e-01 1.417462528e-01 1.613683254e-01
 1.811152846e-01 2.009357512e-01 2.206881642e-01 2.400358319e-01 2.582731843e-01
 7.730995864e-02 7.518821955e-02 6.976643205e-02 6.315842271e-02 5.635461211e-02
 4.936199635e-02 4.218273610e-02 3.481437638e-02 2.725190669e-02 1.948856190e-02
 1.151608862e-02 3.324644174e-03-5.060215015e-03-1.356597617e-02-2.212439477e-02
-3.067195788e-02-3.915026039e-02-4.750619829e-02-5.569186062e-02-6.366430223e-02
-7.138501108e-02-7.881935686e-02-8.593584597e-02-9.270532429e-02-9.910014272e-02
-1.050932780e-01-1.106574535e-01-1.157643124e-01-1.203835160e-01-1.244820133e-01
-1.280232370e-01-1.309664100e-01-1.332660317e-01-1.348713040e-01-1.357258558e-01
-1.357676387e-01-1.349290013e-01-1.331372261e-01-1.303154975e-01-1.263843179e-01
-1.212637424e-01-1.148764938e-01-1.071518809e-01-9.803108871e-02-8.747343719e-02
-7.546405494e-02-6.202246249e-02-4.721197486e-02-3.114925325e-02-1.401387341e-02
 3.941346426e-03 2.238013595e-02 4.091109708e-02 5.957721174e-02 7.841651142e-02
 9.747147560e-02 1.167939603e-01 1.364484876e-01 1.565150470e-01 1.770919561e-01
 1.982991993e-01 2.202837765e-01 2.432326972e-01 2.674311399e-01 2.928748131e-01
 8.326609433e-02 8.183059096e-02 7.560972869e-02 6.804510951e-02 6.062843278e-02
 5.323988944e-02 4.580903798e-02 3.829366714e-02 3.066553921e-02 2.290346101e-02
 1.498999074e-02 6.909915712e-03-1.350018429e-03-9.720525704e-03-1.813593134e-02
-2.653393522e-02-3.485657275e-02-4.305060953e-02-5.106760561e-02-5.886371061e-02
-6.639924645e-02-7.363813370e-02-8.054722846e-02-8.709555864e-02-9.325346351e-02
-9.899181873e-02-1.042811424e-01-1.090908051e-01-1.133881807e-01-1.171379536e-01
-1.203013808e-01-1.228357106e-01-1.246936694e-01-1.258231401e-01-1.261669993e-01
-1.256631166e-01-1.242448837e-01-1.218418777e-01-1.183811873e-01-1.137893051e-01
-1.079947799e-01-1.009317487e-01-9.254440665e-02-8.279276639e-02-7.165940106e-02
-5.915739387e-02-4.533906281e-02-3.030481562e-02-1.421046816e-02 2.730676206e-03
 2.023585513e-02 3.793681785e-02 5.584502965e-02 7.398858666e-02 9.240892529e-02
 1.111624241e-01 1.303242445e-01 1.499940604e-01 1.703038514e-01 1.914291680e-01
 2.136055976e-01 2.371536195e-01 2.625176907e-01 2.903226912e-01 3.201207519e-01
 8.703902364e-02 8.588149399e-02 7.949209213e-02 7.175706327e-02 6.414192915e-02
 5.658851564e-02 4.905016720e-02 4.148829356e-02 3.387174010e-02 2.617490292e-02
 1.837588474e-02 1.045491733e-02 2.392790513e-03-5.776777398e-03-1.398671232e-02
-2.217444405e-02-3.028182127e-02-3.825519979e-02-4.604541510e-02-5.360756069e-02
-6.090060622e-02-6.788686663e-02-7.453134656e-02-8.080102503e-02-8.666406572e-02
-9.208901227e-02-9.704402089e-02-1.014960259e-01-1.054100394e-01-1.087484509e-01
-1.114704162e-01-1.135313883e-01-1.148827374e-01-1.154715866e-01-1.152408198e-01
-1.141294539e-01-1.120733023e-01-1.090061069e-01-1.048612297e-01-9.957398474e-02
-9.308469296e-02-8.534267545e-02-7.631122321e-02-6.597352028e-02-5.433977395e-02
-4.145539925e-02-2.741058543e-02-1.235150173e-02 3.505169414e-03 1.993540302e-02
 3.660887480e-02 5.353294685e-02 7.072189450e-02 8.820147067e-02 1.060117483e-01
 1.242104620e-01 1.428776979e-01 1.621226370e-01 1.820931733e-01 2.029896379e-01
 2.250842303e-01 2.487473786e-01 2.744781673e-01 3.029243350e-01 3.334279358e-01
 8.901056647e-02 8.799576759e-02 8.194606006e-02 7.428260893e-02 6.669586897e-02
 5.916976184e-02 5.167698115e-02 4.419036582e-02 3.668481112e-02 2.913764864e-02
 2.152839303e-02 1.383835822e-02 6.050504278e-03-1.849890454e-03-9.783894755e-03
-1.769097894e-02-2.551350556e-02-3.319757432e-02-4.069325328e-02-4.795450717e-02
-5.493882298e-02-6.160677224e-02-6.792137027e-02-7.384739816e-02-7.935068011e-02
-8.439731598e-02-8.895300329e-02-9.298219532e-02-9.644756466e-02-9.930934757e-02
-1.015248746e-01-1.030482128e-01-1.038299873e-01-1.038174108e-01-1.029545665e-01
-1.011830866e-01-9.844312817e-02-9.467495978e-02-8.982104063e-02-8.382882178e-02
-7.665424794e-02-6.826604903e-02-5.865085870e-02-4.781894758e-02-3.581055254e-02
-2.270228043e-02-8.613649756e-03 6.288412958e-03 2.148757130e-02 3.701264411e-02
 5.283208191e-02 6.893345714e-02 8.531820029e-02 1.020005643e-01 1.190085113e-01
 1.363859326e-01 1.541960537e-01 1.725264043e-01 1.914958358e-01 2.112648189e-01
 2.320512235e-01 2.541568875e-01 2.780193090e-01 3.043285012e-01 3.318479955e-01
 9.008729458e-02 8.923955262e-02 8.324271441e-02 7.571883500e-02 6.828199327e-02
 6.091034412e-02 5.358237028e-02 4.627766088e-02 3.897728398e-02 3.166345507e-02
 2.431912720e-02 1.692756638e-02 9.471826255e-03 1.933782827e-03-5.640582182e-03
-1.318725757e-02-2.064715698e-02-2.796543576e-02-3.509117290e-02-4.197708890e-02
-4.857916757e-02-5.485616997e-02-6.076907367e-02-6.628042459e-02-7.135366648e-02
-7.595248520e-02-8.004008234e-02-8.357861638e-02-8.652860671e-02-8.884845674e-02
-9.049416333e-02-9.141908586e-02-9.157401323e-02-9.090745449e-02-8.936619014e-02
-8.689631522e-02-8.344464749e-02-7.896071672e-02-7.339934260e-02-6.672388315e-02
-5.891017616e-02-4.995115101e-02-3.986201435e-02-2.868570760e-02-1.649856940e-02
-3.412850201e-03 1.041443832e-02 2.455755882e-02 3.900353238e-02 5.374178290e-02
 6.875702739e-02 8.403658122e-02 9.957340360e-02 1.153678000e-01 1.314287931e-01
 1.477753967e-01 1.644380391e-01 1.814599931e-01 1.988984644e-01 2.168253809e-01
 2.353265285e-01 2.544972003e-01 2.744261026e-01 2.951142192e-01 3.154877424e-01
 8.997520804e-02 8.924667537e-02 8.336648345e-02 7.608096302e-02 6.890289485e-02
 6.178956479e-02 5.472055078e-02 4.768322408e-02 4.066687077e-02 3.366044909e-02
 2.665202692e-02 1.962880045e-02 1.257736981e-02 5.484274123e-03-1.658028690e-03
-8.766220883e-03-1.578356326e-02-2.265579253e-02-2.933168411e-02-3.576307744e-02
-4.190466553e-02-4.771356285e-02-5.314881355e-02-5.817086250e-02-6.274090707e-02
-6.682033837e-02-7.037018239e-02-7.335055619e-02-7.572028041e-02-7.743652165e-02
-7.845468819e-02-7.872842252e-02-7.820992172e-02-7.685046643e-02-7.460138947e-02
-7.141543180e-02-6.724859029e-02-6.206258014e-02-5.582787842e-02-4.852742702e-02
-4.016098380e-02-3.074999899e-02-2.034334652e-02-9.021284059e-03 3.089200705e-03
 1.585156098e-02 2.896345779e-02 4.240011424e-02 5.613638461e-02 7.014740258e-02
 8.440837264e-02 9.889569879e-02 1.135881096e-01 1.284675598e-01 1.435196996e-01
 1.587341130e-01 1.741036773e-01 1.896231025e-01 2.052853107e-01 2.210748345e-01
 2.369552851e-01 2.528462708e-01 2.685800791e-01 2.838174105e-01 2.978939414e-01
 8.820434660e-02 8.742123842e-02 8.213791251e-02 7.538254559e-02 6.861019135e-02
 6.183579564e-02 5.508504435e-02 4.837033898e-02 4.169433564e-02 3.505355865e-02
 2.844065428e-02 2.184570208e-02 1.525701582e-02 8.661428466e-03 2.043930814e-03
-4.540466703e-03-1.103222556e-02-1.737619191e-02-2.352060564e-02-2.941661701e-02
-3.501788527e-02-4.028018564e-02-4.516094923e-02-4.961879551e-02-5.361302197e-02
-5.710314959e-02-6.004845351e-02-6.240762025e-02-6.413847208e-02-6.519782543e-02
-6.554158777e-02-6.512500346e-02-6.390321255e-02-6.183214858e-02-5.886976421e-02
-5.497778207e-02-5.012392998e-02-4.428482056e-02-3.744944185e-02-2.962312475e-02
-2.083229832e-02-1.112775691e-02-5.989595666e-04 1.067135669e-02 2.235971764e-02
 3.447543457e-02 4.696770757e-02 5.979373306e-02 7.291401178e-02 8.629015088e-02
 9.988385439e-02 1.136566550e-01 1.275700182e-01 1.415855139e-01 1.556648910e-01
 1.697696447e-01 1.838600039e-01 1.978927553e-01 2.118171155e-01 2.255683541e-01
 2.390576899e-01 2.521582842e-01 2.646880448e-01 2.763956189e-01 2.869678140e-01
 8.634158969e-02 8.574123681e-02 8.065633476e-02 7.414905727e-02 6.762698293e-02
 6.112340093e-02 5.467556417e-02 4.829911888e-02 4.199765623e-02 3.576795012e-02
 2.960276231e-02 2.349249274e-02 1.742623374e-02 1.139249094e-02 5.379927345e-03
-6.126363296e-04-6.503606215e-03-1.224134490e-02-1.777554676e-02-2.305773646e-02
-2.804128453e-02-3.268119693e-02-3.693383187e-02-4.075653106e-02-4.410726577e-02
-4.694432020e-02-4.922598600e-02-5.091038346e-02-5.195537210e-02-5.231864005e-02
-5.195799470e-02-5.083194003e-02-4.890047759e-02-4.612629116e-02-4.247631878e-02
-3.792368621e-02-3.245002776e-02-2.604896203e-02-1.873011142e-02-1.052203216e-02
-1.484364038e-03 8.335404098e-03 1.863204688e-02 2.942602709e-02 4.067172110e-02
 5.233202875e-02 6.436525285e-02 7.672749460e-02 8.937290311e-02 1.022532731e-01
 1.153177470e-01 1.285125613e-01 1.417811662e-01 1.550644934e-01 1.683012098e-01
 1.814280450e-01 1.943796277e-01 2.070877254e-01 2.194794118e-01 2.314742804e-01
 2.429802567e-01 2.538893223e-01 2.640745044e-01 2.733914256e-01 2.816876769e-01
 8.453599364e-02 8.422240615e-02 7.907490432e-02 7.237116992e-02 6.587822735e-02
 5.955912918e-02 5.339475721e-02 4.737291485e-02 4.148238897e-02 3.571134433e-02
 3.004731424e-02 2.447761595e-02 1.898971573e-02 1.357142441e-02 8.210774511e-03
 2.895372454e-03-2.317534760e-03-7.374317385e-03-1.222473662e-02-1.682070270e-02
-2.111574262e-02-2.506469935e-02-2.862350270e-02-3.174895048e-02-3.439851105e-02
-3.653013706e-02-3.810217977e-02-3.907338530e-02-3.940300643e-02-3.905109689e-02
-3.797909245e-02-3.615070134e-02-3.353298083e-02-3.009770438e-02-2.582349814e-02
-2.069800347e-02-1.471742243e-02-7.892549038e-03-2.585939947e-04 8.159836754e-03
 1.710318029e-02 2.659735084e-02 3.660566732e-02 4.710024595e-02 5.804766715e-02
 6.941108406e-02 8.114939928e-02 9.321685135e-02 1.055625081e-01 1.181297004e-01
 1.308555901e-01 1.436708122e-01 1.564998031e-01 1.692613661e-01 1.818699837e-01
 1.942376196e-01 2.062755823e-01 2.178964317e-01 2.290154994e-01 2.395515144e-01
 2.494264990e-01 2.585652471e-01 2.668952942e-01 2.743480504e-01 2.808622718e-01
 8.108397573e-02 8.082157373e-02 7.580970228e-02 6.921939552e-02 6.290341169e-02
 5.685083941e-02 5.103647709e-02 4.543506727e-02 4.002279788e-02 3.477792442e-02
 2.968104184e-02 2.471515164e-02 1.986563578e-02 1.512015611e-02 1.046864875e-02
 5.903644953e-03 1.421555877e-03-2.894471167e-03-6.999545731e-03-1.084833965e-02
-1.439580135e-02-1.759754308e-02-2.040996216e-02-2.279024199e-02-2.469635196e-02
-2.608707920e-02-2.692217380e-02-2.716255561e-02-2.677055262e-02-2.571024001e-02
-2.394840494e-02-2.145609632e-02-1.821011305e-02-1.419247407e-02-9.396025911e-03
-3.836025950e-03 2.485618927e-03 9.562186897e-03 1.719654165e-02 2.541549876e-02
 3.419267386e-02 4.351032525e-02 5.334597081e-02 6.367449462e-02 7.446690649e-02
 8.568964899e-02 9.730353951e-02 1.092626452e-01 1.215129942e-01 1.339911669e-01
 1.466231346e-01 1.593233049e-01 1.719944775e-01 1.845286936e-01 1.968098283e-01
 2.087175548e-01 2.201327235e-01 2.309435010e-01 2.410511374e-01 2.503745556e-01
 2.588529587e-01 2.664460540e-01 2.731329203e-01 2.789089382e-01 2.837832570e-01
 7.615348697e-02 7.594694197e-02 7.079428434e-02 6.438636035e-02 5.837936699e-02
 5.272772908e-02 4.739068821e-02 4.232684523e-02 3.749858588e-02 3.287391737e-02
 2.842673659e-02 2.413635328e-02 1.998677291e-02 1.596590318e-02 1.206477359e-02
 8.276641369e-03 4.595574923e-03 1.077745808e-03-2.230790909e-03-5.285641178e-03
-8.042497560e-03-1.045798790e-02-1.248973422e-02-1.409631036e-02-1.523730718e-02
-1.587359421e-02-1.596783474e-02-1.548518054e-02-1.439369284e-02-1.266268082e-02
-1.026461273e-02-7.179483771e-03-3.403685056e-03 1.081265742e-03 6.298926193e-03
 1.207013987e-02 1.844087243e-02 2.541941032e-02 3.298231214e-02 4.111769795e-02
 4.981211200e-02 5.905168504e-02 6.882070005e-02 7.910081744e-02 8.987008035e-02
 1.011016071e-01 1.127621084e-01 1.248099506e-01 1.371928155e-01 1.498449147e-01
 1.626842618e-01 1.756096184e-01 1.884988099e-01 2.012084424e-01 2.135769576e-01
 2.254317701e-01 2.366006374e-01 2.469258010e-01 2.562782168e-01 2.645683885e-01
 2.717525065e-01 2.778325081e-01 2.828502953e-01 2.868774831e-01 2.900028229e-01
 6.875549257e-02 6.840085238e-02 6.358081847e-02 5.752326176e-02 5.201036856e-02
 4.696273804e-02 4.229660705e-02 3.794103861e-02 3.384071589e-02 2.995442972e-02
 2.625245228e-02 2.271395177e-02 1.932494529e-02 1.607679389e-02 1.296510268e-02
 9.989017621e-03 7.150862366e-03 4.456307273e-03 1.971777063e-03-2.660923637e-04
-2.211953513e-03-3.824544139e-03-5.064342171e-03-5.892795511e-03-6.272261031e-03
-6.166445557e-03-5.541606806e-03-4.369428381e-03-2.634126693e-03-3.087920486e-04
 2.637417754e-03 6.239442620e-03 1.036341395e-02 1.505466551e-02 2.032941580e-02
 2.617498860e-02 3.259205818e-02 3.958093375e-02 4.713812470e-02 5.525970832e-02
 6.394121051e-02 7.317750901e-02 8.296234906e-02 9.328765422e-02 1.041426063e-01
 1.155122966e-01 1.273758262e-01 1.397038251e-01 1.524549723e-01 1.655714810e-01
 1.789733171e-01 1.925512552e-01 2.061595023e-01 2.196095586e-01 2.326690555e-01
 2.450706810e-01 2.565351129e-01 2.668053806e-01 2.756816149e-01 2.830460668e-01
 2.888741493e-01 2.932328582e-01 2.962678373e-01 2.981771231e-01 2.991761565e-01
 5.865184963e-02 5.802535266e-02 5.347935855e-02 4.809902981e-02 4.348164797e-02
 3.940312192e-02 3.570452332e-02 3.228577971e-02 2.908501960e-02 2.606424876e-02
 2.320059761e-02 2.048115805e-02 1.789986342e-02 1.545568369e-02 1.315157209e-02
 1.099405903e-02 8.993327618e-03 7.163887843e-03 5.526010878e-03 4.092225339e-03
 2.952646930e-03 2.136117313e-03 1.674520085e-03 1.600972144e-03 1.949174097e-03
 2.753552515e-03 4.050543532e-03 5.882415920e-03 8.160660043e-03 1.092871651e-02
 1.421358809e-02 1.802843437e-02 2.236681804e-02 2.723460272e-02 3.263826668e-02
 3.858156502e-02 4.506880790e-02 5.210448429e-02 5.969293043e-02 6.783863902e-02
 7.654644549e-02 8.582153916e-02 9.566940367e-02 1.060954332e-01 1.171044409e-01
 1.286995709e-01 1.408808678e-01 1.536427289e-01 1.669701636e-01 1.808331162e-01
 1.951777935e-01 2.099140584e-01 2.248973399e-01 2.399042845e-01 2.546058893e-01
 2.685553432e-01 2.812274694e-01 2.921257615e-01 3.008921444e-01 3.073503971e-01
 3.115042448e-01 3.135327101e-01 3.137827516e-01 3.127227724e-01 3.108313084e-01
 4.411976412e-02 4.266707599e-02 3.899092972e-02 3.554740176e-02 3.273962066e-02
 3.020856716e-02 2.783985250e-02 2.558784187e-02 2.343433909e-02 2.137413248e-02
 1.940890774e-02 1.754436642e-02 1.578880288e-02 1.415244304e-02 1.264723018e-02
 1.128691435e-02 1.008737646e-02 9.067149833e-03 8.248081431e-03 7.655959576e-03
 7.325235754e-03 7.286289707e-03 7.567682303e-03 8.196795359e-03 9.199783206e-03
 1.060103439e-02 1.242191717e-02 1.467783004e-02 1.737090386e-02 2.051302418e-02
 2.411722392e-02 2.819428593e-02 3.275204822e-02 3.779868782e-02 4.334269464e-02
 4.939269274e-02 5.595786124e-02 6.304818392e-02 7.067464292e-02 7.884958386e-02
 8.758692443e-02 9.690259397e-02 1.068148166e-01 1.173443496e-01 1.285147667e-01
 1.403524131e-01 1.528861523e-01 1.661464274e-01 1.801632792e-01 1.949624717e-01
 2.105581611e-01 2.269400060e-01 2.440499365e-01 2.617387772e-01 2.796774805e-01
 2.971630692e-01 3.129140139e-01 3.256586194e-01 3.348213434e-01 3.402548432e-01
 3.420138359e-01 3.403582573e-01 3.359256983e-01 3.299685419e-01 3.238059282e-01
 2.434790879e-02 2.056290954e-02 2.071578428e-02 2.123555541e-02 2.095530368e-02
 2.027573436e-02 1.937623695e-02 1.835435256e-02 1.727261767e-02 1.617599651e-02
 1.509947330e-02 1.407183520e-02 1.311785076e-02 1.225969195e-02 1.151796244e-02
 1.091253199e-02 1.046322659e-02 1.019042358e-02 1.011550985e-02 1.026117057e-02
 1.065138355e-02 1.130979881e-02 1.225921139e-02 1.352131832e-02 1.511645690e-02
 1.706325449e-02 1.937815174e-02 2.207491547e-02 2.516468614e-02 2.865858749e-02
 3.256772086e-02 3.690281510e-02 4.167426750e-02 4.689268768e-02 5.256925523e-02
 5.871601403e-02 6.534618139e-02 7.247451693e-02 8.011769503e-02 8.829477429e-02
 9.702773392e-02 1.063421518e-01 1.162680238e-01 1.268408000e-01 1.381025910e-01
 1.501037776e-01 1.629047096e-01 1.765780449e-01 1.912109256e-01 2.069073319e-01
 2.237893641e-01 2.419970185e-01 2.616844773e-01 2.830149531e-01 3.061694503e-01
 3.314679861e-01 3.541380167e-01 3.697246611e-01 3.793305755e-01 3.835311830e-01
 3.818311691e-01 3.746848702e-01 3.613567948e-01 3.462222815e-01 3.347456455e-01
 1.058790646e-02 6.044968497e-03 7.054056972e-03 9.076476097e-03 1.029902510e-02
 1.095032878e-02 1.121033728e-02 1.121135801e-02 1.105065551e-02 1.080129296e-02
 1.051960606e-02 1.025019400e-02 1.002933457e-02 9.887417778e-03 9.850723669e-03
 9.942742065e-03 1.018515788e-02 1.059856825e-02 1.120295562e-02 1.201794297e-02
 1.306280307e-02 1.435619220e-02 1.591592655e-02 1.775880158e-02 1.990047097e-02
 2.235532366e-02 2.513642795e-02 2.825558186e-02 3.172360361e-02 3.555089235e-02
 3.974780440e-02 4.432490095e-02 4.929319024e-02 5.466447026e-02 6.045167148e-02
 6.666913629e-02 7.333300263e-02 8.046153188e-02 8.807560802e-02 9.619921446e-02
 1.048601791e-01 1.140910387e-01 1.239302754e-01 1.344238222e-01 1.456273496e-01
 1.576089859e-01 1.704533845e-01 1.842671931e-01 1.991865337e-01 2.153876126e-01
 2.331008017e-01 2.526288331e-01 2.743667960e-01 2.988193631e-01 3.266100287e-01
 3.562957048e-01 3.790366054e-01 3.946503997e-01 4.035325646e-01 4.053934216e-01
 4.004372954e-01 3.876464367e-01 3.683327436e-01 3.517114222e-01 3.383640051e-01
 1.165666501e-03-3.757371102e-03-2.558089327e-03-1.421056513e-04 1.662714873e-03
 2.977522090e-03 3.919768613e-03 4.596312996e-03 5.097887479e-03 5.498750135e-03
 5.858667195e-03 6.225618534e-03 6.638458930e-03 7.129226811e-03 7.724984549e-03
 8.449220099e-03 9.322863072e-03 1.036498044e-02 1.159322262e-02 1.302408427e-02
 1.467300951e-02 1.655440778e-02 1.868163049e-02 2.106696740e-02 2.372166887e-02
 2.665600926e-02 2.987940609e-02 3.340061009e-02 3.722802550e-02 4.137001559e-02
 4.583533853e-02 5.063344166e-02 5.577484518e-02 6.127145141e-02 6.713684648e-02
 7.338660210e-02 8.003856242e-02 8.711310476e-02 9.463356435e-02 1.026266515e-01
 1.111230925e-01 1.201585233e-01 1.297747046e-01 1.400211751e-01 1.509575844e-01
 1.626570225e-01 1.752105653e-01 1.887340397e-01 2.033779919e-01 2.193430960e-01
 2.369044274e-01 2.564514875e-01 2.785526216e-01 3.040354848e-01 3.337762654e-01
 3.600716591e-01 3.799312413e-01 3.933898509e-01 4.002543688e-01 4.004881978e-01
 3.929328322e-01 3.769514859e-01 3.596559763e-01 3.452390432e-01 3.331398368e-01
-4.937694408e-03-1.012176834e-02-9.343504906e-03-6.980813108e-03-5.092097446e-03
-3.593079746e-03-2.384515479e-03-1.374036307e-03-4.824912176e-04 3.545761574e-04
 1.188310562e-03 2.059106249e-03 2.999297576e-03 4.035458900e-03 5.190136377e-03
 6.483029574e-03 7.931722328e-03 9.552080184e-03 1.135845296e-02 1.336375065e-02
 1.557948068e-02 1.801577955e-02 2.068147436e-02 2.358418889e-02 2.673047036e-02
 3.012598678e-02 3.377575055e-02 3.768441826e-02 4.185663909e-02 4.629746452e-02
 5.101279914e-02 5.600982532e-02 6.129746139e-02 6.688669324e-02 7.279086858e-02
 7.902593166e-02 8.561050147e-02 9.256600589e-02 9.991677105e-02 1.076902151e-01
 1.159171909e-01 1.246325076e-01 1.338757277e-01 1.436924040e-01 1.541357040e-01
 1.652686000e-01 1.771670878e-01 1.899243891e-01 2.036571354e-01 2.185144126e-01
 2.346919179e-01 2.524562478e-01 2.721940875e-01 2.945602238e-01 3.184162378e-01
 3.384709954e-01 3.539041877e-01 3.644405603e-01 3.699773550e-01 3.697189093e-01
 3.633852005e-01 3.516691923e-01 3.404345512e-01 3.301986456e-01 3.209993839e-01
-8.895650506e-03-1.443852764e-02-1.386681385e-02-1.186700538e-02-1.030116528e-02
-9.023373015e-03-7.908881642e-03-6.861985661e-03-5.815140903e-03-4.722753540e-03
-3.554153256e-03-2.287714742e-03-9.066652856e-04 6.035345141e-04 2.256552223e-03
 4.065653775e-03 6.043623202e-03 8.202410303e-03 1.055271924e-02 1.310366951e-02
 1.586260647e-02 1.883506961e-02 2.202490717e-02 2.543447539e-02 2.906491049e-02
 3.291640058e-02 3.698850796e-02 4.128052294e-02 4.579190910e-02 5.052283406e-02
 5.547479540e-02 6.065127254e-02 6.605833769e-02 7.170516998e-02 7.760431617e-02
 8.377176523e-02 9.022681415e-02 9.699173272e-02 1.040913835e-01 1.115529537e-01
 1.194057018e-01 1.276809573e-01 1.364122629e-01 1.456358284e-01 1.553908437e-01
 1.657201648e-01 1.766706854e-01 1.882933676e-01 2.006423175e-01 2.137716413e-01
 2.277269959e-01 2.425247282e-01 2.581011951e-01 2.741987705e-01 2.900507748e-01
 3.040791452e-01 3.154104948e-01 3.235983253e-01 3.283556700e-01 3.295364380e-01
 3.272624016e-01 3.226766586e-01 3.170435429e-01 3.110207915e-01 3.050008416e-01
-1.001216378e-02-1.591862552e-02-1.608938724e-02-1.504870318e-02-1.439023390e-02
-1.381128840e-02-1.313739456e-02-1.228729263e-02-1.123569347e-02-9.984860197e-03
-8.546940982e-03-6.934260018e-03-5.154672544e-03-3.210098715e-03-1.097004046e-03
 1.192058902e-03 3.666521981e-03 6.335948594e-03 9.208546951e-03 1.229019091e-02
 1.558398455e-02 1.909027994e-02 2.280703187e-02 2.673029527e-02 3.085471690e-02
 3.517390415e-02 3.968072310e-02 4.436758906e-02 4.922691733e-02 5.425180495e-02
 5.943700299e-02 6.478013098e-02 7.028274238e-02 7.595132291e-02 8.179756999e-02
 8.783835173e-02 9.409499168e-02 1.005921289e-01 1.073565632e-01 1.144160777e-01
 1.217984706e-01 1.295310259e-01 1.376400590e-01 1.461505890e-01 1.550859809e-01
 1.644671857e-01 1.743112803e-01 1.846289635e-01 1.954199821e-01 2.066653669e-01
 2.183146775e-01 2.302651703e-01 2.423314303e-01 2.542092502e-01 2.654601932e-01
 2.755720615e-01 2.840845585e-01 2.906681001e-01 2.951438427e-01 2.974985838e-01
 2.979106903e-01 2.967399955e-01 2.944259048e-01 2.913686633e-01 2.878808975e-01
-6.834320724e-03-1.268121041e-02-1.538783871e-02-1.702352054e-02-1.833163947e-02
-1.900875755e-02-1.899227127e-02-1.837239042e-02-1.726896130e-02-1.579016820e-02
-1.402133331e-02-1.202226989e-02-9.828423150e-03-7.454701234e-03-4.900939763e-03
-2.157831565e-03 7.876813179e-04 3.948126454e-03 7.332524750e-03 1.094475575e-02
 1.478317566e-02 1.884127781e-02 2.310900763e-02 2.757419646e-02 3.222361207e-02
 3.704338893e-02 4.201886803e-02 4.713424295e-02 5.237247795e-02 5.771607906e-02
 6.314878166e-02 6.865811348e-02 7.423803210e-02 7.989092171e-02 8.562856913e-02
 9.147158265e-02 9.744763374e-02 1.035886258e-01 1.099275798e-01 1.164961308e-01
 1.233226731e-01 1.304315627e-01 1.378425807e-01 1.455706954e-01 1.536255330e-01
 1.620103866e-01 1.707204729e-01 1.797402650e-01 1.890393794e-01 1.985669434e-01
 2.082441151e-01 2.179554999e-01 2.275414169e-01 2.367955148e-01 2.454741895e-01
 2.533216178e-01 2.601045072e-01 2.656445503e-01 2.698410153e-01 2.726824284e-01
 2.742466331e-01 2.746860385e-01 2.741977274e-01 2.729896307e-01 2.712542117e-01
-2.839414403e-03-8.919682354e-03-1.464574784e-02-2.018489689e-02-2.517392859e-02
-2.683796734e-02-2.695795335e-02-2.606027573e-02-2.447694540e-02-2.244104818e-02
-2.011432871e-02-1.759644039e-02-1.493325084e-02-1.212984510e-02-9.166048840e-03
-6.010485347e-03-2.631085459e-03 9.978996823e-04 4.891613964e-03 9.052599780e-03
 1.347118616e-02 1.812830754e-02 2.299997397e-02 2.806166187e-02 3.329092264e-02
 3.866748139e-02 4.417119920e-02 4.977897927e-02 5.546212941e-02 6.118601561e-02
 6.691362709e-02 7.261230052e-02 7.826092839e-02 8.385491371e-02 8.940827847e-02
 9.495287389e-02 1.005340070e-01 1.062028706e-01 1.120084226e-01 1.179918870e-01
 1.241847873e-01 1.306091994e-01 1.372788250e-01 1.441997588e-01 1.513708085e-01
 1.587830186e-01 1.664186120e-01 1.742492020e-01 1.822335124e-01 1.903144866e-01
 1.984165311e-01 2.064433396e-01 2.142774761e-01 2.217833698e-01 2.288147807e-01
 2.352264524e-01 2.408885211e-01 2.457005680e-01 2.496023029e-01 2.525793016e-01
 2.546626329e-01 2.559223175e-01 2.564560473e-01 2.563758492e-01 2.557958066e-01
-7.423584466e-04-7.609004155e-03-1.508519240e-02-2.355809882e-02-3.291873634e-02
-3.812757879e-02-3.827025741e-02-3.592679650e-02-3.302233294e-02-2.983948588e-02
-2.659952268e-02-2.341316640e-02-2.028049901e-02-1.713235676e-02-1.387514174e-02
-1.041877456e-02-6.689281669e-03-2.634023549e-03 1.774662058e-03 6.536031142e-03
 1.162060909e-02 1.697777584e-02 2.255129442e-02 2.829440683e-02 3.417621553e-02
 4.017893597e-02 4.628986865e-02 5.249054730e-02 5.874409527e-02 6.498543918e-02
 7.112769783e-02 7.708913088e-02 8.281677216e-02 8.829302341e-02 9.353685379e-02
 9.860716760e-02 1.035985500e-01 1.086159796e-01 1.137441397e-01 1.190377027e-01
 1.245273054e-01 1.302275360e-01 1.361423135e-01 1.422675550e-01 1.485923827e-01
 1.550991535e-01 1.617629528e-01 1.685506403e-01 1.754197180e-01 1.823173910e-01
 1.891797930e-01 1.959321201e-01 2.024898976e-01 2.087618113e-01 2.146543860e-01
 2.200780511e-01 2.249539793e-01 2.292205542e-01 2.328385115e-01 2.357935309e-01
 2.380964160e-01 2.397803962e-01 2.408962250e-01 2.415063828e-01 2.416790128e-01
 1.896318281e-03-5.156954285e-03-1.310668327e-02-2.241879329e-02-3.345951438e-02
-4.178334773e-02-4.609756172e-02-4.623526335e-02-4.217754304e-02-3.697816655e-02
-3.245359659e-02-2.868948877e-02-2.540809847e-02-2.228310332e-02-1.905769110e-02
-1.555390097e-02-1.164724771e-02-7.249016315e-03-2.304696478e-03 3.189699724e-03
 9.158795699e-03 1.544857770e-02 2.190260775e-02 2.843342349e-02 3.502020240e-02
 4.168003425e-02 4.844595492e-02 5.535083264e-02 6.240367889e-02 6.951303780e-02
 7.638108730e-02 8.277477324e-02 8.862264454e-02 9.390208125e-02 9.861413389e-02
 1.028222665e-01 1.067901254e-01 1.108511165e-01 1.151260734e-01 1.196387857e-01
 1.243868917e-01 1.293594241e-01 1.345415413e-01 1.399156749e-01 1.454612017e-01
 1.511537135e-01 1.569643915e-01 1.628591120e-01 1.687979400e-01 1.747348309e-01
 1.806176454e-01 1.863887608e-01 1.919864416e-01 1.973467618e-01 2.024065554e-01
 2.071066350e-01 2.113952935e-01 2.152315676e-01 2.185877860e-01 2.214508951e-01
 2.238227129e-01 2.257187068e-01 2.271658331e-01 2.281997502e-01 2.288616300e-01
 5.896625109e-03-5.475184880e-04-7.637992967e-03-1.548736915e-02-2.409513295e-02
-3.325129300e-02-4.131566733e-02-4.540633410e-02-4.506910965e-02-3.992964327e-02
-3.495246917e-02-3.196285665e-02-2.987766825e-02-2.766161785e-02-2.504024655e-02
-2.188312076e-02-1.808175445e-02-1.352116466e-02-8.068740368e-03-1.579483389e-03
 5.996812135e-03 1.390423067e-02 2.150548249e-02 2.884591371e-02 3.604507819e-02
 4.322490096e-02 5.050749704e-02 5.802661926e-02 6.595198810e-02 7.451084256e-02
 8.243199438e-02 8.931826055e-02 9.531301260e-02 1.003477722e-01 1.043893993e-01
 1.072908491e-01 1.095352322e-01 1.124628335e-01 1.158653870e-01 1.196302176e-01
 1.236885488e-01 1.279939115e-01 1.325114965e-01 1.372119188e-01 1.420674920e-01
 1.470498741e-01 1.521287858e-01 1.572711468e-01 1.624407172e-01 1.675979495e-01
 1.727002859e-01 1.777026951e-01 1.825587600e-01 1.872218698e-01 1.916470528e-01
 1.957927346e-01 1.996227205e-01 2.031078637e-01 2.062273622e-01 2.089696229e-01
 2.113322914e-01 2.133218944e-01 2.149525881e-01 2.162449062e-01 2.172240019e-01
 1.101960521e-02 5.626585800e-03-1.478992344e-04-6.303029135e-03-1.275677979e-02
-1.933855191e-02-2.580273896e-02-3.185246140e-02-3.526434302e-02-3.305924684e-02
-3.041537479e-02-2.989095822e-02-3.017954156e-02-2.932229266e-02-2.756762691e-02
-2.498132363e-02-2.151776105e-02-1.707262360e-02-1.146658510e-02-4.360713065e-03
 4.870546516e-03 1.426805370e-02 2.254565433e-02 3.021746501e-02 3.758823127e-02
 4.486525059e-02 5.221927911e-02 5.982146040e-02 6.787490845e-02 7.659395039e-02
 8.465404809e-02 9.157717228e-02 9.749113023e-02 1.023560539e-01 1.060969010e-01
 1.085380688e-01 1.102644056e-01 1.126665175e-01 1.155575216e-01 1.188075170e-01
 1.223379374e-01 1.260997653e-01 1.300585270e-01 1.341854930e-01 1.384533197e-01
 1.428340822e-01 1.472986042e-01 1.518160999e-01 1.563542336e-01 1.608791351e-01
 1.653556526e-01 1.697479039e-01 1.740198582e-01 1.781362444e-01 1.820635498e-01
 1.857710779e-01 1.892320365e-01 1.924245358e-01 1.953322142e-01 1.979447603e-01
 2.002580166e-01 2.022737265e-01 2.039989531e-01 2.054454088e-01 2.066284716e-01
 0.195421386E+01 0.198209083E+01 0.199936962E+01 0.201848817E+01 0.203771091E+01
 0.206077480E+01 0.207962322E+01 0.209732628E+01 0.211611509E+01 0.213432813E+01
 0.215266180E+01 0.217154241E+01 0.218980265E+01 0.220845366E+01 0.222734165E+01
 0.224618530E+01 0.226525927E+01 0.228470898E+01 0.230431414E+01 0.232404661E+01
 0.234431958E+01 0.236504793E+01 0.238607168E+01 0.240742421E+01 0.242956638E+01
 0.245232487E+01 0.247554636E+01 0.249930191E+01 0.252401018E+01 0.254965138E+01
 0.257605696E+01 0.260324025E+01 0.263152456E+01 0.266110778E+01 0.269181013E+01
 0.272375298E+01 0.275707197E+01 0.279197979E+01 0.282863855E+01 0.286709166E+01
 0.290737367E+01 0.294987297E+01 0.299479365E+01 0.304228544E+01 0.309256268E+01
 0.314593267E+01 0.320290613E+01 0.326373768E+01 0.332899618E+01 0.339912319E+01
 0.347493982E+01 0.355709791E+01 0.364670944E+01 0.374490809E+01 0.385337329E+01
 0.397411299E+01 0.410980988E+01 0.426451683E+01 0.444323444E+01 0.465582895E+01
 0.491485977E+01 0.524959898E+01 0.571559763E+01 0.650934410E+01 0.115828419E+02
   90   86
 0.107723129E+01-0.100000001E+00 0.107593799E+01 0.000000000E+00 0.107908440E+01
 0.633930266E-01 0.108756948E+01 0.150000006E+00 0.110420895E+01 0.250000000E+00
 0.111436260E+01 0.300000012E+00 0.113218749E+01 0.379134476E+00 0.114880395E+01
 0.449999988E+00 0.116089940E+01 0.500000000E+00 0.118469048E+01 0.596631646E+00
 0.119835579E+01 0.649999976E+00 0.121258473E+01 0.703342080E+00 0.123843753E+01
 0.791771054E+00 0.125909686E+01 0.850000024E+00 0.128212380E+01 0.899999976E+00
 0.131812501E+01 0.948397875E+00 0.134468746E+01 0.968527913E+00 0.139781249E+01
 0.981810093E+00 0.145093751E+01 0.978893697E+00 0.150406253E+01 0.966940999E+00
 0.155038691E+01 0.949999988E+00 0.158375001E+01 0.937267900E+00 0.163687503E+01
 0.911983669E+00 0.166343749E+01 0.896914721E+00 0.171656251E+01 0.865495324E+00
 0.174312496E+01 0.847172678E+00 0.179624999E+01 0.809170246E+00 0.182281256E+01
 0.788110971E+00 0.186726665E+01 0.750000000E+00 0.190250003E+01 0.718551755E+00
 0.192906249E+01 0.692490816E+00 0.196979356E+01 0.649999976E+00 0.200874996E+01
 0.606027722E+00 0.203531241E+01 0.572905302E+00 0.206187510E+01 0.536855102E+00
 0.208843756E+01 0.497647405E+00 0.211808467E+01 0.449999988E+00 0.214563227E+01
 0.400000006E+00 0.217024398E+01 0.349999994E+00 0.219468760E+01 0.293495625E+00
 0.222125006E+01 0.223285183E+00 0.224359083E+01 0.150000006E+00 0.225505495E+01
 0.100000001E+00 0.226620173E+01 0.000000000E+00 0.226173449E+01-0.100000001E+00
 0.224781251E+01-0.176898345E+00 0.222894049E+01-0.250000000E+00 0.221268272E+01
-0.300000012E+00 0.219397354E+01-0.351479322E+00 0.216812491E+01-0.414328128E+00
 0.214156246E+01-0.470913321E+00 0.211500001E+01-0.521106720E+00 0.208843756E+01
-0.566113472E+00 0.206187510E+01-0.606885254E+00 0.203077745E+01-0.649999976E+00
 0.199192238E+01-0.699999988E+00 0.195562506E+01-0.743152618E+00 0.192906249E+01
-0.773414195E+00 0.190250003E+01-0.801938176E+00 0.185509706E+01-0.850000024E+00
 0.182281256E+01-0.881542563E+00 0.179624999E+01-0.905757070E+00 0.174431729E+01
-0.949999988E+00 0.171656251E+01-0.972720146E+00 0.167858958E+01-0.100000000E+01
 0.163687503E+01-0.102975345E+01 0.160341561E+01-0.104999995E+01 0.155718756E+01
-0.107821536E+01 0.151399779E+01-0.110000002E+01 0.147749996E+01-0.111901283E+01
 0.142437506E+01-0.114160228E+01 0.139781249E+01-0.115195942E+01 0.134468746E+01
-0.117138040E+01 0.129156256E+01-0.118477035E+01 0.123843753E+01-0.119118726E+01
 0.117157674E+01-0.118224692E+01 0.116317534E+01-0.114024997E+01 0.116985095E+01
-0.107395005E+01 0.117799640E+01-0.974999964E+00 0.117634177E+01-0.875000000E+00
 0.116825986E+01-0.775385082E+00 0.115965605E+01-0.699999988E+00 0.114719462E+01
-0.615846157E+00 0.113700271E+01-0.550000012E+00 0.112164855E+01-0.455799282E+00
 0.111261511E+01-0.399999976E+00 0.109747338E+01-0.300000012E+00 0.108870387E+01
-0.225000009E+00 0.108097458E+01-0.150000006E+00 0.539531231E+00-0.560783371E-01
 0.101600003E+01 0.000000000E+00 0.101600003E+01 0.963999987E+00 0.101600003E+01
 0.967999995E+00 0.101600003E+01 0.100100005E+01 0.101600003E+01 0.101900005E+01
 0.101600003E+01 0.107700002E+01 0.101600003E+01 0.107000005E+01 0.101600003E+01
 0.109599996E+01 0.101600003E+01 0.111300004E+01 0.101600003E+01 0.113800001E+01
 0.101600003E+01 0.114699996E+01 0.101199996E+01 0.116499996E+01 0.100100005E+01
 0.121700001E+01 0.102900004E+01 0.121700001E+01 0.104200006E+01 0.116240001E+01
 0.104600000E+01 0.116237998E+01 0.105599999E+01 0.116260004E+01 0.109700000E+01
 0.116450000E+01 0.110800004E+01 0.116594005E+01 0.111600006E+01 0.116591001E+01
 0.113399994E+01 0.116895998E+01 0.114800000E+01 0.117174995E+01 0.116199994E+01
 0.117556000E+01 0.118099999E+01 0.118299997E+01 0.118200004E+01 0.118350005E+01
 0.118499994E+01 0.118499994E+01 0.119000006E+01 0.118799996E+01 0.119500005E+01
 0.119099998E+01 0.120099998E+01 0.119599998E+01 0.120899999E+01 0.120200002E+01
 0.121500003E+01 0.120799994E+01 0.122200000E+01 0.121399999E+01 0.122800004E+01
 0.122099996E+01 0.123399997E+01 0.123099995E+01 0.123899996E+01 0.123800004E+01
 0.124199998E+01 0.124399996E+01 0.124800003E+01 0.125399995E+01 0.125800002E+01
 0.127800000E+01 0.126300001E+01 0.128999996E+01 0.127999997E+01 0.133099997E+01
 0.127999997E+01 0.134700000E+01 0.127999997E+01 0.134800005E+01 0.130999994E+01
 0.134800005E+01 0.132799995E+01 0.134800005E+01 0.136099994E+01 0.134800005E+01
 0.138000000E+01 0.134800005E+01 0.141900003E+01 0.134800005E+01 0.141900003E+01
 0.130999994E+01 0.137199998E+01 0.130999994E+01 0.137199998E+01 0.129200006E+01
 0.160800004E+01 0.109500003E+01 0.164699996E+01 0.107700002E+01 0.178499997E+01
 0.107700002E+01 0.206999993E+01 0.103999996E+01 0.212800002E+01 0.992999971E+00
 0.224499989E+01 0.708999991E+00 0.232299995E+01 0.518999994E+00 0.237700009E+01
 0.388999999E+00 0.236249995E+01 0.400000006E+00 0.236443496E+01 0.222000003E+00
 0.236496902E+01 0.133000001E+00 0.236532402E+01 0.439999998E-01 0.236512089E+01
-0.439999998E-01 0.236484194E+01-0.133000001E+00 0.236433411E+01-0.222000003E+00
 0.236249995E+01-0.400000006E+00 0.237700009E+01-0.388999999E+00 0.213400006E+01
-0.972999990E+00 0.178600001E+01-0.117400002E+01 0.176800001E+01-0.121099997E+01
 0.176800001E+01-0.125000000E+01 0.168200004E+01-0.125000000E+01 0.137199998E+01
-0.125000000E+01 0.137199998E+01-0.132900000E+01 0.141999996E+01-0.132900000E+01
 0.141999996E+01-0.136300004E+01 0.127300000E+01-0.136300004E+01 0.115300000E+01
-0.136300004E+01 0.101600003E+01-0.122300005E+01 0.101600003E+01-0.122300005E+01
 0.101600003E+01-0.829999983E+00 0.101600003E+01-0.800000012E+00 0.101600003E+01
-0.414999992E+00 0.101600003E+01-0.400000006E+00 0.101600003E+01-0.100000005E-02
 0.101600003E+01 0.000000000E+00
    0 0.169550002E+01    0
 0.000000000E+00 0.101055294E+00 0.143491626E+00 0.176254392E+00 0.204073668E+00
 0.227490634E+00 0.250012785E+00 0.270936251E+00 0.290513277E+00 0.308953881E+00
 0.326581120E+00 0.343411118E+00 0.359567195E+00 0.375211000E+00 0.390357733E+00
 0.404990166E+00 0.419276118E+00 0.433256269E+00 0.446847498E+00 0.460144460E+00
 0.473211855E+00 0.486069620E+00 0.498658955E+00 0.511025965E+00 0.523259103E+00
 0.535316229E+00 0.547212541E+00 0.558946490E+00 0.570563734E+00 0.582082629E+00
 0.593480468E+00 0.604757071E+00 0.615969539E+00 0.627108812E+00 0.638173342E+00
 0.649163246E+00 0.660090446E+00 0.670991063E+00 0.681874454E+00 0.692713559E+00
 0.703519106E+00 0.714317203E+00 0.725115061E+00 0.735926151E+00 0.746757030E+00
 0.757600665E+00 0.768484116E+00 0.779407620E+00 0.790398419E+00 0.801449418E+00
 0.812597871E+00 0.823842168E+00 0.835202634E+00 0.846701682E+00 0.858360171E+00
 0.870209455E+00 0.882272243E+00 0.894613743E+00 0.907245159E+00 0.920290589E+00
 0.933772862E+00 0.947915435E+00 0.962903738E+00 0.979304552E+00 0.100000000E+01
    0
