  EFITD    06/25/2013    #1554621620.0ms  EFIT01   0  65  65
 0.170000005E+01 0.320000005E+01 0.169550002E+01 0.839999974E+00 0.000000000E+00
 0.176573706E+01 0.103452660E+00-0.154426247E+00 0.530896001E-01-0.174967730E+01
 0.883363125E+06-0.154426247E+00 0.000000000E+00 0.176573706E+01 0.000000000E+00
 0.103452660E+00 0.000000000E+00 0.530896001E-01 0.000000000E+00 0.000000000E+00
-0.299638772E+01-0.299454856E+01-0.299278140E+01-0.299108458E+01-0.298945713E+01
-0.298789740E+01-0.298640442E+01-0.298497653E+01-0.298361278E+01-0.298231173E+01
-0.298107171E+01-0.297989202E+01-0.297877073E+01-0.297770643E+01-0.297669840E+01
-0.297574472E+01-0.297484446E+01-0.297399569E+01-0.297319746E+01-0.297244811E+01
-0.297174644E+01-0.297109103E+01-0.297048044E+01-0.296991324E+01-0.296938801E+01
-0.296890354E+01-0.296845841E+01-0.296805096E+01-0.296767998E+01-0.296734405E+01
-0.296704149E+01-0.296677136E+01-0.296653175E+01-0.296632171E+01-0.296613932E+01
-0.296598363E+01-0.296585298E+01-0.296574593E+01-0.296566105E+01-0.296559691E+01
-0.296555233E+01-0.296552539E+01-0.296551538E+01-0.296552014E+01-0.296553874E+01
-0.296556926E+01-0.296561098E+01-0.296566176E+01-0.296572065E+01-0.296578598E+01
-0.296585655E+01-0.296593046E+01-0.296600699E+01-0.296608400E+01-0.296616077E+01
-0.296623516E+01-0.296630597E+01-0.296637225E+01-0.296643186E+01-0.296648407E+01
-0.296652699E+01-0.296655917E+01-0.296657920E+01-0.296658611E+01-0.296657777E+01
 0.535580195E+05 0.524604297E+05 0.513711211E+05 0.502900859E+05 0.492173320E+05
 0.481528555E+05 0.470966523E+05 0.460487305E+05 0.450090859E+05 0.439777188E+05
 0.429546289E+05 0.419398164E+05 0.409332812E+05 0.399350273E+05 0.389450469E+05
 0.379633438E+05 0.369899219E+05 0.360247734E+05 0.350679023E+05 0.341193125E+05
 0.331790000E+05 0.322469629E+05 0.313232031E+05 0.304077227E+05 0.295005195E+05
 0.286015918E+05 0.277109453E+05 0.268285742E+05 0.259544805E+05 0.250886641E+05
 0.242311250E+05 0.233818652E+05 0.225408828E+05 0.217081777E+05 0.208837500E+05
 0.200675996E+05 0.192597285E+05 0.184601328E+05 0.176688164E+05 0.168857754E+05
 0.161110137E+05 0.153445293E+05 0.145863223E+05 0.138363936E+05 0.130947412E+05
 0.123613672E+05 0.116362705E+05 0.109194521E+05 0.102109102E+05 0.951064648E+04
 0.881866016E+04 0.813495166E+04 0.745952051E+04 0.679236719E+04 0.613349121E+04
 0.548289258E+04 0.484057227E+04 0.420652930E+04 0.358076367E+04 0.296327563E+04
 0.235406543E+04 0.175313269E+04 0.116047754E+04 0.576099976E+03 0.000000000E+00
-0.173311603E+01-0.166513932E+01-0.159846807E+01-0.153310239E+01-0.146904218E+01
-0.140628743E+01-0.134483850E+01-0.128469491E+01-0.122585678E+01-0.116832435E+01
-0.111209738E+01-0.105717599E+01-0.100356007E+01-0.951249778E+00-0.900244951E+00
-0.850545645E+00-0.802151918E+00-0.755063772E+00-0.709281087E+00-0.664803922E+00
-0.621632338E+00-0.579766273E+00-0.539205790E+00-0.499950767E+00-0.462001324E+00
-0.425357401E+00-0.390019029E+00-0.355986178E+00-0.323258907E+00-0.291837126E+00
-0.261720866E+00-0.232910186E+00-0.205405012E+00-0.179205403E+00-0.154311299E+00
-0.130722746E+00-0.108439729E+00-0.874622464E-01-0.677902997E-01-0.494238883E-01
-0.323630124E-01-0.166076738E-01-0.215787161E-02 0.109863952E-01 0.228251256E-01
 0.333583206E-01 0.425859839E-01 0.505081043E-01 0.571246929E-01 0.624357425E-01
 0.664412603E-01 0.691412389E-01 0.705356821E-01 0.706245899E-01 0.694079623E-01
 0.668857992E-01 0.630581006E-01 0.579248592E-01 0.514860861E-01 0.437417813E-01
 0.346919373E-01 0.243365560E-01 0.126756402E-01-0.290811993E-03-0.145628005E-01
-0.339759000E+06-0.337206594E+06-0.334654219E+06-0.332101812E+06-0.329549406E+06
-0.326997000E+06-0.324444594E+06-0.321892188E+06-0.319339812E+06-0.316787406E+06
-0.314235000E+06-0.311682594E+06-0.309130188E+06-0.306577812E+06-0.304025406E+06
-0.301473000E+06-0.298920594E+06-0.296368188E+06-0.293815781E+06-0.291263406E+06
-0.288711000E+06-0.286158594E+06-0.283606188E+06-0.281053781E+06-0.278501375E+06
-0.275949000E+06-0.273396594E+06-0.270844188E+06-0.268291781E+06-0.265739406E+06
-0.263187000E+06-0.260634594E+06-0.258082203E+06-0.255529797E+06-0.252977391E+06
-0.250425000E+06-0.247872594E+06-0.245320188E+06-0.242767797E+06-0.240215391E+06
-0.237663000E+06-0.235110594E+06-0.232558188E+06-0.230005797E+06-0.227453391E+06
-0.224900984E+06-0.222348594E+06-0.219796188E+06-0.217243781E+06-0.214691391E+06
-0.212138984E+06-0.209586594E+06-0.207034188E+06-0.204481781E+06-0.201929375E+06
-0.199376984E+06-0.196824594E+06-0.194272188E+06-0.191719781E+06-0.189167375E+06
-0.186614969E+06-0.184062594E+06-0.181510188E+06-0.178957781E+06-0.176405375E+06
 3.519218042e-02 2.991788462e-02 2.435497381e-02 1.858873665e-02 1.285686903e-02
 7.572402246e-03 3.319456708e-03 8.261972107e-04 4.808245227e-03 2.033785731e-02
 3.887109086e-02 5.835455656e-02 7.718382031e-02 9.140392393e-02 1.020509005e-01
 1.095932350e-01 1.141802147e-01 1.157653257e-01 1.140590832e-01 1.083874777e-01
 9.741620719e-02 8.539660275e-02 7.554572821e-02 6.670257449e-02 5.816615000e-02
 4.942776635e-02 4.001364857e-02 2.937054820e-02 1.673758216e-02 1.155218342e-03
-1.097280439e-02-1.756161265e-02-1.931603439e-02-1.589254290e-02-7.109405939e-03
 7.709209807e-03 2.606250532e-02 4.131144285e-02 5.445706844e-02 6.613710523e-02
 7.676588744e-02 8.662229776e-02 9.589795768e-02 1.047248244e-01 1.131925508e-01
 1.213602051e-01 1.292644292e-01 1.369249970e-01 1.443487555e-01 1.515323967e-01
 1.584647298e-01 1.651285291e-01 1.715023071e-01 1.775619984e-01 1.832827479e-01
 1.886404902e-01 1.936137229e-01 1.981848478e-01 2.023414522e-01 2.060770839e-01
 2.093917131e-01 2.122916281e-01 2.147891372e-01 2.169017047e-01 2.186510712e-01
 2.744001150e-02 2.034600638e-02 1.243964490e-02 3.593983361e-03-6.095734425e-03
-1.615747437e-02-2.324515581e-02-2.255143225e-02-1.291924994e-02 6.163047627e-03
 2.599027753e-02 4.413525388e-02 6.032687426e-02 7.345584780e-02 8.362620324e-02
 9.103365242e-02 9.577345103e-02 9.783035517e-02 9.708689153e-02 9.335730970e-02
 8.663935959e-02 7.862439752e-02 7.082714885e-02 6.320624053e-02 5.549786240e-02
 4.738834128e-02 3.850542754e-02 2.836192027e-02 1.624704152e-02 1.281940378e-03
-1.039689314e-02-1.663906127e-02-1.804476604e-02-1.446183212e-02-5.583772436e-03
 9.366448037e-03 2.770807780e-02 4.315041378e-02 5.661922321e-02 6.872306764e-02
 7.984818518e-02 9.025205672e-02 1.001115441e-01 1.095494628e-01 1.186502799e-01
 1.274700612e-01 1.360429078e-01 1.443855166e-01 1.525002420e-01 1.603776366e-01
 1.679983735e-01 1.753352135e-01 1.823549718e-01 1.890207082e-01 1.952941418e-01
 2.011382580e-01 2.065198720e-01 2.114120424e-01 2.157960981e-01 2.196628451e-01
 2.230132967e-01 2.258583605e-01 2.282179445e-01 2.301194668e-01 2.315960228e-01
 2.118024044e-02 1.286659855e-02 3.208440961e-03-8.597034030e-03-2.285214141e-02
-3.159694746e-02-3.296384588e-02-2.663153782e-02-1.237067487e-02 3.849375760e-03
 1.915434934e-02 3.303926811e-02 4.531034827e-02 5.576812476e-02 6.427519768e-02
 7.077381015e-02 7.524937391e-02 7.770952582e-02 7.819467038e-02 7.682419568e-02
 7.386689633e-02 6.974552572e-02 6.487420946e-02 5.949860066e-02 5.369597673e-02
 4.743703455e-02 4.063453898e-02 3.318175301e-02 2.502400987e-02 1.656157337e-02
 9.870208800e-03 6.336530671e-03 6.228924729e-03 9.666099213e-03 1.672973670e-02
 2.729970403e-02 3.984228149e-02 5.220524222e-02 6.398134679e-02 7.518837601e-02
 8.590878546e-02 9.623031318e-02 1.062298641e-01 1.159689799e-01 1.254932880e-01
 1.348330230e-01 1.440040469e-01 1.530085206e-01 1.618357599e-01 1.704628319e-01
 1.788554490e-01 1.869691610e-01 1.947512031e-01 2.021430284e-01 2.090836167e-01
 2.155136168e-01 2.213796377e-01 2.266384512e-01 2.312604934e-01 2.352322340e-01
 2.385569513e-01 2.412540615e-01 2.433569729e-01 2.449100465e-01 2.459650785e-01
 1.703076996e-02 8.811221458e-03-3.348929167e-04-1.108094119e-02-2.286179923e-02
-2.677223459e-02-2.185540088e-02-1.276429277e-02-2.591630677e-03 8.054449223e-03
 1.861445606e-02 2.863928676e-02 3.780082613e-02 4.586496577e-02 5.267019942e-02
 5.811594054e-02 6.215350702e-02 6.478093565e-02 6.604412198e-02 6.604211032e-02
 6.492766738e-02 6.289147586e-02 6.012893468e-02 5.680803210e-02 5.305731297e-02
 4.897658527e-02 4.466470703e-02 4.026352242e-02 3.602205217e-02 3.236153722e-02
 2.984496392e-02 2.899719961e-02 3.016104735e-02 3.348154202e-02 3.891062364e-02
 4.617724195e-02 5.479096621e-02 6.419990212e-02 7.398934662e-02 8.392211050e-02
 9.388230741e-02 1.038208902e-01 1.137221754e-01 1.235849708e-01 1.334119141e-01
 1.432032585e-01 1.529528499e-01 1.626454294e-01 1.722543836e-01 1.817401350e-01
 1.910489798e-01 2.001127899e-01 2.088499069e-01 2.171679288e-01 2.249684930e-01
 2.321539670e-01 2.386354655e-01 2.443409264e-01 2.492219508e-01 2.532582581e-01
 2.564588785e-01 2.588603199e-01 2.605215311e-01 2.615174949e-01 2.619317472e-01
 1.379515044e-02 6.660650484e-03 2.511749626e-04-5.731060170e-03-1.039540861e-02
-9.268942289e-03-5.513498094e-03-3.345895675e-05 6.537981331e-03 1.370181236e-02
 2.104536630e-02 2.822934464e-02 3.498328477e-02 4.109990224e-02 4.642824829e-02
 5.086736754e-02 5.436120927e-02 5.689484999e-02 5.849173293e-02 5.921069905e-02
 5.914097279e-02 5.839388445e-02 5.709245056e-02 5.536239967e-02 5.332851410e-02
 5.111833662e-02 4.887262732e-02 4.675983638e-02 4.498867691e-02 4.380844906e-02
 4.348706827e-02 4.426968843e-02 4.633653164e-02 4.977555946e-02 5.457138270e-02
 6.060918048e-02 6.769833714e-02 7.561582327e-02 8.415263891e-02 9.314210713e-02
 1.024655327e-01 1.120446622e-01 1.218302101e-01 1.317913979e-01 1.419074684e-01
 1.521610618e-01 1.625328809e-01 1.729970574e-01 1.835166514e-01 1.940393597e-01
 2.044932395e-01 2.147831768e-01 2.247890532e-01 2.343672663e-01 2.433572412e-01
 2.515934110e-01 2.589215338e-01 2.652157247e-01 2.703931630e-01 2.744232714e-01
 2.773298919e-01 2.791860700e-01 2.801024914e-01 2.802121043e-01 2.796545625e-01
 7.506085094e-03 9.027405758e-05-1.153228222e-03-5.785030080e-04 3.687699500e-04
 2.367011271e-03 5.502707325e-03 9.576136246e-03 1.431950647e-02 1.946648210e-02
 2.477224171e-02 3.002129123e-02 3.503132984e-02 3.965483978e-02 4.377905652e-02
 4.732487351e-02 5.024523661e-02 5.252321437e-02 5.416979641e-02 5.522111803e-02
 5.573498085e-02 5.578665435e-02 5.546457320e-02 5.486686528e-02 5.409966409e-02
 5.327755585e-02 5.252563953e-02 5.198168382e-02 5.179600418e-02 5.212661624e-02
 5.312849954e-02 5.493858084e-02 5.766028911e-02 6.135192513e-02 6.602161378e-02
 7.163001597e-02 7.810069621e-02 8.533576131e-02 9.323257953e-02 1.016970724e-01
 1.106511801e-01 1.200349331e-01 1.298048794e-01 1.399306357e-01 1.503908336e-01
 1.611686796e-01 1.722475588e-01 1.836059391e-01 1.952116042e-01 2.070144266e-01
 2.189374119e-01 2.308661938e-01 2.426382899e-01 2.540364265e-01 2.647928894e-01
 2.746120393e-01 2.832088470e-01 2.903503180e-01 2.958869636e-01 2.997712791e-01
 3.020633459e-01 3.029200733e-01 3.025652766e-01 3.012489974e-01 2.992115617e-01
 4.825484939e-03-2.543230541e-03-1.190270064e-03 2.933534095e-03 6.516434252e-03
 9.961201809e-03 1.351042092e-02 1.724940725e-02 2.116258815e-02 2.517987788e-02
 2.920689248e-02 3.314331174e-02 3.689405322e-02 4.037611932e-02 4.352270812e-02
 4.628547281e-02 4.863557592e-02 5.056374148e-02 5.207961798e-02 5.321046337e-02
 5.399928242e-02 5.450262874e-02 5.478835851e-02 5.493370444e-02 5.502389371e-02
 5.515128374e-02 5.541470274e-02 5.591836944e-02 5.676972121e-02 5.807553604e-02
 5.993641168e-02 6.244019419e-02 6.565560400e-02 6.962749362e-02 7.437489182e-02
 7.989222556e-02 8.615370840e-02 9.311984479e-02 1.007447168e-01 1.089826375e-01
 1.177930310e-01 1.271434575e-01 1.370107532e-01 1.473807544e-01 1.582471579e-01
 1.696096212e-01 1.814710796e-01 1.938340962e-01 2.066955119e-01 2.200381607e-01
 2.338176221e-01 2.479414046e-01 2.622367144e-01 2.764075696e-01 2.899979353e-01
 3.024205863e-01 3.130931258e-01 3.215675354e-01 3.275702894e-01 3.310150802e-01
 3.320312798e-01 3.309809566e-01 3.283767104e-01 3.247250617e-01 3.204366267e-01
 7.612285204e-03 6.182377110e-04 3.249437083e-03 8.581941016e-03 1.319359895e-02
 1.729728654e-02 2.105837874e-02 2.459327690e-02 2.796857059e-02 3.121026978e-02
 3.431573138e-02 3.726472333e-02 4.002852738e-02 4.257694259e-02 4.488349706e-02
 4.692917317e-02 4.870485514e-02 5.021283776e-02 5.146740377e-02 5.249471962e-02
 5.333196744e-02 5.402596667e-02 5.463147536e-02 5.520998314e-02 5.582864210e-02
 5.655923486e-02 5.747713894e-02 5.865996331e-02 6.018561870e-02 6.212982163e-02
 6.456310302e-02 6.754761934e-02 7.113431394e-02 7.536086440e-02 8.025084436e-02
 8.581447601e-02 9.205061942e-02 9.894986451e-02 1.064982414e-01 1.146808118e-01
 1.234849542e-01 1.329029351e-01 1.429338157e-01 1.535846889e-01 1.648715138e-01
 1.768195927e-01 1.894636899e-01 2.028478980e-01 2.170245498e-01 2.320513725e-01
 2.479844540e-01 2.648611665e-01 2.826589346e-01 3.011982441e-01 3.199181855e-01
 3.371436596e-01 3.514004648e-01 3.620777726e-01 3.687876463e-01 3.712939620e-01
 3.695630729e-01 3.644018173e-01 3.576135039e-01 3.501459360e-01 3.425504565e-01
 1.516267750e-02 8.660186082e-03 1.155484654e-02 1.722372323e-02 2.204048261e-02
 2.614320442e-02 2.967423201e-02 3.276096657e-02 3.550457209e-02 3.797758371e-02
 4.022692144e-02 4.227947071e-02 4.414825141e-02 4.583817348e-02 4.735101014e-02
 4.868934304e-02 4.985969886e-02 5.087478459e-02 5.175501853e-02 5.252927542e-02
 5.323464051e-02 5.391472951e-02 5.461581051e-02 5.538764596e-02 5.628281459e-02
 5.735599622e-02 5.866371095e-02 6.026344001e-02 6.221234426e-02 6.456571072e-02
 6.737533957e-02 7.068791240e-02 7.454356551e-02 7.897498459e-02 8.400705457e-02
 8.965730667e-02 9.593702853e-02 1.028529406e-01 1.104093567e-01 1.186104342e-01
 1.274625510e-01 1.369765103e-01 1.471697390e-01 1.580683440e-01 1.697094291e-01
 1.821435839e-01 1.954382360e-01 2.096817940e-01 2.249898612e-01 2.415140420e-01
 2.594555914e-01 2.790882587e-01 3.008014262e-01 3.252037168e-01 3.528096080e-01
 3.776822388e-01 3.971670866e-01 4.111244678e-01 4.192502499e-01 4.208331704e-01
 4.156452715e-01 4.026930928e-01 3.884945810e-01 3.754071593e-01 3.635422289e-01
 2.705165930e-02 2.106981166e-02 2.395884693e-02 2.944802679e-02 3.385362774e-02
 3.734791651e-02 4.012800753e-02 4.236449674e-02 4.419257492e-02 4.571311921e-02
 4.699796438e-02 4.809633270e-02 4.904104769e-02 4.985409603e-02 5.055131391e-02
 5.114631355e-02 5.165372044e-02 5.209193751e-02 5.248554423e-02 5.286757648e-02
 5.328145996e-02 5.378159881e-02 5.440289527e-02 5.518578365e-02 5.617080256e-02
 5.739636719e-02 5.890309811e-02 6.073290482e-02 6.292742491e-02 6.552732736e-02
 6.857135147e-02 7.209549844e-02 7.613219321e-02 8.070985228e-02 8.585269749e-02
 9.158104658e-02 9.791198373e-02 1.048604399e-01 1.124405488e-01 1.206672713e-01
 1.295581758e-01 1.391353756e-01 1.494277269e-01 1.604731679e-01 1.723217368e-01
 1.850390881e-01 1.987114996e-01 2.134525478e-01 2.294132113e-01 2.467965931e-01
 2.658815086e-01 2.870603204e-01 3.109010160e-01 3.382377028e-01 3.702171147e-01
 4.029864669e-01 4.282228649e-01 4.458081126e-01 4.558986425e-01 4.583773911e-01
 4.521645606e-01 4.366547167e-01 4.145407379e-01 3.957193494e-01 3.798296452e-01
 4.384415969e-02 3.838784993e-02 4.151567072e-02 4.614851251e-02 4.926196486e-02
 5.132893845e-02 5.268101022e-02 5.354507267e-02 5.407404900e-02 5.437114462e-02
 5.450605974e-02 5.452569574e-02 5.446161330e-02 5.433541909e-02 5.416288599e-02
 5.395718664e-02 5.373162776e-02 5.350210518e-02 5.328994989e-02 5.312610045e-02
 5.305893347e-02 5.326123908e-02 5.366730317e-02 5.432759598e-02 5.527825654e-02
 5.652608350e-02 5.809909105e-02 6.002904847e-02 6.234465539e-02 6.507504731e-02
 6.824899465e-02 7.189435512e-02 7.603748143e-02 8.070276678e-02 8.591254801e-02
 9.168720990e-02 9.804565459e-02 1.050059348e-01 1.125862375e-01 1.208060086e-01
 1.296873093e-01 1.392564029e-01 1.495455056e-01 1.605950147e-01 1.724559963e-01
 1.851935685e-01 1.988911033e-01 2.136559188e-01 2.296270877e-01 2.469860762e-01
 2.659713328e-01 2.868973911e-01 3.101773262e-01 3.363444209e-01 3.660660982e-01
 3.999366760e-01 4.285821915e-01 4.488301575e-01 4.609731138e-01 4.651081860e-01
 4.614510238e-01 4.489077628e-01 4.272765517e-01 4.051834345e-01 3.873051405e-01
 6.963466853e-02 6.585927308e-02 6.696652621e-02 6.837896258e-02 6.841901690e-02
 6.784506142e-02 6.695768237e-02 6.590367854e-02 6.476458162e-02 6.358889490e-02
 6.240626052e-02 6.123474985e-02 6.008518860e-02 5.896404013e-02 5.787541345e-02
 5.682253465e-02 5.580871180e-02 5.483772606e-02 5.391340703e-02 5.303779244e-02
 5.237032473e-02 5.204273015e-02 5.206891894e-02 5.249492079e-02 5.340407044e-02
 5.459222943e-02 5.613750964e-02 5.808559433e-02 6.043987721e-02 6.322070956e-02
 6.644885242e-02 7.014619559e-02 7.433429360e-02 7.903394848e-02 8.426495641e-02
 9.004616737e-02 9.639570117e-02 1.033313870e-01 1.108713895e-01 1.190349236e-01
 1.278432310e-01 1.373205781e-01 1.474955380e-01 1.584023237e-01 1.700824499e-01
 1.825865507e-01 1.959765702e-01 2.103282064e-01 2.257336080e-01 2.423040569e-01
 2.601721287e-01 2.794919312e-01 3.004364967e-01 3.231917322e-01 3.479554951e-01
 3.750014603e-01 4.026562274e-01 4.221664071e-01 4.346027672e-01 4.405329525e-01
 4.397149086e-01 4.326934218e-01 4.185682535e-01 3.990356326e-01 3.831494153e-01
 1.055707410e-01 1.063050032e-01 1.003393233e-01 9.407457709e-02 8.927680552e-02
 8.522728831e-02 8.165191114e-02 7.841932774e-02 7.545527071e-02 7.271219790e-02
 7.015664876e-02 6.776341051e-02 6.551270932e-02 6.338871270e-02 6.137876585e-02
 5.947281420e-02 5.766287073e-02 5.594213307e-02 5.430349335e-02 5.273686349e-02
 5.152022094e-02 5.067592859e-02 5.022569746e-02 5.019503459e-02 5.060948431e-02
 5.147929117e-02 5.285617709e-02 5.483235791e-02 5.717519671e-02 5.995550379e-02
 6.318345666e-02 6.688023359e-02 7.106406987e-02 7.575293630e-02 8.096393198e-02
 8.671341091e-02 9.301717579e-02 9.989064187e-02 1.073492318e-01 1.154087931e-01
 1.240860745e-01 1.333992630e-01 1.433685571e-01 1.540166885e-01 1.653693914e-01
 1.774555892e-01 1.903075427e-01 2.039600313e-01 2.184487432e-01 2.338067889e-01
 2.500579655e-01 2.672047317e-01 2.852067351e-01 3.039414287e-01 3.231267035e-01
 3.421525955e-01 3.597854376e-01 3.744005263e-01 3.850277364e-01 3.913637400e-01
 3.934008181e-01 3.913454115e-01 3.857411742e-01 3.777728081e-01 3.691063523e-01
 1.311626136e-01 1.334727556e-01 1.251254231e-01 1.154526770e-01 1.074691787e-01
 1.007193103e-01 9.488132596e-02 8.973479271e-02 8.512778580e-02 8.095248044e-02
 7.712990791e-02 7.360065728e-02 7.031920552e-02 6.725025177e-02 6.436635554e-02
 6.164631993e-02 5.907404050e-02 5.663754791e-02 5.432806164e-02 5.213824287e-02
 5.035159364e-02 4.897633940e-02 4.802602157e-02 4.751873389e-02 4.747594893e-02
 4.792199284e-02 4.888852686e-02 5.041057616e-02 5.251235887e-02 5.527910590e-02
 5.845511705e-02 6.211037934e-02 6.625043601e-02 7.089240104e-02 7.605008036e-02
 8.173691481e-02 8.796539158e-02 9.474730492e-02 1.020938382e-01 1.100156903e-01
 1.185232475e-01 1.276267171e-01 1.373360455e-01 1.476608962e-01 1.586101055e-01
 1.701909453e-01 1.824077368e-01 1.952594370e-01 2.087361515e-01 2.228133678e-01
 2.374435663e-01 2.525435090e-01 2.679758966e-01 2.835240364e-01 2.988604903e-01
 3.135227263e-01 3.269306719e-01 3.384845555e-01 3.477044404e-01 3.543121815e-01
 3.582422435e-01 3.596340716e-01 3.588277102e-01 3.563335240e-01 3.527289033e-01
 1.463156343e-01 1.490333378e-01 1.408809423e-01 1.301723421e-01 1.207756326e-01
 1.125288159e-01 1.052454188e-01 9.875698388e-02 9.292177111e-02 8.762447536e-02
 8.277278394e-02 7.829327136e-02 7.412769645e-02 7.023006678e-02 6.656429172e-02
 6.310249120e-02 5.982405320e-02 5.671556666e-02 5.377288535e-02 5.100812763e-02
 4.868140817e-02 4.679041728e-02 4.534307122e-02 4.435383156e-02 4.384179413e-02
 4.382968694e-02 4.434349015e-02 4.541123658e-02 4.706165940e-02 4.932612926e-02
 5.222471058e-02 5.584278330e-02 5.990237370e-02 6.447256356e-02 6.955355406e-02
 7.515760511e-02 8.129319549e-02 8.796802163e-02 9.518843144e-02 1.029594243e-01
 1.112846136e-01 1.201660484e-01 1.296039075e-01 1.395959854e-01 1.501368880e-01
 1.612166911e-01 1.728192717e-01 1.849196106e-01 1.974804252e-01 2.104474306e-01
 2.237432450e-01 2.372599989e-01 2.508507371e-01 2.643217444e-01 2.774281800e-01
 2.898795903e-01 3.013601005e-01 3.115644753e-01 3.202400208e-01 3.272209466e-01
 3.324471712e-01 3.359676898e-01 3.379307091e-01 3.385583758e-01 3.381091058e-01
 1.557286084e-01 1.586666107e-01 1.501969844e-01 1.391032934e-01 1.291462332e-01
 1.202194840e-01 1.121959165e-01 1.049462035e-01 9.835103154e-02 9.230645001e-02
 8.672491461e-02 8.153417706e-02 7.667540759e-02 7.210115343e-02 6.777339429e-02
 6.366176903e-02 5.974173918e-02 5.599195883e-02 5.238895118e-02 4.917687178e-02
 4.637779295e-02 4.400684685e-02 4.207906872e-02 4.061165079e-02 3.962443769e-02
 3.913977370e-02 3.918208182e-02 3.977726027e-02 4.095209762e-02 4.273384437e-02
 4.514939338e-02 4.822770134e-02 5.198505893e-02 5.650684983e-02 6.149154156e-02
 6.700643897e-02 7.304514199e-02 7.961345464e-02 8.671251684e-02 9.434189647e-02
 1.024988145e-01 1.111781001e-01 1.203718185e-01 1.300686598e-01 1.402530223e-01
 1.509038657e-01 1.619929671e-01 1.734829992e-01 1.853250414e-01 1.974556446e-01
 2.097935379e-01 2.222364098e-01 2.346583605e-01 2.469087690e-01 2.588145733e-01
 2.701866925e-01 2.808315456e-01 2.905669212e-01 2.992386818e-01 3.067355752e-01
 3.129984736e-01 3.180231154e-01 3.218556345e-01 3.245822787e-01 3.263149261e-01
 1.596915573e-01 1.626354456e-01 1.539637744e-01 1.428808272e-01 1.329113245e-01
 1.239025593e-01 1.157121882e-01 1.082125008e-01 1.012946293e-01 9.486775845e-02
 8.885685354e-02 8.320029825e-02 7.784777880e-02 7.275851071e-02 6.789977849e-02
 6.324598938e-02 5.877839401e-02 5.448678881e-02 5.037619174e-02 4.668972641e-02
 4.342304915e-02 4.058296606e-02 3.818259761e-02 3.623928502e-02 3.477351367e-02
 3.380813822e-02 3.336776420e-02 3.347810730e-02 3.416544199e-02 3.545609862e-02
 3.737603128e-02 3.995058313e-02 4.320378229e-02 4.716104269e-02 5.183361471e-02
 5.730560422e-02 6.324970722e-02 6.972976029e-02 7.673055679e-02 8.424887061e-02
 9.227567166e-02 1.007996053e-01 1.098066345e-01 1.192793325e-01 1.291960478e-01
 1.395298243e-01 1.502472609e-01 1.613071263e-01 1.726588905e-01 1.842412502e-01
 1.959806234e-01 2.077901214e-01 2.195691615e-01 2.312042862e-01 2.425715029e-01
 2.535405159e-01 2.639807463e-01 2.737683952e-01 2.827937007e-01 2.909671962e-01
 2.982237637e-01 3.045240939e-01 3.098537624e-01 3.142201602e-01 3.176486492e-01
 1.574707925e-01 1.600555182e-01 1.520899385e-01 1.416496038e-01 1.323472410e-01
 1.238897890e-01 1.160793453e-01 1.087887287e-01 1.019296125e-01 9.543596208e-02
 8.925590664e-02 8.334753662e-02 7.767662406e-02 7.221509516e-02 6.693989784e-02
 6.183163822e-02 5.687221885e-02 5.203968287e-02 4.756776243e-02 4.347561672e-02
 3.977723792e-02 3.648754582e-02 3.362412006e-02 3.120737150e-02 2.926021256e-02
 2.780751884e-02 2.687554248e-02 2.649131976e-02 2.668208629e-02 2.747474797e-02
 2.889539674e-02 3.096892498e-02 3.371869773e-02 3.716645390e-02 4.133166373e-02
 4.623450339e-02 5.187939852e-02 5.834735930e-02 6.528225541e-02 7.274157554e-02
 8.069722354e-02 8.913303912e-02 9.803113341e-02 1.073708832e-01 1.171280444e-01
 1.272738427e-01 1.377741843e-01 1.485889554e-01 1.596712917e-01 1.709670126e-01
 1.824140847e-01 1.939424425e-01 2.054742724e-01 2.169248015e-01 2.282038778e-01
 2.392180413e-01 2.498731464e-01 2.600769997e-01 2.697417736e-01 2.787855566e-01
 2.871330976e-01 2.947156429e-01 3.014709651e-01 3.073438704e-01 3.122888505e-01
 1.484722197e-01 1.498650163e-01 1.434777528e-01 1.355558485e-01 1.280865073e-01
 1.208970696e-01 1.139488220e-01 1.072205007e-01 1.006950587e-01 9.435675293e-02
 8.819060773e-02 8.218263090e-02 7.632020861e-02 7.059261948e-02 6.499169767e-02
 5.951286480e-02 5.415695533e-02 4.893311858e-02 4.407560080e-02 3.958187625e-02
 3.546083719e-02 3.172807023e-02 2.840371989e-02 2.551129833e-02 2.307686955e-02
 2.112832479e-02 1.969472505e-02 1.880564168e-02 1.849054359e-02 1.877819933e-02
 1.969614625e-02 2.127021924e-02 2.352418192e-02 2.647944726e-02 3.015491180e-02
 3.456699848e-02 3.972911835e-02 4.565484077e-02 5.234010518e-02 5.985984206e-02
 6.781993806e-02 7.624774426e-02 8.512529731e-02 9.443168342e-02 1.041432917e-01
 1.142320782e-01 1.246656626e-01 1.354073882e-01 1.464162618e-01 1.576468349e-01
 1.690492183e-01 1.805692166e-01 1.921486706e-01 2.037260532e-01 2.152371258e-01
 2.266156673e-01 2.377939373e-01 2.487027496e-01 2.592704594e-01 2.694209218e-01
 2.790701389e-01 2.881222665e-01 2.964662910e-01 3.039764762e-01 3.105203211e-01
 1.357605606e-01 1.352764070e-01 1.322043687e-01 1.275633425e-01 1.221677884e-01
 1.163819432e-01 1.104005128e-01 1.043282449e-01 9.822458029e-02 9.212459624e-02
 8.604933321e-02 8.001139760e-02 7.401826978e-02 6.807449460e-02 6.218345091e-02
 5.634954944e-02 5.058266222e-02 4.509632662e-02 3.990950435e-02 3.503974155e-02
 3.050667793e-02 2.633292414e-02 2.254407667e-02 1.916837320e-02 1.623620279e-02
 1.377951354e-02 1.183119137e-02 1.042440906e-02 9.591958486e-03 9.365607053e-03
 9.775500745e-03 1.084961928e-02 1.261334028e-02 1.508911699e-02 1.829632185e-02
 2.225128934e-02 2.696762234e-02 3.245704994e-02 3.873039037e-02 4.580405727e-02
 5.368834734e-02 6.218822673e-02 7.113425434e-02 8.050447702e-02 9.028173238e-02
 1.004384756e-01 1.109436154e-01 1.217641532e-01 1.328652352e-01 1.442101598e-01
 1.557605863e-01 1.674768180e-01 1.793183088e-01 1.912440062e-01 2.032127678e-01
 2.151834220e-01 2.271143049e-01 2.389619648e-01 2.506781518e-01 2.622046769e-01
 2.734649479e-01 2.843509614e-01 2.947063148e-01 3.043097258e-01 3.128779531e-01
 1.288052052e-01 1.278495789e-01 1.251165867e-01 1.213035360e-01 1.168386564e-01
 1.118757948e-01 1.065476090e-01 1.009561419e-01 9.517627954e-02 8.926220238e-02
 8.325300366e-02 7.717691362e-02 7.105408609e-02 6.489827484e-02 5.871686712e-02
 5.250792205e-02 4.650112987e-02 4.072161391e-02 3.519272059e-02 2.993831597e-02
 2.498416416e-02 2.035849914e-02 1.609212905e-02 1.221825369e-02 8.772049099e-03
 5.790140014e-03 3.309981432e-03 1.369167701e-03 4.720262950e-06-7.476332830e-04
-8.541498100e-04-2.837045176e-04 9.916661074e-04 2.996343188e-03 5.750855897e-03
 9.271790273e-03 1.357189752e-02 1.866038889e-02 2.454335243e-02 3.122412413e-02
 3.870196640e-02 4.697146267e-02 5.607879534e-02 6.558719277e-02 7.554005086e-02
 8.588553965e-02 9.658815712e-02 1.076183915e-01 1.189474612e-01 1.305467188e-01
 1.423881650e-01 1.544451416e-01 1.666929722e-01 1.791097224e-01 1.916767210e-01
 2.043788880e-01 2.172048986e-01 2.301461846e-01 2.431948185e-01 2.563386559e-01
 2.695522606e-01 2.827785611e-01 2.958934903e-01 3.086230159e-01 3.203545809e-01
 1.245633736e-01 1.233524382e-01 1.205566376e-01 1.169246659e-01 1.127547696e-01
 1.081120819e-01 1.030698717e-01 9.769801795e-02 9.205780923e-02 8.620046079e-02
 8.016759157e-02 7.399252802e-02 6.770206988e-02 6.131861359e-02 5.486368015e-02
 4.836548492e-02 4.205448553e-02 3.593915701e-02 3.003773093e-02 2.437433414e-02
 1.897740550e-02 1.387897786e-02 9.114216082e-03 4.720977973e-03 7.393000415e-04
-2.789198887e-03-5.822003819e-03-8.316462860e-03-1.023058686e-02-1.152387727e-02
-1.215813030e-02-1.209819596e-02-1.131265610e-02-9.774380364e-03-7.460939698e-03
-4.354842473e-03-4.435988958e-04 4.280388355e-03 9.820064530e-03 1.617402397e-02
 2.333675884e-02 3.129912540e-02 4.004900903e-02 4.955596104e-02 5.988163501e-02
 7.055298239e-02 8.156733215e-02 9.291742742e-02 1.045828164e-01 1.165412217e-01
 1.287726164e-01 1.412609369e-01 1.539951265e-01 1.669702083e-01 1.801884770e-01
 1.936608553e-01 2.074085176e-01 2.214645296e-01 2.358756363e-01 2.507039309e-01
 2.660279870e-01 2.819434702e-01 2.985597253e-01 3.159681559e-01 3.333365619e-01
 1.220276281e-01 1.206271648e-01 1.177561283e-01 1.140799448e-01 1.099086255e-01
 1.052827016e-01 1.002516448e-01 9.486705065e-02 8.917791396e-02 8.322801441e-02
 7.705487311e-02 7.068974525e-02 6.415764987e-02 5.747696385e-02 5.065650493e-02
 4.392298684e-02 3.730849177e-02 3.083895147e-02 2.454069443e-02 1.844274811e-02
 1.257759798e-02 6.981290877e-03 1.693268074e-03-3.244006075e-03-7.785557304e-03
-1.188454311e-02-1.549300831e-02-1.856273040e-02-2.104613557e-02-2.289724536e-02
-2.407262474e-02-2.453229390e-02-2.424056083e-02-2.316672727e-02-2.128564380e-02
-1.857808046e-02-1.503087673e-02-1.063686796e-02-5.394576117e-03 6.923754117e-04
 7.616170682e-03 1.536621805e-02 2.393140458e-02 3.330386057e-02 4.349042475e-02
 5.450695008e-02 6.586828083e-02 7.761953026e-02 8.970800787e-02 1.021034345e-01
 1.147879139e-01 1.277524084e-01 1.409960538e-01 1.545269042e-01 1.683636159e-01
 1.825378239e-01 1.970975101e-01 2.121115029e-01 2.276756465e-01 2.439216673e-01
 2.610302866e-01 2.792524099e-01 2.989484370e-01 3.206725419e-01 3.433569074e-01
 1.210206971e-01 1.194857359e-01 1.164623946e-01 1.126067638e-01 1.082429290e-01
 1.034190580e-01 9.818691760e-02 9.259580821e-02 8.668974042e-02 8.050670475e-02
 7.407902926e-02 6.743417680e-02 6.059628353e-02 5.358897150e-02 4.644228145e-02
 3.937652335e-02 3.240194172e-02 2.553788200e-02 1.880968735e-02 1.224768348e-02
 5.886792205e-03-2.337289043e-04-6.070599426e-03-1.157694776e-02-1.670287922e-02
-2.139618434e-02-2.560317889e-02-2.926965430e-02-3.234191984e-02-3.476790711e-02
-3.649826348e-02-3.748745471e-02-3.769476339e-02-3.708516061e-02-3.563003242e-02
-3.330768272e-02-3.010357544e-02-2.601032704e-02-2.102740109e-02-1.516050566e-02
-8.420684375e-03-8.231363026e-04 7.614147849e-03 1.687162369e-02 2.692843787e-02
 3.775799274e-02 4.931721091e-02 6.166677922e-02 7.429423183e-02 8.719770610e-02
 1.003744900e-01 1.138254553e-01 1.275577694e-01 1.415872872e-01 1.559410840e-01
 1.706607044e-01 1.858063340e-01 2.014625520e-01 2.177461535e-01 2.348174453e-01
 2.528954744e-01 2.722787261e-01 2.933680117e-01 3.166809976e-01 3.416528404e-01
 1.216545030e-01 1.200619265e-01 1.167401001e-01 1.125264987e-01 1.077492908e-01
 1.025063023e-01 9.687252343e-02 9.090130031e-02 8.463153243e-02 7.809276134e-02
 7.130803913e-02 6.429528445e-02 5.706710741e-02 4.962806031e-02 4.219004512e-02
 3.477987647e-02 2.741976455e-02 2.013342828e-02 1.294841431e-02 5.896960385e-03
-9.837265825e-04-7.651497610e-03-1.405950822e-02-2.015664801e-02-2.588814124e-02
-3.119632229e-02-3.602155671e-02-4.030331969e-02-4.398137704e-02-4.699703306e-02
-4.929444566e-02-5.082188547e-02-5.153294653e-02-5.138763040e-02-5.035321414e-02
-4.840494320e-02-4.552638903e-02-4.170951620e-02-3.695445135e-02-3.126885742e-02
-2.466704883e-02-1.716874726e-02-8.797644638e-03 4.202732234e-04 1.045857091e-02
 2.129273489e-02 3.290487826e-02 4.529562965e-02 5.847500637e-02 7.190246135e-02
 8.557506651e-02 9.949418902e-02 1.136671603e-01 1.281091273e-01 1.428452134e-01
 1.579131484e-01 1.733667552e-01 1.892804652e-01 2.057556808e-01 2.229296714e-01
 2.409887612e-01 2.601883411e-01 2.808845043e-01 3.035807014e-01 3.278947473e-01
 1.242984310e-01 1.228196919e-01 1.190351769e-01 1.139567196e-01 1.083599180e-01
 1.024177670e-01 9.618523717e-02 8.968850970e-02 8.294347674e-02 7.596146315e-02
 6.875165552e-02 6.132269651e-02 5.368526652e-02 4.585821927e-02 3.804237023e-02
 3.023924120e-02 2.246100269e-02 1.472737174e-02 7.064632606e-03-4.946893314e-04
-7.911986671e-03-1.514276676e-02-2.213697135e-02-2.883945592e-02-3.519064561e-02
-4.112739116e-02-4.658396915e-02-5.149329826e-02-5.578826368e-02-5.940315872e-02
-6.227515265e-02-6.434582174e-02-6.556253880e-02-6.587978452e-02-6.526022404e-02
-6.367557496e-02-6.110712513e-02-5.754589289e-02-5.299245566e-02-4.745636508e-02
-4.095519707e-02-3.351324797e-02-2.515989542e-02-1.592766307e-02-5.849957932e-03
 5.041569937e-03 1.672013104e-02 2.916705795e-02 4.237296060e-02 5.633940175e-02
 7.050780207e-02 8.487441391e-02 9.944060445e-02 1.142137423e-01 1.292082518e-01
 1.444469094e-01 1.599622667e-01 1.757982671e-01 1.920121312e-01 2.086763233e-01
 2.258812785e-01 2.437394857e-01 2.623962760e-01 2.820777893e-01 3.027718365e-01
 1.294536442e-01 1.286975443e-01 1.231124401e-01 1.162666529e-01 1.095300317e-01
 1.027392745e-01 9.582185000e-02 8.874144405e-02 8.147713542e-02 7.401535660e-02
 6.634616852e-02 5.846040323e-02 5.034533888e-02 4.219076782e-02 3.400837630e-02
 2.580809034e-02 1.760363765e-02 9.414539672e-03 1.266889973e-03-6.806364749e-03
-1.476538274e-02-2.256356366e-02-3.014785051e-02-3.745923564e-02-4.443344474e-02
-5.100186542e-02-5.709263682e-02-6.263200194e-02-6.754575670e-02-7.176090032e-02
-7.520733029e-02-7.781953365e-02-7.953827828e-02-8.031213284e-02-8.009877801e-02
-7.886606455e-02-7.659268379e-02-7.326851785e-02-6.889447570e-02-6.348200142e-02
-5.705206469e-02-4.963384196e-02-4.126296565e-02-3.197950870e-02-2.182570845e-02
-1.084348466e-02 9.281258681e-04 1.345547196e-02 2.671248838e-02 4.068286717e-02
 5.536232516e-02 7.017367333e-02 8.510943502e-02 1.001656502e-01 1.153419688e-01
 1.306414157e-01 1.460699290e-01 1.616349518e-01 1.773427129e-01 1.931932271e-01
 2.091705948e-01 2.252243012e-01 2.412298769e-01 2.569023669e-01 2.716534734e-01
 1.322493255e-01 1.316034347e-01 1.253233701e-01 1.177727580e-01 1.103246063e-01
 1.028881073e-01 9.539587796e-02 8.779793233e-02 8.005755395e-02 7.214747369e-02
 6.404782832e-02 5.574651435e-02 4.724409431e-02 3.871915117e-02 3.015793860e-02
 2.155957185e-02 1.293267682e-02 4.294251092e-03-4.330675118e-03-1.290913671e-02
-2.140031755e-02-2.975571901e-02-3.791948408e-02-4.582891241e-02-5.341517180e-02
-6.060428917e-02-6.731834263e-02-7.347689569e-02-7.899863273e-02-8.380316198e-02
-8.781296015e-02-9.095527232e-02-9.316404164e-02-9.438171238e-02-9.456073493e-02
-9.366486967e-02-9.167005867e-02-8.856485039e-02-8.435043693e-02-7.904011756e-02
-7.265836000e-02-6.523937732e-02-5.682539940e-02-4.746454954e-02-3.720855340e-02
-2.611027658e-02-1.422124263e-02-1.589197665e-03 1.174419839e-02 2.574555203e-02
 4.039182514e-02 5.567234010e-02 7.098924369e-02 8.632718772e-02 1.016714126e-01
 1.170069799e-01 1.323173940e-01 1.475819498e-01 1.627714485e-01 1.778417528e-01
 1.927243173e-01 2.073125988e-01 2.214447111e-01 2.348877192e-01 2.473399639e-01
 1.329226941e-01 1.321970373e-01 1.260318607e-01 1.181900278e-01 1.103716567e-01
 1.025412381e-01 9.465448558e-02 8.666954935e-02 7.854901999e-02 7.025963068e-02
 6.177052855e-02 5.304988101e-02 4.427110404e-02 3.543069214e-02 2.652508765e-02
 1.755579561e-02 8.531354368e-03-5.318156909e-04-9.608985856e-03-1.866690814e-02
-2.766375802e-02-3.654922172e-02-4.526479170e-02-5.374425277e-02-6.191444024e-02
-6.969623268e-02-7.700584829e-02-8.375634998e-02-8.985948563e-02-9.522761405e-02
-9.977585822e-02-1.034242734e-01-1.061000228e-01-1.077393517e-01-1.082894653e-01
-1.077099517e-01-1.059738770e-01-1.030683890e-01-9.899482131e-02-9.376822412e-02
-8.741645515e-02-7.997870445e-02-7.150370628e-02-6.204752252e-02-5.167121068e-02
-4.043827206e-02-2.841212414e-02-1.565365680e-02-2.218916081e-03 1.184298843e-02
 2.649176493e-02 4.169758037e-02 5.744253844e-02 7.310618460e-02 8.866174519e-02
 1.040806845e-01 1.193329319e-01 1.343836784e-01 1.491893232e-01 1.636930257e-01
 1.778196096e-01 1.914709210e-01 2.045226395e-01 2.168256491e-01 2.282149196e-01
 1.328402162e-01 1.320455521e-01 1.256932914e-01 1.176903397e-01 1.096848845e-01
 1.016423255e-01 9.352412075e-02 8.529271930e-02 7.691334933e-02 6.835427135e-02
 5.958624929e-02 5.058200285e-02 4.152408615e-02 3.239229321e-02 2.317601629e-02
 1.387327258e-02 4.490628839e-03-4.956589546e-03-1.444406062e-02-2.393827774e-02
-3.339645267e-02-4.276657850e-02-5.198768154e-02-6.099030003e-02-6.969723105e-02
-7.802455872e-02-8.588301390e-02-9.317958355e-02-9.981944412e-02-1.057081074e-01
-1.107536927e-01-1.148694083e-01-1.179758608e-01-1.200033724e-01-1.208939925e-01
-1.206032261e-01-1.191012710e-01-1.163738146e-01-1.124221683e-01-1.072629169e-01
-1.009269953e-01-9.345817566e-02-8.491120487e-02-7.534948736e-02-6.484262645e-02
-5.346380174e-02-4.128709435e-02-2.838500775e-02-1.482611895e-02-6.730539608e-04
 1.401916146e-02 2.920432203e-02 4.484576359e-02 6.091670692e-02 7.676997036e-02
 9.236253053e-02 1.076616719e-01 1.226324663e-01 1.372327805e-01 1.514105946e-01
 1.651022881e-01 1.782320887e-01 1.907129586e-01 2.024499029e-01 2.133461684e-01
 1.318567246e-01 1.309706867e-01 1.244090796e-01 1.163685098e-01 1.083317026e-01
 1.002355069e-01 9.203277528e-02 8.368591964e-02 7.516378164e-02 6.643911451e-02
 5.748699233e-02 4.828377441e-02 3.900932521e-02 2.964211628e-02 2.016953565e-02
 1.058790740e-02 9.026037878e-04-8.871726692e-03-1.871092245e-02-2.858108655e-02
-3.843847290e-02-4.822949693e-02-5.789094418e-02-6.735043228e-02-7.652715594e-02
-8.533291519e-02-9.367352724e-02-1.014505327e-01-1.085632071e-01-1.149108484e-01
-1.203952655e-01-1.249233931e-01-1.284098625e-01-1.307795197e-01-1.319696605e-01
-1.319319606e-01-1.306338608e-01-1.280595362e-01-1.242101416e-01-1.191034466e-01
-1.127729565e-01-1.052663773e-01-9.664359689e-02-8.697434515e-02-7.633553445e-02
-6.480852515e-02-5.247628689e-02-3.942079842e-02-2.572057210e-02-1.144854352e-02
 3.329575527e-03 1.855623536e-02 3.418173641e-02 5.016125739e-02 6.644549221e-02
 8.230712265e-02 9.775518626e-02 1.127725542e-01 1.273280680e-01 1.413807273e-01
 1.548813283e-01 1.677738130e-01 1.799972206e-01 1.914885640e-01 2.021868974e-01
 1.293688565e-01 1.282604486e-01 1.220343485e-01 1.142442599e-01 1.064082757e-01
 9.843455255e-02 9.028391540e-02 8.193382621e-02 7.336591929e-02 6.456290931e-02
 5.550774187e-02 4.618259892e-02 3.676408529e-02 2.723091841e-02 1.757022738e-02
 7.778017316e-03-2.140523866e-03-1.217073202e-02-2.228815854e-02-3.245829046e-02
-4.263637215e-02-5.276735872e-02-6.278607249e-02-7.261764258e-02-8.217819780e-02
-9.137596190e-02-1.001126096e-01-1.082850918e-01-1.157876998e-01-1.225144863e-01
-1.283619106e-01-1.332315356e-01-1.370328963e-01-1.396860927e-01-1.411242783e-01
-1.412957460e-01-1.401654333e-01-1.377160549e-01-1.339484006e-01-1.288810372e-01
-1.225493848e-01-1.150041670e-01-1.063093171e-01-9.653951228e-02-8.577739447e-02
-7.411064953e-02-6.162906811e-02-4.842168838e-02-3.457409516e-02-2.016591467e-02
-5.268411711e-03 1.005814318e-02 2.576810308e-02 4.183716699e-02 5.827742815e-02
 7.435055822e-02 8.998319507e-02 1.051324233e-01 1.197630763e-01 1.338392198e-01
 1.473213732e-01 1.601665169e-01 1.723292619e-01 1.837642044e-01 1.944286525e-01
 1.254207194e-01 1.236866489e-01 1.185482293e-01 1.116671264e-01 1.042459533e-01
 9.649641812e-02 8.846961707e-02 8.017934859e-02 7.162549347e-02 6.280228496e-02
 5.370369181e-02 4.433063790e-02 3.484448791e-02 2.522148751e-02 1.544884779e-02
 5.523297004e-03-4.549195059e-03-1.475322247e-02-2.506358176e-02-3.544491902e-02
-4.585144296e-02-5.622683093e-02-6.650429964e-02-7.660701126e-02-8.644875884e-02
-9.593498707e-02-1.049642414e-01-1.134299561e-01-1.212226376e-01-1.282323301e-01
-1.343513280e-01-1.394771039e-01-1.435151696e-01-1.463819146e-01-1.480072141e-01
-1.483365744e-01-1.473328769e-01-1.449774653e-01-1.412706077e-01-1.362311840e-01
-1.298957914e-01-1.223171055e-01-1.135617644e-01-1.037078127e-01-9.284176677e-02
-8.105564862e-02-6.844389439e-02-5.510040745e-02-4.111583903e-02-2.657515369e-02
-1.155563165e-02 3.874593414e-03 1.965700835e-02 3.574112803e-02 5.207766593e-02
 6.859773397e-02 8.454093337e-02 9.991993010e-02 1.147261411e-01 1.289384216e-01
 1.425273865e-01 1.554582119e-01 1.676931679e-01 1.791941822e-01 1.899255812e-01
 1.239896193e-01 1.223745868e-01 1.167458296e-01 1.097149476e-01 1.023803502e-01
 9.474001825e-02 8.680437505e-02 7.857823372e-02 7.005829364e-02 6.123361737e-02
 5.208478495e-02 4.278066009e-02 3.331642598e-02 2.368409000e-02 1.387855597e-02
 3.900604090e-03-6.241467781e-03-1.653075218e-02-2.694094926e-02-3.743575886e-02
-4.796847329e-02-5.848177522e-02-6.890776753e-02-7.916829735e-02-8.917561173e-02
-9.883341938e-02-1.080382690e-01-1.166813895e-01-1.246508807e-01-1.318342090e-01
-1.381210536e-01-1.434061974e-01-1.475925148e-01-1.505939513e-01-1.523381025e-01
-1.527685225e-01-1.518465579e-01-1.495523900e-01-1.458856463e-01-1.408650428e-01
-1.345274895e-01-1.269264817e-01-1.181298718e-01-1.082172617e-01-9.727706015e-02
-8.540334553e-02-7.269273698e-02-5.924140662e-02-4.514224455e-02-3.048242256e-02
-1.534133125e-02 2.111085923e-04 1.611574180e-02 3.232544661e-02 4.880722985e-02
 6.554785371e-02 8.172622323e-02 9.733615816e-02 1.123641208e-01 1.267882138e-01
 1.405788511e-01 1.537004411e-01 1.661134958e-01 1.777773649e-01 1.886533499e-01
 1.225362271e-01 1.208916977e-01 1.152478307e-01 1.081800759e-01 1.008557379e-01
 9.326496720e-02 8.539733291e-02 7.724307477e-02 6.879089028e-02 6.002688408e-02
 5.093446374e-02 4.169416055e-02 3.228721023e-02 2.270147763e-02 1.293123420e-02
 2.977768658e-03-7.149816025e-03-1.743380912e-02-2.784718201e-02-3.835300356e-02
-4.890399054e-02-5.944228917e-02-6.989946961e-02-8.019684255e-02-9.024606645e-02
-9.995021671e-02-1.092051268e-01-1.179012507e-01-1.259258240e-01-1.331653744e-01
-1.395085752e-01-1.448491812e-01-1.490889937e-01-1.521408707e-01-1.539313346e-01
-1.544029564e-01-1.535161287e-01-1.512501985e-01-1.476040483e-01-1.425957531e-01
-1.362617463e-01-1.286550611e-01-1.198432669e-01-1.099056378e-01-9.893031418e-02
-8.701105416e-02-7.424405962e-02-6.072491407e-02-4.654574767e-02-3.179270029e-02
-1.654385217e-02-8.675706340e-04 1.517870650e-02 3.154955059e-02 4.821340367e-02
 6.515797228e-02 8.156285435e-02 9.742183983e-02 1.127198488e-01 1.274314225e-01
 1.415210515e-01 1.549443901e-01 1.676504165e-01 1.795846969e-01 1.906935573e-01
 1.213649288e-01 1.197255850e-01 1.138641536e-01 1.068127155e-01 9.954003990e-02
 9.202491492e-02 8.425054699e-02 7.620016485e-02 6.785694510e-02 5.920380354e-02
 5.022317171e-02 4.109433293e-02 3.179710358e-02 2.231823839e-02 1.265163347e-02
 2.798706060e-03-7.231050637e-03-1.741946489e-02-2.773909271e-02-3.815268725e-02
-4.861279950e-02-5.906154960e-02-6.943064183e-02-7.964166999e-02-8.960673213e-02
-9.922941029e-02-1.084062085e-01-1.170282662e-01-1.249835789e-01-1.321594566e-01
-1.384452879e-01-1.437354535e-01-1.479323506e-01-1.509492248e-01-1.527128071e-01
-1.531656832e-01-1.522679627e-01-1.499985307e-01-1.463554800e-01-1.413558722e-01
-1.350347847e-01-1.274437010e-01-1.186482906e-01-1.087257490e-01-9.776180238e-02
-8.584753424e-02-7.307613641e-02-5.953982100e-02-4.532684386e-02-3.051895462e-02
-1.518921833e-02 5.994411185e-04 1.679454371e-02 3.335186094e-02 5.022745207e-02
 6.735550612e-02 8.397857845e-02 1.001103222e-01 1.157391220e-01 1.308350414e-01
 1.453521550e-01 1.592295617e-01 1.723931581e-01 1.847594380e-01 1.962417215e-01
 1.197694987e-01 1.181043983e-01 1.124814227e-01 1.055135578e-01 9.834922850e-02
 9.096579999e-02 8.333841711e-02 7.544412464e-02 6.726197153e-02 5.877251551e-02
 4.995715991e-02 4.099441320e-02 3.186457232e-02 2.255493402e-02 1.306002773e-02
 3.381951014e-03-6.469168235e-03-1.647464745e-02-2.660671994e-02-3.682805225e-02
-4.709137976e-02-5.733932182e-02-6.750437617e-02-7.750925422e-02-8.726747334e-02
-9.668434411e-02-1.056583449e-01-1.140827984e-01-1.218480617e-01-1.288438588e-01
-1.349620074e-01-1.400992572e-01-1.441601068e-01-1.470596790e-01-1.487261951e-01
-1.491032392e-01-1.481513977e-01-1.458494365e-01-1.421947032e-01-1.372028738e-01
-1.309069991e-01-1.233559251e-01-1.146120876e-01-1.047488973e-01-9.384778887e-02
-8.199504018e-02-6.927852333e-02-5.578454956e-02-4.159479216e-02-2.678332105e-02
-1.141373627e-02 4.463934340e-03 2.081721649e-02 3.763746098e-02 5.495169759e-02
 7.202389091e-02 8.878692240e-02 1.052033901e-01 1.212399080e-01 1.368540227e-01
 1.519859433e-01 1.665525287e-01 1.804438680e-01 1.935244650e-01 2.056419998e-01
 1.181837618e-01 1.165161058e-01 1.109832823e-01 1.041768417e-01 9.721477330e-02
 9.005027264e-02 8.264602721e-02 7.497429848e-02 6.701297313e-02 5.874291062e-02
 5.014640093e-02 4.140369222e-02 3.249714896e-02 2.341610193e-02 1.415685099e-02
 4.722931888e-03-4.874449689e-03-1.461590640e-02-2.447335422e-02-3.440955281e-02
-4.437776282e-02-5.432157218e-02-6.417493522e-02-7.386247814e-02-8.330010623e-02
-9.239596128e-02-1.010517627e-01-1.091644093e-01-1.166280881e-01-1.233364940e-01
-1.291854531e-01-1.340755969e-01-1.379150599e-01-1.406221390e-01-1.421277523e-01
-1.423773766e-01-1.413328201e-01-1.389730871e-01-1.352948397e-01-1.303121299e-01
-1.240554303e-01-1.165700555e-01-1.079140976e-01-9.815578908e-02-8.737070858e-02
-7.563858479e-02-6.304024905e-02-4.965439066e-02-3.555468097e-02-2.080689371e-02
-5.466334987e-03 1.042468660e-02 2.683959901e-02 4.377125204e-02 6.123796105e-02
 7.846987993e-02 9.548072517e-02 1.122735068e-01 1.288395971e-01 1.451535076e-01
 1.611638963e-01 1.767806113e-01 1.918577552e-01 2.061785460e-01 2.194577754e-01
 1.163038686e-01 1.145979613e-01 1.091126129e-01 1.026969180e-01 9.611786157e-02
 8.929492533e-02 8.220068365e-02 7.481876016e-02 6.713522226e-02 5.913613364e-02
 5.080677196e-02 4.233084247e-02 3.369540721e-02 2.489389852e-02 1.592567936e-02
 6.796420086e-03-2.481266158e-03-1.188720390e-02-2.139308117e-02-3.096198663e-02
-4.054806381e-02-5.009637028e-02-5.954293162e-02-6.881503016e-02-7.783185691e-02
-8.650539815e-02-9.474171698e-02-1.024425253e-01-1.095071137e-01-1.158345342e-01
-1.213259399e-01-1.258871853e-01-1.294312775e-01-1.318809092e-01-1.331706047e-01
-1.332486719e-01-1.320786178e-01-1.296401322e-01-1.259292960e-01-1.209583730e-01
-1.147548631e-01-1.073599383e-01-9.882645309e-02-8.921647817e-02-7.859847695e-02
-6.704434752e-02-5.462637171e-02-4.141411930e-02-2.747167461e-02-1.285506506e-02
 2.389610745e-03 1.822709478e-02 3.463213146e-02 5.158592761e-02 6.906931847e-02
 8.639167249e-02 1.036181003e-01 1.207938343e-01 1.379518807e-01 1.551130265e-01
 1.722787321e-01 1.894140244e-01 2.064096034e-01 2.229979187e-01 2.386137545e-01
 1.133609489e-01 1.113503128e-01 1.069323346e-01 1.013247520e-01 9.525870532e-02
 8.883856237e-02 8.209662139e-02 7.504225522e-02 6.767489016e-02 5.998755619e-02
 5.196632445e-02 4.378668219e-02 3.545369953e-02 2.696849220e-02 1.833409630e-02
 9.558158927e-03 6.543786731e-04-8.356610313e-03-1.744660921e-02-2.657939866e-02
-3.571044281e-02-4.478676617e-02-5.374704674e-02-6.252194196e-02-7.103466243e-02
-7.920192182e-02-8.693505079e-02-9.414158762e-02-1.007269919e-01-1.065966934e-01
-1.116583049e-01-1.158239245e-01-1.190124452e-01-1.211518124e-01-1.221809834e-01
-1.220516935e-01-1.207297146e-01-1.181956455e-01-1.144451797e-01-1.094887555e-01
-1.033506542e-01-9.606756270e-02-8.768658340e-02-7.826296240e-02-6.785735488e-02
-5.653292313e-02-4.435233399e-02-3.137464076e-02-1.765218750e-02-3.227636451e-03
 1.186872646e-02 2.762078121e-02 4.402572662e-02 6.108541042e-02 7.819253951e-02
 9.535946697e-02 1.126271933e-01 1.300538927e-01 1.477116793e-01 1.656868756e-01
 1.840818077e-01 2.030188143e-01 2.226507962e-01 2.432080656e-01 2.646869421e-01
 1.124501377e-01 1.105768979e-01 1.061777249e-01 1.007416695e-01 9.496673942e-02
 8.886203170e-02 8.243951946e-02 7.570789009e-02 6.867206097e-02 6.133492664e-02
 5.370059237e-02 4.578096792e-02 3.775174916e-02 2.960231900e-02 2.133143321e-02
 1.294536795e-02 4.457398318e-03-4.112168215e-03-1.273576822e-02-2.137832716e-02
-2.999707125e-02-3.854148090e-02-4.695342481e-02-5.516749248e-02-6.311158836e-02
-7.070778310e-02-7.787346840e-02-8.452270925e-02-9.056791663e-02-9.592168778e-02
-1.004988104e-01-1.042183787e-01-1.070058420e-01-1.087949872e-01-1.095297784e-01
-1.091658026e-01-1.076714173e-01-1.050284207e-01-1.012322158e-01-9.629147500e-02
-9.022723883e-02-8.307156712e-02-7.486572862e-02-6.565794349e-02-5.550092459e-02
-4.444905370e-02-3.255541995e-02-1.986867376e-02-6.429502275e-03 7.733429316e-03
 2.260905877e-02 3.821297362e-02 5.460485816e-02 7.114002854e-02 8.782256395e-02
 1.046857610e-01 1.217880026e-01 1.392124146e-01 1.570701152e-01 1.755074561e-01
 1.947179735e-01 2.149615884e-01 2.365952730e-01 2.601184547e-01 2.851647735e-01
 1.121668741e-01 1.104089469e-01 1.060733795e-01 1.008087620e-01 9.525140375e-02
 8.939811587e-02 8.325152099e-02 7.681481540e-02 7.009050995e-02 6.307965517e-02
 5.578156561e-02 4.819308221e-02 4.050873220e-02 3.272540867e-02 2.484592050e-02
 1.687864587e-02 8.837782778e-03 7.436859887e-04-7.376761641e-03-1.548987534e-02
-2.355499752e-02-3.152446821e-02-3.934378549e-02-4.695194215e-02-5.428200588e-02
-6.126192585e-02-6.781559438e-02-7.386412472e-02-7.932733744e-02-8.412545174e-02
-8.818088472e-02-9.142007679e-02-9.377538413e-02-9.518679976e-02-9.560350329e-02
-9.498517215e-02-9.330295026e-02-9.053995460e-02-8.669143170e-02-8.176436275e-02
-7.577665150e-02-6.875586510e-02-6.073752046e-02-5.176312476e-02-4.187782109e-02
-3.112786636e-02-1.955799758e-02-7.208703551e-03 5.886370782e-03 1.970270649e-02
 3.422639892e-02 4.945357889e-02 6.538420171e-02 8.138115704e-02 9.752368927e-02
 1.138820797e-01 1.305351406e-01 1.475811601e-01 1.651477367e-01 1.834033430e-01
 2.025725543e-01 2.229560465e-01 2.449529469e-01 2.690747678e-01 2.947746217e-01
 1.121965796e-01 1.105490699e-01 1.064603105e-01 1.013770178e-01 9.602029622e-02
 9.039310366e-02 8.449711651e-02 7.833468914e-02 7.190757990e-02 6.521574408e-02
 5.825574324e-02 5.101791769e-02 4.368874058e-02 3.628189489e-02 2.880673110e-02
 2.127416991e-02 1.369913109e-02 6.101669744e-03-1.492418349e-03-9.051251225e-03
-1.653668843e-02-2.390432544e-02-3.110365756e-02-3.807843477e-02-4.476720840e-02
-5.110409856e-02-5.701977015e-02-6.244258955e-02-6.729997694e-02-7.151994109e-02
-7.503258437e-02-7.777181268e-02-7.967693359e-02-8.069411665e-02-8.077780902e-02
-7.989177108e-02-7.800992578e-02-7.511675358e-02-7.120738178e-02-6.628719717e-02
-6.037110090e-02-5.348236486e-02-4.565108567e-02-3.691240773e-02-2.730439417e-02
-1.686573960e-02-5.633261986e-03 6.360648666e-03 1.909049600e-02 3.253978863e-02
 4.670310393e-02 6.158835813e-02 7.661676407e-02 9.179470688e-02 1.071525663e-01
 1.227362752e-01 1.386073828e-01 1.548465937e-01 1.715598404e-01 1.888867021e-01
 2.070133835e-01 2.261933237e-01 2.467852384e-01 2.693347335e-01 2.928001583e-01
 1.127478406e-01 1.112565398e-01 1.072869375e-01 1.023723483e-01 9.720373154e-02
 9.178380668e-02 8.611825854e-02 8.021322638e-02 7.407397777e-02 6.770447642e-02
 6.110797077e-02 5.428928509e-02 4.726117477e-02 4.021211341e-02 3.313766420e-02
 2.604338154e-02 1.894163340e-02 1.185062621e-02 4.794186447e-03-2.198211616e-03
-9.091409855e-03-1.584462635e-02-2.241165563e-02-2.874122933e-02-3.477755189e-02
-4.046101123e-02-4.572908953e-02-5.051738024e-02-5.476084352e-02-5.839508027e-02
-6.135776266e-02-6.359001994e-02-6.503784657e-02-6.565339118e-02-6.539610773e-02
-6.423363090e-02-6.214249507e-02-5.910843983e-02-5.512642115e-02-5.020027980e-02
-4.434202239e-02-3.757081926e-02-2.991168201e-02-2.139386721e-02-1.204905100e-02
-1.909196377e-03 8.995926939e-03 2.064169943e-02 3.301176801e-02 4.609905183e-02
 5.990739167e-02 7.386555523e-02 8.796991408e-02 1.022234708e-01 1.166387275e-01
 1.312380582e-01 1.460542083e-01 1.611312181e-01 1.765256971e-01 1.923081875e-01
 2.085643262e-01 2.253953665e-01 2.429158390e-01 2.612248361e-01 2.795157731e-01
 1.136646420e-01 1.123474836e-01 1.085136682e-01 1.037595570e-01 9.875359386e-02
 9.350824356e-02 8.804102242e-02 8.236634731e-02 7.649400830e-02 7.042942941e-02
 6.417414546e-02 5.772528797e-02 5.107268691e-02 4.440760612e-02 3.774271160e-02
 3.109017387e-02 2.446404658e-02 1.788182929e-02 1.136542670e-02 4.941634368e-03
-1.357685309e-03-7.495628204e-03-1.343045942e-02-1.911598071e-02-2.450204641e-02
-2.953523584e-02-3.415966779e-02-3.831793740e-02-4.195220396e-02-4.500531778e-02
-4.742205516e-02-4.915031046e-02-5.014231056e-02-5.035568029e-02-4.975442588e-02
-4.830968380e-02-4.600026086e-02-4.281289130e-02-3.874221817e-02-3.379043937e-02
-2.796668001e-02-2.128609456e-02-1.376875117e-02-5.438394379e-03 3.678895067e-03
 1.355619449e-02 2.416773513e-02 3.549330682e-02 4.753002524e-02 6.028250977e-02
 7.318795472e-02 8.623210341e-02 9.940214455e-02 1.126879901e-01 1.260831952e-01
 1.395852417e-01 1.531950682e-01 1.669158489e-01 1.807502955e-01 1.946957707e-01
 2.087349147e-01 2.228180468e-01 2.368280590e-01 2.504990697e-01 2.632276714e-01
 1.148852259e-01 1.137439385e-01 1.101809442e-01 1.055648029e-01 1.006417200e-01
 9.549347311e-02 9.016656131e-02 8.468402177e-02 7.905680686e-02 7.328945398e-02
 6.738299876e-02 6.133687124e-02 5.515091866e-02 4.882929847e-02 4.255217686e-02
 3.633018956e-02 3.017357737e-02 2.409589477e-02 1.811533421e-02 1.225506328e-02
 6.543181837e-03 1.012508757e-03-4.299737513e-03-9.352356195e-03-1.410068665e-02
-1.849723421e-02-2.249241434e-02-2.603539266e-02-2.907501534e-02-3.156080097e-02
-3.344399855e-02-3.467860073e-02-3.522237390e-02-3.503776342e-02-3.409270197e-02
-3.236123174e-02-2.982395701e-02-2.646823600e-02-2.228812687e-02-1.728403755e-02
-1.146208216e-02-4.833164159e-03 2.588076983e-03 1.078414824e-02 1.973524876e-02
 2.941878885e-02 3.980416805e-02 5.084111914e-02 6.258247793e-02 7.448919117e-02
 8.654223382e-02 9.871709347e-02 1.109874099e-01 1.233265623e-01 1.357082427e-01
 1.481063068e-01 1.604938209e-01 1.728411317e-01 1.851124018e-01 1.972599030e-01
 2.092153728e-01 2.208770514e-01 2.320926487e-01 2.426431775e-01 2.522459030e-01
 1.175781712e-01 1.170932353e-01 1.130243689e-01 1.078974158e-01 1.027661711e-01
 9.757465124e-02 9.231902659e-02 8.699623495e-02 8.160181344e-02 7.613038272e-02
 7.057631761e-02 6.493449956e-02 5.920137092e-02 5.337650701e-02 4.746545479e-02
 4.166894779e-02 3.598020226e-02 3.040405363e-02 2.495359629e-02 1.964817941e-02
 1.451228745e-02 9.574895725e-03 4.868971184e-03 4.310173390e-04-3.699440043e-03
-7.480426226e-03-1.086816750e-02-1.381781977e-02-1.628426276e-02-1.822295785e-02
-1.959081925e-02-2.034711093e-02-2.045429684e-02-1.987880468e-02-1.859169826e-02
-1.656919718e-02-1.379304007e-02-1.025069319e-02-5.935346242e-03-8.455976495e-04
 5.015315488e-03 1.164081413e-02 1.902297325e-02 2.715358511e-02 3.602619469e-02
 4.564664140e-02 5.602630228e-02 6.665787101e-02 7.757417858e-02 8.870307356e-02
 9.999012202e-02 1.113875359e-01 1.228496581e-01 1.343310922e-01 1.457859278e-01
 1.571673006e-01 1.684266925e-01 1.795128286e-01 1.903696656e-01 2.009334713e-01
 2.111287862e-01 2.208640426e-01 2.300283760e-01 2.384922802e-01 2.461159527e-01
 1.196667477e-01 1.196273044e-01 1.154367402e-01 1.099283397e-01 1.045992523e-01
 9.937559813e-02 9.420949966e-02 8.906966448e-02 8.393355459e-02 7.878344506e-02
 7.360449433e-02 6.838362664e-02 6.310823560e-02 5.776398629e-02 5.232997984e-02
 4.700870812e-02 4.180898145e-02 3.673902899e-02 3.181385249e-02 2.705261484e-02
 2.247793414e-02 1.811582595e-02 1.399558224e-02 1.014947053e-02 6.612334866e-03
 3.421114525e-03 6.143223727e-04-1.768546528e-03-3.687666031e-03-5.103586242e-03
-5.977981258e-03-6.274405401e-03-5.959033500e-03-5.001321435e-03-3.374544904e-03
-1.056162408e-03 1.971929567e-03 5.723053589e-03 1.020534337e-02 1.542157400e-02
 2.136972360e-02 2.804404870e-02 3.544376045e-02 4.356738552e-02 5.238991231e-02
 6.197546795e-02 7.183243334e-02 8.194810897e-02 9.229990095e-02 1.028459668e-01
 1.135362908e-01 1.243161112e-01 1.351270080e-01 1.459074914e-01 1.565935463e-01
 1.671195328e-01 1.774190217e-01 1.874256730e-01 1.970736980e-01 2.062976509e-01
 2.150319815e-01 2.232102603e-01 2.307650894e-01 2.376295626e-01 2.437408715e-01
 1.201248690e-01 1.202738509e-01 1.162548363e-01 1.108225733e-01 1.055772677e-01
 1.004932597e-01 9.553397447e-02 9.066590667e-02 8.586006612e-02 8.109208941e-02
 7.634174824e-02 7.159236073e-02 6.683012843e-02 6.204358861e-02 5.722356215e-02
 5.236469209e-02 4.765496030e-02 4.307957366e-02 3.866449371e-02 3.443063796e-02
 3.039844707e-02 2.659054473e-02 2.303265408e-02 1.975312456e-02 1.678246260e-02
 1.415296365e-02 1.189835742e-02 1.005339902e-02 8.653381839e-03 7.733581122e-03
 7.328626700e-03 7.471814286e-03 8.194396272e-03 9.524900466e-03 1.148867328e-02
 1.410790719e-02 1.740229502e-02 2.138846368e-02 2.607809938e-02 3.147561103e-02
 3.757916763e-02 4.435669258e-02 5.183856562e-02 6.011489406e-02 6.874915957e-02
 7.778782398e-02 8.717275411e-02 9.685747325e-02 1.067963466e-01 1.169383973e-01
 1.272255778e-01 1.375923157e-01 1.479655057e-01 1.582652032e-01 1.684062034e-01
 1.783004552e-01 1.878605038e-01 1.970032454e-01 2.056535184e-01 2.137468904e-01
 2.212312371e-01 2.280669659e-01 2.342262864e-01 2.396919727e-01 2.444562167e-01
 1.194266528e-01 1.197660714e-01 1.157085374e-01 1.104645580e-01 1.054730937e-01
 1.006913185e-01 9.608156979e-02 9.160627425e-02 8.723168075e-02 8.292938769e-02
 7.867655903e-02 7.445564121e-02 7.025394589e-02 6.606349349e-02 6.188143045e-02
 5.771160498e-02 5.356799066e-02 4.942845553e-02 4.549296573e-02 4.176705703e-02
 3.825881332e-02 3.498350084e-02 3.196413442e-02 2.922584862e-02 2.679504082e-02
 2.469945885e-02 2.296826057e-02 2.163189277e-02 2.072181366e-02 2.027010731e-02
 2.030898631e-02 2.087015659e-02 2.198391967e-02 2.367797494e-02 2.597607486e-02
 2.889811620e-02 3.246821091e-02 3.671411052e-02 4.166112840e-02 4.731362686e-02
 5.375728756e-02 6.060946733e-02 6.794805080e-02 7.579161972e-02 8.408461511e-02
 9.279321879e-02 1.018789187e-01 1.113001183e-01 1.210103258e-01 1.309554279e-01
 1.410712004e-01 1.512811780e-01 1.614953429e-01 1.716098487e-01 1.815090626e-01
 1.910701096e-01 2.001703680e-01 2.086967081e-01 2.165546715e-01 2.236757576e-01
 2.300212383e-01 2.355823666e-01 2.403767556e-01 2.444419861e-01 2.478275597e-01
 1.169218570e-01 1.172907129e-01 1.136173382e-01 1.087122560e-01 1.041357443e-01
 9.983006120e-02 9.573359042e-02 9.179365635e-02 8.796848357e-02 8.422644436e-02
 8.054441959e-02 7.690627873e-02 7.330162823e-02 6.972488016e-02 6.617452204e-02
 6.265210360e-02 5.916029587e-02 5.569762364e-02 5.226002634e-02 4.905881360e-02
 4.607279226e-02 4.330764338e-02 4.080302641e-02 3.858313709e-02 3.666909039e-02
 3.508296609e-02 3.384886682e-02 3.299300745e-02 3.254351392e-02 3.253021464e-02
 3.298448399e-02 3.393897787e-02 3.542697430e-02 3.747994080e-02 4.011986032e-02
 4.333648831e-02 4.716183618e-02 5.165784433e-02 5.693059042e-02 6.262621284e-02
 6.881500781e-02 7.548255473e-02 8.263028413e-02 9.025464207e-02 9.834005684e-02
 1.068665311e-01 1.158093587e-01 1.251382232e-01 1.348152906e-01 1.447922140e-01
 1.550061852e-01 1.653753221e-01 1.757937819e-01 1.861276925e-01 1.962144971e-01
 2.058688104e-01 2.148976028e-01 2.231228203e-01 2.304044068e-01 2.366566658e-01
 2.418555319e-01 2.460376918e-01 2.492919862e-01 2.517423034e-01 2.535247803e-01
 1.126400903e-01 1.129674613e-01 1.096125618e-01 1.052804664e-01 1.014068797e-01
 9.783973545e-02 9.447157383e-02 9.123439342e-02 8.808528632e-02 8.499708772e-02
 8.195293695e-02 7.894314080e-02 7.596334070e-02 7.301338762e-02 7.009669393e-02
 6.721980125e-02 6.439236552e-02 6.162789091e-02 5.894705653e-02 5.638513714e-02
 5.394554138e-02 5.160065740e-02 4.958199710e-02 4.786753282e-02 4.645797610e-02
 4.536532611e-02 4.460777342e-02 4.420743138e-02 4.418935627e-02 4.458132386e-02
 4.541437328e-02 4.672447592e-02 4.855638742e-02 5.097249523e-02 5.407326669e-02
 5.755557120e-02 6.150628254e-02 6.597492844e-02 7.098042965e-02 7.648882270e-02
 8.249323815e-02 8.898950368e-02 9.597650170e-02 1.034531668e-01 1.114164293e-01
 1.198609546e-01 1.287784725e-01 1.381565332e-01 1.479761302e-01 1.582080275e-01
 1.688071191e-01 1.797041446e-01 1.907937378e-01 2.019186467e-01 2.128521353e-01
 2.232902944e-01 2.328782082e-01 2.412806451e-01 2.482542396e-01 2.536762059e-01
 2.575432658e-01 2.599680126e-01 2.611745298e-01 2.614672184e-01 2.611577809e-01
 1.054997295e-01 1.054067761e-01 1.027545705e-01 9.986688197e-02 9.731049836e-02
 9.486666322e-02 9.246962517e-02 9.009195864e-02 8.772148192e-02 8.535367996e-02
 8.298861235e-02 8.062947541e-02 7.828190178e-02 7.595372200e-02 7.365477085e-02
 7.139696181e-02 6.919449568e-02 6.706427038e-02 6.502629817e-02 6.310357898e-02
 6.131902337e-02 5.970097706e-02 5.830013379e-02 5.714506656e-02 5.625724792e-02
 5.565657094e-02 5.536331236e-02 5.539878085e-02 5.578550696e-02 5.654728785e-02
 5.770914257e-02 5.929706991e-02 6.133709103e-02 6.385218352e-02 6.685321033e-02
 7.031331211e-02 7.423675805e-02 7.863496989e-02 8.351641893e-02 8.888301998e-02
 9.473796934e-02 1.010862365e-01 1.079347804e-01 1.152922586e-01 1.231687069e-01
 1.315754503e-01 1.405248344e-01 1.500296593e-01 1.601018608e-01 1.707498431e-01
 1.819736660e-01 1.937564164e-01 2.060489804e-01 2.187417299e-01 2.316064388e-01
 2.441692948e-01 2.555770278e-01 2.649842501e-01 2.720052302e-01 2.765376866e-01
 2.786142230e-01 2.784038186e-01 2.763248384e-01 2.732003331e-01 2.698974013e-01
 9.534016252e-02 9.392103553e-02 9.380423278e-02 9.351944923e-02 9.268070757e-02
 9.153397381e-02 9.019207954e-02 8.871534467e-02 8.714149147e-02 8.549738675e-02
 8.380430192e-02 8.208052814e-02 8.034287393e-02 7.860749215e-02 7.689059526e-02
 7.520884275e-02 7.357977331e-02 7.202208787e-02 7.055591047e-02 6.920284033e-02
 6.798589230e-02 6.693019718e-02 6.606317312e-02 6.540964544e-02 6.499196589e-02
 6.483092904e-02 6.494659930e-02 6.535881758e-02 6.608749181e-02 6.715259701e-02
 6.857407093e-02 7.037129998e-02 7.256231457e-02 7.516236603e-02 7.818208635e-02
 8.162686974e-02 8.550427109e-02 8.982381225e-02 9.459561855e-02 9.982997179e-02
 1.055383086e-01 1.117340699e-01 1.184333935e-01 1.256557554e-01 1.334246993e-01
 1.417687833e-01 1.507226974e-01 1.603286415e-01 1.706376076e-01 1.817107499e-01
 1.936198622e-01 2.064467669e-01 2.202808261e-01 2.352152914e-01 2.513538003e-01
 2.688911855e-01 2.846756577e-01 2.957671881e-01 3.028832376e-01 3.063989580e-01
 3.059892356e-01 3.019560874e-01 2.938205600e-01 2.844634056e-01 2.774803340e-01
 8.910834789e-02 8.742146939e-02 8.792956173e-02 8.867336810e-02 8.889142424e-02
 8.870994300e-02 8.823019266e-02 8.752739429e-02 8.665750921e-02 8.566343784e-02
 8.457949013e-02 8.343429863e-02 8.225272596e-02 8.105722815e-02 7.986874133e-02
 7.870734483e-02 7.759280503e-02 7.654488832e-02 7.558361441e-02 7.472941279e-02
 7.400312275e-02 7.342600077e-02 7.301937044e-02 7.280384749e-02 7.279907167e-02
 7.302370667e-02 7.349574566e-02 7.423262298e-02 7.525138557e-02 7.656877488e-02
 7.820111513e-02 8.016419411e-02 8.247292787e-02 8.514104784e-02 8.818094432e-02
 9.160400927e-02 9.542187303e-02 9.964703023e-02 1.042930409e-01 1.093748584e-01
 1.149094105e-01 1.209162995e-01 1.274186969e-01 1.344444454e-01 1.420275271e-01
 1.502099037e-01 1.590441465e-01 1.685969383e-01 1.789538562e-01 1.902259439e-01
 2.025583684e-01 2.161412239e-01 2.312213480e-01 2.481121719e-01 2.672002017e-01
 2.875109911e-01 3.032096624e-01 3.141595125e-01 3.206120729e-01 3.223774135e-01
 3.195989132e-01 3.116219342e-01 2.993246615e-01 2.887776494e-01 2.803705037e-01
 8.547677100e-02 8.375777304e-02 8.454640210e-02 8.571302891e-02 8.646724373e-02
 8.686715364e-02 8.697219193e-02 8.683851361e-02 8.651587367e-02 8.604723960e-02
 8.546955138e-02 8.481483161e-02 8.411131054e-02 8.338432014e-02 8.265709877e-02
 8.195134252e-02 8.128771186e-02 8.068612963e-02 8.016604185e-02 7.974652946e-02
 7.944637537e-02 7.928402722e-02 7.927745581e-02 7.944399863e-02 7.980021089e-02
 8.036186546e-02 8.114404976e-02 8.216123283e-02 8.342740685e-02 8.495617658e-02
 8.676088601e-02 8.885463327e-02 9.125033021e-02 9.396074712e-02 9.699862450e-02
 1.003769934e-01 1.041095033e-01 1.082108244e-01 1.126969904e-01 1.175857484e-01
 1.228970587e-01 1.286537647e-01 1.348824799e-01 1.416147649e-01 1.488887668e-01
 1.567514241e-01 1.652616262e-01 1.744947881e-01 1.845494211e-01 1.955571622e-01
 2.076984644e-01 2.212273628e-01 2.365100086e-01 2.540695667e-01 2.744389772e-01
 2.924962640e-01 3.062275350e-01 3.156283498e-01 3.205610812e-01 3.210063577e-01
 3.162291944e-01 3.058583736e-01 2.946150601e-01 2.852799296e-01 2.774904668e-01
 8.378668875e-02 8.212995529e-02 8.294302225e-02 8.431790024e-02 8.535397053e-02
 8.608213067e-02 8.654450625e-02 8.678474277e-02 8.684459329e-02 8.676233143e-02
 8.657242358e-02 8.630572259e-02 8.599003404e-02 8.565057814e-02 8.531052619e-02
 8.499141037e-02 8.471348137e-02 8.449590951e-02 8.435698599e-02 8.431421965e-02
 8.438438177e-02 8.458349109e-02 8.492676914e-02 8.542858064e-02 8.610236645e-02
 8.696070313e-02 8.801531792e-02 8.927723020e-02 9.075690806e-02 9.246451408e-02
 9.441012144e-02 9.660398960e-02 9.905680269e-02 1.017798856e-01 1.047854573e-01
 1.080867499e-01 1.116982251e-01 1.156356707e-01 1.199163720e-01 1.245592460e-01
 1.295851469e-01 1.350172907e-01 1.408818066e-01 1.472086906e-01 1.540329903e-01
 1.613964438e-01 1.693497449e-01 1.779557765e-01 1.872940958e-01 1.974678189e-01
 2.086142749e-01 2.209236473e-01 2.346753031e-01 2.503339052e-01 2.670939565e-01
 2.811984122e-01 2.920236886e-01 2.994011641e-01 3.032579124e-01 3.030410111e-01
 2.985579371e-01 2.904984355e-01 2.828972340e-01 2.760677934e-01 2.699983716e-01
 8.342619240e-02 8.183827251e-02 8.280580491e-02 8.427709341e-02 8.542422950e-02
 8.629336953e-02 8.692982793e-02 8.737536520e-02 8.766741306e-02 8.783937991e-02
 8.792132139e-02 8.794046193e-02 8.792169392e-02 8.788802475e-02 8.786082268e-02
 8.786006272e-02 8.790452778e-02 8.801192045e-02 8.819888532e-02 8.848112822e-02
 8.887333423e-02 8.938919008e-02 9.004128724e-02 9.084109962e-02 9.179887921e-02
 9.292369336e-02 9.422344714e-02 9.570502490e-02 9.737455845e-02 9.923781455e-02
 1.013006717e-01 1.035696045e-01 1.060522720e-01 1.087578684e-01 1.116974428e-01
 1.148839816e-01 1.183323562e-01 1.220591441e-01 1.260823607e-01 1.304213107e-01
 1.350963712e-01 1.401290596e-01 1.455422193e-01 1.513603181e-01 1.576098353e-01
 1.643198878e-01 1.715226769e-01 1.792539656e-01 1.875529587e-01 1.964612603e-01
 2.060190141e-01 2.162545025e-01 2.271579206e-01 2.386179268e-01 2.501061261e-01
 2.601785660e-01 2.682013512e-01 2.739165127e-01 2.771326005e-01 2.777113318e-01
 2.756755650e-01 2.721025348e-01 2.680469155e-01 2.638727725e-01 2.597902715e-01
 8.462172002e-02 8.317427337e-02 8.414153755e-02 8.552083373e-02 8.657385409e-02
 8.739213645e-02 8.803288639e-02 8.853520453e-02 8.892920613e-02 8.924043924e-02
 8.949189633e-02 8.970504999e-02 8.990022540e-02 9.009682387e-02 9.031336010e-02
 9.056748450e-02 9.087593108e-02 9.125450253e-02 9.171801060e-02 9.228018671e-02
 9.295367450e-02 9.374989569e-02 9.467899054e-02 9.574961662e-02 9.696885943e-02
 9.834203124e-02 9.987264872e-02 1.015625000e-01 1.034119651e-01 1.054206416e-01
 1.075882316e-01 1.099156141e-01 1.124058738e-01 1.150651574e-01 1.179030910e-01
 1.209328026e-01 1.241704151e-01 1.276342869e-01 1.313441396e-01 1.353201121e-01
 1.395821273e-01 1.441494823e-01 1.490405649e-01 1.542727351e-01 1.598620862e-01
 1.658231169e-01 1.721679121e-01 1.789045632e-01 1.860344112e-01 1.935469359e-01
 2.014111280e-01 2.095606029e-01 2.178696841e-01 2.261197865e-01 2.339762747e-01
 2.410362363e-01 2.469442189e-01 2.514566481e-01 2.544460297e-01 2.559090555e-01
 2.559936941e-01 2.549945414e-01 2.532553375e-01 2.510655820e-01 2.486355752e-01
 8.789750189e-02 8.689188957e-02 8.723860979e-02 8.795984089e-02 8.859886974e-02
 8.916512132e-02 8.966685086e-02 9.011219442e-02 9.051078558e-02 9.087403864e-02
 9.121491015e-02 9.154759347e-02 9.188712388e-02 9.224896878e-02 9.264868498e-02
 9.310154617e-02 9.362227470e-02 9.422481060e-02 9.492214024e-02 9.572618455e-02
 9.664765745e-02 9.769603610e-02 9.887932986e-02 1.002039090e-01 1.016740948e-01
 1.032917202e-01 1.050556079e-01 1.069612727e-01 1.090010852e-01 1.111651212e-01
 1.134429649e-01 1.158259660e-01 1.183096692e-01 1.208956093e-01 1.235923320e-01
 1.264150143e-01 1.293842494e-01 1.325237900e-01 1.358582675e-01 1.394110769e-01
 1.432031393e-01 1.472521573e-01 1.515723616e-01 1.561743617e-01 1.610648930e-01
 1.662461907e-01 1.717148870e-01 1.774601191e-01 1.834608614e-01 1.896817088e-01
 1.960673481e-01 2.025357187e-01 2.089711279e-01 2.152210027e-01 2.211019695e-01
 2.264196277e-01 2.309970856e-01 2.347009480e-01 2.374581099e-01 2.392641455e-01
 2.401828319e-01 2.403332740e-01 2.398647219e-01 2.389290184e-01 2.376616448e-01
 9.154387563e-02 9.097578377e-02 9.074018896e-02 9.076280892e-02 9.093534946e-02
 9.121833742e-02 9.154672921e-02 9.189498425e-02 9.225266427e-02 9.261815995e-02
 9.299562871e-02 9.339334816e-02 9.382243454e-02 9.429578483e-02 9.482714534e-02
 9.543030709e-02 9.611862153e-02 9.690464288e-02 9.779985249e-02 9.881453216e-02
 9.995770454e-02 1.012371778e-01 1.026595458e-01 1.042300314e-01 1.059518829e-01
 1.078252643e-01 1.098456308e-01 1.120019108e-01 1.142753288e-01 1.166399270e-01
 1.190661192e-01 1.215266511e-01 1.240027025e-01 1.264882088e-01 1.289918125e-01
 1.315363199e-01 1.341554374e-01 1.368877292e-01 1.397702247e-01 1.428340971e-01
 1.461029947e-01 1.495933980e-01 1.533154100e-01 1.572734416e-01 1.614665538e-01
 1.658881456e-01 1.705252826e-01 1.753574312e-01 1.803547889e-01 1.854761243e-01
 1.906665862e-01 1.958558261e-01 2.009574175e-01 2.058706582e-01 2.104861587e-01
 2.146948278e-01 2.183991075e-01 2.215239555e-01 2.240249962e-01 2.258926034e-01
 2.271512002e-01 2.278536707e-01 2.280721217e-01 2.278874815e-01 2.273803949e-01
 9.399395436e-02 9.358005971e-02 9.330902249e-02 9.316228330e-02 9.311234951e-02
 9.319785982e-02 9.340688586e-02 9.368789196e-02 9.400635958e-02 9.435702115e-02
 9.474067390e-02 9.516384453e-02 9.563773870e-02 9.617621452e-02 9.679383785e-02
 9.750466049e-02 9.832170606e-02 9.925682843e-02 1.003204584e-01 1.015213430e-01
 1.028664410e-01 1.043614149e-01 1.060116515e-01 1.078230813e-01 1.098017618e-01
 1.119519845e-01 1.142728105e-01 1.167524308e-01 1.193604469e-01 1.220416427e-01
 1.247220412e-01 1.273311973e-01 1.298214644e-01 1.321735382e-01 1.343976706e-01
 1.365365386e-01 1.386619359e-01 1.408546418e-01 1.431798935e-01 1.456795186e-01
 1.483768225e-01 1.512827724e-01 1.544002742e-01 1.577263027e-01 1.612527817e-01
 1.649666727e-01 1.688495874e-01 1.728770882e-01 1.770178974e-01 1.812330931e-01
 1.854755580e-01 1.896898896e-01 1.938133389e-01 1.977777779e-01 2.015132606e-01
 2.049525529e-01 2.080364078e-01 2.107185274e-01 2.129693329e-01 2.147779167e-01
 2.161519229e-01 2.171152532e-01 2.177042514e-01 2.179630995e-01 2.179394364e-01
 9.588125348e-02 9.559897333e-02 9.539116919e-02 9.524316341e-02 9.513822198e-02
 9.512619674e-02 9.521553665e-02 9.540237486e-02 9.568408132e-02 9.601883590e-02
 9.638602287e-02 9.679467976e-02 9.726507962e-02 9.782031924e-02 9.847980738e-02
 9.925859421e-02 1.001693904e-01 1.012239009e-01 1.024328098e-01 1.038042977e-01
 1.053415239e-01 1.070427075e-01 1.089078188e-01 1.109448373e-01 1.131693274e-01
 1.156012937e-01 1.182617396e-01 1.211669594e-01 1.243127882e-01 1.276146472e-01
 1.308232248e-01 1.337417215e-01 1.363034397e-01 1.384815276e-01 1.402690411e-01
 1.417100281e-01 1.430100352e-01 1.444317847e-01 1.460691243e-01 1.479393989e-01
 1.500400901e-01 1.523624808e-01 1.548954248e-01 1.576258093e-01 1.605383605e-01
 1.636149883e-01 1.668341607e-01 1.701703519e-01 1.735937148e-01 1.770697385e-01
 1.805593371e-01 1.840193123e-01 1.874032170e-01 1.906629652e-01 1.937509179e-01
 1.966222525e-01 1.992377639e-01 2.015661895e-01 2.035860717e-01 2.052868307e-01
 2.066687346e-01 2.077419162e-01 2.085247785e-01 2.090417147e-01 2.093208432e-01
 9.743580967e-02 9.731601924e-02 9.723318368e-02 9.716974199e-02 9.711749107e-02
 9.707847983e-02 9.707913548e-02 9.716420621e-02 9.734337032e-02 9.762258083e-02
 9.793148935e-02 9.824586660e-02 9.862389416e-02 9.913622588e-02 9.979557991e-02
 1.006075591e-01 1.015797257e-01 1.027233377e-01 1.040540785e-01 1.055916622e-01
 1.073505282e-01 1.092775986e-01 1.113341302e-01 1.135460138e-01 1.159513220e-01
 1.185957938e-01 1.215360686e-01 1.248471960e-01 1.286396980e-01 1.330748945e-01
 1.371175647e-01 1.404343247e-01 1.431260258e-01 1.451251954e-01 1.463940442e-01
 1.468053609e-01 1.467385441e-01 1.472615153e-01 1.482047737e-01 1.494774520e-01
 1.510253847e-01 1.528133005e-01 1.548155993e-01 1.570110023e-01 1.593793184e-01
 1.618995368e-01 1.645488292e-01 1.673020720e-01 1.701315641e-01 1.730070561e-01
 1.758960187e-01 1.787640452e-01 1.815756261e-01 1.842951179e-01 1.868880540e-01
 1.893225014e-01 1.915704459e-01 1.936091334e-01 1.954219639e-01 1.969990432e-01
 1.983373016e-01 1.994400471e-01 2.003161013e-01 2.009787709e-01 2.014445812e-01
 9.876409918e-02 9.890072793e-02 9.901312739e-02 9.906746447e-02 9.906402230e-02
 9.902877361e-02 9.899653494e-02 9.899663925e-02 9.907313436e-02 9.926788509e-02
 9.949633479e-02 9.969177097e-02 9.994753450e-02 1.004221961e-01 1.010846794e-01
 1.019232646e-01 1.029386669e-01 1.041393504e-01 1.055431813e-01 1.071854159e-01
 1.091304868e-01 1.112198010e-01 1.133591980e-01 1.156190112e-01 1.180582568e-01
 1.207369044e-01 1.237256378e-01 1.271172464e-01 1.310427040e-01 1.356492788e-01
 1.398563832e-01 1.432630420e-01 1.459539831e-01 1.478800476e-01 1.489651650e-01
 1.490551978e-01 1.486083865e-01 1.487321705e-01 1.492753178e-01 1.501360238e-01
 1.512563825e-01 1.526032388e-01 1.541545838e-01 1.558915973e-01 1.577950567e-01
 1.598441005e-01 1.620161831e-01 1.642871052e-01 1.666312814e-01 1.690219641e-01
 1.714314818e-01 1.738315821e-01 1.761940718e-01 1.784913093e-01 1.806970239e-01
 1.827870756e-01 1.847402006e-01 1.865388304e-01 1.881694198e-01 1.896229386e-01
 1.908947974e-01 1.919847131e-01 1.928963065e-01 1.936364323e-01 1.942145973e-01
 0.114397490E+01 0.116480875E+01 0.117925751E+01 0.119664860E+01 0.121474588E+01
 0.123338556E+01 0.125276482E+01 0.127383196E+01 0.129401231E+01 0.131434798E+01
 0.133677471E+01 0.135880005E+01 0.138193369E+01 0.140554333E+01 0.143050158E+01
 0.145590854E+01 0.148192441E+01 0.150902057E+01 0.153713441E+01 0.156607842E+01
 0.159586799E+01 0.162670219E+01 0.165863037E+01 0.169179761E+01 0.172596693E+01
 0.176132047E+01 0.179794288E+01 0.183601201E+01 0.187541795E+01 0.191624856E+01
 0.195866930E+01 0.200262880E+01 0.204836202E+01 0.209591460E+01 0.214534020E+01
 0.219679165E+01 0.225018167E+01 0.230605006E+01 0.236419940E+01 0.242490339E+01
 0.248815441E+01 0.255424547E+01 0.262362027E+01 0.269595170E+01 0.277181816E+01
 0.285138822E+01 0.293515849E+01 0.302289319E+01 0.311528397E+01 0.321299171E+01
 0.331593847E+01 0.342476273E+01 0.354077196E+01 0.366402292E+01 0.379588890E+01
 0.393829060E+01 0.409171867E+01 0.426037502E+01 0.444579935E+01 0.465660524E+01
 0.489783955E+01 0.519234610E+01 0.558347321E+01 0.622061968E+01 0.953652859E+01
   88   86
 0.110269904E+01 0.500000007E-01 0.109713793E+01 0.150000006E+00 0.109652138E+01
 0.250000000E+00 0.110189533E+01 0.349999994E+00 0.110766423E+01 0.400000006E+00
 0.112457371E+01 0.500000000E+00 0.113671052E+01 0.550000012E+00 0.115875006E+01
 0.624762535E+00 0.118531251E+01 0.696876645E+00 0.120814764E+01 0.750000000E+00
 0.123445868E+01 0.800000012E+00 0.126499999E+01 0.845979095E+00 0.129156256E+01
 0.879222572E+00 0.131812501E+01 0.906224430E+00 0.137125003E+01 0.944582343E+00
 0.139781249E+01 0.959208608E+00 0.145093751E+01 0.978159368E+00 0.150406253E+01
 0.987542629E+00 0.155718756E+01 0.989696383E+00 0.161031246E+01 0.985564291E+00
 0.166343749E+01 0.975325227E+00 0.171656251E+01 0.958230257E+00 0.174312496E+01
 0.946485698E+00 0.179624999E+01 0.920672476E+00 0.183004010E+01 0.899999976E+00
 0.187593746E+01 0.868869722E+00 0.190250003E+01 0.847945392E+00 0.195562506E+01
 0.803891778E+00 0.198218751E+01 0.778780878E+00 0.201069713E+01 0.750000000E+00
 0.205436707E+01 0.699999988E+00 0.208843756E+01 0.657116234E+00 0.211500001E+01
 0.618475735E+00 0.214156246E+01 0.574651957E+00 0.216812491E+01 0.524192333E+00
 0.219468760E+01 0.464991242E+00 0.221879864E+01 0.400000006E+00 0.223536658E+01
 0.349999994E+00 0.225010085E+01 0.300000012E+00 0.227152181E+01 0.200000003E+00
 0.227881742E+01 0.150000006E+00 0.228117394E+01 0.500000007E-01 0.227437496E+01
-0.817791559E-02 0.225259352E+01-0.100000001E+00 0.223488021E+01-0.150000006E+00
 0.221391106E+01-0.200000003E+00 0.219020295E+01-0.250000000E+00 0.216401792E+01
-0.300000012E+00 0.213538742E+01-0.349999994E+00 0.210415196E+01-0.400000006E+00
 0.206999540E+01-0.449999988E+00 0.203531241E+01-0.495779812E+00 0.200874996E+01
-0.529293001E+00 0.198218751E+01-0.561033368E+00 0.194691360E+01-0.600000024E+00
 0.190251863E+01-0.648013115E+00 0.187593746E+01-0.675920725E+00 0.184937501E+01
-0.702904105E+00 0.180123639E+01-0.750000000E+00 0.176968753E+01-0.780971587E+00
 0.174312496E+01-0.806516588E+00 0.169651079E+01-0.850000024E+00 0.166343749E+01
-0.881941617E+00 0.163687503E+01-0.906964421E+00 0.158932614E+01-0.949999988E+00
 0.155718756E+01-0.980327547E+00 0.153062499E+01-0.100360334E+01 0.147749996E+01
-0.104442656E+01 0.145093751E+01-0.106630218E+01 0.139781249E+01-0.109308028E+01
 0.136947465E+01-0.110361516E+01 0.135115576E+01-0.110993111E+01 0.134028482E+01
-0.101398897E+01 0.132859671E+01-0.922499955E+00 0.131477368E+01-0.859049857E+00
 0.129605687E+01-0.785744309E+00 0.127736032E+01-0.722499967E+00 0.125834060E+01
-0.664866507E+00 0.123679805E+01-0.602617204E+00 0.121535909E+01-0.539055347E+00
 0.119404697E+01-0.472499996E+00 0.117838264E+01-0.419164449E+00 0.115975320E+01
-0.345542431E+00 0.114466989E+01-0.272500008E+00 0.113205755E+01-0.200000003E+00
 0.112122083E+01-0.122500002E+00 0.110966253E+01-0.224999990E-01 0.110392642E+01
 0.368400626E-01
 0.101600003E+01 0.000000000E+00 0.101600003E+01 0.963999987E+00 0.101600003E+01
 0.967999995E+00 0.101600003E+01 0.100100005E+01 0.101600003E+01 0.101900005E+01
 0.101600003E+01 0.107700002E+01 0.101600003E+01 0.107000005E+01 0.101600003E+01
 0.109599996E+01 0.101600003E+01 0.111300004E+01 0.101600003E+01 0.113800001E+01
 0.101600003E+01 0.114699996E+01 0.101199996E+01 0.116499996E+01 0.100100005E+01
 0.121700001E+01 0.102900004E+01 0.121700001E+01 0.104200006E+01 0.116240001E+01
 0.104600000E+01 0.116237998E+01 0.105599999E+01 0.116260004E+01 0.109700000E+01
 0.116450000E+01 0.110800004E+01 0.116594005E+01 0.111600006E+01 0.116591001E+01
 0.113399994E+01 0.116895998E+01 0.114800000E+01 0.117174995E+01 0.116199994E+01
 0.117556000E+01 0.118099999E+01 0.118299997E+01 0.118200004E+01 0.118350005E+01
 0.118499994E+01 0.118499994E+01 0.119000006E+01 0.118799996E+01 0.119500005E+01
 0.119099998E+01 0.120099998E+01 0.119599998E+01 0.120899999E+01 0.120200002E+01
 0.121500003E+01 0.120799994E+01 0.122200000E+01 0.121399999E+01 0.122800004E+01
 0.122099996E+01 0.123399997E+01 0.123099995E+01 0.123899996E+01 0.123800004E+01
 0.124199998E+01 0.124399996E+01 0.124800003E+01 0.125399995E+01 0.125800002E+01
 0.127800000E+01 0.126300001E+01 0.128999996E+01 0.127999997E+01 0.133099997E+01
 0.127999997E+01 0.134700000E+01 0.127999997E+01 0.134800005E+01 0.130999994E+01
 0.134800005E+01 0.132799995E+01 0.134800005E+01 0.136099994E+01 0.134800005E+01
 0.138000000E+01 0.134800005E+01 0.141900003E+01 0.134800005E+01 0.141900003E+01
 0.130999994E+01 0.137199998E+01 0.130999994E+01 0.137199998E+01 0.129200006E+01
 0.160800004E+01 0.109500003E+01 0.164699996E+01 0.107700002E+01 0.178499997E+01
 0.107700002E+01 0.206999993E+01 0.103999996E+01 0.212800002E+01 0.992999971E+00
 0.224499989E+01 0.708999991E+00 0.232299995E+01 0.518999994E+00 0.237700009E+01
 0.388999999E+00 0.236249995E+01 0.400000006E+00 0.236443496E+01 0.222000003E+00
 0.236496902E+01 0.133000001E+00 0.236532402E+01 0.439999998E-01 0.236512089E+01
-0.439999998E-01 0.236484194E+01-0.133000001E+00 0.236433411E+01-0.222000003E+00
 0.236249995E+01-0.400000006E+00 0.237700009E+01-0.388999999E+00 0.213400006E+01
-0.972999990E+00 0.178600001E+01-0.117400002E+01 0.176800001E+01-0.121099997E+01
 0.176800001E+01-0.125000000E+01 0.168200004E+01-0.125000000E+01 0.137199998E+01
-0.125000000E+01 0.137199998E+01-0.132900000E+01 0.141999996E+01-0.132900000E+01
 0.141999996E+01-0.136300004E+01 0.127300000E+01-0.136300004E+01 0.115300000E+01
-0.136300004E+01 0.101600003E+01-0.122300005E+01 0.101600003E+01-0.122300005E+01
 0.101600003E+01-0.829999983E+00 0.101600003E+01-0.800000012E+00 0.101600003E+01
-0.414999992E+00 0.101600003E+01-0.400000006E+00 0.101600003E+01-0.100000005E-02
 0.101600003E+01 0.000000000E+00
    0 0.169550002E+01    0
 0.000000000E+00 0.847262219E-01 0.120587751E+00 0.148318812E+00 0.171975717E+00
 0.193075225E+00 0.212358758E+00 0.229126453E+00 0.246050343E+00 0.262213588E+00
 0.277730495E+00 0.292697012E+00 0.307031989E+00 0.321025193E+00 0.334735543E+00
 0.348078996E+00 0.361105353E+00 0.373953432E+00 0.386620194E+00 0.399078459E+00
 0.411400795E+00 0.423559815E+00 0.435635895E+00 0.447627902E+00 0.459506720E+00
 0.471342832E+00 0.483094156E+00 0.494832098E+00 0.506533861E+00 0.518210948E+00
 0.529891729E+00 0.541535139E+00 0.553224564E+00 0.564925015E+00 0.576649666E+00
 0.588422060E+00 0.600201368E+00 0.612078846E+00 0.623998165E+00 0.636000574E+00
 0.648068309E+00 0.660214663E+00 0.672493577E+00 0.684845150E+00 0.697337270E+00
 0.709926248E+00 0.722685874E+00 0.735565782E+00 0.748611212E+00 0.761828423E+00
 0.775229394E+00 0.788817823E+00 0.802627623E+00 0.816662073E+00 0.830933154E+00
 0.845485151E+00 0.860328496E+00 0.875485182E+00 0.891021907E+00 0.906985164E+00
 0.923420548E+00 0.940475404E+00 0.958354712E+00 0.977517307E+00 0.100000000E+01
    0
