  EFITD    06/25/2013    #1553453000.0ms  EFIT01   0  65  65
 0.170000005E+01 0.320000005E+01 0.169550002E+01 0.839999974E+00 0.000000000E+00
 0.179551709E+01-0.146328611E-01-0.175352335E+00 0.419580052E-02 0.165786433E+01
 0.101765131E+07-0.175352335E+00 0.000000000E+00 0.179551709E+01 0.000000000E+00
-0.146328611E-01 0.000000000E+00 0.419580052E-02 0.000000000E+00 0.000000000E+00
 0.278154039E+01 0.278327608E+01 0.278494263E+01 0.278654122E+01 0.278807354E+01
 0.278954101E+01 0.279094481E+01 0.279228687E+01 0.279356837E+01 0.279479051E+01
 0.279595494E+01 0.279706311E+01 0.279811645E+01 0.279911613E+01 0.280006385E+01
 0.280096078E+01 0.280180836E+01 0.280260801E+01 0.280336094E+01 0.280406880E+01
 0.280473280E+01 0.280535436E+01 0.280593443E+01 0.280647516E+01 0.280697727E+01
 0.280744219E+01 0.280787158E+01 0.280826664E+01 0.280862856E+01 0.280895877E+01
 0.280925870E+01 0.280952954E+01 0.280977273E+01 0.280998969E+01 0.281018162E+01
 0.281034970E+01 0.281049562E+01 0.281062055E+01 0.281072569E+01 0.281081247E+01
 0.281088233E+01 0.281093645E+01 0.281097627E+01 0.281100297E+01 0.281101799E+01
 0.281102276E+01 0.281101847E+01 0.281100631E+01 0.281098795E+01 0.281096435E+01
 0.281093717E+01 0.281090760E+01 0.281087685E+01 0.281084633E+01 0.281081772E+01
 0.281079173E+01 0.281077003E+01 0.281075406E+01 0.281074476E+01 0.281074381E+01
 0.281075239E+01 0.281077194E+01 0.281080365E+01 0.281084895E+01 0.281090903E+01
 0.874118672E+05 0.849973203E+05 0.826160547E+05 0.802680938E+05 0.779534141E+05
 0.756720391E+05 0.734239531E+05 0.712091562E+05 0.690276562E+05 0.668794531E+05
 0.647645391E+05 0.626829219E+05 0.606345977E+05 0.586195625E+05 0.566378242E+05
 0.546893789E+05 0.527742266E+05 0.508923711E+05 0.490438047E+05 0.472285352E+05
 0.454465586E+05 0.436978711E+05 0.419824805E+05 0.403003789E+05 0.386515781E+05
 0.370360664E+05 0.354538477E+05 0.339049219E+05 0.323892930E+05 0.309069551E+05
 0.294579121E+05 0.280421602E+05 0.266597031E+05 0.253105391E+05 0.239946699E+05
 0.227120918E+05 0.214628086E+05 0.202468184E+05 0.190641230E+05 0.179147188E+05
 0.167986094E+05 0.157157930E+05 0.146662695E+05 0.136500400E+05 0.126671045E+05
 0.117174609E+05 0.108011123E+05 0.991805664E+04 0.906829395E+04 0.825182422E+04
 0.746864893E+04 0.671876709E+04 0.600217822E+04 0.531888281E+04 0.466888086E+04
 0.405217236E+04 0.346875732E+04 0.291863574E+04 0.240180762E+04 0.191827283E+04
 0.146803125E+04 0.105108337E+04 0.667428833E+03 0.317067688E+03 0.000000000E+00
 0.177309597E+01 0.170389092E+01 0.163603818E+01 0.156953788E+01 0.150438976E+01
 0.144059420E+01 0.137815094E+01 0.131706011E+01 0.125732160E+01 0.119893551E+01
 0.114190173E+01 0.108622026E+01 0.103189135E+01 0.978914678E+00 0.927290380E+00
 0.877018452E+00 0.828098953E+00 0.780531764E+00 0.734317005E+00 0.689454556E+00
 0.645944476E+00 0.603786826E+00 0.562981486E+00 0.523528576E+00 0.485427976E+00
 0.448679745E+00 0.413283914E+00 0.379240423E+00 0.346549332E+00 0.315210611E+00
 0.285224259E+00 0.256590247E+00 0.229308620E+00 0.203379378E+00 0.178802490E+00
 0.155577987E+00 0.133705840E+00 0.113186069E+00 0.940186679E-01 0.762036294E-01
 0.597409680E-01 0.446306691E-01 0.308727548E-01 0.184671953E-01 0.741401315E-02
-0.228680670E-02-0.106352456E-01-0.176313259E-01-0.232750252E-01-0.275663547E-01
-0.305053275E-01-0.320919231E-01-0.323261470E-01-0.312080011E-01-0.287374873E-01
-0.249146093E-01-0.197393522E-01-0.132117271E-01-0.533173466E-02 0.390062761E-02
 0.144853620E-01 0.264224652E-01 0.397119373E-01 0.543537810E-01 0.703479946E-01
-0.868661812E+06-0.856748812E+06-0.844835750E+06-0.832922750E+06-0.821009750E+06
-0.809096750E+06-0.797183688E+06-0.785270688E+06-0.773357688E+06-0.761444625E+06
-0.749531625E+06-0.737618625E+06-0.725705625E+06-0.713792625E+06-0.701879562E+06
-0.689966562E+06-0.678053562E+06-0.666140500E+06-0.654227500E+06-0.642314500E+06
-0.630401500E+06-0.618488438E+06-0.606575438E+06-0.594662438E+06-0.582749375E+06
-0.570836375E+06-0.558923375E+06-0.547010312E+06-0.535097312E+06-0.523184312E+06
-0.511271281E+06-0.499358281E+06-0.487445281E+06-0.475532250E+06-0.463619250E+06
-0.451706219E+06-0.439793219E+06-0.427880188E+06-0.415967188E+06-0.404054156E+06
-0.392141125E+06-0.380228125E+06-0.368315094E+06-0.356402094E+06-0.344489062E+06
-0.332576062E+06-0.320663031E+06-0.308750031E+06-0.296837000E+06-0.284924000E+06
-0.273010969E+06-0.261097969E+06-0.249184938E+06-0.237271922E+06-0.225358906E+06
-0.213445891E+06-0.201532875E+06-0.189619859E+06-0.177706844E+06-0.165793828E+06
-0.153880812E+06-0.141967797E+06-0.130054781E+06-0.118141766E+06-0.106228742E+06
 3.529352322e-02 3.263189644e-02 2.992297336e-02 2.712061629e-02 2.419729903e-02
 2.113561705e-02 1.791111007e-02 1.447313558e-02 1.084327791e-02 6.974011660e-03
 2.255238127e-03-4.013920203e-03-1.057851966e-02-1.489507314e-02-1.747231185e-02
-1.851829700e-02-1.807497256e-02-1.608383656e-02-1.235270128e-02-6.467895582e-03
 2.372358926e-03 1.161994040e-02 1.933716610e-02 2.619438246e-02 3.256830201e-02
 3.869217262e-02 4.473344609e-02 5.083398521e-02 5.713780597e-02 6.379626691e-02
 7.008465379e-02 7.577271760e-02 8.094647527e-02 8.556053042e-02 8.958368748e-02
 9.292670339e-02 9.587620199e-02 9.920954704e-02 1.028150916e-01 1.066296101e-01
 1.106194556e-01 1.147661507e-01 1.190565601e-01 1.234772131e-01 1.280117631e-01
 1.326404363e-01 1.373400539e-01 1.420844048e-01 1.468445361e-01 1.515890360e-01
 1.562845409e-01 1.608961523e-01 1.653883010e-01 1.697254926e-01 1.738734692e-01
 1.778002828e-01 1.814774722e-01 1.848811507e-01 1.879928857e-01 1.908002049e-01
 1.932969540e-01 1.954831630e-01 1.973645985e-01 1.989520043e-01 2.002602816e-01
 3.066528961e-02 2.767959051e-02 2.475043014e-02 2.184212208e-02 1.891533844e-02
 1.593251899e-02 1.293300837e-02 9.987214580e-03 7.036858238e-03 3.983927425e-03
 4.371973919e-04-3.727052361e-03-7.793498691e-03-1.078175940e-02-1.256106608e-02
-1.312480215e-02-1.244785078e-02-1.046546921e-02-7.069746964e-03-2.125079278e-03
 4.383525811e-03 1.144734491e-02 1.815222390e-02 2.450127900e-02 3.061155789e-02
 3.660186380e-02 4.258310050e-02 4.866551980e-02 5.497376621e-02 6.164230406e-02
 6.797491014e-02 7.373522222e-02 7.900309563e-02 8.376540989e-02 8.798794448e-02
 9.158013016e-02 9.485706687e-02 9.855844080e-02 1.025798842e-01 1.068555862e-01
 1.113459840e-01 1.160251945e-01 1.208736598e-01 1.258735806e-01 1.310061961e-01
 1.362502128e-01 1.415808648e-01 1.469694823e-01 1.523833126e-01 1.577854902e-01
 1.631353945e-01 1.683892161e-01 1.735008806e-01 1.784234494e-01 1.831106693e-01
 1.875189990e-01 1.916095763e-01 1.953500658e-01 1.987163126e-01 2.016932964e-01
 2.042756081e-01 2.064670771e-01 2.082800269e-01 2.097337693e-01 2.108530402e-01
 2.539210953e-02 2.219292708e-02 1.919336803e-02 1.634514146e-02 1.358520146e-02
 1.108611096e-02 8.831640705e-03 6.765807513e-03 4.846078344e-03 2.869937569e-03
 7.830139948e-04-1.305725193e-03-3.173227888e-03-4.564501811e-03-5.284317769e-03
-5.210019648e-03-4.265174735e-03-2.402418060e-03 3.936957801e-04 4.081455525e-03
 8.521277457e-03 1.347364020e-02 1.869637892e-02 2.403984033e-02 2.944599465e-02
 3.491086513e-02 4.045637697e-02 4.611387104e-02 5.190991983e-02 5.781634897e-02
 6.360600889e-02 6.912957132e-02 7.436585426e-02 7.930883765e-02 8.395500481e-02
 8.832340688e-02 9.259826690e-02 9.703618288e-02 1.016891599e-01 1.065590233e-01
 1.116389856e-01 1.169197410e-01 1.223903075e-01 1.280375421e-01 1.338452548e-01
 1.397932470e-01 1.458564997e-01 1.520044059e-01 1.582001746e-01 1.644004285e-01
 1.705551893e-01 1.766082793e-01 1.824984699e-01 1.881612837e-01 1.935316771e-01
 1.985473037e-01 2.031521350e-01 2.073000073e-01 2.109575272e-01 2.141060531e-01
 2.167422920e-01 2.188776731e-01 2.205363810e-01 2.217526734e-01 2.225676924e-01
 1.898501068e-02 1.559927501e-02 1.272914186e-02 1.030438486e-02 8.214720525e-03
 6.590105128e-03 5.344165023e-03 4.257818218e-03 3.198483028e-03 2.147891093e-03
 1.129065757e-03 2.078735706e-04-5.149418721e-04-9.230897995e-04-9.065186023e-04
-3.755935468e-04 7.334345719e-04 2.456409857e-03 4.798326641e-03 7.729280274e-03
 1.118391566e-02 1.507113408e-02 1.929450408e-02 2.377269045e-02 2.844894677e-02
 3.328912333e-02 3.827362880e-02 4.338714853e-02 4.860711843e-02 5.389333889e-02
 5.918986350e-02 6.444504857e-02 6.962796301e-02 7.473003864e-02 7.976457477e-02
 8.477038145e-02 8.981148899e-02 9.495866299e-02 1.002660319e-01 1.057660580e-01
 1.114756614e-01 1.174019128e-01 1.235451996e-01 1.299003810e-01 1.364570856e-01
 1.431991458e-01 1.501037478e-01 1.571403742e-01 1.642694771e-01 1.714413017e-01
 1.785949469e-01 1.856580079e-01 1.925473958e-01 1.991716027e-01 2.054347992e-01
 2.112426758e-01 2.165092975e-01 2.211641073e-01 2.251579165e-01 2.284666598e-01
 2.310925424e-01 2.330622226e-01 2.344225645e-01 2.352348119e-01 2.355682254e-01
 1.039649360e-02 6.641778629e-03 4.290116951e-03 3.014988266e-03 2.323733177e-03
 2.015287057e-03 1.828084234e-03 1.662836410e-03 1.480722451e-03 1.281336416e-03
 1.092695980e-03 9.649198037e-04 9.635771858e-04 1.161593711e-03 1.630711602e-03
 2.434149384e-03 3.621308133e-03 5.224375054e-03 7.256432436e-03 9.711185470e-03
 1.256497856e-02 1.578156091e-02 1.931885444e-02 2.313565463e-02 2.719608881e-02
 3.147094697e-02 3.593631461e-02 4.057074338e-02 4.535226896e-02 5.025703460e-02
 5.526074022e-02 6.034271047e-02 6.549033523e-02 7.070193440e-02 7.598794252e-02
 8.137031645e-02 8.687977493e-02 9.255056083e-02 9.841492027e-02 1.044995040e-01
 1.108242944e-01 1.174029931e-01 1.242436245e-01 1.313488632e-01 1.387158185e-01
 1.463353187e-01 1.541906446e-01 1.622556299e-01 1.704922765e-01 1.788478494e-01
 1.872518212e-01 1.956130713e-01 2.038186491e-01 2.117352188e-01 2.192148268e-01
 2.261055559e-01 2.322656512e-01 2.375786752e-01 2.419661433e-01 2.453956604e-01
 2.478828281e-01 2.494868636e-01 2.503001988e-01 2.504352927e-01 2.500108480e-01
-3.126703203e-03-8.880018257e-03-8.132285438e-03-5.856947042e-03-4.159321077e-03
-2.798571251e-03-1.706287498e-03-8.395275217e-04-1.571486064e-04 3.867905762e-04
 8.445568383e-04 1.274121460e-03 1.737170387e-03 2.296138788e-03 3.010769375e-03
 3.934742883e-03 5.112834740e-03 6.578864995e-03 8.354653604e-03 1.045009308e-02
 1.286439970e-02 1.558835898e-02 1.860718243e-02 2.190334536e-02 2.545884438e-02
 2.925652079e-02 3.328048438e-02 3.751593083e-02 4.194890335e-02 4.656641558e-02
 5.135728046e-02 5.631346256e-02 6.143160909e-02 6.671420485e-02 7.217002660e-02
 7.781377435e-02 8.366478980e-02 8.974518627e-02 9.607777745e-02 1.026844382e-01
 1.095849499e-01 1.167964563e-01 1.243331134e-01 1.322057843e-01 1.404214501e-01
 1.489821672e-01 1.578835100e-01 1.671119034e-01 1.766408831e-01 1.864258349e-01
 1.963968277e-01 2.064500004e-01 2.164385468e-01 2.261672169e-01 2.353965640e-01
 2.438625842e-01 2.513106465e-01 2.575316131e-01 2.623896003e-01 2.658379674e-01
 2.679245770e-01 2.687822282e-01 2.686028481e-01 2.676017880e-01 2.659865916e-01
-1.314350124e-02-2.003257163e-02-1.784336194e-02-1.306514908e-02-9.400736541e-03
-6.566101685e-03-4.351486452e-03-2.613606397e-03-1.244575484e-03-1.548819710e-04
 7.350266678e-04 1.498580095e-03 2.204677323e-03 2.917881124e-03 3.697811160e-03
 4.598130006e-03 5.665368866e-03 6.937777624e-03 8.444754407e-03 1.020699460e-02
 1.223741006e-02 1.454241388e-02 1.712336019e-02 1.997797191e-02 2.310163528e-02
 2.648846060e-02 3.013204411e-02 3.402599692e-02 3.816437721e-02 4.254216701e-02
 4.715589061e-02 5.200431868e-02 5.708914623e-02 6.241553649e-02 6.799235940e-02
 7.383203506e-02 7.995016128e-02 8.636476099e-02 9.309552610e-02 1.001631096e-01
 1.075885966e-01 1.153931469e-01 1.235977709e-01 1.322231144e-01 1.412891448e-01
 1.508145332e-01 1.608154029e-01 1.713031828e-01 1.822807938e-01 1.937360764e-01
 2.056308240e-01 2.178829014e-01 2.303383946e-01 2.427346557e-01 2.546688616e-01
 2.656239271e-01 2.750868201e-01 2.826609612e-01 2.881022692e-01 2.913306952e-01
 2.924550474e-01 2.917874753e-01 2.897720337e-01 2.868493795e-01 2.833773494e-01
-1.714175753e-02-2.437251247e-02-2.151643671e-02-1.600461081e-02-1.155011076e-02
-7.989109494e-03-5.173891317e-03-2.968163230e-03-1.250984380e-03 8.434095071e-05
 1.132424455e-03 1.976948464e-03 2.693380928e-03 3.350407351e-03 4.010788165e-03
 4.731842782e-03 5.565295927e-03 6.555138156e-03 7.737026550e-03 9.138462134e-03
 1.078068838e-02 1.267997175e-02 1.484819036e-02 1.729339734e-02 2.002054080e-02
 2.303241380e-02 2.633049898e-02 2.991554700e-02 3.378810734e-02 3.794903308e-02
 4.240003601e-02 4.714418948e-02 5.218641832e-02 5.753383040e-02 6.319599599e-02
 6.918502599e-02 7.551553100e-02 8.220449090e-02 8.927116543e-02 9.673692286e-02
 1.046252623e-01 1.129619926e-01 1.217754409e-01 1.310969442e-01 1.409613341e-01
 1.514074951e-01 1.624789387e-01 1.742240041e-01 1.866954565e-01 1.999483556e-01
 2.140341401e-01 2.289858758e-01 2.447817028e-01 2.612590492e-01 2.779177725e-01
 2.932991385e-01 3.061159849e-01 3.158235848e-01 3.220757246e-01 3.246625960e-01
 3.235555589e-01 3.194539845e-01 3.139177263e-01 3.077811599e-01 3.015314639e-01
-1.588412561e-02-2.307952940e-02-2.033734694e-02-1.472945511e-02-1.015037578e-02
-6.493608933e-03-3.633618355e-03-1.440894092e-03 2.076578967e-04 1.424813410e-03
 2.314138226e-03 2.958627418e-03 3.434321145e-03 3.810294671e-03 4.150148947e-03
 4.514855798e-03 4.968307447e-03 5.561629310e-03 6.335387472e-03 7.316504605e-03
 8.529479615e-03 9.997879155e-03 1.174172200e-02 1.377652586e-02 1.611327007e-02
 1.876040921e-02 2.172519080e-02 2.501377650e-02 2.863139845e-02 3.258292377e-02
 3.687344119e-02 4.150874168e-02 4.649570957e-02 5.184268951e-02 5.755977333e-02
 6.365904957e-02 7.015480101e-02 7.706371695e-02 8.440507948e-02 9.220110625e-02
 1.004773453e-01 1.092632711e-01 1.185931489e-01 1.285071671e-01 1.390529573e-01
 1.502877623e-01 1.622812003e-01 1.751192361e-01 1.889096349e-01 2.037900388e-01
 2.199401259e-01 2.376018465e-01 2.571173608e-01 2.790205479e-01 3.037632108e-01
 3.261236250e-01 3.437712789e-01 3.565800190e-01 3.642784059e-01 3.662376404e-01
 3.622556627e-01 3.514448404e-01 3.395309448e-01 3.285884559e-01 3.187153637e-01
-1.006920263e-02-1.707329601e-02-1.457112469e-02-9.247580543e-03-5.058152601e-03
-1.869492466e-03 4.863982904e-04 2.164163627e-03 3.297037911e-03 3.995365463e-03
 4.408289678e-03 4.567379598e-03 4.547945224e-03 4.413238261e-03 4.217012320e-03
 4.004043061e-03 3.905392718e-03 3.970491700e-03 4.254728090e-03 4.744021688e-03
 5.460634362e-03 6.444470026e-03 7.726702839e-03 9.330105968e-03 1.126428880e-02
 1.353861019e-02 1.616558991e-02 1.915619336e-02 2.251837030e-02 2.625884674e-02
 3.038450144e-02 3.490244597e-02 3.982033953e-02 4.514680058e-02 5.089173093e-02
 5.706661195e-02 6.368486583e-02 7.076224685e-02 7.831723243e-02 8.637160063e-02
 9.495100379e-02 1.040859222e-01 1.138127819e-01 1.241755486e-01 1.352278590e-01
 1.470359713e-01 1.596830189e-01 1.732748002e-01 1.879487485e-01 2.038870156e-01
 2.213373631e-01 2.406467348e-01 2.623163164e-01 2.870818079e-01 3.159553111e-01
 3.455412984e-01 3.685021102e-01 3.847332001e-01 3.943707347e-01 3.973084688e-01
 3.925898969e-01 3.796752095e-01 3.609324098e-01 3.450829685e-01 3.318049908e-01
 4.866786185e-04-6.285442039e-03-3.632633481e-03 8.787279949e-04 3.935489804e-03
 5.936593749e-03 7.157186046e-03 7.790504023e-03 7.975662127e-03 7.818266749e-03
 7.404642180e-03 6.796861067e-03 6.049158983e-03 5.208765622e-03 4.316881765e-03
 3.409433179e-03 2.621331718e-03 1.998117426e-03 1.581294811e-03 1.403579605e-03
 1.499489415e-03 1.907081809e-03 2.666858258e-03 3.824952058e-03 5.343396682e-03
 7.220456377e-03 9.490707889e-03 1.217492390e-02 1.527731959e-02 1.880160905e-02
 2.275616676e-02 2.714836039e-02 3.198520839e-02 3.727458417e-02 4.302516580e-02
 4.924672097e-02 5.595063418e-02 6.315037608e-02 7.086199522e-02 7.910468429e-02
 8.790146559e-02 9.728003293e-02 1.072738841e-01 1.179237887e-01 1.292797774e-01
 1.414037347e-01 1.543730944e-01 1.682856083e-01 1.832663268e-01 1.994769275e-01
 2.171286643e-01 2.364992797e-01 2.579530478e-01 2.819599807e-01 3.091081381e-01
 3.399211168e-01 3.661320508e-01 3.849418461e-01 3.966061771e-01 4.012075663e-01
 3.989322484e-01 3.888115585e-01 3.706630766e-01 3.520889878e-01 3.372095525e-01
 1.935433783e-02 1.393042877e-02 1.463934779e-02 1.630487666e-02 1.674076170e-02
 1.653576270e-02 1.591378637e-02 1.498915721e-02 1.383357588e-02 1.249902230e-02
 1.102695335e-02 9.451575577e-03 7.803016808e-03 6.108729634e-03 4.394306801e-03
 2.684297971e-03 1.109575271e-03-2.861334942e-04-1.460864558e-03-2.374818316e-03
-2.989270724e-03-3.266359214e-03-3.170089796e-03-2.668721369e-03-1.740619307e-03
-3.612603759e-04 1.501656836e-03 3.887497121e-03 6.739343517e-03 1.003975049e-02
 1.381881442e-02 1.808180287e-02 2.283082157e-02 2.807333320e-02 3.381576762e-02
 4.006449506e-02 4.682727903e-02 5.411371589e-02 6.193563342e-02 7.030749321e-02
 7.924686372e-02 8.877505362e-02 9.891783446e-02 1.097064093e-01 1.211785674e-01
 1.333801299e-01 1.463667303e-01 1.602058560e-01 1.749791354e-01 1.907847375e-01
 2.077391595e-01 2.259776443e-01 2.456517369e-01 2.669240236e-01 2.899674177e-01
 3.150213361e-01 3.406080306e-01 3.590062261e-01 3.711570203e-01 3.775575161e-01
 3.779903948e-01 3.729321957e-01 3.615849316e-01 3.454405963e-01 3.324791491e-01
 4.625212774e-02 4.437506571e-02 3.949510306e-02 3.498194739e-02 3.149594367e-02
 2.845142409e-02 2.561607398e-02 2.288283221e-02 2.019790001e-02 1.753385738e-02
 1.487782970e-02 1.222552825e-02 9.578136727e-03 6.940416526e-03 4.319342319e-03
 1.741843531e-03-6.799509283e-04-2.903440269e-03-4.886759911e-03-6.588882767e-03
-7.969692349e-03-8.990214206e-03-9.613100439e-03-9.803275578e-03-9.528381750e-03
-8.757548407e-03-7.461467292e-03-5.615119822e-03-3.204319160e-03-2.101049758e-04
 3.399362788e-03 7.549646776e-03 1.220788807e-02 1.740390994e-02 2.313845977e-02
 2.940935269e-02 3.621941060e-02 4.357302189e-02 5.147651955e-02 5.993808806e-02
 6.896793097e-02 7.857850194e-02 8.878479153e-02 9.960456192e-02 1.110586226e-01
 1.231708899e-01 1.359682679e-01 1.494799405e-01 1.637358516e-01 1.787635535e-01
 1.945821792e-01 2.111919522e-01 2.285550684e-01 2.465610057e-01 2.649583519e-01
 2.832063138e-01 3.002137840e-01 3.145444989e-01 3.253392279e-01 3.323263824e-01
 3.354947567e-01 3.350220919e-01 3.313834071e-01 3.256192207e-01 3.191948235e-01
 6.517549604e-02 6.437050551e-02 5.781289190e-02 5.072335899e-02 4.472452775e-02
 3.948325291e-02 3.475951031e-02 3.039054945e-02 2.626801841e-02 2.231951803e-02
 1.849637926e-02 1.476594899e-02 1.110676397e-02 7.505630609e-03 3.956283443e-03
 4.831017286e-04-2.810209757e-03-5.884812213e-03-8.700232022e-03-1.121561695e-02
-1.339039393e-02-1.518467534e-02-1.655958965e-02-1.747756451e-02-1.790252142e-02
-1.779999770e-02-1.713752933e-02-1.588551514e-02-1.401811652e-02-1.151274145e-02
-8.352074772e-03-4.531877581e-03-4.473864101e-05 5.127550103e-03 1.088655554e-02
 1.719351113e-02 2.405867353e-02 3.148001805e-02 3.945885971e-02 4.799656197e-02
 5.709525198e-02 6.675769389e-02 7.698719203e-02 8.778733015e-02 9.916149080e-02
 1.111121327e-01 1.236393601e-01 1.367388517e-01 1.503985971e-01 1.645938009e-01
 1.792794168e-01 1.943787783e-01 2.097675800e-01 2.252511382e-01 2.405371219e-01
 2.552136779e-01 2.687650323e-01 2.806578875e-01 2.904641330e-01 2.979334593e-01
 3.030029535e-01 3.057901859e-01 3.065899611e-01 3.058473170e-01 3.040668964e-01
 7.718031853e-02 7.664398104e-02 7.005088776e-02 6.207333133e-02 5.486850813e-02
 4.831996933e-02 4.229812697e-02 3.668799996e-02 3.139521182e-02 2.634535544e-02
 2.148093842e-02 1.675795205e-02 1.214271132e-02 7.609036751e-03 3.135513747e-03
-1.195864636e-03-5.339846946e-03-9.253214113e-03-1.289361157e-02-1.621926203e-02
-1.918896288e-02-2.176217176e-02-2.389909513e-02-2.556079812e-02-2.670931071e-02
-2.730777487e-02-2.732071653e-02-2.671444230e-02-2.545757219e-02-2.352159843e-02
-2.088187449e-02-1.751879975e-02-1.341739018e-02-8.569282480e-03-2.980021061e-03
 3.351194784e-03 1.030264888e-02 1.781032607e-02 2.588230744e-02 3.451054916e-02
 4.368968308e-02 5.341307446e-02 6.367316842e-02 7.446085662e-02 8.576479554e-02
 9.757023305e-02 1.098574102e-01 1.225992367e-01 1.357580870e-01 1.492816508e-01
 1.630973965e-01 1.771059334e-01 1.911734939e-01 2.051248103e-01 2.187394500e-01
 2.317564338e-01 2.438920736e-01 2.548716366e-01 2.644664645e-01 2.725239992e-01
 2.789847851e-01 2.838854194e-01 2.873499990e-01 2.895681560e-01 2.907619178e-01
 8.553583175e-02 8.512805402e-02 7.824873924e-02 6.983977556e-02 6.201633811e-02
 5.471712723e-02 4.786846414e-02 4.139502719e-02 3.522706777e-02 2.930361591e-02
 2.357314341e-02 1.799294166e-02 1.252791192e-02 7.149199024e-03 1.832789625e-03
-3.326331498e-03-8.286384866e-03-1.300496981e-02-1.743976958e-02-2.154888213e-02
-2.529096790e-02-2.862532437e-02-3.151188791e-02-3.391122073e-02-3.578449413e-02
-3.709354624e-02-3.780096024e-02-3.787030652e-02-3.726647422e-02-3.595620394e-02
-3.390876949e-02-3.109690920e-02-2.749792859e-02-2.309538797e-02-1.788140461e-02
-1.185823604e-02-5.045069847e-03 2.543498063e-03 1.075956877e-02 1.951872185e-02
 2.882206626e-02 3.865231201e-02 4.899308085e-02 5.982504413e-02 7.112574577e-02
 8.286875486e-02 9.502217174e-02 1.075467169e-01 1.203934401e-01 1.335009784e-01
 1.467925906e-01 1.601731777e-01 1.735267788e-01 1.867157072e-01 1.995821446e-01
 2.119538039e-01 2.236540616e-01 2.345156223e-01 2.443954647e-01 2.531877160e-01
 2.608319819e-01 2.673158646e-01 2.726712227e-01 2.769656181e-01 2.802897096e-01
 9.079099447e-02 9.038793296e-02 8.328686655e-02 7.467233390e-02 6.654497981e-02
 5.884031579e-02 5.149728805e-02 4.445793480e-02 3.766964003e-02 3.108563460e-02
 2.466489561e-02 1.837184094e-02 1.217593439e-02 6.051291246e-03-2.371321898e-05
-5.939313211e-03-1.165199652e-02-1.711826213e-02-2.229506709e-02-2.714011446e-02
-3.161194921e-02-3.566991910e-02-3.927410394e-02-4.238515347e-02-4.496414959e-02
-4.697251320e-02-4.837193713e-02-4.912446812e-02-4.919269308e-02-4.854007438e-02
-4.713153094e-02-4.493422434e-02-4.191866517e-02-3.806016222e-02-3.334065899e-02
-2.775089070e-02-2.129302360e-02-1.398264337e-02-5.856437609e-03 3.050320782e-03
 1.255863439e-02 2.257163450e-02 3.307788819e-02 4.404815659e-02 5.545181409e-02
 6.725575775e-02 7.942245156e-02 9.190835059e-02 1.046624705e-01 1.176248565e-01
 1.307252198e-01 1.438818276e-01 1.570010185e-01 1.699776798e-01 1.826971322e-01
 1.950387061e-01 2.068807185e-01 2.181066722e-01 2.286113948e-01 2.383064926e-01
 2.471239120e-01 2.550174594e-01 2.619622350e-01 2.679525614e-01 2.729990780e-01
 9.291093051e-02 9.233305603e-02 8.548035473e-02 7.693196088e-02 6.879281253e-02
 6.096553430e-02 5.338557437e-02 4.600933939e-02 3.880191222e-02 3.173236549e-02
 2.477228269e-02 1.789544336e-02 1.107799355e-02 4.299030639e-03-2.437087009e-03
-9.020982310e-03-1.540609263e-02-2.154646814e-02-2.739741839e-02-3.291572258e-02
-3.805958107e-02-4.278843105e-02-4.706270993e-02-5.084354803e-02-5.409247428e-02
-5.677118152e-02-5.884132162e-02-6.026440486e-02-6.100183725e-02-6.101509184e-02
-6.026611850e-02-5.871793628e-02-5.633554608e-02-5.308717489e-02-4.894581437e-02
-4.389121011e-02-3.791220486e-02-3.100945801e-02-2.319868468e-02-1.451323554e-02
-5.012630019e-03 5.240538623e-03 1.603116468e-02 2.726147324e-02 3.889652714e-02
 5.090340972e-02 6.324434280e-02 7.587662339e-02 8.875233680e-02 1.018178761e-01
 1.150133535e-01 1.282723397e-01 1.415217966e-01 1.546825320e-01 1.676703095e-01
 1.803973466e-01 1.927743107e-01 2.047123015e-01 2.161245197e-01 2.269274741e-01
 2.370413244e-01 2.463898510e-01 2.549006939e-01 2.625068128e-01 2.691497803e-01
 9.217441827e-02 9.107846767e-02 8.473437279e-02 7.696230710e-02 6.920558959e-02
 6.149695814e-02 5.386058986e-02 4.630116746e-02 3.881300613e-02 3.138452023e-02
 2.400061674e-02 1.664402336e-02 9.295806289e-03 1.934953034e-03-5.354901776e-03
-1.251289435e-02-1.948420331e-02-2.621821500e-02-3.266762570e-02-3.878788650e-02
-4.453673959e-02-4.987375438e-02-5.475989729e-02-5.915705115e-02-6.302759796e-02
-6.633400917e-02-6.903850287e-02-7.110281289e-02-7.248805463e-02-7.315474004e-02
-7.306297123e-02-7.217289507e-02-7.044532150e-02-6.784275174e-02-6.433066726e-02
-5.987920985e-02-5.446530133e-02-4.807514697e-02-4.070717841e-02-3.237534314e-02
-2.311284840e-02-1.297489367e-02-2.047148999e-03 9.579155594e-03 2.157237940e-02
 3.392425179e-02 4.659682885e-02 5.954920873e-02 7.273830473e-02 8.611866087e-02
 9.964206815e-02 1.132573560e-01 1.269103289e-01 1.405439377e-01 1.540984660e-01
 1.675117910e-01 1.807193458e-01 1.936534345e-01 2.062417716e-01 2.184049338e-01
 2.300525308e-01 2.410791367e-01 2.513614297e-01 2.607594430e-01 2.691258192e-01
 9.094909579e-02 8.943548799e-02 8.350492269e-02 7.615315914e-02 6.863082945e-02
 6.100705639e-02 5.333581567e-02 4.564436525e-02 3.794305772e-02 3.023208864e-02
 2.250542305e-02 1.475313399e-02 6.962886080e-03-8.791176369e-04-8.658127859e-03
-1.631499641e-02-2.379407361e-02-3.104343638e-02-3.801475465e-02-4.466294125e-02
-5.094571039e-02-5.682307482e-02-6.225677207e-02-6.720969081e-02-7.164536417e-02
-7.552737743e-02-7.881899178e-02-8.148270100e-02-8.347997069e-02-8.477116376e-02
-8.531547338e-02-8.507122844e-02-8.399628848e-02-8.204879612e-02-7.918822765e-02
-7.537676394e-02-7.058112323e-02-6.477477401e-02-5.794066191e-02-5.007435009e-02
-4.118757322e-02-3.131208569e-02-2.050379477e-02-8.845616132e-03 3.544212319e-03
 1.638332941e-02 2.953832783e-02 4.296737537e-02 5.663293600e-02 7.049895078e-02
 8.452971280e-02 9.868942201e-02 1.129421219e-01 1.272517592e-01 1.415821314e-01
 1.558965296e-01 1.701568067e-01 1.843214184e-01 1.983416826e-01 2.121557891e-01
 2.256792188e-01 2.387911528e-01 2.513172626e-01 2.630149424e-01 2.735793889e-01
 9.043809772e-02 8.879990131e-02 8.273432404e-02 7.521714270e-02 6.760443747e-02
 5.990745500e-02 5.213756487e-02 4.430403188e-02 3.641112521e-02 2.845812961e-02
 2.044030093e-02 1.235011872e-02 4.178714938e-03-4.063033499e-03-1.225267164e-02
-2.033038065e-02-2.823955566e-02-3.592744842e-02-4.334521294e-02-5.044767261e-02
-5.719286203e-02-6.354145706e-02-6.945618987e-02-7.490114123e-02-7.984116673e-02
-8.424123377e-02-8.806589991e-02-9.127879143e-02-9.384223819e-02-9.571699053e-02
-9.686209261e-02-9.723494947e-02-9.679152071e-02-9.548687935e-02-9.327592701e-02
-9.011457115e-02-8.596118540e-02-8.077855408e-02-7.453632355e-02-6.721390784e-02
-5.880403146e-02-4.931674153e-02-3.878403828e-02-2.726504579e-02-1.485222392e-02
-1.677913824e-03 1.211341284e-02 2.615598403e-02 4.042796046e-02 5.490689352e-02
 6.957104057e-02 8.440020680e-02 9.937646985e-02 1.144846901e-01 1.297130138e-01
 1.450530142e-01 1.604992300e-01 1.760479808e-01 1.916942149e-01 2.074254304e-01
 2.232102901e-01 2.389770299e-01 2.545725703e-01 2.696783245e-01 2.836443484e-01
 8.967518806e-02 8.792062104e-02 8.150564879e-02 7.384897768e-02 6.612064689e-02
 5.831279233e-02 5.042245612e-02 4.244604334e-02 3.437873721e-02 2.621411718e-02
 1.794396713e-02 9.557948448e-03 1.042541582e-03-7.512163371e-03-1.603351720e-02
-2.445635945e-02-3.272146359e-02-4.077481106e-02-4.856709018e-02-5.605321005e-02
-6.319169700e-02-6.994409114e-02-7.627419382e-02-8.214741200e-02-8.753003925e-02
-9.238851815e-02-9.668887407e-02-1.003960967e-01-1.034736708e-01-1.058831736e-01
-1.075840518e-01-1.085334569e-01-1.086863652e-01-1.079958379e-01-1.064135656e-01
-1.038907170e-01-1.003791392e-01-9.583296627e-02-9.021075070e-02-8.347807825e-02
-7.561076432e-02-6.659869105e-02-5.645013601e-02-4.519658536e-02-3.289765492e-02
-1.964541152e-02-5.566622596e-03 9.169956669e-03 2.413007990e-02 3.930022568e-02
 5.466965958e-02 7.023148239e-02 8.598370850e-02 1.019305661e-01 1.180837825e-01
 1.344641149e-01 1.511028558e-01 1.680434495e-01 1.853429675e-01 2.030730695e-01
 2.213200182e-01 2.401817441e-01 2.597561777e-01 2.800756395e-01 3.001416028e-01
 8.802556992e-02 8.609876782e-02 7.972174138e-02 7.196616381e-02 6.414658576e-02
 5.625082552e-02 4.826421663e-02 4.017286375e-02 3.196407855e-02 2.362621948e-02
 1.514849626e-02 6.521286443e-03-2.262084279e-03-1.108438335e-02-1.987939328e-02
-2.858398855e-02-3.713951632e-02-4.549219459e-02-5.359302089e-02-6.139741465e-02
-6.886466593e-02-7.595728338e-02-8.264028281e-02-8.888039738e-02-9.464538842e-02
-9.990322590e-02-1.046214551e-01-1.087665409e-01-1.123032868e-01-1.151943952e-01
-1.174000502e-01-1.188777387e-01-1.195821241e-01-1.194651723e-01-1.184764951e-01
-1.165639088e-01-1.136743948e-01-1.097554117e-01-1.047566533e-01-9.863234311e-02
-9.134410322e-02-8.286439627e-02-7.318074256e-02-6.230028719e-02-5.025505275e-02
-3.710726649e-02-2.295482345e-02-7.936932147e-03 7.761304267e-03 2.366234548e-02
 3.976301476e-02 5.606591329e-02 7.258092612e-02 8.932705224e-02 1.063347310e-01
 1.236486286e-01 1.413313597e-01 1.594684869e-01 1.781753302e-01 1.976069063e-01
 2.179728746e-01 2.395625710e-01 2.627928555e-01 2.883149981e-01 3.149432540e-01
 8.585464209e-02 8.375549316e-02 7.730676979e-02 6.950406730e-02 6.166171655e-02
 5.374542624e-02 4.572322592e-02 3.757058829e-02 2.926858328e-02 2.080157213e-02
 1.215522923e-02 3.314611968e-03-5.656134803e-03-1.468044054e-02-2.368811332e-02
-3.261461481e-02-4.140090942e-02-4.999331757e-02-5.834325776e-02-6.640680134e-02
-7.414408773e-02-8.151867986e-02-8.849677444e-02-9.504645318e-02-1.011368781e-01
-1.067375243e-01-1.118174493e-01-1.163445935e-01-1.202851683e-01-1.236031130e-01
-1.262596548e-01-1.282129586e-01-1.294179112e-01-1.298261136e-01-1.293860227e-01
-1.280432940e-01-1.257415414e-01-1.224233434e-01-1.180316880e-01-1.125119254e-01
-1.058143452e-01-9.789730608e-02-8.873108774e-02-7.830251753e-02-6.662014872e-02
-5.372011662e-02-3.967229277e-02-2.458657138e-02-8.618541062e-03 8.026099764e-03
 2.485058084e-02 4.186203331e-02 5.907612294e-02 7.651922852e-02 9.423112124e-02
 1.122683585e-01 1.307087988e-01 1.496579796e-01 1.692580879e-01 1.897008866e-01
 2.112459242e-01 2.342449725e-01 2.591702938e-01 2.866329551e-01 3.160043955e-01
 8.309381455e-02 8.082314581e-02 7.405991852e-02 6.637194008e-02 5.866942182e-02
 5.085763708e-02 4.289222136e-02 3.474886715e-02 2.641165629e-02 1.786817051e-02
 9.107239544e-03 1.174299832e-04-9.004343301e-03-1.818521693e-02-2.735638246e-02
-3.645396233e-02-4.541939870e-02-5.419955030e-02-6.274645776e-02-7.101695985e-02
-7.897212356e-02-8.657652885e-02-9.379751980e-02-1.006044522e-01-1.069678068e-01
-1.128584743e-01-1.182469279e-01-1.231025532e-01-1.273929626e-01-1.310833991e-01
-1.341362447e-01-1.365105957e-01-1.381619424e-01-1.390420794e-01-1.390990019e-01
-1.382772326e-01-1.365182698e-01-1.337613463e-01-1.299446672e-01-1.250070781e-01
-1.188902259e-01-1.115415096e-01-1.029175892e-01-9.298878908e-02-8.174423873e-02
-6.919781119e-02-5.539458990e-02-4.041774571e-02-2.439517342e-02-7.505350281e-03
 1.001850236e-02 2.768485807e-02 4.550812021e-02 6.351321191e-02 8.173835278e-02
 1.002373248e-01 1.190826595e-01 1.383705586e-01 1.582279503e-01 1.788228154e-01
 2.003796250e-01 2.232026756e-01 2.477129549e-01 2.745017111e-01 3.031428158e-01
 7.812413573e-02 7.523665577e-02 6.957504898e-02 6.264864653e-02 5.535106361e-02
 4.777540267e-02 3.994402289e-02 3.186327219e-02 2.353338152e-02 1.495180931e-02
 6.115231663e-03-2.977907658e-03-1.220714301e-02-2.150131762e-02-3.079247288e-02
-4.001726955e-02-4.911766201e-02-5.804105103e-02-6.674014777e-02-7.517256588e-02
-8.330021054e-02-9.108864516e-02-9.850630164e-02-1.055236459e-01-1.121123806e-01
-1.182446778e-01-1.238923222e-01-1.290260255e-01-1.336147487e-01-1.376250088e-01
-1.410203725e-01-1.437610388e-01-1.458033323e-01-1.470995694e-01-1.475979239e-01
-1.472424716e-01-1.459736079e-01-1.437285244e-01-1.404422671e-01-1.360491365e-01
-1.304846257e-01-1.236879304e-01-1.156053543e-01-1.061943695e-01-9.542858601e-02
-8.330363035e-02-6.984375417e-02-5.510903895e-02-3.920284286e-02-2.227885276e-02
-4.547062796e-03 1.372239366e-02 3.206726536e-02 5.050184578e-02 6.905577332e-02
 8.776970208e-02 1.066952497e-01 1.258963645e-01 1.454513818e-01 1.654555798e-01
 1.860243082e-01 2.072979063e-01 2.294542342e-01 2.527637482e-01 2.772223353e-01
 7.461245358e-02 7.148690522e-02 6.590349972e-02 5.926745385e-02 5.223027989e-02
 4.483783245e-02 3.712305054e-02 2.910396457e-02 2.078848891e-02 1.217783988e-02
 3.267992986e-03-5.875289906e-03-1.516946312e-02-2.453865483e-02-3.391299024e-02
-4.322851077e-02-5.242718011e-02-6.145676225e-02-7.027050853e-02-7.882673293e-02
-8.708812296e-02-9.502112120e-02-1.025950760e-01-1.097814813e-01-1.165531278e-01
-1.228832603e-01-1.287448704e-01-1.341098398e-01-1.389483660e-01-1.432281584e-01
-1.469139904e-01-1.499671042e-01-1.523448676e-01-1.540003419e-01-1.548821926e-01
-1.549346596e-01-1.540977359e-01-1.523075998e-01-1.494973898e-01-1.455985308e-01
-1.405422837e-01-1.342621297e-01-1.266967803e-01-1.177940965e-01-1.075157747e-01
-9.584303200e-02-8.278321475e-02-6.837712973e-02-5.270690098e-02-3.590387478e-02
-1.815619133e-02 2.843752154e-04 1.909575611e-02 3.785167634e-02 5.658899993e-02
 7.533607632e-02 9.411900491e-02 1.129626334e-01 1.318885386e-01 1.509096324e-01
 1.700195074e-01 1.891710162e-01 2.082310617e-01 2.268814296e-01 2.444541603e-01
 7.223977894e-02 6.899739057e-02 6.324688345e-02 5.660785362e-02 4.962002113e-02
 4.228947312e-02 3.462613374e-02 2.663755044e-02 1.832761429e-02 9.696555324e-03
 7.413354469e-04-8.446482010e-03-1.778824255e-02-2.720955759e-02-3.664127737e-02
-4.601999000e-02-5.528819188e-02-6.439422816e-02-7.329197973e-02-8.194043487e-02
-9.030301869e-02-9.834694117e-02-1.060423702e-01-1.133616641e-01-1.202785075e-01
-1.267671287e-01-1.328014880e-01-1.383545399e-01-1.433975101e-01-1.478992254e-01
-1.518255472e-01-1.551387608e-01-1.577972174e-01-1.597548723e-01-1.609611362e-01
-1.613607109e-01-1.608936787e-01-1.594959348e-01-1.570997387e-01-1.536347568e-01
-1.490296572e-01-1.432141066e-01-1.361216456e-01-1.276932210e-01-1.178818047e-01
-1.066577211e-01-9.401516616e-02-7.997938246e-02-6.461436301e-02-4.803055152e-02
-3.039134666e-02-1.191674452e-02 7.119387854e-03 2.605482005e-02 4.486493766e-02
 6.354288757e-02 8.208480477e-02 1.004822031e-01 1.187157258e-01 1.367474794e-01
 1.545101553e-01 1.718915999e-01 1.887149811e-01 2.047207206e-01 2.195693105e-01
 7.022690028e-02 6.687211990e-02 6.116963923e-02 5.450478196e-02 4.751173034e-02
 4.019021615e-02 3.253908455e-02 2.455733344e-02 1.624326780e-02 7.593934424e-03
-1.395198517e-03-1.061531715e-02-1.998973638e-02-2.944568545e-02-3.891525418e-02
-4.833601043e-02-5.765127763e-02-6.681011617e-02-7.576710731e-02-8.448186517e-02
-9.291849285e-02-1.010448411e-01-1.088317707e-01-1.162523478e-01-1.232809946e-01
-1.298927218e-01-1.360623240e-01-1.417635977e-01-1.469686627e-01-1.516472846e-01
-1.557662338e-01-1.592888087e-01-1.621742398e-01-1.643773913e-01-1.658484489e-01
-1.665327400e-01-1.663708240e-01-1.652987003e-01-1.632483602e-01-1.601486951e-01
-1.559268832e-01-1.505102813e-01-1.438290775e-01-1.358196735e-01-1.264289767e-01
-1.156196967e-01-1.033766866e-01-8.971412480e-02-7.468356192e-02-5.838239193e-02
-4.096245393e-02-2.263850160e-02-3.697291948e-03 1.548917778e-02 3.437952325e-02
 5.298405513e-02 7.129507512e-02 8.929168433e-02 1.069387123e-01 1.241831854e-01
 1.409493834e-01 1.571337432e-01 1.726014316e-01 1.871881187e-01 2.007101774e-01
 6.876080483e-02 6.533519179e-02 5.955663696e-02 5.286128819e-02 4.585703462e-02
 3.853469715e-02 3.088638373e-02 2.290557884e-02 1.458668709e-02 5.924399942e-03
-3.087055404e-03-1.232665777e-02-2.171983942e-02-3.119548969e-02-4.068697244e-02
-5.013285205e-02-5.947725102e-02-6.866991520e-02-7.766600698e-02-8.642569184e-02
-9.491360933e-02-1.030981168e-01-1.109506190e-01-1.184447035e-01-1.255553663e-01
-1.322582066e-01-1.385286450e-01-1.443411559e-01-1.496685445e-01-1.544813365e-01
-1.587470621e-01-1.624297798e-01-1.654895395e-01-1.678820103e-01-1.695580781e-01
-1.704637706e-01-1.705401987e-01-1.697236896e-01-1.679463834e-01-1.651369482e-01
-1.612218618e-01-1.561272591e-01-1.497813612e-01-1.421177238e-01-1.330793798e-01
-1.226240247e-01-1.107301116e-01-9.740404785e-02-8.268811554e-02-6.666888297e-02
-4.948530346e-02-3.133541718e-02-1.247955766e-02 6.764121354e-03 2.567450516e-02
 4.420890287e-02 6.233803555e-02 8.003140986e-02 9.725034982e-02 1.139442921e-01
 1.300484687e-01 1.454831362e-01 1.601546705e-01 1.739594936e-01 1.867910624e-01
 6.764970720e-02 6.417282671e-02 5.831257254e-02 5.161261931e-02 4.461957514e-02
 3.731232136e-02 2.967718802e-02 2.170454897e-02 1.338736992e-02 4.720650613e-03
-4.297524225e-03-1.354144327e-02-2.293906175e-02-3.242059425e-02-4.192024097e-02
-5.137716979e-02-6.073600054e-02-6.994690746e-02-7.896545529e-02-8.775216341e-02
-9.627199918e-02-1.044936776e-01-1.123889461e-01-1.199317351e-01-1.270974427e-01
-1.338620484e-01-1.402013898e-01-1.460904032e-01-1.515024453e-01-1.564084888e-01
-1.607766598e-01-1.645716131e-01-1.677540094e-01-1.702800989e-01-1.721013933e-01
-1.731645167e-01-1.734110564e-01-1.727778018e-01-1.711971462e-01-1.685978621e-01
-1.649062335e-01-1.600478590e-01-1.539499313e-01-1.465444714e-01-1.377722770e-01
-1.275880188e-01-1.159662604e-01-1.029085591e-01-8.845153451e-02-7.267537713e-02
-5.571271479e-02-3.775694594e-02-1.906970143e-02 1.232104842e-05 1.906836964e-02
 3.760947287e-02 5.563707277e-02 7.313556969e-02 9.007631242e-02 1.064193025e-01
 1.221142635e-01 1.371021420e-01 1.513173580e-01 1.646912992e-01 1.771569997e-01
 6.662335247e-02 6.307462603e-02 5.733499303e-02 5.071792379e-02 4.379330203e-02
 3.653471544e-02 2.893190086e-02 2.097837441e-02 1.266743429e-02 3.990643192e-03
-5.002071150e-03-1.423000079e-02-2.361708693e-02-3.309185803e-02-4.258785769e-02
-5.204405636e-02-6.140507013e-02-7.062116265e-02-7.964799553e-02-8.844624460e-02
-9.698101133e-02-1.052211598e-01-1.131385639e-01-1.207073480e-01-1.279030591e-01
-1.347019076e-01-1.410799474e-01-1.470123827e-01-1.524727792e-01-1.574324667e-01
-1.618599147e-01-1.657200903e-01-1.689740419e-01-1.715784222e-01-1.734851748e-01
-1.746412814e-01-1.749887317e-01-1.744646877e-01-1.730018258e-01-1.705290824e-01
-1.669728160e-01-1.622585356e-01-1.563130617e-01-1.490677446e-01-1.404623985e-01
-1.304501891e-01-1.190036684e-01-1.061218157e-01-9.183794260e-02-7.622822374e-02
-5.942032114e-02-4.160131514e-02-2.302382700e-02-4.008772783e-03 1.505773142e-02
 3.356947377e-02 5.152048171e-02 6.889537722e-02 8.566942066e-02 1.018092334e-01
 1.172740012e-01 1.320171654e-01 1.459886879e-01 1.591379941e-01 1.714172661e-01
 6.574546546e-02 6.202812865e-02 5.663809925e-02 5.028126761e-02 4.346148297e-02
 3.626092523e-02 2.869687229e-02 2.077205479e-02 1.248355769e-02 3.825417254e-03
-5.146915093e-03-1.435587462e-02-2.372618206e-02-3.318645433e-02-4.267015681e-02
-5.211615935e-02-6.146900356e-02-7.067887485e-02-7.970138639e-02-8.849713951e-02
-9.703119844e-02-1.052723750e-01-1.131925210e-01-1.207657158e-01-1.279675066e-01
-1.347740889e-01-1.411615461e-01-1.471050978e-01-1.525783837e-01-1.575527936e-01
-1.619968712e-01-1.658757180e-01-1.691504866e-01-1.717780083e-01-1.737103611e-01
-1.748947054e-01-1.752732694e-01-1.747833490e-01-1.733578444e-01-1.709259003e-01
-1.674140841e-01-1.627479792e-01-1.568545699e-01-1.496652216e-01-1.411196589e-01
-1.311708689e-01-1.197910458e-01-1.069786027e-01-9.276596457e-02-7.722809166e-02
-6.049088761e-02-4.273891449e-02-2.422115766e-02-5.253411829e-03 1.378428563e-02
 3.225572035e-02 5.015312508e-02 6.746092439e-02 8.415552974e-02 1.002058163e-01
 1.155742630e-01 1.302185804e-01 1.440938860e-01 1.571553349e-01 1.693610996e-01
 6.634701788e-02 6.278388947e-02 5.710553750e-02 5.058395118e-02 4.373766482e-02
 3.654691577e-02 2.900503948e-02 2.110775188e-02 1.284994371e-02 4.224548116e-03
-4.722202197e-03-1.390740182e-02-2.325524203e-02-3.269427642e-02-4.215793684e-02
-5.158502236e-02-6.091991812e-02-7.011263072e-02-7.911856472e-02-8.789811283e-02
-9.641610831e-02-1.046411246e-01-1.125448048e-01-1.201010197e-01-1.272851080e-01
-1.340730488e-01-1.404407471e-01-1.463632435e-01-1.518139988e-01-1.567642391e-01
-1.611823589e-01-1.650332958e-01-1.682781130e-01-1.708734930e-01-1.727714539e-01
-1.739190966e-01-1.742586195e-01-1.737273633e-01-1.722582877e-01-1.697807610e-01
-1.662215292e-01-1.615065932e-01-1.555634141e-01-1.483240128e-01-1.397289634e-01
-1.297322810e-01-1.183073744e-01-1.054541171e-01-9.120665491e-02-7.564187050e-02
-5.888792500e-02-4.113206640e-02-2.262664214e-02-3.691760357e-03 1.528776530e-02
 3.371402249e-02 5.158118904e-02 6.887407601e-02 8.556825668e-02 1.016307771e-01
 1.170213968e-01 1.316942275e-01 1.456000209e-01 1.586889774e-01 1.709141433e-01
 6.709793955e-02 6.359335780e-02 5.794056132e-02 5.140300095e-02 4.454862699e-02
 3.736574203e-02 2.984468080e-02 2.197870426e-02 1.376278140e-02 5.193214864e-03
-3.731356934e-03-1.288932934e-02-2.220836282e-02-3.161837906e-02-4.105323553e-02
-5.045171082e-02-5.975797772e-02-6.892171502e-02-7.789795846e-02-8.664670587e-02
-9.513239563e-02-1.033232212e-01-1.111904085e-01-1.187074333e-01-1.258492321e-01
-1.325914115e-01-1.389094740e-01-1.447780430e-01-1.501701921e-01-1.550567746e-01
-1.594057679e-01-1.631817520e-01-1.663454026e-01-1.688530445e-01-1.706563979e-01
-1.717022657e-01-1.719326675e-01-1.712848544e-01-1.696918011e-01-1.670830101e-01
-1.633856744e-01-1.585264355e-01-1.524337232e-01-1.450409591e-01-1.362904906e-01
-1.261386722e-01-1.145618558e-01-1.015633792e-01-8.718153089e-02-7.149794698e-02
-5.464622751e-02-3.682004288e-02-1.828031801e-02 6.384003791e-04 1.951966248e-02
 3.788941354e-02 5.574876443e-02 7.308228314e-02 8.986187726e-02 1.060484126e-01
 1.215928122e-01 1.364374310e-01 1.505184323e-01 1.637690067e-01 1.761241108e-01
 6.829531491e-02 6.487420946e-02 5.916500092e-02 5.265888944e-02 4.583222419e-02
 3.867558762e-02 3.118368424e-02 2.335232683e-02 1.517777145e-02 6.656031124e-03
-2.217838774e-03-1.133024599e-02-2.060651407e-02-2.997524478e-02-3.936940059e-02
-4.872703552e-02-5.799168721e-02-6.711243838e-02-7.604375482e-02-8.474505693e-02
-9.318021685e-02-1.013168618e-01-1.091256365e-01-1.165794507e-01-1.236526743e-01
-1.303203106e-01-1.365572661e-01-1.423375607e-01-1.476337016e-01-1.524158716e-01
-1.566514671e-01-1.603044719e-01-1.633349508e-01-1.656986922e-01-1.673469096e-01
-1.682260036e-01-1.682776660e-01-1.674389839e-01-1.656430364e-01-1.628196537e-01
-1.588967294e-01-1.538020223e-01-1.474656463e-01-1.398233324e-01-1.308205277e-01
-1.204174832e-01-1.085953712e-01-9.536329657e-02-8.076608926e-02-6.489244103e-02
-4.788280278e-02-2.993575670e-02-1.131100580e-02 7.675019093e-03 2.632788569e-02
 4.460655898e-02 6.248263642e-02 7.992636412e-02 9.690006822e-02 1.133545041e-01
 1.292267591e-01 1.444394886e-01 1.589020491e-01 1.725141704e-01 1.851729006e-01
 6.970417500e-02 6.636667252e-02 6.082953885e-02 5.438017473e-02 4.759217426e-02
 4.046651348e-02 3.300454468e-02 2.520754375e-02 1.707556099e-02 8.606734686e-03
-2.030652831e-04-9.256400168e-03-1.847650297e-02-2.779029869e-02-3.712951019e-02
-4.643121734e-02-5.563817173e-02-6.469871104e-02-7.356661558e-02-8.220060170e-02
-9.056384116e-02-9.862324595e-02-1.063487530e-01-1.137125343e-01-1.206881851e-01
-1.272499561e-01-1.333719641e-01-1.390274465e-01-1.441880614e-01-1.488232315e-01
-1.528995186e-01-1.563801169e-01-1.592243314e-01-1.613872945e-01-1.628195494e-01
-1.634670794e-01-1.632712632e-01-1.621691585e-01-1.600941271e-01-1.569766998e-01
-1.527460217e-01-1.473317742e-01-1.406667978e-01-1.326904893e-01-1.233530343e-01
-1.126207039e-01-1.004819646e-01-8.695459366e-02-7.209346443e-02-5.599866062e-02
-3.882372379e-02-2.078351751e-02-2.162472345e-03 1.667381823e-02 3.521826863e-02
 5.347992107e-02 7.145072520e-02 8.910998702e-02 1.064232886e-01 1.233390868e-01
 1.397839189e-01 1.556576043e-01 1.708299071e-01 1.851422489e-01 1.984176189e-01
 7.169465721e-02 6.847882271e-02 6.302583963e-02 5.662431568e-02 4.985840991e-02
 4.274299368e-02 3.529225290e-02 2.751675434e-02 1.942227595e-02 1.100986172e-02
 2.275778214e-03-6.707494147e-03-1.585838012e-02-2.510189638e-02-3.436883911e-02
-4.359566793e-02-5.272453278e-02-6.170316413e-02-7.048466057e-02-7.902702689e-02
-8.729264885e-02-9.524762630e-02-1.028610244e-01-1.101041287e-01-1.169496253e-01
-1.233708113e-01-1.293408424e-01-1.348319948e-01-1.398149282e-01-1.442580521e-01
-1.481270194e-01-1.513840705e-01-1.539876461e-01-1.558921337e-01-1.570474654e-01
-1.573992223e-01-1.568886936e-01-1.554531902e-01-1.530268192e-01-1.495414972e-01
-1.449285299e-01-1.391206384e-01-1.320548803e-01-1.236761361e-01-1.139415950e-01
-1.028261185e-01-9.032841772e-02-7.647816092e-02-6.134327501e-02-4.503735155e-02
-2.772581019e-02-9.629386477e-03 8.978251368e-03 2.748363838e-02 4.586438090e-02
 6.411394477e-02 8.222819865e-02 1.001984030e-01 1.180052981e-01 1.356117576e-01
 1.529524028e-01 1.699187458e-01 1.863401532e-01 2.019664943e-01 2.164708823e-01
 7.441835105e-02 7.137256116e-02 6.589834392e-02 5.949069560e-02 5.267063901e-02
 4.549616203e-02 3.800660372e-02 3.022241034e-02 2.215297334e-02 1.380157750e-02
 5.168703385e-03-3.744473448e-03-1.281295903e-02-2.196666971e-02-3.113841824e-02
-4.026534408e-02-4.928960279e-02-5.815859139e-02-6.682481617e-02-7.524556667e-02
-8.338240534e-02-9.120050073e-02-9.866797179e-02-1.057550609e-01-1.124333665e-01
-1.186750978e-01-1.244522780e-01-1.297360212e-01-1.344958693e-01-1.386991292e-01
-1.423103362e-01-1.452907324e-01-1.475979537e-01-1.491855830e-01-1.500031501e-01
-1.499960721e-01-1.491058767e-01-1.472707242e-01-1.444262266e-01-1.405066848e-01
-1.354468018e-01-1.291840225e-01-1.216615662e-01-1.128322110e-01-1.026629061e-01
-9.114032984e-02-7.827717811e-02-6.411920488e-02-4.875256494e-02-3.231123462e-02
-1.498383842e-02 2.980359830e-03 2.126599103e-02 3.950440139e-02 5.772807449e-02
 7.596255839e-02 9.423173219e-02 1.125585511e-01 1.309628785e-01 1.494563371e-01
 1.680319607e-01 1.866436303e-01 2.051627189e-01 2.232825905e-01 2.403606325e-01
 7.829929888e-02 7.566356659e-02 6.998577714e-02 6.312742084e-02 5.599870905e-02
 4.862994328e-02 4.103098437e-02 3.320303932e-02 2.514328621e-02 1.684651151e-02
 8.305625059e-03-4.885195522e-04-9.435825981e-03-1.846461743e-02-2.750704624e-02
-3.649987280e-02-4.538485780e-02-5.410888791e-02-6.262382120e-02-7.088616490e-02
-7.885657996e-02-8.649923652e-02-9.378113598e-02-1.006713584e-01-1.071403101e-01
-1.131589264e-01-1.186979562e-01-1.237272397e-01-1.282150447e-01-1.321274936e-01
-1.354279965e-01-1.380768269e-01-1.400307715e-01-1.412429214e-01-1.416626126e-01
-1.412355751e-01-1.399042010e-01-1.376083046e-01-1.342861205e-01-1.298756897e-01
-1.243168414e-01-1.175538376e-01-1.095385328e-01-1.002344489e-01-8.962155133e-02
-7.770185918e-02-6.450566649e-02-5.009829998e-02-3.458696604e-02-1.812716760e-02
-9.279553778e-04 1.674496196e-02 3.449746594e-02 5.234307423e-02 7.030943036e-02
 8.843465894e-02 1.067674682e-01 1.253684461e-01 1.443120688e-01 1.636891067e-01
 1.836095899e-01 2.042075247e-01 2.256528884e-01 2.482046336e-01 2.718577981e-01
 8.280358464e-02 8.072431386e-02 7.446640730e-02 6.694383919e-02 5.943248048e-02
 5.184607580e-02 4.413598776e-02 3.627386317e-02 2.824058197e-02 2.002101019e-02
 1.160123572e-02 2.966528060e-03-5.819457583e-03-1.468249224e-02-2.355400287e-02
-3.237046301e-02-4.107334837e-02-4.960910231e-02-5.792897195e-02-6.598866731e-02
-7.374788821e-02-8.116973191e-02-8.822001517e-02-9.486654401e-02-1.010783613e-01
-1.068250388e-01-1.120759323e-01-1.167995110e-01-1.209627241e-01-1.245304421e-01
-1.274649948e-01-1.297257841e-01-1.312690228e-01-1.320475638e-01-1.320110857e-01
-1.311062276e-01-1.292771697e-01-1.264665276e-01-1.226165369e-01-1.176707745e-01
-1.115763783e-01-1.042869091e-01-9.576584399e-02-8.599078655e-02-7.495836914e-02
-6.268973649e-02-4.923653230e-02-3.468703851e-02-1.917217858e-02-2.870703582e-03
 1.398741920e-02 3.099351004e-02 4.816089198e-02 6.551296264e-02 8.308579028e-02
 1.009303629e-01 1.191157028e-01 1.377336085e-01 1.569053531e-01 1.767917275e-01
 1.976076663e-01 2.196447253e-01 2.433063984e-01 2.691595852e-01 2.967933118e-01
 8.583599329e-02 8.400533348e-02 7.764688134e-02 7.004354149e-02 6.243766844e-02
 5.478685722e-02 4.705903679e-02 3.922844306e-02 3.127467260e-02 2.318106964e-02
 1.493351441e-02 6.520116702e-03-2.067493973e-03-1.071923506e-02-1.937088184e-02
-2.796053886e-02-3.643015400e-02-4.472606257e-02-5.279903859e-02-6.060406938e-02
-6.809990853e-02-7.524853945e-02-8.201451600e-02-8.836429566e-02-9.426551312e-02
-9.968625754e-02-1.045944318e-01-1.089570895e-01-1.127398536e-01-1.159064323e-01
-1.184182018e-01-1.202339008e-01-1.213095188e-01-1.215982363e-01-1.210506707e-01
-1.196153313e-01-1.172393113e-01-1.138694584e-01-1.094537899e-01-1.039435267e-01
-9.729561955e-02-8.947586268e-02-8.046264946e-02-7.025137544e-02-5.885928497e-02
-4.633073136e-02-3.274241835e-02-1.820840687e-02-2.885361668e-03 1.302360557e-02
 2.912091836e-02 4.541267082e-02 6.191316620e-02 7.864703238e-02 9.565183520e-02
 1.129813269e-01 1.307097971e-01 1.489382237e-01 1.678028554e-01 1.874875724e-01
 2.082413286e-01 2.304015160e-01 2.544209063e-01 2.808849216e-01 3.091871440e-01
 8.762396872e-02 8.594172448e-02 7.990274578e-02 7.239662856e-02 6.485451758e-02
 5.726860091e-02 4.962290823e-02 4.190184176e-02 3.409091756e-02 2.617663145e-02
 1.814594120e-02 9.985384531e-03 1.679447945e-03-6.693786941e-03-1.506363414e-02
-2.336612903e-02-3.154252842e-02-3.953876719e-02-4.730512202e-02-5.479587987e-02
-6.196888909e-02-6.878503412e-02-7.520761341e-02-8.120170981e-02-8.673348278e-02
-9.176956862e-02-9.627640992e-02-1.002196670e-01-1.035637483e-01-1.062713638e-01
-1.083031744e-01-1.096176952e-01-1.101711616e-01-1.099177748e-01-1.088100299e-01
-1.067994237e-01-1.038373858e-01-9.987667203e-02-9.487313032e-02-8.878801763e-02
-8.159079403e-02-7.326252759e-02-6.379991770e-02-5.321981385e-02-4.156415910e-02
-2.890499495e-02-1.534834132e-02-1.034260378e-03 1.385526359e-02 2.896026522e-02
 4.427666217e-02 5.980581790e-02 7.555615902e-02 9.154501557e-02 1.078009009e-01
 1.243661866e-01 1.413007379e-01 1.586865932e-01 1.766346246e-01 1.952939183e-01
 2.148662210e-01 2.356298715e-01 2.579854131e-01 2.825570703e-01 3.082005382e-01
 8.892191947e-02 8.741819859e-02 8.145043254e-02 7.407899946e-02 6.667423248e-02
 5.922806263e-02 5.173361674e-02 4.418413714e-02 3.657249734e-02 2.889082395e-02
 2.113042027e-02 1.328208111e-02 5.337025039e-03-2.710655564e-03-1.073940750e-02
-1.869063638e-02-2.650786564e-02-3.413785994e-02-4.153098539e-02-4.864113033e-02
-5.542542040e-02-6.184374541e-02-6.785823405e-02-7.343263924e-02-7.853175700e-02
-8.312079310e-02-8.716483414e-02-9.062833339e-02-9.347467124e-02-9.566585720e-02
-9.716230631e-02-9.792278707e-02-9.790456295e-02-9.706372023e-02-9.535579383e-02
-9.273660928e-02-8.916357160e-02-8.459727466e-02-7.900361717e-02-7.235632092e-02
-6.464003772e-02-5.585389584e-02-4.601557925e-02-3.516596556e-02-2.337449044e-02
-1.074651536e-02 2.566349460e-03 1.641421020e-02 3.050417826e-02 4.482204840e-02
 5.935533717e-02 7.409529388e-02 8.903830498e-02 1.041871607e-01 1.195523068e-01
 1.351532191e-01 1.510199010e-01 1.671942770e-01 1.837316900e-01 2.007018179e-01
 2.181886882e-01 2.362883389e-01 2.550983429e-01 2.746581733e-01 2.940127850e-01
 8.952069283e-02 8.817280829e-02 8.231720328e-02 7.512708008e-02 6.790380925e-02
 6.063716859e-02 5.333128944e-02 4.599103704e-02 3.861807287e-02 3.121020645e-02
 2.376192808e-02 1.626499929e-02 8.708844893e-03 1.080291462e-03-6.526757963e-03
-1.405102108e-02-2.143523656e-02-2.862598002e-02-3.557345644e-02-4.223123193e-02
-4.855585471e-02-5.450640246e-02-6.004399061e-02-6.513124704e-02-6.973171979e-02
-7.380942255e-02-7.732831687e-02-8.025193214e-02-8.254299313e-02-8.416330069e-02
-8.507359028e-02-8.523366600e-02-8.460272849e-02-8.313989639e-02-8.080504835e-02
-7.755994052e-02-7.336973399e-02-6.820492446e-02-6.204370037e-02-5.487472937e-02
-4.670035467e-02-3.754004836e-02-2.743384801e-02-1.644564234e-02-4.663194530e-03
 7.797102910e-03 2.056029066e-02 3.363651037e-02 4.698058218e-02 6.055842340e-02
 7.434211671e-02 8.830808848e-02 1.024365202e-01 1.167113483e-01 1.311204284e-01
 1.456554830e-01 1.603115946e-01 1.750859022e-01 1.899744719e-01 2.049665004e-01
 2.200332433e-01 2.351073325e-01 2.500433624e-01 2.645356059e-01 2.779529691e-01
 8.916912228e-02 8.787888288e-02 8.248157054e-02 7.560402155e-02 6.857864559e-02
 6.147910282e-02 5.435604975e-02 4.723413661e-02 4.012277722e-02 3.302249685e-02
 2.592826635e-02 1.883137785e-02 1.172031835e-02 4.580955487e-03-2.536117099e-03
-9.561159648e-03-1.643806882e-02-2.311440557e-02-2.954101935e-02-3.567172587e-02
-4.146295786e-02-4.687337577e-02-5.186342075e-02-5.639487877e-02-6.043043360e-02
-6.393322349e-02-6.686649472e-02-6.919330359e-02-7.087630779e-02-7.187774777e-02
-7.215948403e-02-7.168333977e-02-7.041158527e-02-6.830770522e-02-6.533742696e-02
-6.147015467e-02-5.668068305e-02-5.095136538e-02-4.427478090e-02-3.665685281e-02
-2.812020481e-02-1.870808378e-02-8.486791514e-03 2.442468889e-03 1.397824660e-02
 2.585047856e-02 3.803486377e-02 5.050548166e-02 6.322858483e-02 7.616809756e-02
 8.928749710e-02 1.025504246e-01 1.159209907e-01 1.293638498e-01 1.428442001e-01
 1.563273072e-01 1.697776318e-01 1.831566542e-01 1.964193135e-01 2.095078975e-01
 2.223427594e-01 2.348088920e-01 2.467389256e-01 2.578985393e-01 2.679919004e-01
 8.960594982e-02 8.885829896e-02 8.310309798e-02 7.588557154e-02 6.875305623e-02
 6.168111414e-02 5.468696356e-02 4.777632654e-02 4.094679281e-02 3.419095278e-02
 2.749835700e-02 2.085681818e-02 1.425341330e-02 7.675533183e-03 1.112622442e-03
-5.342014134e-03-1.163715217e-02-1.772331819e-02-2.355320379e-02-2.908170223e-02
-3.426576033e-02-3.906413913e-02-4.343710095e-02-4.734608158e-02-5.075335503e-02
-5.362172797e-02-5.591432378e-02-5.759439617e-02-5.862530321e-02-5.897060037e-02
-5.859431624e-02-5.746144056e-02-5.553863570e-02-5.279524997e-02-4.920458049e-02
-4.474545643e-02-3.940404207e-02-3.317593783e-02-2.606932446e-02-1.810847595e-02
-9.336019866e-03 1.763735781e-04 1.036598254e-02 2.096305229e-02 3.197417036e-02
 4.335223138e-02 5.505612865e-02 6.704581529e-02 7.927927375e-02 9.171181917e-02
 1.042960584e-01 1.169819459e-01 1.297170073e-01 1.424466223e-01 1.551143378e-01
 1.676621586e-01 1.800302863e-01 1.921564788e-01 2.039743513e-01 2.154105306e-01
 2.263808250e-01 2.367858142e-01 2.465078980e-01 2.554123104e-01 2.633557916e-01
 8.929355443e-02 8.896875381e-02 8.301518857e-02 7.532823831e-02 6.798491627e-02
 6.091027334e-02 5.405757204e-02 4.739558697e-02 4.089963809e-02 3.454789147e-02
 2.832013741e-02 2.219743654e-02 1.616197824e-02 1.019678358e-02 4.284854978e-03
-1.521113561e-03-7.158000953e-03-1.257856376e-02-1.773747616e-02-2.259111777e-02
-2.709744498e-02-3.121585026e-02-3.490698710e-02-3.813252971e-02-4.085500911e-02
-4.303763062e-02-4.464416578e-02-4.563896358e-02-4.598705843e-02-4.565443844e-02
-4.460848868e-02-4.281865805e-02-4.025744274e-02-3.690164909e-02-3.273391351e-02
-2.774458379e-02-2.193357982e-02-1.530939434e-02-7.894777693e-03 2.638347796e-04
 9.130348451e-03 1.846119389e-02 2.827277407e-02 3.852668777e-02 4.919116572e-02
 6.022943556e-02 7.160153985e-02 8.326402307e-02 9.516905248e-02 1.072636545e-01
 1.194891706e-01 1.317810863e-01 1.440691650e-01 1.562781930e-01 1.683290750e-01
 1.801404655e-01 1.916306317e-01 2.027191073e-01 2.133280188e-01 2.233826369e-01
 2.328111976e-01 2.415443361e-01 2.495148927e-01 2.566590011e-01 2.629193664e-01
 8.654916286e-02 8.631656319e-02 8.048990369e-02 7.284883410e-02 6.559411436e-02
 5.870055407e-02 5.212570354e-02 4.582839459e-02 3.977108002e-02 3.392043337e-02
 2.824737690e-02 2.272679843e-02 1.733722724e-02 1.206054352e-02 6.882048212e-03
 1.791482908e-03-3.117209068e-03-7.802499458e-03-1.222233474e-02-1.633523777e-02
-2.010073140e-02-2.347945049e-02-2.643308789e-02-2.892433666e-02-3.091680445e-02
-3.237499297e-02-3.326434642e-02-3.355138749e-02-3.320402652e-02-3.219201788e-02
-3.048748523e-02-2.806555666e-02-2.490571514e-02-2.099361457e-02-1.632230356e-02
-1.089572627e-02-4.740440752e-03 2.132393187e-03 9.708635509e-03 1.779055968e-02
 2.639946714e-02 3.550692275e-02 4.509172589e-02 5.512807891e-02 6.558718532e-02
 7.643615454e-02 8.763717860e-02 9.914655238e-02 1.109133512e-01 1.228781417e-01
 1.349717528e-01 1.471144557e-01 1.592158675e-01 1.711757630e-01 1.828864366e-01
 1.942364126e-01 2.051154226e-01 2.154200524e-01 2.250591069e-01 2.339577675e-01
 2.420599759e-01 2.493287623e-01 2.557448149e-01 2.613040507e-01 2.660149634e-01
 8.180603385e-02 8.165659010e-02 7.564657182e-02 6.817710400e-02 6.122037396e-02
 5.471722037e-02 4.861328006e-02 4.285318777e-02 3.738623485e-02 3.216877207e-02
 2.716458775e-02 2.234427817e-02 1.768423244e-02 1.316549722e-02 8.772459812e-03
 4.491003230e-03 3.804296721e-04-3.507256275e-03-7.130043581e-03-1.044764556e-02
-1.342125610e-02-1.601332054e-02-1.818739064e-02-1.990806684e-02-2.114105225e-02
-2.185326628e-02-2.201301791e-02-2.159019560e-02-2.055689879e-02-1.888837479e-02
-1.656368375e-02-1.356407162e-02-9.875725023e-03-5.495736841e-03-4.228696343e-04
 5.358404480e-03 1.165294554e-02 1.850422658e-02 2.591759153e-02 3.386709839e-02
 4.233800620e-02 5.131418258e-02 6.077880040e-02 7.071292400e-02 8.109450340e-02
 9.189721942e-02 1.030889973e-01 1.146302223e-01 1.264715344e-01 1.385513097e-01
 1.507928967e-01 1.631020010e-01 1.753648967e-01 1.874483824e-01 1.992024332e-01
 2.104669064e-01 2.210820764e-01 2.309017926e-01 2.398065031e-01 2.477135658e-01
 2.545827031e-01 2.604159713e-01 2.652526200e-01 2.691594660e-01 2.722191513e-01
 7.399425656e-02 7.368293405e-02 6.806142628e-02 6.097937375e-02 5.456233025e-02
 4.871499538e-02 4.333601892e-02 3.833841160e-02 3.365311027e-02 2.922740579e-02
 2.502194978e-02 2.100783959e-02 1.716420613e-02 1.347640809e-02 9.934795089e-03
 6.534073502e-03 3.273691982e-03 2.210016828e-04-2.566545736e-03-5.051738583e-03
-7.199184969e-03-8.974640630e-03-1.034476794e-02-1.127719972e-02-1.174085028e-02
-1.170641650e-02-1.114675403e-02-1.003582496e-02-8.350117132e-03-6.072153337e-03
-3.198506776e-03 2.878198866e-04 4.408758134e-03 9.116708301e-03 1.434417162e-02
 2.011529729e-02 2.641809173e-02 3.325239569e-02 4.061703384e-02 4.850676656e-02
 5.691578984e-02 6.583763659e-02 7.526496798e-02 8.518896252e-02 9.559841454e-02
 1.064784676e-01 1.178088933e-01 1.295617074e-01 1.416978985e-01 1.541633010e-01
 1.668831110e-01 1.797555536e-01 1.926449090e-01 2.053759247e-01 2.177327424e-01
 2.294671535e-01 2.403199822e-01 2.500527799e-01 2.584803998e-01 2.654938698e-01
 2.710706890e-01 2.752735913e-01 2.782381475e-01 2.801485956e-01 2.812053561e-01
 6.290987879e-02 6.229332834e-02 5.699152127e-02 5.068719387e-02 4.529127106e-02
 4.054143280e-02 3.625064343e-02 3.229984641e-02 2.861395665e-02 2.514529228e-02
 2.186353691e-02 1.874977536e-02 1.579289325e-02 1.298741531e-02 1.033220626e-02
 7.829744369e-03 5.485729780e-03 3.308618441e-03 1.376278466e-03-2.563563175e-04
-1.561013982e-03-2.508995356e-03-3.071392886e-03-3.219552338e-03-2.925948473e-03
-2.166209277e-03-9.243250825e-04 8.233145927e-04 3.104320727e-03 5.952555686e-03
 9.251898155e-03 1.304340176e-02 1.734655723e-02 2.216184139e-02 2.748278715e-02
 3.331026062e-02 3.964477032e-02 4.648843408e-02 5.384412035e-02 6.171486899e-02
 7.010409981e-02 7.901566476e-02 8.845380694e-02 9.842281789e-02 1.089265347e-01
 1.199673936e-01 1.315449774e-01 1.436536461e-01 1.562791467e-01 1.693930924e-01
 1.829451174e-01 1.968510449e-01 2.109761685e-01 2.251126617e-01 2.389547676e-01
 2.520875037e-01 2.640233338e-01 2.743016779e-01 2.825903893e-01 2.887263894e-01
 2.927136719e-01 2.947189212e-01 2.950648665e-01 2.941867411e-01 2.925293148e-01
 4.659310728e-02 4.502113536e-02 4.073128104e-02 3.667910025e-02 3.337562457e-02
 3.040525690e-02 2.763518132e-02 2.501105703e-02 2.250964940e-02 2.012232691e-02
 1.784814522e-02 1.569058932e-02 1.365595497e-02 1.175257470e-02 9.990513325e-03
 8.381573483e-03 6.939489394e-03 5.680228118e-03 4.622360691e-03 3.854066133e-03
 3.393963445e-03 3.264422994e-03 3.489740193e-03 4.095817450e-03 5.111257080e-03
 6.570903584e-03 8.420177735e-03 1.068985648e-02 1.339984126e-02 1.655995846e-02
 2.016381361e-02 2.421664074e-02 2.872528136e-02 3.369479254e-02 3.912924230e-02
 4.503365979e-02 5.141415447e-02 5.827822536e-02 6.563487649e-02 7.349472493e-02
 8.187015355e-02 9.077561647e-02 1.002278402e-01 1.102460548e-01 1.208521724e-01
 1.320707053e-01 1.439285129e-01 1.564538777e-01 1.696746349e-01 1.836144328e-01
 1.982859820e-01 2.136790603e-01 2.297389358e-01 2.463261336e-01 2.631343305e-01
 2.795103788e-01 2.942648828e-01 3.062178791e-01 3.148355484e-01 3.199816346e-01
 3.217077553e-01 3.202563226e-01 3.162199855e-01 3.107617497e-01 3.051062822e-01
 2.416892163e-02 1.990208216e-02 2.004930004e-02 2.058327012e-02 2.020120993e-02
 1.936614327e-02 1.828517951e-02 1.707008667e-02 1.579163782e-02 1.449994184e-02
 1.323331520e-02 1.202274207e-02 1.089442894e-02 9.871484712e-03 8.975172415e-03
 8.225983009e-03 7.644689176e-03 7.253582124e-03 7.078258786e-03 7.150692865e-03
 7.496280596e-03 8.137257770e-03 9.093953297e-03 1.038502716e-02 1.202692930e-02
 1.403196622e-02 1.640289463e-02 1.914815046e-02 2.227643132e-02 2.579451539e-02
 2.970695682e-02 3.401909396e-02 3.873712942e-02 4.386786744e-02 4.941895232e-02
 5.539932847e-02 6.181960180e-02 6.869237870e-02 7.603257895e-02 8.385775238e-02
 9.218849987e-02 1.010490432e-01 1.104678959e-01 1.204787046e-01 1.311213970e-01
 1.424435228e-01 1.545019001e-01 1.673645377e-01 1.811127663e-01 1.958431900e-01
 2.116689235e-01 2.287190557e-01 2.471353263e-01 2.670672536e-01 2.886804044e-01
 3.122690916e-01 3.334052861e-01 3.479561806e-01 3.569440246e-01 3.609032631e-01
 3.593762517e-01 3.527868092e-01 3.404554725e-01 3.264423907e-01 3.158172369e-01
 8.665592410e-03 3.538147779e-03 4.673546180e-03 6.940981373e-03 8.293771185e-03
 8.994355798e-03 9.249237366e-03 9.209958836e-03 8.987515233e-03 8.664867841e-03
 8.305573836e-03 7.959555835e-03 7.667061873e-03 7.461488247e-03 7.371458225e-03
 7.422408555e-03 7.637814619e-03 8.040126413e-03 8.651379496e-03 9.493187070e-03
 1.058520377e-02 1.194490492e-02 1.358763222e-02 1.552658621e-02 1.777270250e-02
 2.033443376e-02 2.321782708e-02 2.642837726e-02 2.997121029e-02 3.385109827e-02
 3.807274252e-02 4.264148697e-02 4.756375402e-02 5.284740776e-02 5.850205570e-02
 6.453938782e-02 7.097345591e-02 7.782103121e-02 8.510188013e-02 9.283918887e-02
 1.010600552e-01 1.097962782e-01 1.190852672e-01 1.289715171e-01 1.395084560e-01
 1.507610977e-01 1.628096849e-01 1.757546216e-01 1.897235364e-01 2.048808187e-01
 2.214405686e-01 2.396831959e-01 2.599735856e-01 2.827765346e-01 3.086656928e-01
 3.362973034e-01 3.574686050e-01 3.720073700e-01 3.802796304e-01 3.820182681e-01
 3.774165809e-01 3.655360043e-01 3.475987315e-01 3.321553767e-01 3.197482228e-01
-1.879523392e-03-7.433647290e-03-6.072379649e-03-3.343221731e-03-1.312445616e-03
 1.581367396e-04 1.202670392e-03 1.943203271e-03 2.483317396e-03 2.907708986e-03
 3.284431761e-03 3.667969024e-03 4.102256149e-03 4.623290151e-03 5.261224695e-03
 6.041954271e-03 6.988257170e-03 8.120549843e-03 9.457297623e-03 1.101510972e-02
 1.280853990e-02 1.484997664e-02 1.714962348e-02 1.971554756e-02 2.255376428e-02
 2.566844970e-02 2.906230465e-02 3.273717314e-02 3.669457138e-02 4.093620181e-02
 4.546447843e-02 5.028312653e-02 5.539771542e-02 6.081611291e-02 6.654884666e-02
 7.260939479e-02 7.901439071e-02 8.578377962e-02 9.294099361e-02 1.005132273e-01
 1.085318103e-01 1.170328557e-01 1.260582358e-01 1.356570572e-01 1.458877027e-01
 1.568208337e-01 1.685437411e-01 1.811664701e-01 1.948311478e-01 2.097262144e-01
 2.261090130e-01 2.443422079e-01 2.649527490e-01 2.887042165e-01 3.163988888e-01
 3.408783674e-01 3.593575656e-01 3.718625605e-01 3.782125711e-01 3.783761561e-01
 3.712874651e-01 3.563700616e-01 3.402330279e-01 3.267723322e-01 3.154703379e-01
-8.646207862e-03-1.448804326e-02-1.359229442e-02-1.091053151e-02-8.770801127e-03
-7.077726535e-03-5.718613043e-03-4.588248208e-03-3.596180351e-03-2.668491099e-03
-1.746331574e-03-7.831146941e-04 2.584508038e-04 1.408892684e-03 2.693874761e-03
 4.135476425e-03 5.752952769e-03 7.563118357e-03 9.580470622e-03 1.181716099e-02
 1.428291015e-02 1.698495075e-02 1.992806420e-02 2.311468124e-02 2.654510923e-02
 3.021782637e-02 3.412993625e-02 3.827771544e-02 4.265728965e-02 4.726536572e-02
 5.210003257e-02 5.716156214e-02 6.245315075e-02 6.798151135e-02 7.375728339e-02
 7.979520410e-02 8.611408621e-02 9.273669869e-02 9.968950599e-02 1.070025563e-01
 1.147094145e-01 1.228474155e-01 1.314582378e-01 1.405888051e-01 1.502927989e-01
 1.606326997e-01 1.716827750e-01 1.835331172e-01 1.962955147e-01 2.101121545e-01
 2.251691669e-01 2.417198867e-01 2.601316869e-01 2.810229361e-01 3.033234179e-01
 3.220503926e-01 3.364210129e-01 3.461844921e-01 3.512451351e-01 3.508577049e-01
 3.447611034e-01 3.336636126e-01 3.230537176e-01 3.134045303e-01 3.047417104e-01
-1.297328062e-02-1.920763217e-02-1.853204519e-02-1.624708623e-02-1.445942745e-02
-1.300471742e-02-1.174188498e-02-1.056200452e-02-9.387400933e-03-8.164832368e-03
-6.857755128e-03-5.439872388e-03-3.890545340e-03-2.191964537e-03-3.277147189e-04
 1.717662206e-03 3.958489746e-03 6.407470442e-03 9.075129405e-03 1.196933724e-02
 1.509499736e-02 1.845392399e-02 2.204489894e-02 2.586386353e-02 2.990419418e-02
 3.415707126e-02 3.861195967e-02 4.325722158e-02 4.808096960e-02 5.307210609e-02
 5.822156742e-02 6.352362037e-02 6.897711754e-02 7.458636165e-02 8.036169410e-02
 8.631944656e-02 9.248150885e-02 9.887448698e-02 1.055287719e-01 1.124775484e-01
 1.197560281e-01 1.274010688e-01 1.354510188e-01 1.439458281e-01 1.529276073e-01
 1.624410599e-01 1.725341231e-01 1.832580417e-01 1.946669370e-01 2.068150342e-01
 2.197495401e-01 2.334922254e-01 2.479944229e-01 2.630345821e-01 2.778961360e-01
 2.910039723e-01 3.015325963e-01 3.090784848e-01 3.133755326e-01 3.142773509e-01
 3.118815422e-01 3.073391318e-01 3.018849492e-01 2.961106598e-01 2.903673351e-01
-1.407174673e-02-2.070116624e-02-2.084769122e-02-1.963016391e-02-1.885368861e-02
-1.817817986e-02-1.740687154e-02-1.644663699e-02-1.526639797e-02-1.386554912e-02
-1.225444768e-02-1.044372097e-02-8.439220488e-03-6.240525283e-03-3.841607831e-03
-1.232674811e-03 1.597557450e-03 4.659682512e-03 7.961837575e-03 1.150851138e-02
 1.529994793e-02 1.933207549e-02 2.359677292e-02 2.808231860e-02 3.277377784e-02
 3.765335679e-02 4.270068556e-02 4.789331928e-02 5.320762470e-02 5.862028897e-02
 6.411040574e-02 6.966194510e-02 7.526617497e-02 8.092345297e-02 8.664415032e-02
 9.244831651e-02 9.836426377e-02 1.044264138e-01 1.106727347e-01 1.171424091e-01
 1.238739863e-01 1.309042126e-01 1.382673085e-01 1.459947228e-01 1.541148722e-01
 1.626525372e-01 1.716279835e-01 1.810546666e-01 1.909353286e-01 2.012550086e-01
 2.119690478e-01 2.229838073e-01 2.341273129e-01 2.451131791e-01 2.555226684e-01
 2.648630738e-01 2.726934254e-01 2.787011266e-01 2.827179432e-01 2.847336531e-01
 2.849224806e-01 2.836345732e-01 2.812929451e-01 2.782763839e-01 2.748764455e-01
-1.030682307e-02-1.684517786e-02-1.983167604e-02-2.161214314e-02-2.303652652e-02
-2.376982011e-02-2.374166250e-02-2.304942720e-02-2.182263695e-02-2.017750219e-02
-1.820464060e-02-1.596625522e-02-1.349756960e-02-1.081126183e-02-7.903748192e-03
-4.761968274e-03-1.369550126e-03 2.288273070e-03 6.221235730e-03 1.043211669e-02
 1.491622720e-02 1.966205984e-02 2.465262078e-02 2.986678667e-02 3.528014570e-02
 4.086499661e-02 4.658972844e-02 5.241814628e-02 5.830963328e-02 6.422102451e-02
 7.011046261e-02 7.594282180e-02 8.169521391e-02 8.736128360e-02 9.295312315e-02
 9.850037843e-02 1.040466800e-01 1.096440405e-01 1.153468639e-01 1.212068796e-01
 1.272699088e-01 1.335744262e-01 1.401511431e-01 1.470232755e-01 1.542065889e-01
 1.617089808e-01 1.695294529e-01 1.776558906e-01 1.860614717e-01 1.946996599e-01
 2.034971416e-01 2.123457491e-01 2.210947871e-01 2.295484543e-01 2.374745905e-01
 2.446288168e-01 2.507883608e-01 2.557835281e-01 2.595191300e-01 2.619853616e-01
 2.632581592e-01 2.634840906e-01 2.628515363e-01 2.615576386e-01 2.597834468e-01
-5.625858903e-03-1.239433698e-02-1.875021495e-02-2.488220111e-02-3.039825335e-02
-3.224958479e-02-3.239811584e-02-3.142313287e-02-2.968852781e-02-2.744808421e-02
-2.487589978e-02-2.207672782e-02-1.909541897e-02-1.593170501e-02-1.255780645e-02
-8.934368379e-03-5.022381898e-03-7.911446737e-04 3.776846454e-03 8.683593012e-03
 1.391601097e-02 1.944913715e-02 2.525114827e-02 3.128809109e-02 3.752619773e-02
 4.393085092e-02 5.046267062e-02 5.707222223e-02 6.369579583e-02 7.025580853e-02
 7.666870207e-02 8.285903931e-02 8.877427131e-02 9.439496696e-02 9.973916411e-02
 1.048608422e-01 1.098412275e-01 1.147738323e-01 1.197482944e-01 1.248396784e-01
 1.301048696e-01 1.355837137e-01 1.413017064e-01 1.472726315e-01 1.535001844e-01
 1.599786580e-01 1.666926593e-01 1.736159027e-01 1.807094216e-01 1.879190505e-01
 1.951728016e-01 2.023788989e-01 2.094253600e-01 2.161827981e-01 2.225114107e-01
 2.282723188e-01 2.333413810e-01 2.376226485e-01 2.410586327e-01 2.436357141e-01
 2.453836501e-01 2.463691235e-01 2.466848344e-01 2.464365810e-01 2.457317263e-01
-3.117533866e-03-1.074718405e-02-1.903885044e-02-2.841944806e-02-3.877096623e-02
-4.454939440e-02-4.474980384e-02-4.221176729e-02-3.905281425e-02-3.558112308e-02
-3.203522414e-02-2.852961607e-02-2.505509183e-02-2.152548544e-02-1.782837138e-02
-1.385669596e-02-9.522925131e-03-4.764873534e-03 4.501031362e-04 6.121032871e-03
 1.221289672e-02 1.866558567e-02 2.541225590e-02 3.239694610e-02 3.958132863e-02
 4.693976790e-02 5.444676057e-02 6.205892563e-02 6.969258189e-02 7.720610499e-02
 8.441385627e-02 9.114090353e-02 9.727071971e-02 1.027583331e-01 1.076328456e-01
 1.120040491e-01 1.160539016e-01 1.199858114e-01 1.239635199e-01 1.280917674e-01
 1.324288100e-01 1.370030046e-01 1.418242604e-01 1.468903720e-01 1.521903276e-01
 1.577055305e-01 1.634099931e-01 1.692698449e-01 1.752424538e-01 1.812754720e-01
 1.873063296e-01 1.932621896e-01 1.990611851e-01 2.046151161e-01 2.098337412e-01
 2.146307677e-01 2.189301997e-01 2.226725519e-01 2.258197963e-01 2.283577472e-01
 2.302961498e-01 2.316660136e-01 2.325149626e-01 2.329015732e-01 2.328895926e-01
-5.178176798e-05-7.885213941e-03-1.670252159e-02-2.701720409e-02-3.923347220e-02
-4.846048728e-02-5.327706411e-02-5.350074545e-02-4.911115021e-02-4.346772283e-02
-3.856472671e-02-3.448540345e-02-3.090577200e-02-2.744625695e-02-2.380812913e-02
-1.978443377e-02-1.522997674e-02-1.004050020e-02-4.151079804e-03 2.444158541e-03
 9.657412767e-03 1.730812527e-02 2.521446720e-02 3.327906132e-02 4.148622602e-02
 4.986719787e-02 5.847240984e-02 6.734774262e-02 7.649113238e-02 8.570102602e-02
 9.436514229e-02 1.020034254e-01 1.084618345e-01 1.136860996e-01 1.176711023e-01
 1.205377504e-01 1.228084564e-01 1.251458377e-01 1.277875006e-01 1.307776272e-01
 1.341095418e-01 1.377613395e-01 1.417064965e-01 1.459167600e-01 1.503624767e-01
 1.550119370e-01 1.598304808e-01 1.647796780e-01 1.698164791e-01 1.748928279e-01
 1.799556017e-01 1.849469692e-01 1.898055822e-01 1.944684684e-01 1.988735944e-01
 2.029629648e-01 2.066859901e-01 2.100024372e-01 2.128848433e-01 2.153198570e-01
 2.173082232e-01 2.188637853e-01 2.200112790e-01 2.207836509e-01 2.212190777e-01
 4.493512213e-03-2.666588873e-03-1.053977013e-02-1.925048046e-02-2.879939973e-02
-3.895728290e-02-4.792163894e-02-5.252433568e-02-5.227008089e-02-4.675277695e-02
-4.144265503e-02-3.834997863e-02-3.622744232e-02-3.386252746e-02-3.094287403e-02
-2.732183598e-02-2.287463471e-02-1.746557280e-02-1.093536336e-02-3.107659053e-03
 6.082460284e-03 1.573596336e-02 2.509918995e-02 3.424109146e-02 4.332539812e-02
 5.252713710e-02 6.203442067e-02 7.207018137e-02 8.293884993e-02 9.506791085e-02
 1.058919132e-01 1.146007925e-01 1.214715317e-01 1.263608038e-01 1.291985512e-01
 1.296879202e-01 1.287936866e-01 1.291958839e-01 1.304738671e-01 1.323978901e-01
 1.348267049e-01 1.376653761e-01 1.408453584e-01 1.443131268e-01 1.480232924e-01
 1.519344449e-01 1.560064256e-01 1.601988673e-01 1.644700617e-01 1.687765718e-01
 1.730730981e-01 1.773128211e-01 1.814482212e-01 1.854321808e-01 1.892194450e-01
 1.927684844e-01 1.960430294e-01 1.990138143e-01 2.016596645e-01 2.039683163e-01
 2.059364170e-01 2.075690627e-01 2.088787556e-01 2.098839730e-01 2.106076628e-01
 1.027226262e-02 4.271624144e-03-2.152356319e-03-8.999929763e-03-1.618222147e-02
-2.351348288e-02-3.072645888e-02-3.749915212e-02-4.139221087e-02-3.913958371e-02
-3.646223620e-02-3.621765226e-02-3.686653078e-02-3.607605398e-02-3.415326029e-02
-3.118211217e-02-2.711011656e-02-2.181215957e-02-1.507124770e-02-6.477104500e-03
 4.726273008e-03 1.619855314e-02 2.640961483e-02 3.599242494e-02 4.533574358e-02
 5.472184345e-02 6.440549344e-02 7.466834784e-02 8.587279916e-02 9.841587394e-02
 1.096239612e-01 1.185270250e-01 1.253759116e-01 1.300921887e-01 1.325307339e-01
 1.323454380e-01 1.307102442e-01 1.304084063e-01 1.310611665e-01 1.324001998e-01
 1.342581809e-01 1.365281940e-01 1.391366869e-01 1.420276016e-01 1.451537460e-01
 1.484725922e-01 1.519439518e-01 1.555287689e-01 1.591883749e-01 1.628841758e-01
 1.665775180e-01 1.702299118e-01 1.738034487e-01 1.772615314e-01 1.805696636e-01
 1.836964488e-01 1.866144538e-01 1.893011332e-01 1.917394698e-01 1.939182878e-01
 1.958324313e-01 1.974824071e-01 1.988739222e-01 2.000170797e-01 2.009255439e-01
 0.197971857E+01 0.200280714E+01 0.201610231E+01 0.203106761E+01 0.204976654E+01
 0.206547046E+01 0.208046412E+01 0.209514952E+01 0.211028290E+01 0.212574053E+01
 0.214073849E+01 0.215658045E+01 0.217226267E+01 0.218794799E+01 0.220446062E+01
 0.222102427E+01 0.223776627E+01 0.225497198E+01 0.227282190E+01 0.229067755E+01
 0.230899405E+01 0.232810545E+01 0.234778666E+01 0.236777711E+01 0.238837767E+01
 0.240982580E+01 0.243209052E+01 0.245500255E+01 0.247857141E+01 0.250312686E+01
 0.252879906E+01 0.255537105E+01 0.258294082E+01 0.261164093E+01 0.264174843E+01
 0.267317581E+01 0.270592499E+01 0.274019122E+01 0.277615023E+01 0.281399083E+01
 0.285370398E+01 0.289550090E+01 0.293952346E+01 0.298618412E+01 0.303549385E+01
 0.308784628E+01 0.314348841E+01 0.320278192E+01 0.326625276E+01 0.333435416E+01
 0.340769434E+01 0.348707509E+01 0.357321835E+01 0.366768670E+01 0.377104521E+01
 0.388604927E+01 0.401436329E+01 0.416057873E+01 0.432800579E+01 0.452492237E+01
 0.476390839E+01 0.506652880E+01 0.548240519E+01 0.614827681E+01 0.951541519E+01
   89   86
 0.107844007E+01-0.500000007E-01 0.107873571E+01 0.334088653E-01 0.108203602E+01
 0.100000001E+00 0.109236801E+01 0.200000003E+00 0.110562503E+01 0.283168644E+00
 0.111804080E+01 0.349999994E+00 0.113218749E+01 0.417274088E+00 0.115070248E+01
 0.500000000E+00 0.116251409E+01 0.550000012E+00 0.118496358E+01 0.643275142E+00
 0.119940841E+01 0.699999988E+00 0.121365786E+01 0.755916238E+00 0.123642242E+01
 0.838672578E+00 0.125784278E+01 0.899999976E+00 0.128101873E+01 0.949214756E+00
 0.130895424E+01 0.986682534E+00 0.136062503E+01 0.100885284E+01 0.141375005E+01
 0.100816560E+01 0.146687496E+01 0.998031437E+00 0.151342928E+01 0.983689904E+00
 0.156250000E+01 0.964670956E+00 0.159968746E+01 0.948291123E+00 0.164218748E+01
 0.926638424E+00 0.167937505E+01 0.905889213E+00 0.172308028E+01 0.878789127E+00
 0.175906253E+01 0.854321420E+00 0.180156255E+01 0.822497904E+00 0.183875000E+01
 0.793246031E+00 0.187228978E+01 0.763865352E+00 0.191261244E+01 0.726525962E+00
 0.194500005E+01 0.694585323E+00 0.197387099E+01 0.663511872E+00 0.201105547E+01
 0.620000005E+00 0.204830623E+01 0.572387278E+00 0.207781267E+01 0.530713737E+00
 0.210437512E+01 0.488570482E+00 0.213093758E+01 0.441640526E+00 0.215750003E+01
 0.388983250E+00 0.218406248E+01 0.329253078E+00 0.220610428E+01 0.272870362E+00
 0.222387505E+01 0.219999999E+00 0.224121404E+01 0.152916372E+00 0.225402188E+01
 0.823143721E-01 0.225918341E+01-0.999999791E-02 0.225269294E+01-0.976651460E-01
 0.223841596E+01-0.173254758E+00 0.222331572E+01-0.230000004E+00 0.220355105E+01
-0.289547563E+00 0.217875004E+01-0.354417384E+00 0.215218735E+01-0.415107071E+00
 0.212562490E+01-0.468949854E+00 0.209906244E+01-0.517264664E+00 0.207249999E+01
-0.561046660E+00 0.204593754E+01-0.601092756E+00 0.201937485E+01-0.637971699E+00
 0.198624766E+01-0.680000007E+00 0.194425082E+01-0.730000019E+00 0.191312504E+01
-0.764685631E+00 0.188656247E+01-0.792808652E+00 0.184875846E+01-0.830000043E+00
 0.180687499E+01-0.869987011E+00 0.178031254E+01-0.893953085E+00 0.173636651E+01
-0.930000007E+00 0.170062506E+01-0.958855867E+00 0.166721475E+01-0.982348740E+00
 0.162093747E+01-0.101403856E+01 0.158634055E+01-0.103448474E+01 0.154124999E+01
-0.106054354E+01 0.149874997E+01-0.108104849E+01 0.146156251E+01-0.109877145E+01
 0.141602290E+01-0.111686015E+01 0.136593747E+01-0.113450849E+01 0.132875001E+01
-0.114573026E+01 0.128212941E+01-0.115736043E+01 0.123594975E+01-0.116550660E+01
 0.121323097E+01-0.109827876E+01 0.121335077E+01-0.101999998E+01 0.120732117E+01
-0.919999957E+00 0.119802368E+01-0.839999974E+00 0.118882251E+01-0.769999981E+00
 0.117351151E+01-0.679859161E+00 0.116260993E+01-0.620000005E+00 0.114600015E+01
-0.533300638E+00 0.113364351E+01-0.469999999E+00 0.111890471E+01-0.389999986E+00
 0.110641146E+01-0.319999993E+00 0.109485877E+01-0.240000010E+00 0.108420289E+01
-0.140000001E+00 0.107944429E+01-0.700000003E-01
 0.101600003E+01 0.000000000E+00 0.101600003E+01 0.963999987E+00 0.101600003E+01
 0.967999995E+00 0.101600003E+01 0.100100005E+01 0.101600003E+01 0.101900005E+01
 0.101600003E+01 0.107700002E+01 0.101600003E+01 0.107000005E+01 0.101600003E+01
 0.109599996E+01 0.101600003E+01 0.111300004E+01 0.101600003E+01 0.113800001E+01
 0.101600003E+01 0.114699996E+01 0.101199996E+01 0.116499996E+01 0.100100005E+01
 0.121700001E+01 0.102900004E+01 0.121700001E+01 0.104200006E+01 0.116240001E+01
 0.104600000E+01 0.116237998E+01 0.105599999E+01 0.116260004E+01 0.109700000E+01
 0.116450000E+01 0.110800004E+01 0.116594005E+01 0.111600006E+01 0.116591001E+01
 0.113399994E+01 0.116895998E+01 0.114800000E+01 0.117174995E+01 0.116199994E+01
 0.117556000E+01 0.118099999E+01 0.118299997E+01 0.118200004E+01 0.118350005E+01
 0.118499994E+01 0.118499994E+01 0.119000006E+01 0.118799996E+01 0.119500005E+01
 0.119099998E+01 0.120099998E+01 0.119599998E+01 0.120899999E+01 0.120200002E+01
 0.121500003E+01 0.120799994E+01 0.122200000E+01 0.121399999E+01 0.122800004E+01
 0.122099996E+01 0.123399997E+01 0.123099995E+01 0.123899996E+01 0.123800004E+01
 0.124199998E+01 0.124399996E+01 0.124800003E+01 0.125399995E+01 0.125800002E+01
 0.127800000E+01 0.126300001E+01 0.128999996E+01 0.127999997E+01 0.133099997E+01
 0.127999997E+01 0.134700000E+01 0.127999997E+01 0.134800005E+01 0.130999994E+01
 0.134800005E+01 0.132799995E+01 0.134800005E+01 0.136099994E+01 0.134800005E+01
 0.138000000E+01 0.134800005E+01 0.141900003E+01 0.134800005E+01 0.141900003E+01
 0.130999994E+01 0.137199998E+01 0.130999994E+01 0.137199998E+01 0.129200006E+01
 0.160800004E+01 0.109500003E+01 0.164699996E+01 0.107700002E+01 0.178499997E+01
 0.107700002E+01 0.206999993E+01 0.103999996E+01 0.212800002E+01 0.992999971E+00
 0.224499989E+01 0.708999991E+00 0.232299995E+01 0.518999994E+00 0.237700009E+01
 0.388999999E+00 0.236249995E+01 0.400000006E+00 0.236443496E+01 0.222000003E+00
 0.236496902E+01 0.133000001E+00 0.236532402E+01 0.439999998E-01 0.236512089E+01
-0.439999998E-01 0.236484194E+01-0.133000001E+00 0.236433411E+01-0.222000003E+00
 0.236249995E+01-0.400000006E+00 0.237700009E+01-0.388999999E+00 0.213400006E+01
-0.972999990E+00 0.178600001E+01-0.117400002E+01 0.176800001E+01-0.121099997E+01
 0.176800001E+01-0.125000000E+01 0.168200004E+01-0.125000000E+01 0.137199998E+01
-0.125000000E+01 0.137199998E+01-0.132900000E+01 0.141999996E+01-0.132900000E+01
 0.141999996E+01-0.136300004E+01 0.127300000E+01-0.136300004E+01 0.115300000E+01
-0.136300004E+01 0.101600003E+01-0.122300005E+01 0.101600003E+01-0.122300005E+01
 0.101600003E+01-0.829999983E+00 0.101600003E+01-0.800000012E+00 0.101600003E+01
-0.414999992E+00 0.101600003E+01-0.400000006E+00 0.101600003E+01-0.100000005E-02
 0.101600003E+01 0.000000000E+00
    0 0.169550002E+01    0
 0.000000000E+00 0.102461711E+00 0.145398632E+00 0.178523138E+00 0.205771983E+00
 0.230156541E+00 0.252932101E+00 0.273900002E+00 0.293551415E+00 0.312148213E+00
 0.329757154E+00 0.346638799E+00 0.362870365E+00 0.378463149E+00 0.393595099E+00
 0.408312976E+00 0.422542214E+00 0.436453968E+00 0.450075746E+00 0.463382393E+00
 0.476381123E+00 0.489173144E+00 0.501778841E+00 0.514140010E+00 0.526305974E+00
 0.538323283E+00 0.550206363E+00 0.561932564E+00 0.573505521E+00 0.584978163E+00
 0.596366704E+00 0.607652187E+00 0.618823886E+00 0.629925251E+00 0.640978217E+00
 0.651967466E+00 0.662905276E+00 0.673789144E+00 0.684638977E+00 0.695480108E+00
 0.706290424E+00 0.717102587E+00 0.727895319E+00 0.738709748E+00 0.749536872E+00
 0.760388315E+00 0.771281242E+00 0.782215953E+00 0.793211162E+00 0.804277122E+00
 0.815421641E+00 0.826664865E+00 0.838014007E+00 0.849525869E+00 0.861151814E+00
 0.872990072E+00 0.885016978E+00 0.897323728E+00 0.909886181E+00 0.922820210E+00
 0.936205328E+00 0.950158656E+00 0.964905083E+00 0.980838954E+00 0.100000000E+01
    0
