  EFITD    06/25/2013    #1553453000.0ms  EFIT01   0  65  65
 0.170000005E+01 0.320000005E+01 0.169550002E+01 0.839999974E+00 0.000000000E+00
 0.180740488E+01-0.184270404E-01-0.146612614E+00 0.295482483E-01 0.165898681E+01
 0.101327794E+07-0.146612614E+00 0.000000000E+00 0.180740488E+01 0.000000000E+00
-0.184270404E-01 0.000000000E+00 0.295482483E-01 0.000000000E+00 0.000000000E+00
 0.277310395E+01 0.277521968E+01 0.277725720E+01 0.277921820E+01 0.278110409E+01
 0.278291631E+01 0.278465676E+01 0.278632641E+01 0.278792739E+01 0.278946114E+01
 0.279092884E+01 0.279233265E+01 0.279367328E+01 0.279495263E+01 0.279617238E+01
 0.279733372E+01 0.279843831E+01 0.279948735E+01 0.280048275E+01 0.280142570E+01
 0.280231786E+01 0.280316019E+01 0.280395484E+01 0.280470276E+01 0.280540562E+01
 0.280606461E+01 0.280668163E+01 0.280725765E+01 0.280779433E+01 0.280829287E+01
 0.280875492E+01 0.280918217E+01 0.280957556E+01 0.280993652E+01 0.281026673E+01
 0.281056762E+01 0.281084037E+01 0.281108642E+01 0.281130743E+01 0.281150436E+01
 0.281167936E+01 0.281183314E+01 0.281196737E+01 0.281208324E+01 0.281218266E+01
 0.281226659E+01 0.281233644E+01 0.281239390E+01 0.281244040E+01 0.281247687E+01
 0.281250525E+01 0.281252646E+01 0.281254220E+01 0.281255388E+01 0.281256294E+01
 0.281257057E+01 0.281257820E+01 0.281258774E+01 0.281259966E+01 0.281261611E+01
 0.281263828E+01 0.281266761E+01 0.281270528E+01 0.281275320E+01 0.281281209E+01
 0.939667734E+05 0.913692109E+05 0.888075000E+05 0.862816328E+05 0.837916172E+05
 0.813374609E+05 0.789191562E+05 0.765367031E+05 0.741900938E+05 0.718793438E+05
 0.696044375E+05 0.673653906E+05 0.651621992E+05 0.629948516E+05 0.608633633E+05
 0.587677227E+05 0.567079336E+05 0.546840000E+05 0.526959141E+05 0.507436797E+05
 0.488273047E+05 0.469467734E+05 0.451020938E+05 0.432932734E+05 0.415202969E+05
 0.397831797E+05 0.380819102E+05 0.364164922E+05 0.347869297E+05 0.331932148E+05
 0.316353555E+05 0.301133477E+05 0.286271914E+05 0.271768848E+05 0.257624336E+05
 0.243838320E+05 0.230410820E+05 0.217341855E+05 0.204631387E+05 0.192279473E+05
 0.180286055E+05 0.168651152E+05 0.157374785E+05 0.146456934E+05 0.135897598E+05
 0.125696777E+05 0.115854482E+05 0.106370713E+05 0.972454492E+04 0.884787109E+04
 0.800704980E+04 0.720208008E+04 0.643296240E+04 0.569969629E+04 0.500228271E+04
 0.434072070E+04 0.371501025E+04 0.312515234E+04 0.257114600E+04 0.205299170E+04
 0.157068958E+04 0.112423926E+04 0.713640869E+03 0.338894470E+03 0.000000000E+00
 0.217833042E+01 0.209993100E+01 0.202297354E+01 0.194745755E+01 0.187338376E+01
 0.180075169E+01 0.172956157E+01 0.165981340E+01 0.159150696E+01 0.152464247E+01
 0.145921993E+01 0.139523911E+01 0.133270025E+01 0.127160335E+01 0.121194816E+01
 0.115373504E+01 0.109696364E+01 0.104163420E+01 0.987746537E+00 0.935300827E+00
 0.884296954E+00 0.834735036E+00 0.786614895E+00 0.739936709E+00 0.694700360E+00
 0.650905967E+00 0.608553350E+00 0.567642629E+00 0.528173804E+00 0.490146846E+00
 0.453561783E+00 0.418418586E+00 0.384717256E+00 0.352457821E+00 0.321640253E+00
 0.292264581E+00 0.264330745E+00 0.237838805E+00 0.212788746E+00 0.189180568E+00
 0.167014256E+00 0.146289825E+00 0.127007276E+00 0.109166607E+00 0.927678123E-01
 0.778108910E-01 0.642958507E-01 0.522226840E-01 0.415913947E-01 0.324019827E-01
 0.246544462E-01 0.183487888E-01 0.134850079E-01 0.100631043E-01 0.808307808E-02
 0.754492870E-02 0.844865572E-02 0.107942596E-01 0.145817408E-01 0.198110994E-01
 0.264823362E-01 0.345954448E-01 0.441504344E-01 0.551473051E-01 0.675860494E-01
-0.950915188E+06-0.937877688E+06-0.924840125E+06-0.911802562E+06-0.898765062E+06
-0.885727500E+06-0.872689938E+06-0.859652375E+06-0.846614875E+06-0.833577312E+06
-0.820539750E+06-0.807502250E+06-0.794464625E+06-0.781427125E+06-0.768389562E+06
-0.755352000E+06-0.742314500E+06-0.729276875E+06-0.716239375E+06-0.703201875E+06
-0.690164250E+06-0.677126750E+06-0.664089250E+06-0.651051625E+06-0.638014125E+06
-0.624976562E+06-0.611939000E+06-0.598901500E+06-0.585863938E+06-0.572826375E+06
-0.559788812E+06-0.546751312E+06-0.533713750E+06-0.520676188E+06-0.507638625E+06
-0.494601125E+06-0.481563562E+06-0.468526000E+06-0.455488469E+06-0.442450938E+06
-0.429413375E+06-0.416375812E+06-0.403338281E+06-0.390300719E+06-0.377263188E+06
-0.364225656E+06-0.351188094E+06-0.338150562E+06-0.325113000E+06-0.312075469E+06
-0.299037938E+06-0.286000375E+06-0.272962812E+06-0.259925281E+06-0.246887734E+06
-0.233850188E+06-0.220812641E+06-0.207775094E+06-0.194737547E+06-0.181700000E+06
-0.168662469E+06-0.155624906E+06-0.142587359E+06-0.129549820E+06-0.116512281E+06
 5.876492336e-02 5.624596775e-02 5.367142707e-02 5.098783225e-02 4.816682637e-02
 4.519512877e-02 4.205415025e-02 3.869828954e-02 3.514628485e-02 3.134613857e-02
 2.670511603e-02 2.053125761e-02 1.406899374e-02 9.841991588e-03 7.343726233e-03
 6.366178393e-03 6.866288371e-03 8.900823072e-03 1.265946589e-02 1.855209842e-02
 2.737432718e-02 3.659649193e-02 4.429537430e-02 5.113728344e-02 5.749708042e-02
 6.360702962e-02 6.963352114e-02 7.571656257e-02 8.199656755e-02 8.861938864e-02
 9.489820898e-02 1.006134748e-01 1.058437526e-01 1.105414480e-01 1.146718413e-01
 1.181456968e-01 1.212318912e-01 1.246668845e-01 1.283460557e-01 1.322128177e-01
 1.362400949e-01 1.404155046e-01 1.447309107e-01 1.491764039e-01 1.537377834e-01
 1.583962291e-01 1.631287187e-01 1.679085493e-01 1.727058589e-01 1.774880588e-01
 1.822203100e-01 1.868662089e-01 1.913884580e-01 1.957499385e-01 1.999147385e-01
 2.038493901e-01 2.075241506e-01 2.109140456e-01 2.139998376e-01 2.167686522e-01
 2.192142010e-01 2.213367522e-01 2.231425345e-01 2.246430963e-01 2.258542031e-01
 5.425954983e-02 5.138490722e-02 4.856914654e-02 4.577285051e-02 4.295495898e-02
 4.007760435e-02 3.717657924e-02 3.431693465e-02 3.144085407e-02 2.845156938e-02
 2.497341856e-02 2.088710479e-02 1.690134406e-02 1.398830302e-02 1.227679662e-02
 1.177246496e-02 1.249940135e-02 1.452113688e-02 1.794419996e-02 2.290280163e-02
 2.941160649e-02 3.646916896e-02 4.316809028e-02 4.951170832e-02 5.561640114e-02
 6.160007417e-02 6.757223606e-02 7.364086062e-02 7.992663234e-02 8.655861020e-02
 9.287687391e-02 9.865683317e-02 1.039729714e-01 1.088110507e-01 1.131365597e-01
 1.168617606e-01 1.202844158e-01 1.241059080e-01 1.282279342e-01 1.325896382e-01
 1.371556818e-01 1.419038177e-01 1.468175650e-01 1.518815160e-01 1.570785642e-01
 1.623883396e-01 1.677863747e-01 1.732437015e-01 1.787267625e-01 1.841975600e-01
 1.896138936e-01 1.949301362e-01 2.000982165e-01 2.050689757e-01 2.097940743e-01
 2.142279148e-01 2.183298618e-01 2.220661342e-01 2.254116237e-01 2.283508480e-01
 2.308784127e-01 2.329987437e-01 2.347251028e-01 2.360781133e-01 2.370840013e-01
 4.909542948e-02 4.599677026e-02 4.310231283e-02 4.036343470e-02 3.771637753e-02
 3.532044217e-02 3.315646201e-02 3.116836585e-02 2.931379527e-02 2.740012109e-02
 2.537739091e-02 2.335427701e-02 2.155196480e-02 2.022319660e-02 1.956137083e-02
 1.968785375e-02 2.067816257e-02 2.257901430e-02 2.540550940e-02 2.911610529e-02
 3.357218951e-02 3.853603825e-02 4.376736283e-02 4.911776260e-02 5.452977866e-02
 5.999951810e-02 6.554865837e-02 7.120812684e-02 7.700419426e-02 8.291091025e-02
 8.871320635e-02 9.426939487e-02 9.955905378e-02 1.045758426e-01 1.093157902e-01
 1.137963980e-01 1.181921661e-01 1.227466241e-01 1.275096834e-01 1.324839592e-01
 1.376641691e-01 1.430427134e-01 1.486102045e-01 1.543548405e-01 1.602614224e-01
 1.663103402e-01 1.724766195e-01 1.787292957e-01 1.850306541e-01 1.913359016e-01
 1.975931674e-01 2.037439346e-01 2.097242177e-01 2.154665440e-01 2.209027410e-01
 2.259674817e-01 2.306020409e-01 2.347581387e-01 2.384010553e-01 2.415116131e-01
 2.440869212e-01 2.461395264e-01 2.476954311e-01 2.487911284e-01 2.494702637e-01
 4.278837889e-02 3.949718550e-02 3.672662005e-02 3.440633789e-02 3.242379427e-02
 3.089358471e-02 2.972704731e-02 2.871209569e-02 2.772083506e-02 2.673571557e-02
 2.578024566e-02 2.492033690e-02 2.425633743e-02 2.390388399e-02 2.397234365e-02
 2.455075830e-02 2.570246719e-02 2.746311575e-02 2.983774245e-02 3.279678524e-02
 3.627552465e-02 4.018374160e-02 4.442596436e-02 4.892175645e-02 5.361511558e-02
 5.847255141e-02 6.347513199e-02 6.860843301e-02 7.385134697e-02 7.916609198e-02
 8.449985087e-02 8.980381489e-02 9.504867345e-02 1.002263129e-01 1.053493693e-01
 1.104547307e-01 1.156033725e-01 1.208628565e-01 1.262851506e-01 1.319018304e-01
 1.377298087e-01 1.437766850e-01 1.500435024e-01 1.565258503e-01 1.632138789e-01
 1.700917333e-01 1.771365106e-01 1.843171716e-01 1.915931702e-01 1.989130080e-01
 2.062134445e-01 2.134189606e-01 2.204425931e-01 2.271883786e-01 2.335556597e-01
 2.394452244e-01 2.447667569e-01 2.494463027e-01 2.534325421e-01 2.567008138e-01
 2.592543662e-01 2.611222267e-01 2.623546422e-01 2.630167902e-01 2.631821036e-01
 3.429146484e-02 3.062646650e-02 2.837016992e-02 2.719405293e-02 2.660075761e-02
 2.637991309e-02 2.627384476e-02 2.618408948e-02 2.607249096e-02 2.593919635e-02
 2.581264637e-02 2.574323490e-02 2.579664439e-02 2.604581602e-02 2.656244673e-02
 2.740973234e-02 2.863710374e-02 3.027688339e-02 3.234241158e-02 3.482779115e-02
 3.770990297e-02 4.095315188e-02 4.451618716e-02 4.835855961e-02 5.244516954e-02
 5.674760044e-02 6.124283373e-02 6.591042876e-02 7.072968781e-02 7.567816973e-02
 8.073311299e-02 8.587519079e-02 9.109275043e-02 9.638454765e-02 1.017608494e-01
 1.072429642e-01 1.128606200e-01 1.186470166e-01 1.246335655e-01 1.308464557e-01
 1.373056620e-01 1.440251172e-01 1.510133296e-01 1.582734883e-01 1.658031940e-01
 1.735936254e-01 1.816281080e-01 1.898801178e-01 1.983107924e-01 2.068656832e-01
 2.154716104e-01 2.240335643e-01 2.324332446e-01 2.405304760e-01 2.481693625e-01
 2.551894784e-01 2.614412308e-01 2.668019533e-01 2.711895704e-01 2.745710015e-01
 2.769643366e-01 2.784337997e-01 2.790785432e-01 2.790182233e-01 2.783785462e-01
 2.084853686e-02 1.517752558e-02 1.602778956e-02 1.840750873e-02 2.020265721e-02
 2.165385149e-02 2.282946743e-02 2.377282642e-02 2.452556789e-02 2.513414994e-02
 2.565133572e-02 2.613557316e-02 2.664899454e-02 2.725443244e-02 2.801200747e-02
 2.897575870e-02 3.019082732e-02 3.169140965e-02 3.349974006e-02 3.562616929e-02
 3.807045892e-02 4.082399979e-02 4.387266934e-02 4.719964042e-02 5.078764260e-02
 5.462028831e-02 5.868249014e-02 6.296032667e-02 6.744076312e-02 7.211179286e-02
 7.696317881e-02 8.198773861e-02 8.718280494e-02 9.255129844e-02 9.810221940e-02
 1.038502529e-01 1.098146439e-01 1.160173491e-01 1.224811524e-01 1.292280257e-01
 1.362780631e-01 1.436489224e-01 1.513554156e-01 1.594091505e-01 1.678179353e-01
 1.765846163e-01 1.857053638e-01 1.951669753e-01 2.049429119e-01 2.149876803e-01
 2.252293229e-01 2.355600595e-01 2.458265126e-01 2.558234334e-01 2.652975321e-01
 2.739686966e-01 2.815666199e-01 2.878699303e-01 2.927358150e-01 2.961172163e-01
 2.980677485e-01 2.987315059e-01 2.983147204e-01 2.970467210e-01 2.951467335e-01
 1.094439346e-02 4.133368842e-03 6.428633817e-03 1.131704077e-02 1.508199796e-02
 1.800810546e-02 2.030569129e-02 2.211859636e-02 2.355525270e-02 2.470571548e-02
 2.565012872e-02 2.646263875e-02 2.721290663e-02 2.796624042e-02 2.878297493e-02
 2.971745655e-02 3.081686050e-02 3.212000802e-02 3.365677595e-02 3.544832394e-02
 3.750812262e-02 3.984320909e-02 4.245561361e-02 4.534373432e-02 4.850364104e-02
 5.193010718e-02 5.561740324e-02 5.955983698e-02 6.375217438e-02 6.819012016e-02
 7.287089527e-02 7.779391110e-02 8.296146989e-02 8.837921917e-02 9.405644983e-02
 1.000059471e-01 1.062436402e-01 1.127879173e-01 1.196589097e-01 1.268778443e-01
 1.344665289e-01 1.424469799e-01 1.508412957e-01 1.596713364e-01 1.689584851e-01
 1.787229180e-01 1.889824122e-01 1.997500956e-01 2.110305429e-01 2.228129953e-01
 2.350599617e-01 2.476884872e-01 2.605405450e-01 2.733422518e-01 2.856670022e-01
 2.969610989e-01 3.066749871e-01 3.143881857e-01 3.198445737e-01 3.229624331e-01
 3.238620758e-01 3.228838742e-01 3.205084205e-01 3.172047734e-01 3.133476079e-01
 7.103105076e-03-4.802865442e-05 2.917104866e-03 8.540264331e-03 1.309489086e-02
 1.674540900e-02 1.964027621e-02 2.191655897e-02 2.369584516e-02 2.508525737e-02
 2.617974579e-02 2.706428990e-02 2.781563438e-02 2.850358374e-02 2.919192985e-02
 2.993903682e-02 3.079769388e-02 3.181262314e-02 3.301982582e-02 3.444686905e-02
 3.611563519e-02 3.804316744e-02 4.024210945e-02 4.272124171e-02 4.548615217e-02
 4.854014516e-02 5.188517272e-02 5.552250519e-02 5.945322663e-02 6.367874891e-02
 6.820133328e-02 7.302459329e-02 7.815399766e-02 8.359719068e-02 8.936428279e-02
 9.546795487e-02 1.019234136e-01 1.087483466e-01 1.159627736e-01 1.235889718e-01
 1.316515207e-01 1.401774883e-01 1.491966844e-01 1.587421745e-01 1.688508391e-01
 1.795639694e-01 1.909279078e-01 2.029943168e-01 2.158199847e-01 2.294647843e-01
 2.439860702e-01 2.594242096e-01 2.757666707e-01 2.928627729e-01 3.102151453e-01
 3.262149394e-01 3.394569457e-01 3.493938744e-01 3.556735516e-01 3.580716252e-01
 3.565376401e-01 3.518385589e-01 3.457207084e-01 3.390378952e-01 3.322749734e-01
 8.566927165e-03 1.457991311e-03 4.310934339e-03 1.002893038e-02 1.470416505e-02
 1.844441518e-02 2.137675323e-02 2.363219857e-02 2.533490211e-02 2.659742534e-02
 2.751976997e-02 2.819027007e-02 2.868724614e-02 2.908097021e-02 2.943603881e-02
 2.981481515e-02 3.028383106e-02 3.089538962e-02 3.168976307e-02 3.269049525e-02
 3.392450139e-02 3.541669995e-02 3.718811274e-02 3.925517946e-02 4.162964970e-02
 4.431991279e-02 4.733331129e-02 5.067633837e-02 5.435467511e-02 5.837360397e-02
 6.273864210e-02 6.745602190e-02 7.253310829e-02 7.797879726e-02 8.380378038e-02
 9.002084285e-02 9.664504975e-02 1.036939844e-01 1.111879572e-01 1.191503257e-01
 1.276079565e-01 1.365918815e-01 1.461381465e-01 1.562890410e-01 1.670947373e-01
 1.786154807e-01 1.909246147e-01 2.041126788e-01 2.182932496e-01 2.336114049e-01
 2.502567768e-01 2.684850991e-01 2.886585593e-01 3.113415241e-01 3.370047808e-01
 3.601787984e-01 3.783949614e-01 3.915256262e-01 3.992932141e-01 4.010425210e-01
 3.965553641e-01 3.849577606e-01 3.722592294e-01 3.606106639e-01 3.501011133e-01
 1.465524174e-02 7.744507398e-03 1.035713125e-02 1.578487642e-02 2.006000653e-02
 2.331893332e-02 2.573316172e-02 2.746098489e-02 2.863988094e-02 2.938648127e-02
 2.979927137e-02 2.996178344e-02 2.994542010e-02 2.981154993e-02 2.961272746e-02
 2.939249203e-02 2.929577418e-02 2.937348932e-02 2.968561649e-02 3.017998487e-02
 3.090747446e-02 3.190728649e-02 3.321093321e-02 3.484251350e-02 3.681487590e-02
 3.913331032e-02 4.180969298e-02 4.485560581e-02 4.827990755e-02 5.208944529e-02
 5.629129708e-02 6.089294329e-02 6.590241194e-02 7.132878900e-02 7.718258351e-02
 8.347608149e-02 9.022362530e-02 9.744206071e-02 1.051510423e-01 1.133736074e-01
 1.221368983e-01 1.314730197e-01 1.414202899e-01 1.520249099e-01 1.633431315e-01
 1.754444540e-01 1.884158254e-01 2.023679018e-01 2.174441367e-01 2.338343710e-01
 2.517963350e-01 2.716900110e-01 2.940336168e-01 3.195842206e-01 3.493781090e-01
 3.798901737e-01 4.035218656e-01 4.201553166e-01 4.299274981e-01 4.327298999e-01
 4.275818169e-01 4.139409363e-01 3.942725062e-01 3.776012957e-01 3.635999858e-01
 2.557141520e-02 1.890276559e-02 2.166320756e-02 2.626172453e-02 2.937945537e-02
 3.142312914e-02 3.267386183e-02 3.332892060e-02 3.352966160e-02 3.338184580e-02
 3.296807036e-02 3.235523775e-02 3.159901872e-02 3.074662760e-02 2.983846143e-02
 2.890917659e-02 2.810697258e-02 2.747684717e-02 2.705887333e-02 2.688151971e-02
 2.698099613e-02 2.739591524e-02 2.816660143e-02 2.933783084e-02 3.090982512e-02
 3.283456713e-02 3.515309840e-02 3.789058328e-02 4.105646908e-02 4.465107620e-02
 4.868260771e-02 5.315915868e-02 5.808777735e-02 6.347651035e-02 6.933456659e-02
 7.567268610e-02 8.250348270e-02 8.984170109e-02 9.770471603e-02 1.061130464e-01
 1.150911301e-01 1.246682107e-01 1.348795742e-01 1.457680017e-01 1.573859155e-01
 1.697979867e-01 1.830849946e-01 1.973487586e-01 2.127191424e-01 2.293638140e-01
 2.475012243e-01 2.674178481e-01 2.894884944e-01 3.141954839e-01 3.421414495e-01
 3.738609552e-01 4.008055329e-01 4.200783968e-01 4.319417775e-01 4.364820421e-01
 4.338957071e-01 4.231880307e-01 4.041776061e-01 3.847262859e-01 3.690963387e-01
 4.494176432e-02 3.964880481e-02 4.043833166e-02 4.213686660e-02 4.257741570e-02
 4.236502200e-02 4.173052311e-02 4.079129547e-02 3.962020576e-02 3.826930374e-02
 3.677956387e-02 3.518533334e-02 3.351658210e-02 3.180005401e-02 3.005986288e-02
 2.831777558e-02 2.671761252e-02 2.530293167e-02 2.411494032e-02 2.319247462e-02
 2.257408202e-02 2.229783684e-02 2.240034938e-02 2.291472629e-02 2.386567928e-02
 2.527318895e-02 2.716778405e-02 2.958676219e-02 3.251590207e-02 3.588885069e-02
 3.974340111e-02 4.409165308e-02 4.893237352e-02 5.427220464e-02 6.011760980e-02
 6.647697091e-02 7.336016744e-02 8.077846467e-02 8.874505758e-02 9.727562964e-02
 1.063889414e-01 1.161075532e-01 1.264586449e-01 1.374750137e-01 1.491962522e-01
 1.616702676e-01 1.749550402e-01 1.891207397e-01 2.042520195e-01 2.204503715e-01
 2.378358990e-01 2.565475702e-01 2.767405510e-01 2.985809147e-01 3.222446740e-01
 3.479764163e-01 3.742465675e-01 3.930748105e-01 4.054329693e-01 4.118354023e-01
 4.120596051e-01 4.066009223e-01 3.946384192e-01 3.777171373e-01 3.640860021e-01
 7.258731872e-02 7.093181461e-02 6.597728282e-02 6.133754924e-02 5.775727332e-02
 5.463619903e-02 5.173687637e-02 4.894943908e-02 4.621807486e-02 4.351370037e-02
 4.082202911e-02 3.813765943e-02 3.546088189e-02 3.279577941e-02 3.014898673e-02
 2.752844244e-02 2.507289499e-02 2.282324806e-02 2.082000114e-02 1.910314709e-02
 1.771219447e-02 1.668589748e-02 1.606176980e-02 1.587537676e-02 1.615970768e-02
 1.694571786e-02 1.826332137e-02 2.013914660e-02 2.259096876e-02 2.563256584e-02
 2.929212898e-02 3.354077786e-02 3.829382733e-02 4.358527437e-02 4.941138253e-02
 5.577994883e-02 6.269847602e-02 7.017301768e-02 7.821077853e-02 8.682055026e-02
 9.601318836e-02 1.058018729e-01 1.162024513e-01 1.272337139e-01 1.389176100e-01
 1.512792856e-01 1.643469334e-01 1.781510413e-01 1.927227080e-01 2.080903351e-01
 2.242735028e-01 2.412718534e-01 2.590455115e-01 2.774792016e-01 2.963119447e-01
 3.149836063e-01 3.323657513e-01 3.469737470e-01 3.579195738e-01 3.649232686e-01
 3.679745495e-01 3.672586977e-01 3.632687032e-01 3.570818305e-01 3.502142429e-01
 9.205124527e-02 9.150768071e-02 8.480826765e-02 7.750965655e-02 7.134679705e-02
 6.597470492e-02 6.114525348e-02 5.669004470e-02 5.249657482e-02 4.848923534e-02
 4.461680353e-02 4.084456339e-02 3.714943305e-02 3.351714462e-02 2.994123101e-02
 2.642446384e-02 2.309718542e-02 1.999582723e-02 1.715914905e-02 1.462674420e-02
 1.243832707e-02 1.063328888e-02 9.250357747e-03 8.327283897e-03 7.900599390e-03
 8.005455136e-03 8.675351739e-03 9.941354394e-03 1.183108799e-02 1.436865982e-02
 1.757431589e-02 2.145863138e-02 2.602874674e-02 3.131027520e-02 3.711407259e-02
 4.348947480e-02 5.044587702e-02 5.797472969e-02 6.607577950e-02 7.474954426e-02
 8.399793506e-02 9.382377565e-02 1.042306498e-01 1.152226105e-01 1.268036664e-01
 1.389768124e-01 1.517426074e-01 1.650969535e-01 1.790276170e-01 1.935090423e-01
 2.084945738e-01 2.239047885e-01 2.396108210e-01 2.554111183e-01 2.710030675e-01
 2.859606743e-01 2.997508049e-01 3.118222952e-01 3.217331767e-01 3.292254210e-01
 3.342349529e-01 3.368845880e-01 3.374802768e-01 3.364834785e-01 3.344170153e-01
 1.043079644e-01 1.040445641e-01 9.732473642e-02 8.911927044e-02 8.172513545e-02
 7.502140105e-02 6.887312233e-02 6.316038221e-02 5.778443813e-02 5.266713351e-02
 4.774774611e-02 4.297943413e-02 3.832592070e-02 3.375845030e-02 2.925264649e-02
 2.489251457e-02 2.072421834e-02 1.679055020e-02 1.313294843e-02 9.792209603e-03
 6.808681414e-03 4.222295247e-03 2.072523581e-03 3.983062343e-04-7.620514371e-04
-1.371023478e-03-1.392119913e-03-7.903119549e-04 4.673878429e-04 2.411240712e-03
 5.067761522e-03 8.458111435e-03 1.259695459e-02 1.748976298e-02 2.312134579e-02
 2.949604765e-02 3.654559702e-02 4.415361583e-02 5.233939737e-02 6.109293550e-02
 7.040902972e-02 8.028063923e-02 9.069999307e-02 1.016583145e-01 1.131446660e-01
 1.251446307e-01 1.376384497e-01 1.505985558e-01 1.639864445e-01 1.777481735e-01
 1.918088645e-01 2.060658485e-01 2.203807533e-01 2.345724553e-01 2.484131306e-01
 2.616331279e-01 2.739395499e-01 2.850488424e-01 2.947252095e-01 3.028119504e-01
 3.092484474e-01 3.140737116e-01 3.174170852e-01 3.194757700e-01 3.204804361e-01
 1.127604097e-01 1.126325577e-01 1.056213677e-01 9.698374569e-02 8.896970749e-02
 8.151413500e-02 7.453886420e-02 6.796401739e-02 6.171557680e-02 5.572873354e-02
 4.994858056e-02 4.432938620e-02 3.883330151e-02 3.342888504e-02 2.808967233e-02
 2.291311696e-02 1.793953590e-02 1.320996694e-02 8.765390143e-03 4.646472633e-03
 8.934884681e-04-2.453673631e-03-5.355468020e-03-7.772646379e-03-9.666230530e-03
-1.099754125e-02-1.172830444e-02-1.182089932e-02-1.123875100e-02-9.946915321e-03
-7.912916131e-03-5.107872654e-03-1.507864334e-03 2.904304769e-03 8.137159050e-03
 1.419108734e-02 2.105088718e-02 2.869318612e-02 3.702218831e-02 4.589570314e-02
 5.532521755e-02 6.528960168e-02 7.577087730e-02 8.675105870e-02 9.820900857e-02
 1.101189330e-01 1.224488243e-01 1.351586729e-01 1.481982023e-01 1.615041792e-01
 1.749974042e-01 1.885796785e-01 2.021312863e-01 2.155100703e-01 2.285532057e-01
 2.410829961e-01 2.529174089e-01 2.638842463e-01 2.738364935e-01 2.826657295e-01
 2.903105915e-01 2.967594564e-01 3.020464480e-01 3.062425852e-01 3.094426394e-01
 1.179427952e-01 1.178199425e-01 1.105865240e-01 1.017565057e-01 9.345605969e-02
 8.561422676e-02 7.816398144e-02 7.104206085e-02 6.419138610e-02 5.756143853e-02
 5.110802129e-02 4.479280487e-02 3.858274966e-02 3.244940564e-02 2.636780217e-02
 2.044991590e-02 1.473774668e-02 9.273052216e-03 4.097161815e-03-7.491828874e-04
-5.225852598e-03-9.293258190e-03-1.291221846e-02-1.604379155e-02-1.864911988e-02
-2.068931423e-02-2.212540060e-02-2.291839570e-02-2.302950621e-02-2.242052555e-02
-2.105443738e-02-1.889627241e-02-1.591426320e-02-1.208128035e-02-7.376596332e-03
-1.787919318e-03 4.685552325e-03 1.203020755e-02 2.021237463e-02 2.918604203e-02
 3.882370889e-02 4.896270484e-02 5.958611146e-02 7.067776471e-02 8.221154660e-02
 9.415542334e-02 1.064713076e-01 1.191143468e-01 1.320317686e-01 1.451615393e-01
 1.584310085e-01 1.717557460e-01 1.850391030e-01 1.981726736e-01 2.110383809e-01
 2.235120535e-01 2.354686856e-01 2.467887551e-01 2.573647201e-01 2.671064436e-01
 2.759450078e-01 2.838340402e-01 2.907492816e-01 2.966861129e-01 3.016567230e-01
 1.197686270e-01 1.194611639e-01 1.125113145e-01 1.037868708e-01 9.551990032e-02
 8.760004491e-02 7.995380461e-02 7.253175974e-02 6.529490650e-02 5.820930004e-02
 5.124418437e-02 4.437156022e-02 3.756644204e-02 3.080788627e-02 2.408174798e-02
 1.751362532e-02 1.114656869e-02 5.023851059e-03-8.120589191e-04-6.319818553e-03
-1.145920344e-02-1.619092748e-02-2.047637850e-02-2.427730709e-02-2.755552717e-02
-3.027264588e-02-3.238985315e-02-3.386782855e-02-3.466673940e-02-3.474644944e-02
-3.406688944e-02-3.258869424e-02-3.027410433e-02-2.708818763e-02-2.300042845e-02
-1.798672229e-02-1.203183923e-02-5.132222548e-03 2.700917888e-03 1.143912785e-02
 2.103249542e-02 3.142252937e-02 4.226039350e-02 5.356954038e-02 6.530405581e-02
 7.742615044e-02 8.989396691e-02 1.026616395e-01 1.156786233e-01 1.288889647e-01
 1.422305107e-01 1.556345224e-01 1.690256596e-01 1.823223233e-01 1.954379231e-01
 2.082824260e-01 2.207644433e-01 2.327932715e-01 2.442806810e-01 2.551420927e-01
 2.652969062e-01 2.746682763e-01 2.831832767e-01 2.907742262e-01 2.973820269e-01
 1.184750050e-01 1.176054627e-01 1.112385094e-01 1.034087911e-01 9.562048316e-02
 8.789563924e-02 8.025515079e-02 7.270190120e-02 6.522885710e-02 5.782328919e-02
 5.046900362e-02 4.314760864e-02 3.583892062e-02 2.852032520e-02 2.127319202e-02
 1.415800583e-02 7.228076924e-03 5.321324570e-04-5.884467158e-03-1.197899878e-02
-1.771082915e-02-2.304092422e-02-2.793135494e-02-3.234481812e-02-3.624419123e-02
-3.959209472e-02-4.235053062e-02-4.448063299e-02-4.594251513e-02-4.669523612e-02
-4.669701308e-02-4.590559751e-02-4.427896068e-02-4.177625477e-02-3.835916147e-02
-3.399365023e-02-2.865218930e-02-2.231648378e-02-1.498070359e-02-6.655357778e-03
 2.627915936e-03 1.281043421e-02 2.379401587e-02 3.549668193e-02 4.757679999e-02
 6.003408134e-02 7.282287627e-02 8.589843661e-02 9.921523929e-02 1.127258837e-01
 1.263803840e-01 1.401258111e-01 1.539062262e-01 1.676628888e-01 1.813345104e-01
 1.948575974e-01 2.081664503e-01 2.211925238e-01 2.338630855e-01 2.460984290e-01
 2.578080297e-01 2.688859999e-01 2.792076766e-01 2.886307538e-01 2.970041037e-01
 1.165122986e-01 1.151409149e-01 1.093583629e-01 1.021203697e-01 9.468147159e-02
 8.712764084e-02 7.952103019e-02 7.189300656e-02 6.425603479e-02 5.661138147e-02
 4.895341024e-02 4.127208889e-02 3.355440870e-02 2.578479797e-02 1.807771437e-02
 1.049089339e-02 3.078172216e-03-4.110498820e-03-1.102875452e-02-1.763337478e-02
-2.388378233e-02-2.974146791e-02-3.516942263e-02-4.013153911e-02-4.459204152e-02
-4.851493239e-02-5.186350644e-02-5.459995940e-02-5.668505654e-02-5.807797238e-02
-5.873627961e-02-5.861613154e-02-5.767269805e-02-5.586086959e-02-5.313633755e-02
-4.945703596e-02-4.478506744e-02-3.908913583e-02-3.234753758e-02-2.455173060e-02
-1.571048051e-02-5.854380317e-03 4.959831014e-03 1.664782129e-02 2.908429876e-02
 4.204697162e-02 5.532149598e-02 6.887030602e-02 8.265697956e-02 9.664517641e-02
 1.107982695e-01 1.250792742e-01 1.394510269e-01 1.538762301e-01 1.683176458e-01
 1.827377975e-01 1.970981359e-01 2.113571316e-01 2.254667729e-01 2.393665016e-01
 2.529735267e-01 2.661686540e-01 2.787776887e-01 2.905539572e-01 3.011828065e-01
 1.155404672e-01 1.140293851e-01 1.081422567e-01 1.007988453e-01 9.333530068e-02
 8.577029407e-02 7.812125236e-02 7.040182501e-02 6.261929125e-02 5.477495119e-02
 4.686547443e-02 3.888456523e-02 3.082504310e-02 2.268250287e-02 1.459267735e-02
 6.612214725e-03-1.204877859e-03-8.808169514e-03-1.615096256e-02-2.319005132e-02
-2.988526598e-02-3.619889170e-02-4.209503531e-02-4.753897339e-02-5.249646679e-02
-5.693314970e-02-6.081392244e-02-6.410242617e-02-6.676061451e-02-6.874844432e-02
-7.002367079e-02-7.054185867e-02-7.025657594e-02-6.911990047e-02-6.708312035e-02
-6.409792602e-02-6.011796743e-02-5.510090292e-02-4.901099205e-02-4.182226956e-02
-3.352231905e-02-2.411653101e-02-1.363279577e-02-2.126540523e-03 1.031325012e-02
 2.355935052e-02 3.745825216e-02 5.161324143e-02 6.600075215e-02 8.059695363e-02
 9.537880123e-02 1.103248298e-01 1.254158914e-01 1.406357735e-01 1.559717506e-01
 1.714147925e-01 1.869594306e-01 2.026025355e-01 2.183405459e-01 2.341639251e-01
 2.500463128e-01 2.659240663e-01 2.816557288e-01 2.969321012e-01 3.110775650e-01
 1.144577637e-01 1.128255278e-01 1.066051424e-01 9.914819896e-02 9.160368145e-02
 8.396671712e-02 7.623746246e-02 6.841506809e-02 6.049695238e-02 5.247830600e-02
 4.435185343e-02 3.610748053e-02 2.773125283e-02 1.931190863e-02 1.092192717e-02
 2.625096124e-03-5.521253683e-03-1.346518472e-02-2.115947753e-02-2.856103145e-02
-3.563024476e-02-4.233034328e-02-4.862668365e-02-5.448600277e-02-5.987572670e-02
-6.476323307e-02-6.911517680e-02-7.289692014e-02-7.607193291e-02-7.860139012e-02
-8.044383675e-02-8.155503869e-02-8.188793063e-02-8.139292896e-02-8.001835644e-02
-7.771135867e-02-7.441902161e-02-7.009010762e-02-6.467723101e-02-5.813960359e-02
-5.044642463e-02-4.158090055e-02-3.154482320e-02-2.036369964e-02-8.092167787e-03
 5.180823617e-03 1.932773553e-02 3.417559713e-02 4.925066605e-02 6.453783810e-02
 8.002483845e-02 9.570328891e-02 1.115698442e-01 1.276274621e-01 1.438868046e-01
 1.603678316e-01 1.771014333e-01 1.941312402e-01 2.115153223e-01 2.293277532e-01
 2.476595491e-01 2.666181624e-01 2.863215804e-01 3.068542778e-01 3.272667229e-01
 1.125848815e-01 1.107791811e-01 1.046005934e-01 9.705954045e-02 8.944498748e-02
 8.174598962e-02 7.394950092e-02 6.604328752e-02 5.801622570e-02 4.985790700e-02
 4.155807197e-02 3.310596198e-02 2.448942512e-02 1.582993194e-02 7.193464320e-03
-1.358541776e-03-9.769630618e-03-1.798832417e-02-2.596787736e-02-3.366582841e-02
-4.104343802e-02-4.806504399e-02-5.469732732e-02-6.090855226e-02-6.666781008e-02
-7.194425166e-02-7.670637220e-02-8.092132211e-02-8.455426991e-02-8.756791055e-02
-8.992199600e-02-9.157301486e-02-9.247405827e-02-9.257483482e-02-9.182193875e-02
-9.015943110e-02-8.752965927e-02-8.387466520e-02-7.913792133e-02-7.326670736e-02
-6.621512771e-02-5.794778466e-02-4.844415560e-02-3.770370781e-02-2.575157210e-02
-1.264464762e-02 1.522086794e-03 1.660921052e-02 3.242750466e-02 4.845075309e-02
 6.467403471e-02 8.109818399e-02 9.773138165e-02 1.145910174e-01 1.317059696e-01
 1.491195261e-01 1.668930650e-01 1.851110160e-01 2.038876861e-01 2.233771086e-01
 2.437877357e-01 2.654065192e-01 2.886439264e-01 3.141320944e-01 3.406799138e-01
 1.102448404e-01 1.082697213e-01 1.020252183e-01 9.444756061e-02 8.682498336e-02
 7.912403345e-02 7.131379843e-02 6.337099522e-02 5.527819693e-02 4.702185467e-02
 3.859107941e-02 2.997767553e-02 2.117831260e-02 1.233445480e-02 3.508088412e-03
-5.241381936e-03-1.385864429e-02-2.229303494e-02-3.049855679e-02-3.843359649e-02
-4.606039822e-02-5.334446579e-02-6.025379524e-02-6.675814092e-02-7.282821834e-02
-7.843489200e-02-8.354844898e-02-8.813784271e-02-9.217001498e-02-9.560930729e-02
-9.841689467e-02-1.005504206e-01-1.019636542e-01-1.026063561e-01-1.024243981e-01
-1.013600156e-01-9.935247153e-02-9.633902460e-02-9.225641191e-02-8.704282343e-02
-8.064054698e-02-7.299926132e-02-6.408019364e-02-5.386105925e-02-4.234174639e-02
-2.955080010e-02-1.555231586e-02-4.530379083e-04 1.559103373e-02 3.236927465e-02
 4.932753742e-02 6.647077948e-02 8.381250501e-02 1.013769582e-01 1.192018762e-01
 1.373418123e-01 1.558725238e-01 1.748971939e-01 1.945551783e-01 2.150343955e-01
 2.365888953e-01 2.595621049e-01 2.844134271e-01 3.117347956e-01 3.408976197e-01
 1.073559448e-01 1.052117944e-01 9.866341949e-02 9.120745957e-02 8.373496681e-02
 7.615224272e-02 6.841539592e-02 6.050054729e-02 5.239217728e-02 4.407809675e-02
 3.554679453e-02 2.678503096e-02 1.788386703e-02 8.919305168e-03-4.062434891e-05
-8.934186772e-03-1.770536229e-02-2.630353533e-02-3.468317166e-02-4.280336201e-02
-5.062728375e-02-5.812150612e-02-6.525528431e-02-7.199973613e-02-7.832708955e-02
-8.420981467e-02-8.961988240e-02-9.452796727e-02-9.890273958e-02-1.027102247e-01
-1.059131622e-01-1.084705442e-01-1.103371829e-01-1.114634871e-01-1.117953360e-01
-1.112742051e-01-1.098375693e-01-1.074196398e-01-1.039525196e-01-9.936782718e-02
-9.359905124e-02-8.658443391e-02-7.827086002e-02-6.861847639e-02-5.760630965e-02
-4.523874819e-02-3.155274317e-02-1.662549004e-02-5.820384249e-04 1.639778912e-02
 3.407416120e-02 5.189030990e-02 6.985782087e-02 8.799893409e-02 1.063494533e-01
 1.249608696e-01 1.439033449e-01 1.632703841e-01 1.831855327e-01 2.038124800e-01
 2.253697515e-01 2.481535226e-01 2.725733817e-01 2.992048562e-01 3.276239634e-01
 1.023134068e-01 9.956039488e-02 9.410002083e-02 8.740473539e-02 8.034476638e-02
 7.300987840e-02 6.542158872e-02 5.758601427e-02 4.950328916e-02 4.117058963e-02
 3.258349001e-02 2.373712510e-02 1.475315168e-02 5.700973328e-03-3.353734035e-03
-1.235018112e-02-2.123290859e-02-2.995183133e-02-3.846203536e-02-4.672335461e-02
-5.469983816e-02-6.235906109e-02-6.967139989e-02-7.660921663e-02-8.314608783e-02
-8.925592899e-02-9.491223842e-02-1.000872850e-01-1.047513559e-01-1.088720933e-01
-1.124138236e-01-1.153369918e-01-1.175976768e-01-1.191472858e-01-1.199322343e-01
-1.198940352e-01-1.189694256e-01-1.170909256e-01-1.141877174e-01-1.101870313e-01
-1.050161123e-01-9.860487282e-02-9.088933468e-02-8.181603253e-02-7.134740055e-02
-5.946806818e-02-4.619223624e-02-3.157164529e-02-1.570402458e-02 1.258743578e-03
 1.910341904e-02 3.755034134e-02 5.606521666e-02 7.465846092e-02 9.335751832e-02
 1.122012585e-01 1.312394440e-01 1.505338848e-01 1.701603681e-01 1.902111173e-01
 2.107976526e-01 2.320557088e-01 2.541573346e-01 2.773651481e-01 3.016721308e-01
 9.869936109e-02 9.570667148e-02 9.034253657e-02 8.395354450e-02 7.716654241e-02
 7.002802938e-02 6.257095188e-02 5.481346697e-02 4.676400125e-02 3.842506930e-02
 2.979570627e-02 2.090799250e-02 1.187577657e-02 2.768595703e-03-6.348168477e-03
-1.541413460e-02-2.437430993e-02-3.317915276e-02-4.178436473e-02-5.015048757e-02
-5.824236572e-02-6.602846831e-02-7.348015159e-02-8.057087660e-02-8.727537096e-02
-9.356883913e-02-9.942609817e-02-1.048208401e-01-1.097248197e-01-1.141071841e-01
-1.179337278e-01-1.211663708e-01-1.237625480e-01-1.256748140e-01-1.268505454e-01
-1.272317767e-01-1.267552376e-01-1.253527999e-01-1.229520738e-01-1.194775924e-01
-1.148524955e-01-1.090008914e-01-1.018510163e-01-9.333926439e-02-8.341531456e-02
-7.204828411e-02-5.923386663e-02-4.500253499e-02-2.942832001e-02-1.263789181e-02
 5.180516746e-03 2.376857959e-02 4.278894514e-02 6.173324585e-02 8.064106107e-02
 9.954106808e-02 1.184587330e-01 1.374178380e-01 1.564387083e-01 1.755329818e-01
 1.946930885e-01 2.138712853e-01 2.329353690e-01 2.515712380e-01 2.691214979e-01
 9.624356776e-02 9.313562512e-02 8.761637658e-02 8.123561740e-02 7.451027632e-02
 6.744679809e-02 6.005508825e-02 5.234250426e-02 4.431266338e-02 3.596534580e-02
 2.729643136e-02 1.839555986e-02 9.340473451e-03 2.029143652e-04-8.951043710e-03
-1.806100458e-02-2.707228810e-02-3.593581170e-02-4.460784048e-02-5.304955691e-02
-6.122650206e-02-6.910790503e-02-7.666597515e-02-8.387506008e-02-9.071087837e-02
-9.714969993e-02-1.031674743e-01-1.087391153e-01-1.138376445e-01-1.184335127e-01
-1.224939004e-01-1.259820461e-01-1.288567334e-01-1.310717463e-01-1.325755119e-01
-1.333109438e-01-1.332152486e-01-1.322203577e-01-1.302532405e-01-1.272370219e-01
-1.230923980e-01-1.177397072e-01-1.111018583e-01-1.031080931e-01-9.369878471e-02
-8.283127844e-02-7.048690319e-02-5.667887256e-02-4.146086425e-02-2.493561804e-02
-7.262432948e-03 1.133852638e-02 3.058913909e-02 4.973210022e-02 6.873611361e-02
 8.759156615e-02 1.062932462e-01 1.248319373e-01 1.431878209e-01 1.613229513e-01
 1.791703552e-01 1.966190487e-01 2.134944946e-01 2.295408845e-01 2.444241345e-01
 9.417265654e-02 9.095387906e-02 8.548311144e-02 7.908500731e-02 7.236573100e-02
 6.532444805e-02 5.795937032e-02 5.026879162e-02 4.225027189e-02 3.390015662e-02
 2.521334961e-02 1.629882306e-02 7.229597308e-03-1.924909418e-03-1.109994203e-02
-2.023600414e-02-2.927911095e-02-3.818081319e-02-4.689795151e-02-5.539230257e-02
-6.362999976e-02-7.158090919e-02-7.921790332e-02-8.651607484e-02-9.345191717e-02
-1.000025421e-01-1.061448380e-01-1.118546873e-01-1.171061695e-01-1.218708530e-01
-1.261170655e-01-1.298092306e-01-1.329073310e-01-1.353663057e-01-1.371357143e-01
-1.381593347e-01-1.383752227e-01-1.377156824e-01-1.361077577e-01-1.334740072e-01
-1.297338456e-01-1.248054281e-01-1.186083034e-01-1.110669896e-01-1.021154970e-01
-9.170299768e-02-7.980065793e-02-6.640953571e-02-5.156948417e-02-3.536867723e-02
-1.795344986e-02 4.616355873e-04 1.958255656e-02 3.901886940e-02 5.813560635e-02
 7.694619894e-02 9.544400126e-02 1.136085466e-01 1.314051300e-01 1.487814039e-01
 1.656626016e-01 1.819465756e-01 1.975005418e-01 2.121626586e-01 2.257523090e-01
 9.264207631e-02 8.935514838e-02 8.381561935e-02 7.739693671e-02 7.067941129e-02
 6.365259737e-02 5.630715936e-02 4.863511398e-02 4.062943533e-02 3.228348866e-02
 2.359053493e-02 1.467170380e-02 5.598016083e-03-3.562721191e-03-1.274696831e-02
-2.189613879e-02-3.095696867e-02-3.988157958e-02-4.862733185e-02-5.715646595e-02
-6.543557346e-02-7.343499362e-02-8.112808317e-02-8.849047869e-02-9.549924731e-02
-1.021321490e-01-1.083667278e-01-1.141796410e-01-1.195457727e-01-1.244375631e-01
-1.288242489e-01-1.326712370e-01-1.359394938e-01-1.385849416e-01-1.405581236e-01
-1.418037415e-01-1.422606558e-01-1.418617517e-01-1.405344605e-01-1.382013261e-01
-1.347812712e-01-1.301913559e-01-1.243492067e-01-1.171764806e-01-1.086031571e-01
-9.857305139e-02-8.705046773e-02-7.402799278e-02-5.953528732e-02-4.364843667e-02
-2.649915405e-02-8.282595314e-03 1.073866617e-02 3.023935482e-02 4.939654097e-02
 6.816104054e-02 8.650153875e-02 1.043872759e-01 1.217800751e-01 1.386301965e-01
 1.548739970e-01 1.704330891e-01 1.852153987e-01 1.991190612e-01 2.120393962e-01
 9.145484865e-02 8.811750263e-02 8.250616491e-02 7.609648257e-02 6.940812618e-02
 6.241708249e-02 5.510682613e-02 4.746533930e-02 3.948334232e-02 3.115296364e-02
 2.246682346e-02 1.355446782e-02 4.485903308e-03-4.671915900e-03-1.385614090e-02
-2.300873399e-02-3.207686171e-02-4.101299867e-02-4.977480322e-02-5.832478404e-02
-6.662979722e-02-7.466046512e-02-8.239044249e-02-8.979566395e-02-9.685358405e-02
-1.035423428e-01-1.098399684e-01-1.157236025e-01-1.211686954e-01-1.261482835e-01
-1.306322664e-01-1.345867515e-01-1.379734278e-01-1.407490075e-01-1.428647637e-01
-1.442661583e-01-1.448927224e-01-1.446779519e-01-1.435497403e-01-1.414309144e-01
-1.382403076e-01-1.338945478e-01-1.283103973e-01-1.214079559e-01-1.131149530e-01
-1.033720672e-01-9.213950485e-02-7.940472662e-02-6.519128382e-02-4.956845939e-02
-3.266124800e-02-1.466012932e-02 4.169804044e-03 2.347988263e-02 4.282548279e-02
 6.162713468e-02 7.989082485e-02 9.760363400e-02 1.147387698e-01 1.312577128e-01
 1.471115202e-01 1.622423977e-01 1.765860319e-01 1.900750846e-01 2.026438266e-01
 9.032673389e-02 8.691351116e-02 8.143107593e-02 7.512849569e-02 6.853887439e-02
 6.162779406e-02 5.438020080e-02 4.678756371e-02 3.884323686e-02 3.054103814e-02
 2.187469974e-02 1.297900919e-02 3.923974000e-03-5.223508924e-03-1.440065447e-02
-2.354947664e-02-3.261717409e-02-4.155625030e-02-5.032437295e-02-5.888407305e-02
-6.720224768e-02-7.524955273e-02-8.299972862e-02-9.042882919e-02-9.751443565e-02
-1.042348742e-01-1.105683893e-01-1.164923608e-01-1.219825521e-01-1.270123273e-01
-1.315519661e-01-1.355679631e-01-1.390224695e-01-1.418726295e-01-1.440702230e-01
-1.455612183e-01-1.462855488e-01-1.461772621e-01-1.451645494e-01-1.431705505e-01
-1.401142776e-01-1.359123439e-01-1.304812133e-01-1.237404048e-01-1.156166792e-01
-1.060492620e-01-9.499634802e-02-8.244277537e-02-6.840872020e-02-5.295927078e-02
-3.621418774e-02-1.835707203e-02 3.571627894e-04 1.959846169e-02 3.896414861e-02
 5.774958432e-02 7.595089078e-02 9.355456382e-02 1.105374396e-01 1.268675029e-01
 1.425050944e-01 1.574046910e-01 1.715172082e-01 1.847929060e-01 1.971848309e-01
 8.924433589e-02 8.564085513e-02 8.055488765e-02 7.458397001e-02 6.815905869e-02
 6.135232374e-02 5.417946726e-02 4.664393514e-02 3.874478489e-02 3.047901019e-02
 2.184227109e-02 1.297083870e-02 3.935454413e-03-5.196402781e-03-1.436146256e-02
-2.350131981e-02-3.256281093e-02-4.149811715e-02-5.026463047e-02-5.882464349e-02
-6.714484841e-02-7.519574463e-02-8.295091242e-02-9.038631618e-02-9.747945517e-02
-1.042086110e-01-1.105519980e-01-1.164870113e-01-1.219894364e-01-1.270326972e-01
-1.315871477e-01-1.356194019e-01-1.390916854e-01-1.419613361e-01-1.441802680e-01
-1.456946433e-01-1.464446038e-01-1.463643610e-01-1.453823745e-01-1.434219480e-01
-1.404023618e-01-1.362403780e-01-1.308526397e-01-1.241587996e-01-1.160856262e-01
-1.065723225e-01-9.557690471e-02-8.308383077e-02-6.911270320e-02-5.372763053e-02
-3.704687208e-02-1.925170049e-02-5.933842622e-04 1.860336587e-02 3.794218600e-02
 5.669195578e-02 7.484621555e-02 9.239069372e-02 1.093029603e-01 1.255528778e-01
 1.411037445e-01 1.559138894e-01 1.699390113e-01 1.831347048e-01 1.954595149e-01
 8.958454430e-02 8.607839048e-02 8.083094656e-02 7.481524348e-02 6.843578070e-02
 6.168586761e-02 5.456635728e-02 4.707822949e-02 3.922107071e-02 3.099302948e-02
 2.239093184e-02 1.354779862e-02 4.535432439e-03-4.577695858e-03-1.372741722e-02
-2.285453677e-02-3.190518916e-02-4.083095118e-02-4.958869517e-02-5.814023316e-02
-6.645185500e-02-7.449369133e-02-8.223898709e-02-8.966338634e-02-9.674413502e-02
-1.034592241e-01-1.097866297e-01-1.157035083e-01-1.211854070e-01-1.262055337e-01
-1.307340264e-01-1.347372830e-01-1.381773502e-01-1.410113722e-01-1.431910843e-01
-1.446625143e-01-1.453657448e-01-1.452348828e-01-1.441984475e-01-1.421798468e-01
-1.390985847e-01-1.348717660e-01-1.294165850e-01-1.226534396e-01-1.145101190e-01
-1.049271077e-01-9.386402369e-02-8.130730689e-02-6.727887690e-02-5.184560642e-02
-3.512897715e-02-1.731408015e-02 1.343119424e-03 2.051204070e-02 3.978985548e-02
 5.849343911e-02 7.661844790e-02 9.415090084e-02 1.110672504e-01 1.273351610e-01
 1.429147273e-01 1.577602327e-01 1.718224287e-01 1.850514412e-01 1.974001676e-01
 9.039670974e-02 8.694191277e-02 8.173421770e-02 7.573446631e-02 6.937701255e-02
 6.265634298e-02 5.556917563e-02 4.811420292e-02 4.029056430e-02 3.209686279e-02
 2.353065833e-02 1.471678354e-02 5.728438962e-03-3.364535514e-03-1.249673497e-02
-2.160788514e-02-3.064320050e-02-3.955345601e-02-4.829481989e-02-5.682848766e-02
-6.512017548e-02-7.313948125e-02-8.085916936e-02-8.825439215e-02-9.530192614e-02
-1.019792855e-01-1.082639992e-01-1.141327247e-01-1.195605397e-01-1.245201528e-01
-1.289812028e-01-1.329095811e-01-1.362668425e-01-1.390096247e-01-1.410892159e-01
-1.424511969e-01-1.430352926e-01-1.427753717e-01-1.415997893e-01-1.394320428e-01
-1.361919343e-01-1.317971945e-01-1.261660159e-01-1.192202866e-01-1.108898595e-01
-1.011179239e-01-8.986758441e-02-7.712955773e-02-6.293095648e-02-4.734471813e-02
-3.049936704e-02-1.258836314e-02 6.121410057e-03 2.528165653e-02 4.445205629e-02
 6.309193373e-02 8.120496571e-02 9.877695143e-02 1.157803386e-01 1.321760416e-01
 1.479146779e-01 1.629381180e-01 1.771817803e-01 1.905780286e-01 2.030609548e-01
 9.185840189e-02 8.848901093e-02 8.325503767e-02 7.729072124e-02 7.096021622e-02
 6.425994635e-02 5.719080940e-02 4.975479841e-02 4.195367545e-02 3.378795460e-02
 2.525631152e-02 1.647027209e-02 7.505250163e-03-1.566965599e-03-1.067943312e-02
-1.977066696e-02-2.878489159e-02-3.767204285e-02-4.638754576e-02-5.489190295e-02
-6.315018982e-02-7.113136351e-02-7.880755514e-02-8.615332097e-02-9.314475209e-02
-9.975874424e-02-1.059721187e-01-1.117608622e-01-1.170993075e-01-1.219594255e-01
-1.263100803e-01-1.301164031e-01-1.333391517e-01-1.359342188e-01-1.378521621e-01
-1.390379071e-01-1.394306719e-01-1.389639378e-01-1.375659406e-01-1.351603270e-01
-1.316674352e-01-1.270061433e-01-1.210963279e-01-1.138623655e-01-1.052375138e-01
-9.516939521e-02-8.362671733e-02-7.060701400e-02-5.614536628e-02-4.032360017e-02
-2.327921800e-02-5.212746561e-03 1.360882819e-02 3.285681829e-02 5.176940933e-02
 7.030102611e-02 8.842146397e-02 1.061000228e-01 1.232982278e-01 1.399659216e-01
 1.560389996e-01 1.714386493e-01 1.860724688e-01 1.998383105e-01 2.126312256e-01
 9.381134808e-02 9.054021537e-02 8.545208722e-02 7.952752709e-02 7.320891321e-02
 6.650570780e-02 5.942881852e-02 5.198850855e-02 4.419250414e-02 3.604497761e-02
 2.754550055e-02 1.878274791e-02 9.838778526e-03 7.881923229e-04-8.300676942e-03
-1.736546308e-02-2.634970285e-02-3.520268947e-02-4.387921467e-02-5.233914778e-02
-6.054689363e-02-6.847072393e-02-7.608205080e-02-8.335466683e-02-9.026388824e-02
-9.678574651e-02-1.028962135e-01-1.085703522e-01-1.137815565e-01-1.185007915e-01
-1.226959229e-01-1.263310909e-01-1.293660253e-01-1.317556500e-01-1.334496588e-01
-1.343922168e-01-1.345219612e-01-1.337720603e-01-1.320708096e-01-1.293423474e-01
-1.255081892e-01-1.204890534e-01-1.142076626e-01-1.065922976e-01-9.758142382e-02
-8.712932467e-02-7.521297038e-02-6.183989346e-02-4.705701023e-02-3.096010350e-02
-1.370344311e-02 4.490833730e-03 2.332405560e-02 4.241290689e-02 6.120336056e-02
 7.970675081e-02 9.791541100e-02 1.158080995e-01 1.333493590e-01 1.504861414e-01
 1.671430022e-01 1.832172871e-01 1.985757798e-01 2.130563408e-01 2.264781892e-01
 9.661209583e-02 9.348398447e-02 8.846339583e-02 8.253838122e-02 7.617441565e-02
 6.940668821e-02 6.226684153e-02 5.477900058e-02 4.695960134e-02 3.881917521e-02
 3.036487475e-02 2.160426229e-02 1.267670281e-02 3.651560284e-03-5.404934753e-03
-1.443115342e-02-2.337072231e-02-3.217270970e-02-4.079149291e-02-4.918639362e-02
-5.732116476e-02-6.516335905e-02-7.268358767e-02-7.985474169e-02-8.665119857e-02
-9.304801375e-02-9.902007133e-02-1.045413092e-01-1.095839590e-01-1.141178086e-01
-1.181095093e-01-1.215219945e-01-1.243138388e-01-1.264389008e-01-1.278459430e-01
-1.284783781e-01-1.282744259e-01-1.271672547e-01-1.250856072e-01-1.219549030e-01
-1.176986843e-01-1.122408286e-01-1.055084765e-01-9.743583202e-02-8.796896040e-02
-7.707161456e-02-6.473205984e-02-5.097094923e-02-3.584976494e-02-1.947965659e-02
-2.030075062e-03 1.626306027e-02 3.508911282e-02 5.381353572e-02 7.241806388e-02
 9.089645743e-02 1.092435643e-01 1.274491847e-01 1.454923451e-01 1.633339226e-01
 1.809060127e-01 1.980968714e-01 2.147314399e-01 2.305537611e-01 2.452297807e-01
 1.005410403e-01 9.763613343e-02 9.255094826e-02 8.647990972e-02 7.990793884e-02
 7.293933630e-02 6.563653797e-02 5.803237855e-02 5.014332011e-02 4.197644442e-02
 3.353287652e-02 2.480919473e-02 1.592232473e-02 6.943878718e-03-2.059054561e-03
-1.102449000e-02-1.989581436e-02-2.862180397e-02-3.715642169e-02-4.545845091e-02
-5.349098146e-02-6.122076511e-02-6.861750782e-02-7.565309852e-02-8.230082691e-02
-8.853454143e-02-9.432788193e-02-9.965348244e-02-1.044822186e-01-1.087825075e-01
-1.125196517e-01-1.156552285e-01-1.181466281e-01-1.199466214e-01-1.210031062e-01
-1.212590337e-01-1.206525266e-01-1.191172898e-01-1.165833995e-01-1.129785329e-01
-1.082297340e-01-1.022658050e-01-9.502054006e-02-8.643678576e-02-7.647138834e-02
-6.510119885e-02-5.232989788e-02-3.819550574e-02-2.277817950e-02-6.207391620e-03
 1.133292262e-02 2.960400656e-02 4.800818861e-02 6.641742587e-02 8.484164625e-02
 1.032956466e-01 1.217978001e-01 1.403678656e-01 1.590235382e-01 1.777745783e-01
 1.966119707e-01 2.154868096e-01 2.342660576e-01 2.526354194e-01 2.699385285e-01
 1.064080000e-01 1.041393802e-01 9.842824936e-02 9.147118032e-02 8.430060744e-02
 7.692608237e-02 6.935070455e-02 6.157238036e-02 5.358615518e-02 4.538493603e-02
 3.695949167e-02 2.829764597e-02 1.947790571e-02 1.057481579e-02 1.656039851e-03
-7.216469850e-03-1.598615572e-02-2.460168675e-02-3.301671892e-02-4.118952528e-02
-4.908249155e-02-5.666150153e-02-6.389524043e-02-7.075446099e-02-7.721117884e-02
-8.323788643e-02-8.880679309e-02-9.388905764e-02-9.845402092e-02-1.024686247e-01
-1.058966890e-01-1.086984575e-01-1.108301282e-01-1.122435406e-01-1.128860414e-01
-1.127004772e-01-1.116255373e-01-1.095963567e-01-1.065454781e-01-1.024043486e-01
-9.710539877e-02-9.058474004e-02-8.278565854e-02-7.366298884e-02-6.318833679e-02
-5.135616660e-02-3.819070756e-02-2.375342511e-02-8.150888607e-03 8.457268588e-03
 2.585059963e-02 4.374002293e-02 6.169188768e-02 7.974167913e-02 9.792425483e-02
 1.162797436e-01 1.348571628e-01 1.537169963e-01 1.729336083e-01 1.925976872e-01
 2.128192782e-01 2.337324619e-01 2.555075586e-01 2.784050703e-01 3.024166822e-01
 1.125294566e-01 1.109624356e-01 1.044250131e-01 9.648200870e-02 8.867982775e-02
 8.089578897e-02 7.305818796e-02 6.512434781e-02 5.706597120e-02 4.886208102e-02
 4.049589112e-02 3.195387870e-02 2.322721295e-02 1.443663891e-02 5.643669982e-03
-3.092336236e-03-1.171588618e-02-2.017594501e-02-2.842600457e-02-3.642383963e-02
-4.413108900e-02-5.151266605e-02-5.853611231e-02-6.517086923e-02-7.138754427e-02
-7.715708762e-02-8.245012909e-02-8.723618090e-02-9.148299694e-02-9.515589476e-02
-9.821726382e-02-1.006260589e-01-1.023374647e-01-1.033027172e-01-1.034690440e-01
-1.027798876e-01-1.011754274e-01-9.859338403e-02-9.497031569e-02-9.024337679e-02
-8.435273170e-02-7.724458724e-02-6.887505949e-02-5.921480060e-02-4.825439304e-02
-3.601049632e-02-2.253234945e-02-7.908436470e-03 7.727152668e-03 2.418783680e-02
 4.122953117e-02 5.842975527e-02 7.579909265e-02 9.336338937e-02 1.111614406e-01
 1.292463243e-01 1.476887465e-01 1.665819436e-01 1.860488802e-01 2.062521428e-01
 2.274088711e-01 2.498133332e-01 2.738726139e-01 3.001590669e-01 3.282482624e-01
 1.164264902e-01 1.151444912e-01 1.084300578e-01 1.003082097e-01 9.229738265e-02
 8.433821797e-02 7.638355345e-02 6.839461625e-02 6.034035981e-02 5.219537765e-02
 4.393795878e-02 3.554815054e-02 2.700523287e-02 1.839657500e-02 9.790884331e-03
 1.249713358e-03-7.170774974e-03-1.541919168e-02-2.344858460e-02-3.121608309e-02
-3.868243471e-02-4.581145942e-02-5.256941542e-02-5.892428756e-02-6.484509259e-02
-7.030115277e-02-7.526135445e-02-7.969349623e-02-8.356364816e-02-8.683559299e-02
-8.947034180e-02-9.142577648e-02-9.265643358e-02-9.311339259e-02-9.274450690e-02
-9.149474651e-02-8.930695057e-02-8.612299711e-02-8.188529313e-02-7.653898746e-02
-7.003465295e-02-6.233175844e-02-5.340281129e-02-4.323828965e-02-3.185220808e-02
-1.928828098e-02-5.626139697e-03 9.013876319e-03 2.447088435e-02 4.053278267e-02
 5.679751933e-02 7.327109575e-02 8.996771276e-02 1.069126725e-01 1.241447777e-01
 1.417193562e-01 1.597125828e-01 1.782277524e-01 1.974039376e-01 2.174284607e-01
 2.385543287e-01 2.611232698e-01 2.855921388e-01 3.125492334e-01 3.413653374e-01
 1.184936240e-01 1.173597053e-01 1.109940410e-01 1.029407680e-01 9.495168924e-02
 8.701142669e-02 7.909320295e-02 7.117052376e-02 6.321900338e-02 5.521671474e-02
 4.714407772e-02 3.898362443e-02 3.072051145e-02 2.234485000e-02 1.398866437e-02
 5.707814824e-03-2.443612320e-03-1.041479036e-02-1.815859042e-02-2.563152462e-02
-3.279340267e-02-3.960686177e-02-4.603675380e-02-5.204951763e-02-5.761248618e-02
-6.269321591e-02-6.725883484e-02-7.127541304e-02-7.470738888e-02-7.751714438e-02
-7.966455817e-02-8.110682666e-02-8.179833740e-02-8.169078827e-02-8.073356748e-02
-7.887437940e-02-7.606025785e-02-7.223899662e-02-6.736105680e-02-6.138206646e-02
-5.426591262e-02-4.598849267e-02-3.654215485e-02-2.594071999e-02-1.422510482e-02
-1.469933894e-03 1.220694371e-02 2.663125843e-02 4.163744301e-02 5.687597021e-02
 7.234450430e-02 8.804419637e-02 1.039829627e-01 1.201780438e-01 1.366584152e-01
 1.534676105e-01 1.706672907e-01 1.883421689e-01 2.066068053e-01 2.256152332e-01
 2.455758154e-01 2.667750120e-01 2.896219194e-01 3.147450984e-01 3.409521580e-01
 1.196856573e-01 1.187223494e-01 1.124056205e-01 1.044869348e-01 9.663958848e-02
 8.884333074e-02 8.107842505e-02 7.332615554e-02 6.556896120e-02 5.779013783e-02
 4.997340590e-02 4.210253805e-02 3.416068852e-02 2.612894401e-02 1.811138913e-02
 1.017119270e-02 2.365242923e-03-5.254382733e-03-1.263970975e-02-1.974637248e-02
-2.653314173e-02-3.296139464e-02-3.899455070e-02-4.459743947e-02-4.973570630e-02
-5.437515676e-02-5.848119780e-02-6.201826781e-02-6.494940072e-02-6.723583490e-02
-6.883676350e-02-6.970925629e-02-6.980833411e-02-6.908728182e-02-6.749825180e-02
-6.499316543e-02-6.152499467e-02-5.704955012e-02-5.152768269e-02-4.492814094e-02
-3.723098338e-02-2.843158506e-02-1.854518615e-02-7.611481473e-03 4.302002024e-03
 1.710131392e-02 3.065802716e-02 4.450216517e-02 5.865825713e-02 7.308480889e-02
 8.775651455e-02 1.026582420e-01 1.177831292e-01 1.331323981e-01 1.487160623e-01
 1.645541489e-01 1.806779653e-01 1.971318275e-01 2.139746696e-01 2.312815487e-01
 2.491446584e-01 2.676730454e-01 2.869877815e-01 3.071809411e-01 3.273100257e-01
 1.197042763e-01 1.188681573e-01 1.126641631e-01 1.049742773e-01 9.737078100e-02
 8.981538564e-02 8.229190111e-02 7.479076833e-02 6.730330735e-02 5.981967971e-02
 5.232853442e-02 4.481719062e-02 3.727198392e-02 2.967876382e-02 2.206447348e-02
 1.453891955e-02 7.155648898e-03-3.453981481e-05-6.983904168e-03-1.364770159e-02
-1.998390630e-02-2.595279366e-02-3.151644766e-02-3.663820028e-02-4.128210619e-02
-4.541236907e-02-4.899286479e-02-5.198669434e-02-5.435582623e-02-5.606086552e-02
-5.706096068e-02-5.731386691e-02-5.677626282e-02-5.540425330e-02-5.315425247e-02
-4.998414963e-02-4.585489631e-02-4.073254392e-02-3.459077328e-02-2.741397172e-02
-1.920090243e-02-9.969095699e-03 2.397315111e-04 1.135165803e-02 2.324834280e-02
 3.582795709e-02 4.871768132e-02 6.190092862e-02 7.535980642e-02 8.906848729e-02
 1.030006409e-01 1.171321347e-01 1.314421743e-01 1.459138691e-01 1.605346203e-01
 1.752961874e-01 1.901942492e-01 2.052271664e-01 2.203930616e-01 2.356841564e-01
 2.510758638e-01 2.665064335e-01 2.818364799e-01 2.967580259e-01 3.105909228e-01
 1.181031466e-01 1.172276288e-01 1.116205305e-01 1.044350117e-01 9.720261395e-02
 8.995312452e-02 8.271983266e-02 7.551869005e-02 6.835389882e-02 6.122244149e-02
 5.411677435e-02 4.702647403e-02 3.993934020e-02 3.284230083e-02 2.572243288e-02
 1.869735867e-02 1.181999594e-02 5.140921567e-03-1.292061061e-03-7.433864288e-03
-1.324183028e-02-1.867534220e-02-2.369536646e-02-2.826399356e-02-3.234395012e-02
-3.589816019e-02-3.888934851e-02-4.127973318e-02-4.303080589e-02-4.410326481e-02
-4.445707798e-02-4.405177757e-02-4.284695908e-02-4.080308974e-02-3.788258135e-02
-3.405129910e-02-2.928038128e-02-2.354851738e-02-1.684460789e-02-9.170750156e-03
-5.455110222e-04 8.992969990e-03 1.938712224e-02 3.055541404e-02 4.210117832e-02
 5.404448509e-02 6.633244455e-02 7.892385125e-02 9.178169072e-02 1.048693284e-01
 1.181498542e-01 1.315862536e-01 1.451417804e-01 1.587802023e-01 1.724658459e-01
 1.861633807e-01 1.998367310e-01 2.134471536e-01 2.269494385e-01 2.402856201e-01
 2.533752322e-01 2.661006749e-01 2.782884240e-01 2.896911800e-01 2.999918461e-01
 1.166172102e-01 1.160115302e-01 1.104743034e-01 1.034031361e-01 9.634024650e-02
 8.930737525e-02 8.233943582e-02 7.545046508e-02 6.864248216e-02 6.191050634e-02
 5.524534360e-02 4.863514751e-02 4.206622392e-02 3.552313894e-02 2.898778394e-02
 2.254568413e-02 1.625467651e-02 1.016643830e-02 4.328829702e-03-1.213073730e-03
-6.416416727e-03-1.124012284e-02-1.564449258e-02-1.959079877e-02-2.304091863e-02
-2.595700882e-02-2.830123901e-02-3.003563359e-02-3.112201393e-02-3.152212501e-02
-3.119789436e-02-3.011194617e-02-2.822832949e-02-2.551355958e-02-2.193798870e-02
-1.747758687e-02-1.211607177e-02-5.847278982e-03 1.321647316e-03 9.367847815e-03
 1.824847609e-02 2.788896114e-02 3.821741045e-02 4.895928130e-02 6.009388342e-02
 7.159820199e-02 8.343805373e-02 9.557441622e-02 1.079651192e-01 1.205649972e-01
 1.333258748e-01 1.461966634e-01 1.591236591e-01 1.720507890e-01 1.849201620e-01
 1.976721883e-01 2.102455497e-01 2.225764394e-01 2.345967293e-01 2.462309897e-01
 2.573922276e-01 2.679769695e-01 2.778617144e-01 2.869036496e-01 2.949498296e-01
 1.150030345e-01 1.147284061e-01 1.090818122e-01 1.017236561e-01 9.462174773e-02
 8.772709966e-02 8.101227880e-02 7.445926219e-02 6.805232912e-02 6.177578866e-02
 5.561374128e-02 4.955030233e-02 4.357006028e-02 3.765863925e-02 3.180377558e-02
 2.599812485e-02 2.036096528e-02 1.493595727e-02 9.767285548e-03 4.898262210e-03
 3.709230805e-04-3.773952834e-03-7.496659644e-03-1.075831894e-02-1.352064312e-02
-1.574574411e-02-1.739604026e-02-1.843424700e-02-1.882356219e-02-1.852796040e-02
-1.751269214e-02-1.574499533e-02-1.319506578e-02-9.837292135e-03-5.651663989e-03
-6.262070965e-04 5.240371916e-03 1.193838008e-02 1.943806186e-02 2.769762650e-02
 3.667842224e-02 4.613697529e-02 5.608732626e-02 6.648799032e-02 7.730353624e-02
 8.849900216e-02 1.000361145e-01 1.118721217e-01 1.239590645e-01 1.362432539e-01
 1.486649066e-01 1.611578912e-01 1.736500859e-01 1.860640794e-01 1.983183920e-01
 2.103291750e-01 2.220121473e-01 2.332842648e-01 2.440650761e-01 2.542771697e-01
 2.638459802e-01 2.726989090e-01 2.807651460e-01 2.879767418e-01 2.942721844e-01
 1.114421636e-01 1.112267822e-01 1.057151631e-01 9.845205396e-02 9.150648117e-02
 8.486311138e-02 7.849048078e-02 7.235731184e-02 6.643428653e-02 6.069466099e-02
 5.511444062e-02 4.967233166e-02 4.434945807e-02 3.912889212e-02 3.399474919e-02
 2.893014252e-02 2.402885072e-02 1.934000105e-02 1.490889024e-02 1.077850163e-02
 6.990146823e-03 3.583846148e-03 5.986120086e-04-1.927332836e-03-3.956404515e-03
-5.451593548e-03-6.376517937e-03-6.695648655e-03-6.374725141e-03-5.381337833e-03
-3.685612231e-03-1.260996331e-03 1.914224587e-03 5.855451804e-03 1.057305932e-02
 1.606664434e-02 2.231305093e-02 2.930756286e-02 3.695822507e-02 4.514055327e-02
 5.386943743e-02 6.311305612e-02 7.284783572e-02 8.304609358e-02 9.367757291e-02
 1.047088206e-01 1.161017641e-01 1.278121769e-01 1.397882849e-01 1.519693136e-01
 1.642842740e-01 1.766511202e-01 1.889766008e-01 2.011573166e-01 2.130819559e-01
 2.246353030e-01 2.357033640e-01 2.461791188e-01 2.559681833e-01 2.649929523e-01
 2.731950879e-01 2.805357575e-01 2.869942784e-01 2.925654948e-01 2.972571552e-01
 1.061919853e-01 1.060347855e-01 1.003532857e-01 9.327288717e-02 8.664408326e-02
 8.041457832e-02 7.453721762e-02 6.896400452e-02 6.365108490e-02 5.856077373e-02
 5.366186053e-02 4.892906174e-02 4.434219375e-02 3.988534585e-02 3.554631025e-02
 3.131657466e-02 2.719275653e-02 2.329009771e-02 1.964886859e-02 1.630895399e-02
 1.330922358e-02 1.068758778e-02 8.481157012e-03 6.726345047e-03 5.458887201e-03
 4.713794682e-03 4.525221884e-03 4.925985821e-03 5.946703721e-03 7.614634000e-03
 9.952718392e-03 1.298084110e-02 1.671108790e-02 2.113644779e-02 2.626943216e-02
 3.213007748e-02 3.851643205e-02 4.547208548e-02 5.299621820e-02 6.106933951e-02
 6.967872381e-02 7.880853117e-02 8.844156563e-02 9.855823219e-02 1.091358066e-01
 1.201472804e-01 1.315598488e-01 1.433329582e-01 1.554158777e-01 1.677451432e-01
 1.802416295e-01 1.928078830e-01 2.053262591e-01 2.176588923e-01 2.296504527e-01
 2.411351949e-01 2.519477308e-01 2.619367540e-01 2.709785104e-01 2.789872885e-01
 2.859212756e-01 2.917823493e-01 2.966108620e-01 3.004755974e-01 3.034617901e-01
 9.817016125e-02 9.784565121e-02 9.252654016e-02 8.582071960e-02 7.972061634e-02
 7.413755357e-02 6.897777319e-02 6.416141987e-02 5.962571874e-02 5.532328784e-02
 5.121922493e-02 4.728826508e-02 4.351249337e-02 3.987957537e-02 3.638143837e-02
 3.301315010e-02 2.977160364e-02 2.669926733e-02 2.388824150e-02 2.137673832e-02
 1.920020767e-02 1.739304699e-02 1.598909870e-02 1.502163708e-02 1.452313364e-02
 1.452504564e-02 1.505844202e-02 1.615329273e-02 1.783679053e-02 2.012979612e-02
 2.303852141e-02 2.658678405e-02 3.080984391e-02 3.553502262e-02 4.081204161e-02
 4.665667936e-02 5.305210128e-02 5.999575928e-02 6.748502702e-02 7.551506907e-02
 8.408062160e-02 9.317553043e-02 1.027925387e-01 1.129226908e-01 1.235545278e-01
 1.346728057e-01 1.462566257e-01 1.582771242e-01 1.706939489e-01 1.834508777e-01
 1.964703798e-01 2.096468061e-01 2.228393853e-01 2.358663976e-01 2.485041022e-01
 2.604953051e-01 2.715716362e-01 2.814861238e-01 2.900471687e-01 2.971419692e-01
 3.027473688e-01 3.069283068e-01 3.098251820e-01 3.116287589e-01 3.125465512e-01
 8.713576198e-02 8.651160449e-02 8.149050176e-02 7.552342862e-02 7.039941847e-02
 6.587082148e-02 6.176168099e-02 5.796064064e-02 5.439823493e-02 5.103106052e-02
 4.783216864e-02 4.478536174e-02 4.188173637e-02 3.911760449e-02 3.649321571e-02
 3.401208296e-02 3.168067336e-02 2.950863913e-02 2.754593082e-02 2.588473633e-02
 2.454983443e-02 2.356904745e-02 2.297148481e-02 2.278634906e-02 2.304140106e-02
 2.375974134e-02 2.496875450e-02 2.669774927e-02 2.897856198e-02 3.184983879e-02
 3.518201411e-02 3.901926428e-02 4.337968305e-02 4.825343937e-02 5.364460126e-02
 5.955793709e-02 6.599526107e-02 7.295911014e-02 8.045259118e-02 8.847910166e-02
 9.704247862e-02 1.061469615e-01 1.157970876e-01 1.259974092e-01 1.367519200e-01
 1.480630636e-01 1.599303186e-01 1.723476350e-01 1.852999330e-01 1.987573653e-01
 2.126672119e-01 2.269416451e-01 2.414403707e-01 2.559474707e-01 2.701456547e-01
 2.836048603e-01 2.958201766e-01 3.063147664e-01 3.147449791e-01 3.209422231e-01
 3.249110579e-01 3.268244565e-01 3.270168304e-01 3.259390295e-01 3.240518570e-01
 7.121232152e-02 6.967242807e-02 6.560435146e-02 6.176787242e-02 5.863000453e-02
 5.579626933e-02 5.314091593e-02 5.061319098e-02 4.819217324e-02 4.587096348e-02
 4.365006834e-02 4.153423011e-02 3.953090683e-02 3.764950857e-02 3.590121865e-02
 3.429909423e-02 3.285857290e-02 3.159835190e-02 3.054182231e-02 2.975812741e-02
 2.927279659e-02 2.911194786e-02 2.930245548e-02 2.987263538e-02 3.085427172e-02
 3.222756088e-02 3.402136266e-02 3.625816107e-02 3.895471245e-02 4.211937636e-02
 4.574345052e-02 4.983136803e-02 5.438927934e-02 5.942149460e-02 6.493367255e-02
 7.093250006e-02 7.742528617e-02 8.442041278e-02 9.192758054e-02 9.995798022e-02
 1.085246056e-01 1.176424846e-01 1.273289323e-01 1.376037896e-01 1.484896541e-01
 1.600116640e-01 1.721973717e-01 1.850756705e-01 1.986747831e-01 2.130183876e-01
 2.281186581e-01 2.439636439e-01 2.604950666e-01 2.775668800e-01 2.948602140e-01
 3.116979301e-01 3.268487155e-01 3.390915394e-01 3.478741944e-01 3.530559838e-01
 3.546913564e-01 3.530323505e-01 3.486934900e-01 3.428788483e-01 3.368562162e-01
 4.952993616e-02 4.542260617e-02 4.555940256e-02 4.607354850e-02 4.570871592e-02
 4.490483552e-02 4.385887459e-02 4.267759249e-02 4.142903537e-02 4.016177356e-02
 3.891329095e-02 3.771416470e-02 3.659050167e-02 3.556554765e-02 3.466089070e-02
 3.389751166e-02 3.329679742e-02 3.288163245e-02 3.267768770e-02 3.271513432e-02
 3.301997855e-02 3.361575305e-02 3.452415764e-02 3.576498851e-02 3.735512123e-02
 3.930540383e-02 4.162934422e-02 4.433988407e-02 4.744785279e-02 5.096115172e-02
 5.488484353e-02 5.922470987e-02 6.398735940e-02 6.918012351e-02 7.481148839e-02
 8.089134097e-02 8.743117750e-02 9.444439411e-02 1.019465998e-01 1.099559963e-01
 1.184938625e-01 1.275851429e-01 1.372591704e-01 1.475505829e-01 1.585004628e-01
 1.701577604e-01 1.825809777e-01 1.958400607e-01 2.100186050e-01 2.252156436e-01
 2.415469289e-01 2.591440678e-01 2.781510949e-01 2.987192571e-01 3.210159540e-01
 3.453415930e-01 3.671151400e-01 3.820618987e-01 3.912379146e-01 3.951965272e-01
 3.934669793e-01 3.864905536e-01 3.735685349e-01 3.589016795e-01 3.477338552e-01
 3.444701806e-02 2.951125428e-02 3.058249690e-02 3.274063021e-02 3.402183205e-02
 3.467638046e-02 3.490125388e-02 3.484120220e-02 3.460245579e-02 3.426463902e-02
 3.388897330e-02 3.352375329e-02 3.320814297e-02 3.297484666e-02 3.285212815e-02
 3.286528215e-02 3.303784132e-02 3.339239955e-02 3.395113349e-02 3.473579884e-02
 3.576666117e-02 3.706218675e-02 3.863900155e-02 4.051179439e-02 4.269320890e-02
 4.519388452e-02 4.802346975e-02 5.119069666e-02 5.470330641e-02 5.856811255e-02
 6.279145181e-02 6.737999618e-02 7.234131545e-02 7.768426090e-02 8.341935277e-02
 8.955909312e-02 9.611825645e-02 1.031142324e-01 1.105673090e-01 1.185012162e-01
 1.269436330e-01 1.359270513e-01 1.454898119e-01 1.556775421e-01 1.665452719e-01
 1.781600118e-01 1.906046271e-01 2.039828449e-01 2.184264660e-01 2.341051400e-01
 2.512393892e-01 2.701173723e-01 2.911130488e-01 3.147016466e-01 3.414689302e-01
 3.700176477e-01 3.918605745e-01 4.068150520e-01 4.152579606e-01 4.169153571e-01
 4.119924009e-01 3.995262384e-01 3.807881176e-01 3.646240830e-01 3.515989482e-01
 2.411505952e-02 1.876049489e-02 2.003716305e-02 2.262581885e-02 2.454511076e-02
 2.592737600e-02 2.690099739e-02 2.758277766e-02 2.807185985e-02 2.844935842e-02
 2.878050879e-02 2.911762893e-02 2.950302884e-02 2.997152507e-02 3.055246547e-02
 3.127125278e-02 3.215043992e-02 3.321044892e-02 3.446999192e-02 3.594614938e-02
 3.765428439e-02 3.960792348e-02 4.181874916e-02 4.429661855e-02 4.704968631e-02
 5.008460209e-02 5.340690166e-02 5.702131614e-02 6.093212962e-02 6.514354050e-02
 6.966020167e-02 7.448773831e-02 7.963334024e-02 8.510616422e-02 9.091775119e-02
 9.708231688e-02 1.036169678e-01 1.105419621e-01 1.178809553e-01 1.256612837e-01
 1.339145601e-01 1.426772773e-01 1.519920379e-01 1.619090438e-01 1.724882722e-01
 1.838026792e-01 1.959425956e-01 2.090222538e-01 2.231894135e-01 2.386399060e-01
 2.556408644e-01 2.745678425e-01 2.959643006e-01 3.206129074e-01 3.493279219e-01
 3.746880889e-01 3.937971294e-01 4.066731036e-01 4.131265879e-01 4.131286740e-01
 4.055895805e-01 3.899335265e-01 3.730124533e-01 3.588649035e-01 3.469595015e-01
 1.740570553e-02 1.176285744e-02 1.258077566e-02 1.511195488e-02 1.712461188e-02
 1.871066168e-02 1.997840218e-02 2.102872357e-02 2.194818482e-02 2.280736342e-02
 2.366234548e-02 2.455747873e-02 2.552827820e-02 2.660390362e-02 2.780900523e-02
 2.916497923e-02 3.069071285e-02 3.240295127e-02 3.431645036e-02 3.644394130e-02
 3.879608959e-02 4.138145596e-02 4.420652986e-02 4.727584869e-02 5.059218407e-02
 5.415683240e-02 5.796998367e-02 6.203116104e-02 6.633974612e-02 7.089556754e-02
 7.569959015e-02 8.075457811e-02 8.606579155e-02 9.164147079e-02 9.749326110e-02
 1.036364064e-01 1.100897789e-01 1.168758869e-01 1.240207329e-01 1.315538138e-01
 1.395082772e-01 1.479212642e-01 1.568345428e-01 1.662956923e-01 1.763595343e-01
 1.870904863e-01 1.985656470e-01 2.108790725e-01 2.241480500e-01 2.385224253e-01
 2.541989982e-01 2.714467645e-01 2.906566560e-01 3.124827445e-01 3.357978165e-01
 3.553430736e-01 3.702777028e-01 3.803489804e-01 3.854573369e-01 3.848222494e-01
 3.781720698e-01 3.663322926e-01 3.550487757e-01 3.448016047e-01 3.356040716e-01
 1.303389296e-02 7.000119891e-03 7.591951173e-03 9.728411213e-03 1.139094494e-02
 1.273835171e-02 1.390656084e-02 1.500008255e-02 1.609295793e-02 1.723546535e-02
 1.846172288e-02 1.979601756e-02 2.125733159e-02 2.286210656e-02 2.462568134e-02
 2.656272240e-02 2.868707106e-02 3.101128154e-02 3.354609758e-02 3.630000353e-02
 3.927894682e-02 4.248623177e-02 4.592261463e-02 4.958648980e-02 5.347416550e-02
 5.758022144e-02 6.189791113e-02 6.641969085e-02 7.113792002e-02 7.604567707e-02
 8.113781363e-02 8.641199768e-02 9.186974168e-02 9.751719981e-02 1.033655703e-01
 1.094311774e-01 1.157351360e-01 1.223027185e-01 1.291626543e-01 1.363463700e-01
 1.438875198e-01 1.518216580e-01 1.601863056e-01 1.690211594e-01 1.783686578e-01
 1.882745326e-01 1.987884939e-01 2.099643946e-01 2.218599617e-01 2.345342785e-01
 2.480409741e-01 2.624105215e-01 2.776063979e-01 2.934236526e-01 3.091132939e-01
 3.228891492e-01 3.338758349e-01 3.416716456e-01 3.460019827e-01 3.467003107e-01
 3.438466191e-01 3.387599289e-01 3.328058720e-01 3.265704513e-01 3.203991354e-01
 1.176038384e-02 5.326041020e-03 5.108374171e-03 6.201598793e-03 6.878004409e-03
 7.466375828e-03 8.156597614e-03 9.037589654e-03 1.013770606e-02 1.145556662e-02
 1.297919638e-02 1.469650678e-02 1.660027914e-02 1.868965104e-02 2.096950822e-02
 2.344869636e-02 2.613782324e-02 2.904716693e-02 3.218495846e-02 3.555624187e-02
 3.916234523e-02 4.300080985e-02 4.706573114e-02 5.134820566e-02 5.583680049e-02
 6.051788479e-02 6.537596881e-02 7.039406896e-02 7.555450499e-02 8.084001392e-02
 8.623547107e-02 9.172990173e-02 9.731839597e-02 1.030035987e-01 1.087964326e-01
 1.147158965e-01 1.207878962e-01 1.270435154e-01 1.335169375e-01 1.402436346e-01
 1.472587585e-01 1.545962840e-01 1.622883976e-01 1.703651845e-01 1.788543612e-01
 1.877806783e-01 1.971648335e-01 2.070210874e-01 2.173531801e-01 2.281470597e-01
 2.393583506e-01 2.508917749e-01 2.625693381e-01 2.740889788e-01 2.850010991e-01
 2.947717607e-01 3.029258847e-01 3.091312647e-01 3.132115901e-01 3.151597977e-01
 3.151693940e-01 3.136265278e-01 3.109913468e-01 3.076670468e-01 3.039579988e-01
 1.514941547e-02 8.774390444e-03 5.802035332e-03 3.988335375e-03 2.527818782e-03
 1.750425668e-03 1.724778092e-03 2.353809774e-03 3.508586437e-03 5.073162261e-03
 6.956706289e-03 9.096325375e-03 1.145569794e-02 1.402077638e-02 1.679369062e-02
 1.978613436e-02 2.301337942e-02 2.648949623e-02 3.022403270e-02 3.422015533e-02
 3.847419843e-02 4.297631606e-02 4.771186039e-02 5.266279355e-02 5.780863389e-02
 6.312663853e-02 6.859136373e-02 7.417407632e-02 7.984286547e-02 8.556401730e-02
 9.130514413e-02 9.703946859e-02 1.027503163e-01 1.084345579e-01 1.141041815e-01
 1.197855547e-01 1.255165339e-01 1.313418895e-01 1.373084784e-01 1.434610188e-01
 1.498394608e-01 1.564777046e-01 1.634032279e-01 1.706370115e-01 1.781934500e-01
 1.860797107e-01 1.942943037e-01 2.028246373e-01 2.116432637e-01 2.207022011e-01
 2.299254835e-01 2.392001301e-01 2.483675778e-01 2.572202086e-01 2.655104399e-01
 2.729769349e-01 2.793816328e-01 2.845442295e-01 2.883651257e-01 2.908369005e-01
 2.920443118e-01 2.921476960e-01 2.913508415e-01 2.898645699e-01 2.878808677e-01
 1.942726225e-02 1.279724762e-02 6.545842625e-03 4.920062493e-04-4.969021771e-03
-6.822075229e-03-7.001009770e-03-6.076451857e-03-4.407412838e-03-2.244911855e-03
 2.380987426e-04 2.936618170e-03 5.804410204e-03 8.839612827e-03 1.206755079e-02
 1.552520040e-02 1.924957708e-02 2.326996811e-02 2.760319598e-02 3.225138411e-02
 3.720240295e-02 4.243296757e-02 4.791359603e-02 5.361331254e-02 5.950210989e-02
 6.555040181e-02 7.172577828e-02 7.798848301e-02 8.428773284e-02 9.056185186e-02
 9.674447775e-02 1.027759761e-01 1.086153388e-01 1.142484993e-01 1.196919084e-01
 1.249912754e-01 1.302145422e-01 1.354396343e-01 1.407414675e-01 1.461829543e-01
 1.518121809e-01 1.576630771e-01 1.637575030e-01 1.701071858e-01 1.767147183e-01
 1.835737824e-01 1.906685829e-01 1.979722530e-01 2.054447979e-01 2.130302638e-01
 2.206538469e-01 2.282195836e-01 2.356097996e-01 2.426878661e-01 2.493057549e-01
 2.553161979e-01 2.605877221e-01 2.650191188e-01 2.685506344e-01 2.711695731e-01
 2.729096711e-01 2.738438845e-01 2.740724087e-01 2.737087309e-01 2.728671134e-01
 2.166406810e-02 1.417646371e-02 6.021875888e-03-3.221501596e-03-1.343582198e-02
-1.914639026e-02-1.935930736e-02-1.687620208e-02-1.378661674e-02-1.039486565e-02
-6.937514059e-03-3.529775422e-03-1.656687236e-04 3.236308228e-03 6.783678662e-03
 1.057910733e-02 1.470658276e-02 1.922572777e-02 2.416774444e-02 2.953154035e-02
 3.528332710e-02 4.136527330e-02 4.771312699e-02 5.427325889e-02 6.100942194e-02
 6.789856404e-02 7.491986454e-02 8.203923702e-02 8.919045329e-02 9.626032412e-02
 1.030998528e-01 1.095685586e-01 1.155732349e-01 1.210787073e-01 1.261099726e-01
 1.307576001e-01 1.351709366e-01 1.395168453e-01 1.439300179e-01 1.484970897e-01
 1.532668322e-01 1.582633108e-01 1.634951085e-01 1.689601690e-01 1.746482551e-01
 1.805416942e-01 1.866151243e-01 1.928349435e-01 1.991581321e-01 2.055313140e-01
 2.118900120e-01 2.181586921e-01 2.242519259e-01 2.300773114e-01 2.355401665e-01
 2.405497581e-01 2.450263202e-01 2.489077747e-01 2.521548271e-01 2.547537088e-01
 2.567161322e-01 2.580763102e-01 2.588859200e-01 2.592079043e-01 2.591103911e-01
 2.449782565e-02 1.681044698e-02 8.143054321e-03-2.013164572e-03-1.405756176e-02
-2.316127717e-02-2.791964263e-02-2.815050259e-02-2.383196354e-02-1.827929914e-02
-1.346179657e-02-9.464952163e-03-5.975289736e-03-2.625519643e-03 8.732381975e-04
 4.720956553e-03 9.057628922e-03 1.398337819e-02 1.956013404e-02 2.579284459e-02
 3.259639069e-02 3.979645669e-02 4.721702635e-02 5.476234108e-02 6.241423637e-02
 7.019891590e-02 7.816085219e-02 8.634159714e-02 9.474360198e-02 1.032064185e-01
 1.112347096e-01 1.184399575e-01 1.246981323e-01 1.299659014e-01 1.342395544e-01
 1.376179159e-01 1.405265927e-01 1.435055584e-01 1.467493922e-01 1.502955109e-01
 1.541399956e-01 1.582663059e-01 1.626536250e-01 1.672788262e-01 1.721165925e-01
 1.771385819e-01 1.823125929e-01 1.876017302e-01 1.929637492e-01 1.983505189e-01
 2.037081122e-01 2.089773118e-01 2.140948474e-01 2.189954668e-01 2.236146480e-01
 2.278921306e-01 2.317752987e-01 2.352225482e-01 2.382058501e-01 2.407120317e-01
 2.427429557e-01 2.443142533e-01 2.454529703e-01 2.461947799e-01 2.465806156e-01
 2.881842479e-02 2.180869877e-02 1.408493984e-02 5.520783830e-03-3.885147627e-03
-1.390462741e-02-2.275467664e-02-2.730344981e-02-2.705750614e-02-2.161161043e-02
-1.636172459e-02-1.329091936e-02-1.118803397e-02-8.883205242e-03-6.072307006e-03
-2.612298122e-03 1.617342117e-03 6.746522151e-03 1.292695850e-02 2.032607421e-02
 2.900407091e-02 3.809803352e-02 4.688325152e-02 5.542089418e-02 6.386086345e-02
 7.236090302e-02 8.108657598e-02 9.022915363e-02 1.000438929e-01 1.108840853e-01
 1.206661835e-01 1.287330091e-01 1.353102326e-01 1.402805150e-01 1.435855478e-01
 1.449826360e-01 1.452560127e-01 1.465864033e-01 1.486329734e-01 1.512110978e-01
 1.542086154e-01 1.575509906e-01 1.611844450e-01 1.650663614e-01 1.691592932e-01
 1.734275818e-01 1.778350919e-01 1.823441237e-01 1.869145781e-01 1.915037483e-01
 1.960663646e-01 2.005551308e-01 2.049215734e-01 2.091173977e-01 2.130960971e-01
 2.168148458e-01 2.202363908e-01 2.233307064e-01 2.260763645e-01 2.284612805e-01
 2.304827422e-01 2.321469486e-01 2.334678173e-01 2.344655991e-01 2.351649851e-01
 3.438058868e-02 2.854934707e-02 2.227989398e-02 1.556391641e-02 8.489777334e-03
 1.248013345e-03-5.887753330e-03-1.259037852e-02-1.644401066e-02-1.421715040e-02
-1.154771913e-02-1.124076173e-02-1.181458123e-02-1.103236154e-02-9.185904637e-03
-6.355076563e-03-2.490182873e-03 2.527240198e-03 8.903078735e-03 1.702779345e-02
 2.762234956e-02 3.844424337e-02 4.802555591e-02 5.696702376e-02 6.563350558e-02
 7.428434491e-02 8.314669877e-02 9.246376902e-02 1.025404483e-01 1.137066036e-01
 1.237909421e-01 1.320050955e-01 1.385510117e-01 1.433604807e-01 1.463099420e-01
 1.471128762e-01 1.467212737e-01 1.473988891e-01 1.488398015e-01 1.508303434e-01
 1.532406658e-01 1.559901386e-01 1.590238512e-01 1.622989178e-01 1.657773405e-01
 1.694228947e-01 1.731996387e-01 1.770713031e-01 1.810009480e-01 1.849508584e-01
 1.888827085e-01 1.927578896e-01 1.965380609e-01 2.001859844e-01 2.036665082e-01
 2.069475055e-01 2.100009918e-01 2.128040195e-01 2.153394520e-01 2.175962627e-01
 2.195696980e-01 2.212609798e-01 2.226767242e-01 2.238281816e-01 2.247302234e-01
 0.196556926E+01 0.199063134E+01 0.200582218E+01 0.202271318E+01 0.204006529E+01
 0.206193328E+01 0.207775044E+01 0.209498882E+01 0.211146736E+01 0.212915850E+01
 0.214621067E+01 0.216305876E+01 0.218109775E+01 0.219838786E+01 0.221601367E+01
 0.223444462E+01 0.225273657E+01 0.227130628E+01 0.229017735E+01 0.230971432E+01
 0.232925129E+01 0.234930134E+01 0.236996174E+01 0.239124489E+01 0.241279030E+01
 0.243498135E+01 0.245796561E+01 0.248175550E+01 0.250601768E+01 0.253117037E+01
 0.255723739E+01 0.258432460E+01 0.261242485E+01 0.264144516E+01 0.267168450E+01
 0.270330930E+01 0.273624682E+01 0.277065921E+01 0.280661249E+01 0.284431696E+01
 0.288392663E+01 0.292558765E+01 0.296938157E+01 0.301568818E+01 0.306457782E+01
 0.311649489E+01 0.317157841E+01 0.323031425E+01 0.329308701E+01 0.336044097E+01
 0.343307137E+01 0.351134777E+01 0.359670949E+01 0.368965650E+01 0.379207420E+01
 0.390509582E+01 0.403178024E+01 0.417532015E+01 0.434084892E+01 0.453473473E+01
 0.477024221E+01 0.506670237E+01 0.547060251E+01 0.611722469E+01 0.941551495E+01
   89   86
 0.108211493E+01-0.500000007E-01 0.108353496E+01 0.500000007E-01 0.109227526E+01
 0.150000006E+00 0.110562503E+01 0.235501230E+00 0.111776710E+01 0.300000012E+00
 0.113218749E+01 0.367063940E+00 0.115084767E+01 0.449999988E+00 0.116246974E+01
 0.500000000E+00 0.118471849E+01 0.595755160E+00 0.119760585E+01 0.649999976E+00
 0.121187496E+01 0.709944844E+00 0.123522329E+01 0.800000012E+00 0.124987745E+01
 0.850000024E+00 0.126901460E+01 0.906169534E+00 0.129563713E+01 0.957730293E+00
 0.133804679E+01 0.995272458E+00 0.139117193E+01 0.100505960E+01 0.144429684E+01
 0.999785542E+00 0.149637461E+01 0.986699939E+00 0.154390633E+01 0.970178962E+00
 0.157961392E+01 0.954705477E+00 0.162626958E+01 0.932238162E+00 0.167052650E+01
 0.907066286E+00 0.170816565E+01 0.884421051E+00 0.174783432E+01 0.857285261E+00
 0.178647637E+01 0.829518557E+00 0.181724429E+01 0.805298448E+00 0.186265624E+01
 0.766579747E+00 0.189585936E+01 0.736797512E+00 0.192587674E+01 0.707367420E+00
 0.196813333E+01 0.662499964E+00 0.200128961E+01 0.625224531E+00 0.202867174E+01
 0.591555595E+00 0.205523443E+01 0.555995107E+00 0.208566356E+01 0.511650026E+00
 0.211588907E+01 0.462499976E+00 0.214323187E+01 0.412499994E+00 0.216763234E+01
 0.362500012E+00 0.218959045E+01 0.311651796E+00 0.221485257E+01 0.244248897E+00
 0.223757339E+01 0.169696599E+00 0.225110245E+01 0.112500004E+00 0.226060033E+01
 0.249999985E-01 0.225786448E+01-0.750000030E-01 0.224923038E+01-0.137500003E+00
 0.222770071E+01-0.221594468E+00 0.220748687E+01-0.286174804E+00 0.218814349E+01
-0.337500006E+00 0.216688061E+01-0.387499988E+00 0.214326763E+01-0.437500000E+00
 0.211703229E+01-0.487500012E+00 0.208781791E+01-0.537500024E+00 0.205529428E+01
-0.587500036E+00 0.201923418E+01-0.637499988E+00 0.198882818E+01-0.675984144E+00
 0.196226573E+01-0.707823336E+00 0.193378150E+01-0.739694118E+00 0.188903797E+01
-0.787500024E+00 0.185601568E+01-0.821130872E+00 0.182945323E+01-0.846684992E+00
 0.178386331E+01-0.887499988E+00 0.174976563E+01-0.917213082E+00 0.171949601E+01
-0.940883994E+00 0.167155337E+01-0.977283478E+00 0.164351559E+01-0.996918142E+00
 0.159388626E+01-0.102832079E+01 0.156382823E+01-0.104619145E+01 0.151339090E+01
-0.107297063E+01 0.147041249E+01-0.109272790E+01 0.143101573E+01-0.111054182E+01
 0.138453126E+01-0.112746763E+01 0.133140624E+01-0.114327979E+01 0.129820323E+01
-0.115337598E+01 0.125470591E+01-0.116246176E+01 0.122515130E+01-0.116713917E+01
 0.121892834E+01-0.107977843E+01 0.121578431E+01-0.974999964E+00 0.121130741E+01
-0.912499964E+00 0.120094919E+01-0.824999988E+00 0.118900347E+01-0.744552374E+00
 0.117526174E+01-0.665368140E+00 0.116258514E+01-0.598539233E+00 0.114687955E+01
-0.518357754E+00 0.113510799E+01-0.457836479E+00 0.111921024E+01-0.372942924E+00
 0.110779798E+01-0.307216346E+00 0.109595764E+01-0.225000009E+00 0.108612788E+01
-0.125000000E+00 0.108259821E+01-0.625000000E-01
 0.101600003E+01 0.000000000E+00 0.101600003E+01 0.963999987E+00 0.101600003E+01
 0.967999995E+00 0.101600003E+01 0.100100005E+01 0.101600003E+01 0.101900005E+01
 0.101600003E+01 0.107700002E+01 0.101600003E+01 0.107000005E+01 0.101600003E+01
 0.109599996E+01 0.101600003E+01 0.111300004E+01 0.101600003E+01 0.113800001E+01
 0.101600003E+01 0.114699996E+01 0.101199996E+01 0.116499996E+01 0.100100005E+01
 0.121700001E+01 0.102900004E+01 0.121700001E+01 0.104200006E+01 0.116240001E+01
 0.104600000E+01 0.116237998E+01 0.105599999E+01 0.116260004E+01 0.109700000E+01
 0.116450000E+01 0.110800004E+01 0.116594005E+01 0.111600006E+01 0.116591001E+01
 0.113399994E+01 0.116895998E+01 0.114800000E+01 0.117174995E+01 0.116199994E+01
 0.117556000E+01 0.118099999E+01 0.118299997E+01 0.118200004E+01 0.118350005E+01
 0.118499994E+01 0.118499994E+01 0.119000006E+01 0.118799996E+01 0.119500005E+01
 0.119099998E+01 0.120099998E+01 0.119599998E+01 0.120899999E+01 0.120200002E+01
 0.121500003E+01 0.120799994E+01 0.122200000E+01 0.121399999E+01 0.122800004E+01
 0.122099996E+01 0.123399997E+01 0.123099995E+01 0.123899996E+01 0.123800004E+01
 0.124199998E+01 0.124399996E+01 0.124800003E+01 0.125399995E+01 0.125800002E+01
 0.127800000E+01 0.126300001E+01 0.128999996E+01 0.127999997E+01 0.133099997E+01
 0.127999997E+01 0.134700000E+01 0.127999997E+01 0.134800005E+01 0.130999994E+01
 0.134800005E+01 0.132799995E+01 0.134800005E+01 0.136099994E+01 0.134800005E+01
 0.138000000E+01 0.134800005E+01 0.141900003E+01 0.134800005E+01 0.141900003E+01
 0.130999994E+01 0.137199998E+01 0.130999994E+01 0.137199998E+01 0.129200006E+01
 0.160800004E+01 0.109500003E+01 0.164699996E+01 0.107700002E+01 0.178499997E+01
 0.107700002E+01 0.206999993E+01 0.103999996E+01 0.212800002E+01 0.992999971E+00
 0.224499989E+01 0.708999991E+00 0.232299995E+01 0.518999994E+00 0.237700009E+01
 0.388999999E+00 0.236249995E+01 0.400000006E+00 0.236443496E+01 0.222000003E+00
 0.236496902E+01 0.133000001E+00 0.236532402E+01 0.439999998E-01 0.236512089E+01
-0.439999998E-01 0.236484194E+01-0.133000001E+00 0.236433411E+01-0.222000003E+00
 0.236249995E+01-0.400000006E+00 0.237700009E+01-0.388999999E+00 0.213400006E+01
-0.972999990E+00 0.178600001E+01-0.117400002E+01 0.176800001E+01-0.121099997E+01
 0.176800001E+01-0.125000000E+01 0.168200004E+01-0.125000000E+01 0.137199998E+01
-0.125000000E+01 0.137199998E+01-0.132900000E+01 0.141999996E+01-0.132900000E+01
 0.141999996E+01-0.136300004E+01 0.127300000E+01-0.136300004E+01 0.115300000E+01
-0.136300004E+01 0.101600003E+01-0.122300005E+01 0.101600003E+01-0.122300005E+01
 0.101600003E+01-0.829999983E+00 0.101600003E+01-0.800000012E+00 0.101600003E+01
-0.414999992E+00 0.101600003E+01-0.400000006E+00 0.101600003E+01-0.100000005E-02
 0.101600003E+01 0.000000000E+00
    0 0.169550002E+01    0
 0.000000000E+00 0.102031931E+00 0.144833460E+00 0.177871555E+00 0.205887228E+00
 0.229385853E+00 0.252100319E+00 0.273168266E+00 0.292778730E+00 0.311403036E+00
 0.329030514E+00 0.345946401E+00 0.362216353E+00 0.377874404E+00 0.393028349E+00
 0.407775283E+00 0.422123969E+00 0.436044723E+00 0.449722677E+00 0.463115394E+00
 0.476188064E+00 0.489028096E+00 0.501664042E+00 0.514140844E+00 0.526369870E+00
 0.538428426E+00 0.550366282E+00 0.562162042E+00 0.573822737E+00 0.585343182E+00
 0.596773505E+00 0.608104646E+00 0.619363368E+00 0.630511522E+00 0.641610026E+00
 0.652642369E+00 0.663628697E+00 0.674560547E+00 0.685449958E+00 0.696324587E+00
 0.707173705E+00 0.718010545E+00 0.728838921E+00 0.739675343E+00 0.750514686E+00
 0.761394620E+00 0.772293150E+00 0.783243477E+00 0.794237792E+00 0.805296540E+00
 0.816448927E+00 0.827669978E+00 0.839026392E+00 0.850491405E+00 0.862124562E+00
 0.873900652E+00 0.885908246E+00 0.898145020E+00 0.910677075E+00 0.923530340E+00
 0.936858833E+00 0.950720429E+00 0.965312779E+00 0.981107354E+00 0.100000000E+01
    0
