  EFITD    06/25/2013    #1553453000.0ms  EFIT01   0  65  65
 0.170000005E+01 0.320000005E+01 0.169550002E+01 0.839999974E+00 0.000000000E+00
 0.181185389E+01-0.105516911E-01-0.189448342E+00-0.264500757E-02 0.165878773E+01
 0.101815588E+07-0.189448342E+00 0.000000000E+00 0.181185389E+01 0.000000000E+00
-0.105516911E-01 0.000000000E+00-0.264500757E-02 0.000000000E+00 0.000000000E+00
 0.276034451E+01 0.276272440E+01 0.276502633E+01 0.276725197E+01 0.276940250E+01
 0.277147913E+01 0.277348399E+01 0.277541780E+01 0.277728271E+01 0.277907968E+01
 0.278081012E+01 0.278247571E+01 0.278407717E+01 0.278561687E+01 0.278709555E+01
 0.278851461E+01 0.278987551E+01 0.279117966E+01 0.279242849E+01 0.279362297E+01
 0.279476452E+01 0.279585505E+01 0.279689527E+01 0.279788685E+01 0.279883051E+01
 0.279972839E+01 0.280058146E+01 0.280139112E+01 0.280215836E+01 0.280288458E+01
 0.280357122E+01 0.280421972E+01 0.280483103E+01 0.280540657E+01 0.280594778E+01
 0.280645561E+01 0.280693173E+01 0.280737710E+01 0.280779314E+01 0.280818129E+01
 0.280854225E+01 0.280887818E+01 0.280918956E+01 0.280947828E+01 0.280974483E+01
 0.280999136E+01 0.281021857E+01 0.281042790E+01 0.281062078E+01 0.281079793E+01
 0.281096125E+01 0.281111169E+01 0.281125045E+01 0.281137919E+01 0.281149864E+01
 0.281161022E+01 0.281171560E+01 0.281181574E+01 0.281191158E+01 0.281200504E+01
 0.281209660E+01 0.281218839E+01 0.281228113E+01 0.281237602E+01 0.281247473E+01
 0.108350008E+06 0.105367945E+06 0.102426805E+06 0.995265938E+05 0.966672969E+05
 0.938489375E+05 0.910714844E+05 0.883349688E+05 0.856393672E+05 0.829846875E+05
 0.803709375E+05 0.777981094E+05 0.752662109E+05 0.727752344E+05 0.703251797E+05
 0.679160469E+05 0.655478359E+05 0.632205508E+05 0.609341875E+05 0.586887500E+05
 0.564842383E+05 0.543206484E+05 0.521979805E+05 0.501162383E+05 0.480754180E+05
 0.460755234E+05 0.441165508E+05 0.421985000E+05 0.403213750E+05 0.384851719E+05
 0.366898984E+05 0.349355391E+05 0.332221094E+05 0.315496035E+05 0.299180195E+05
 0.283273613E+05 0.267776250E+05 0.252688125E+05 0.238009219E+05 0.223739570E+05
 0.209879160E+05 0.196427969E+05 0.183386016E+05 0.170753320E+05 0.158529844E+05
 0.146715605E+05 0.135310605E+05 0.124314844E+05 0.113728320E+05 0.103551035E+05
 0.937829688E+04 0.844241602E+04 0.754745703E+04 0.669342285E+04 0.588031152E+04
 0.510812402E+04 0.437686035E+04 0.368652002E+04 0.303710352E+04 0.242861035E+04
 0.186104114E+04 0.133439539E+04 0.848673340E+03 0.403874878E+03 0.000000000E+00
 0.228863287E+01 0.221604609E+01 0.214467669E+01 0.207452464E+01 0.200558996E+01
 0.193787289E+01 0.187137318E+01 0.180609107E+01 0.174202633E+01 0.167917907E+01
 0.161754918E+01 0.155713677E+01 0.149794197E+01 0.143996453E+01 0.138320446E+01
 0.132766199E+01 0.127333677E+01 0.122022915E+01 0.116833901E+01 0.111766624E+01
 0.106821096E+01 0.101997304E+01 0.972952783E+00 0.927149832E+00 0.882564425E+00
 0.839196384E+00 0.797045827E+00 0.756112814E+00 0.716397166E+00 0.677899003E+00
 0.640618265E+00 0.604555011E+00 0.569709182E+00 0.536080837E+00 0.503669918E+00
 0.472476512E+00 0.442500532E+00 0.413742006E+00 0.386200905E+00 0.359877288E+00
 0.334771156E+00 0.310882449E+00 0.288211167E+00 0.266757399E+00 0.246521056E+00
 0.227502167E+00 0.209700748E+00 0.193116784E+00 0.177750260E+00 0.163601220E+00
 0.150669605E+00 0.138955444E+00 0.128458768E+00 0.119179532E+00 0.111117750E+00
 0.104273424E+00 0.986465588E-01 0.942371488E-01 0.910451859E-01 0.890706927E-01
 0.883136466E-01 0.887740552E-01 0.904519260E-01 0.933472514E-01 0.974600166E-01
-0.102864419E+07-0.101462450E+07-0.100060488E+07-0.986585125E+06-0.972565500E+06
-0.958545750E+06-0.944526125E+06-0.930506438E+06-0.916486750E+06-0.902467062E+06
-0.888447375E+06-0.874427750E+06-0.860408000E+06-0.846388375E+06-0.832368688E+06
-0.818349000E+06-0.804329375E+06-0.790309625E+06-0.776290000E+06-0.762270250E+06
-0.748250625E+06-0.734230938E+06-0.720211250E+06-0.706191562E+06-0.692171875E+06
-0.678152250E+06-0.664132500E+06-0.650112875E+06-0.636093125E+06-0.622073500E+06
-0.608053812E+06-0.594034125E+06-0.580014438E+06-0.565994750E+06-0.551975125E+06
-0.537955375E+06-0.523935719E+06-0.509916062E+06-0.495896375E+06-0.481876688E+06
-0.467857000E+06-0.453837312E+06-0.439817625E+06-0.425797969E+06-0.411778281E+06
-0.397758594E+06-0.383738938E+06-0.369719250E+06-0.355699562E+06-0.341679875E+06
-0.327660188E+06-0.313640500E+06-0.299620844E+06-0.285601156E+06-0.271581469E+06
-0.257561797E+06-0.243542125E+06-0.229522438E+06-0.215502750E+06-0.201483078E+06
-0.187463406E+06-0.173443719E+06-0.159424031E+06-0.145404359E+06-0.131384672E+06
 2.623225003e-02 2.365180477e-02 2.102896571e-02 1.832135394e-02 1.550131850e-02
 1.254843548e-02 9.434190579e-03 6.104457192e-03 2.573131118e-03-1.214098884e-03
-5.853654351e-03-1.203998923e-02-1.852175593e-02-2.276239172e-02-2.526869625e-02
-2.624757402e-02-2.574027143e-02-2.368791401e-02-1.989842579e-02-1.395901665e-02
-5.070109852e-03 4.227308556e-03 1.200072560e-02 1.891804859e-02 2.535428107e-02
 3.154136240e-02 3.764571622e-02 4.380846396e-02 5.017323419e-02 5.689141899e-02
 6.323692203e-02 6.897985935e-02 7.420799881e-02 7.887794077e-02 8.296073973e-02
 8.636899292e-02 8.939130604e-02 9.280727804e-02 9.650451690e-02 1.004182547e-01
 1.045127660e-01 1.087673157e-01 1.131668091e-01 1.176963151e-01 1.223386079e-01
 1.270734817e-01 1.318776608e-01 1.367250532e-01 1.415869594e-01 1.464323848e-01
 1.512283385e-01 1.559404433e-01 1.605335325e-01 1.649726480e-01 1.692239344e-01
 1.732558310e-01 1.770402193e-01 1.805534065e-01 1.837770492e-01 1.866987050e-01
 1.893120408e-01 1.916168928e-01 1.936186850e-01 1.953277588e-01 1.967585981e-01
 2.180148289e-02 1.892488822e-02 1.610177569e-02 1.329845190e-02 1.047668234e-02
 7.598822936e-03 4.699733108e-03 1.843206817e-03-1.030368730e-03-4.019161686e-03
-7.501425222e-03-1.159694232e-02-1.559321582e-02-1.851292327e-02-2.022567764e-02
-2.072477341e-02-1.998500898e-02-1.794168353e-02-1.448709518e-02-9.485995397e-03
-2.923499793e-03 4.194382578e-03 1.095585339e-02 1.736370288e-02 2.353430539e-02
 2.958582342e-02 3.562863171e-02 4.177266359e-02 4.814248905e-02 5.487281084e-02
 6.126609445e-02 6.708601117e-02 7.241342217e-02 7.723625004e-02 8.152125776e-02
 8.517863601e-02 8.852485567e-02 9.230147302e-02 9.640371799e-02 1.007650048e-01
 1.053447872e-01 1.101160869e-01 1.150582880e-01 1.201527268e-01 1.253799796e-01
 1.307183206e-01 1.361428201e-01 1.416247487e-01 1.471315622e-01 1.526266634e-01
 1.580698490e-01 1.634178013e-01 1.686249971e-01 1.736450493e-01 1.784323305e-01
 1.829437912e-01 1.871410012e-01 1.909919381e-01 1.944725513e-01 1.975677311e-01
 2.002718598e-01 2.025883794e-01 2.045290172e-01 2.061125189e-01 2.073629200e-01
 1.675761491e-02 1.368553564e-02 1.080352068e-02 8.065627888e-03 5.411305930e-03
 3.004355123e-03 8.281455375e-04-1.171947690e-03-3.037429415e-03-4.961567000e-03
-6.994306110e-03-9.026179090e-03-1.083470229e-02-1.216568984e-02-1.282456424e-02
-1.268912666e-02-1.168326847e-02-9.759888053e-03-6.903723814e-03-3.156538121e-03
 1.342286007e-03 6.353683770e-03 1.163592935e-02 1.703954488e-02 2.250641957e-02
 2.803238109e-02 3.363915533e-02 3.935794532e-02 4.521526396e-02 5.118291080e-02
 5.703343078e-02 6.261748075e-02 6.791435182e-02 7.291853428e-02 7.762707770e-02
 8.205953240e-02 8.640091121e-02 9.090849757e-02 9.563437104e-02 1.005800515e-01
 1.057383120e-01 1.110993177e-01 1.166515052e-01 1.223812103e-01 1.282718182e-01
 1.343028247e-01 1.404490769e-01 1.466799080e-01 1.529587060e-01 1.592423916e-01
 1.654814482e-01 1.716203243e-01 1.775985062e-01 1.833523661e-01 1.888177097e-01
 1.939330399e-01 1.986429989e-01 2.029018700e-01 2.066765130e-01 2.099480927e-01
 2.127129585e-01 2.149817944e-01 2.167778760e-01 2.181344628e-01 2.190916389e-01
 1.063273102e-02 7.388514467e-03 4.637809470e-03 2.313618083e-03 3.103030322e-04
-1.248676330e-03-2.446143422e-03-3.491226118e-03-4.509984516e-03-5.518602207e-03
-6.492759101e-03-7.366001606e-03-8.037559688e-03-8.391479962e-03-8.318213746e-03
-7.728677243e-03-6.559651811e-03-4.775761161e-03-2.372389659e-03 6.202915683e-04
 4.136779346e-03 8.085918613e-03 1.237125695e-02 1.691142097e-02 2.164958045e-02
 2.655148320e-02 3.159743547e-02 3.677202761e-02 4.205265641e-02 4.739910737e-02
 5.275546759e-02 5.807021633e-02 6.331264973e-02 6.847452372e-02 7.356949151e-02
 7.863675058e-02 8.374065906e-02 8.895226568e-02 9.432579577e-02 9.989365190e-02
 1.056725755e-01 1.116693616e-01 1.178840548e-01 1.243112087e-01 1.309401393e-01
 1.377544254e-01 1.447311491e-01 1.518397480e-01 1.590408087e-01 1.662849039e-01
 1.735116690e-01 1.806495041e-01 1.876163930e-01 1.943221092e-01 2.006722838e-01
 2.065740228e-01 2.119426578e-01 2.167085409e-01 2.208228409e-01 2.242612988e-01
 2.270253003e-01 2.291402817e-01 2.306514680e-01 2.316184193e-01 2.321087122e-01
 2.420692472e-03-1.171800541e-03-3.419455606e-03-4.634959158e-03-5.290199071e-03
-5.578033160e-03-5.748239812e-03-5.895193666e-03-6.055080798e-03-6.226919591e-03
-6.382084917e-03-6.470387802e-03-6.426583044e-03-6.178343669e-03-5.654691719e-03
-4.793246277e-03-3.545438172e-03-1.879844349e-03 2.159617579e-04 2.735159127e-03
 5.653687753e-03 8.934993297e-03 1.253676228e-02 1.641759649e-02 2.054145932e-02
 2.487900481e-02 2.940621972e-02 3.410158306e-02 3.894313052e-02 4.390702397e-02
 4.896905646e-02 5.410871282e-02 5.931358039e-02 6.458224356e-02 6.992539763e-02
 7.536527514e-02 8.093281835e-02 8.666247129e-02 9.258657694e-02 9.873177111e-02
 1.051179618e-01 1.117586792e-01 1.186617166e-01 1.258294880e-01 1.332588196e-01
 1.409402788e-01 1.488569230e-01 1.569824368e-01 1.652788222e-01 1.736935973e-01
 1.821566969e-01 1.905779839e-01 1.988459677e-01 2.068293691e-01 2.143827975e-01
 2.213570923e-01 2.276130468e-01 2.330360711e-01 2.375485599e-01 2.411176711e-01
 2.437574863e-01 2.455246896e-01 2.465087771e-01 2.468191087e-01 2.465717345e-01
-1.052064262e-02-1.602242887e-02-1.529508457e-02-1.310266182e-02-1.146166027e-02
-1.014096476e-02-9.074460715e-03-8.220237680e-03-7.537894882e-03-6.982219871e-03
-6.501751021e-03-6.039456464e-03-5.534755997e-03-4.926478490e-03-4.156241659e-03
-3.171746386e-03-1.929551479e-03-3.970382386e-04 1.446623355e-03 3.610575339e-03
 6.093473174e-03 8.885676041e-03 1.197204366e-02 1.533476263e-02 1.895558462e-02
 2.281716838e-02 2.690349147e-02 3.119968809e-02 3.569180146e-02 4.036691785e-02
 4.521398246e-02 5.022513866e-02 5.539727956e-02 6.073314697e-02 6.624180079e-02
 7.193820179e-02 7.784193754e-02 8.397528529e-02 9.036120772e-02 9.702160209e-02
 1.039762050e-01 1.112420410e-01 1.188330427e-01 1.267597973e-01 1.350288987e-01
 1.436420828e-01 1.525944173e-01 1.618719250e-01 1.714477539e-01 1.812770665e-01
 1.912900060e-01 2.013833523e-01 2.114118934e-01 2.211835086e-01 2.304634154e-01
 2.389934212e-01 2.465245873e-01 2.528519630e-01 2.578413785e-01 2.614456415e-01
 2.637092471e-01 2.647595704e-01 2.647822201e-01 2.639868557e-01 2.625766993e-01
-2.010564506e-02-2.669131011e-02-2.457812801e-02-1.998224109e-02-1.645042747e-02
-1.371016447e-02-1.155995391e-02-9.861806408e-03-8.511448279e-03-7.421991322e-03
-6.515948102e-03-5.721724592e-03-4.972364288e-03-4.205455538e-03-3.363586962e-03
-2.395278309e-03-1.256105956e-03 9.027565102e-05 1.671876875e-03 3.508589463e-03
 5.612850655e-03 7.990706712e-03 1.064314879e-02 1.356753334e-02 1.675891317e-02
 2.021114528e-02 2.391766012e-02 2.787200361e-02 3.206825256e-02 3.650151193e-02
 4.116849601e-02 4.606824368e-02 5.120277405e-02 5.657758191e-02 6.220188737e-02
 6.808847934e-02 7.425323874e-02 8.071443439e-02 8.749194443e-02 9.460653365e-02
 1.020792499e-01 1.099311709e-01 1.181830540e-01 1.268552244e-01 1.359671950e-01
 1.455370039e-01 1.555800438e-01 1.661068499e-01 1.771192849e-01 1.886040270e-01
 2.005216181e-01 2.127888352e-01 2.252516150e-01 2.376497984e-01 2.495889366e-01
 2.605669200e-01 2.700853944e-01 2.777564228e-01 2.833390832e-01 2.867527604e-01
 2.881002426e-01 2.876799703e-01 2.859194279e-01 2.832478285e-01 2.800180614e-01
-2.393009327e-02-3.084013797e-02-2.808417752e-02-2.278074808e-02-1.848661527e-02
-1.504454762e-02-1.231265068e-02-1.015979238e-02-8.469263092e-03-7.137563080e-03
-6.072257645e-03-5.191246979e-03-4.421516322e-03-3.697954351e-03-2.961151069e-03
-2.156930044e-03-1.236876240e-03-1.606988662e-04 1.105308998e-03 2.588690724e-03
 4.311145749e-03 6.288985722e-03 8.533738554e-03 1.105289161e-02 1.385082304e-02
 1.692995429e-02 2.029155940e-02 2.393632755e-02 2.786486223e-02 3.207822517e-02
 3.657843918e-02 4.136898369e-02 4.645524919e-02 5.184485391e-02 5.754787475e-02
 6.357690692e-02 6.994701922e-02 7.667554915e-02 8.378204703e-02 9.128804505e-02
 9.921713173e-02 1.075950116e-01 1.164498255e-01 1.258125007e-01 1.357173026e-01
 1.462023556e-01 1.573101580e-01 1.690877080e-01 1.815860271e-01 1.948578805e-01
 2.089515924e-01 2.238957286e-01 2.396616489e-01 2.560755014e-01 2.726259232e-01
 2.879279256e-01 3.007494211e-01 3.105371594e-01 3.169423342e-01 3.197605312e-01
 3.189768195e-01 3.152574897e-01 3.100656569e-01 3.042374253e-01 2.982699871e-01
-2.272862755e-02-2.960195951e-02-2.695158869e-02-2.155191824e-02-1.713371277e-02
-1.359497756e-02-1.081550494e-02-8.671212010e-03-7.043872029e-03-5.824269727e-03
-4.909493960e-03-4.212699831e-03-3.659970127e-03-3.192040604e-03-2.749689855e-03
-2.274711151e-03-1.706950366e-03-1.008281717e-03-1.413746941e-04 9.272658499e-04
 2.226443496e-03 3.780097701e-03 5.607244559e-03 7.721904665e-03 1.013351604e-02
 1.285016537e-02 1.587898843e-02 1.922610402e-02 2.289682254e-02 2.689637244e-02
 3.123037890e-02 3.590527549e-02 4.092867672e-02 4.630968720e-02 5.205915868e-02
 5.818990245e-02 6.471685320e-02 7.165725529e-02 7.903084904e-02 8.686015010e-02
 9.517087042e-02 1.039925069e-01 1.133591384e-01 1.233105734e-01 1.338938922e-01
 1.451655030e-01 1.571939141e-01 1.700636148e-01 1.838804334e-01 1.987793744e-01
 2.149365842e-01 2.325889468e-01 2.520711422e-01 2.739059925e-01 2.985404432e-01
 3.208232522e-01 3.384734988e-01 3.513633013e-01 3.592197895e-01 3.614199162e-01
 3.577681780e-01 3.473510742e-01 3.358081877e-01 3.251999617e-01 3.156316876e-01
-1.717207208e-02-2.386024594e-02-2.143651620e-02-1.630479097e-02-1.225462556e-02
-9.158853441e-03-6.857367698e-03-5.203293636e-03-4.071260802e-03-3.360169940e-03
-2.925263718e-03-2.688613255e-03-2.571156016e-03-2.572220517e-03-2.629620489e-03
-2.691773232e-03-2.602758352e-03-2.402825281e-03-2.040520543e-03-1.473779324e-03
-6.665288238e-04 4.125761334e-04 1.789886504e-03 3.484123852e-03 5.498130806e-03
 7.844178006e-03 1.053545438e-02 1.358270831e-02 1.699345559e-02 2.077530697e-02
 2.493615076e-02 2.948408201e-02 3.442790359e-02 3.977739066e-02 4.554357380e-02
 5.173899233e-02 5.837802589e-02 6.547723711e-02 7.305578142e-02 8.113588393e-02
 8.974353969e-02 9.890932590e-02 1.086695939e-01 1.190680265e-01 1.301577687e-01
 1.420044005e-01 1.546899676e-01 1.683191061e-01 1.830275655e-01 1.989955306e-01
 2.164683640e-01 2.357902527e-01 2.574597895e-01 2.822111845e-01 3.110582829e-01
 3.406300843e-01 3.636294305e-01 3.799582422e-01 3.897538781e-01 3.929090500e-01
 3.884654045e-01 3.758742213e-01 3.574808836e-01 3.419618607e-01 3.289924264e-01
-7.089516148e-03-1.355430856e-02-1.098231785e-02-6.622361019e-03-3.649438266e-03
-1.682549948e-03-4.590485478e-04 2.055646037e-04 4.443798098e-04 3.593303845e-04
 3.639957868e-05-4.580765963e-04-1.071665902e-03-1.766896108e-03-2.507406520e-03
-3.261407372e-03-3.888313193e-03-4.358652048e-03-4.636353813e-03-4.683503415e-03
-4.461725708e-03-3.931748681e-03-3.051048145e-03-1.767789247e-03-1.755982812e-04
 1.772453310e-03 4.107468762e-03 6.847456098e-03 9.990250692e-03 1.354524493e-02
 1.752281561e-02 2.193106897e-02 2.677897550e-02 3.207623959e-02 3.783309832e-02
 4.406084120e-02 5.077221990e-02 5.798185617e-02 6.570670009e-02 7.396663725e-02
 8.278510720e-02 9.219005704e-02 1.022150367e-01 1.129006371e-01 1.242965460e-01
 1.364641190e-01 1.494800150e-01 1.634410918e-01 1.784712821e-01 1.947310120e-01
 2.124302089e-01 2.318454087e-01 2.533400059e-01 2.773836255e-01 3.045647740e-01
 3.354084194e-01 3.616851270e-01 3.806095421e-01 3.924366832e-01 3.972471356e-01
 3.952229619e-01 3.853943348e-01 3.675739169e-01 3.493277133e-01 3.347550333e-01
 1.092976145e-02 5.756174214e-03 6.473281421e-03 8.118854836e-03 8.593787439e-03
 8.459631354e-03 7.929901592e-03 7.113849744e-03 6.080364343e-03 4.879921675e-03
 3.553409129e-03 2.134856768e-03 6.531212712e-04-8.670062525e-04-2.402867191e-03
-3.934032284e-03-5.323129706e-03-6.534298882e-03-7.531216368e-03-8.276931010e-03
-8.734308183e-03-8.866723627e-03-8.639333770e-03-8.022135124e-03-6.998051424e-03
-5.536493845e-03-3.599098418e-03-1.136569190e-03 1.726580085e-03 5.039386917e-03
 8.826215751e-03 1.308404561e-02 1.782255433e-02 2.305211499e-02 2.878042683e-02
 3.501615673e-02 4.176910967e-02 4.905042052e-02 5.687303841e-02 6.525222957e-02
 7.420609146e-02 8.375626057e-02 9.392862767e-02 1.047543436e-01 1.162709892e-01
 1.285240203e-01 1.415685713e-01 1.554714739e-01 1.703136563e-01 1.861925423e-01
 2.032239437e-01 2.215424925e-01 2.412993908e-01 2.626572251e-01 2.857890129e-01
 3.109343052e-01 3.366220593e-01 3.551630974e-01 3.674940467e-01 3.741082549e-01
 3.747869730e-01 3.700016439e-01 3.589542508e-01 3.431272507e-01 3.304647803e-01
 3.659941256e-02 3.481220454e-02 3.020301461e-02 2.595811337e-02 2.269538864e-02
 1.985614747e-02 1.721873879e-02 1.468117535e-02 1.219242625e-02 9.726736695e-03
 7.272266783e-03 4.825302400e-03 2.387220506e-03-3.683800605e-05-2.437712857e-03
-4.799883347e-03-6.996618118e-03-8.995820768e-03-1.076282561e-02-1.226163656e-02
-1.345571131e-02-1.430865098e-02-1.478494331e-02-1.485075243e-02-1.447425224e-02
-1.362333074e-02-1.226686873e-02-1.037854329e-02-7.945961319e-03-4.937455989e-03
-1.306633698e-03 2.789936960e-03 7.405560929e-03 1.256320532e-02 1.825507358e-02
 2.448672429e-02 3.126438335e-02 3.859412298e-02 4.648328573e-02 5.494071543e-02
 6.397707760e-02 7.360513508e-02 8.383998275e-02 9.469944239e-02 1.062041670e-01
 1.183778495e-01 1.312470585e-01 1.448405385e-01 1.591877341e-01 1.743156612e-01
 1.902430654e-01 2.069697529e-01 2.244578600e-01 2.425971180e-01 2.611369491e-01
 2.795383930e-01 2.967144251e-01 3.112337887e-01 3.222394586e-01 3.294591904e-01
 3.328796029e-01 3.326752186e-01 3.293163776e-01 3.238366246e-01 3.176926970e-01
 5.465738848e-02 5.389287323e-02 4.769052565e-02 4.099419713e-02 3.533907607e-02
 3.040799871e-02 2.597237565e-02 2.187721618e-02 1.801938564e-02 1.432994567e-02
 1.076240465e-02 7.285153493e-03 3.876450937e-03 5.208201474e-04-2.794183558e-03
-5.977469496e-03-8.989570662e-03-1.179363579e-02-1.435329765e-02-1.663197577e-02
-1.859276369e-02-2.019860037e-02-2.141254582e-02-2.219806798e-02-2.251926251e-02
-2.234094217e-02-2.162926644e-02-2.035281062e-02-1.848344877e-02-1.599477604e-02
-1.286649797e-02-9.095599875e-03-4.658420105e-03 4.803641350e-04 6.140707992e-03
 1.237040758e-02 1.917508058e-02 2.655073814e-02 3.449832648e-02 4.301932454e-02
 5.211608112e-02 6.179153174e-02 7.204906642e-02 8.289232850e-02 9.432467073e-02
 1.063483953e-01 1.189633533e-01 1.321648806e-01 1.459404826e-01 1.602649391e-01
 1.750926524e-01 1.903466284e-01 2.059022486e-01 2.215648144e-01 2.370421886e-01
 2.519231439e-01 2.656926513e-01 2.778179944e-01 2.878710032e-01 2.956002653e-01
 3.009406328e-01 3.040066957e-01 3.050892949e-01 3.046290278e-01 3.031259775e-01
 6.612747908e-02 6.562139094e-02 5.938538164e-02 5.184460804e-02 4.504182935e-02
 3.886625171e-02 3.319460154e-02 2.791751362e-02 2.294522151e-02 1.820695400e-02
 1.364802476e-02 9.226530790e-03 4.910402931e-03 6.749759195e-04-3.498851089e-03
-7.515495643e-03-1.134452410e-02-1.495294832e-02-1.830617152e-02-2.136842348e-02
-2.410303429e-02-2.647266909e-02-2.843952551e-02-2.996556833e-02-3.101273626e-02
-3.154321015e-02-3.151984513e-02-3.090668097e-02-2.966955304e-02-2.777668461e-02
-2.519995160e-02-2.191602625e-02-1.790463179e-02-1.315339096e-02-7.668946870e-03
-1.435481245e-03 5.435231142e-03 1.287751459e-02 2.090167999e-02 2.950062975e-02
 3.866951913e-02 4.840182886e-02 5.868997797e-02 6.952504814e-02 8.089584112e-02
 9.278760850e-02 1.051803678e-01 1.180466264e-01 1.313482523e-01 1.450322568e-01
 1.590254307e-01 1.732277274e-01 1.875046492e-01 2.016802877e-01 2.155335844e-01
 2.288028598e-01 2.412036657e-01 2.524601817e-01 2.623421550e-01 2.706950903e-01
 2.774568796e-01 2.826609313e-01 2.864277363e-01 2.889433205e-01 2.904258370e-01
 7.412074506e-02 7.373850048e-02 6.723169982e-02 5.928089470e-02 5.188935250e-02
 4.499893636e-02 3.853971511e-02 3.244019300e-02 2.663419209e-02 2.106388658e-02
 1.568048447e-02 1.044365577e-02 5.320459604e-03 2.841196838e-04-4.687264562e-03
-9.493397549e-03-1.410446595e-02-1.848840341e-02-2.261133865e-02-2.643796429e-02
-2.993181162e-02-3.305544704e-02-3.577063233e-02-3.803849220e-02-3.981966898e-02
-4.107450694e-02-4.176335037e-02-4.184689745e-02-4.128669202e-02-4.004572332e-02
-3.808922321e-02-3.538560867e-02-3.190749884e-02-2.763363346e-02-2.255091444e-02
-1.665415987e-02-9.954540059e-03-2.458066447e-03 5.691232160e-03 1.440759934e-02
 2.369299158e-02 3.352903575e-02 4.389818013e-02 5.478212982e-02 6.615927815e-02
 7.800345868e-02 9.028252959e-02 1.029566154e-01 1.159759760e-01 1.292783022e-01
 1.427858174e-01 1.564022899e-01 1.700106710e-01 1.834719479e-01 1.966269612e-01
 2.093018591e-01 2.213182449e-01 2.325066626e-01 2.427216470e-01 2.518543601e-01
 2.598410845e-01 2.666656971e-01 2.723562121e-01 2.769761086e-01 2.806123495e-01
 7.916331291e-02 7.878656685e-02 7.206978649e-02 6.392323971e-02 5.624179542e-02
 4.896447062e-02 4.203349352e-02 3.539399803e-02 2.899620123e-02 2.279587835e-02
 1.675432362e-02 1.083809696e-02 5.018759053e-03-7.272706134e-04-6.418545730e-03
-1.194686815e-02-1.728171110e-02-2.239041403e-02-2.723869495e-02-3.179099038e-02
-3.601064906e-02-3.986006975e-02-4.330076277e-02-4.629340768e-02-4.879792035e-02
-5.077353120e-02-5.217895284e-02-5.297260731e-02-5.311296880e-02-5.255904794e-02
-5.127105117e-02-4.921123385e-02-4.634501785e-02-4.264239967e-02-3.807968646e-02
-3.264138848e-02-2.632297017e-02-1.913286373e-02-1.110027265e-02-2.251534024e-03
 7.236162201e-03 1.725718565e-02 2.778953128e-02 3.881449997e-02 5.030439049e-02
 6.222628802e-02 7.454180717e-02 8.720618486e-02 1.001670510e-01 1.133630425e-01
 1.267224103e-01 1.401619017e-01 1.535862982e-01 1.668886840e-01 1.799525470e-01
 1.926549971e-01 2.048718482e-01 2.164836824e-01 2.273820043e-01 2.374745309e-01
 2.466889471e-01 2.549744248e-01 2.623011470e-01 2.686585188e-01 2.740524411e-01
 8.122499287e-02 8.068378270e-02 7.420210540e-02 6.611703336e-02 5.842238665e-02
 5.102618784e-02 4.386746883e-02 3.690508753e-02 3.010608256e-02 2.344128117e-02
 1.688386872e-02 1.040906645e-02 3.994178493e-03-2.381163882e-03-8.697444573e-03
-1.486570388e-02-2.085174248e-02-2.662030980e-02-3.213541210e-02-3.736040741e-02
-4.225803167e-02-4.679033905e-02-5.091865361e-02-5.460347608e-02-5.780442804e-02
-6.048022211e-02-6.258868426e-02-6.408685446e-02-6.493118405e-02-6.507790089e-02
-6.448346376e-02-6.310532242e-02-6.090283394e-02-5.783851445e-02-5.387955904e-02
-4.899973795e-02-4.318159074e-02-3.641895205e-02-2.871980891e-02-2.010798082e-02
-1.063030027e-02-3.282774705e-04 1.044991892e-02 2.172866464e-02 3.346051648e-02
 4.560652003e-02 5.812510103e-02 7.097081840e-02 8.409352601e-02 9.743763506e-02
 1.109414697e-01 1.245367676e-01 1.381486356e-01 1.516958773e-01 1.650920659e-01
 1.782468706e-01 1.910679638e-01 2.034629583e-01 2.153409123e-01 2.266134918e-01
 2.371953130e-01 2.470040321e-01 2.559607327e-01 2.639916539e-01 2.710318863e-01
 8.057485521e-02 7.954341918e-02 7.354243100e-02 6.619059294e-02 5.885554850e-02
 5.156863853e-02 4.435297102e-02 3.721313179e-02 3.014387935e-02 2.313440293e-02
 1.617059857e-02 9.236367419e-03 2.314124024e-03-4.615568556e-03-1.146543585e-02
-1.819157600e-02-2.475330047e-02-3.111148253e-02-3.722774982e-02-4.306405038e-02
-4.858233035e-02-5.374429375e-02-5.851116776e-02-6.284350902e-02-6.670100987e-02
-7.004234940e-02-7.282506675e-02-7.500557601e-02-7.653917372e-02-7.738028467e-02
-7.748276740e-02-7.680043578e-02-7.528786361e-02-7.290136814e-02-6.960035861e-02
-6.534905732e-02-6.011848152e-02-5.388895795e-02-4.665299505e-02-3.841861710e-02
-2.921355888e-02-1.908959076e-02-8.136088029e-03 3.579267301e-03 1.570333540e-02
 2.823071182e-02 4.112107307e-02 5.433115363e-02 6.781571358e-02 8.152728528e-02
 9.541581571e-02 1.094283164e-01 1.235087812e-01 1.375981867e-01 1.516346633e-01
 1.655535698e-01 1.792872697e-01 1.927642971e-01 2.059077322e-01 2.186322808e-01
 2.308405042e-01 2.424186468e-01 2.532340288e-01 2.631369233e-01 2.719702721e-01
 7.945808768e-02 7.803160697e-02 7.241904736e-02 6.546166539e-02 5.834529549e-02
 5.113527924e-02 4.388278350e-02 3.661368415e-02 2.933787927e-02 2.205569670e-02
 1.476161554e-02 7.446593605e-03 9.967651567e-05-7.290542126e-03-1.461480465e-02
-2.183138952e-02-2.889913879e-02-3.577775136e-02-4.242774844e-02-4.881024733e-02
-5.488675088e-02-6.061882526e-02-6.596784294e-02-7.089465857e-02-7.535934448e-02
-7.932090759e-02-8.273713291e-02-8.556437492e-02-8.775751293e-02-8.926998079e-02
-9.005397558e-02-9.006077051e-02-8.924130350e-02-8.754695952e-02-8.493071795e-02
-8.134855330e-02-7.676129788e-02-7.113685459e-02-6.445288658e-02-5.669992417e-02
-4.788492247e-02-3.803490102e-02-2.720041201e-02-1.545543503e-02-2.908944851e-03
 1.015241072e-02 2.357542515e-02 3.731571883e-02 5.133368075e-02 6.559145451e-02
 8.005169034e-02 9.467706084e-02 1.094301343e-01 1.242733151e-01 1.391687542e-01
 1.540777683e-01 1.689597666e-01 1.837699562e-01 1.984551847e-01 2.129473984e-01
 2.271535993e-01 2.409415394e-01 2.541226745e-01 2.664387226e-01 2.775696814e-01
 7.900749147e-02 7.746304572e-02 7.172119617e-02 6.460465491e-02 5.739967525e-02
 5.011690408e-02 4.276710749e-02 3.535906598e-02 2.789685130e-02 2.037976682e-02
 1.280323975e-02 5.159840919e-03-2.559635788e-03-1.033080555e-02-1.805622131e-02
-2.569219097e-02-3.319599479e-02-4.052608460e-02-4.764207825e-02-5.450455099e-02
-6.107477099e-02-6.731440127e-02-7.318511605e-02-7.864831388e-02-8.366468549e-02
-8.819390088e-02-9.219433367e-02-9.562274814e-02-9.843415767e-02-1.005817056e-01
-1.020167023e-01-1.026887819e-01-1.025463119e-01-1.015369445e-01-9.960851818e-02
-9.671019018e-02-9.279406816e-02-8.781708777e-02-8.174347878e-02-7.454764843e-02
-6.621751189e-02-5.675829574e-02-4.619673640e-02-3.458580375e-02-2.201100066e-02
-8.597062901e-03 5.523433909e-03 1.993983611e-02 3.462912515e-02 4.956758767e-02
 6.473231316e-02 8.010206372e-02 9.565803409e-02 1.113843620e-01 1.272685230e-01
 1.433013976e-01 1.594767123e-01 1.757894158e-01 1.922319829e-01 2.087876648e-01
 2.254173458e-01 2.420356870e-01 2.584664822e-01 2.743577361e-01 2.890332341e-01
 7.831215858e-02 7.665680349e-02 7.058231533e-02 6.333152950e-02 5.601433665e-02
 4.862330481e-02 4.115566239e-02 3.360802680e-02 2.597586252e-02 1.825313270e-02
 1.043211855e-02 2.503125230e-03-5.546451081e-03-1.362626068e-02-2.168411762e-02
-2.967213467e-02-3.754525632e-02-4.526056349e-02-5.277687311e-02-6.005436927e-02
-6.705429405e-02-7.373856008e-02-8.006935567e-02-8.600873500e-02-9.151820838e-02
-9.655833244e-02-1.010883451e-01-1.050657481e-01-1.084461361e-01-1.111828536e-01
-1.132269800e-01-1.145273149e-01-1.150305495e-01-1.146816909e-01-1.134246662e-01
-1.112032682e-01-1.079624072e-01-1.036498100e-01-9.821812809e-02-9.162752330e-02
-8.384880424e-02-7.486705482e-02-6.468573213e-02-5.333115906e-02-4.085720703e-02
-2.734919824e-02-1.292580366e-02 2.253169194e-03 1.770163327e-02 3.340483829e-02
 4.935111105e-02 6.553293020e-02 8.194811642e-02 9.860107303e-02 1.155042648e-01
 1.326796412e-01 1.501602083e-01 1.679915786e-01 1.862332076e-01 2.049590349e-01
 2.242563963e-01 2.442209423e-01 2.649384737e-01 2.863952219e-01 3.074723482e-01
 7.677238435e-02 7.495254278e-02 6.891256571e-02 6.156599522e-02 5.415971950e-02
 4.668223113e-02 3.911967948e-02 3.145892173e-02 2.368797362e-02 1.579586789e-02
 7.772503421e-03-3.908961662e-04-8.699770086e-03-1.704591885e-02-2.538309991e-02
-3.366518766e-02-4.184739292e-02-4.988664389e-02-5.774158984e-02-6.537242234e-02
-7.274057716e-02-7.980839908e-02-8.653870225e-02-9.289433807e-02-9.883776307e-02
-1.043305546e-01-1.093329787e-01-1.138035506e-01-1.176986992e-01-1.209723949e-01
-1.235759929e-01-1.254580617e-01-1.265644431e-01-1.268384457e-01-1.262212098e-01
-1.246525124e-01-1.220717058e-01-1.184190959e-01-1.136377826e-01-1.076759696e-01
-1.004898250e-01-9.204682708e-02-8.232980967e-02-7.134138048e-02-5.910879374e-02
-4.568905383e-02-3.117403388e-02-1.569600217e-02 5.677150912e-04 1.708038524e-02
 3.383794427e-02 5.084262043e-02 6.810458004e-02 8.564385027e-02 1.034928411e-01
 1.216992885e-01 1.403303146e-01 1.594776511e-01 1.792650521e-01 1.998589188e-01
 2.214846760e-01 2.444543988e-01 2.692208886e-01 2.965004444e-01 3.250230551e-01
 7.473503053e-02 7.275116444e-02 6.664181501e-02 5.924849957e-02 5.181796849e-02
 4.431782663e-02 3.671782836e-02 2.899475396e-02 2.113063633e-02 1.311054826e-02
 4.920650274e-03-3.453817684e-03-1.194408443e-02-2.049455233e-02-2.905400842e-02
-3.757421300e-02-4.600939155e-02-5.431601405e-02-6.245258078e-02-7.037937641e-02
-7.805816829e-02-8.545179665e-02-9.252379835e-02-9.923786670e-02-1.055574790e-01
-1.114452854e-01-1.168626994e-01-1.217693686e-01-1.261227727e-01-1.298778057e-01
-1.329864264e-01-1.353975087e-01-1.370566487e-01-1.379062831e-01-1.378858089e-01
-1.369322240e-01-1.349807680e-01-1.319661438e-01-1.278239638e-01-1.224928647e-01
-1.159170493e-01-1.080494374e-01-9.885549545e-02-8.831767738e-02-7.644045353e-02
-6.325583905e-02-4.882926121e-02-3.326551616e-02-1.671427116e-02 6.254898617e-04
 1.818991452e-02 3.598567843e-02 5.402877182e-02 7.234689593e-02 9.098243713e-02
 1.099961326e-01 1.294719726e-01 1.495241374e-01 1.703068316e-01 1.920285821e-01
 2.149722576e-01 2.395225912e-01 2.661979795e-01 2.956714630e-01 3.272670209e-01
 7.213839889e-02 6.999112666e-02 6.358179450e-02 5.629482865e-02 4.899388924e-02
 4.158940911e-02 3.403946757e-02 2.632109076e-02 1.841919497e-02 1.032200269e-02
 2.018888015e-03-6.501038559e-03-1.514385454e-02-2.385840565e-02-3.259487078e-02
-4.130534083e-02-4.994407296e-02-5.846753716e-02-6.683433056e-02-7.500497997e-02
-8.294163644e-02-9.060773253e-02-9.796751291e-02-1.049855724e-01-1.116263717e-01
-1.178536862e-01-1.236300692e-01-1.289163828e-01-1.336712837e-01-1.378507018e-01
-1.414075345e-01-1.442912817e-01-1.464478076e-01-1.478193104e-01-1.483443081e-01
-1.479580998e-01-1.465931237e-01-1.441800743e-01-1.406490654e-01-1.359314173e-01
-1.299619973e-01-1.226821616e-01-1.140433252e-01-1.040113121e-01-9.257142246e-02
-7.973407209e-02-6.554107368e-02-5.007207394e-02-3.345094621e-02-1.585139707e-02
 2.498762915e-03 2.103250474e-02 3.976387903e-02 5.871853977e-02 7.793704420e-02
 9.747720510e-02 1.174175739e-01 1.378627121e-01 1.589509398e-01 1.808658391e-01
 2.038530707e-01 2.282463312e-01 2.545076609e-01 2.832858562e-01 3.141206503e-01
 6.745021045e-02 6.471730769e-02 5.934995413e-02 5.278136581e-02 4.586052150e-02
 3.867603838e-02 3.124920838e-02 2.358605526e-02 1.568678580e-02 7.549015805e-03
-8.302024216e-04-9.451661259e-03-1.820623130e-02-2.704421058e-02-3.591625392e-02
-4.477452859e-02-5.357328430e-02-6.226902455e-02-7.082049549e-02-7.918848097e-02
-8.733558655e-02-9.522576630e-02-1.028240174e-01-1.100957617e-01-1.170064211e-01
-1.235208362e-01-1.296027303e-01-1.352141201e-01-1.403148770e-01-1.448620856e-01
-1.488096714e-01-1.521080583e-01-1.547037363e-01-1.565391123e-01-1.575525403e-01
-1.576784104e-01-1.568475664e-01-1.549880505e-01-1.520261019e-01-1.478878111e-01
-1.425010860e-01-1.357984543e-01-1.277203560e-01-1.182193905e-01-1.072652340e-01
-9.485034645e-02-8.099642396e-02-6.576126069e-02-4.924584180e-02-3.160115331e-02
-1.303404756e-02 6.188605446e-03 2.551961690e-02 4.497173429e-02 6.457625329e-02
 8.437709510e-02 1.044304371e-01 1.248060837e-01 1.455897987e-01 1.668860614e-01
 1.888217032e-01 2.115511596e-01 2.352702916e-01 2.602763772e-01 2.865671515e-01
 6.414718181e-02 6.118980050e-02 5.589127168e-02 4.959236458e-02 4.291399568e-02
 3.589921445e-02 2.857900038e-02 2.097025141e-02 1.308024116e-02 4.909758456e-03
-3.545664949e-03-1.221607439e-02-2.104112506e-02-2.996537462e-02-3.893682361e-02
-4.790640622e-02-5.682782084e-02-6.565739214e-02-7.435394078e-02-8.287850767e-02
-9.119407088e-02-9.926515818e-02-1.070573777e-01-1.145369709e-01-1.216702461e-01
-1.284230351e-01-1.347601265e-01-1.406446695e-01-1.460376829e-01-1.508974135e-01
-1.551789194e-01-1.588336080e-01-1.618088037e-01-1.640475392e-01-1.654884517e-01
-1.660656631e-01-1.657093167e-01-1.643458158e-01-1.618990302e-01-1.582914442e-01
-1.534460783e-01-1.472889781e-01-1.397524327e-01-1.307788491e-01-1.203256249e-01
-1.083707884e-01-9.491939843e-02-8.001068234e-02-6.372554600e-02-4.619421065e-02
-2.760373428e-02-8.205417544e-03 1.167657226e-02 3.151318431e-02 5.134787410e-02
 7.121281326e-02 9.113706648e-02 1.111481637e-01 1.312700808e-01 1.515175104e-01
 1.718842685e-01 1.923198551e-01 2.126802206e-01 2.326194048e-01 2.514097691e-01
 6.191725656e-02 5.884870514e-02 5.338911712e-02 4.708444327e-02 4.044965655e-02
 3.349030390e-02 2.621559985e-02 1.863252372e-02 1.074459963e-02 2.551865997e-03
-5.948732607e-03-1.466731355e-02-2.354792878e-02-3.253652155e-02-4.158148170e-02
-5.063385144e-02-5.964741111e-02-6.857862324e-02-7.738651335e-02-8.603243530e-02
-9.447977692e-02-1.026935726e-01-1.106400341e-01-1.182860956e-01-1.255988777e-01
-1.325450689e-01-1.390904188e-01-1.451991498e-01-1.508332789e-01-1.559522003e-01
-1.605120301e-01-1.644652039e-01-1.677599847e-01-1.703402400e-01-1.721450835e-01
-1.731089652e-01-1.731618047e-01-1.722293645e-01-1.702340543e-01-1.670961678e-01
-1.627354771e-01-1.570735723e-01-1.500368863e-01-1.415603757e-01-1.315921992e-01
-1.200992167e-01-1.070732921e-01-9.253828228e-02-7.655739784e-02-5.924028903e-02
-4.074892402e-02-2.130016685e-02-1.161230728e-03 1.889470965e-02 3.883558139e-02
 5.865212902e-02 7.833960652e-02 9.788881242e-02 1.172788888e-01 1.364689767e-01
 1.553862691e-01 1.739090681e-01 1.918452084e-01 2.089122534e-01 2.247404307e-01
 6.002359092e-02 5.684715137e-02 5.143224448e-02 4.510112852e-02 3.845908493e-02
 3.150577843e-02 2.424000762e-02 1.666075736e-02 8.766366169e-03 5.540110287e-04
-7.980596274e-03-1.673583128e-02-2.565733343e-02-3.469229490e-02-4.378996417e-02
-5.290196091e-02-6.198247895e-02-7.098834217e-02-7.987889647e-02-8.861587942e-02
-9.716304392e-02-1.054859012e-01-1.135511845e-01-1.213264465e-01-1.287794560e-01
-1.358776689e-01-1.425876617e-01-1.488745064e-01-1.547011882e-01-1.600280404e-01
-1.648121625e-01-1.690069735e-01-1.725616753e-01-1.754209399e-01-1.775246263e-01
-1.788076609e-01-1.792001873e-01-1.786278188e-01-1.770123690e-01-1.742728651e-01
-1.703271270e-01-1.650938988e-01-1.584956646e-01-1.504622549e-01-1.409353316e-01
-1.298737824e-01-1.172599941e-01-1.031069458e-01-8.746601641e-02-7.043503225e-02
-5.216662586e-02-3.287679702e-02-1.285512745e-02 7.517999038e-03 2.758065611e-02
 4.734701663e-02 6.680975854e-02 8.594660461e-02 1.047197133e-01 1.230717674e-01
 1.409207284e-01 1.581541598e-01 1.746255904e-01 1.901562065e-01 2.045461386e-01
 5.864572525e-02 5.540144444e-02 4.991304874e-02 4.355144128e-02 3.689689189e-02
 2.994065359e-02 2.267521620e-02 1.509441249e-02 7.192993537e-03-1.033951528e-03
-9.591737762e-03-1.837085560e-02-2.731867507e-02-3.638366982e-02-4.551598057e-02
-5.466786027e-02-6.379397213e-02-7.285148650e-02-8.180009574e-02-9.060183167e-02
-9.922082722e-02-1.076229364e-01-1.157753468e-01-1.236460507e-01-1.312033832e-01
-1.384153813e-01-1.452492774e-01-1.516708285e-01-1.576437950e-01-1.631293148e-01
-1.680853069e-01-1.724660099e-01-1.762214303e-01-1.792970747e-01-1.816334724e-01
-1.831661463e-01-1.838256568e-01-1.835377961e-01-1.822242290e-01-1.798034310e-01
-1.761921942e-01-1.713075340e-01-1.650695503e-01-1.574047357e-01-1.482504904e-01
-1.375602931e-01-1.253099889e-01-1.115048230e-01-9.618718922e-02-7.944460958e-02
-6.141739339e-02-4.230466858e-02-2.236667089e-02-1.918445691e-03 1.819080487e-02
 3.790771216e-02 5.719811469e-02 7.602829486e-02 9.435634315e-02 1.121275797e-01
 1.292719543e-01 1.457030177e-01 1.613191813e-01 1.760078669e-01 1.896532178e-01
 5.760329962e-02 5.430961400e-02 4.874227569e-02 4.237489402e-02 3.572928905e-02
 2.878534794e-02 2.153007686e-02 1.395437866e-02 6.051721983e-03-2.182253171e-03
-1.074841805e-02-1.953600720e-02-2.849471010e-02-3.757401556e-02-4.672458023e-02
-5.589895695e-02-6.505204737e-02-7.414121926e-02-8.312635869e-02-9.196971357e-02
-1.006356254e-01-1.090902239e-01-1.173009723e-01-1.252361983e-01-1.328646243e-01
-1.401546896e-01-1.470741034e-01-1.535891294e-01-1.596640944e-01-1.652606726e-01
-1.703374684e-01-1.748493016e-01-1.787468493e-01-1.819762439e-01-1.844786108e-01
-1.861900389e-01-1.870414913e-01-1.869590580e-01-1.858645529e-01-1.836763024e-01
-1.803106070e-01-1.756836623e-01-1.697141826e-01-1.623267829e-01-1.534562707e-01
-1.430528164e-01-1.310881823e-01-1.175628081e-01-1.025136262e-01-8.602246642e-02
-6.822448969e-02-4.931640625e-02-2.956427820e-02-9.311806411e-03 1.100630220e-02
 3.076638654e-02 4.997450858e-02 6.861615181e-02 8.666166663e-02 1.040685773e-01
 1.207829490e-01 1.367410421e-01 1.518718898e-01 1.661011130e-01 1.793560088e-01
 5.664035678e-02 5.327690393e-02 4.782345146e-02 4.153367877e-02 3.495154530e-02
 2.805185132e-02 2.082477510e-02 1.326407026e-02 5.363146774e-03-2.886469942e-03
-1.142800227e-02-2.020300552e-02-2.915632352e-02-3.823525086e-02-4.738944024e-02
-5.657102168e-02-6.573469937e-02-7.483780384e-02-8.384024352e-02-9.270432591e-02
-1.013944745e-01-1.098769456e-01-1.181193590e-01-1.260902286e-01-1.337584108e-01
-1.410926580e-01-1.480609179e-01-1.546297371e-01-1.607637703e-01-1.664250791e-01
-1.715725660e-01-1.761615276e-01-1.801430583e-01-1.834636629e-01-1.860648692e-01
-1.878831983e-01-1.888499260e-01-1.888914406e-01-1.879297346e-01-1.858832091e-01
-1.826680601e-01-1.782001257e-01-1.723975688e-01-1.651840806e-01-1.564931870e-01
-1.462733448e-01-1.344941258e-01-1.211532205e-01-1.062842757e-01-8.996516466e-02
-7.232623547e-02-5.355789512e-02-3.391647339e-02-1.372686587e-02 6.620569155e-03
 2.636908554e-02 4.551384598e-02 6.403966248e-02 8.192089200e-02 9.912225604e-02
 1.156001240e-01 1.313043982e-01 1.461810768e-01 1.601753831e-01 1.732354760e-01
 5.581699684e-02 5.229187757e-02 4.717101902e-02 4.112818092e-02 3.464429453e-02
 2.779786289e-02 2.060541138e-02 1.306953188e-02 5.187305156e-03-3.047437174e-03
-1.157331746e-02-2.033431269e-02-2.927578986e-02-3.834502771e-02-4.749155790e-02
-5.666738749e-02-6.582713127e-02-7.492806017e-02-8.393003047e-02-9.279531986e-02
-1.014883518e-01-1.099753380e-01-1.182239354e-01-1.262026429e-01-1.338804066e-01
-1.412259489e-01-1.482073069e-01-1.547911167e-01-1.609420776e-01-1.666224003e-01
-1.717911065e-01-1.764036119e-01-1.804111749e-01-1.837604344e-01-1.863931417e-01
-1.882459372e-01-1.892503202e-01-1.893328428e-01-1.884156466e-01-1.864172816e-01
-1.832540035e-01-1.788417399e-01-1.730986089e-01-1.659481823e-01-1.573237032e-01
-1.471733153e-01-1.354659498e-01-1.221985966e-01-1.074037999e-01-9.115801752e-02
-7.358965278e-02-5.488629267e-02-3.530015796e-02-1.515025459e-02 5.179965869e-03
 2.489953861e-02 4.400094971e-02 6.246837229e-02 8.027719706e-02 9.739445895e-02
 1.137800217e-01 1.293883622e-01 1.441709697e-01 1.580792665e-01 1.710677594e-01
 5.640575290e-02 5.302696675e-02 4.762969166e-02 4.142797738e-02 3.491681069e-02
 2.807748690e-02 2.090387419e-02 1.339221187e-02 5.538212135e-03-2.663732972e-03
-1.117484551e-02-1.991917193e-02-2.884300612e-02-3.789423406e-02-4.702270776e-02
-5.618056282e-02-6.532244384e-02-7.440555841e-02-8.338969946e-02-9.223703295e-02
-1.009118706e-01-1.093802974e-01-1.176098287e-01-1.255688369e-01-1.332261115e-01
-1.405502558e-01-1.475091279e-01-1.540692449e-01-1.601951420e-01-1.658488512e-01
-1.709893197e-01-1.755717993e-01-1.795473993e-01-1.828626990e-01-1.854593754e-01
-1.872739941e-01-1.882380545e-01-1.882781833e-01-1.873165667e-01-1.852719188e-01
-1.820608079e-01-1.775994897e-01-1.718065143e-01-1.646060497e-01-1.559321284e-01
-1.457337141e-01-1.339808553e-01-1.206716895e-01-1.058401763e-01-8.956441283e-02
-7.197475433e-02-5.326136202e-02-3.367999941e-02-1.355466247e-02 6.725526415e-03
 2.640795149e-02 4.548793286e-02 6.395047903e-02 8.177021146e-02 9.891217947e-02
 1.153331548e-01 1.309835613e-01 1.458099484e-01 1.597580761e-01 1.727766395e-01
 5.713949353e-02 5.381503701e-02 4.844041169e-02 4.222133756e-02 3.569989651e-02
 2.886506170e-02 2.170781791e-02 1.422197558e-02 6.403003354e-03-1.752426382e-03
-1.024576463e-02-1.896684803e-02-2.786440402e-02-3.688739240e-02-4.598608986e-02
-5.511275679e-02-6.422199309e-02-7.327090949e-02-8.221910894e-02-9.102857858e-02
-9.966339916e-02-1.080894396e-01-1.162739247e-01-1.241849512e-01-1.317909956e-01
-1.390603334e-01-1.459604800e-01-1.524575651e-01-1.585157812e-01-1.640967578e-01
-1.691590250e-01-1.736574769e-01-1.775428653e-01-1.807613969e-01-1.832544357e-01
-1.849583238e-01-1.858043969e-01-1.857191622e-01-1.846249700e-01-1.824407578e-01
-1.790835559e-01-1.744703203e-01-1.685206890e-01-1.611602157e-01-1.523246914e-01
-1.419652998e-01-1.300548017e-01-1.165944487e-01-1.016218588e-01-8.521925658e-02
-6.752179563e-02-4.872566462e-02-2.909569815e-02-8.973522112e-03 1.120942459e-02
 3.083685972e-02 4.991484061e-02 6.842912734e-02 8.635054529e-02 1.036372855e-01
 1.202362776e-01 1.360848248e-01 1.511131525e-01 1.652481556e-01 1.784183979e-01
 5.830136687e-02 5.505554378e-02 4.962531105e-02 4.343377054e-02 3.693562746e-02
 3.012206033e-02 2.298824675e-02 1.553043909e-02 7.745319046e-03-3.706605639e-04
-8.821931668e-03-1.750269532e-02-2.635965869e-02-3.534068167e-02-4.439538717e-02
-5.347556621e-02-6.253547966e-02-7.153195143e-02-8.042429388e-02-8.917418122e-02
-9.774538875e-02-1.061034501e-01-1.142151728e-01-1.220482588e-01-1.295706928e-01
-1.367502809e-01-1.435539722e-01-1.499473453e-01-1.558940113e-01-1.613549590e-01
-1.662881374e-01-1.706478149e-01-1.743841469e-01-1.774427891e-01-1.797646433e-01
-1.812856793e-01-1.819369793e-01-1.816450059e-01-1.803322881e-01-1.779182404e-01
-1.743207276e-01-1.694580615e-01-1.632516384e-01-1.556294262e-01-1.465303302e-01
-1.359093487e-01-1.237437576e-01-1.100400686e-01-9.484162927e-02-7.823652029e-02
-6.036499888e-02-4.142538831e-02-2.167629823e-02-1.430345932e-03 1.847777516e-02
 3.799567372e-02 5.708980560e-02 7.572704554e-02 9.386624396e-02 1.114537120e-01
 1.284207106e-01 1.446825415e-01 1.601396203e-01 1.746817231e-01 1.881954521e-01
 5.966989696e-02 5.650303885e-02 5.123502761e-02 4.509462044e-02 3.862945363e-02
 3.184076026e-02 2.473016456e-02 1.729919016e-02 9.548145346e-03 1.475472585e-03
-6.922562607e-03-1.555074379e-02-2.435395494e-02-3.327865154e-02-4.227351397e-02
-5.128973722e-02-6.028116494e-02-6.920427084e-02-7.801804692e-02-8.668385446e-02
-9.516507387e-02-1.034267992e-01-1.114353761e-01-1.191579551e-01-1.265619397e-01
-1.336144358e-01-1.402817219e-01-1.465286314e-01-1.523179710e-01-1.576099545e-01
-1.623617262e-01-1.665267348e-01-1.700544357e-01-1.728897989e-01-1.749731600e-01
-1.762400717e-01-1.766214818e-01-1.760439575e-01-1.744304597e-01-1.717013717e-01
-1.677760184e-01-1.625748873e-01-1.560222805e-01-1.480500400e-01-1.386018395e-01
-1.276385486e-01-1.151444465e-01-1.011341438e-01-8.566015214e-02-6.882087886e-02
-5.076865852e-02-3.171804547e-02-1.195563376e-02 8.143543266e-03 2.793583274e-02
 4.743490368e-02 6.663341820e-02 8.550941944e-02 1.040256768e-01 1.221259832e-01
 1.397299469e-01 1.567274630e-01 1.729752719e-01 1.882985234e-01 2.025018930e-01
 6.160273775e-02 5.855081230e-02 5.336045474e-02 4.726156592e-02 4.081219435e-02
 3.402722627e-02 2.692078426e-02 1.950337552e-02 1.178076584e-02 3.753989469e-03
-4.580805078e-03-1.314723492e-02-2.188479528e-02-3.073806688e-02-3.965511173e-02
-4.858691990e-02-5.748721212e-02-6.631231308e-02-7.502102852e-02-8.357441425e-02
-9.193547070e-02-1.000688374e-01-1.079403013e-01-1.155163646e-01-1.227637231e-01
-1.296487004e-01-1.361367255e-01-1.421917081e-01-1.477755606e-01-1.528475434e-01
-1.573638320e-01-1.612769961e-01-1.645356715e-01-1.670841575e-01-1.688622236e-01
-1.698052287e-01-1.698441058e-01-1.689059436e-01-1.669146866e-01-1.637924016e-01
-1.594609022e-01-1.538439691e-01-1.468704492e-01-1.384778172e-01-1.286167800e-01
-1.172566786e-01-1.043915898e-01-9.004722536e-02-7.428801060e-02-5.722403526e-02
-3.901670873e-02-1.988130808e-02-8.267213707e-05 1.963372529e-02 3.923710436e-02
 5.871847272e-02 7.807306200e-02 9.729163349e-02 1.163535565e-01 1.352186203e-01
 1.538154036e-01 1.720248312e-01 1.896589994e-01 2.064419091e-01 2.220125198e-01
 6.424866617e-02 6.135944277e-02 5.614478886e-02 5.003295839e-02 4.352368414e-02
 3.667399287e-02 2.952235751e-02 2.208878845e-02 1.438255049e-02 6.407033186e-03
-1.836910378e-03-1.034730487e-02-1.900925487e-02-2.777324244e-02-3.659006581e-02
-4.541201517e-02-5.419340730e-02-6.289078295e-02-7.146292925e-02-7.987067103e-02
-8.807668090e-02-9.604508430e-02-1.037410796e-01-1.111304462e-01-1.181790680e-01
-1.248523816e-01-1.311148256e-01-1.369293332e-01-1.422567368e-01-1.470552683e-01
-1.512801051e-01-1.548829377e-01-1.578115523e-01-1.600096375e-01-1.614167094e-01
-1.619681120e-01-1.615953147e-01-1.602264941e-01-1.577874720e-01-1.542029977e-01
-1.493986845e-01-1.433033645e-01-1.358523220e-01-1.269910634e-01-1.166800410e-01
-1.049001515e-01-9.165892005e-02-7.699741423e-02-6.099742651e-02-4.378886893e-02
-2.555690706e-02-6.548982579e-03 1.291711908e-02 3.234429657e-02 5.177370831e-02
 7.123605907e-02 9.075920284e-02 1.103696302e-01 1.300903410e-01 1.499353051e-01
 1.698980629e-01 1.899288595e-01 2.098867595e-01 2.294336855e-01 2.478593290e-01
 6.802758574e-02 6.553681195e-02 6.011188030e-02 5.355146527e-02 4.673384503e-02
 3.968752921e-02 3.242177144e-02 2.493759617e-02 1.723219827e-02 9.300503880e-03
 1.135663828e-03-7.271091919e-03-1.582057402e-02-2.446193993e-02-3.314569592e-02
-4.182419926e-02-5.045190826e-02-5.898542702e-02-6.738344580e-02-7.560659945e-02
-8.361717314e-02-9.137877822e-02-9.885595739e-02-1.060137227e-01-1.128170565e-01
-1.192304268e-01-1.252172291e-01-1.307393014e-01-1.357564032e-01-1.402256787e-01
-1.441013515e-01-1.473341882e-01-1.498714089e-01-1.516563296e-01-1.526285112e-01
-1.527238488e-01-1.518749893e-01-1.500121355e-01-1.470640898e-01-1.429597139e-01
-1.376301944e-01-1.310114563e-01-1.230476052e-01-1.136949360e-01-1.029266864e-01
-9.073855728e-02-7.715477049e-02-6.223471463e-02-4.607964307e-02-2.883918956e-02
-1.071691979e-02 8.025859483e-03 2.688170597e-02 4.586303979e-02 6.500009447e-02
 8.433544636e-02 1.039235443e-01 1.238322258e-01 1.441448033e-01 1.649628878e-01
 1.864096969e-01 2.086354196e-01 2.318305373e-01 2.562842369e-01 2.819937170e-01
 7.239574194e-02 7.044120133e-02 6.444897503e-02 5.723802373e-02 5.004221201e-02
 4.277750850e-02 3.539643437e-02 2.787122130e-02 2.018307894e-02 1.231705770e-02
 4.259276669e-03-4.005270544e-03-1.240534708e-02-2.088649198e-02-2.939834073e-02
-3.789323941e-02-4.632580280e-02-5.465274304e-02-6.283272803e-02-7.082619518e-02
-7.859507203e-02-8.610244095e-02-9.331216663e-02-1.001884416e-01-1.066953391e-01
-1.127962768e-01-1.184536070e-01-1.236280352e-01-1.282782257e-01-1.323603690e-01
-1.358277500e-01-1.386305392e-01-1.407155544e-01-1.420262009e-01-1.425026059e-01
-1.420819610e-01-1.406990439e-01-1.382872462e-01-1.347797811e-01-1.301115155e-01
-1.242211312e-01-1.170541868e-01-1.085664481e-01-9.872810543e-02-8.752858639e-02
-7.498183846e-02-6.113211811e-02-4.606004804e-02-2.988859639e-02-1.278850995e-02
 5.017734598e-03 2.301323786e-02 4.121174663e-02 5.963828042e-02 7.833233476e-02
 9.735020995e-02 1.167684197e-01 1.366888285e-01 1.572462320e-01 1.786193997e-01
 2.010476887e-01 2.248560190e-01 2.504943907e-01 2.785947919e-01 3.087069988e-01
 7.532773167e-02 7.361096144e-02 6.751742959e-02 6.022327021e-02 5.293025821e-02
 4.559703171e-02 3.819223121e-02 3.069060668e-02 2.307212912e-02 1.532044634e-02
 7.421788760e-03-6.351977354e-04-8.857777342e-03-1.713943481e-02-2.543529123e-02
-3.370001912e-02-4.188929498e-02-4.996033013e-02-5.787193030e-02-6.558443606e-02
-7.305944711e-02-8.025956154e-02-8.714795858e-02-9.368802607e-02-9.984289110e-02
-1.055749804e-01-1.108455807e-01-1.156143546e-01-1.198389679e-01-1.234747469e-01
-1.264743656e-01-1.287876219e-01-1.303614080e-01-1.311397851e-01-1.310642362e-01
-1.300741434e-01-1.281076372e-01-1.251027137e-01-1.209987700e-01-1.157386005e-01
-1.092709899e-01-1.015537530e-01-9.255744517e-02-8.226963878e-02-7.069967687e-02
-5.788358673e-02-4.388916120e-02-2.882072330e-02-1.282487623e-02 3.905013902e-03
 2.086695656e-02 3.806765750e-02 5.552282929e-02 7.325955480e-02 9.131923318e-02
 1.097611859e-01 1.286674142e-01 1.481494009e-01 1.683576852e-01 1.894956529e-01
 2.118391842e-01 2.357632518e-01 2.617727518e-01 2.905228138e-01 3.213521540e-01
 7.704776525e-02 7.547181845e-02 6.968394667e-02 6.247990951e-02 5.524417758e-02
 4.796889797e-02 4.063824564e-02 3.323675320e-02 2.575004101e-02 1.816471666e-02
 1.046783850e-02 2.646008506e-03-5.316434428e-03-1.333535649e-02-2.135818079e-02
-2.933726460e-02-3.722779080e-02-4.498696327e-02-5.257363617e-02-5.994804576e-02
-6.707152724e-02-7.390621305e-02-8.041468263e-02-8.655953407e-02-9.230302274e-02
-9.760665894e-02-1.024307311e-01-1.067340374e-01-1.104734242e-01-1.136036366e-01
-1.160770357e-01-1.178435534e-01-1.188507751e-01-1.190441325e-01-1.183673739e-01
-1.167633086e-01-1.141747385e-01-1.105459630e-01-1.058244705e-01-9.996325523e-02
-9.292362630e-02-8.467851579e-02-7.521636784e-02-6.454561651e-02-5.269950628e-02
-3.974094987e-02-2.576590329e-02-1.090181619e-02 4.681707826e-03 2.052363753e-02
 3.662060201e-02 5.297495425e-02 6.959660351e-02 8.650510758e-02 1.037321687e-01
 1.213245615e-01 1.393480599e-01 1.578925401e-01 1.770792007e-01 1.970709264e-01
 2.180881500e-01 2.404357493e-01 2.645555139e-01 2.911449373e-01 3.189610243e-01
 7.828836143e-02 7.688146830e-02 7.115926594e-02 6.408248842e-02 5.697653815e-02
 4.983307421e-02 4.264486954e-02 3.540485352e-02 2.810567617e-02 2.073934674e-02
 1.329718344e-02 5.770138465e-03-1.850169618e-03-9.568718262e-03-1.726682112e-02
-2.490294911e-02-3.243497014e-02-3.982134163e-02-4.702148587e-02-5.399579555e-02
-6.070551276e-02-6.711243093e-02-7.317863405e-02-7.886606455e-02-8.413624763e-02
-8.894990385e-02-9.326656908e-02-9.704434872e-02-1.002396494e-01-1.028069705e-01
-1.046988964e-01-1.058661044e-01-1.062575877e-01-1.058211252e-01-1.045038626e-01
-1.022533029e-01-9.901852906e-02-9.475190938e-02-8.941105008e-02-8.296138793e-02
-7.537913322e-02-6.665468216e-02-5.679668486e-02-4.583655670e-02-3.383419663e-02
-2.088660374e-02-7.140791044e-03 7.276646793e-03 2.197669446e-02 3.694657981e-02
 5.217449367e-02 6.765226275e-02 8.337710798e-02 9.935303032e-02 1.155921817e-01
 1.321163177e-01 1.489582062e-01 1.661631465e-01 1.837901175e-01 2.019123286e-01
 2.206163704e-01 2.399973869e-01 2.601421475e-01 2.810442448e-01 3.016161323e-01
 7.884445041e-02 7.758469880e-02 7.196872681e-02 6.506612897e-02 5.813488364e-02
 5.116388947e-02 4.415614903e-02 3.711560369e-02 3.004328161e-02 2.293664962e-02
 1.579003036e-02 8.595153689e-03 1.341398456e-03-5.984741729e-03-1.328313630e-02
-2.050755173e-02-2.761444822e-02-3.456204757e-02-4.130987450e-02-4.781844094e-02
-5.404896289e-02-5.996306613e-02-6.552248448e-02-7.068873942e-02-7.542283833e-02
-7.968496531e-02-8.343422413e-02-8.662842214e-02-8.922390640e-02-9.117552638e-02
-9.243670851e-02-9.295964241e-02-9.269569814e-02-9.159602225e-02-8.961245418e-02
-8.669864386e-02-8.281161636e-02-7.791362703e-02-7.197448611e-02-6.497423351e-02
-5.690618604e-02-4.778017849e-02-3.762568533e-02-2.649475634e-02-1.446034759e-02
-1.622886863e-03 1.156074554e-02 2.511223592e-02 3.897889704e-02 5.312302709e-02
 6.751486659e-02 8.212989569e-02 9.694789350e-02 1.119526923e-01 1.271322072e-01
 1.424781978e-01 1.579856128e-01 1.736508310e-01 1.894680709e-01 2.054225057e-01
 2.214776278e-01 2.375517786e-01 2.534746230e-01 2.689031363e-01 2.831721008e-01
 7.846804708e-02 7.725920528e-02 7.208725810e-02 6.549088657e-02 5.875488371e-02
 5.194789171e-02 4.511759430e-02 3.828711808e-02 3.146511689e-02 2.465180308e-02
 1.784213074e-02 1.102759317e-02 4.197167698e-03-2.662269864e-03-9.504960850e-03
-1.625508629e-02-2.287136763e-02-2.931343764e-02-3.554178402e-02-4.151754454e-02
-4.720231146e-02-5.255785584e-02-5.754590034e-02-6.212785095e-02-6.626453996e-02
-6.991603225e-02-7.304140925e-02-7.559871674e-02-7.754482329e-02-7.883565128e-02
-7.942624390e-02-7.927124202e-02-7.832542062e-02-7.654457539e-02-7.388654351e-02
-7.031264156e-02-6.578943133e-02-6.029083207e-02-5.380073190e-02-4.631594568e-02
-3.784951568e-02-2.843465842e-02-1.812668145e-02-7.018766366e-03 4.812802188e-03
 1.701577939e-02 2.956920117e-02 4.244942963e-02 5.562222004e-02 6.905035675e-02
 8.269616216e-02 9.652224183e-02 1.104917675e-01 1.245684922e-01 1.387165189e-01
 1.528997272e-01 1.670805514e-01 1.812175512e-01 1.952612400e-01 2.091474533e-01
 2.227873653e-01 2.360531986e-01 2.487613261e-01 2.606586218e-01 2.714300752e-01
 7.882732898e-02 7.812671363e-02 7.262870669e-02 6.572426856e-02 5.889573693e-02
 5.212141946e-02 4.541837797e-02 3.879226744e-02 3.224079311e-02 2.575676516e-02
 1.933000609e-02 1.294860896e-02 6.599836517e-03 2.709822729e-04-6.049395539e-03
-1.225860137e-02-1.831707731e-02-2.418616414e-02-2.982776798e-02-3.520411998e-02
-4.027759284e-02-4.501052946e-02-4.936504364e-02-5.330283940e-02-5.678507686e-02
-5.977219716e-02-6.222388893e-02-6.409905851e-02-6.535592675e-02-6.595227122e-02
-6.584574282e-02-6.499449909e-02-6.335791945e-02-6.089766696e-02-5.757901818e-02
-5.337239057e-02-4.825527966e-02-4.221442342e-02-3.524873778e-02-2.737278864e-02
-1.861840114e-02-9.048657492e-03 1.298575429e-03 1.208562218e-02 2.333133109e-02
 3.498337418e-02 4.699843377e-02 5.933534354e-02 7.195112854e-02 8.480013907e-02
 9.783396125e-02 1.110015363e-01 1.242492795e-01 1.375213265e-01 1.507597268e-01
 1.639044285e-01 1.768929958e-01 1.896596551e-01 2.021332383e-01 2.142342031e-01
 2.258705199e-01 2.369332314e-01 2.472937107e-01 2.568053007e-01 2.653129399e-01
 7.850147784e-02 7.820251584e-02 7.251794636e-02 6.517066061e-02 5.814630538e-02
 5.137395859e-02 4.480948299e-02 3.842334077e-02 3.219207376e-02 2.609480172e-02
 2.011209726e-02 1.422565430e-02 8.418207988e-03 2.673345385e-03-3.025039565e-03
-8.628182113e-03-1.406254061e-02-1.929250546e-02-2.428214252e-02-2.899529226e-02
-3.339555860e-02-3.744627535e-02-4.111041129e-02-4.435052723e-02-4.712868482e-02
-4.940640181e-02-5.114469677e-02-5.230420083e-02-5.284538865e-02-5.272893608e-02
-5.191621557e-02-5.037000775e-02-4.805546999e-02-4.494150728e-02-4.100224748e-02
-3.621868789e-02-3.058077395e-02-2.408802137e-02-1.675317995e-02-8.614391088e-03
 3.156541206e-04 9.734774940e-03 1.967163011e-02 3.008511104e-02 4.094328731e-02
 5.220828950e-02 6.383904815e-02 7.579115033e-02 8.801591396e-02 1.004595459e-01
 1.130625531e-01 1.257595569e-01 1.384793520e-01 1.511456072e-01 1.636777818e-01
 1.759926975e-01 1.880061328e-01 1.996344477e-01 2.107956409e-01 2.214098573e-01
 2.313991487e-01 2.406869829e-01 2.491983324e-01 2.568610609e-01 2.636097074e-01
 7.587353885e-02 7.566269487e-02 7.010047883e-02 6.279902905e-02 5.586174130e-02
 4.926480353e-02 4.296790063e-02 3.693189472e-02 3.112100996e-02 2.550337650e-02
 2.005105093e-02 1.473974809e-02 9.548494592e-03 4.459330346e-03-5.427926080e-04
-5.469445605e-03-1.021331362e-02-1.474069245e-02-1.901752129e-02-2.300928347e-02
-2.668103762e-02-2.999745496e-02-3.292287141e-02-3.542130440e-02-3.745649010e-02
-3.899186105e-02-3.999067470e-02-4.041624814e-02-4.023239762e-02-3.940397128e-02
-3.789735585e-02-3.568098694e-02-3.272666782e-02-2.901159972e-02-2.452050708e-02
-1.924582943e-02-1.319695637e-02-6.382940803e-03 1.202328596e-03 9.308401495e-03
 1.796858013e-02 2.715325356e-02 3.684223816e-02 4.700984061e-02 5.762713775e-02
 6.866085529e-02 8.007267118e-02 9.181830287e-02 1.038462818e-01 1.160966083e-01
 1.284996122e-01 1.409750581e-01 1.534319818e-01 1.657695770e-01 1.778793037e-01
 1.896484941e-01 2.009652555e-01 2.117238939e-01 2.218301296e-01 2.312051952e-01
 2.397881895e-01 2.475365400e-01 2.544248104e-01 2.604424059e-01 2.655915320e-01
 7.135467231e-02 7.122361660e-02 6.548680365e-02 5.835015327e-02 5.169852078e-02
 4.547557235e-02 3.962960094e-02 3.410790488e-02 2.886214666e-02 2.385059930e-02
 1.903848723e-02 1.439737156e-02 9.904194623e-03 5.540203303e-03 1.289826934e-03
-2.860709559e-03-6.855954416e-03-1.062528975e-02-1.413710322e-02-1.735872775e-02
-2.025686949e-02-2.279783413e-02-2.494782582e-02-2.667315304e-02-2.794026770e-02
-2.871565148e-02-2.896575816e-02-2.865748852e-02-2.775908820e-02-2.624133602e-02
-2.407821082e-02-2.124421299e-02-1.771652326e-02-1.347990148e-02-8.536463603e-03
-2.865536138e-03 3.434771905e-03 1.028555445e-02 1.771066524e-02 2.568679862e-02
 3.420220315e-02 4.324217886e-02 5.279077962e-02 6.282945722e-02 7.333625853e-02
 8.428472281e-02 9.564247727e-02 1.073696017e-01 1.194163859e-01 1.317209303e-01
 1.442064196e-01 1.567785144e-01 1.693236530e-01 1.817087829e-01 1.937841624e-01
 2.053897679e-01 2.163656205e-01 2.265647054e-01 2.358657420e-01 2.441833317e-01
 2.514733076e-01 2.577329874e-01 2.629959583e-01 2.673231363e-01 2.707911730e-01
 6.392070651e-02 6.363639235e-02 5.827150866e-02 5.150505155e-02 4.536872357e-02
 3.977198899e-02 3.461852670e-02 2.982562780e-02 2.532751858e-02 2.107387781e-02
 1.702694409e-02 1.315869670e-02 9.448515251e-03 5.881355610e-03 2.446354833e-03
-8.642274770e-04-4.055698402e-03-7.021478843e-03-9.728282690e-03-1.214428991e-02
-1.423769630e-02-1.597622223e-02-1.732829213e-02-1.826359332e-02-1.875335909e-02
-1.876918599e-02-1.828150824e-02-1.726045460e-02-1.567802951e-02-1.351264305e-02
-1.075993944e-02-7.398087997e-03-3.398477565e-03 1.274242881e-03 6.452150177e-03
 1.217962243e-02 1.846057922e-02 2.528730407e-02 3.265772760e-02 4.056680948e-02
 4.900935292e-02 5.797943473e-02 6.747007370e-02 7.747257501e-02 8.797568083e-02
 9.896433353e-02 1.104179919e-01 1.223083138e-01 1.345960200e-01 1.472267658e-01
 1.601258218e-01 1.731917858e-01 1.862897873e-01 1.992459893e-01 2.118463814e-01
 2.238449901e-01 2.349847853e-01 2.450288087e-01 2.537921071e-01 2.611642480e-01
 2.671195567e-01 2.717157900e-01 2.750822306e-01 2.773961425e-01 2.788508534e-01
 5.337959528e-02 5.280667916e-02 4.774732888e-02 4.172189534e-02 3.655828536e-02
 3.200741857e-02 2.789172716e-02 2.409817651e-02 2.055539936e-02 1.721795648e-02
 1.405677572e-02 1.105346717e-02 8.196888492e-03 5.481028464e-03 2.903729677e-03
 4.659352126e-04-1.828687033e-03-3.973891493e-03-5.855351221e-03-7.448215969e-03
-8.724925108e-03-9.651660919e-03-1.019859128e-02-1.033948734e-02-1.005660370e-02
-9.334273636e-03-8.146545850e-03-6.462407298e-03-4.245464690e-03-1.448144438e-03
 1.785329659e-03 5.506573245e-03 9.744316339e-03 1.450948417e-02 1.978888735e-02
 2.558378875e-02 3.189663589e-02 3.872946650e-02 4.608502239e-02 5.396634340e-02
 6.237690523e-02 7.132060826e-02 8.080159128e-02 9.082396328e-02 1.013911963e-01
 1.125052646e-01 1.241651624e-01 1.363646686e-01 1.490889639e-01 1.623092592e-01
 1.759750545e-01 1.900026798e-01 2.042585909e-01 2.185374498e-01 2.325375825e-01
 2.458498776e-01 2.579937279e-01 2.685147524e-01 2.770843506e-01 2.835395336e-01
 2.878813148e-01 2.902701199e-01 2.910195887e-01 2.905539572e-01 2.893069685e-01
 3.787038848e-02 3.638993949e-02 3.229253739e-02 2.840909734e-02 2.523544244e-02
 2.237777412e-02 1.971051469e-02 1.718232408e-02 1.477123611e-02 1.246903650e-02
 1.027472876e-02 8.191443048e-03 6.224913057e-03 4.382767715e-03 2.674300224e-03
 1.110589597e-03-2.950701746e-04-1.526380191e-03-2.562757814e-03-3.326430451e-03
-3.807605710e-03-3.936221823e-03-3.687614109e-03-3.024693113e-03-1.965717180e-03
-5.535633536e-04 1.250127680e-03 3.473069053e-03 6.135587581e-03 9.248591028e-03
 1.280373335e-02 1.680785231e-02 2.127059177e-02 2.619963512e-02 3.159964830e-02
 3.747624904e-02 4.383613914e-02 5.068712309e-02 5.803829804e-02 6.590025127e-02
 7.428524643e-02 8.320750296e-02 9.268335253e-02 1.027315110e-01 1.133731455e-01
 1.246319488e-01 1.365337521e-01 1.491056979e-01 1.623744369e-01 1.763624251e-01
 1.910814345e-01 2.065207064e-01 2.226257771e-01 2.392590046e-01 2.561187744e-01
 2.725630701e-01 2.874228656e-01 2.995383143e-01 3.083833456e-01 3.138217330e-01
 3.159015775e-01 3.148578405e-01 3.112693429e-01 3.062750101e-01 3.010743260e-01
 1.657064632e-02 1.253319159e-02 1.264554076e-02 1.311372966e-02 1.271407027e-02
 1.188603789e-02 1.082648430e-02 9.641718119e-03 8.399065584e-03 7.146179210e-03
 5.919481628e-03 4.748409614e-03 3.657865804e-03 2.669842914e-03 1.804669504e-03
 1.082094153e-03 5.223780754e-04 1.475485042e-04-1.694750972e-05 6.022071466e-05
 4.058738123e-04 1.048937091e-03 2.011700766e-03 3.310920438e-03 4.953219555e-03
 6.941395812e-03 9.286242537e-03 1.200001035e-02 1.509362645e-02 1.857532002e-02
 2.245051973e-02 2.672568895e-02 3.140832111e-02 3.650643304e-02 4.202849418e-02
 4.798406363e-02 5.438416824e-02 6.124164909e-02 6.857148558e-02 7.639110088e-02
 8.472086489e-02 9.358453751e-02 1.030099988e-01 1.130300835e-01 1.236836463e-01
 1.350169182e-01 1.470851302e-01 1.599544734e-01 1.737041175e-01 1.884282976e-01
 2.042375207e-01 2.212581038e-01 2.396290600e-01 2.594972849e-01 2.810254693e-01
 3.045028150e-01 3.255820870e-01 3.402053714e-01 3.493747115e-01 3.536126316e-01
 3.524670005e-01 3.463505507e-01 3.345929384e-01 3.211768270e-01 3.110763431e-01
 1.832861919e-03-3.019804601e-03-1.972286031e-03 1.390104881e-04 1.385966316e-03
 2.017591847e-03 2.229951555e-03 2.167014405e-03 1.934286673e-03 1.610661857e-03
 1.256611198e-03 9.196725441e-04 6.382261636e-04 4.441955534e-04 3.650559520e-04
 4.253722436e-04 6.479993463e-04 1.055002678e-03 1.668254845e-03 2.509458922e-03
 3.598881187e-03 4.955067299e-03 6.593584083e-03 8.526609279e-03 1.076286007e-02
 1.330907270e-02 1.617194526e-02 1.935811900e-02 2.287385054e-02 2.672490291e-02
 3.091684170e-02 3.545582667e-02 4.034908116e-02 4.560518265e-02 5.123430863e-02
 5.724857748e-02 6.366233528e-02 7.049245387e-02 7.775866985e-02 8.548396081e-02
 9.369504452e-02 1.024231091e-01 1.117047742e-01 1.215834618e-01 1.321112365e-01
 1.433514357e-01 1.553821862e-01 1.683013439e-01 1.822333932e-01 1.973389387e-01
 2.138275504e-01 2.319741845e-01 2.521373928e-01 2.747746706e-01 3.004512489e-01
 3.278503418e-01 3.489210904e-01 3.634952009e-01 3.719310760e-01 3.739641309e-01
 3.697801530e-01 3.584528863e-01 3.411772251e-01 3.263431191e-01 3.144797683e-01
-8.215553127e-03-1.347439084e-02-1.221455820e-02-9.665518999e-03-7.774365135e-03
-6.409704220e-03-5.443965085e-03-4.761081189e-03-4.262529314e-03-3.867720254e-03
-3.511861665e-03-3.143026959e-03-2.719271230e-03-2.206138801e-03-1.574660302e-03
-7.998349611e-04 1.404620125e-04 1.266200561e-03 2.595583210e-03 4.145111889e-03
 5.929375999e-03 7.960828952e-03 1.024953648e-02 1.280312985e-02 1.562700607e-02
 1.872488484e-02 2.209946141e-02 2.575288340e-02 2.968712151e-02 3.390437365e-02
 3.840755671e-02 4.320088774e-02 4.829040915e-02 5.368439108e-02 5.939372629e-02
 6.543212384e-02 7.181636989e-02 7.856643200e-02 8.570562303e-02 9.326084703e-02
 1.012629867e-01 1.097474992e-01 1.187553555e-01 1.283344924e-01 1.385418028e-01
 1.494460702e-01 1.611321270e-01 1.737071127e-01 1.873093545e-01 2.021225095e-01
 2.183977067e-01 2.364897728e-01 2.569156587e-01 2.804269195e-01 3.078170419e-01
 3.320671022e-01 3.504496217e-01 3.629931808e-01 3.695201576e-01 3.699969053e-01
 3.633702397e-01 3.490638733e-01 3.335558474e-01 3.206648231e-01 3.098798990e-01
-1.469827443e-02-2.023361064e-02-1.941600628e-02-1.691286638e-02-1.491795480e-02
-1.334017515e-02-1.207217015e-02-1.101376861e-02-1.007887162e-02-9.197112173e-03
-8.312432095e-03-7.380392402e-03-6.365342997e-03-5.238004029e-03-3.973664250e-03
-2.550969832e-03-9.512126562e-04 8.420157246e-04 2.842920832e-03 5.063450430e-03
 7.513175718e-03 1.019919291e-02 1.312609762e-02 1.629608124e-02 1.970918104e-02
 2.336366475e-02 2.725654468e-02 3.138412535e-02 3.574264795e-02 4.032897949e-02
 4.514142126e-02 5.018044263e-02 5.544947088e-02 6.095541269e-02 6.670907140e-02
 7.272531092e-02 7.902301848e-02 8.562490344e-02 9.255731851e-02 9.984999895e-02
 1.075360924e-01 1.156522930e-01 1.242394149e-01 1.333432794e-01 1.430161595e-01
 1.533187181e-01 1.643229425e-01 1.761161089e-01 1.888063550e-01 2.025311887e-01
 2.174704075e-01 2.338686436e-01 2.520805001e-01 2.727051973e-01 2.947009206e-01
 3.132246733e-01 3.275215626e-01 3.373414278e-01 3.425894976e-01 3.425379395e-01
 3.369302452e-01 3.264177442e-01 3.163543940e-01 3.072080314e-01 2.990090847e-01
-1.888403110e-02-2.479682118e-02-2.419341728e-02-2.206946537e-02-2.040935867e-02
-1.905648410e-02-1.787648350e-02-1.676566340e-02-1.565011963e-02-1.447921060e-02
-1.321813744e-02-1.184177771e-02-1.033030450e-02-8.666494861e-03-6.834388711e-03
-4.818895366e-03-2.606002148e-03-1.832663111e-04 2.459616633e-03 5.330330227e-03
 8.433612995e-03 1.177112199e-02 1.534147374e-02 1.914042234e-02 2.316115052e-02
 2.739465609e-02 3.183022887e-02 3.645611182e-02 4.126030207e-02 4.623162746e-02
 5.136096478e-02 5.664258450e-02 6.207532436e-02 6.766355038e-02 7.341764867e-02
 7.935401797e-02 8.549459279e-02 9.186597914e-02 9.849847853e-02 1.054250523e-01
 1.126806289e-01 1.203015298e-01 1.283254027e-01 1.367913187e-01 1.457402110e-01
 1.552153975e-01 1.652630270e-01 1.759322882e-01 1.872747093e-01 1.993414164e-01
 2.121757567e-01 2.257947177e-01 2.401433885e-01 2.549923658e-01 2.696411908e-01
 2.826156914e-01 2.931147516e-01 3.007343411e-01 3.052121401e-01 3.064106405e-01
 3.044345975e-01 3.003535271e-01 2.953379750e-01 2.899796963e-01 2.846309543e-01
-2.002956532e-02-2.632751502e-02-2.651168779e-02-2.540523931e-02-2.470679581e-02
-2.409286238e-02-2.337608859e-02-2.246793732e-02-2.133907005e-02-1.998916641e-02
-1.842820644e-02-1.666625775e-02-1.470864564e-02-1.255456731e-02-1.019777823e-02
-7.628415711e-03-4.835230764e-03-1.807725755e-03 1.462114276e-03 4.978650715e-03
 8.742008358e-03 1.274799183e-02 1.698836312e-02 2.145124599e-02 2.612153627e-02
 3.098121285e-02 3.600965440e-02 4.118412733e-02 4.648067057e-02 5.187565088e-02
 5.734784901e-02 6.288097799e-02 6.846612692e-02 7.410356402e-02 7.980366796e-02
 8.558656275e-02 9.148072451e-02 9.752067924e-02 1.037444770e-01 1.101912856e-01
 1.168995202e-01 1.239056140e-01 1.312433481e-01 1.389435679e-01 1.470338702e-01
 1.555381566e-01 1.644756496e-01 1.738586724e-01 1.836888194e-01 1.939501315e-01
 2.045973539e-01 2.155371904e-01 2.266003489e-01 2.375077903e-01 2.478555441e-01
 2.571706772e-01 2.650283575e-01 2.711253762e-01 2.752970457e-01 2.775309682e-01
 2.779913545e-01 2.770102620e-01 2.749918103e-01 2.723019123e-01 2.692249417e-01
-1.659279875e-02-2.282506041e-02-2.570932731e-02-2.745236084e-02-2.884741873e-02
-2.957117744e-02-2.955546603e-02-2.889380790e-02-2.771064267e-02-2.611746639e-02
-2.420097962e-02-2.202036604e-02-1.960870624e-02-1.697731018e-02-1.412182208e-02
-1.102885045e-02-7.681952789e-03-4.066427238e-03-1.726470364e-04 4.002072383e-03
 8.452979848e-03 1.316853613e-02 1.813171059e-02 2.332131565e-02 2.871280164e-02
 3.427822888e-02 3.998563066e-02 4.579832405e-02 5.167509615e-02 5.757208914e-02
 6.344677508e-02 6.926341355e-02 7.499868423e-02 8.064601570e-02 8.621751517e-02
 9.174309671e-02 9.726676345e-02 1.028409824e-01 1.085205674e-01 1.143575311e-01
 1.203978211e-01 1.266798079e-01 1.332340091e-01 1.400832832e-01 1.472429484e-01
 1.547204256e-01 1.625142694e-01 1.706119478e-01 1.789866090e-01 1.875919402e-01
 1.963556856e-01 2.051716745e-01 2.138928026e-01 2.223287821e-01 2.302547395e-01
 2.374343276e-01 2.436519265e-01 2.487426400e-01 2.526130080e-01 2.552518845e-01
 2.567301989e-01 2.571873665e-01 2.568037510e-01 2.557690740e-01 2.542585135e-01
-1.228724699e-02-1.876373589e-02-2.486224100e-02-3.076021932e-02-3.607261181e-02
-3.785425797e-02-3.799413145e-02-3.704891354e-02-3.536806628e-02-3.319497406e-02
-3.069612384e-02-2.797100320e-02-2.506121993e-02-2.196483314e-02-1.865347289e-02
-1.508781128e-02-1.122914441e-02-7.047130726e-03-2.524547046e-03 2.340480685e-03
 7.534905337e-03 1.303392090e-02 1.880590245e-02 2.481704019e-02 3.103357926e-02
 3.742071241e-02 4.393864051e-02 5.053719878e-02 5.715164915e-02 6.370312721e-02
 7.010667026e-02 7.628557086e-02 8.218636364e-02 8.778920770e-02 9.311230481e-02
 9.821029007e-02 1.031654626e-01 1.080724448e-01 1.130219251e-01 1.180896908e-01
 1.233330071e-01 1.287917793e-01 1.344914585e-01 1.404455155e-01 1.466573775e-01
 1.531210840e-01 1.598210335e-01 1.667310297e-01 1.738124043e-01 1.810116768e-01
 1.882581413e-01 1.954619288e-01 2.025137246e-01 2.092874795e-01 2.156473100e-01
 2.214582115e-01 2.265994400e-01 2.309773117e-01 2.345352173e-01 2.372587174e-01
 2.391752899e-01 2.403481901e-01 2.408659756e-01 2.408303320e-01 2.403447330e-01
-1.000222936e-02-1.731671207e-02-2.527897060e-02-3.429976106e-02-4.426334798e-02
-4.982119054e-02-5.000229180e-02-4.754345119e-02-4.448527098e-02-4.112343490e-02
-3.768611327e-02-3.428136557e-02-3.089753911e-02-2.744862437e-02-2.382351086e-02
-1.991674677e-02-1.564223319e-02-1.093889400e-02-5.774759222e-03-1.509800932e-04
 5.897736177e-03 1.231196336e-02 1.902564988e-02 2.598348632e-02 3.314749524e-02
 4.049206898e-02 4.799135029e-02 5.560110882e-02 6.323611736e-02 7.075227052e-02
 7.796083391e-02 8.468402922e-02 9.080340713e-02 9.627327323e-02 1.011231840e-01
 1.054645553e-01 1.094820723e-01 1.133821011e-01 1.173305809e-01 1.214334518e-01
 1.257493794e-01 1.303066611e-01 1.351148188e-01 1.401712894e-01 1.454645991e-01
 1.509758681e-01 1.566790044e-01 1.625401527e-01 1.685170531e-01 1.745580733e-01
 1.806016266e-01 1.865762919e-01 1.924019605e-01 1.979924440e-01 2.032597065e-01
 2.081194520e-01 2.124974281e-01 2.163353264e-01 2.195954323e-01 2.222631574e-01
 2.243470848e-01 2.258763313e-01 2.268962562e-01 2.274629623e-01 2.276377529e-01
-7.141218521e-03-1.465849672e-02-2.313011885e-02-3.305074945e-02-4.480945319e-02
-5.368904769e-02-5.831846595e-02-5.852134153e-02-5.427759886e-02-4.882618785e-02
-4.408867657e-02-4.014203325e-02-3.666854650e-02-3.329635412e-02-2.973282151e-02
-2.577528916e-02-2.128154784e-02-1.614942588e-02-1.031528972e-02-3.773595672e-03
 3.388893325e-03 1.099398173e-02 1.886235364e-02 2.689821273e-02 3.508655727e-02
 4.345886409e-02 5.206560344e-02 6.095253304e-02 7.011681795e-02 7.935316861e-02
 8.803933859e-02 9.568765759e-02 1.021417081e-01 1.073465794e-01 1.112972945e-01
 1.141168401e-01 1.163358688e-01 1.186272055e-01 1.212318540e-01 1.241941303e-01
 1.275065243e-01 1.311461180e-01 1.350852847e-01 1.392947882e-01 1.437442005e-01
 1.484012902e-01 1.532310545e-01 1.581950486e-01 1.632504314e-01 1.683496833e-01
 1.734403521e-01 1.784655750e-01 1.833651662e-01 1.880773604e-01 1.925413907e-01
 1.967004240e-01 2.005047947e-01 2.039148510e-01 2.069033086e-01 2.094565630e-01
 2.115746886e-01 2.132704109e-01 2.145671248e-01 2.154962569e-01 2.160943747e-01
-2.828000579e-03-9.703731164e-03-1.727032661e-02-2.564664558e-02-3.483296931e-02
-4.460858181e-02-5.323617160e-02-5.766179785e-02-5.740936473e-02-5.208901316e-02
-4.697786272e-02-4.401486367e-02-4.198160768e-02-3.968825191e-02-3.683060408e-02
-3.326634318e-02-2.887373045e-02-2.351960540e-02-1.704712026e-02-9.282311425e-03
-1.610310865e-04 9.429400787e-03 1.874536648e-02 2.785562538e-02 3.692290559e-02
 4.612170905e-02 5.564042181e-02 6.570340693e-02 7.661834359e-02 8.881843090e-02
 9.969750047e-02 1.084327996e-01 1.153061092e-01 1.201725900e-01 1.229619309e-01
 1.233733594e-01 1.223872006e-01 1.227255166e-01 1.239605770e-01 1.258581579e-01
 1.282735467e-01 1.311090738e-01 1.342939585e-01 1.377729028e-01 1.414992809e-01
 1.454308033e-01 1.495268643e-01 1.537469625e-01 1.580494642e-01 1.623913199e-01
 1.667277217e-01 1.710125506e-01 1.751990020e-01 1.792407334e-01 1.830933690e-01
 1.867159903e-01 1.900728792e-01 1.931351125e-01 1.958816200e-01 1.982999742e-01
 2.003863752e-01 2.021452487e-01 2.035882473e-01 2.047328800e-01 2.056009769e-01
 2.695162315e-03-3.077386413e-03-9.256483987e-03-1.584002376e-02-2.274257317e-02
-2.978735790e-02-3.671993315e-02-4.323313758e-02-4.697791860e-02-4.480868950e-02
-4.224882275e-02-4.206553847e-02-4.274582863e-02-4.199037701e-02-4.010438174e-02
-3.717183322e-02-3.314139694e-02-2.788966149e-02-2.120226249e-02-1.267391443e-02
-1.557965414e-03 9.835471399e-03 1.999622770e-02 2.954978682e-02 3.888094425e-02
 4.827007651e-02 5.797163397e-02 6.826858222e-02 7.952679694e-02 9.214819968e-02
 1.034166962e-01 1.123474240e-01 1.191964746e-01 1.238862500e-01 1.262716055e-01
 1.260030568e-01 1.242741793e-01 1.239121780e-01 1.245315522e-01 1.258579195e-01
 1.277188510e-01 1.300031692e-01 1.326339394e-01 1.355526447e-01 1.387105882e-01
 1.420643032e-01 1.455731988e-01 1.491981745e-01 1.529007256e-01 1.566425860e-01
 1.603855789e-01 1.640917212e-01 1.677237153e-01 1.712455302e-01 1.746232063e-01
 1.778257787e-01 1.808262318e-01 1.836022139e-01 1.861367524e-01 1.884185672e-01
 1.904422641e-01 1.922078729e-01 1.937205791e-01 1.949898303e-01 1.960285008e-01
 0.170606601E+01 0.173042977E+01 0.174616027E+01 0.176414883E+01 0.178262734E+01
 0.180518234E+01 0.182283878E+01 0.184210241E+01 0.186074448E+01 0.188027096E+01
 0.190000892E+01 0.191980600E+01 0.194002795E+01 0.196081007E+01 0.198173904E+01
 0.200295830E+01 0.202483702E+01 0.204705691E+01 0.206953049E+01 0.209242320E+01
 0.211614037E+01 0.214023972E+01 0.216482830E+01 0.218998313E+01 0.221595335E+01
 0.224259186E+01 0.226984644E+01 0.229791355E+01 0.232684755E+01 0.235669637E+01
 0.238745737E+01 0.241920948E+01 0.245203686E+01 0.248614645E+01 0.252144194E+01
 0.255798769E+01 0.259602070E+01 0.263567472E+01 0.267704916E+01 0.272015524E+01
 0.276520157E+01 0.281242847E+01 0.286203194E+01 0.291417503E+01 0.296904469E+01
 0.302700663E+01 0.308840013E+01 0.315356636E+01 0.322302413E+01 0.329717827E+01
 0.337688661E+01 0.346254253E+01 0.355557013E+01 0.365665388E+01 0.376754045E+01
 0.388961411E+01 0.402627945E+01 0.418008041E+01 0.435707092E+01 0.456432247E+01
 0.481341124E+01 0.512878895E+01 0.555777645E+01 0.624841976E+01 0.101339655E+02
   90   86
 0.107828021E+01-0.500000007E-01 0.107883322E+01 0.437572859E-01 0.108184934E+01
 0.100000001E+00 0.109209085E+01 0.200000003E+00 0.110562503E+01 0.285302579E+00
 0.111756611E+01 0.349999994E+00 0.113218749E+01 0.420211852E+00 0.114983380E+01
 0.500000000E+00 0.116148043E+01 0.550000012E+00 0.118458891E+01 0.647505999E+00
 0.119756651E+01 0.699999988E+00 0.121204615E+01 0.758415937E+00 0.123606694E+01
 0.847008109E+00 0.125331450E+01 0.899999976E+00 0.127526665E+01 0.949999988E+00
 0.131168151E+01 0.994672179E+00 0.134468746E+01 0.100969362E+01 0.139781249E+01
 0.101282811E+01 0.144558573E+01 0.100399590E+01 0.147749996E+01 0.995808125E+00
 0.153062499E+01 0.979273796E+00 0.158375001E+01 0.957709849E+00 0.161031246E+01
 0.945050180E+00 0.166343749E+01 0.918422461E+00 0.169428647E+01 0.899999976E+00
 0.174312496E+01 0.869658113E+00 0.177117276E+01 0.849596977E+00 0.182281256E+01
 0.811220944E+00 0.184937501E+01 0.789294243E+00 0.189369869E+01 0.750000000E+00
 0.192906249E+01 0.717051506E+00 0.195562506E+01 0.689854503E+00 0.199201083E+01
 0.649999976E+00 0.203320146E+01 0.600000024E+00 0.206187510E+01 0.562023520E+00
 0.208843756E+01 0.522713900E+00 0.211500001E+01 0.479077399E+00 0.214156246E+01
 0.430383980E+00 0.216812491E+01 0.375651926E+00 0.219468760E+01 0.313394308E+00
 0.221781349E+01 0.250000000E+00 0.223355556E+01 0.200000003E+00 0.224781251E+01
 0.141954884E+00 0.226210260E+01 0.500000007E-01 0.226228070E+01-0.500000007E-01
 0.224781251E+01-0.145083219E+00 0.223456383E+01-0.200000003E+00 0.221929502E+01
-0.250000000E+00 0.219468760E+01-0.319324315E+00 0.216812491E+01-0.383454412E+00
 0.214156246E+01-0.440089166E+00 0.211500001E+01-0.490718752E+00 0.208843756E+01
-0.536368012E+00 0.206187510E+01-0.577873290E+00 0.203531241E+01-0.615883589E+00
 0.200762892E+01-0.652114928E+00 0.196805525E+01-0.699999988E+00 0.192906249E+01
-0.743814468E+00 0.190250003E+01-0.772335052E+00 0.187303901E+01-0.801692367E+00
 0.182494271E+01-0.847446740E+00 0.179624999E+01-0.873694897E+00 0.176424813E+01
-0.900273681E+00 0.171656251E+01-0.938477635E+00 0.169000006E+01-0.958285689E+00
 0.163687503E+01-0.994159579E+00 0.161031246E+01-0.101144195E+01 0.155718756E+01
-0.104179955E+01 0.153062499E+01-0.105616117E+01 0.147749996E+01-0.108188343E+01
 0.143302655E+01-0.110000002E+01 0.139781249E+01-0.111481881E+01 0.134468746E+01
-0.113177812E+01 0.129156256E+01-0.114385128E+01 0.125369406E+01-0.114999998E+01
 0.121672750E+01-0.115701342E+01 0.121604896E+01-0.104999995E+01 0.121187496E+01
-0.969069600E+00 0.120643616E+01-0.899999976E+00 0.119426560E+01-0.800000012E+00
 0.118502879E+01-0.742529929E+00 0.116861868E+01-0.649999976E+00 0.115814543E+01
-0.595674753E+00 0.113939428E+01-0.500000000E+00 0.112962055E+01-0.449999988E+00
 0.111121416E+01-0.349999994E+00 0.110279202E+01-0.300000012E+00 0.108901477E+01
-0.200000003E+00 0.108049273E+01-0.100000001E+00 0.107828021E+01-0.500000007E-01
 0.101600003E+01 0.000000000E+00 0.101600003E+01 0.963999987E+00 0.101600003E+01
 0.967999995E+00 0.101600003E+01 0.100100005E+01 0.101600003E+01 0.101900005E+01
 0.101600003E+01 0.107700002E+01 0.101600003E+01 0.107000005E+01 0.101600003E+01
 0.109599996E+01 0.101600003E+01 0.111300004E+01 0.101600003E+01 0.113800001E+01
 0.101600003E+01 0.114699996E+01 0.101199996E+01 0.116499996E+01 0.100100005E+01
 0.121700001E+01 0.102900004E+01 0.121700001E+01 0.104200006E+01 0.116240001E+01
 0.104600000E+01 0.116237998E+01 0.105599999E+01 0.116260004E+01 0.109700000E+01
 0.116450000E+01 0.110800004E+01 0.116594005E+01 0.111600006E+01 0.116591001E+01
 0.113399994E+01 0.116895998E+01 0.114800000E+01 0.117174995E+01 0.116199994E+01
 0.117556000E+01 0.118099999E+01 0.118299997E+01 0.118200004E+01 0.118350005E+01
 0.118499994E+01 0.118499994E+01 0.119000006E+01 0.118799996E+01 0.119500005E+01
 0.119099998E+01 0.120099998E+01 0.119599998E+01 0.120899999E+01 0.120200002E+01
 0.121500003E+01 0.120799994E+01 0.122200000E+01 0.121399999E+01 0.122800004E+01
 0.122099996E+01 0.123399997E+01 0.123099995E+01 0.123899996E+01 0.123800004E+01
 0.124199998E+01 0.124399996E+01 0.124800003E+01 0.125399995E+01 0.125800002E+01
 0.127800000E+01 0.126300001E+01 0.128999996E+01 0.127999997E+01 0.133099997E+01
 0.127999997E+01 0.134700000E+01 0.127999997E+01 0.134800005E+01 0.130999994E+01
 0.134800005E+01 0.132799995E+01 0.134800005E+01 0.136099994E+01 0.134800005E+01
 0.138000000E+01 0.134800005E+01 0.141900003E+01 0.134800005E+01 0.141900003E+01
 0.130999994E+01 0.137199998E+01 0.130999994E+01 0.137199998E+01 0.129200006E+01
 0.160800004E+01 0.109500003E+01 0.164699996E+01 0.107700002E+01 0.178499997E+01
 0.107700002E+01 0.206999993E+01 0.103999996E+01 0.212800002E+01 0.992999971E+00
 0.224499989E+01 0.708999991E+00 0.232299995E+01 0.518999994E+00 0.237700009E+01
 0.388999999E+00 0.236249995E+01 0.400000006E+00 0.236443496E+01 0.222000003E+00
 0.236496902E+01 0.133000001E+00 0.236532402E+01 0.439999998E-01 0.236512089E+01
-0.439999998E-01 0.236484194E+01-0.133000001E+00 0.236433411E+01-0.222000003E+00
 0.236249995E+01-0.400000006E+00 0.237700009E+01-0.388999999E+00 0.213400006E+01
-0.972999990E+00 0.178600001E+01-0.117400002E+01 0.176800001E+01-0.121099997E+01
 0.176800001E+01-0.125000000E+01 0.168200004E+01-0.125000000E+01 0.137199998E+01
-0.125000000E+01 0.137199998E+01-0.132900000E+01 0.141999996E+01-0.132900000E+01
 0.141999996E+01-0.136300004E+01 0.127300000E+01-0.136300004E+01 0.115300000E+01
-0.136300004E+01 0.101600003E+01-0.122300005E+01 0.101600003E+01-0.122300005E+01
 0.101600003E+01-0.829999983E+00 0.101600003E+01-0.800000012E+00 0.101600003E+01
-0.414999992E+00 0.101600003E+01-0.400000006E+00 0.101600003E+01-0.100000005E-02
 0.101600003E+01 0.000000000E+00
    0 0.169550002E+01    0
 0.000000000E+00 0.974454433E-01 0.138411343E+00 0.170050800E+00 0.196931735E+00
 0.219432801E+00 0.241346329E+00 0.261570752E+00 0.280577838E+00 0.298533261E+00
 0.315658391E+00 0.332061738E+00 0.347873449E+00 0.363128245E+00 0.377951115E+00
 0.392351568E+00 0.406384557E+00 0.420116454E+00 0.433524132E+00 0.446708143E+00
 0.459642559E+00 0.472364843E+00 0.484880865E+00 0.497236133E+00 0.509442091E+00
 0.521506369E+00 0.533396006E+00 0.545199990E+00 0.556904316E+00 0.568519294E+00
 0.580023527E+00 0.591444254E+00 0.602812052E+00 0.614140630E+00 0.625413954E+00
 0.636620760E+00 0.647802711E+00 0.658963561E+00 0.670121431E+00 0.681262255E+00
 0.692391574E+00 0.703533649E+00 0.714694023E+00 0.725882292E+00 0.737091184E+00
 0.748351455E+00 0.759665966E+00 0.771038473E+00 0.782493174E+00 0.794026673E+00
 0.805671155E+00 0.817413807E+00 0.829312444E+00 0.841353536E+00 0.853580952E+00
 0.865984917E+00 0.878659129E+00 0.891580224E+00 0.904844344E+00 0.918491721E+00
 0.932607412E+00 0.947368383E+00 0.962951779E+00 0.979863524E+00 0.100000000E+01
    0
