  EFITD    06/25/2013    #1553523000.0ms  EFIT01   0  65  65
 0.170000005E+01 0.320000005E+01 0.169550002E+01 0.839999974E+00 0.000000000E+00
 0.180356932E+01-0.162153374E-01-0.194304168E+00-0.662529096E-02 0.165846515E+01
 0.102300619E+07-0.194304168E+00 0.000000000E+00 0.180356932E+01 0.000000000E+00
-0.162153374E-01 0.000000000E+00-0.662529096E-02 0.000000000E+00 0.000000000E+00
 0.277447748E+01 0.277637482E+01 0.277820325E+01 0.277996445E+01 0.278165913E+01
 0.278328943E+01 0.278485632E+01 0.278636169E+01 0.278780603E+01 0.278919125E+01
 0.279051876E+01 0.279178953E+01 0.279300523E+01 0.279416704E+01 0.279527617E+01
 0.279633427E+01 0.279734230E+01 0.279830170E+01 0.279921389E+01 0.280007982E+01
 0.280090094E+01 0.280167890E+01 0.280241466E+01 0.280310941E+01 0.280376482E+01
 0.280438161E+01 0.280496144E+01 0.280550528E+01 0.280601501E+01 0.280649114E+01
 0.280693531E+01 0.280734873E+01 0.280773282E+01 0.280808878E+01 0.280841732E+01
 0.280872059E+01 0.280899906E+01 0.280925465E+01 0.280948782E+01 0.280970073E+01
 0.280989408E+01 0.281006908E+01 0.281022716E+01 0.281036949E+01 0.281049728E+01
 0.281061196E+01 0.281071472E+01 0.281080627E+01 0.281088877E+01 0.281096292E+01
 0.281102991E+01 0.281109142E+01 0.281114817E+01 0.281120157E+01 0.281125307E+01
 0.281130362E+01 0.281135464E+01 0.281140733E+01 0.281146288E+01 0.281152296E+01
 0.281158805E+01 0.281165981E+01 0.281173968E+01 0.281182861E+01 0.281192780E+01
 0.973032734E+05 0.946489375E+05 0.920305938E+05 0.894482500E+05 0.869019062E+05
 0.843915625E+05 0.819172188E+05 0.794788750E+05 0.770765312E+05 0.747101797E+05
 0.723798359E+05 0.700854844E+05 0.678271406E+05 0.656047891E+05 0.634184414E+05
 0.612680898E+05 0.591537344E+05 0.570753828E+05 0.550330312E+05 0.530266797E+05
 0.510563242E+05 0.491219688E+05 0.472236133E+05 0.453612578E+05 0.435348984E+05
 0.417445391E+05 0.399901836E+05 0.382718203E+05 0.365894609E+05 0.349431016E+05
 0.333327383E+05 0.317583770E+05 0.302200117E+05 0.287176484E+05 0.272512852E+05
 0.258209180E+05 0.244265527E+05 0.230681875E+05 0.217458164E+05 0.204594492E+05
 0.192090801E+05 0.179947109E+05 0.168163398E+05 0.156739688E+05 0.145675957E+05
 0.134972236E+05 0.124628496E+05 0.114644756E+05 0.105021006E+05 0.957572461E+04
 0.868534863E+04 0.783097070E+04 0.701259326E+04 0.623021436E+04 0.548383496E+04
 0.477345459E+04 0.409907373E+04 0.346069214E+04 0.285830981E+04 0.229192676E+04
 0.176154272E+04 0.126715820E+04 0.808772827E+03 0.386386780E+03 0.000000000E+00
 0.183349562E+01 0.176878214E+01 0.170526385E+01 0.164294052E+01 0.158181238E+01
 0.152187932E+01 0.146314144E+01 0.140559864E+01 0.134925103E+01 0.129409838E+01
 0.124014091E+01 0.118737864E+01 0.113581133E+01 0.108543932E+01 0.103626227E+01
 0.988280416E+00 0.941493690E+00 0.895902038E+00 0.851505518E+00 0.808304191E+00
 0.766297877E+00 0.725486755E+00 0.685870647E+00 0.647449732E+00 0.610223889E+00
 0.574193239E+00 0.539357662E+00 0.505717158E+00 0.473271847E+00 0.442021608E+00
 0.411966503E+00 0.383106500E+00 0.355441630E+00 0.328971863E+00 0.303697228E+00
 0.279617697E+00 0.256733298E+00 0.235044003E+00 0.214549810E+00 0.195250750E+00
 0.177146822E+00 0.160237983E+00 0.144524276E+00 0.130005687E+00 0.116682202E+00
 0.104553834E+00 0.936205983E-01 0.838824660E-01 0.753394589E-01 0.679915622E-01
 0.618387870E-01 0.568811260E-01 0.531185828E-01 0.505511537E-01 0.491788462E-01
 0.490016565E-01 0.500195771E-01 0.522326156E-01 0.556407757E-01 0.602440499E-01
 0.660424381E-01 0.730359405E-01 0.812245756E-01 0.906083137E-01 0.101187170E+00
-0.912465750E+06-0.900171750E+06-0.887877750E+06-0.875583875E+06-0.863289875E+06
-0.850995875E+06-0.838701938E+06-0.826408000E+06-0.814114062E+06-0.801820125E+06
-0.789526125E+06-0.777232188E+06-0.764938250E+06-0.752644250E+06-0.740350375E+06
-0.728056375E+06-0.715762375E+06-0.703468438E+06-0.691174500E+06-0.678880562E+06
-0.666586625E+06-0.654292625E+06-0.641998688E+06-0.629704750E+06-0.617410750E+06
-0.605116812E+06-0.592822875E+06-0.580528875E+06-0.568234938E+06-0.555941000E+06
-0.543647062E+06-0.531353062E+06-0.519059125E+06-0.506765188E+06-0.494471219E+06
-0.482177250E+06-0.469883312E+06-0.457589344E+06-0.445295375E+06-0.433001438E+06
-0.420707500E+06-0.408413500E+06-0.396119562E+06-0.383825625E+06-0.371531656E+06
-0.359237688E+06-0.346943750E+06-0.334649812E+06-0.322355812E+06-0.310061875E+06
-0.297767938E+06-0.285473969E+06-0.273180000E+06-0.260886062E+06-0.248592109E+06
-0.236298156E+06-0.224004188E+06-0.211710234E+06-0.199416281E+06-0.187122328E+06
-0.174828375E+06-0.162534406E+06-0.150240469E+06-0.137946500E+06-0.125652547E+06
 2.374741621e-02 2.110447362e-02 1.842113584e-02 1.565446705e-02 1.277510822e-02
 9.759632871e-03 6.575297564e-03 3.162564943e-03-4.871034180e-04-4.453548230e-03
-9.307001717e-03-1.574880630e-02-2.248928696e-02-2.691110782e-02-2.953780815e-02
-3.058298491e-02-3.008895926e-02-2.799446881e-02-2.410055324e-02-1.798022725e-02
-8.807015605e-03 7.975825574e-04 8.840579540e-03 1.601386815e-02 2.270795032e-02
 2.916711196e-02 3.557034582e-02 4.207434505e-02 4.884481430e-02 5.606129766e-02
 6.280735880e-02 6.879092753e-02 7.412034273e-02 7.874155045e-02 8.261977136e-02
 8.564711362e-02 8.818613738e-02 9.121328592e-02 9.458643943e-02 9.822201729e-02
 1.020721644e-01 1.061080173e-01 1.103088707e-01 1.146557927e-01 1.191286594e-01
 1.237050891e-01 1.283602118e-01 1.330667138e-01 1.377949715e-01 1.425132453e-01
 1.471879929e-01 1.517844200e-01 1.562670469e-01 1.606006473e-01 1.647511870e-01
 1.686869711e-01 1.723797321e-01 1.758057177e-01 1.789464355e-01 1.817893386e-01
 1.843280494e-01 1.865622401e-01 1.884972155e-01 1.901432127e-01 1.915145665e-01
 1.922895014e-02 1.629504934e-02 1.341986842e-02 1.057013869e-02 7.706518751e-03
 4.788217135e-03 1.834894298e-03-1.111125923e-03-4.116536118e-03-7.284363732e-03
-1.096063294e-02-1.525634993e-02-1.944018714e-02-2.250549942e-02-2.431881987e-02
-2.487372980e-02-2.414430305e-02-2.206352726e-02-1.851975359e-02-1.337265037e-02
-6.605860312e-03 7.435086882e-04 7.736045867e-03 1.437705848e-02 2.079003118e-02
 2.710171044e-02 3.343300521e-02 3.990799189e-02 4.667213187e-02 5.388609320e-02
 6.067010015e-02 6.672389805e-02 7.214604318e-02 7.691974193e-02 8.100251853e-02
 8.428135514e-02 8.715213090e-02 9.054306149e-02 9.432183951e-02 9.840384126e-02
 1.027370691e-01 1.072868854e-01 1.120273247e-01 1.169358790e-01 1.219903380e-01
 1.271668524e-01 1.324388981e-01 1.377765834e-01 1.431463510e-01 1.485109627e-01
 1.538296938e-01 1.590587795e-01 1.641524732e-01 1.690641642e-01 1.737480760e-01
 1.781610698e-01 1.822646260e-01 1.860266626e-01 1.894230396e-01 1.924386024e-01
 1.950675845e-01 1.973132938e-01 1.991873533e-01 2.007082999e-01 2.019000053e-01
 1.407569088e-02 1.094755158e-02 8.020525798e-03 5.251539871e-03 2.580154222e-03
 1.363954798e-04-2.105636988e-03-4.203444812e-03-6.200648844e-03-8.266832680e-03
-1.043942943e-02-1.260378584e-02-1.453089714e-02-1.595919207e-02-1.668838598e-02
-1.659264043e-02-1.559346728e-02-1.364212018e-02-1.072254032e-02-6.877354812e-03
-2.249764744e-03 2.914351877e-03 8.366634138e-03 1.395425573e-02 1.961908862e-02
 2.535909042e-02 3.119930997e-02 3.717459738e-02 4.331342131e-02 4.957594723e-02
 5.567328259e-02 6.141507626e-02 6.677272916e-02 7.173726708e-02 7.630333304e-02
 8.049409091e-02 8.454005420e-02 8.876241744e-02 9.322535247e-02 9.792987257e-02
 1.028662920e-01 1.080220789e-01 1.133832932e-01 1.189342067e-01 1.246565059e-01
 1.305283159e-01 1.365233660e-01 1.426101625e-01 1.487513781e-01 1.549034417e-01
 1.610164195e-01 1.670345366e-01 1.728971452e-01 1.785404980e-01 1.839004457e-01
 1.889154315e-01 1.935301721e-01 1.976989508e-01 2.013885975e-01 2.045802623e-01
 2.072701156e-01 2.094687372e-01 2.111992240e-01 2.124945819e-01 2.133946866e-01
 7.803383283e-03 4.498098046e-03 1.702587819e-03-6.484665209e-04-2.665876877e-03
-4.265456460e-03-5.536574870e-03-6.671335548e-03-7.784166839e-03-8.888734505e-03
-9.957416914e-03-1.091990806e-02-1.167127676e-02-1.209142338e-02-1.206710935e-02
-1.150630042e-02-1.034366526e-02-8.542578667e-03-6.098125596e-03-3.041240387e-03
 5.607281928e-04 4.614003003e-03 9.019361809e-03 1.369311754e-02 1.857676730e-02
 2.363471687e-02 2.884555608e-02 3.419058025e-02 3.964049369e-02 4.514312372e-02
 5.062628165e-02 5.602321774e-02 6.129332632e-02 6.642428041e-02 7.143135369e-02
 7.636193931e-02 8.129508793e-02 8.631834388e-02 9.149833024e-02 9.687455744e-02
 1.024672389e-01 1.082846150e-01 1.143271029e-01 1.205891147e-01 1.270595789e-01
 1.337216496e-01 1.405519247e-01 1.475194693e-01 1.545845121e-01 1.616974324e-01
 1.687977016e-01 1.758137047e-01 1.826634407e-01 1.892568320e-01 1.954997182e-01
 2.012993991e-01 2.065714300e-01 2.112463117e-01 2.152753174e-01 2.186341435e-01
 2.213240862e-01 2.233703434e-01 2.248179018e-01 2.257259786e-01 2.261618078e-01
-6.125589134e-04-4.280555528e-03-6.574716419e-03-7.813772187e-03-8.485317230e-03
-8.808180690e-03-9.023223072e-03-9.222858585e-03-9.441185743e-03-9.674859233e-03
-9.892594069e-03-1.004131511e-02-1.005278714e-02-9.851761162e-03-9.364586323e-03
-8.526638150e-03-7.287653163e-03-5.615148693e-03-3.496314865e-03-9.382619173e-04
 2.034053206e-03 5.382706411e-03 9.063716978e-03 1.303384732e-02 1.725506783e-02
 2.169572003e-02 2.632886171e-02 3.112900630e-02 3.606884181e-02 4.111784324e-02
 4.624443874e-02 5.142132565e-02 5.663115531e-02 6.187024713e-02 6.715007126e-02
 7.249651849e-02 7.794643939e-02 8.354110271e-02 8.931924403e-02 9.531261772e-02
 1.015447825e-01 1.080316901e-01 1.147826239e-01 1.218008697e-01 1.290837079e-01
 1.366219372e-01 1.443986446e-01 1.523875594e-01 1.605506539e-01 1.688354611e-01
 1.771720648e-01 1.854704767e-01 1.936195195e-01 2.014883161e-01 2.089320123e-01
 2.158019990e-01 2.219596207e-01 2.272906899e-01 2.317178696e-01 2.352083623e-01
 2.377760708e-01 2.394773364e-01 2.404011488e-01 2.406563461e-01 2.403584719e-01
-1.385888830e-02-1.948347688e-02-1.875583827e-02-1.653608121e-02-1.488325559e-02
-1.356386580e-02-1.251067314e-02-1.167991012e-02-1.102906466e-02-1.051070355e-02
-1.007106714e-02-9.650745429e-03-9.186727926e-03-8.615443483e-03-7.876271382e-03
-6.914989091e-03-5.686666351e-03-4.157701507e-03-2.306823386e-03-1.249505440e-04
 2.386074513e-03 5.215746351e-03 8.347753435e-03 1.176282391e-02 1.544096135e-02
 1.936270669e-02 2.350947633e-02 2.786333486e-02 3.240673989e-02 3.712284938e-02
 4.199665040e-02 4.701680690e-02 5.217760801e-02 5.748049915e-02 6.293468177e-02
 6.855663657e-02 7.436853647e-02 8.039586991e-02 8.666493744e-02 9.320071340e-02
 1.000255272e-01 1.071584225e-01 1.146148741e-01 1.224065349e-01 1.305407733e-01
 1.390197873e-01 1.478390098e-01 1.569846570e-01 1.664300859e-01 1.761305928e-01
 1.860165894e-01 1.959851682e-01 2.058916986e-01 2.155447751e-01 2.247106582e-01
 2.331324220e-01 2.405622005e-01 2.467960119e-01 2.517003119e-01 2.552279234e-01
 2.574229836e-01 2.584121823e-01 2.583801150e-01 2.575354576e-01 2.560806274e-01
-2.368660271e-02-3.042295575e-02-2.828913555e-02-2.362516709e-02-2.004895359e-02
-1.728330553e-02-1.512309350e-02-1.342759840e-02-1.209025085e-02-1.102211885e-02
-1.014379226e-02-9.381716140e-03-8.666772395e-03-7.934188470e-03-7.124258205e-03
-6.183493417e-03-5.065964535e-03-3.734349273e-03-2.160303993e-03-3.240433871e-04
 1.786475070e-03 4.176684655e-03 6.846760400e-03 9.793026373e-03 1.300925016e-02
 1.648770832e-02 2.021995932e-02 2.419740707e-02 2.841179445e-02 3.285580128e-02
 3.752380982e-02 4.241282493e-02 4.752331972e-02 5.285992846e-02 5.843171477e-02
 6.425201893e-02 7.033786178e-02 7.670907676e-02 8.338728547e-02 9.039498866e-02
 9.775491059e-02 1.054895073e-01 1.136207283e-01 1.221698076e-01 1.311569512e-01
 1.406007111e-01 1.505168527e-01 1.609161645e-01 1.718006730e-01 1.831571758e-01
 1.949464083e-01 2.070853561e-01 2.194204926e-01 2.316926420e-01 2.435092479e-01
 2.543708682e-01 2.637818456e-01 2.713560462e-01 2.768536806e-01 2.801943421e-01
 2.814801037e-01 2.810075879e-01 2.792018652e-01 2.764900327e-01 2.732238770e-01
-2.764054202e-02-3.471229970e-02-3.192729503e-02-2.654528059e-02-2.219381183e-02
-1.871290244e-02-1.595815271e-02-1.379610971e-02-1.210809313e-02-1.078912430e-02
-9.745800868e-03-8.895020932e-03-8.161855862e-03-7.477970794e-03-6.780793425e-03
-6.013353355e-03-5.125666969e-03-4.076091573e-03-2.831477672e-03-1.364995725e-03
 3.444954637e-04 2.312865574e-03 4.551223479e-03 7.066567428e-03 9.862588719e-03
 1.294068154e-02 1.630085148e-02 1.994236559e-02 2.386431769e-02 2.806621045e-02
 3.254857287e-02 3.731357306e-02 4.236555472e-02 4.771143198e-02 5.336099118e-02
 5.932690203e-02 6.562465429e-02 7.227230817e-02 7.929025590e-02 8.670099080e-02
 9.452904016e-02 1.028009951e-01 1.115457341e-01 1.207948625e-01 1.305831522e-01
 1.409491003e-01 1.519354284e-01 1.635893285e-01 1.759618074e-01 1.891055852e-01
 2.030688226e-01 2.178798616e-01 2.335096598e-01 2.497840524e-01 2.661921978e-01
 2.813592553e-01 2.940613627e-01 3.037462533e-01 3.100658059e-01 3.128168285e-01
 3.119857907e-01 3.082346916e-01 3.030143380e-01 2.971590757e-01 2.911659479e-01
-2.646961063e-02-3.350853920e-02-3.083455935e-02-2.535652928e-02-2.087936178e-02
-1.729927026e-02-1.449384540e-02-1.233669184e-02-1.070758048e-02-9.496342391e-03
-8.602086455e-03-7.940925658e-03-7.438681088e-03-7.027029991e-03-6.641721353e-03
-6.217982620e-03-5.697654560e-03-5.034995265e-03-4.200388677e-03-3.162770998e-03
-1.893909299e-03-3.698009532e-04 1.428887481e-03 3.516657744e-03 5.903379992e-03
 8.596299216e-03 1.160156541e-02 1.492438838e-02 1.856919006e-02 2.254014648e-02
 2.684183419e-02 3.147972003e-02 3.646058589e-02 4.179289564e-02 4.748708382e-02
 5.355576798e-02 6.001390889e-02 6.687895954e-02 7.417098433e-02 8.191296458e-02
 9.013105929e-02 9.885524213e-02 1.081200242e-01 1.179655939e-01 1.284393072e-01
 1.395978034e-01 1.515096724e-01 1.642594039e-01 1.779527217e-01 1.927243173e-01
 2.087498307e-01 2.262653857e-01 2.456043959e-01 2.672876418e-01 2.917607427e-01
 3.138920665e-01 3.314110935e-01 3.441903591e-01 3.519579470e-01 3.540930450e-01
 3.504015207e-01 3.399702311e-01 3.284168839e-01 3.177957535e-01 3.082127273e-01
-2.086345665e-02-2.771707997e-02-2.527661808e-02-2.007294446e-02-1.597097144e-02
-1.284129079e-02-1.052057836e-02-8.858326823e-03-7.724593394e-03-7.011308335e-03
-6.586095784e-03-6.392586976e-03-6.372369826e-03-6.464292295e-03-6.619113497e-03
-6.739431061e-03-6.739250384e-03-6.556766108e-03-6.228810176e-03-5.705058575e-03
-4.945584573e-03-3.917098045e-03-2.591861878e-03-9.489408694e-04 1.020353986e-03
 3.323589684e-03 5.972464569e-03 8.977582678e-03 1.234674081e-02 1.608652622e-02
 2.020385116e-02 2.470603026e-02 2.960105985e-02 3.489803523e-02 4.060743749e-02
 4.674140364e-02 5.331406370e-02 6.034187973e-02 6.784400344e-02 7.584276795e-02
 8.436430991e-02 9.343940765e-02 1.031045690e-01 1.134036332e-01 1.243898720e-01
 1.361288875e-01 1.487027705e-01 1.622159779e-01 1.768041253e-01 1.926469803e-01
 2.099893689e-01 2.291746736e-01 2.507002652e-01 2.752986550e-01 3.039816618e-01
 3.333892226e-01 3.562467098e-01 3.724571466e-01 3.821580410e-01 3.852426410e-01
 3.807551563e-01 3.681478500e-01 3.497584760e-01 3.342377543e-01 3.212618232e-01
-1.065113209e-02-1.728093997e-02-1.469086949e-02-1.027379185e-02-7.268907968e-03
-5.289011169e-03-4.067245871e-03-3.416132182e-03-3.200601554e-03-3.318102797e-03
-3.685088130e-03-4.238535650e-03-4.925918765e-03-5.700537004e-03-6.520297378e-03
-7.345517166e-03-8.045481518e-03-8.582044393e-03-8.926266804e-03-9.042425081e-03
-8.892958984e-03-8.439635858e-03-7.642409764e-03-6.455274299e-03-4.910595715e-03
-3.018992255e-03-7.446055533e-04 1.934524043e-03 5.023764912e-03 8.526703343e-03
 1.245231368e-02 1.680879295e-02 2.160397917e-02 2.684665658e-02 3.254643083e-02
 3.871398419e-02 4.536157474e-02 5.250347778e-02 6.015644968e-02 6.834025681e-02
 7.707829773e-02 8.639851213e-02 9.633441269e-02 1.069266051e-01 1.182247549e-01
 1.302901506e-01 1.431993693e-01 1.570491642e-01 1.719632745e-01 1.881018579e-01
 2.056744993e-01 2.249571979e-01 2.463126630e-01 2.702097297e-01 2.972357869e-01
 3.279149830e-01 3.540425003e-01 3.728417158e-01 3.845673800e-01 3.893001676e-01
 3.872216344e-01 3.773649335e-01 3.595431447e-01 3.413001895e-01 3.267236352e-01
 7.637718692e-03 2.317393199e-03 3.017793875e-03 4.673540127e-03 5.137841683e-03
 4.980107769e-03 4.416564479e-03 3.557767021e-03 2.473250031e-03 1.213619602e-03
-1.805433712e-04-1.675320091e-03-3.240788123e-03-4.849199206e-03-6.473641843e-03
-8.086297661e-03-9.560571983e-03-1.085918956e-02-1.194548421e-02-1.278221235e-02
-1.333190873e-02-1.355760358e-02-1.342392713e-02-1.289935783e-02-1.196195371e-02
-1.058765687e-02-8.743163198e-03-6.386599038e-03-3.568044864e-03-3.121943737e-04
 3.413984785e-03 7.618080359e-03 1.230316795e-02 1.747822389e-02 2.315118164e-02
 2.932959795e-02 3.602237999e-02 4.324015975e-02 5.099563301e-02 5.930389464e-02
 6.818290800e-02 7.765413821e-02 8.774334937e-02 9.848153591e-02 1.099061519e-01
 1.220625415e-01 1.350057274e-01 1.488024443e-01 1.635335684e-01 1.792964041e-01
 1.962066591e-01 2.143989354e-01 2.340244055e-01 2.552455664e-01 2.782356143e-01
 3.032338023e-01 3.287741542e-01 3.471901715e-01 3.594163060e-01 3.659450412e-01
 3.665585220e-01 3.617271185e-01 3.506553769e-01 3.348217309e-01 3.221474588e-01
 3.368791193e-02 3.180220351e-02 2.709859982e-02 2.277492359e-02 1.944299787e-02
 1.653568633e-02 1.382774394e-02 1.121548563e-02 8.646973409e-03 6.095888093e-03
 3.549986985e-03 1.005247934e-03-1.537321950e-03-4.073664546e-03-6.598216482e-03
-9.042751975e-03-1.133722253e-02-1.344223227e-02-1.531901211e-02-1.692907140e-02
-1.823423058e-02-1.919693872e-02-1.978081092e-02-1.995128021e-02-1.967606135e-02
-1.892397553e-02-1.766473986e-02-1.587160118e-02-1.352789160e-02-1.061236300e-02
-7.088305429e-03-3.023772966e-03 1.542712329e-03 6.645097863e-03 1.228723861e-02
 1.846753433e-02 2.519031428e-02 3.246147186e-02 4.028865322e-02 4.868072271e-02
 5.764816701e-02 6.720346212e-02 7.736139745e-02 8.813948929e-02 9.955818206e-02
 1.116409749e-01 1.244143024e-01 1.379068792e-01 1.521481276e-01 1.671652198e-01
 1.829770058e-01 1.995837092e-01 2.169479132e-01 2.349601388e-01 2.533710301e-01
 2.716438174e-01 2.886950970e-01 3.030984998e-01 3.140000105e-01 3.211287856e-01
 3.244720101e-01 3.242042065e-01 3.207948506e-01 3.152749240e-01 3.090973496e-01
 5.202461034e-02 5.117282644e-02 4.485625774e-02 3.804631531e-02 3.228491545e-02
 2.725090086e-02 2.271270193e-02 1.851334795e-02 1.454846188e-02 1.074838452e-02
 7.066297345e-03 3.470622003e-03-5.992164370e-05-3.539679572e-03-6.978538819e-03
-1.028786320e-02-1.342995837e-02-1.636680961e-02-1.906012744e-02-2.147144079e-02
-2.356224880e-02-2.529427037e-02-2.662969753e-02-2.753151394e-02-2.796370164e-02
-2.789138258e-02-2.728119306e-02-2.610210888e-02-2.432635799e-02-2.192887664e-02
-1.888907328e-02-1.519870013e-02-1.084588934e-02-5.804368295e-03-1.626265002e-04
 6.028314121e-03 1.278385520e-02 2.010468580e-02 2.799523994e-02 3.645693511e-02
 4.549157619e-02 5.510137975e-02 6.528909504e-02 7.605785131e-02 8.741062880e-02
 9.934945405e-02 1.118740588e-01 1.249797195e-01 1.386540532e-01 1.528720558e-01
 1.675885320e-01 1.827270091e-01 1.981636286e-01 2.137047350e-01 2.290596068e-01
 2.438188195e-01 2.574694753e-01 2.694811523e-01 2.794275880e-01 2.870588899e-01
 2.923108339e-01 2.952983677e-01 2.963122725e-01 2.957925200e-01 2.942383885e-01
 6.371378154e-02 6.312212348e-02 5.676611513e-02 4.909595475e-02 4.216555506e-02
 3.586286306e-02 3.006334230e-02 2.465662360e-02 1.955223083e-02 1.467898674e-02
 9.982075542e-03 5.419739056e-03 9.603517829e-04-3.419995308e-03-7.739366032e-03
-1.190886274e-02-1.589475013e-02-1.966123097e-02-2.317119949e-02-2.638671547e-02
-2.926933579e-02-3.178038076e-02-3.388115764e-02-3.553317487e-02-3.669834882e-02
-3.733922169e-02-3.741928935e-02-3.690345585e-02-3.575856239e-02-3.395390511e-02
-3.146215901e-02-2.826043218e-02-2.432961389e-02-1.965588517e-02-1.423786394e-02
-8.066007867e-03-1.255653915e-03 6.123033818e-03 1.409524586e-02 2.264279872e-02
 3.175880015e-02 4.143469036e-02 5.166176707e-02 6.243036687e-02 7.372878492e-02
 8.554197103e-02 9.784980118e-02 1.106247604e-01 1.238288432e-01 1.374093741e-01
 1.512936205e-01 1.653821468e-01 1.795413196e-01 1.935962439e-01 2.073270977e-01
 2.204737067e-01 2.327531725e-01 2.438913286e-01 2.536594868e-01 2.619045973e-01
 2.685656548e-01 2.736770511e-01 2.773598433e-01 2.798005641e-01 2.812176049e-01
 7.190263271e-02 7.143564522e-02 6.480287760e-02 5.671163276e-02 4.917675257e-02
 4.214003682e-02 3.553143889e-02 2.927939035e-02 2.331766486e-02 1.758845523e-02
 1.204308309e-02 6.641440094e-03 1.350955805e-03-3.854627721e-03-8.996649645e-03
-1.398100518e-02-1.877371594e-02-2.333909273e-02-2.764015086e-02-3.163898736e-02
-3.529706597e-02-3.857541829e-02-4.143483192e-02-4.383596778e-02-4.573949799e-02
-4.710627347e-02-4.789752513e-02-4.807518423e-02-4.760227725e-02-4.644346237e-02
-4.456570745e-02-4.193917289e-02-3.853822500e-02-3.434307873e-02-2.934222668e-02
-2.353443205e-02-1.693682559e-02-9.565171786e-03-1.423117006e-03 7.257039659e-03
 1.650587469e-02 2.629855834e-02 3.661786765e-02 4.744488001e-02 5.875770003e-02
 7.052993774e-02 8.272930980e-02 9.531594813e-02 1.082402542e-01 1.214402765e-01
 1.348387599e-01 1.483401954e-01 1.618282795e-01 1.751650721e-01 1.881925464e-01
 2.007381469e-01 2.126248777e-01 2.236847878e-01 2.337739468e-01 2.427850515e-01
 2.506558597e-01 2.573716938e-01 2.629618645e-01 2.674911022e-01 2.710473537e-01
 7.713612169e-02 7.667540759e-02 6.982676685e-02 6.152903289e-02 5.368898436e-02
 4.624664038e-02 3.914518654e-02 3.233050555e-02 2.575335838e-02 1.936988905e-02
 1.314165443e-02 7.035430986e-03 1.023077173e-03-4.918348044e-03-1.080564782e-02
-1.653665304e-02-2.207645774e-02-2.738827467e-02-3.243420646e-02-3.717568144e-02
-4.157368094e-02-4.558888823e-02-4.918171838e-02-5.231236666e-02-5.494082719e-02
-5.702697486e-02-5.853062123e-02-5.941174179e-02-5.963070318e-02-5.914873630e-02
-5.792845786e-02-5.593469739e-02-5.313546956e-02-4.950335994e-02-4.501712322e-02
-3.966352716e-02-3.343927488e-02-2.635136619e-02-1.842098311e-02-9.695381857e-03
-2.051766496e-04 9.784067050e-03 2.027975023e-02 3.125801682e-02 4.269211739e-02
 5.454893410e-02 6.678972393e-02 7.936960459e-02 9.223641455e-02 1.053291932e-01
 1.185768247e-01 1.318968236e-01 1.451947242e-01 1.583646834e-01 1.712912321e-01
 1.838527173e-01 1.959263384e-01 2.073941529e-01 2.181493193e-01 2.281013876e-01
 2.371799499e-01 2.453361750e-01 2.525423765e-01 2.587899268e-01 2.640867233e-01
 7.940381765e-02 7.877898216e-02 7.215932757e-02 6.390853971e-02 5.603574961e-02
 4.845216125e-02 4.109915718e-02 3.393711150e-02 2.693395689e-02 2.006099559e-02
 1.329155825e-02 6.600683089e-03-3.505751374e-05-6.637897342e-03-1.316993311e-02
-1.956291683e-02-2.577561140e-02-3.176735342e-02-3.749783337e-02-4.292699695e-02
-4.801492766e-02-5.272179842e-02-5.700773746e-02-6.083274633e-02-6.415657699e-02
-6.693865359e-02-6.913810968e-02-7.071377337e-02-7.162432373e-02-7.182858884e-02
-7.128596306e-02-6.995700300e-02-6.780430675e-02-6.479357183e-02-6.089498103e-02
-5.608477071e-02-5.034708232e-02-4.367598146e-02-3.607810289e-02-2.757535316e-02
-1.820506528e-02-8.028373122e-03 2.744262340e-03 1.398278028e-02 2.566767484e-02
 3.775632754e-02 5.020516366e-02 6.296829134e-02 7.599602640e-02 8.923356980e-02
 1.026200801e-01 1.160881370e-01 1.295637190e-01 1.429665834e-01 1.562112272e-01
 1.692084968e-01 1.818673909e-01 1.940970123e-01 2.058082670e-01 2.169148922e-01
 2.273339927e-01 2.369859368e-01 2.457949221e-01 2.536904216e-01 2.606107593e-01
 7.900561392e-02 7.789643854e-02 7.174047828e-02 6.419339776e-02 5.664806068e-02
 4.914306104e-02 4.170427471e-02 3.433746845e-02 2.703790180e-02 1.979497261e-02
 1.259465516e-02 5.420956761e-03-1.743368688e-03-8.916859515e-03-1.601652242e-02
-2.299471200e-02-2.980610728e-02-3.640701622e-02-4.275501519e-02-4.880862683e-02
-5.452710390e-02-5.987019464e-02-6.479790062e-02-6.927026808e-02-7.324714959e-02
-7.668802142e-02-7.955185324e-02-8.179701120e-02-8.338127285e-02-8.426196128e-02
-8.439622074e-02-8.374144137e-02-8.225590736e-02-7.989973575e-02-7.663597167e-02
-7.243211567e-02-6.726187468e-02-6.110735610e-02-5.396173149e-02-4.583234340e-02
-3.674440458e-02-2.674630843e-02-1.591586880e-02-4.334199242e-03 7.764349692e-03
 2.024870738e-02 3.307532519e-02 4.620264471e-02 5.958809704e-02 7.318626344e-02
 8.694847673e-02 1.008226573e-01 1.147535592e-01 1.286828369e-01 1.425493807e-01
 1.562894434e-01 1.698364913e-01 1.831204742e-01 1.960662603e-01 2.085908800e-01
 2.205998152e-01 2.319829911e-01 2.426121980e-01 2.523428798e-01 2.610234618e-01
 7.823421061e-02 7.676298916e-02 7.092060149e-02 6.369413435e-02 5.631867796e-02
 4.885285348e-02 4.134534299e-02 3.382077441e-02 2.628821507e-02 1.874734834e-02
 1.119217463e-02 3.613383044e-03-3.999729641e-03-1.165703684e-02-1.925482601e-02
-2.674563043e-02-3.408283740e-02-4.122120515e-02-4.811697453e-02-5.472771078e-02
-6.101211905e-02-6.692975760e-02-7.244072109e-02-7.750533521e-02-8.208385110e-02
-8.613616228e-02-8.962152898e-02-9.249837697e-02-9.472423047e-02-9.625566006e-02
-9.704840183e-02-9.705764055e-02-9.623847902e-02-9.454664588e-02-9.193941951e-02
-8.837693930e-02-8.382381499e-02-7.825112343e-02-7.163886726e-02-6.397885829e-02
-5.527804792e-02-4.556213319e-02-3.487904370e-02-2.330112457e-02-1.093364879e-02
 2.109569032e-03 1.546797901e-02 2.911506034e-02 4.302190244e-02 5.715408921e-02
 7.147523016e-02 8.594819158e-02 1.005355865e-01 1.151999459e-01 1.299036145e-01
 1.446083784e-01 1.592742652e-01 1.738573760e-01 1.883059740e-01 2.025540471e-01
 2.165115774e-01 2.300506830e-01 2.429890335e-01 2.550765276e-01 2.660031319e-01
 7.801190019e-02 7.642973214e-02 7.043983042e-02 6.301900744e-02 5.552054942e-02
 4.795131087e-02 4.031901062e-02 3.263024613e-02 2.488742582e-02 1.708848402e-02
 9.227512404e-03 1.295470633e-03-6.719391793e-03-1.477458794e-02-2.279266715e-02
-3.072150238e-02-3.851161897e-02-4.611589015e-02-5.348930508e-02-6.058869138e-02
-6.737241894e-02-7.380005717e-02-7.983198762e-02-8.542905748e-02-9.055214375e-02
-9.516180307e-02-9.921793640e-02-1.026794687e-01-1.055041403e-01-1.076483652e-01
-1.090671942e-01-1.097144485e-01-1.095430106e-01-1.085052937e-01-1.065540686e-01
-1.036434025e-01-9.973011166e-02-9.477549046e-02-8.874745667e-02-8.162315190e-02
-7.339191437e-02-6.405860186e-02-5.364707485e-02-4.220368713e-02-2.980075404e-02
-1.653800532e-02-2.547953511e-03 1.172588021e-02 2.627917379e-02 4.107594118e-02
 5.608760566e-02 7.129021734e-02 8.666358888e-02 1.021911204e-01 1.178599000e-01
 1.336605847e-01 1.495868117e-01 1.656334996e-01 1.817934215e-01 1.980504990e-01
 2.143672854e-01 2.306617200e-01 2.467640340e-01 2.623339295e-01 2.767152190e-01
 7.746216655e-02 7.577076554e-02 6.942936778e-02 6.185942888e-02 5.423092842e-02
 4.653434083e-02 3.876497597e-02 3.091767430e-02 2.298634499e-02 1.496364363e-02
 6.840782240e-03-1.392642269e-03-9.749228135e-03-1.814300939e-02-2.651670016e-02
-3.481645882e-02-4.299140722e-02-5.099338293e-02-5.877665430e-02-6.629769504e-02
-7.351481915e-02-8.038781583e-02-8.687755466e-02-9.294555336e-02-9.855347872e-02
-1.036627963e-01-1.082342416e-01-1.122275442e-01-1.156010479e-01-1.183114499e-01
-1.203137040e-01-1.215609536e-01-1.220046580e-01-1.215949655e-01-1.202811748e-01
-1.180126145e-01-1.147397459e-01-1.104156077e-01-1.049977839e-01-9.845060110e-02
-9.074804187e-02-8.187682927e-02-7.184021175e-02-6.066202745e-02-4.839119688e-02
-3.510682285e-02-2.092443779e-02-6.003696937e-03 9.327508509e-03 2.489262819e-02
 4.068107158e-02 5.668535084e-02 7.290298492e-02 8.933804184e-02 1.060024947e-01
 1.229176745e-01 1.401157081e-01 1.576409489e-01 1.755513251e-01 1.939188391e-01
 2.128286809e-01 2.323743701e-01 2.526405454e-01 2.736169994e-01 2.942224145e-01
 7.598179579e-02 7.412324846e-02 6.782042235e-02 6.014788896e-02 5.242110416e-02
 4.462734982e-02 3.675126657e-02 2.877820656e-02 2.069479972e-02 1.248884387e-02
 4.149138927e-03-4.334163386e-03-1.296784263e-02-2.164672501e-02-3.031700850e-02
-3.892581537e-02-4.742229730e-02-5.575805902e-02-6.388719380e-02-7.176612318e-02
-7.935336977e-02-8.660912514e-02-9.349489212e-02-9.997292608e-02-1.060058475e-01
-1.115560904e-01-1.165854484e-01-1.210545972e-01-1.249227524e-01-1.281472594e-01
-1.306833923e-01-1.324841678e-01-1.335003376e-01-1.336805820e-01-1.329718232e-01
-1.313198060e-01-1.286700964e-01-1.249691397e-01-1.201660186e-01-1.142144650e-01
-1.070753783e-01-9.871990979e-02-8.913308382e-02-7.831783593e-02-6.629967690e-02
-5.313152820e-02-3.889863193e-02-2.372257039e-02-7.762552705e-03 8.610943332e-03
 2.520497516e-02 4.202195257e-02 5.907195061e-02 7.637501508e-02 9.396333992e-02
 1.118839383e-01 1.302024722e-01 1.490083337e-01 1.684218645e-01 1.886046827e-01
 2.097755969e-01 2.322373092e-01 2.564287484e-01 2.830436230e-01 3.108510077e-01
 7.395352423e-02 7.192625850e-02 6.555263698e-02 5.783111230e-02 5.007734150e-02
 4.225705937e-02 3.433816135e-02 2.629588917e-02 1.811100729e-02 9.767576121e-03
 1.251004171e-03-7.453839295e-03-1.628713124e-02-2.518605441e-02-3.409222513e-02
-4.295066372e-02-5.170948058e-02-6.031975523e-02-6.873539090e-02-7.691289485e-02
-8.481105417e-02-9.239055961e-02-9.961356223e-02-1.064431965e-01-1.128430068e-01
-1.187765002e-01-1.242065579e-01-1.290949583e-01-1.334019005e-01-1.370856464e-01
-1.401020736e-01-1.424045265e-01-1.439436078e-01-1.446672380e-01-1.445208490e-01
-1.434477270e-01-1.413898170e-01-1.382886022e-01-1.340865195e-01-1.287288070e-01
-1.221657172e-01-1.143553928e-01-1.052672938e-01-9.488615394e-02-8.321648836e-02
-7.028764486e-02-5.615890026e-02-4.092469066e-02-2.471933514e-02-7.721727714e-03
 9.671814740e-03 2.726902813e-02 4.508469999e-02 6.314804405e-02 8.150254190e-02
 1.002087519e-01 1.193491817e-01 1.390351355e-01 1.594164670e-01 1.806955040e-01
 2.031465024e-01 2.271423042e-01 2.531850040e-01 2.819263339e-01 3.127115667e-01
 7.131849229e-02 6.912313402e-02 6.243529916e-02 5.482655764e-02 4.720883071e-02
 3.948801011e-02 3.162002563e-02 2.358060703e-02 1.535371505e-02 6.926736794e-03
-1.711731544e-03-1.057329960e-02-1.957072876e-02-2.864458412e-02-3.773736209e-02
-4.679414630e-02-5.576290935e-02-6.459462643e-02-7.324323058e-02-8.166542649e-02
-8.982034773e-02-9.766922891e-02-1.051749215e-01-1.123013720e-01-1.190130934e-01
-1.252746284e-01-1.310499758e-01-1.363020390e-01-1.409921348e-01-1.450794935e-01
-1.485208571e-01-1.512702107e-01-1.532784104e-01-1.544931829e-01-1.548592448e-01
-1.543183476e-01-1.528099775e-01-1.502721012e-01-1.466422379e-01-1.418591142e-01
-1.358647197e-01-1.286067963e-01-1.200421900e-01-1.101405472e-01-9.888881445e-02
-8.629630506e-02-7.240009308e-02-5.727082491e-02-4.101853818e-02-2.379817888e-02
-5.814726464e-03 1.251272485e-02 3.099463321e-02 4.967097938e-02 6.858745962e-02
 8.780258894e-02 1.073933393e-01 1.274612397e-01 1.481404305e-01 1.696087420e-01
 1.921042651e-01 2.159502506e-01 2.415942401e-01 2.696647048e-01 2.997159958e-01
 6.646697968e-02 6.365932524e-02 5.807146057e-02 5.121904612e-02 4.400062934e-02
 3.651039675e-02 2.877093852e-02 2.078855410e-02 1.256328076e-02 4.092264455e-03
-4.628250375e-03-1.360046957e-02-2.271824330e-02-3.192319721e-02-4.115808010e-02
-5.036791414e-02-5.950056389e-02-6.850698590e-02-7.734118402e-02-8.596009016e-02
-9.432324767e-02-1.023924053e-01-1.101310700e-01-1.175039858e-01-1.244765744e-01
-1.310143769e-01-1.370824575e-01-1.426448077e-01-1.476638615e-01-1.520999372e-01
-1.559107304e-01-1.590510011e-01-1.614722311e-01-1.631224155e-01-1.639460325e-01
-1.638841033e-01-1.628746986e-01-1.608533859e-01-1.577543318e-01-1.535115987e-01
-1.480609775e-01-1.413424313e-01-1.333029568e-01-1.239004135e-01-1.131076515e-01
-1.009176522e-01-8.734903485e-02-7.245193422e-02-5.631396919e-02-3.906556219e-02
-2.088358067e-02-1.991405152e-03 1.701585203e-02 3.614676744e-02 5.542486906e-02
 7.488770783e-02 9.458662570e-02 1.145875752e-01 1.349728107e-01 1.558432579e-01
 1.773216575e-01 1.995577514e-01 2.227413952e-01 2.471606582e-01 2.728136778e-01
 6.307159364e-02 6.003347039e-02 5.451329798e-02 4.794033617e-02 4.097525030e-02
 3.366272524e-02 2.603507787e-02 1.810991019e-02 9.894781746e-03 1.390568214e-03
-7.407086901e-03-1.643760502e-02-2.563284896e-02-3.492945805e-02-4.426783323e-02
-5.359186977e-02-6.284892559e-02-7.198978215e-02-8.096849918e-02-8.974221349e-02
-9.827082604e-02-1.065165848e-01-1.144436076e-01-1.220173612e-01-1.292040944e-01
-1.359702647e-01-1.422819048e-01-1.481040418e-01-1.534001976e-01-1.581316888e-01
-1.622572541e-01-1.657325625e-01-1.685098410e-01-1.705376208e-01-1.717606187e-01
-1.721197367e-01-1.715522707e-01-1.699925065e-01-1.673724353e-01-1.636229753e-01
-1.586756706e-01-1.524648070e-01-1.449302733e-01-1.360210180e-01-1.256992966e-01
-1.139455885e-01-1.007643193e-01-8.619005978e-02-7.029420137e-02-5.319171026e-02
-3.504768759e-02-1.608371548e-02 3.415358951e-03 2.291537076e-02 4.242168367e-02
 6.195219234e-02 8.153020591e-02 1.011807173e-01 1.209265292e-01 1.407819688e-01
 1.607413143e-01 1.807561219e-01 2.006872892e-01 2.202002257e-01 2.385907322e-01
 6.078100950e-02 5.762903392e-02 5.193904787e-02 4.536002129e-02 3.844088316e-02
 3.118704259e-02 2.360785007e-02 1.571034826e-02 7.498022169e-03-1.029252657e-03
-9.874849580e-03-1.895672455e-02-2.821032889e-02-3.757342696e-02-4.698673263e-02
-5.639422312e-02-6.574331224e-02-7.498487830e-02-8.407317847e-02-9.296563268e-02
-1.016224921e-01-1.100064516e-01-1.180821955e-01-1.258158237e-01-1.331743002e-01
-1.401248872e-01-1.466344595e-01-1.526690274e-01-1.581930071e-01-1.631687284e-01
-1.675558984e-01-1.713110805e-01-1.743873656e-01-1.767340004e-01-1.782961488e-01
-1.790149510e-01-1.788275838e-01-1.776677072e-01-1.754661202e-01-1.721518338e-01
-1.676536202e-01-1.619019210e-01-1.548316777e-01-1.463855058e-01-1.365179420e-01
-1.252001822e-01-1.124259159e-01-9.821762145e-02-8.263356984e-02-6.577503681e-02
-4.779352993e-02-2.889766917e-02-9.359317832e-03 1.048093662e-02 3.014228493e-02
 4.964818060e-02 6.900636852e-02 8.821307868e-02 1.072507054e-01 1.260812283e-01
 1.446352005e-01 1.627957523e-01 1.803774834e-01 1.971074790e-01 2.126282901e-01
 5.881873146e-02 5.555594340e-02 4.991684854e-02 4.331216961e-02 3.638745844e-02
 2.914205566e-02 2.157427371e-02 1.368261315e-02 5.465003662e-03-3.081711940e-03
-1.196217723e-02-2.108091861e-02-3.037521616e-02-3.978415951e-02-4.924931005e-02
-5.871518701e-02-6.812958419e-02-7.744368911e-02-8.661203086e-02-9.559233487e-02
-1.043452173e-01-1.128337681e-01-1.210231408e-01-1.288799495e-01-1.363717616e-01
-1.434665322e-01-1.501318514e-01-1.563344896e-01-1.620396823e-01-1.672106534e-01
-1.718079448e-01-1.757889986e-01-1.791076958e-01-1.817140281e-01-1.835537851e-01
-1.845685542e-01-1.846957207e-01-1.838687956e-01-1.820181012e-01-1.790716052e-01
-1.749564111e-01-1.696005762e-01-1.629357636e-01-1.549002826e-01-1.454432607e-01
-1.345292032e-01-1.221438348e-01-1.083002836e-01-9.304606915e-02-7.647012174e-02
-5.870952457e-02-3.995472193e-02-2.045143396e-02-4.957769997e-04 1.921853423e-02
 3.865304962e-02 5.778379738e-02 7.658484578e-02 9.501931816e-02 1.130327210e-01
 1.305467486e-01 1.474536061e-01 1.636123061e-01 1.788504422e-01 1.929751188e-01
 5.738159642e-02 5.404884368e-02 4.833457991e-02 4.170116782e-02 3.476723284e-02
 2.752289176e-02 1.995940134e-02 1.206945255e-02 3.846921027e-03-4.713205621e-03
-1.361400448e-02-2.275329456e-02-3.207078949e-02-4.150690138e-02-5.100396648e-02
-6.050701812e-02-6.996420771e-02-7.932700962e-02-8.855022490e-02-9.759182483e-02
-1.064127088e-01-1.149762794e-01-1.232480407e-01-1.311950386e-01-1.387853026e-01
-1.459872425e-01-1.527690589e-01-1.590981185e-01-1.649403572e-01-1.702596247e-01
-1.750172079e-01-1.791712642e-01-1.826764345e-01-1.854833066e-01-1.875383705e-01
-1.887836754e-01-1.891569793e-01-1.885919869e-01-1.870189011e-01-1.843652725e-01
-1.805572957e-01-1.755217016e-01-1.691880822e-01-1.614920497e-01-1.523790956e-01
-1.418092549e-01-1.297627091e-01-1.162460595e-01-1.012994051e-01-8.500368893e-02
-6.748826802e-02-4.893811047e-02-2.960067242e-02-9.792953730e-03 1.008761302e-02
 2.951107733e-02 4.848001152e-02 6.697776914e-02 8.497144282e-02 1.024120599e-01
 1.192340553e-01 1.353551447e-01 1.506779492e-01 1.650941223e-01 1.784920990e-01
 5.627366155e-02 5.288991332e-02 4.709544778e-02 4.046174511e-02 3.354440629e-02
 2.632064000e-02 1.877508871e-02 1.089627482e-02 2.674572170e-03-5.899604876e-03
-1.479191147e-02-2.393065393e-02-3.325320780e-02-4.269914329e-02-5.221056566e-02
-6.173250079e-02-7.121319324e-02-8.060422540e-02-8.986052871e-02-9.894023836e-02
-1.078044027e-01-1.164166480e-01-1.247426718e-01-1.327497959e-01-1.404063404e-01
-1.476810873e-01-1.545425951e-01-1.609586626e-01-1.668956876e-01-1.723180115e-01
-1.771874726e-01-1.814627349e-01-1.850990057e-01-1.880474389e-01-1.902549863e-01
-1.916641891e-01-1.922132373e-01-1.918360442e-01-1.904629767e-01-1.880214512e-01
-1.844373345e-01-1.796366572e-01-1.735479087e-01-1.661051065e-01-1.572515368e-01
-1.469444036e-01-1.351603270e-01-1.219014823e-01-1.072026938e-01-9.113876522e-02
-7.383190840e-02-5.545867607e-02-3.625554591e-02-1.652200520e-02 3.380992683e-03
 2.275418676e-02 4.159030318e-02 5.987098441e-02 7.756635547e-02 9.463520348e-02
 1.110255197e-01 1.266759336e-01 1.415180713e-01 1.554802358e-01 1.684923172e-01
 5.521353334e-02 5.175632983e-02 4.609005898e-02 3.955020383e-02 3.271351755e-02
 2.555038221e-02 1.804869249e-02 1.020105369e-02 2.000628272e-03-6.559863687e-03
-1.544018555e-02-2.456900291e-02-3.388466313e-02-4.332704470e-02-5.283834785e-02
-6.236362457e-02-7.185113430e-02-8.125247806e-02-9.052260220e-02-9.961967170e-02
-1.085047871e-01-1.171416193e-01-1.254959702e-01-1.335352659e-01-1.412279606e-01
-1.485429704e-01-1.554490924e-01-1.619143188e-01-1.679053158e-01-1.733867228e-01
-1.783206165e-01-1.826660633e-01-1.863785684e-01-1.894096434e-01-1.917066127e-01
-1.932123303e-01-1.938652396e-01-1.935996115e-01-1.923459172e-01-1.900316775e-01
-1.865827143e-01-1.819248050e-01-1.759860069e-01-1.686995625e-01-1.600077599e-01
-1.498663127e-01-1.382498592e-01-1.251581460e-01-1.106228381e-01-9.471483529e-02
-7.755152881e-02-5.930339545e-02-4.019928724e-02-2.052912861e-02-6.431724178e-04
 1.867336035e-02 3.740990907e-02 5.554764718e-02 7.305914164e-02 8.990867436e-02
 1.060530990e-01 1.214434654e-01 1.360272616e-01 1.497513950e-01 1.625657082e-01
 5.424711853e-02 5.060954392e-02 4.531889409e-02 3.907039016e-02 3.236161172e-02
 2.527435683e-02 1.782599464e-02 1.001953147e-02 1.852583140e-03-6.679966114e-03
-1.553628314e-02-2.464419976e-02-3.394178301e-02-4.336873069e-02-5.286710709e-02
-6.238185614e-02-7.186111808e-02-8.125641942e-02-9.052259475e-02-9.961773455e-02
-1.085028350e-01-1.171415225e-01-1.254995316e-01-1.335442066e-01-1.412439942e-01
-1.485678107e-01-1.554844230e-01-1.619618535e-01-1.679667830e-01-1.734639108e-01
-1.784154177e-01-1.827804297e-01-1.865145564e-01-1.895694435e-01-1.918925345e-01
-1.934268624e-01-1.941110343e-01-1.938794553e-01-1.926627457e-01-1.903886199e-01
-1.869830042e-01-1.823717803e-01-1.764830351e-01-1.692500412e-01-1.606149375e-01
-1.505332589e-01-1.389792562e-01-1.259521544e-01-1.114828587e-01-9.564122558e-02
-7.854329795e-02-6.035783142e-02-4.131146520e-02-2.169146575e-02-1.844961080e-03
 1.741912402e-02 3.609009087e-02 5.414960533e-02 7.157150656e-02 8.832222223e-02
 1.043617651e-01 1.196454018e-01 1.341257542e-01 1.477555931e-01 1.604908407e-01
 5.475894362e-02 5.126238614e-02 4.571355134e-02 3.933304548e-02 3.262091428e-02
 2.556081302e-02 1.814808697e-02 1.037972234e-02 2.251531463e-03-6.242775358e-03
-1.506562717e-02-2.414344996e-02-3.341308981e-02-4.281374067e-02-5.228720605e-02
-6.177823246e-02-7.123478502e-02-8.060818911e-02-8.985309303e-02-9.892737865e-02
-1.077918708e-01-1.164099723e-01-1.247472018e-01-1.327707469e-01-1.404488087e-01
-1.477501094e-01-1.546432376e-01-1.610960364e-01-1.670749635e-01-1.725445688e-01
-1.774668694e-01-1.818008423e-01-1.855019331e-01-1.885217130e-01-1.908075660e-01
-1.923024356e-01-1.929449290e-01-1.926695257e-01-1.914069504e-01-1.890851110e-01
-1.856302172e-01-1.809685528e-01-1.750287116e-01-1.677446216e-01-1.590592563e-01
-1.489291042e-01-1.373296678e-01-1.242615134e-01-1.097572148e-01-9.388856590e-02
-7.677392662e-02-5.858492106e-02-3.955179825e-02-1.996623352e-02-1.797968289e-04
 1.903624088e-02 3.767360002e-02 5.571492761e-02 7.313366979e-02 8.989465982e-02
 1.059552431e-01 1.212669238e-01 1.357777119e-01 1.494350433e-01 1.621893346e-01
 5.548943579e-02 5.205045640e-02 4.653266817e-02 4.014701396e-02 3.343853354e-02
 2.639697492e-02 1.901409030e-02 1.128424332e-02 3.203175031e-03-5.232485011e-03
-1.402443554e-02-2.306712978e-02-3.230020404e-02-4.166387022e-02-5.110020190e-02
-6.055388600e-02-6.997270882e-02-7.930774242e-02-8.851338923e-02-9.754721075e-02
-1.063697413e-01-1.149440557e-01-1.232353523e-01-1.312104613e-01-1.388372183e-01
-1.460840106e-01-1.529190242e-01-1.593096852e-01-1.652220786e-01-1.706203818e-01
-1.754661798e-01-1.797181070e-01-1.833312511e-01-1.862568259e-01-1.884419620e-01
-1.898293942e-01-1.903575957e-01-1.899610013e-01-1.885704696e-01-1.861141920e-01
-1.825188696e-01-1.777115166e-01-1.716217995e-01-1.641850173e-01-1.553459466e-01
-1.450633407e-01-1.333153546e-01-1.201058552e-01-1.054712012e-01-8.948761225e-02
-7.227859646e-02-5.402208865e-02-3.495678306e-02-1.538781170e-02 4.307148047e-03
 2.347133122e-02 4.210400581e-02 6.018893421e-02 7.769696414e-02 9.458728880e-02
 1.108084545e-01 1.262998730e-01 1.409942359e-01 1.548210382e-01 1.677115262e-01
 5.670645833e-02 5.335148424e-02 4.778458178e-02 4.143476486e-02 3.475883976e-02
 2.774840593e-02 2.039920539e-02 1.270806696e-02 4.672092386e-03-3.712065052e-03
-1.244889945e-02-2.143971808e-02-3.062207252e-02-3.993500024e-02-4.931982607e-02
-5.872071534e-02-6.808501482e-02-7.736343890e-02-8.651000261e-02-9.548190981e-02
-1.042392924e-01-1.127448156e-01-1.209632307e-01-1.288608909e-01-1.364051402e-01
-1.435638070e-01-1.503045261e-01-1.565941572e-01-1.623982191e-01-1.676802784e-01
-1.724013388e-01-1.765194237e-01-1.799890995e-01-1.827611029e-01-1.847821176e-01
-1.859945357e-01-1.863366961e-01-1.857430041e-01-1.841445267e-01-1.814699471e-01
-1.776468158e-01-1.726034284e-01-1.662712097e-01-1.585877240e-01-1.495007277e-01
-1.389725953e-01-1.269859076e-01-1.135496050e-01-9.870576859e-02-8.253680170e-02
-6.517235190e-02-4.679545015e-02-2.764673531e-02-8.024678566e-03 1.147152670e-02
 3.055451252e-02 4.920863360e-02 6.740922481e-02 8.511991799e-02 1.022905409e-01
 1.188556701e-01 1.347341239e-01 1.498303413e-01 1.640383601e-01 1.772492528e-01
 5.818161368e-02 5.491304398e-02 4.951568693e-02 4.322333634e-02 3.658645600e-02
 2.960715070e-02 2.228809893e-02 1.463182271e-02 6.639447995e-03-1.690062927e-03
-1.036042906e-02-1.928758062e-02-2.840630710e-02-3.765408695e-02-4.697135091e-02
-5.630169064e-02-6.559205800e-02-7.479277998e-02-8.385752141e-02-9.274311364e-02
-1.014092416e-01-1.098180711e-01-1.179338545e-01-1.257223338e-01-1.331502497e-01
-1.401847303e-01-1.467927396e-01-1.529403776e-01-1.585924029e-01-1.637115777e-01
-1.682581902e-01-1.721895635e-01-1.754595339e-01-1.780182719e-01-1.798119247e-01
-1.807826161e-01-1.808685362e-01-1.800042540e-01-1.781213284e-01-1.751493216e-01
-1.710172445e-01-1.656553745e-01-1.589978635e-01-1.509858966e-01-1.415716112e-01
-1.307228506e-01-1.184286326e-01-1.047053188e-01-8.960334957e-02-7.321418822e-02
-5.567713082e-02-3.718562424e-02-1.799290441e-02 1.581980148e-03 2.088993415e-02
 3.991874307e-02 5.865279585e-02 7.706843317e-02 9.512928873e-02 1.127813756e-01
 1.299475431e-01 1.465221345e-01 1.623675376e-01 1.773158014e-01 1.911793053e-01
 6.027593464e-02 5.713333935e-02 5.182003975e-02 4.557204992e-02 3.895202279e-02
 3.197741508e-02 2.466464601e-02 1.702606678e-02 9.068949148e-03 7.958625793e-04
-7.794837002e-03-1.665272750e-02-2.569634467e-02-3.486330807e-02-4.409421235e-02
-5.333274603e-02-6.252583116e-02-7.162369043e-02-8.057975024e-02-8.935050666e-02
-9.789523482e-02-1.061755866e-01-1.141552180e-01-1.217992157e-01-1.290735602e-01
-1.359446198e-01-1.423784643e-01-1.483403593e-01-1.537941396e-01-1.587017179e-01
-1.630224884e-01-1.667128801e-01-1.697261035e-01-1.720116436e-01-1.735152304e-01
-1.741788089e-01-1.739406586e-01-1.727358401e-01-1.704968959e-01-1.671549827e-01
-1.626413763e-01-1.568894982e-01-1.498375833e-01-1.414319873e-01-1.316312253e-01
-1.204108298e-01-1.077687442e-01-9.373155236e-02-7.836088538e-02-6.175993383e-02
-4.407918453e-02-2.552044578e-02-6.337156519e-03 1.294249669e-02 3.208231553e-02
 5.108810589e-02 6.996048242e-02 8.869247139e-02 1.072650105e-01 1.256397069e-01
 1.437480748e-01 1.614756733e-01 1.786420047e-01 1.949819028e-01 2.101484537e-01
 6.315682828e-02 6.019212306e-02 5.485482514e-02 4.858532920e-02 4.189484566e-02
 3.484699875e-02 2.748384885e-02 1.982729137e-02 1.188750565e-02 3.668084042e-03
-4.830856808e-03-1.360990666e-02-2.256115153e-02-3.162551299e-02-4.074521735e-02
-4.986478388e-02-5.893152952e-02-6.789577007e-02-7.671086490e-02-8.533304930e-02
-9.372118860e-02-1.018364280e-01-1.096417755e-01-1.171015650e-01-1.241809875e-01
-1.308454871e-01-1.370601952e-01-1.427894086e-01-1.479959637e-01-1.526407599e-01
-1.566822827e-01-1.600761712e-01-1.627748460e-01-1.647273600e-01-1.658791453e-01
-1.661722660e-01-1.655454934e-01-1.639350057e-01-1.612750888e-01-1.574994326e-01
-1.525427997e-01-1.463432312e-01-1.388448030e-01-1.300011277e-01-1.197795123e-01
-1.081657857e-01-9.516988695e-02-8.083191514e-02-6.522856653e-02-4.847957939e-02
-3.075396642e-02-1.227563899e-02 6.671099924e-03 2.559970506e-02 4.453343898e-02
 6.349579990e-02 8.251114935e-02 1.016037911e-01 1.207952350e-01 1.400984824e-01
 1.595070064e-01 1.789728403e-01 1.983603090e-01 2.173445076e-01 2.352430224e-01
 6.729434431e-02 6.476855278e-02 5.917571485e-02 5.240460485e-02 4.537320137e-02
 3.810870647e-02 3.061996773e-02 2.290773205e-02 1.496890374e-02 6.798034534e-03
-1.612259075e-03-1.027155109e-02-1.909546927e-02-2.802361548e-02-3.699808568e-02
-4.596361518e-02-5.486772954e-02-6.366085261e-02-7.229627669e-02-8.073000610e-02
-8.892053366e-02-9.682846069e-02-1.044161022e-01-1.116470248e-01-1.184855253e-01
-1.248960644e-01-1.308427751e-01-1.362888813e-01-1.411961764e-01-1.455245912e-01
-1.492316723e-01-1.522722989e-01-1.545983553e-01-1.561585665e-01-1.568985283e-01
-1.567608416e-01-1.556854695e-01-1.536104679e-01-1.504729539e-01-1.462104619e-01
-1.407628208e-01-1.340745538e-01-1.260977834e-01-1.167958304e-01-1.061475128e-01
-9.415195882e-02-8.083404601e-02-6.625024974e-02-5.049458146e-02-3.370431066e-02
-1.606483571e-02 2.186935861e-03 2.054883167e-02 3.903394192e-02 5.766897649e-02
 7.649242878e-02 9.555480629e-02 1.149199679e-01 1.346670538e-01 1.548929811e-01
 1.757156253e-01 1.972787976e-01 2.197651267e-01 2.434521317e-01 2.683367729e-01
 7.200291753e-02 7.005086541e-02 6.385342777e-02 5.638453364e-02 4.894438386e-02
 4.144266993e-02 3.382815421e-02 2.607087791e-02 1.815076359e-02 1.005218923e-02
 1.761283260e-03-6.735759322e-03-1.539705135e-02-2.415021509e-02-3.293856233e-02
-4.170764238e-02-5.040550977e-02-5.898286402e-02-6.739303470e-02-7.559186220e-02
-8.353747427e-02-9.118993580e-02-9.851087630e-02-1.054630429e-01-1.120097786e-01
-1.181145534e-01-1.237404346e-01-1.288495958e-01-1.334027946e-01-1.373589933e-01
-1.406749785e-01-1.433050334e-01-1.452007294e-01-1.463109404e-01-1.465818584e-01
-1.459573209e-01-1.443793774e-01-1.417891085e-01-1.381277144e-01-1.333382428e-01
-1.273675710e-01-1.201689392e-01-1.117050573e-01-1.019518971e-01-9.090283513e-02
-7.857352495e-02-6.500695646e-02-5.027895048e-02-3.450338542e-02-1.783701219e-02
-4.829943646e-04 1.705111191e-02 3.477878124e-02 5.272397399e-02 7.092390209e-02
 8.943165839e-02 1.083197221e-01 1.276850700e-01 1.476564407e-01 1.684049517e-01
 1.901599914e-01 2.132332325e-01 2.380564809e-01 2.652363479e-01 2.943399549e-01
 7.515649498e-02 7.345813513e-02 6.715371460e-02 5.959485471e-02 5.204932392e-02
 4.447287321e-02 3.683176637e-02 2.909882367e-02 2.125248313e-02 1.327515021e-02
 5.151850637e-03-3.130479250e-03-1.158268750e-02-2.011272311e-02-2.866553888e-02
-3.718776628e-02-4.562816024e-02-5.393782258e-02-6.207021698e-02-6.998106837e-02
-7.762818784e-02-8.497112989e-02-9.197083116e-02-9.858921915e-02-1.047887057e-01
-1.105317622e-01-1.157804281e-01-1.204958260e-01-1.246378198e-01-1.281645447e-01
-1.310321987e-01-1.331947744e-01-1.346039772e-01-1.352093220e-01-1.349583268e-01
-1.337969899e-01-1.316704750e-01-1.285242289e-01-1.243052483e-01-1.189639866e-01
-1.124565452e-01-1.047474742e-01-9.581300616e-02-8.564486355e-02-7.425442338e-02
-6.167723238e-02-4.797768593e-02-3.325352445e-02-1.764075458e-02-1.317468472e-03
 1.522579510e-02 3.199541569e-02 4.900633916e-02 6.628429890e-02 8.386861533e-02
 1.018156707e-01 1.202036440e-01 1.391390562e-01 1.587659866e-01 1.792793870e-01
 2.009438872e-01 2.241193056e-01 2.492902130e-01 2.770853341e-01 3.068685830e-01
 7.700179517e-02 7.545262575e-02 6.947125494e-02 6.200788915e-02 5.452322215e-02
 4.700855166e-02 3.944668174e-02 3.182080016e-02 2.411537245e-02 1.631611027e-02
 8.409539238e-03 3.823925508e-04-7.779318374e-03-1.602840982e-02-2.428799868e-02
-3.250538558e-02-4.062995687e-02-4.861323535e-02-5.640886724e-02-6.397255510e-02
-7.126183808e-02-7.823579013e-02-8.485475183e-02-9.107984602e-02-9.687262774e-02
-1.021946222e-01-1.070069224e-01-1.112697795e-01-1.149422824e-01-1.179820150e-01
-1.203449219e-01-1.219851226e-01-1.228550151e-01-1.229054704e-01-1.220861897e-01
-1.203463897e-01-1.176356971e-01-1.139054373e-01-1.091102138e-01-1.032099724e-01
-9.617248178e-02-8.797627687e-02-7.861405611e-02-6.809656322e-02-5.645664409e-02
-4.375357926e-02-3.007647768e-02-1.554566994e-02-3.196563339e-04 1.515156962e-02
 3.086419590e-02 4.682007059e-02 6.302836537e-02 7.950751483e-02 9.628752619e-02
 1.134129018e-01 1.309463531e-01 1.489738524e-01 1.676115096e-01 1.870155632e-01
 2.073976994e-01 2.290508449e-01 2.523994148e-01 2.781128287e-01 3.049953580e-01
 7.831116021e-02 7.694040239e-02 7.102929056e-02 6.370221078e-02 5.635733157e-02
 4.898505285e-02 4.157690331e-02 3.412468359e-02 2.662006766e-02 1.905420795e-02
 1.141759194e-02 3.700129222e-03-4.108341411e-03-1.201667264e-02-1.992040128e-02
-2.776938304e-02-3.551417217e-02-4.310690612e-02-5.050154775e-02-5.765387416e-02
-6.452126801e-02-7.106247544e-02-7.723731548e-02-8.300625533e-02-8.833010495e-02
-9.316959977e-02-9.748508781e-02-1.012361646e-01-1.043814197e-01-1.068782657e-01
-1.086828411e-01-1.097499877e-01-1.100335047e-01-1.094864607e-01-1.080617756e-01
-1.057131141e-01-1.023959890e-01-9.806926548e-02-9.269703925e-02-8.625088632e-02
-7.871253788e-02-7.007700950e-02-6.035603210e-02-4.958195984e-02-3.781208396e-02
-2.513440326e-02-1.167377271e-02 2.438866999e-03 1.682020724e-02 3.145643696e-02
 4.633565247e-02 6.144970655e-02 7.679561526e-02 9.237685800e-02 1.082046628e-01
 1.242995039e-01 1.406924427e-01 1.574265957e-01 1.745584309e-01 1.921582222e-01
 2.103093863e-01 2.291040421e-01 2.486270964e-01 2.688761353e-01 2.888087630e-01
 7.886633277e-02 7.764802873e-02 7.185046375e-02 6.471212208e-02 5.755841732e-02
 5.037537590e-02 4.316437989e-02 3.592842445e-02 2.866796032e-02 2.138004452e-02
 1.405866444e-02 6.695189513e-03-7.215316873e-04-8.206001483e-03-1.568206772e-02
-2.309405804e-02-3.039117903e-02-3.752554953e-02-4.445144534e-02-5.112486333e-02
-5.750327557e-02-6.354530156e-02-6.921043992e-02-7.445874810e-02-7.925049961e-02
-8.354592323e-02-8.730486780e-02-9.048663080e-02-9.304974973e-02-9.495195746e-02
-9.615017474e-02-9.660071880e-02-9.625960886e-02-9.508314729e-02-9.302863479e-02
-9.005549550e-02-8.612661064e-02-8.121004701e-02-7.528118044e-02-6.832517684e-02
-6.033981219e-02-5.133858323e-02-4.135376215e-02-3.043974191e-02-1.867295802e-02
-6.162017584e-03 6.813817658e-03 2.011565119e-02 3.370563313e-02 4.755294695e-02
 6.163118035e-02 7.591745257e-02 9.039229155e-02 1.050397903e-01 1.198477447e-01
 1.348076463e-01 1.499140859e-01 1.651630402e-01 1.805486828e-01 1.960566044e-01
 2.116518915e-01 2.272565216e-01 2.427076399e-01 2.576761544e-01 2.715208530e-01
 7.839100063e-02 7.721772790e-02 7.189517468e-02 6.509548426e-02 5.816437304e-02
 5.116856843e-02 4.415591806e-02 3.714988753e-02 3.015947342e-02 2.318524383e-02
 1.622265391e-02 9.264046326e-03 2.300099470e-03-4.678590689e-03-1.167865843e-02
-1.859230921e-02-2.537528425e-02-3.198285773e-02-3.837100789e-02-4.449674860e-02
-5.031809956e-02-5.579395592e-02-6.088384986e-02-6.554772705e-02-6.974569708e-02
-7.343781739e-02-7.658389211e-02-7.914337516e-02-8.107530326e-02-8.233837038e-02
-8.289107680e-02-8.269205689e-02-8.170060813e-02-7.987737656e-02-7.718531042e-02
-7.359096408e-02-6.906597316e-02-6.358906627e-02-5.714840442e-02-4.974436760e-02
-4.139255732e-02-3.212736174e-02-2.200356871e-02-1.111078449e-02 4.795781570e-04
 1.243418641e-02 2.474615537e-02 3.737786412e-02 5.029068142e-02 6.344637275e-02
 7.680732012e-02 9.033647180e-02 1.039973721e-01 1.177540720e-01 1.315709949e-01
 1.454124004e-01 1.592411995e-01 1.730167866e-01 1.866910011e-01 2.002018690e-01
 2.134637833e-01 2.263541073e-01 2.386964262e-01 2.502474487e-01 2.607041299e-01
 7.860238850e-02 7.792864740e-02 7.231565565e-02 6.524669379e-02 5.825070292e-02
 5.131042004e-02 4.444571584e-02 3.766383231e-02 3.096349537e-02 2.433823794e-02
 1.777845249e-02 1.127260365e-02 4.807860125e-03-1.629884355e-03-8.057160303e-03
-1.439328771e-02-2.058914676e-02-2.659931779e-02-3.238040209e-02-3.789029643e-02
-4.308783263e-02-4.793252051e-02-5.238432437e-02-5.640351027e-02-5.995044857e-02
-6.298551708e-02-6.546900421e-02-6.736113131e-02-6.862213463e-02-6.921245158e-02
-6.909308583e-02-6.822605431e-02-6.657506526e-02-6.410640478e-02-6.079003960e-02
-5.660098419e-02-5.152095109e-02-4.554013163e-02-3.866007179e-02-3.089704365e-02
-2.228349820e-02-1.288096234e-02-2.726857550e-03 7.858011872e-03 1.889137924e-02
 3.032346070e-02 4.211308807e-02 5.421791226e-02 6.659367681e-02 7.919398695e-02
 9.197011590e-02 1.048709899e-01 1.178432107e-01 1.308312416e-01 1.437775493e-01
 1.566227674e-01 1.693053842e-01 1.817609072e-01 1.939199716e-01 2.057055235e-01
 2.170287967e-01 2.277851552e-01 2.378512621e-01 2.470866740e-01 2.553429008e-01
 7.816903293e-02 7.790187746e-02 7.210686803e-02 6.460087001e-02 5.742147565e-02
 5.049861968e-02 4.378925264e-02 3.726486489e-02 3.090287372e-02 2.468317933e-02
 1.858709753e-02 1.259714644e-02 6.697119214e-03 8.723422652e-04-4.889618605e-03
-1.059688628e-02-1.614439115e-02-2.149256133e-02-2.660151199e-02-3.143145144e-02
-3.594284877e-02-4.009644687e-02-4.385321960e-02-4.717427492e-02-5.002081022e-02
-5.235410482e-02-5.413557217e-02-5.532690138e-02-5.589032918e-02-5.578899756e-02
-5.498743802e-02-5.345223099e-02-5.115284771e-02-4.806265235e-02-4.415995628e-02
-3.942995518e-02-3.386648744e-02-2.747014537e-02-2.025412023e-02-1.225561649e-02
-3.488819115e-03 5.761163309e-03 1.552018337e-02 2.574807778e-02 3.641345352e-02
 4.747913033e-02 5.890455842e-02 7.064531744e-02 8.265247941e-02 9.487199783e-02
 1.072443128e-01 1.197040230e-01 1.321801245e-01 1.445965469e-01 1.568732709e-01
 1.689277887e-01 1.806768477e-01 1.920380741e-01 2.029312253e-01 2.132785916e-01
 2.230049968e-01 2.320371270e-01 2.403037250e-01 2.477366626e-01 2.542745769e-01
 7.541008294e-02 7.523053885e-02 6.956274807e-02 6.210901588e-02 5.502600968e-02
 4.829060659e-02 4.186289012e-02 3.570414335e-02 2.977904119e-02 2.405624092e-02
 1.850838959e-02 1.311187632e-02 7.846436463e-03 2.694639377e-03-2.358803293e-03
-7.328270003e-03-1.215835288e-02-1.677991077e-02-2.115542255e-02-2.524706721e-02
-2.901708707e-02-3.242787719e-02-3.544192016e-02-3.802179545e-02-4.013015330e-02
-4.172981530e-02-4.278399050e-02-4.325658828e-02-4.311269522e-02-4.231914878e-02
-4.084516689e-02-3.866304085e-02-3.574948013e-02-3.208693862e-02-2.766197920e-02
-2.247126773e-02-1.653543860e-02-9.853705764e-03-2.419659868e-03 5.534113385e-03
 1.403737441e-02 2.306067944e-02 3.258347511e-02 4.257997870e-02 5.302132666e-02
 6.387436390e-02 7.510086894e-02 8.665660024e-02 9.849002957e-02 1.105411500e-01
 1.227402389e-01 1.350071281e-01 1.472509950e-01 1.593712270e-01 1.712596714e-01
 1.828041673e-01 1.938936114e-01 2.044233084e-01 2.143003643e-01 2.234477401e-01
 2.318066508e-01 2.393369824e-01 2.460159957e-01 2.518360019e-01 2.568019032e-01
 7.072992623e-02 7.063082606e-02 6.478396058e-02 5.750024319e-02 5.071201175e-02
 4.436235130e-02 3.839925304e-02 3.276978433e-02 2.742556855e-02 2.232507244e-02
 1.743395813e-02 1.272452064e-02 8.174731396e-03 3.767277114e-03-5.113524385e-04
-4.671612289e-03-8.721322753e-03-1.256048121e-02-1.615104824e-02-1.945633441e-02
-2.244058996e-02-2.506849915e-02-2.730488032e-02-2.911454812e-02-3.046235442e-02
-3.131334111e-02-3.163309395e-02-3.138831258e-02-3.054761514e-02-2.908263355e-02
-2.696882561e-02-2.418400347e-02-2.071286738e-02-1.655861363e-02-1.170163602e-02
-6.108463276e-03 6.331538316e-06 6.693789735e-03 1.396370865e-02 2.178805508e-02
 3.015214950e-02 3.903973103e-02 4.843394831e-02 5.831574649e-02 6.866289675e-02
 7.944881916e-02 9.064111114e-02 1.021997929e-01 1.140751764e-01 1.262053549e-01
 1.385134757e-01 1.509052515e-01 1.632671356e-01 1.754660904e-01 1.873525083e-01
 1.987665296e-01 2.095485330e-01 2.195520848e-01 2.286567986e-01 2.367785126e-01
 2.438746840e-01 2.499445528e-01 2.550239563e-01 2.591760159e-01 2.624797523e-01
 6.307549775e-02 6.281747669e-02 5.735020339e-02 5.044453591e-02 4.418321326e-02
 3.847412020e-02 3.321931139e-02 2.833491191e-02 2.375449426e-02 1.942756400e-02
 1.531661581e-02 1.139430515e-02 7.641102187e-03 4.043542780e-03 5.929473555e-04
-2.715434879e-03-5.882924423e-03-8.907575160e-03-1.167911477e-02-1.416429505e-02
-1.633197069e-02-1.815113798e-02-1.959042251e-02-2.061803639e-02-2.120192908e-02
-2.131001092e-02-2.091053501e-02-1.997274905e-02-1.846829057e-02-1.637444645e-02
-1.368241012e-02-1.036434993e-02-6.377636455e-03-1.897413749e-03 3.128255717e-03
 8.717698976e-03 1.485441253e-02 2.153748274e-02 2.876592055e-02 3.653431684e-02
 4.483677074e-02 5.366667733e-02 6.301653385e-02 7.287728786e-02 8.323745430e-02
 9.408185631e-02 1.053899080e-01 1.171332747e-01 1.292726994e-01 1.417538524e-01
 1.545020491e-01 1.674158275e-01 1.803602278e-01 1.931611598e-01 2.056043148e-01
 2.174433172e-01 2.284207642e-01 2.382996082e-01 2.468950748e-01 2.540975213e-01
 2.598825097e-01 2.643095553e-01 2.675100565e-01 2.696636021e-01 2.709658146e-01
 5.224903673e-02 5.169256032e-02 4.653548449e-02 4.038587213e-02 3.511766344e-02
 3.047625721e-02 2.628038451e-02 2.241491526e-02 1.880747452e-02 1.541232690e-02
 1.220061071e-02 9.154550731e-03 6.263962947e-03 3.524143714e-03 9.345996659e-04
-1.501698163e-03-3.778762184e-03-5.888014566e-03-7.819222286e-03-9.459727444e-03
-1.079103444e-02-1.178942434e-02-1.242874935e-02-1.268168911e-02-1.252033189e-02
-1.191638596e-02-1.084106974e-02-9.264400229e-03-7.153135724e-03-4.465364851e-03
-1.328312210e-03 2.302342094e-03 6.445811130e-03 1.109275967e-02 1.624806784e-02
 2.191736735e-02 2.810308151e-02 3.480831534e-02 4.203651845e-02 4.979097843e-02
 5.807516724e-02 6.689283252e-02 7.624798268e-02 8.614458144e-02 9.658604860e-02
 1.075743288e-01 1.191084832e-01 1.311824322e-01 1.437814236e-01 1.568768620e-01
 1.704184115e-01 1.843223572e-01 1.984550953e-01 2.126108408e-01 2.264870107e-01
 2.396730930e-01 2.516868114e-01 2.620722055e-01 2.704999447e-01 2.768071294e-01
 2.809958458e-01 2.832283974e-01 2.838211954e-01 2.832017243e-01 2.818069458e-01
 3.634246066e-02 3.485478088e-02 3.067930043e-02 2.671891451e-02 2.348359860e-02
 2.057069167e-02 1.785202697e-02 1.527542900e-02 1.281883009e-02 1.047431491e-02
 8.241420612e-03 6.123991683e-03 4.128623754e-03 2.263946692e-03 5.403985269e-04
-1.029611100e-03-2.431144239e-03-3.645574208e-03-4.648254719e-03-5.403573159e-03
-5.883216858e-03-6.061855704e-03-5.915525369e-03-5.421076901e-03-4.556064028e-03
-3.298852826e-03-1.628936734e-03 4.723772581e-04 3.020417644e-03 6.023388356e-03
 9.472845122e-03 1.337344572e-02 1.773162745e-02 2.255198732e-02 2.784047276e-02
 3.360401839e-02 3.985012323e-02 4.658722132e-02 5.382487923e-02 6.157396361e-02
 6.984688342e-02 7.865791023e-02 8.802340925e-02 9.796209633e-02 1.084952354e-01
 1.196466014e-01 1.314422190e-01 1.439095438e-01 1.570754647e-01 1.709629297e-01
 1.855841279e-01 2.009286880e-01 2.169424295e-01 2.334876657e-01 2.502619028e-01
 2.666202486e-01 2.813882828e-01 2.934004366e-01 3.021287024e-01 3.074368536e-01
 3.093739748e-01 3.081770241e-01 3.044287264e-01 2.992748022e-01 2.939219475e-01
 1.451884490e-02 1.041232608e-02 1.054082438e-02 1.102893800e-02 1.062750071e-02
 9.786145762e-03 8.706359193e-03 7.497022860e-03 6.227172911e-03 4.945758730e-03
 3.690267447e-03 2.491053892e-03 1.373816049e-03 3.612145083e-04-5.259348545e-04
-1.267684274e-03-1.844091690e-03-2.234446816e-03-2.416689880e-03-2.367489971e-03
-2.064472297e-03-1.486621564e-03-6.142343627e-04 5.711700651e-04 2.086871769e-03
 3.948876169e-03 6.171718240e-03 8.768122643e-03 1.174849365e-02 1.512038708e-02
 1.888864115e-02 2.305885404e-02 2.763751522e-02 3.263185918e-02 3.805027902e-02
 4.390255734e-02 5.020002648e-02 5.695580319e-02 6.418508291e-02 7.190546393e-02
 8.013738692e-02 8.890469372e-02 9.823530912e-02 1.081621423e-01 1.187241673e-01
 1.299678236e-01 1.419486403e-01 1.547331810e-01 1.684012413e-01 1.830477417e-01
 1.987841129e-01 2.157378793e-01 2.340493798e-01 2.538670003e-01 2.753551900e-01
 2.988055944e-01 3.198478818e-01 3.344025612e-01 3.434779644e-01 3.475999832e-01
 3.463145196e-01 3.400369287e-01 3.280934095e-01 3.144889176e-01 3.042253256e-01
-5.831470480e-04-5.526421592e-03-4.444841295e-03-2.279815963e-03-1.001239056e-03
-3.546503140e-04-1.396671869e-04-2.091384958e-04-4.552134778e-04-7.972368039e-04
-1.173389377e-03-1.535102492e-03-1.843235223e-03-2.065365668e-03-2.173812594e-03
-2.144167200e-03-1.954208128e-03-1.583139878e-03-1.011148095e-03-2.193163382e-04
 8.101016865e-04 2.093512798e-03 3.645929508e-03 5.480980966e-03 7.610942237e-03
 1.004677080e-02 1.279812958e-02 1.587342471e-02 1.927987300e-02 2.302372456e-02
 2.711074799e-02 3.154709190e-02 3.633985668e-02 4.149748385e-02 4.703013226e-02
 5.294995755e-02 5.927138031e-02 6.601133198e-02 7.318956405e-02 8.082903922e-02
 8.895647526e-02 9.760299325e-02 1.068052277e-01 1.166066080e-01 1.270593107e-01
 1.382268369e-01 1.501876563e-01 1.630401015e-01 1.769093573e-01 1.919570267e-01
 2.083940208e-01 2.264972180e-01 2.466277182e-01 2.692463696e-01 2.949225605e-01
 3.223334849e-01 3.433849812e-01 3.579087555e-01 3.662658930e-01 3.681905866e-01
 3.638698161e-01 3.523719311e-01 3.348982632e-01 3.198849559e-01 3.078641295e-01
-1.088361256e-02-1.624352857e-02-1.494695805e-02-1.233697310e-02-1.040316373e-02
-9.011574090e-03-8.032095619e-03-7.346327417e-03-6.853751838e-03-6.472156849e-03
-6.135470234e-03-5.790799856e-03-5.395514425e-03-4.914742894e-03-4.319366533e-03
-3.584514605e-03-2.688488923e-03-1.612047083e-03-3.379742848e-04 1.149121439e-03
 2.862869063e-03 4.815154709e-03 7.016166113e-03 9.474465623e-03 1.219711732e-02
 1.518984046e-02 1.845722832e-02 2.200300992e-02 2.583040670e-02 2.994256839e-02
 3.434312344e-02 3.903678805e-02 4.402992874e-02 4.933103919e-02 5.495110527e-02
 6.090388820e-02 6.720611453e-02 7.387764752e-02 8.094164729e-02 8.842480183e-02
 9.635777771e-02 1.047758162e-01 1.137197465e-01 1.232373714e-01 1.333855540e-01
 1.442331672e-01 1.558653116e-01 1.683894396e-01 1.819445491e-01 1.967152059e-01
 2.129538953e-01 2.310174853e-01 2.514261007e-01 2.749363780e-01 3.023479283e-01
 3.266054392e-01 3.449684680e-01 3.574668765e-01 3.639229536e-01 3.643027544e-01
 3.575467765e-01 3.430739641e-01 3.273967505e-01 3.143541813e-01 3.034326434e-01
-1.752961427e-02-2.317235619e-02-2.232839540e-02-1.976674795e-02-1.772927865e-02
-1.612349972e-02-1.484021358e-02-1.377745625e-02-1.284754463e-02-1.197879761e-02
-1.111412793e-02-1.020833105e-02-9.225231595e-03-8.135240525e-03-6.913531572e-03
-5.538815632e-03-3.992609214e-03-2.258849796e-03-3.237467608e-04 1.824256731e-03
 4.194482695e-03 6.794041023e-03 9.627906606e-03 1.269905642e-02 1.600867882e-02
 1.955644041e-02 2.334084921e-02 2.735968865e-02 3.161057457e-02 3.609162569e-02
 4.080217704e-02 4.574357718e-02 5.091988295e-02 5.633842945e-02 6.201021373e-02
 6.795009971e-02 7.417678833e-02 8.071266860e-02 8.758366108e-02 9.481902421e-02
 1.024513915e-01 1.105170101e-01 1.190562844e-01 1.281147003e-01 1.377442777e-01
 1.480056345e-01 1.589707434e-01 1.707270145e-01 1.833828986e-01 1.970763505e-01
 2.119877934e-01 2.283626050e-01 2.465564758e-01 2.671707869e-01 2.891601324e-01
 3.076655567e-01 3.219312429e-01 3.317054510e-01 3.368933201e-01 3.367643356e-01
 3.310611546e-01 3.204302192e-01 3.102485538e-01 3.009877801e-01 2.926801443e-01
-2.181602456e-02-2.784342319e-02-2.721729130e-02-2.504264191e-02-2.334799245e-02
-2.197435126e-02-2.078522742e-02-1.967518963e-02-1.856902614e-02-1.741514169e-02
-1.617808081e-02-1.483228803e-02-1.335768215e-02-1.173692383e-02-9.954051115e-03
-7.994060405e-03-5.843084306e-03-3.488859162e-03-9.212390287e-04 1.867371495e-03
 4.881761037e-03 8.123840205e-03 1.159273554e-02 1.528499648e-02 1.919488795e-02
 2.331472933e-02 2.763533220e-02 3.214656562e-02 3.683810309e-02 4.170039669e-02
 4.672582448e-02 5.190990493e-02 5.725245178e-02 6.275843084e-02 6.843846291e-02
 7.430879772e-02 8.039090037e-02 8.671069145e-02 9.329757839e-02 1.001836360e-01
 1.074028537e-01 1.149907112e-01 1.229841337e-01 1.314215958e-01 1.403435618e-01
 1.497930288e-01 1.598159373e-01 1.704613864e-01 1.817808002e-01 1.938252896e-01
 2.066379935e-01 2.202353477e-01 2.345609963e-01 2.493822426e-01 2.639957666e-01
 2.769346833e-01 2.873958647e-01 2.949719429e-01 2.993994951e-01 3.005420566e-01
 2.985072732e-01 2.943587303e-01 2.892650962e-01 2.838243842e-01 2.783926129e-01
-2.298598364e-02-2.940175682e-02-2.957534790e-02-2.843617648e-02-2.772172168e-02
-2.710331976e-02-2.639071271e-02-2.549385279e-02-2.438269742e-02-2.305665985e-02
-2.152569592e-02-1.979995519e-02-1.788492873e-02-1.577999443e-02-1.347911265e-02
-1.097262278e-02-8.249467239e-03-5.299310200e-03-2.114239614e-03 1.310095889e-03
 4.973948933e-03 8.873442188e-03 1.300088502e-02 1.734523103e-02 2.189251035e-02
 2.662617341e-02 3.152738139e-02 3.657546639e-02 4.174873978e-02 4.702590406e-02
 5.238799006e-02 5.782066658e-02 6.331647933e-02 6.887657940e-02 7.451150566e-02
 8.024090528e-02 8.609218895e-02 9.209848940e-02 9.829621762e-02 1.047228947e-01
 1.114153787e-01 1.184087545e-01 1.257357150e-01 1.334261894e-01 1.415071189e-01
 1.500019431e-01 1.589295119e-01 1.683019400e-01 1.781205833e-01 1.883692592e-01
 1.990023851e-01 2.099262178e-01 2.209707201e-01 2.318561673e-01 2.421782762e-01
 2.514641285e-01 2.592888474e-01 2.653486729e-01 2.694786489e-01 2.716663182e-01
 2.720758915e-01 2.710392475e-01 2.689609528e-01 2.662081420e-01 2.630667090e-01
-1.946387067e-02-2.580285817e-02-2.872374095e-02-3.048421070e-02-3.189996257e-02
-3.264554590e-02-3.265250474e-02-3.201523423e-02-3.085930273e-02-2.929728478e-02
-2.741683275e-02-2.527793497e-02-2.291434258e-02-2.033790573e-02-1.754471473e-02
-1.452173851e-02-1.125283260e-02-7.723533083e-03-3.924381454e-03 1.472251315e-04
 4.486581311e-03 9.082362056e-03 1.391798258e-02 1.897301339e-02 2.422404289e-02
 2.964476123e-02 3.520538285e-02 4.087200016e-02 4.660673440e-02 5.236941203e-02
 5.812123418e-02 6.382977217e-02 6.947420537e-02 7.504926622e-02 8.056707680e-02
 8.605626225e-02 9.155855328e-02 9.712354839e-02 1.028029919e-01 1.086460501e-01
 1.146962047e-01 1.209898815e-01 1.275561154e-01 1.344166994e-01 1.415862143e-01
 1.490716189e-01 1.568711251e-01 1.649720520e-01 1.733473688e-01 1.819506586e-01
 1.907095015e-01 1.995175332e-01 2.082274407e-01 2.166486979e-01 2.245563269e-01
 2.317138612e-01 2.379055768e-01 2.429665774e-01 2.468034029e-01 2.494048476e-01
 2.508420944e-01 2.512547970e-01 2.508237660e-01 2.497394383e-01 2.481777817e-01
-1.504917070e-02-2.162375115e-02-2.780762315e-02-3.378251195e-02-3.916514665e-02
-4.099278152e-02-4.116974026e-02-4.025791585e-02-3.861019760e-02-3.647249192e-02
-3.401324898e-02-3.133344650e-02-2.847578004e-02-2.543912083e-02-2.219567820e-02
-1.870658994e-02-1.493352465e-02-1.084648632e-02-6.428551860e-03-1.678112778e-03
 3.391586244e-03 8.755652234e-03 1.438255981e-02 2.023888752e-02 2.629171684e-02
 3.250773251e-02 3.884953260e-02 4.527059197e-02 5.171120167e-02 5.809877813e-02
 6.435520947e-02 7.041014731e-02 7.621484995e-02 8.175173402e-02 8.703854680e-02
 9.212681651e-02 9.709368646e-02 1.020277292e-01 1.070138216e-01 1.121229157e-01
 1.174087375e-01 1.229087859e-01 1.286469251e-01 1.346357465e-01 1.408782005e-01
 1.473680735e-01 1.540898085e-01 1.610172093e-01 1.681116819e-01 1.753199100e-01
 1.825712323e-01 1.897758693e-01 1.968245208e-01 2.035912275e-01 2.099401057e-01
 2.157362103e-01 2.208588570e-01 2.252144814e-01 2.287465930e-01 2.314409316e-01
 2.333251983e-01 2.344629467e-01 2.349431962e-01 2.348680794e-01 2.343416065e-01
-1.271019690e-02-2.012717724e-02-2.819353156e-02-3.732340410e-02-4.740145057e-02
-5.304272473e-02-5.327071622e-02-5.084276944e-02-4.781502485e-02-4.448624700e-02
-4.108729213e-02-3.772813827e-02-3.439830244e-02-3.101244010e-02-2.745988034e-02
-2.363551036e-02-1.945359632e-02-1.485345885e-02-9.803587571e-03-4.305670038e-03
 1.604997087e-03 7.868364453e-03 1.441778056e-02 2.119746059e-02 2.816923894e-02
 3.530790657e-02 4.258914292e-02 4.997228086e-02 5.737901479e-02 6.467662752e-02
 7.169105113e-02 7.825836539e-02 8.426966518e-02 8.968347311e-02 9.452804923e-02
 9.890756756e-02 1.029940844e-01 1.069797426e-01 1.110191047e-01 1.152109876e-01
 1.196102053e-01 1.242432743e-01 1.291190982e-01 1.342350692e-01 1.395800412e-01
 1.451355964e-01 1.508760899e-01 1.567682028e-01 1.627700925e-01 1.688305438e-01
 1.748883426e-01 1.808723211e-01 1.867026985e-01 1.922934502e-01 1.975567937e-01
 2.024086118e-01 2.067748606e-01 2.105973959e-01 2.138387710e-01 2.164846212e-01
 2.185437828e-01 2.200457156e-01 2.210361362e-01 2.215715051e-01 2.217135727e-01
-9.806882590e-03-1.742842048e-02-2.601042762e-02-3.605104238e-02-4.794248939e-02
-5.693484843e-02-6.164812297e-02-6.190552190e-02-5.768766254e-02-5.225729942e-02
-4.755068198e-02-4.364683479e-02-4.022782668e-02-3.692134470e-02-3.343449533e-02
-2.956461161e-02-2.516970411e-02-2.014801092e-02-1.443651225e-02-8.030487224e-03
-1.017773175e-03 6.422089878e-03 1.410818100e-02 2.194285020e-02 2.990898117e-02
 3.803572059e-02 4.637124017e-02 5.495983735e-02 6.380078197e-02 7.270541042e-02
 8.109799027e-02 8.852742612e-02 9.484976530e-02 1.000150219e-01 1.040194035e-01
 1.069777310e-01 1.093829721e-01 1.118599623e-01 1.146328449e-01 1.177431867e-01
 1.211844012e-01 1.249354333e-01 1.289706528e-01 1.332627088e-01 1.377827972e-01
 1.425000429e-01 1.473807096e-01 1.523872912e-01 1.574778408e-01 1.626055241e-01
 1.677184850e-01 1.727603972e-01 1.776714921e-01 1.823904216e-01 1.868567169e-01
 1.910138726e-01 1.948124766e-01 1.982131898e-01 2.011890113e-01 2.037265897e-01
 2.058262974e-01 2.075011730e-01 2.087749541e-01 2.096793652e-01 2.102513313e-01
-5.448032171e-03-1.242533699e-02-2.009822428e-02-2.858631127e-02-3.789005801e-02
-4.778761044e-02-5.652990937e-02-6.104195863e-02-6.084474176e-02-5.554591119e-02
-5.046008900e-02-4.754044116e-02-4.556489363e-02-4.334154353e-02-4.056540132e-02
-3.709395230e-02-3.280562162e-02-2.756771259e-02-2.122408524e-02-1.360176876e-02
-4.637991078e-03 4.777684808e-03 1.389892492e-02 2.279141918e-02 3.161382675e-02
 4.053507000e-02 4.973562434e-02 5.942816660e-02 6.990171969e-02 8.156099916e-02
 9.199020267e-02 1.004276127e-01 1.071358621e-01 1.119814515e-01 1.148997843e-01
 1.156123132e-01 1.150290519e-01 1.156759709e-01 1.171567738e-01 1.192546785e-01
 1.218359321e-01 1.248102933e-01 1.281122267e-01 1.316903234e-01 1.355008632e-01
 1.395038068e-01 1.436603367e-01 1.479313076e-01 1.522763073e-01 1.566531658e-01
 1.610178947e-01 1.653249860e-01 1.695282161e-01 1.735817641e-01 1.774415970e-01
 1.810671836e-01 1.844232082e-01 1.874810159e-01 1.902198642e-01 1.926276088e-01
 1.947007477e-01 1.964440346e-01 1.978693902e-01 1.989946216e-01 1.998418868e-01
 1.237628021e-04-5.745370872e-03-1.202355698e-02-1.870802604e-02-2.571289986e-02
-3.286087140e-02-3.989656270e-02-4.651132226e-02-5.033975840e-02-4.821372777e-02
-4.569452256e-02-4.556611925e-02-4.631333798e-02-4.563510790e-02-4.383658618e-02
-4.100196064e-02-3.708025813e-02-3.194865584e-02-2.539357916e-02-1.701072231e-02
-6.054607220e-03 5.161574110e-03 1.512433775e-02 2.445601672e-02 3.353688866e-02
 4.264089465e-02 5.201305076e-02 6.192210317e-02 7.271201164e-02 8.475893736e-02
 9.554530680e-02 1.041589454e-01 1.108383536e-01 1.155118793e-01 1.180449203e-01
 1.181131601e-01 1.168241352e-01 1.168011799e-01 1.176872253e-01 1.192285568e-01
 1.212661415e-01 1.236976907e-01 1.264523715e-01 1.294760555e-01 1.327232420e-01
 1.361529529e-01 1.397264898e-01 1.434062421e-01 1.471549571e-01 1.509353667e-01
 1.547101140e-01 1.584419310e-01 1.620940864e-01 1.656310856e-01 1.690194011e-01
 1.722284704e-01 1.752316356e-01 1.780068874e-01 1.805375516e-01 1.828127056e-01
 1.848271489e-01 1.865812838e-01 1.880805194e-01 1.893345714e-01 1.903566122e-01
 0.176896954E+01 0.179183483E+01 0.180592728E+01 0.182222843E+01 0.183901191E+01
 0.185986388E+01 0.187573075E+01 0.189316940E+01 0.190989828E+01 0.192741525E+01
 0.194525862E+01 0.196317935E+01 0.198143744E+01 0.200019765E+01 0.201911139E+01
 0.203821993E+01 0.205818820E+01 0.207813692E+01 0.209860778E+01 0.211945033E+01
 0.214102793E+01 0.216286850E+01 0.218533230E+01 0.220833588E+01 0.223215961E+01
 0.225645185E+01 0.228151512E+01 0.230726480E+01 0.233396721E+01 0.236145806E+01
 0.238987970E+01 0.241922855E+01 0.244973564E+01 0.248135328E+01 0.251415968E+01
 0.254824352E+01 0.258374572E+01 0.262074518E+01 0.265946031E+01 0.269987702E+01
 0.274215508E+01 0.278659225E+01 0.283323383E+01 0.288238811E+01 0.293418431E+01
 0.298899126E+01 0.304702806E+01 0.310874271E+01 0.317455101E+01 0.324491692E+01
 0.332051921E+01 0.340207386E+01 0.349039435E+01 0.358668900E+01 0.369213629E+01
 0.380861259E+01 0.393842411E+01 0.408449984E+01 0.425300312E+01 0.444942284E+01
 0.468624592E+01 0.498361683E+01 0.538578558E+01 0.602509785E+01 0.103507824E+02
   89   86
 0.107926595E+01-0.500000007E-01 0.108024120E+01 0.500000007E-01 0.108577633E+01
 0.125000000E+00 0.109825063E+01 0.224320963E+00 0.111032164E+01 0.295507193E+00
 0.112451613E+01 0.365694523E+00 0.113990927E+01 0.435556650E+00 0.115502012E+01
 0.500000000E+00 0.117343652E+01 0.575000048E+00 0.119107223E+01 0.644060135E+00
 0.120686913E+01 0.703503370E+00 0.122710848E+01 0.773804903E+00 0.124732661E+01
 0.839032412E+00 0.127124572E+01 0.899355710E+00 0.130086625E+01 0.948886514E+00
 0.133140624E+01 0.977848530E+00 0.138453126E+01 0.994154334E+00 0.143765628E+01
 0.993381083E+00 0.149078131E+01 0.984055817E+00 0.154390621E+01 0.968400836E+00
 0.158512211E+01 0.951948106E+00 0.162359381E+01 0.934943557E+00 0.167615664E+01
 0.907414258E+00 0.170328128E+01 0.891683102E+00 0.175606585E+01 0.858098149E+00
 0.178296876E+01 0.839341044E+00 0.182971442E+01 0.803992033E+00 0.186265624E+01
 0.777156532E+00 0.189643025E+01 0.747034550E+00 0.193867099E+01 0.706999421E+00
 0.196890628E+01 0.675989926E+00 0.199912691E+01 0.642492115E+00 0.203427362E+01
 0.600000024E+00 0.206805706E+01 0.554739594E+00 0.209759212E+01 0.510197163E+00
 0.212529564E+01 0.463532299E+00 0.215145421E+01 0.414379925E+00 0.217630887E+01
 0.362248242E+00 0.220000362E+01 0.306395084E+00 0.222080517E+01 0.250000000E+00
 0.224074507E+01 0.184500992E+00 0.225520658E+01 0.121691152E+00 0.226680136E+01
 0.250000022E-01 0.226366901E+01-0.750000030E-01 0.224835563E+01-0.164705098E+00
 0.223228455E+01-0.224999994E+00 0.221609783E+01-0.275515854E+00 0.219326639E+01
-0.337112308E+00 0.216812491E+01-0.397177160E+00 0.214156246E+01-0.453189492E+00
 0.211500001E+01-0.503160357E+00 0.208843756E+01-0.548106551E+00 0.206074619E+01
-0.590368807E+00 0.202930546E+01-0.634349704E+00 0.199609947E+01-0.676869452E+00
 0.196294498E+01-0.716132879E+00 0.192906249E+01-0.753877580E+00 0.189696217E+01
-0.787442684E+00 0.186265624E+01-0.821564496E+00 0.182393444E+01-0.858144045E+00
 0.178979540E+01-0.888015211E+00 0.175503469E+01-0.916811109E+00 0.171656251E+01
-0.947125673E+00 0.167671871E+01-0.975790858E+00 0.163687503E+01-0.100233436E+01
 0.159703124E+01-0.102669227E+01 0.155718756E+01-0.104894853E+01 0.151734376E+01
-0.106940937E+01 0.146695352E+01-0.109197259E+01 0.143121743E+01-0.110675955E+01
 0.138453126E+01-0.112422872E+01 0.133140624E+01-0.113934994E+01 0.129002404E+01
-0.114865255E+01 0.125292182E+01-0.115701056E+01 0.121263337E+01-0.116305935E+01
 0.121365583E+01-0.109318757E+01 0.121253335E+01-0.101644576E+01 0.120823920E+01
-0.949999988E+00 0.119895732E+01-0.850000024E+00 0.118893051E+01-0.773428559E+00
 0.117662001E+01-0.699999988E+00 0.116290712E+01-0.623200178E+00 0.114895105E+01
-0.550000012E+00 0.113456321E+01-0.474999994E+00 0.112074029E+01-0.399999976E+00
 0.110753274E+01-0.324999988E+00 0.109657907E+01-0.250000000E+00 0.108561397E+01
-0.150000006E+00 0.108044076E+01-0.763338730E-01
 0.101600003E+01 0.000000000E+00 0.101600003E+01 0.963999987E+00 0.101600003E+01
 0.967999995E+00 0.101600003E+01 0.100100005E+01 0.101600003E+01 0.101900005E+01
 0.101600003E+01 0.107700002E+01 0.101600003E+01 0.107000005E+01 0.101600003E+01
 0.109599996E+01 0.101600003E+01 0.111300004E+01 0.101600003E+01 0.113800001E+01
 0.101600003E+01 0.114699996E+01 0.101199996E+01 0.116499996E+01 0.100100005E+01
 0.121700001E+01 0.102900004E+01 0.121700001E+01 0.104200006E+01 0.116240001E+01
 0.104600000E+01 0.116237998E+01 0.105599999E+01 0.116260004E+01 0.109700000E+01
 0.116450000E+01 0.110800004E+01 0.116594005E+01 0.111600006E+01 0.116591001E+01
 0.113399994E+01 0.116895998E+01 0.114800000E+01 0.117174995E+01 0.116199994E+01
 0.117556000E+01 0.118099999E+01 0.118299997E+01 0.118200004E+01 0.118350005E+01
 0.118499994E+01 0.118499994E+01 0.119000006E+01 0.118799996E+01 0.119500005E+01
 0.119099998E+01 0.120099998E+01 0.119599998E+01 0.120899999E+01 0.120200002E+01
 0.121500003E+01 0.120799994E+01 0.122200000E+01 0.121399999E+01 0.122800004E+01
 0.122099996E+01 0.123399997E+01 0.123099995E+01 0.123899996E+01 0.123800004E+01
 0.124199998E+01 0.124399996E+01 0.124800003E+01 0.125399995E+01 0.125800002E+01
 0.127800000E+01 0.126300001E+01 0.128999996E+01 0.127999997E+01 0.133099997E+01
 0.127999997E+01 0.134700000E+01 0.127999997E+01 0.134800005E+01 0.130999994E+01
 0.134800005E+01 0.132799995E+01 0.134800005E+01 0.136099994E+01 0.134800005E+01
 0.138000000E+01 0.134800005E+01 0.141900003E+01 0.134800005E+01 0.141900003E+01
 0.130999994E+01 0.137199998E+01 0.130999994E+01 0.137199998E+01 0.129200006E+01
 0.160800004E+01 0.109500003E+01 0.164699996E+01 0.107700002E+01 0.178499997E+01
 0.107700002E+01 0.206999993E+01 0.103999996E+01 0.212800002E+01 0.992999971E+00
 0.224499989E+01 0.708999991E+00 0.232299995E+01 0.518999994E+00 0.237700009E+01
 0.388999999E+00 0.236249995E+01 0.400000006E+00 0.236443496E+01 0.222000003E+00
 0.236496902E+01 0.133000001E+00 0.236532402E+01 0.439999998E-01 0.236512089E+01
-0.439999998E-01 0.236484194E+01-0.133000001E+00 0.236433411E+01-0.222000003E+00
 0.236249995E+01-0.400000006E+00 0.237700009E+01-0.388999999E+00 0.213400006E+01
-0.972999990E+00 0.178600001E+01-0.117400002E+01 0.176800001E+01-0.121099997E+01
 0.176800001E+01-0.125000000E+01 0.168200004E+01-0.125000000E+01 0.137199998E+01
-0.125000000E+01 0.137199998E+01-0.132900000E+01 0.141999996E+01-0.132900000E+01
 0.141999996E+01-0.136300004E+01 0.127300000E+01-0.136300004E+01 0.115300000E+01
-0.136300004E+01 0.101600003E+01-0.122300005E+01 0.101600003E+01-0.122300005E+01
 0.101600003E+01-0.829999983E+00 0.101600003E+01-0.800000012E+00 0.101600003E+01
-0.414999992E+00 0.101600003E+01-0.400000006E+00 0.101600003E+01-0.100000005E-02
 0.101600003E+01 0.000000000E+00
    0 0.169550002E+01    0
 0.000000000E+00 0.994848683E-01 0.141251147E+00 0.173480183E+00 0.200827360E+00
 0.223830104E+00 0.245948225E+00 0.266549140E+00 0.285788417E+00 0.303939462E+00
 0.321345806E+00 0.337891251E+00 0.353829771E+00 0.369286120E+00 0.384196401E+00
 0.398695529E+00 0.412828267E+00 0.426648349E+00 0.440121502E+00 0.453341961E+00
 0.466319025E+00 0.479088664E+00 0.491621375E+00 0.503983378E+00 0.516181827E+00
 0.528234482E+00 0.540121436E+00 0.551906884E+00 0.563556850E+00 0.575129509E+00
 0.586589634E+00 0.597963929E+00 0.609273076E+00 0.620510995E+00 0.631704867E+00
 0.642826915E+00 0.653932214E+00 0.664991021E+00 0.676042080E+00 0.687068164E+00
 0.698081017E+00 0.709101319E+00 0.720126092E+00 0.731181622E+00 0.742250204E+00
 0.753361523E+00 0.764517963E+00 0.775726557E+00 0.787011623E+00 0.798366070E+00
 0.809823096E+00 0.821386814E+00 0.833076239E+00 0.844912410E+00 0.856911182E+00
 0.869101644E+00 0.881520510E+00 0.894185185E+00 0.907193303E+00 0.920539737E+00
 0.934359431E+00 0.948761642E+00 0.963945627E+00 0.980359733E+00 0.100000000E+01
    0
