  EFITD    06/25/2013    #1553363000.0ms  EFIT01   0  65  65
 0.170000005E+01 0.320000005E+01 0.169550002E+01 0.839999974E+00 0.000000000E+00
 0.180565166E+01-0.375384241E-01-0.172666773E+00 0.109710451E-01 0.165949929E+01
 0.101446406E+07-0.172666773E+00 0.000000000E+00 0.180565166E+01 0.000000000E+00
-0.375384241E-01 0.000000000E+00 0.109710451E-01 0.000000000E+00 0.000000000E+00
 0.276645422E+01 0.276869464E+01 0.277085686E+01 0.277294254E+01 0.277495384E+01
 0.277689171E+01 0.277875805E+01 0.278055382E+01 0.278228116E+01 0.278394151E+01
 0.278553581E+01 0.278706622E+01 0.278853393E+01 0.278994036E+01 0.279128718E+01
 0.279257560E+01 0.279380727E+01 0.279498339E+01 0.279610586E+01 0.279717565E+01
 0.279819441E+01 0.279916358E+01 0.280008435E+01 0.280095863E+01 0.280178738E+01
 0.280257225E+01 0.280331469E+01 0.280401587E+01 0.280467725E+01 0.280530024E+01
 0.280588651E+01 0.280643702E+01 0.280695343E+01 0.280743742E+01 0.280788946E+01
 0.280831170E+01 0.280870533E+01 0.280907178E+01 0.280941224E+01 0.280972815E+01
 0.281002116E+01 0.281029248E+01 0.281054330E+01 0.281077504E+01 0.281098914E+01
 0.281118727E+01 0.281137013E+01 0.281153989E+01 0.281169724E+01 0.281184387E+01
 0.281198120E+01 0.281211019E+01 0.281223297E+01 0.281235027E+01 0.281246352E+01
 0.281257439E+01 0.281268382E+01 0.281279349E+01 0.281290483E+01 0.281301880E+01
 0.281313729E+01 0.281326151E+01 0.281339264E+01 0.281353188E+01 0.281368113E+01
 0.103381453E+06 0.100561094E+06 0.977789844E+05 0.950351328E+05 0.923295312E+05
 0.896621797E+05 0.870330938E+05 0.844422578E+05 0.818896797E+05 0.793753516E+05
 0.768992812E+05 0.744614688E+05 0.720619062E+05 0.697006016E+05 0.673775547E+05
 0.650927539E+05 0.628462109E+05 0.606379258E+05 0.584678945E+05 0.563361211E+05
 0.542425977E+05 0.521873320E+05 0.501703203E+05 0.481915625E+05 0.462510586E+05
 0.443488125E+05 0.424848203E+05 0.406590820E+05 0.388716016E+05 0.371223750E+05
 0.354114023E+05 0.337386836E+05 0.321042227E+05 0.305080137E+05 0.289500605E+05
 0.274303633E+05 0.259489180E+05 0.245057305E+05 0.231007969E+05 0.217341211E+05
 0.204056953E+05 0.191155273E+05 0.178636133E+05 0.166499551E+05 0.154745508E+05
 0.143374023E+05 0.132385078E+05 0.121778682E+05 0.111554834E+05 0.101713545E+05
 0.922547949E+04 0.831785938E+04 0.744849512E+04 0.661738574E+04 0.582453027E+04
 0.506993066E+04 0.435358545E+04 0.367549512E+04 0.303565967E+04 0.243407910E+04
 0.187075354E+04 0.134568286E+04 0.858866943E+03 0.410306030E+03 0.000000000E+00
 0.219868684E+01 0.212446094E+01 0.205157590E+01 0.198003185E+01 0.190982866E+01
 0.184096634E+01 0.177344513E+01 0.170726466E+01 0.164242518E+01 0.157892680E+01
 0.151676905E+01 0.145595241E+01 0.139647675E+01 0.133834195E+01 0.128154802E+01
 0.122609520E+01 0.117198312E+01 0.111921203E+01 0.106778193E+01 0.101769269E+01
 0.968944430E+00 0.921537042E+00 0.875470579E+00 0.830745101E+00 0.787360549E+00
 0.745316923E+00 0.704614222E+00 0.665252447E+00 0.627231598E+00 0.590551615E+00
 0.555212677E+00 0.521214604E+00 0.488557488E+00 0.457241297E+00 0.427266061E+00
 0.398631692E+00 0.371338308E+00 0.345385820E+00 0.320774287E+00 0.297503680E+00
 0.275573999E+00 0.254985243E+00 0.235737413E+00 0.217830524E+00 0.201264575E+00
 0.186039522E+00 0.172155425E+00 0.159612253E+00 0.148410022E+00 0.138548702E+00
 0.130028322E+00 0.122848876E+00 0.117010355E+00 0.112512767E+00 0.109356105E+00
 0.107540376E+00 0.107065573E+00 0.107931711E+00 0.110138766E+00 0.113686755E+00
 0.118575685E+00 0.124805532E+00 0.132376313E+00 0.141288027E+00 0.151540667E+00
-0.989634000E+06-0.976300000E+06-0.962966000E+06-0.949632062E+06-0.936298062E+06
-0.922964000E+06-0.909630000E+06-0.896296000E+06-0.882962062E+06-0.869628062E+06
-0.856294062E+06-0.842960062E+06-0.829626000E+06-0.816292000E+06-0.802958062E+06
-0.789624062E+06-0.776290062E+06-0.762956062E+06-0.749622062E+06-0.736288000E+06
-0.722954062E+06-0.709620062E+06-0.696286062E+06-0.682952062E+06-0.669618062E+06
-0.656284000E+06-0.642950062E+06-0.629616062E+06-0.616282062E+06-0.602948062E+06
-0.589614062E+06-0.576280062E+06-0.562946062E+06-0.549612062E+06-0.536278062E+06
-0.522944062E+06-0.509610094E+06-0.496276062E+06-0.482942062E+06-0.469608094E+06
-0.456274062E+06-0.442940062E+06-0.429606094E+06-0.416272062E+06-0.402938062E+06
-0.389604094E+06-0.376270062E+06-0.362936062E+06-0.349602094E+06-0.336268094E+06
-0.322934062E+06-0.309600094E+06-0.296266094E+06-0.282932062E+06-0.269598094E+06
-0.256264078E+06-0.242930094E+06-0.229596094E+06-0.216262094E+06-0.202928094E+06
-0.189594094E+06-0.176260094E+06-0.162926094E+06-0.149592094E+06-0.136258094E+06
 4.454978183e-02 4.312939942e-02 4.174768552e-02 4.034091905e-02 3.883905336e-02
 3.715248778e-02 3.515456989e-02 3.266740963e-02 2.882317454e-02 2.262554690e-02
 1.515285112e-02 6.184868049e-03-2.903182991e-03-9.187501855e-03-1.330432110e-02
-1.552501787e-02-1.591845416e-02-1.443066914e-02-1.084758807e-02-4.693127237e-03
 4.965495318e-03 1.513230987e-02 2.352802828e-02 3.093319759e-02 3.778427094e-02
 4.434976354e-02 5.082136765e-02 5.736112222e-02 6.413391232e-02 7.131373882e-02
 7.805857062e-02 8.410136402e-02 8.954336494e-02 9.433421493e-02 9.844049811e-02
 1.017611250e-01 1.046304330e-01 1.079511419e-01 1.115927398e-01 1.154797524e-01
 1.195702329e-01 1.238397360e-01 1.282707155e-01 1.328462064e-01 1.375471056e-01
 1.423512101e-01 1.472332329e-01 1.521649510e-01 1.571154892e-01 1.620514840e-01
 1.669376493e-01 1.717371494e-01 1.764124632e-01 1.809262335e-01 1.852423847e-01
 1.893273145e-01 1.931510717e-01 1.966885328e-01 1.999202222e-01 2.028329968e-01
 2.054203153e-01 2.076821476e-01 2.096244395e-01 2.112584710e-01 2.125998288e-01
 4.110646993e-02 3.967050463e-02 3.848914057e-02 3.755135834e-02 3.680055961e-02
 3.611064330e-02 3.488139063e-02 3.226465732e-02 2.798788622e-02 2.186581120e-02
 1.519384701e-02 8.317526430e-03 1.898210729e-03-3.017237643e-03-6.339636166e-03
-8.103608154e-03-8.309058845e-03-6.901297253e-03-3.769746283e-03 1.232145121e-03
 8.111806586e-03 1.567741856e-02 2.284927294e-02 2.962455153e-02 3.613477200e-02
 4.251408204e-02 4.888785630e-02 5.538113043e-02 6.213611737e-02 6.930699944e-02
 7.608436048e-02 8.219321072e-02 8.772617579e-02 9.266845137e-02 9.698095173e-02
 1.005591452e-01 1.037691087e-01 1.074692756e-01 1.115378663e-01 1.158974469e-01
 1.205008030e-01 1.253166497e-01 1.303212941e-01 1.354937106e-01 1.408123523e-01
 1.462534368e-01 1.517899483e-01 1.573909074e-01 1.630212963e-01 1.686419398e-01
 1.742098331e-01 1.796786785e-01 1.849998981e-01 1.901240498e-01 1.950025111e-01
 1.995894164e-01 2.038439214e-01 2.077319771e-01 2.112281173e-01 2.143164575e-01
 2.169911414e-01 2.192560881e-01 2.211240828e-01 2.226152867e-01 2.237556279e-01
 3.660140559e-02 3.514967486e-02 3.420800343e-02 3.388264030e-02 3.416611254e-02
 3.369686753e-02 3.209587187e-02 2.924212441e-02 2.504571155e-02 2.044658549e-02
 1.593210176e-02 1.168609783e-02 7.933026180e-03 4.926636349e-03 2.858210122e-03
 1.842019265e-03 1.944625285e-03 3.203377826e-03 5.621789955e-03 9.138982743e-03
 1.358123682e-02 1.865908317e-02 2.408109419e-02 2.966526896e-02 3.533783555e-02
 4.108908400e-02 4.694027081e-02 5.292430893e-02 5.906914175e-02 6.533974409e-02
 7.147062570e-02 7.728709280e-02 8.276364207e-02 8.789260685e-02 9.266949445e-02
 9.711603820e-02 1.014456525e-01 1.059556827e-01 1.107058376e-01 1.156975031e-01
 1.209220439e-01 1.263680309e-01 1.320223957e-01 1.378698945e-01 1.438923180e-01
 1.500674188e-01 1.563680619e-01 1.627613604e-01 1.692080796e-01 1.756622046e-01
 1.820708513e-01 1.883747727e-01 1.945094317e-01 2.004070431e-01 2.059992403e-01
 2.112205327e-01 2.160120606e-01 2.203252465e-01 2.241249532e-01 2.273913473e-01
 2.301207930e-01 2.323249578e-01 2.340290248e-01 2.352687269e-01 2.360871583e-01
 3.039475717e-02 2.869307622e-02 2.776172385e-02 2.765547112e-02 2.814242803e-02
 2.762560919e-02 2.582177892e-02 2.339601144e-02 2.080122568e-02 1.812658645e-02
 1.549110748e-02 1.303227153e-02 1.089641359e-02 9.226644412e-03 8.147759363e-03
 7.755990606e-03 8.115785196e-03 9.258897044e-03 1.118153520e-02 1.383979712e-02
 1.714904420e-02 2.099522948e-02 2.525877021e-02 2.983844280e-02 3.466247395e-02
 3.968616575e-02 4.488245770e-02 5.022989959e-02 5.569915846e-02 6.124095991e-02
 6.678815186e-02 7.227898389e-02 7.767605036e-02 8.296818286e-02 8.816976845e-02
 9.332494438e-02 9.850716591e-02 1.037977561e-01 1.092587337e-01 1.149270162e-01
 1.208215579e-01 1.269500852e-01 1.333127320e-01 1.399036944e-01 1.467114836e-01
 1.537185311e-01 1.609002948e-01 1.682241559e-01 1.756480634e-01 1.831193417e-01
 1.905736029e-01 1.979345828e-01 2.051148862e-01 2.120184004e-01 2.185446322e-01
 2.245946825e-01 2.300784290e-01 2.349218428e-01 2.390731275e-01 2.425067127e-01
 2.452244312e-01 2.472537309e-01 2.486433238e-01 2.494570911e-01 2.497675419e-01
 2.158076502e-02 1.923061348e-02 1.830277592e-02 1.849309355e-02 1.908089593e-02
 1.896736771e-02 1.847853698e-02 1.767724007e-02 1.663817465e-02 1.544972789e-02
 1.421189681e-02 1.303197350e-02 1.201889198e-02 1.127682813e-02 1.089883316e-02
 1.096149255e-02 1.152121183e-02 1.261193492e-02 1.424401812e-02 1.640458032e-02
 1.906025968e-02 2.216302976e-02 2.565828338e-02 2.949276567e-02 3.361985460e-02
 3.800114617e-02 4.260488227e-02 4.740260541e-02 5.236572772e-02 5.746381730e-02
 6.266631186e-02 6.794718653e-02 7.328999788e-02 7.869125903e-02 8.416169137e-02
 8.972552419e-02 9.541724622e-02 1.012755334e-01 1.073367745e-01 1.136309206e-01
 1.201802939e-01 1.270000637e-01 1.340990365e-01 1.414800733e-01 1.491400003e-01
 1.570689380e-01 1.652489305e-01 1.736520231e-01 1.822378635e-01 1.909505725e-01
 1.997155994e-01 2.084369510e-01 2.169958502e-01 2.252524942e-01 2.330519855e-01
 2.402354181e-01 2.466546297e-01 2.521876693e-01 2.567520440e-01 2.603131831e-01
 2.628865242e-01 2.645329833e-01 2.653485537e-01 2.654504478e-01 2.649629712e-01
 7.905601524e-03 3.372335574e-03 4.832849838e-03 7.630334701e-03 9.714636020e-03
 1.121757738e-02 1.219502836e-02 1.272962894e-02 1.291411277e-02 1.284488849e-02
 1.261982881e-02 1.233629324e-02 1.208863314e-02 1.196525525e-02 1.204559021e-02
 1.239734236e-02 1.307436358e-02 1.411532518e-02 1.554332674e-02 1.736657135e-02
 1.958019659e-02 2.216918953e-02 2.511195280e-02 2.838381007e-02 3.195973113e-02
 3.581594676e-02 3.993044421e-02 4.428278655e-02 4.885384440e-02 5.362591147e-02
 5.858364701e-02 6.371562928e-02 6.901610643e-02 7.448626310e-02 8.013473451e-02
 8.597714454e-02 9.203457832e-02 9.833136201e-02 1.048927158e-01 1.117427498e-01
 1.189031973e-01 1.263927668e-01 1.342268139e-01 1.424169987e-01 1.509707272e-01
 1.598901004e-01 1.691701710e-01 1.787962765e-01 1.887400746e-01 1.989539862e-01
 2.093637735e-01 2.198595703e-01 2.302867323e-01 2.404405326e-01 2.500707507e-01
 2.589022815e-01 2.666698396e-01 2.731550932e-01 2.782154977e-01 2.818009853e-01
 2.839596272e-01 2.848279476e-01 2.846045792e-01 2.835139036e-01 2.817734182e-01
-2.559751505e-03-8.383695036e-03-5.865143612e-03-1.027857419e-03 2.673735842e-03
 5.473247729e-03 7.552984171e-03 9.051837958e-03 1.008857694e-02 1.077161357e-02
 1.120257750e-02 1.147728227e-02 1.168547571e-02 1.190998126e-02 1.222548913e-02
 1.269723475e-02 1.337995566e-02 1.431728527e-02 1.554164849e-02 1.707472280e-02
 1.892847382e-02 2.110676095e-02 2.360741049e-02 2.642414905e-02 2.954817563e-02
 3.296937421e-02 3.667719662e-02 4.066129774e-02 4.491208866e-02 4.942130297e-02
 5.418269709e-02 5.919284001e-02 6.445189565e-02 6.996418536e-02 7.573840022e-02
 8.178749681e-02 8.812807500e-02 9.477957338e-02 1.017633229e-01 1.091017276e-01
 1.168176085e-01 1.249337718e-01 1.334727407e-01 1.424565613e-01 1.519064009e-01
 1.618418992e-01 1.722798645e-01 1.832319498e-01 1.947005689e-01 2.066718489e-01
 2.191041708e-01 2.319090515e-01 2.449224293e-01 2.578669786e-01 2.703221738e-01
 2.817526758e-01 2.916272283e-01 2.995322347e-01 3.052112162e-01 3.085785806e-01
 3.097446859e-01 3.090287149e-01 3.068874478e-01 3.037798405e-01 3.000834882e-01
-7.379359566e-03-1.367409341e-02-1.069297362e-02-5.312657449e-03-9.771217592e-04
 2.451957203e-03 5.104281940e-03 7.106187288e-03 8.576272056e-03 9.624764323e-03
 1.035387442e-02 1.085830666e-02 1.122563519e-02 1.153658982e-02 1.186497975e-02
 1.227633189e-02 1.282745972e-02 1.356634405e-02 1.453218423e-02 1.575552672e-02
 1.725854725e-02 1.905583031e-02 2.115719579e-02 2.356879599e-02 2.629372664e-02
 2.933262289e-02 3.268439323e-02 3.634720296e-02 4.031923413e-02 4.459927976e-02
 4.918735474e-02 5.408527330e-02 5.929712579e-02 6.482966989e-02 7.069255412e-02
 7.689840347e-02 8.346270770e-02 9.040366113e-02 9.774192423e-02 1.055004895e-01
 1.137045994e-01 1.223818958e-01 1.315626651e-01 1.412802339e-01 1.515715420e-01
 1.624777168e-01 1.740445495e-01 1.863227487e-01 1.993673146e-01 2.132351398e-01
 2.279784381e-01 2.436282039e-01 2.601542473e-01 2.773710489e-01 2.947323024e-01
 3.107618690e-01 3.241462708e-01 3.342947066e-01 3.408349752e-01 3.435499072e-01
 3.424250185e-01 3.381719589e-01 3.323508799e-01 3.258564472e-01 3.192213774e-01
-7.240332197e-03-1.360382512e-02-1.082164235e-02-5.430673715e-03-1.034675981e-03
 2.457413590e-03 5.157071166e-03 7.182843052e-03 8.650560863e-03 9.668609127e-03
 1.033631805e-02 1.074468158e-02 1.097702980e-02 1.111131161e-02 1.122439653e-02
 1.138273533e-02 1.164474245e-02 1.206179056e-02 1.267854683e-02 1.353265904e-02
 1.465303823e-02 1.605437323e-02 1.775419340e-02 1.976861805e-02 2.211038582e-02
 2.478817664e-02 2.780689113e-02 3.117066808e-02 3.488335386e-02 3.894874081e-02
 4.337116331e-02 4.815598950e-02 5.330998823e-02 5.884167552e-02 6.476160139e-02
 7.108259201e-02 7.781994343e-02 8.499154449e-02 9.261815995e-02 1.007236615e-01
 1.093354523e-01 1.184851155e-01 1.282092333e-01 1.385505795e-01 1.495597959e-01
 1.612975895e-01 1.738376170e-01 1.872707009e-01 2.017105371e-01 2.173020542e-01
 2.342341244e-01 2.527606487e-01 2.732398808e-01 2.962312400e-01 3.222132623e-01
 3.456839025e-01 3.642084897e-01 3.776513040e-01 3.857218325e-01 3.877554536e-01
 3.835446239e-01 3.721127808e-01 3.594852686e-01 3.478649855e-01 3.373657763e-01
-2.798268804e-03-9.059162810e-03-6.561759394e-03-1.482557738e-03 2.520912560e-03
 5.566043314e-03 7.804018445e-03 9.376287460e-03 1.040783152e-02 1.100697648e-02
 1.126482897e-02 1.126439311e-02 1.107532531e-02 1.075684279e-02 1.042107400e-02
 1.012600958e-02 9.927323088e-03 9.877889417e-03 1.002829615e-02 1.042866614e-02
 1.113314368e-02 1.209561527e-02 1.335631870e-02 1.494814176e-02 1.689558662e-02
 1.921413280e-02 2.190388925e-02 2.497329190e-02 2.843107656e-02 3.228386492e-02
 3.653869778e-02 4.120325297e-02 4.628581554e-02 5.179574341e-02 5.774383619e-02
 6.414262950e-02 7.100673020e-02 7.835327089e-02 8.620225638e-02 9.457718581e-02
 1.035057083e-01 1.130205244e-01 1.231606156e-01 1.339729130e-01 1.455145776e-01
 1.578561217e-01 1.710858196e-01 1.853160709e-01 2.006926835e-01 2.174090147e-01
 2.357281893e-01 2.560190260e-01 2.788154781e-01 3.049034774e-01 3.353681862e-01
 3.666085601e-01 3.908275366e-01 4.079219699e-01 4.180401862e-01 4.210688472e-01
 4.159848690e-01 4.022026360e-01 3.822294772e-01 3.653393090e-01 3.511859775e-01
 6.082160864e-03-2.312535071e-05 2.570237266e-03 6.871771999e-03 9.814688936e-03
 1.175924856e-02 1.295356546e-02 1.357240975e-02 1.374229789e-02 1.355939079e-02
 1.310018823e-02 1.242830977e-02 1.159758307e-02 1.065426413e-02 9.704808705e-03
 8.803723380e-03 8.003405295e-03 7.354033645e-03 6.903224625e-03 6.695219316e-03
 6.768792868e-03 7.151514757e-03 7.876887918e-03 8.980694227e-03 1.050083712e-02
 1.248128712e-02 1.483320445e-02 1.759806089e-02 2.079795115e-02 2.443335019e-02
 2.851326019e-02 3.304784745e-02 3.804529086e-02 4.351461306e-02 4.946590215e-02
 5.591027439e-02 6.286048144e-02 7.033143193e-02 7.834075391e-02 8.690936118e-02
 9.606220573e-02 1.058291718e-01 1.162462607e-01 1.273571849e-01 1.392154396e-01
 1.518871188e-01 1.654547453e-01 1.800226122e-01 1.957239956e-01 2.127313018e-01
 2.312700152e-01 2.516368628e-01 2.742214799e-01 2.995274067e-01 3.281851709e-01
 3.607576489e-01 3.884512782e-01 4.082910120e-01 4.205511808e-01 4.253195524e-01
 4.227923155e-01 4.119344354e-01 3.925471306e-01 3.727178574e-01 3.568291664e-01
 2.264189720e-02 1.772767305e-02 1.850968972e-02 2.019015513e-02 2.072630823e-02
 2.064776421e-02 2.015450597e-02 1.934871078e-02 1.829497889e-02 1.704074815e-02
 1.562454831e-02 1.407973096e-02 1.243618503e-02 1.072126068e-02 9.026047774e-03
 7.398629095e-03 5.886526778e-03 4.536347464e-03 3.393345280e-03 2.500895178e-03
 1.899949159e-03 1.628846163e-03 1.725055976e-03 2.224978525e-03 3.162745154e-03
 4.567528609e-03 6.456926931e-03 8.862359449e-03 1.182592753e-02 1.523478050e-02
 1.912627183e-02 2.352423966e-02 2.842665091e-02 3.384155035e-02 3.977848589e-02
 4.624514282e-02 5.325065553e-02 6.080597267e-02 6.892438233e-02 7.762193680e-02
 8.691793680e-02 9.683562070e-02 1.074029133e-01 1.186534762e-01 1.306279451e-01
 1.433755308e-01 1.569558382e-01 1.714411825e-01 1.869190037e-01 2.034945339e-01
 2.212927788e-01 2.404590547e-01 2.611564696e-01 2.835605145e-01 3.078579903e-01
 3.343066871e-01 3.613366485e-01 3.807318807e-01 3.934955895e-01 4.001572430e-01
 4.004850984e-01 3.949849308e-01 3.828058243e-01 3.655340075e-01 3.516615331e-01
 4.653673247e-02 4.480265453e-02 4.051046073e-02 3.657652065e-02 3.354059905e-02
 3.087066300e-02 2.835446596e-02 2.589416131e-02 2.344091237e-02 2.097037435e-02
 1.847188547e-02 1.594303548e-02 1.338664070e-02 1.080894470e-02 8.283522911e-03
 5.851295777e-03 3.554491559e-03 1.435956219e-03-4.614184727e-04-2.095170319e-03
-3.423623275e-03-4.406076390e-03-5.002807360e-03-5.175342318e-03-4.887033254e-03
-4.103846848e-03-2.794952830e-03-9.314517956e-04 1.510383212e-03 4.540612455e-03
 8.184470236e-03 1.247806195e-02 1.728136837e-02 2.263218164e-02 2.855144441e-02
 3.503168374e-02 4.207727313e-02 4.969346896e-02 5.788790435e-02 6.667011976e-02
 7.605173439e-02 8.604671061e-02 9.667160362e-02 1.079459116e-01 1.198922694e-01
 1.325366795e-01 1.459083110e-01 1.600388288e-01 1.749607921e-01 1.907043159e-01
 2.072908431e-01 2.247217894e-01 2.429583818e-01 2.618847191e-01 2.812350392e-01
 3.004356623e-01 3.183270395e-01 3.333821595e-01 3.446875811e-01 3.519549370e-01
 3.551727235e-01 3.545299470e-01 3.505319059e-01 3.442856073e-01 3.373501599e-01
 6.331057101e-02 6.251259893e-02 5.670057982e-02 5.042857677e-02 4.510436952e-02
 4.042778909e-02 3.618213534e-02 3.222057968e-02 2.844571136e-02 2.479289658e-02
 2.121920511e-02 1.769635640e-02 1.420617569e-02 1.073761191e-02 7.350535132e-03
 4.080498591e-03 9.656009497e-04-1.954392297e-03-4.638714250e-03-7.046106271e-03
-9.135196917e-03-1.086478308e-02-1.219405979e-02-1.308288239e-02-1.349211019e-02
-1.338400412e-02-1.272264495e-02-1.147435606e-02-9.608651511e-03-7.099163719e-03
-3.922501113e-03-6.235704495e-05 4.480359610e-03 9.719246067e-03 1.567328349e-02
 2.217668667e-02 2.926836908e-02 3.694264963e-02 4.520336911e-02 5.405292660e-02
 6.349461526e-02 7.353217155e-02 8.416979760e-02 9.541186690e-02 1.072625592e-01
 1.197249740e-01 1.327997744e-01 1.464829892e-01 1.607624590e-01 1.756125540e-01
 1.909861565e-01 2.068027258e-01 2.229310423e-01 2.391651422e-01 2.551952600e-01
 2.705843747e-01 2.847849727e-01 2.972306609e-01 3.074670136e-01 3.152286410e-01
 3.204493821e-01 3.232550323e-01 3.239599168e-01 3.230380416e-01 3.210268617e-01
 7.399732620e-02 7.342462242e-02 6.755123287e-02 6.045567989e-02 5.401883274e-02
 4.813559726e-02 4.268971086e-02 3.757834435e-02 3.271744400e-02 2.804110944e-02
 2.349884808e-02 1.905249245e-02 1.467349287e-02 1.034070365e-02 6.108003203e-03
 2.008854412e-03-1.920559444e-03-5.642131437e-03-9.116435423e-03-1.230317820e-02
-1.516153850e-02-1.765041426e-02-1.972863264e-02-2.135513537e-02-2.248919941e-02
-2.309068665e-02-2.312036790e-02-2.254031226e-02-2.131446078e-02-1.940927655e-02
-1.679447666e-02-1.344440505e-02-9.339370765e-03-4.464484751e-03 1.186046284e-03
 7.599968929e-03 1.478321012e-02 2.252648585e-02 3.086888045e-02 3.979743272e-02
 4.930863902e-02 5.939602852e-02 7.005219162e-02 8.126787841e-02 9.303137660e-02
 1.053274497e-01 1.181355193e-01 1.314272583e-01 1.451631784e-01 1.592881680e-01
 1.737256795e-01 1.883707047e-01 2.030816525e-01 2.176728845e-01 2.319108099e-01
 2.455187738e-01 2.581960261e-01 2.696513832e-01 2.796427011e-01 2.880090773e-01
 2.946884334e-01 2.997210920e-01 3.032403290e-01 3.054491878e-01 3.065850139e-01
 8.152526617e-02 8.105367422e-02 7.490575314e-02 6.739616394e-02 6.037131697e-02
 5.377729610e-02 4.754949361e-02 4.162200168e-02 3.593387082e-02 3.043187782e-02
 2.507115528e-02 1.981461607e-02 1.463195868e-02 9.498539381e-03 4.470947199e-03
-4.162513069e-04-5.126493517e-03-9.621748701e-03-1.386292372e-02-1.781016402e-02
-2.142306417e-02-2.466081642e-02-2.748231031e-02-2.984621748e-02-3.171108291e-02
-3.303545713e-02-3.377808258e-02-3.389815241e-02-3.335573524e-02-3.211230412e-02
-3.013147041e-02-2.737995610e-02-2.382878587e-02-1.945463754e-02-1.424212195e-02
-8.186463267e-03-1.294899615e-03 6.402889732e-03 1.489678305e-02 2.393941768e-02
 3.356467560e-02 4.374856129e-02 5.447510630e-02 6.572346389e-02 7.746970654e-02
 8.968599141e-02 1.023388058e-01 1.153867543e-01 1.287781298e-01 1.424479932e-01
 1.563150585e-01 1.702785194e-01 1.842154860e-01 1.979799271e-01 2.114046216e-01
 2.243070900e-01 2.365003824e-01 2.478076965e-01 2.580782771e-01 2.672011852e-01
 2.751139104e-01 2.818053365e-01 2.873115838e-01 2.917065918e-01 2.950889468e-01
 8.641853929e-02 8.594205230e-02 7.957706600e-02 7.185063511e-02 6.451181322e-02
 5.750719458e-02 5.078627169e-02 4.430065304e-02 3.800592199e-02 3.186220303e-02
 2.583415620e-02 1.989075914e-02 1.400489826e-02 8.152789436e-03 2.401347738e-03
-3.211686853e-03-8.647778071e-03-1.386778615e-02-1.883212291e-02-2.350086719e-02
-2.783381194e-02-3.179048374e-02-3.533010557e-02-3.841154650e-02-4.099332541e-02
-4.303354025e-02-4.448999465e-02-4.532026500e-02-4.548199475e-02-4.493329301e-02
-4.363329709e-02-4.154302925e-02-3.862649202e-02-3.485206887e-02-3.019437380e-02
-2.463648841e-02-1.817246526e-02-1.081045903e-02-2.574425656e-03 6.483749952e-03
 1.632906497e-02 2.668517269e-02 3.757349402e-02 4.895485565e-02 6.079594046e-02
 7.306244969e-02 8.571518958e-02 9.870825708e-02 1.119875908e-01 1.254894733e-01
 1.391391307e-01 1.528495550e-01 1.665210724e-01 1.800419688e-01 1.932905465e-01
 2.061389089e-01 2.184584439e-01 2.301263809e-01 2.410324216e-01 2.510845661e-01
 2.602129579e-01 2.683714330e-01 2.755368650e-01 2.817067504e-01 2.868959010e-01
 8.869370818e-02 8.806459606e-02 8.188892156e-02 7.417036593e-02 6.675788760e-02
 5.957664177e-02 5.257742107e-02 4.572658241e-02 3.899615631e-02 3.236050531e-02
 2.579544112e-02 1.927820034e-02 1.278746221e-02 6.303025410e-03-9.251100710e-05
-6.357798353e-03-1.245179959e-02-1.833373308e-02-2.396307327e-02-2.929952368e-02
-3.430292755e-02-3.893316165e-02-4.314994812e-02-4.691274464e-02-5.018050969e-02
-5.291163176e-02-5.506379157e-02-5.659399927e-02-5.745865032e-02-5.761381611e-02
-5.701562762e-02-5.562093481e-02-5.338821560e-02-5.027879030e-02-4.625840485e-02
-4.129916802e-02-3.538192436e-02-2.849898860e-02-2.065727301e-02-1.188208815e-02
-2.219368238e-03 8.250813000e-03 1.945634000e-02 3.110297024e-02 4.317242280e-02
 5.563781783e-02 6.846046448e-02 8.159498870e-02 9.499017149e-02 1.085885540e-01
 1.223258451e-01 1.361306459e-01 1.499245614e-01 1.636228412e-01 1.771355271e-01
 1.903692782e-01 2.032295167e-01 2.156226188e-01 2.274578959e-01 2.386489213e-01
 2.491139770e-01 2.587762475e-01 2.675639093e-01 2.754113972e-01 2.822627127e-01
 8.869264275e-02 8.763175458e-02 8.183725923e-02 7.469271123e-02 6.750914454e-02
 6.033523008e-02 5.319917575e-02 4.610775784e-02 3.905696049e-02 3.203685582e-02
 2.503432706e-02 1.803487726e-02 1.102438383e-02 3.991940990e-03-2.965493361e-03
-9.804536588e-03-1.648193784e-02-2.295517549e-02-2.918261476e-02-3.512344137e-02
-4.073748738e-02-4.598500952e-02-5.082640424e-02-5.522193015e-02-5.913142115e-02
-6.251402199e-02-6.532797217e-02-6.753049046e-02-6.907767802e-02-6.992463022e-02
-7.002569735e-02-6.933486462e-02-6.780651212e-02-6.539631635e-02-6.206260994e-02
-5.776799843e-02-5.248146132e-02-4.618078470e-02-3.885543346e-02-3.050966933e-02
-2.116574906e-02-1.086704154e-02 3.223190433e-04 1.231131982e-02 2.471521497e-02
 3.752550110e-02 5.068565160e-02 6.414754689e-02 7.786439359e-02 9.178683162e-02
 1.058621034e-01 1.200340018e-01 1.342431456e-01 1.484272629e-01 1.625216603e-01
 1.764594615e-01 1.901716739e-01 2.035867274e-01 2.166289389e-01 2.292161435e-01
 2.412558794e-01 2.526415288e-01 2.632494271e-01 2.729404271e-01 2.815687656e-01
 8.858339489e-02 8.725588769e-02 8.159145713e-02 7.458653301e-02 6.745736301e-02
 6.024257839e-02 5.298051238e-02 4.569011182e-02 3.837702051e-02 3.103858232e-02
 2.366673946e-02 1.624955423e-02 8.771575056e-03 1.287688036e-03-6.146158557e-03
-1.347911824e-02-2.066369355e-02-2.765489183e-02-3.440971673e-02-4.088678211e-02
-4.704594240e-02-5.284791440e-02-5.825389549e-02-6.322515756e-02-6.772265583e-02
-7.170668244e-02-7.513651252e-02-7.797013223e-02-8.016408980e-02-8.167336136e-02
-8.245147020e-02-8.245071769e-02-8.162264526e-02-7.991872728e-02-7.729147375e-02
-7.369572669e-02-6.909051538e-02-6.344120204e-02-5.672223121e-02-4.892026260e-02
-4.003790393e-02-3.009804711e-02-1.914910972e-02-7.272761315e-03 5.404918455e-03
 1.876972243e-02 3.244457021e-02 4.640415311e-02 6.061996892e-02 7.505375147e-02
 8.966429532e-02 1.044097394e-01 1.192483529e-01 1.341388077e-01 1.490401328e-01
 1.639114320e-01 1.787107140e-01 1.933929920e-01 2.079065144e-01 2.221866101e-01
 2.361461967e-01 2.496621907e-01 2.625587285e-01 2.745932341e-01 2.854631841e-01
 8.876457065e-02 8.735229075e-02 8.151796460e-02 7.426647097e-02 6.695729494e-02
 5.958840623e-02 5.216003954e-02 4.467319325e-02 3.712622076e-02 2.951414883e-02
 2.182899788e-02 1.406023744e-02 6.194963120e-03-1.687359763e-03-9.532761760e-03
-1.728998683e-02-2.491053566e-02-3.234852850e-02-3.956042975e-02-4.650473222e-02
-5.314157903e-02-5.943233892e-02-6.533915550e-02-7.082448155e-02-7.585059851e-02
-8.037917316e-02-8.437082916e-02-8.778475970e-02-9.057842940e-02-9.270737320e-02
-9.412506968e-02-9.478307515e-02-9.463119507e-02-9.361804277e-02-9.169177711e-02
-8.880119771e-02-8.489725739e-02-7.993497699e-02-7.387584448e-02-6.669079512e-02
-5.836368725e-02-4.889539629e-02-3.830825537e-02-2.665056661e-02-1.399987284e-02
-4.617061059e-04 1.382299978e-02 2.838549577e-02 4.323859140e-02 5.833081156e-02
 7.362429053e-02 8.908867091e-02 1.046988964e-01 1.204344630e-01 1.362791955e-01
 1.522210985e-01 1.682517380e-01 1.843646914e-01 2.005523294e-01 2.167994827e-01
 2.330715805e-01 2.492925823e-01 2.653034329e-01 2.807794511e-01 2.950760424e-01
 8.852137625e-02 8.701467514e-02 8.082531393e-02 7.341026515e-02 6.594920158e-02
 5.842882022e-02 5.084055662e-02 4.317570105e-02 3.542522714e-02 2.757954039e-02
 1.962861046e-02 1.156262681e-02 3.372912295e-03-4.843690898e-03-1.303446945e-02
-2.114829794e-02-2.913641930e-02-3.695268184e-02-4.455347732e-02-5.189751089e-02
-5.894542485e-02-6.565940380e-02-7.200262696e-02-7.793884724e-02-8.343176544e-02
-8.844456077e-02-9.293940663e-02-9.687693417e-02-1.002159119e-01-1.029128432e-01
-1.049218029e-01-1.061942801e-01-1.066793278e-01-1.063237637e-01-1.050727516e-01
-1.028705910e-01-9.966197610e-02-9.539351612e-02-9.001590312e-02-8.348654956e-02
-7.577276230e-02-6.685563922e-02-5.673442408e-02-4.543151706e-02-3.299784288e-02
-1.951912604e-02-5.124735180e-03 1.000008080e-02 2.567678876e-02 4.156366736e-02
 5.764815211e-02 7.391970605e-02 9.037260711e-02 1.070078686e-01 1.238346547e-01
 1.408716887e-01 1.581486911e-01 1.757077724e-01 1.936047971e-01 2.119101286e-01
 2.307082266e-01 2.500937879e-01 2.701574862e-01 2.909116745e-01 3.113307059e-01
 8.730100095e-02 8.563771099e-02 7.949302346e-02 7.197340578e-02 6.440718472e-02
 5.678003654e-02 4.907472059e-02 4.127458483e-02 3.336415067e-02 2.532882430e-02
 1.715416461e-02 8.824761026e-03 3.886484483e-04-8.092697710e-03-1.656246185e-02
-2.496754937e-02-3.325823322e-02-4.138795659e-02-4.931309074e-02-5.699264258e-02
-6.438785791e-02-7.146177441e-02-7.817868143e-02-8.450362086e-02-9.040174633e-02
-9.583781660e-02-1.007755920e-01-1.051773056e-01-1.090032011e-01-1.122110859e-01
-1.147559881e-01-1.165899634e-01-1.176619455e-01-1.179179177e-01-1.173011512e-01
-1.157528460e-01-1.132129952e-01-1.096217260e-01-1.049210802e-01-9.905724227e-02
-9.198354185e-02-8.366388828e-02-7.407703996e-02-6.322142482e-02-5.112058297e-02
-3.782895952e-02-2.343767881e-02-8.078780025e-03 8.075422607e-03 2.480273880e-02
 4.171652719e-02 5.881631374e-02 7.610928267e-02 9.361307323e-02 1.113576442e-01
 1.293876618e-01 1.477660537e-01 1.665788740e-01 1.859423220e-01 2.060126811e-01
 2.270016074e-01 2.492017448e-01 2.730360031e-01 2.991688848e-01 3.264076114e-01
 8.551195264e-02 8.369312435e-02 7.748553902e-02 6.991981715e-02 6.232596561e-02
 5.466961488e-02 4.691828415e-02 3.904665262e-02 3.103485145e-02 2.286640741e-02
 1.452660467e-02 6.001063623e-03-2.637630561e-03-1.133114193e-02-2.002352104e-02
-2.866177820e-02-3.719613701e-02-4.558006674e-02-5.377014726e-02-6.172581762e-02
-6.940896809e-02-7.678351551e-02-8.381482959e-02-9.046918899e-02-9.671317786e-02
-1.025130823e-01-1.078342497e-01-1.126405448e-01-1.168937683e-01-1.205531806e-01
-1.235750467e-01-1.259123385e-01-1.275144368e-01-1.283271760e-01-1.282928884e-01
-1.273507774e-01-1.254376471e-01-1.224888116e-01-1.184396669e-01-1.132275909e-01
-1.067945063e-01-9.909009188e-02-9.007565677e-02-7.972880453e-02-6.804867089e-02
-5.506176874e-02-4.082812741e-02-2.544726804e-02-9.063892066e-03 8.126138709e-03
 2.587165125e-02 4.377557710e-02 6.184855103e-02 8.011905104e-02 9.862998128e-02
 1.174406409e-01 1.366311908e-01 1.563093513e-01 1.766197979e-01 1.977574527e-01
 2.199863791e-01 2.436647415e-01 2.692741752e-01 2.974386811e-01 3.275253177e-01
 8.312115818e-02 8.114772290e-02 7.462999970e-02 6.717965007e-02 5.972157791e-02
 5.216327682e-02 4.446166009e-02 3.659284115e-02 2.854089811e-02 2.029353753e-02
 1.184075419e-02 3.173401812e-03-5.615781061e-03-1.446961612e-02-2.333247103e-02
-3.215137497e-02-4.087652639e-02-4.946148396e-02-5.786307901e-02-6.604117900e-02
-7.395830750e-02-8.157920092e-02-8.887024224e-02-9.579888731e-02-1.023330241e-01
-1.084403619e-01-1.140877753e-01-1.192406863e-01-1.238624677e-01-1.279138774e-01
-1.313525289e-01-1.341325641e-01-1.362042129e-01-1.375136375e-01-1.380029470e-01
-1.376103759e-01-1.362706423e-01-1.339158416e-01-1.304765642e-01-1.258835942e-01
-1.200700775e-01-1.129744500e-01-1.045440286e-01-9.473934025e-02-8.353929967e-02
-7.094706595e-02-5.699647591e-02-4.175899178e-02-2.535072900e-02-7.939576171e-03
 1.024780795e-02 2.891826071e-02 4.767219350e-02 6.656164676e-02 8.563685417e-02
 1.049571782e-01 1.245983094e-01 1.446588933e-01 1.652685404e-01 1.865985841e-01
 2.088779658e-01 2.324172258e-01 2.576458156e-01 2.851666808e-01 3.145501614e-01
 7.853131741e-02 7.595909387e-02 7.054801285e-02 6.384787709e-02 5.678212270e-02
 4.944972694e-02 4.187438264e-02 3.406238183e-02 2.601298131e-02 1.772144437e-02
 9.179856628e-03 4.320571898e-04-8.455839939e-03-1.742215455e-02-2.640906908e-02
-3.536253050e-02-4.423226416e-02-5.297171324e-02-6.153786182e-02-6.989093870e-02
-7.799404860e-02-8.581264317e-02-9.331402183e-02-1.004666612e-01-1.072396487e-01
-1.136019826e-01-1.195219234e-01-1.249663457e-01-1.299000978e-01-1.342853755e-01
-1.380812526e-01-1.412430853e-01-1.437221467e-01-1.454653591e-01-1.464151591e-01
-1.465094090e-01-1.456818879e-01-1.438626498e-01-1.409791261e-01-1.369574517e-01
-1.317244470e-01-1.252101809e-01-1.173512936e-01-1.080951244e-01-9.740457684e-02
-8.526400477e-02-7.168554515e-02-5.671609566e-02-4.044412076e-02-2.300554886e-02
-4.586922936e-03 1.457747910e-02 3.382574022e-02 5.315706506e-02 7.259060442e-02
 9.216134250e-02 1.119184792e-01 1.319256425e-01 1.522622257e-01 1.730255932e-01
 1.943339109e-01 2.163312286e-01 2.391998917e-01 2.632165551e-01 2.883792222e-01
 7.544438541e-02 7.267534733e-02 6.729892641e-02 6.084686518e-02 5.401980504e-02
 4.685845971e-02 3.939345479e-02 3.164158389e-02 2.361002378e-02 1.529969834e-02
 6.707237102e-03-2.099823207e-03-1.105667464e-02-2.010160498e-02-2.917648293e-02
-3.822699934e-02-4.720276967e-02-5.605729297e-02-6.474776566e-02-7.323478907e-02
-8.148196340e-02-8.945539594e-02-9.712315351e-02-1.044546366e-01-1.114199460e-01
-1.179892123e-01-1.241319105e-01-1.298161894e-01-1.350082755e-01-1.396717131e-01
-1.437668800e-01-1.472504288e-01-1.500747949e-01-1.521878242e-01-1.535325944e-01
-1.540472507e-01-1.536652297e-01-1.523156315e-01-1.499239951e-01-1.464135051e-01
-1.417067200e-01-1.357278824e-01-1.284060180e-01-1.196788549e-01-1.094975397e-01
-9.783240408e-02-8.467957377e-02-7.006825507e-02-5.406873673e-02-3.680042922e-02
-1.844006032e-02 7.699303096e-04 2.051050588e-02 4.021173343e-02 5.987725034e-02
 7.952377945e-02 9.917382896e-02 1.188518256e-01 1.385801882e-01 1.583732367e-01
 1.782259792e-01 1.980922818e-01 2.178388685e-01 2.371445000e-01 2.553328872e-01
 7.338497043e-02 7.051851600e-02 6.496686488e-02 5.850405991e-02 5.171882361e-02
 4.461465031e-02 3.719961271e-02 2.948005125e-02 2.145923115e-02 1.313726418e-02
 4.511241801e-03-4.334874451e-03-1.333703101e-02-2.243408561e-02-3.156826645e-02
-4.068551213e-02-4.973565042e-02-5.867242068e-02-6.745330244e-02-7.603926212e-02
-8.439437300e-02-9.248529375e-02-1.002807468e-01-1.077508852e-01-1.148666590e-01
-1.215991452e-01-1.279188395e-01-1.337949932e-01-1.391949952e-01-1.440835744e-01
-1.484223455e-01-1.521691382e-01-1.552775055e-01-1.576963365e-01-1.593695134e-01
-1.602357626e-01-1.602287441e-01-1.592772603e-01-1.573060006e-01-1.542364508e-01
-1.499885619e-01-1.444828361e-01-1.376431882e-01-1.294007301e-01-1.196983457e-01
-1.084963456e-01-9.577908367e-02-8.156252652e-02-6.590251625e-02-4.890352115e-02
-3.072743490e-02-1.160179544e-02 8.173134178e-03 2.821970731e-02 4.804635793e-02
 6.767745316e-02 8.712182939e-02 1.063770428e-01 1.254272163e-01 1.442367733e-01
 1.627397984e-01 1.808247417e-01 1.983141452e-01 2.149464637e-01 2.303788066e-01
 7.158228755e-02 6.861338019e-02 6.312826276e-02 5.664493516e-02 4.985786974e-02
 4.276601225e-02 3.536716104e-02 2.765952982e-02 1.964122057e-02 1.131032407e-02
 2.663506428e-03-6.204486825e-03-1.523210853e-02-2.435949631e-02-3.352959082e-02
-4.268878698e-02-5.178724602e-02-6.077900529e-02-6.962183863e-02-7.827706635e-02
-8.670911938e-02-9.488511831e-02-1.027742997e-01-1.103474051e-01-1.175760552e-01
-1.244320571e-01-1.308867335e-01-1.369102299e-01-1.424708515e-01-1.475343406e-01
-1.520633399e-01-1.560166925e-01-1.593489945e-01-1.620101035e-01-1.639447361e-01
-1.650923938e-01-1.653871536e-01-1.647580564e-01-1.631295383e-01-1.604223698e-01
-1.565550566e-01-1.514459252e-01-1.450157166e-01-1.371912509e-01-1.279098839e-01
-1.171249673e-01-1.048124358e-01-9.097822756e-02-7.566656172e-02-5.896843597e-02
-4.102978855e-02-2.205801569e-02-2.324771602e-03 1.783866249e-02 3.771947697e-02
 5.728295818e-02 7.650797069e-02 9.537126124e-02 1.138388664e-01 1.318596900e-01
 1.493596137e-01 1.662360877e-01 1.823545396e-01 1.975501776e-01 2.116384655e-01
 7.026426494e-02 6.723567098e-02 6.168196723e-02 5.517740175e-02 4.838827252e-02
 4.130445793e-02 3.391677886e-02 2.621722780e-02 1.819835044e-02 9.852224961e-03
 1.211659517e-03-7.657222915e-03-1.669118553e-02-2.582990006e-02-3.501629829e-02
-4.419691861e-02-5.332212523e-02-6.234614179e-02-7.122698426e-02-7.992619276e-02
-8.840849251e-02-9.664130956e-02-1.045942381e-01-1.122384295e-01-1.195459813e-01
-1.264892519e-01-1.330401152e-01-1.391693950e-01-1.448460966e-01-1.500367075e-01
-1.547046453e-01-1.588096172e-01-1.623070240e-01-1.651475281e-01-1.672766805e-01
-1.686346084e-01-1.691560298e-01-1.687703729e-01-1.674022228e-01-1.649721712e-01
-1.613981724e-01-1.565973908e-01-1.504888833e-01-1.429968923e-01-1.340553761e-01
-1.236132756e-01-1.116409749e-01-9.813775122e-02-8.314003050e-02-6.673019379e-02
-4.904549941e-02-3.028647788e-02-1.072444208e-02 9.291489609e-03 2.932494693e-02
 4.886962473e-02 6.793019921e-02 8.649264276e-02 1.045271009e-01 1.219880432e-01
 1.388137788e-01 1.549263895e-01 1.702333391e-01 1.846314371e-01 1.980143934e-01
 6.923546642e-02 6.616420299e-02 6.053452939e-02 5.403860286e-02 4.727551341e-02
 4.022199288e-02 3.286261857e-02 2.518610097e-02 1.718333736e-02 8.846027777e-03
 2.161753946e-04-8.643345907e-03-1.767068543e-02-2.680617943e-02-3.599313647e-02
-4.517833143e-02-5.431229621e-02-6.334941089e-02-7.224779576e-02-8.096915483e-02
-8.947832882e-02-9.774291515e-02-1.057327092e-01-1.134190857e-01-1.207744107e-01
-1.277713478e-01-1.343821287e-01-1.405780017e-01-1.463283747e-01-1.516002417e-01
-1.563575715e-01-1.605605930e-01-1.641653031e-01-1.671229750e-01-1.693797112e-01
-1.708762348e-01-1.715477854e-01-1.713242084e-01-1.701304168e-01-1.678871512e-01
-1.645122766e-01-1.599225849e-01-1.540363580e-01-1.467766613e-01-1.380756795e-01
-1.278799176e-01-1.161565855e-01-1.029009297e-01-8.814443648e-02-7.196356356e-02
-5.448854715e-02-3.591148555e-02-1.649273373e-02 3.435836406e-03 2.347298712e-02
 4.295098782e-02 6.186567619e-02 8.020178974e-02 9.793262929e-02 1.150202304e-01
 1.314160228e-01 1.470621824e-01 1.618939936e-01 1.758434176e-01 1.888439059e-01
 6.820255518e-02 6.505946070e-02 5.957426503e-02 5.318512395e-02 4.651454836e-02
 3.953253850e-02 3.222764656e-02 2.459331974e-02 1.662359945e-02 8.312106133e-03
-2.940882696e-04-9.132258594e-03-1.814083755e-02-2.726039290e-02-3.643438965e-02
-4.560969770e-02-5.473689362e-02-6.377037615e-02-7.266829163e-02-8.139231801e-02
-8.990729600e-02-9.818083793e-02-1.061827317e-01-1.138844267e-01-1.212583184e-01
-1.282771528e-01-1.349133104e-01-1.411381364e-01-1.469212472e-01-1.522298455e-01
-1.570280939e-01-1.612765193e-01-1.649314314e-01-1.679443568e-01-1.702617854e-01
-1.718247831e-01-1.725689173e-01-1.724243909e-01-1.713164151e-01-1.691660434e-01
-1.658912897e-01-1.614091098e-01-1.556377113e-01-1.484999955e-01-1.399276406e-01
-1.298664808e-01-1.182825863e-01-1.051696539e-01-9.055702388e-02-7.451835275e-02
-5.718010291e-02-3.872944787e-02-1.942018978e-02 4.243157455e-04 2.041271701e-02
 3.980547190e-02 5.859555304e-02 7.676739991e-02 9.429670125e-02 1.111507043e-01
 1.272891909e-01 1.426660866e-01 1.572316885e-01 1.709355861e-01 1.837301701e-01
 6.721465290e-02 6.388597190e-02 5.880561098e-02 5.272916704e-02 4.619736224e-02
 3.929997236e-02 3.205696493e-02 2.447282709e-02 1.654629409e-02 8.273264393e-03
-2.977144613e-04-9.103475139e-03-1.808220521e-02-2.717432752e-02-3.632318228e-02
-4.547552392e-02-5.458182096e-02-6.359633803e-02-7.247707993e-02-8.118557185e-02
-8.968651295e-02-9.794732928e-02-1.059376895e-01-1.136288345e-01-1.209930554e-01
-1.280029416e-01-1.346307248e-01-1.408476532e-01-1.466232389e-01-1.519245803e-01
-1.567158103e-01-1.609573960e-01-1.646055728e-01-1.676119864e-01-1.699230969e-01
-1.714800447e-01-1.722185761e-01-1.720690131e-01-1.709568501e-01-1.688033938e-01
-1.655271053e-01-1.610453427e-01-1.552768946e-01-1.481452584e-01-1.395829469e-01
-1.295365244e-01-1.179729849e-01-1.048869491e-01-9.030865878e-02-7.431257516e-02
-5.702582374e-02-3.863593936e-02-1.939668320e-02 3.692038008e-04 2.027168497e-02
 3.956989571e-02 5.825686082e-02 7.631742954e-02 9.372825921e-02 1.104582921e-01
 1.264699101e-01 1.417205930e-01 1.561650485e-01 1.697580665e-01 1.824573725e-01
 6.775592268e-02 6.458593160e-02 5.922147632e-02 5.299731344e-02 4.646022245e-02
 3.959278390e-02 3.239050880e-02 2.485088073e-02 1.697048545e-02 8.744507097e-03
 2.177897259e-04-8.546154946e-03-1.748510450e-02-2.653912827e-02-3.565128893e-02
-4.476808757e-02-5.383973569e-02-6.282024831e-02-7.166735083e-02-8.034228534e-02
-8.880946040e-02-9.703597426e-02-1.049911603e-01-1.126459315e-01-1.199721992e-01
-1.269421875e-01-1.335278153e-01-1.396998614e-01-1.454275101e-01-1.506775022e-01
-1.554135680e-01-1.595958322e-01-1.631802320e-01-1.661180556e-01-1.683555692e-01
-1.698337197e-01-1.704880893e-01-1.702490896e-01-1.690423042e-01-1.667893827e-01
-1.634092927e-01-1.588202417e-01-1.529421061e-01-1.456999034e-01-1.370279640e-01
-1.268753111e-01-1.152117550e-01-1.020353511e-01-8.738029003e-02-7.132550329e-02
-5.400324985e-02-3.560679033e-02-1.639650017e-02 3.297334537e-03 2.307709306e-02
 4.227117449e-02 6.087497994e-02 7.887382060e-02 9.624318779e-02 1.129496619e-01
 1.289521605e-01 1.442036778e-01 1.586537063e-01 1.722510755e-01 1.849475205e-01
 6.844660640e-02 6.533602625e-02 6.000313535e-02 5.377184600e-02 4.723834991e-02
 4.039192945e-02 3.322376311e-02 2.572751977e-02 1.789763570e-02 9.727804922e-03
 1.252922928e-03-7.461022586e-03-1.635086164e-02-2.535622194e-02-3.441986069e-02
-4.348798841e-02-5.251052231e-02-6.144115329e-02-7.023723423e-02-7.885963470e-02
-8.727230132e-02-9.544190764e-02-1.033372581e-01-1.109287590e-01-1.181877777e-01
-1.250859499e-01-1.315945387e-01-1.376837939e-01-1.433221847e-01-1.484758109e-01
-1.531077623e-01-1.571775079e-01-1.606403887e-01-1.634470969e-01-1.655433774e-01
-1.668697596e-01-1.673615873e-01-1.669490933e-01-1.655580103e-01-1.631104201e-01
-1.595260799e-01-1.547243893e-01-1.486270428e-01-1.411615014e-01-1.322652847e-01
-1.218913719e-01-1.100145504e-01-9.663869441e-02-8.180478960e-02-6.559945643e-02
-4.816338047e-02-2.969928458e-02-1.047887094e-02 9.150706232e-03 2.875800058e-02
 4.783058539e-02 6.637030840e-02 8.436161280e-02 1.017756164e-01 1.185718030e-01
 1.346992403e-01 1.500980407e-01 1.647017151e-01 1.784407496e-01 1.912473738e-01
 6.957161427e-02 6.654717773e-02 6.115702912e-02 5.496355891e-02 4.846652970e-02
 4.165704548e-02 3.453049436e-02 2.708349004e-02 1.931336895e-02 1.121808123e-02
 2.794591244e-03-5.863081664e-03-1.469413936e-02-2.363903075e-02-3.264068067e-02
-4.164518416e-02-5.060217902e-02-5.946499854e-02-6.819058210e-02-7.673931122e-02
-8.507460356e-02-9.316253662e-02-1.009712890e-01-1.084705815e-01-1.156309992e-01
-1.224234328e-01-1.288183182e-01-1.347850114e-01-1.402911097e-01-1.453018188e-01
-1.497793049e-01-1.536821425e-01-1.569647491e-01-1.595771015e-01-1.614641845e-01
-1.625659913e-01-1.628174633e-01-1.621487439e-01-1.604858190e-01-1.577514261e-01
-1.538665444e-01-1.487524807e-01-1.423335969e-01-1.345410049e-01-1.253169477e-01
-1.146203130e-01-1.024331003e-01-8.876763284e-02-7.367453724e-02-5.725082383e-02
-3.964737058e-02-2.107480541e-02-1.805639011e-03 1.783077605e-02 3.712674975e-02
 5.603930354e-02 7.453867048e-02 9.259360284e-02 1.101645082e-01 1.271996498e-01
 1.436329782e-01 1.593833268e-01 1.743555665e-01 1.884445846e-01 2.015423775e-01
 7.087528706e-02 6.793528795e-02 6.272502989e-02 5.659373477e-02 5.014266074e-02
 4.337316751e-02 3.628700972e-02 2.888600528e-02 2.117096260e-02 1.314105000e-02
 4.793270491e-03-3.790280549e-03-1.254655793e-02-2.141488716e-02-3.033753112e-02
-3.926011175e-02-4.813184589e-02-5.690562725e-02-6.553792208e-02-7.398854941e-02
-8.222033083e-02-9.019863605e-02-9.789088368e-02-1.052659377e-01-1.122934967e-01
-1.189434454e-01-1.251852065e-01-1.309870631e-01-1.363154948e-01-1.411345601e-01
-1.454053223e-01-1.490852535e-01-1.521277279e-01-1.544817388e-01-1.560915112e-01
-1.568964273e-01-1.568311453e-01-1.558259130e-01-1.538072526e-01-1.506991088e-01
-1.464243829e-01-1.409072578e-01-1.340760589e-01-1.258670688e-01-1.162292287e-01
-1.051296368e-01-9.256022424e-02-7.854504138e-02-6.314822286e-02-4.648214206e-02
-2.871524915e-02-1.007908024e-02 9.125987068e-03 2.852566727e-02 4.763645679e-02
 6.646709889e-02 8.500852436e-02 1.032382548e-01 1.211194023e-01 1.385971010e-01
 1.555935740e-01 1.720030755e-01 1.876885146e-01 2.024830580e-01 2.162006795e-01
 7.273684442e-02 6.991600990e-02 6.479165703e-02 5.871316791e-02 5.229135230e-02
 4.554069415e-02 3.847523034e-02 3.110560030e-02 2.343788743e-02 1.547385193e-02
 7.211477496e-03-1.284316764e-03-9.949509054e-03-1.872276515e-02-2.754592337e-02
-3.636428714e-02-4.512676597e-02-5.378588662e-02-6.229767203e-02-7.062139362e-02
-7.871920615e-02-8.655571938e-02-9.409745783e-02-1.013123319e-01-1.081689596e-01
-1.146361008e-01-1.206819490e-01-1.262735277e-01-1.313760132e-01-1.359521896e-01
-1.399617940e-01-1.433610469e-01-1.461022794e-01-1.481334418e-01-1.493980139e-01
-1.498349905e-01-1.493789852e-01-1.479607522e-01-1.455080211e-01-1.419467330e-01
-1.372028887e-01-1.312048733e-01-1.238866672e-01-1.151918173e-01-1.050782353e-01
-9.352396429e-02-8.053376526e-02-6.614641100e-02-5.044240505e-02-3.355166316e-02
-1.566059887e-02 2.982272301e-03 2.206312306e-02 4.104456678e-02 5.991568789e-02
 7.867265493e-02 9.731063992e-02 1.158188581e-01 1.341752559e-01 1.523392200e-01
 1.702406704e-01 1.877646148e-01 2.047310621e-01 2.208768129e-01 2.358582765e-01
 7.529041171e-02 7.263632119e-02 6.749038398e-02 6.141456962e-02 5.494847521e-02
 4.814877734e-02 4.105452448e-02 3.368584812e-02 2.605139464e-02 1.815272681e-02
 9.986340068e-03 1.593208639e-03-6.961745210e-03-1.561729889e-02-2.431557886e-02
-3.300208598e-02-4.162578285e-02-5.013905466e-02-5.849760026e-02-6.666019559e-02
-7.458832860e-02-8.224578202e-02-8.959814161e-02-9.661220759e-02-1.032554209e-01
-1.094952375e-01-1.152984872e-01-1.206307933e-01-1.254558861e-01-1.297351122e-01
-1.334268749e-01-1.364861131e-01-1.388640404e-01-1.405077726e-01-1.413602978e-01
-1.413605064e-01-1.404435337e-01-1.385414153e-01-1.355840117e-01-1.315005720e-01
-1.262216270e-01-1.196817309e-01-1.118227392e-01-1.025980040e-01-9.197731316e-02
-7.995276898e-02-6.654523313e-02-5.181143805e-02-3.585120291e-02-1.881429926e-02
-9.063422913e-04 1.760727167e-02 3.615731001e-02 5.474382266e-02 7.337267697e-02
 9.205570817e-02 1.108091250e-01 1.296511889e-01 1.485986859e-01 1.676608026e-01
 1.868280023e-01 2.060502619e-01 2.251913697e-01 2.439287007e-01 2.615872622e-01
 7.893935591e-02 7.668497413e-02 7.135684043e-02 6.484724581e-02 5.808464438e-02
 5.110210925e-02 4.391042888e-02 3.651108965e-02 2.890133858e-02 2.107619308e-02
 1.302960794e-02 4.756044596e-03-3.663487500e-03-1.217159070e-02-2.071230486e-02
-2.923214808e-02-3.768056259e-02-4.601005092e-02-5.417612940e-02-6.213713065e-02
-6.985387951e-02-7.728931308e-02-8.440796286e-02-9.117545933e-02-9.755792469e-02
-1.035214216e-01-1.090312898e-01-1.140516400e-01-1.185446978e-01-1.224703342e-01
-1.257855892e-01-1.284442544e-01-1.303965896e-01-1.315891594e-01-1.319648772e-01
-1.314631850e-01-1.300205588e-01-1.275713593e-01-1.240489855e-01-1.193876341e-01
-1.135244891e-01-1.064026430e-01-9.797462821e-02-8.820671588e-02-7.708405703e-02
-6.461636722e-02-5.084427446e-02-3.584601358e-02-1.974391565e-02-2.710251836e-03
 1.502835844e-02 3.290072083e-02 5.091185495e-02 6.907473505e-02 8.741152287e-02
 1.059550270e-01 1.247500777e-01 1.438551694e-01 1.633444428e-01 1.833099872e-01
 2.038649172e-01 2.251481861e-01 2.473371327e-01 2.707029283e-01 2.952401340e-01
 8.321673423e-02 8.151427656e-02 7.560116798e-02 6.842887402e-02 6.129084900e-02
 5.410090834e-02 4.681042954e-02 3.939086571e-02 3.182283789e-02 2.409106866e-02
 1.618173718e-02 8.080448024e-03-1.592417684e-04-8.477298543e-03-1.681761444e-02
-2.512715012e-02-3.335573152e-02-4.145599529e-02-4.938330129e-02-5.709555000e-02
-6.455288082e-02-7.171732187e-02-7.855230570e-02-8.502219617e-02-9.109173715e-02
-9.672548622e-02-1.018872559e-01-1.065395772e-01-1.106431857e-01-1.141565368e-01
-1.170354411e-01-1.192327216e-01-1.206980646e-01-1.213779822e-01-1.212159544e-01
-1.201528460e-01-1.181276441e-01-1.150784343e-01-1.109439284e-01-1.056654230e-01
-9.918928891e-02-9.147009999e-02-8.247438073e-02-7.218503207e-02-6.060635298e-02
-4.776956141e-02-3.373878822e-02-1.861715317e-02-2.552410588e-03 1.425848156e-02
 3.126758710e-02 4.847858846e-02 6.590327621e-02 8.356337994e-02 1.014928967e-01
 1.197409555e-01 1.383756995e-01 1.574894786e-01 1.772062033e-01 1.976917833e-01
 2.191696167e-01 2.419442832e-01 2.664386332e-01 2.932477891e-01 3.219413161e-01
 8.597722650e-02 8.451708406e-02 7.849965245e-02 7.124941796e-02 6.402446330e-02
 5.678155273e-02 4.948759079e-02 4.211558774e-02 3.464395180e-02 2.705497667e-02
 1.933374442e-02 1.146778185e-02 3.447073279e-03-4.633815493e-03-1.272349805e-02
-2.077115886e-02-2.872763760e-02-3.654590994e-02-4.418122396e-02-5.159103870e-02
-5.873478204e-02-6.557351351e-02-7.206954807e-02-7.818590850e-02-8.388590813e-02
-8.913260698e-02-9.388826042e-02-9.811390936e-02-1.017688364e-01-1.048102900e-01
-1.071930975e-01-1.088695079e-01-1.097891629e-01-1.098991930e-01-1.091445610e-01
-1.074687392e-01-1.048145890e-01-1.011257246e-01-9.634825587e-02-9.043307602e-02
-8.333867788e-02-7.503451407e-02-6.550488621e-02-5.475336313e-02-4.280747846e-02
-2.972380817e-02-1.559295971e-02-5.452933838e-04 1.524432097e-02 3.127421439e-02
 4.754198343e-02 6.405184418e-02 8.081638068e-02 9.785865992e-02 1.152149737e-01
 1.329383701e-01 1.511034220e-01 1.698127687e-01 1.892063171e-01 2.094743550e-01
 2.308759689e-01 2.537638247e-01 2.786129415e-01 3.060391843e-01 3.354093432e-01
 8.742679656e-02 8.610625565e-02 8.040920645e-02 7.326206565e-02 6.611292064e-02
 5.895182118e-02 5.176004767e-02 4.451913014e-02 3.721196577e-02 2.982286736e-02
 2.233718336e-02 1.474068779e-02 7.018704899e-03-7.570639718e-04-8.533315733e-03
-1.625852659e-02-2.388323843e-02-3.136017546e-02-3.864421695e-02-4.569225386e-02
-5.246294662e-02-5.891638249e-02-6.501369923e-02-7.071664184e-02-7.598710805e-02
-8.078668267e-02-8.507619798e-02-8.881530166e-02-9.196209908e-02-9.447290748e-02
-9.630201012e-02-9.740163386e-02-9.772210568e-02-9.721207619e-02-9.581917524e-02
-9.349080175e-02-9.017539769e-02-8.582402021e-02-8.039250970e-02-7.384403795e-02
-6.615228951e-02-5.730515718e-02-4.730877280e-02-3.619178012e-02-2.400948852e-02
-1.084808726e-02 3.175280988e-03 1.790324971e-02 3.290289268e-02 4.816352203e-02
 6.367860734e-02 7.944725454e-02 9.547582269e-02 1.117798761e-01 1.283864826e-01
 1.453371644e-01 1.626916528e-01 1.805329472e-01 1.989742666e-01 2.181689739e-01
 2.383257598e-01 2.597338557e-01 2.828117609e-01 3.082160950e-01 3.347551823e-01
 8.830416948e-02 8.714728802e-02 8.152011037e-02 7.452040911e-02 6.753154099e-02
 6.053943932e-02 5.353097990e-02 4.649381712e-02 3.941621631e-02 3.228659183e-02
 2.509302832e-02 1.782282069e-02 1.046174765e-02 3.053234424e-03-4.347085487e-03
-1.168698631e-02-1.891680621e-02-2.598912269e-02-3.285853937e-02-3.948148340e-02
-4.581592232e-02-5.182106420e-02-5.745698139e-02-6.268421561e-02-6.746338308e-02
-7.175478339e-02-7.551800460e-02-7.871160656e-02-8.129289001e-02-8.321768045e-02
-8.444035053e-02-8.491387963e-02-8.459018171e-02-8.342058957e-02-8.135672659e-02
-7.835154235e-02-7.436084002e-02-6.934516877e-02-6.327225268e-02-5.611995980e-02
-4.787984118e-02-3.856129572e-02-2.819613367e-02-1.684294455e-02-4.589226097e-03
 8.431992494e-03 2.209541574e-02 3.606250882e-02 5.031458288e-02 6.483341753e-02
 7.960346341e-02 9.461324662e-02 1.098566577e-01 1.253340691e-01 1.410537958e-01
 1.570334882e-01 1.733016819e-01 1.898994148e-01 2.068815380e-01 2.243176997e-01
 2.422919720e-01 2.608995438e-01 2.802336812e-01 3.003155887e-01 3.201311231e-01
 8.834216744e-02 8.731855452e-02 8.181090653e-02 7.502652705e-02 6.826852262e-02
 6.151072308e-02 5.474455655e-02 4.796596617e-02 4.117074981e-02 3.435311839e-02
 2.750558965e-02 2.061946131e-02 1.368564367e-02 6.696370430e-03-2.685160434e-04
-7.160242647e-03-1.393071935e-02-2.053323761e-02-2.692262270e-02-3.305516019e-02
-3.888839856e-02-4.438088089e-02-4.949183762e-02-5.418083817e-02-5.840749294e-02
-6.213108823e-02-6.531035155e-02-6.790319085e-02-6.986662000e-02-7.115667313e-02
-7.172857225e-02-7.153701782e-02-7.053668052e-02-6.868296117e-02-6.593303382e-02
-6.224716082e-02-5.759042874e-02-5.193482339e-02-4.526180029e-02-3.756540641e-02
-2.885607071e-02-1.916523091e-02-8.552226238e-03 2.885397989e-03 1.507184561e-02
 2.762866952e-02 4.057167098e-02 5.385002121e-02 6.742422283e-02 8.126083761e-02
 9.533042461e-02 1.096068919e-01 1.240674481e-01 1.386929005e-01 1.534678936e-01
 1.683810055e-01 1.834243089e-01 1.985919774e-01 2.138770372e-01 2.292652577e-01
 2.447233349e-01 2.601770461e-01 2.754698694e-01 2.902795076e-01 3.039577305e-01
 8.718105406e-02 8.616366982e-02 8.116330206e-02 7.479747385e-02 6.835150719e-02
 6.186240539e-02 5.536391586e-02 4.887273535e-02 4.239461198e-02 3.592868522e-02
 2.946995571e-02 2.301065624e-02 1.654087007e-02 1.004818827e-02 3.587162355e-03
-2.790278755e-03-9.035686962e-03-1.510270499e-02-2.094651572e-02-2.652355097e-02
-3.179125488e-02-3.670784086e-02-4.123203456e-02-4.532281309e-02-4.893915355e-02
-5.203981325e-02-5.458316579e-02-5.652709678e-02-5.782903731e-02-5.844609067e-02
-5.833532661e-02-5.745431781e-02-5.576184765e-02-5.321892351e-02-4.979008436e-02
-4.544496536e-02-4.016012698e-02-3.392114490e-02-2.672476135e-02-1.858191006e-02
-9.520418942e-03 4.154006601e-04 1.116049103e-02 2.235516720e-02 3.399961814e-02
 4.604617134e-02 5.845802277e-02 7.119461149e-02 8.421474695e-02 9.747741371e-02
 1.109417900e-01 1.245673150e-01 1.383137107e-01 1.521411538e-01 1.660102308e-01
 1.798816323e-01 1.937151849e-01 2.074678987e-01 2.210901082e-01 2.345193923e-01
 2.476708144e-01 2.604232430e-01 2.726022005e-01 2.839654684e-01 2.942092419e-01
 8.632037044e-02 8.562086523e-02 8.059721440e-02 7.424461842e-02 6.790773571e-02
 6.159462407e-02 5.533191562e-02 4.913055152e-02 4.299210757e-02 3.691273555e-02
 3.088540956e-02 2.490135282e-02 1.895105466e-02 1.302541140e-02 7.117724512e-03
 1.313113258e-03-4.345343914e-03-9.813962504e-03-1.504936814e-02-2.000879683e-02
-2.465010434e-02-2.893164940e-02-3.281214088e-02-3.625044972e-02-3.920550272e-02
-4.163613543e-02-4.350107163e-02-4.475897178e-02-4.536860436e-02-4.528913647e-02
-4.448064417e-02-4.290483892e-02-4.052605480e-02-3.731250390e-02-3.323796391e-02
-2.828375436e-02-2.244080976e-02-1.571192592e-02-8.110977709e-03 3.306859289e-04
 9.553085081e-03 1.950129867e-02 2.991271950e-02 4.077152163e-02 5.205556005e-02
 6.373262405e-02 7.576557994e-02 8.811283112e-02 1.007289812e-01 1.135651618e-01
 1.265691966e-01 1.396857798e-01 1.528567225e-01 1.660213321e-01 1.791169196e-01
 1.920791119e-01 2.048420012e-01 2.173374295e-01 2.294935882e-01 2.412320822e-01
 2.524641752e-01 2.630863190e-01 2.729772329e-01 2.819988728e-01 2.900055051e-01
 8.521819115e-02 8.484560996e-02 7.972458005e-02 7.310074568e-02 6.671500206e-02
 6.051884964e-02 5.448432639e-02 4.859331623e-02 4.283090308e-02 3.718305379e-02
 3.163612634e-02 2.617687359e-02 2.079249918e-02 1.547034550e-02 1.019682921e-02
 5.032721907e-03 2.343361484e-05-4.787082784e-03-9.356038645e-03-1.364148036e-02
-1.760203950e-02-2.119673602e-02-2.438483573e-02-2.712576278e-02-2.937905863e-02
-3.110443056e-02-3.226183727e-02-3.281170875e-02-3.271523491e-02-3.193480521e-02
-3.043473326e-02-2.818217874e-02-2.514829487e-02-2.130955830e-02-1.665012166e-02
-1.116476767e-02-4.861101042e-03 2.227281453e-03 1.008061506e-02 1.867512241e-02
 2.778972872e-02 3.744017705e-02 4.758870229e-02 5.820352584e-02 6.925297529e-02
 8.070208132e-02 9.251135588e-02 1.046359614e-01 1.170250550e-01 1.296213269e-01
 1.423606277e-01 1.551718712e-01 1.679774374e-01 1.806939393e-01 1.932337284e-01
 2.055068016e-01 2.174230665e-01 2.288944423e-01 2.398365438e-01 2.501694560e-01
 2.598178685e-01 2.687103748e-01 2.767792940e-01 2.839615345e-01 2.902016938e-01
 8.231386542e-02 8.201663941e-02 7.702973485e-02 7.049837708e-02 6.425732374e-02
 5.829140544e-02 5.257126316e-02 4.706810787e-02 4.175542295e-02 3.660956398e-02
 3.160986677e-02 2.673862316e-02 2.198089845e-02 1.732440852e-02 1.275956817e-02
 8.280204609e-03 3.967432771e-03-1.362552721e-04-3.990279511e-03-7.554775570e-03
-1.079015527e-02-1.365694683e-02-1.611575857e-02-1.812732033e-02-1.965260506e-02
-2.065307088e-02-2.109095827e-02-2.092968486e-02-2.013422363e-02-1.867144182e-02
-1.651108451e-02-1.362722460e-02-9.999514557e-03-5.611859262e-03-4.566682037e-04
 5.456429906e-03 1.213999558e-02 1.937999390e-02 2.720501088e-02 3.561898321e-02
 4.458936304e-02 5.409403518e-02 6.410816312e-02 7.460512966e-02 8.555570245e-02
 9.692651033e-02 1.086786166e-01 1.207660511e-01 1.331342608e-01 1.457186639e-01
 1.584434062e-01 1.712204814e-01 1.839496046e-01 1.965194196e-01 2.088100761e-01
 2.206976265e-01 2.320597768e-01 2.427823693e-01 2.527656257e-01 2.619289756e-01
 2.702136636e-01 2.775832117e-01 2.840216458e-01 2.895305753e-01 2.941254973e-01
 7.786767930e-02 7.764068991e-02 7.251922786e-02 6.616416574e-02 6.021744758e-02
 5.463240296e-02 4.936687648e-02 4.437809065e-02 3.962721303e-02 3.508123755e-02
 3.071331047e-02 2.650229260e-02 2.243206464e-02 1.849089377e-02 1.467103325e-02
 1.096869912e-02 7.387085818e-03 4.029402509e-03 9.290215676e-04-1.878467039e-03
-4.356487188e-03-6.467971019e-03-8.175634779e-03-9.442226961e-03-1.023086533e-02
-1.050552353e-02-1.023176312e-02-9.377635084e-03-7.914249785e-03-5.813848227e-03
-3.051558044e-03 3.900730517e-04 4.511556122e-03 9.329094552e-03 1.486451644e-02
 2.094615810e-02 2.761070430e-02 3.484774381e-02 4.265431315e-02 5.102538317e-02
 5.995007977e-02 6.941532344e-02 7.940562814e-02 8.990277350e-02 1.008849367e-01
 1.123254448e-01 1.241910234e-01 1.364397258e-01 1.490183771e-01 1.618597060e-01
 1.748792529e-01 1.879724562e-01 2.010126412e-01 2.138509154e-01 2.263194472e-01
 2.382389307e-01 2.494306862e-01 2.597317100e-01 2.690094411e-01 2.771735787e-01
 2.841821611e-01 2.900417149e-01 2.948009968e-01 2.985401154e-01 3.013568819e-01
 7.092969120e-02 7.057020813e-02 6.578589976e-02 5.977861211e-02 5.431645364e-02
 4.932089150e-02 4.470883682e-02 4.040966183e-02 3.636806831e-02 3.254267573e-02
 2.890346944e-02 2.542927861e-02 2.210571803e-02 1.892355084e-02 1.587728783e-02
 1.296369638e-02 1.017954201e-02 7.611365523e-03 5.296909250e-03 3.271122929e-03
 1.568404026e-03 2.232664265e-04-7.295784308e-04-1.255386858e-03-1.319715171e-03
-8.889610181e-04 6.823289004e-05 1.577651710e-03 3.651214764e-03 6.312840618e-03
 9.592568502e-03 1.352671906e-02 1.797461137e-02 2.298169397e-02 2.856412157e-02
 3.470944613e-02 4.141686112e-02 4.868522659e-02 5.651403219e-02 6.490233541e-02
 7.384793460e-02 8.334732801e-02 9.339550138e-02 1.039853618e-01 1.151069477e-01
 1.267460287e-01 1.388821453e-01 1.514860094e-01 1.645158082e-01 1.779123992e-01
 1.915932447e-01 2.054450810e-01 2.193161547e-01 2.330097556e-01 2.462830395e-01
 2.588564157e-01 2.704377770e-01 2.807587683e-01 2.896116078e-01 2.968752980e-01
 3.025272191e-01 3.066416383e-01 3.093756437e-01 3.109416068e-01 3.115699887e-01
 6.128905341e-02 6.067717448e-02 5.617187172e-02 5.083558708e-02 4.625563696e-02
 4.221224412e-02 3.854935244e-02 3.516853601e-02 3.200872242e-02 2.903220057e-02
 2.621611394e-02 2.354739234e-02 2.101968974e-02 1.863153465e-02 1.638518646e-02
 1.428600028e-02 1.234220155e-02 1.056536194e-02 9.045328945e-03 7.807143498e-03
 6.879331544e-03 6.292064674e-03 6.076307036e-03 6.263387389e-03 6.884748116e-03
 7.973586209e-03 9.566435590e-03 1.170808636e-02 1.429814752e-02 1.737336442e-02
 2.096300758e-02 2.508102171e-02 2.972040698e-02 3.488677740e-02 4.058651999e-02
 4.682344943e-02 5.360191688e-02 6.092683598e-02 6.880375743e-02 7.723876834e-02
 8.623837680e-02 9.580942988e-02 1.059589684e-01 1.166939586e-01 1.280206889e-01
 1.399438083e-01 1.524647325e-01 1.655789763e-01 1.792722493e-01 1.935144067e-01
 2.082503736e-01 2.233867943e-01 2.387729436e-01 2.541750073e-01 2.692478895e-01
 2.835220993e-01 2.964455485e-01 3.074966669e-01 3.163000345e-01 3.226722181e-01
 3.266200125e-01 3.283349574e-01 3.281860352e-01 3.266702294e-01 3.242949843e-01
 4.727873206e-02 4.586419463e-02 4.221933335e-02 3.879085928e-02 3.599071130e-02
 3.346815333e-02 3.111176752e-02 2.887703851e-02 2.674614824e-02 2.471391857e-02
 2.278192155e-02 2.095573954e-02 1.924360916e-02 1.765588112e-02 1.620493084e-02
 1.490556728e-02 1.377598941e-02 1.283972617e-02 1.212931704e-02 1.167576481e-02
 1.150695141e-02 1.165004540e-02 1.213179342e-02 1.297862083e-02 1.421046816e-02
 1.585140079e-02 1.792215370e-02 2.043701150e-02 2.339540236e-02 2.680700272e-02
 3.068403527e-02 3.503692150e-02 3.987326100e-02 4.520113021e-02 5.102910474e-02
 5.736603215e-02 6.422152370e-02 7.160623372e-02 7.953216881e-02 8.801292628e-02
 9.706395119e-02 1.067028642e-01 1.169497296e-01 1.278273612e-01 1.393615305e-01
 1.515811086e-01 1.645176113e-01 1.782043278e-01 1.926742494e-01 2.079558671e-01
 2.240655571e-01 2.409939319e-01 2.586813271e-01 2.769718766e-01 2.955200672e-01
 3.135857582e-01 3.298179507e-01 3.428763151e-01 3.521553874e-01 3.575017750e-01
 3.589754403e-01 3.568530083e-01 3.518095911e-01 3.451693356e-01 3.383266032e-01
 2.812051214e-02 2.443045750e-02 2.454025485e-02 2.499643900e-02 2.467597276e-02
 2.397121675e-02 2.305815369e-02 2.203251049e-02 2.095563337e-02 1.987164468e-02
 1.881491952e-02 1.781386510e-02 1.689311117e-02 1.607499830e-02 1.538068149e-02
 1.483110618e-02 1.444784086e-02 1.425376255e-02 1.427320391e-02 1.453053951e-02
 1.504939143e-02 1.585252769e-02 1.696174033e-02 1.839759201e-02 2.017886750e-02
 2.232320048e-02 2.484622225e-02 2.776086517e-02 3.107730672e-02 3.480584174e-02
 3.895704448e-02 4.354140535e-02 4.856922477e-02 5.405119061e-02 5.999870226e-02
 6.642416120e-02 7.334132493e-02 8.076567948e-02 8.871486783e-02 9.720914066e-02
 1.062719449e-01 1.159306392e-01 1.262172908e-01 1.371698081e-01 1.488332450e-01
 1.612613946e-01 1.745187938e-01 1.886829585e-01 2.038468570e-01 2.201212645e-01
 2.376362979e-01 2.565409243e-01 2.769992352e-01 2.991849780e-01 3.232906461e-01
 3.496556580e-01 3.732434213e-01 3.893527687e-01 3.991495073e-01 4.032429159e-01
 4.011118412e-01 3.932377696e-01 3.788459897e-01 3.625570238e-01 3.501407504e-01
 1.482086722e-02 1.040139236e-02 1.135313511e-02 1.328302734e-02 1.443758607e-02
 1.504038740e-02 1.526750065e-02 1.524843741e-02 1.507843472e-02 1.482908241e-02
 1.455565356e-02 1.430203114e-02 1.410409808e-02 1.399216801e-02 1.399276778e-02
 1.412997767e-02 1.442639716e-02 1.490377076e-02 1.558325626e-02 1.648533158e-02
 1.762962900e-02 1.903483085e-02 2.071857452e-02 2.269736491e-02 2.498648688e-02
 2.760003693e-02 3.055085614e-02 3.385055810e-02 3.750980273e-02 4.153890908e-02
 4.594825208e-02 5.074849725e-02 5.595086515e-02 6.156744063e-02 6.761147827e-02
 7.409777492e-02 8.104299009e-02 8.846608549e-02 9.638879448e-02 1.048361957e-01
 1.138374731e-01 1.234268844e-01 1.336450130e-01 1.445404887e-01 1.561722010e-01
 1.686124355e-01 1.819509864e-01 1.963009834e-01 2.118068039e-01 2.286552489e-01
 2.470903993e-01 2.674327791e-01 2.901006341e-01 3.156276643e-01 3.446733654e-01
 3.757155240e-01 3.994234800e-01 4.156061709e-01 4.246825278e-01 4.263482690e-01
 4.208206236e-01 4.070267379e-01 3.863530755e-01 3.685292006e-01 3.541702628e-01
 5.739175249e-03 9.536050493e-04 2.095854841e-03 4.416490905e-03 6.146600004e-03
 7.404635660e-03 8.305459283e-03 8.953548968e-03 9.437615052e-03 9.830277413e-03
 1.019002777e-02 1.056391001e-02 1.099015586e-02 1.150046196e-02 1.212182362e-02
 1.287791226e-02 1.379005611e-02 1.487787534e-02 1.615964249e-02 1.765244640e-02
 1.937222853e-02 2.133381926e-02 2.355093509e-02 2.603621036e-02 2.880125865e-02
 3.185675666e-02 3.521257639e-02 3.887797520e-02 4.286187142e-02 4.717320949e-02
 5.182129145e-02 5.681613460e-02 6.216877699e-02 6.789161265e-02 7.399866730e-02
 8.050595224e-02 8.743172884e-02 9.479688853e-02 1.026253700e-01 1.109446660e-01
 1.197865680e-01 1.291881204e-01 1.391929090e-01 1.498529166e-01 1.612308919e-01
 1.734039485e-01 1.864683330e-01 2.005465925e-01 2.157980800e-01 2.324351817e-01
 2.507489622e-01 2.711514235e-01 2.942433655e-01 3.208993971e-01 3.520452678e-01
 3.795496225e-01 4.002565145e-01 4.142037332e-01 4.211885631e-01 4.211737216e-01
 4.129376113e-01 3.958095610e-01 3.772987127e-01 3.618324697e-01 3.488198817e-01
-1.288058556e-04-5.165478215e-03-4.426863976e-03-2.151830588e-03-3.328394669e-04
 1.112521277e-03 2.281134250e-03 3.263113089e-03 4.135630559e-03 4.961497616e-03
 5.790541880e-03 6.662138272e-03 7.607866079e-03 8.653786033e-03 9.822151624e-03
 1.113257743e-02 1.260275301e-02 1.424882188e-02 1.608555019e-02 1.812637225e-02
 2.038341016e-02 2.286750264e-02 2.558825910e-02 2.855417691e-02 3.177278116e-02
 3.525081277e-02 3.899445385e-02 4.300959408e-02 4.730214179e-02 5.187840015e-02
 5.674545094e-02 6.191154942e-02 6.738649309e-02 7.318197936e-02 7.931184024e-02
 8.579229563e-02 9.264216572e-02 9.988293797e-02 1.075390875e-01 1.156382561e-01
 1.242117509e-01 1.332951486e-01 1.429292262e-01 1.531612277e-01 1.640466601e-01
 1.756516248e-01 1.880560815e-01 2.013584822e-01 2.156821489e-01 2.311848253e-01
 2.480736375e-01 2.666307390e-01 2.872652411e-01 3.106694818e-01 3.356421292e-01
 3.565965891e-01 3.726674616e-01 3.835652471e-01 3.891824782e-01 3.886800706e-01
 3.817635179e-01 3.691668510e-01 3.570823967e-01 3.460571468e-01 3.361317217e-01
-3.928938415e-03-9.309610352e-03-8.768167347e-03-6.840909366e-03-5.329613574e-03
-4.091983661e-03-3.006498097e-03-1.980070723e-03-9.471688536e-04 1.362694311e-04
 1.299728756e-03 2.563889604e-03 3.944761585e-03 5.456275772e-03 7.111646235e-03
 8.923853748e-03 1.090558711e-02 1.306890510e-02 1.542483270e-02 1.798303239e-02
 2.075160481e-02 2.373706363e-02 2.694443054e-02 3.037745692e-02 3.403886408e-02
 3.793062642e-02 4.205426574e-02 4.641116038e-02 5.100293458e-02 5.583189428e-02
 6.090152636e-02 6.621704996e-02 7.178592682e-02 7.761822641e-02 8.372694999e-02
 9.012807906e-02 9.684051573e-02 1.038859040e-01 1.112883985e-01 1.190745160e-01
 1.272730231e-01 1.359151006e-01 1.450344771e-01 1.546680033e-01 1.648560166e-01
 1.756430268e-01 1.870780140e-01 1.992146075e-01 2.121099383e-01 2.258213609e-01
 2.403974831e-01 2.558561862e-01 2.721310854e-01 2.889513075e-01 3.055081666e-01
 3.201338351e-01 3.319068253e-01 3.403568864e-01 3.451820016e-01 3.462286592e-01
 3.436259627e-01 3.385837078e-01 3.324390054e-01 3.258865476e-01 3.193410933e-01
-4.978761077e-03-1.071465947e-02-1.089390740e-02-9.895656258e-03-9.261177853e-03
-8.695824072e-03-8.029839024e-03-7.184543181e-03-6.136048120e-03-4.887459800e-03
-3.451580880e-03-1.841374207e-03-6.537194713e-05 1.873805420e-03 3.979028203e-03
 6.257195957e-03 8.717392571e-03 1.136909705e-02 1.422075182e-02 1.727880724e-02
 2.054728568e-02 2.402781509e-02 2.771994658e-02 3.162165359e-02 3.572982177e-02
 4.004061967e-02 4.454980791e-02 4.925299063e-02 5.414594710e-02 5.922521278e-02
 6.448880583e-02 6.993714720e-02 7.557393610e-02 8.140684664e-02 8.744788915e-02
 9.371325374e-02 1.002228409e-01 1.069993898e-01 1.140675917e-01 1.214531586e-01
 1.291821152e-01 1.372803152e-01 1.457731426e-01 1.546850801e-01 1.640394330e-01
 1.738572270e-01 1.841559261e-01 1.949464679e-01 2.062285244e-01 2.179822922e-01
 2.301547825e-01 2.426380366e-01 2.552368343e-01 2.676305771e-01 2.793568671e-01
 2.898752987e-01 2.987003922e-01 3.054849207e-01 3.100408018e-01 3.123550415e-01
 3.126169443e-01 3.112075925e-01 3.085920215e-01 3.051936924e-01 3.013434112e-01
-1.877969131e-03-7.562984247e-03-1.020506583e-02-1.180535927e-02-1.307887584e-02
-1.372737158e-02-1.368954033e-02-1.305449381e-02-1.194067672e-02-1.045526937e-02
-8.683181368e-03-6.684406195e-03-4.495085683e-03-2.131162444e-03 4.063521628e-04
 3.125665942e-03 6.039001979e-03 9.158457629e-03 1.249312609e-02 1.604750194e-02
 1.982108876e-02 2.380901948e-02 2.800331824e-02 3.239427879e-02 3.697154671e-02
 4.172458127e-02 4.664263874e-02 5.171446875e-02 5.692820624e-02 6.227190048e-02
 6.773479283e-02 7.330925018e-02 7.899277657e-02 8.478958905e-02 9.071131051e-02
 9.677656740e-02 1.030095741e-01 1.094378978e-01 1.160900891e-01 1.229935512e-01
 1.301732063e-01 1.376505941e-01 1.454434842e-01 1.535653770e-01 1.620248705e-01
 1.708244085e-01 1.799583882e-01 1.894102097e-01 1.991478205e-01 2.091177553e-01
 2.192371637e-01 2.293846905e-01 2.393923402e-01 2.490427792e-01 2.580794692e-01
 2.662329078e-01 2.732574046e-01 2.789655030e-01 2.832515240e-01 2.861041725e-01
 2.876065969e-01 2.879204154e-01 2.872546315e-01 2.858294845e-01 2.838490009e-01
 2.007350791e-03-3.911498468e-03-9.492617100e-03-1.489726081e-02-1.976382732e-02
-2.136027440e-02-2.143659629e-02-2.050989121e-02-1.890676841e-02-1.685715653e-02
-1.452137530e-02-1.199919917e-02-9.337868541e-03-6.544650532e-03-3.601854201e-03
-4.804160562e-04 2.849927172e-03 6.413852330e-03 1.022630092e-02 1.429054234e-02
 1.859850623e-02 2.313342132e-02 2.787405066e-02 3.279888257e-02 3.788870946e-02
 4.312695935e-02 4.849806055e-02 5.398487300e-02 5.956640095e-02 6.521737576e-02
 7.091084868e-02 7.662338018e-02 8.234054595e-02 8.806083351e-02 9.379725158e-02
 9.957670420e-02 1.054365337e-01 1.114186347e-01 1.175630614e-01 1.239036843e-01
 1.304664910e-01 1.372697502e-01 1.443245858e-01 1.516353488e-01 1.591996551e-01
 1.670074463e-01 1.750398576e-01 1.832671165e-01 1.916459352e-01 2.001166642e-01
 2.086000443e-01 2.169950306e-01 2.251783162e-01 2.330075204e-01 2.403288782e-01
 2.469897717e-01 2.528538704e-01 2.578157783e-01 2.618126571e-01 2.648300529e-01
 2.669014931e-01 2.681016624e-01 2.685344219e-01 2.683187127e-01 2.675756514e-01
 4.071750678e-03-2.618858591e-03-9.911314584e-03-1.818602532e-02-2.733459510e-02
-3.239927441e-02-3.247953951e-02-3.011196107e-02-2.718967572e-02-2.399124391e-02
-2.073597535e-02-1.753565669e-02-1.439424884e-02-1.124800555e-02-8.008821867e-03
-4.591276869e-03-9.248640272e-04 3.040922806e-03 7.333101705e-03 1.195198111e-02
 1.687086932e-02 2.204318903e-02 2.741701901e-02 3.294930607e-02 3.861198574e-02
 4.438972473e-02 5.027300492e-02 5.624892935e-02 6.229082868e-02 6.835022569e-02
 7.436162233e-02 8.026338369e-02 8.601622283e-02 9.160821140e-02 9.705584496e-02
 1.024066508e-01 1.077359095e-01 1.131268740e-01 1.186468154e-01 1.243393123e-01
 1.302288622e-01 1.363268942e-01 1.426358074e-01 1.491508633e-01 1.558607966e-01
 1.627475619e-01 1.697856337e-01 1.769408882e-01 1.841693968e-01 1.914163232e-01
 1.986151636e-01 2.056878209e-01 2.125459611e-01 2.190940231e-01 2.252341211e-01
 2.308725119e-01 2.359267175e-01 2.403324693e-01 2.440489978e-01 2.470619678e-01
 2.493835092e-01 2.510493100e-01 2.521137297e-01 2.526432574e-01 2.527105212e-01
 6.683119107e-03-1.866672101e-04-7.937593386e-03-1.702799834e-02-2.781733684e-02
-3.593226895e-02-4.009986296e-02-4.015441611e-02-3.607608378e-02-3.086782061e-02
-2.631749026e-02-2.251398377e-02-1.919250749e-02-1.604158431e-02-1.281587221e-02
-9.344982915e-03-5.509551615e-03-1.224478125e-03 3.562721191e-03 8.856807835e-03
 1.458798070e-02 2.061259188e-02 2.678430080e-02 3.302071616e-02 3.930122778e-02
 4.564024881e-02 5.206697434e-02 5.861118808e-02 6.528398395e-02 7.201759517e-02
 7.858258486e-02 8.479946852e-02 9.061445296e-02 9.601136297e-02 1.009921953e-01
 1.056074500e-01 1.100638285e-01 1.146224290e-01 1.193783134e-01 1.243505925e-01
 1.295376867e-01 1.349307746e-01 1.405173540e-01 1.462817788e-01 1.522049010e-01
 1.582632959e-01 1.644284725e-01 1.706662029e-01 1.769358665e-01 1.831902415e-01
 1.893755049e-01 1.954320222e-01 2.012955844e-01 2.068997622e-01 2.121786922e-01
 2.170707583e-01 2.215222120e-01 2.254905701e-01 2.289473414e-01 2.318794727e-01
 2.342895567e-01 2.361945510e-01 2.376235723e-01 2.386147976e-01 2.392123342e-01
 1.063720323e-02 4.374383949e-03-2.524588490e-03-1.016985904e-02-1.855973341e-02
-2.748566307e-02-3.533183038e-02-3.926063329e-02-3.882161528e-02-3.364228085e-02
-2.860059775e-02-2.548985928e-02-2.327196859e-02-2.096499689e-02-1.830327511e-02
-1.515903976e-02-1.142713428e-02-6.997730583e-03-1.745524933e-03 4.465602804e-03
 1.168264262e-02 1.919949055e-02 2.642006986e-02 3.338464350e-02 4.020155594e-02
 4.697969556e-02 5.382557958e-02 6.085253879e-02 6.820003688e-02 7.605084032e-02
 8.341625333e-02 8.998873830e-02 9.588180482e-02 1.010426730e-01 1.054456308e-01
 1.089758128e-01 1.120104939e-01 1.155964732e-01 1.195716709e-01 1.238488331e-01
 1.283749193e-01 1.331139058e-01 1.380381137e-01 1.431231648e-01 1.483447254e-01
 1.536767334e-01 1.590902060e-01 1.645527035e-01 1.700280011e-01 1.754761040e-01
 1.808535457e-01 1.861141622e-01 1.912100613e-01 1.960931122e-01 2.007167786e-01
 2.050380856e-01 2.090196311e-01 2.126313895e-01 2.158521563e-01 2.186703533e-01
 2.210841924e-01 2.231010944e-01 2.247366607e-01 2.260130942e-01 2.269574404e-01
 1.570569538e-02 1.048413012e-02 4.885056056e-03-1.091725542e-03-7.363904268e-03
-1.376008894e-02-2.003405057e-02-2.588862553e-02-2.913120389e-02-2.682394907e-02
-2.404706180e-02-2.329419367e-02-2.333128825e-02-2.232112922e-02-2.049009688e-02
-1.789606549e-02-1.449422631e-02-1.018589083e-02-4.803032149e-03 1.970820827e-03
 1.071919780e-02 1.961243339e-02 2.744841948e-02 3.470461071e-02 4.166170210e-02
 4.850741848e-02 5.539221317e-02 6.246176735e-02 6.988338381e-02 7.783064246e-02
 8.527336270e-02 9.184034914e-02 9.763158113e-02 1.026146188e-01 1.067287624e-01
 1.098348126e-01 1.123880371e-01 1.154738963e-01 1.189472675e-01 1.227085218e-01
 1.266986281e-01 1.308813542e-01 1.352308095e-01 1.397240460e-01 1.443376541e-01
 1.490463763e-01 1.538226157e-01 1.586365849e-01 1.634563208e-01 1.682478338e-01
 1.729756296e-01 1.776031554e-01 1.820935607e-01 1.864106506e-01 1.905200034e-01
 1.943900883e-01 1.979934275e-01 2.013076246e-01 2.043161094e-01 2.070086300e-01
 2.093814015e-01 2.114368379e-01 2.131829709e-01 2.146326452e-01 2.158025503e-01
 0.180132091E+01 0.182580960E+01 0.184130371E+01 0.185890305E+01 0.187741733E+01
 0.189853656E+01 0.191641498E+01 0.193453419E+01 0.195318866E+01 0.197150874E+01
 0.199039960E+01 0.200971937E+01 0.202903557E+01 0.204875708E+01 0.206870127E+01
 0.208922219E+01 0.210989451E+01 0.213095474E+01 0.215253782E+01 0.217462635E+01
 0.219699144E+01 0.221995616E+01 0.224358153E+01 0.226783156E+01 0.229252172E+01
 0.231794810E+01 0.234416342E+01 0.237130737E+01 0.239912772E+01 0.242776179E+01
 0.245745778E+01 0.248835373E+01 0.252026629E+01 0.255323601E+01 0.258756399E+01
 0.262328792E+01 0.266062641E+01 0.269947839E+01 0.273999453E+01 0.278253150E+01
 0.282711840E+01 0.287399125E+01 0.292312837E+01 0.297509217E+01 0.302996254E+01
 0.308815527E+01 0.314984941E+01 0.321561980E+01 0.328593135E+01 0.336126590E+01
 0.344254351E+01 0.353043079E+01 0.362581754E+01 0.373020911E+01 0.384529805E+01
 0.397314143E+01 0.411632156E+01 0.427873707E+01 0.446772289E+01 0.469019985E+01
 0.496236324E+01 0.531219292E+01 0.579948521E+01 0.661716557E+01 0.114926186E+02
   89   86
 0.107218206E+01-0.100000001E+00 0.107028961E+01 0.000000000E+00 0.107490802E+01
 0.100000001E+00 0.107983291E+01 0.150847912E+00 0.109342873E+01 0.250000000E+00
 0.110562503E+01 0.316773713E+00 0.112260020E+01 0.400000006E+00 0.113387454E+01
 0.450707316E+00 0.115679383E+01 0.550000012E+00 0.116894424E+01 0.600000024E+00
 0.118531251E+01 0.666053832E+00 0.120781291E+01 0.750000000E+00 0.122229147E+01
 0.800000012E+00 0.123902547E+01 0.852838278E+00 0.126499999E+01 0.919112623E+00
 0.129156256E+01 0.959761620E+00 0.134203124E+01 0.990864992E+00 0.139515626E+01
 0.994504690E+00 0.144828129E+01 0.986044765E+00 0.149874997E+01 0.970924437E+00
 0.154145527E+01 0.953093588E+00 0.158109379E+01 0.935838759E+00 0.163156247E+01
 0.909015596E+00 0.166078126E+01 0.892060161E+00 0.171125007E+01 0.859511852E+00
 0.174046874E+01 0.839333057E+00 0.178567958E+01 0.804641247E+00 0.182015634E+01
 0.777764022E+00 0.184839272E+01 0.753415346E+00 0.189836252E+01 0.707810104E+00
 0.192640626E+01 0.680406332E+00 0.195296884E+01 0.652436316E+00 0.199556303E+01
 0.605000019E+00 0.203228068E+01 0.560504198E+00 0.205921888E+01 0.524356365E+00
 0.208578134E+01 0.485308230E+00 0.211234379E+01 0.442482769E+00 0.213890624E+01
 0.395263016E+00 0.216546869E+01 0.342775434E+00 0.219203138E+01 0.283538103E+00
 0.221859384E+01 0.214421093E+00 0.223688745E+01 0.155680627E+00 0.224917626E+01
 0.105000004E+00 0.226085114E+01 0.999999978E-02 0.225826335E+01-0.900000036E-01
 0.224873924E+01-0.154320404E+00 0.222731590E+01-0.240700603E+00 0.221008277E+01
-0.295000017E+00 0.219157386E+01-0.344999999E+00 0.217032361E+01-0.397023082E+00
 0.214421868E+01-0.452919513E+00 0.211765623E+01-0.503275990E+00 0.209109378E+01
-0.548226118E+00 0.205945110E+01-0.595704675E+00 0.202345371E+01-0.644999981E+00
 0.198641980E+01-0.691291213E+00 0.195859635E+01-0.724392653E+00 0.193171871E+01
-0.754473269E+00 0.189143717E+01-0.796520770E+00 0.185403740E+01-0.834134161E+00
 0.182546878E+01-0.861664295E+00 0.178529549E+01-0.897318423E+00 0.174807632E+01
-0.929579437E+00 0.171921873E+01-0.952792227E+00 0.166875005E+01-0.990249157E+00
 0.163998842E+01-0.101063931E+01 0.158906245E+01-0.104279649E+01 0.156057549E+01
-0.106018209E+01 0.150937510E+01-0.108798945E+01 0.148015618E+01-0.110261238E+01
 0.142968750E+01-0.112624454E+01 0.137656260E+01-0.114669144E+01 0.134795201E+01
-0.115808809E+01 0.129687500E+01-0.117440319E+01 0.124375010E+01-0.118427432E+01
 0.116957617E+01-0.117977428E+01 0.117450547E+01-0.110763526E+01 0.118281817E+01
-0.100999999E+01 0.118161976E+01-0.909999967E+00 0.117334878E+01-0.810000002E+00
 0.116020691E+01-0.709999979E+00 0.115202582E+01-0.657960534E+00 0.113564658E+01
-0.560000002E+00 0.112628424E+01-0.506214082E+00 0.110983217E+01-0.409999996E+00
 0.110078144E+01-0.355221182E+00 0.108700490E+01-0.259999990E+00 0.107950974E+01
-0.193648189E+00 0.107292747E+01-0.109999999E+00
 0.101600003E+01 0.000000000E+00 0.101600003E+01 0.963999987E+00 0.101600003E+01
 0.967999995E+00 0.101600003E+01 0.100100005E+01 0.101600003E+01 0.101900005E+01
 0.101600003E+01 0.107700002E+01 0.101600003E+01 0.107000005E+01 0.101600003E+01
 0.109599996E+01 0.101600003E+01 0.111300004E+01 0.101600003E+01 0.113800001E+01
 0.101600003E+01 0.114699996E+01 0.101199996E+01 0.116499996E+01 0.100100005E+01
 0.121700001E+01 0.102900004E+01 0.121700001E+01 0.104200006E+01 0.116240001E+01
 0.104600000E+01 0.116237998E+01 0.105599999E+01 0.116260004E+01 0.109700000E+01
 0.116450000E+01 0.110800004E+01 0.116594005E+01 0.111600006E+01 0.116591001E+01
 0.113399994E+01 0.116895998E+01 0.114800000E+01 0.117174995E+01 0.116199994E+01
 0.117556000E+01 0.118099999E+01 0.118299997E+01 0.118200004E+01 0.118350005E+01
 0.118499994E+01 0.118499994E+01 0.119000006E+01 0.118799996E+01 0.119500005E+01
 0.119099998E+01 0.120099998E+01 0.119599998E+01 0.120899999E+01 0.120200002E+01
 0.121500003E+01 0.120799994E+01 0.122200000E+01 0.121399999E+01 0.122800004E+01
 0.122099996E+01 0.123399997E+01 0.123099995E+01 0.123899996E+01 0.123800004E+01
 0.124199998E+01 0.124399996E+01 0.124800003E+01 0.125399995E+01 0.125800002E+01
 0.127800000E+01 0.126300001E+01 0.128999996E+01 0.127999997E+01 0.133099997E+01
 0.127999997E+01 0.134700000E+01 0.127999997E+01 0.134800005E+01 0.130999994E+01
 0.134800005E+01 0.132799995E+01 0.134800005E+01 0.136099994E+01 0.134800005E+01
 0.138000000E+01 0.134800005E+01 0.141900003E+01 0.134800005E+01 0.141900003E+01
 0.130999994E+01 0.137199998E+01 0.130999994E+01 0.137199998E+01 0.129200006E+01
 0.160800004E+01 0.109500003E+01 0.164699996E+01 0.107700002E+01 0.178499997E+01
 0.107700002E+01 0.206999993E+01 0.103999996E+01 0.212800002E+01 0.992999971E+00
 0.224499989E+01 0.708999991E+00 0.232299995E+01 0.518999994E+00 0.237700009E+01
 0.388999999E+00 0.236249995E+01 0.400000006E+00 0.236443496E+01 0.222000003E+00
 0.236496902E+01 0.133000001E+00 0.236532402E+01 0.439999998E-01 0.236512089E+01
-0.439999998E-01 0.236484194E+01-0.133000001E+00 0.236433411E+01-0.222000003E+00
 0.236249995E+01-0.400000006E+00 0.237700009E+01-0.388999999E+00 0.213400006E+01
-0.972999990E+00 0.178600001E+01-0.117400002E+01 0.176800001E+01-0.121099997E+01
 0.176800001E+01-0.125000000E+01 0.168200004E+01-0.125000000E+01 0.137199998E+01
-0.125000000E+01 0.137199998E+01-0.132900000E+01 0.141999996E+01-0.132900000E+01
 0.141999996E+01-0.136300004E+01 0.127300000E+01-0.136300004E+01 0.115300000E+01
-0.136300004E+01 0.101600003E+01-0.122300005E+01 0.101600003E+01-0.122300005E+01
 0.101600003E+01-0.829999983E+00 0.101600003E+01-0.800000012E+00 0.101600003E+01
-0.414999992E+00 0.101600003E+01-0.400000006E+00 0.101600003E+01-0.100000005E-02
 0.101600003E+01 0.000000000E+00
    0 0.169550002E+01    0
 0.000000000E+00 0.984460115E-01 0.139795423E+00 0.171719462E+00 0.198689237E+00
 0.221490994E+00 0.243601605E+00 0.263950199E+00 0.283049345E+00 0.301144123E+00
 0.318292379E+00 0.334800810E+00 0.350654662E+00 0.365942597E+00 0.380770653E+00
 0.395210147E+00 0.409283012E+00 0.422944158E+00 0.436385393E+00 0.449553221E+00
 0.462456107E+00 0.475119054E+00 0.487608403E+00 0.499925792E+00 0.512076259E+00
 0.524022877E+00 0.535891414E+00 0.547614515E+00 0.559236050E+00 0.570732772E+00
 0.582151234E+00 0.593481541E+00 0.604769647E+00 0.615943491E+00 0.627093852E+00
 0.638206005E+00 0.649270236E+00 0.660304844E+00 0.671299338E+00 0.682306528E+00
 0.693292499E+00 0.704318106E+00 0.715305269E+00 0.726342201E+00 0.737398505E+00
 0.748506963E+00 0.759661138E+00 0.770881712E+00 0.782173276E+00 0.793540061E+00
 0.805028081E+00 0.816624403E+00 0.828353286E+00 0.840242326E+00 0.852319658E+00
 0.864605665E+00 0.877129793E+00 0.889923334E+00 0.903107703E+00 0.916675806E+00
 0.930757403E+00 0.945525467E+00 0.961227953E+00 0.978375077E+00 0.100000000E+01
    0
