  EFITD    06/25/2013    #1553363000.0ms  EFIT01   0  65  65
 0.170000005E+01 0.320000005E+01 0.169550002E+01 0.839999974E+00 0.000000000E+00
 0.180757666E+01-0.369374640E-01-0.175052553E+00 0.437908992E-02 0.165969443E+01
 0.101903156E+07-0.175052553E+00 0.000000000E+00 0.180757666E+01 0.000000000E+00
-0.369374640E-01 0.000000000E+00 0.437908992E-02 0.000000000E+00 0.000000000E+00
 0.276703954E+01 0.276959896E+01 0.277206039E+01 0.277442503E+01 0.277669573E+01
 0.277887440E+01 0.278096294E+01 0.278296328E+01 0.278487778E+01 0.278670835E+01
 0.278845692E+01 0.279012585E+01 0.279171658E+01 0.279323125E+01 0.279467201E+01
 0.279604077E+01 0.279733944E+01 0.279856992E+01 0.279973412E+01 0.280083418E+01
 0.280187154E+01 0.280284882E+01 0.280376720E+01 0.280462885E+01 0.280543566E+01
 0.280618978E+01 0.280689263E+01 0.280754638E+01 0.280815268E+01 0.280871367E+01
 0.280923080E+01 0.280970669E+01 0.281014228E+01 0.281053972E+01 0.281090117E+01
 0.281122828E+01 0.281152296E+01 0.281178665E+01 0.281202173E+01 0.281222987E+01
 0.281241274E+01 0.281257224E+01 0.281271029E+01 0.281282854E+01 0.281292915E+01
 0.281301379E+01 0.281308413E+01 0.281314230E+01 0.281318951E+01 0.281322837E+01
 0.281326056E+01 0.281328726E+01 0.281331110E+01 0.281333351E+01 0.281335640E+01
 0.281338120E+01 0.281341052E+01 0.281344557E+01 0.281348848E+01 0.281354117E+01
 0.281360507E+01 0.281368232E+01 0.281377459E+01 0.281388378E+01 0.281401181E+01
 0.100746641E+06 0.978555781E+05 0.950063203E+05 0.921988750E+05 0.894332344E+05
 0.867093906E+05 0.840273594E+05 0.813871406E+05 0.787887188E+05 0.762321094E+05
 0.737173047E+05 0.712443125E+05 0.688131094E+05 0.664237266E+05 0.640761484E+05
 0.617703711E+05 0.595064062E+05 0.572842422E+05 0.551038867E+05 0.529653359E+05
 0.508685938E+05 0.488136562E+05 0.468005234E+05 0.448292031E+05 0.428996797E+05
 0.410119688E+05 0.391660625E+05 0.373619609E+05 0.355996680E+05 0.338791797E+05
 0.322004980E+05 0.305636230E+05 0.289685547E+05 0.274152910E+05 0.259038320E+05
 0.244341836E+05 0.230063379E+05 0.216203008E+05 0.202760664E+05 0.189736406E+05
 0.177130215E+05 0.164942070E+05 0.153172012E+05 0.141820000E+05 0.130886045E+05
 0.120370156E+05 0.110272324E+05 0.100592559E+05 0.913308594E+04 0.824872168E+04
 0.740616309E+04 0.660541162E+04 0.584646582E+04 0.512932617E+04 0.445399316E+04
 0.382046582E+04 0.322874512E+04 0.267883008E+04 0.217072168E+04 0.170441931E+04
 0.127992310E+04 0.897233032E+03 0.556349121E+03 0.257271484E+03 0.000000000E+00
 0.257858753E+01 0.248255277E+01 0.238835621E+01 0.229599833E+01 0.220547867E+01
 0.211679745E+01 0.202995491E+01 0.194495058E+01 0.186178493E+01 0.178045750E+01
 0.170096874E+01 0.162331820E+01 0.154750621E+01 0.147353268E+01 0.140139759E+01
 0.133110094E+01 0.126264262E+01 0.119602299E+01 0.113124156E+01 0.106829882E+01
 0.100719428E+01 0.947928309E+00 0.890500784E+00 0.834911704E+00 0.781161070E+00
 0.729248881E+00 0.679175138E+00 0.630939841E+00 0.584542990E+00 0.539984524E+00
 0.497264594E+00 0.456383079E+00 0.417339981E+00 0.380135357E+00 0.344769180E+00
 0.311241448E+00 0.279552162E+00 0.249701336E+00 0.221688941E+00 0.195515007E+00
 0.171179503E+00 0.148682445E+00 0.128023833E+00 0.109203681E+00 0.922219679E-01
 0.770787001E-01 0.637738854E-01 0.523075089E-01 0.426795818E-01 0.348901004E-01
 0.289390665E-01 0.248264782E-01 0.225523375E-01 0.221166424E-01 0.235193931E-01
 0.267605931E-01 0.318402350E-01 0.387583263E-01 0.475148633E-01 0.581098497E-01
 0.705432817E-01 0.848151594E-01 0.100925475E+00 0.118874252E+00 0.138661474E+00
-0.103921006E+07-0.102428675E+07-0.100936350E+07-0.994440188E+06-0.979516875E+06
-0.964593562E+06-0.949670250E+06-0.934747000E+06-0.919823688E+06-0.904900375E+06
-0.889977062E+06-0.875053750E+06-0.860130500E+06-0.845207125E+06-0.830283875E+06
-0.815360562E+06-0.800437250E+06-0.785514000E+06-0.770590625E+06-0.755667375E+06
-0.740744062E+06-0.725820750E+06-0.710897438E+06-0.695974125E+06-0.681050875E+06
-0.666127500E+06-0.651204250E+06-0.636280938E+06-0.621357625E+06-0.606434375E+06
-0.591511000E+06-0.576587750E+06-0.561664375E+06-0.546741125E+06-0.531817812E+06
-0.516894500E+06-0.501971219E+06-0.487047938E+06-0.472124625E+06-0.457201312E+06
-0.442278000E+06-0.427354688E+06-0.412431406E+06-0.397508125E+06-0.382584812E+06
-0.367661500E+06-0.352738188E+06-0.337814875E+06-0.322891594E+06-0.307968312E+06
-0.293045000E+06-0.278121688E+06-0.263198375E+06-0.248275094E+06-0.233351781E+06
-0.218428484E+06-0.203505188E+06-0.188581875E+06-0.173658578E+06-0.158735281E+06
-0.143811984E+06-0.128888680E+06-0.113965375E+06-0.990420781E+05-0.841187734E+05
 3.847401589e-02 3.698527068e-02 3.553350270e-02 3.405635059e-02 3.248410672e-02
 3.072657809e-02 2.865617722e-02 2.609409764e-02 2.217613347e-02 1.590953022e-02
 8.358845487e-03-7.052808069e-04-9.895029478e-03-1.626190916e-02-2.044643834e-02
-2.272148058e-02-2.315581962e-02-2.169451304e-02-1.812127978e-02-1.195582654e-02
-2.257590182e-03 7.953372784e-03 1.637936570e-02 2.380716987e-02 3.067670390e-02
 3.725869209e-02 4.374664277e-02 5.030461401e-02 5.710024387e-02 6.431110203e-02
 7.107324898e-02 7.711312175e-02 8.253549039e-02 8.729013801e-02 9.134443849e-02
 9.459618479e-02 9.738926589e-02 1.006498933e-01 1.042438149e-01 1.080925390e-01
 1.121515483e-01 1.163941920e-01 1.208011359e-01 1.253541708e-01 1.300333738e-01
 1.348161250e-01 1.396770030e-01 1.445878148e-01 1.495178640e-01 1.544340849e-01
 1.593014747e-01 1.640836596e-01 1.687434912e-01 1.732440889e-01 1.775497794e-01
 1.816273630e-01 1.854472160e-01 1.889844835e-01 1.922199130e-01 1.951404810e-01
 1.977396607e-01 2.000172883e-01 2.019792348e-01 2.036364973e-01 2.050044537e-01
 3.497563303e-02 3.347846866e-02 3.223167732e-02 3.122513369e-02 3.040266037e-02
 2.963845432e-02 2.833559178e-02 2.565067634e-02 2.131142467e-02 1.513193175e-02
 8.396081626e-03 1.446123933e-03-5.048875697e-03-1.003214624e-02-1.341280527e-02
-1.522503980e-02-1.546819694e-02-1.408669353e-02-1.096868701e-02-5.966146477e-03
 9.286542190e-04 8.514450863e-03 1.570295915e-02 2.249148116e-02 2.901278250e-02
 3.540241718e-02 4.178728908e-02 4.829437658e-02 5.506862700e-02 6.226761639e-02
 6.906095147e-02 7.516669482e-02 8.068023622e-02 8.558697999e-02 8.984747529e-02
 9.335510433e-02 9.648568928e-02 1.001197845e-01 1.041322947e-01 1.084432751e-01
 1.130036637e-01 1.177806556e-01 1.227493733e-01 1.278878152e-01 1.331738383e-01
 1.385832131e-01 1.440886855e-01 1.496593207e-01 1.552602053e-01 1.608524173e-01
 1.663933247e-01 1.718370914e-01 1.771356761e-01 1.822401583e-01 1.871024966e-01
 1.916773766e-01 1.959244013e-01 1.998099089e-01 2.033086717e-01 2.064049393e-01
 2.090928257e-01 2.113761008e-01 2.132672668e-01 2.147861123e-01 2.159581184e-01
 3.042807989e-02 2.891639248e-02 2.791128680e-02 2.751808055e-02 2.772897482e-02
 2.719167620e-02 2.552912757e-02 2.262042835e-02 1.837569289e-02 1.372783445e-02
 9.161320515e-03 4.860816058e-03 1.053083222e-03-2.005492803e-03-4.121599719e-03
-5.179650150e-03-5.112226587e-03-3.881408833e-03-1.483419212e-03 2.020581393e-03
 6.455664523e-03 1.153020561e-02 1.695059612e-02 2.253355086e-02 2.820491046e-02
 3.395512328e-02 3.980591893e-02 4.579079151e-02 5.193814635e-02 5.821186304e-02
 6.433957815e-02 7.014214993e-02 7.559354603e-02 8.068613708e-02 8.541551232e-02
 8.980413526e-02 9.407099336e-02 9.852098674e-02 1.032151729e-01 1.081546694e-01
 1.133302599e-01 1.187298819e-01 1.243397892e-01 1.301442385e-01 1.361246109e-01
 1.422583163e-01 1.485181749e-01 1.548712552e-01 1.612785459e-01 1.676943302e-01
 1.740661860e-01 1.803354919e-01 1.864384413e-01 1.923080236e-01 1.978766918e-01
 2.030797452e-01 2.078590393e-01 2.121665925e-01 2.159675807e-01 2.192423642e-01
 2.219871581e-01 2.242133617e-01 2.259456515e-01 2.272191346e-01 2.280761600e-01
 2.418283373e-02 2.242418006e-02 2.143347450e-02 2.126475424e-02 2.168681659e-02
 2.111311257e-02 1.926150359e-02 1.679159328e-02 1.415276714e-02 1.143373176e-02
 8.753367700e-03 6.249464117e-03 4.069068003e-03 2.356204204e-03 1.236562966e-03
 8.071010234e-04 1.132780337e-03 2.245643642e-03 4.141934216e-03 6.777497940e-03
 1.006714348e-02 1.389605366e-02 1.814384758e-02 2.270865254e-02 2.751826867e-02
 3.252776712e-02 3.770992160e-02 4.304300249e-02 4.849708825e-02 5.402170122e-02
 5.954801664e-02 6.501273811e-02 7.037755847e-02 7.563102245e-02 8.078792691e-02
 8.589346707e-02 9.102290124e-02 9.625944495e-02 1.016664654e-01 1.072815359e-01
 1.131237894e-01 1.192008257e-01 1.255125999e-01 1.320530027e-01 1.388103366e-01
 1.457668692e-01 1.528979987e-01 1.601711810e-01 1.675446332e-01 1.749660224e-01
 1.823716462e-01 1.896860600e-01 1.968228519e-01 2.036871612e-01 2.101797462e-01
 2.162029892e-01 2.216679752e-01 2.265015990e-01 2.306526303e-01 2.340956628e-01
 2.368323058e-01 2.388894260e-01 2.403148115e-01 2.411712408e-01 2.415300608e-01
 1.533104293e-02 1.292775292e-02 1.194697060e-02 1.208451949e-02 1.262069307e-02
 1.246187277e-02 1.193038840e-02 1.108808443e-02 1.000905130e-02 8.781287819e-03
 7.504602894e-03 6.286263466e-03 5.235312507e-03 4.456121475e-03 4.041953478e-03
 4.069582559e-03 4.595547915e-03 5.653858650e-03 7.254862227e-03 9.385582060e-03
 1.201247983e-02 1.508730091e-02 1.855518296e-02 2.236263454e-02 2.646281943e-02
 3.081715107e-02 3.539365157e-02 4.016357660e-02 4.509789124e-02 5.016558617e-02
 5.533541366e-02 6.058071554e-02 6.588461995e-02 7.124346495e-02 7.666809857e-02
 8.218319714e-02 8.782386780e-02 9.362946451e-02 9.963692725e-02 1.058765948e-01
 1.123709381e-01 1.191351116e-01 1.261778176e-01 1.335016936e-01 1.411034465e-01
 1.489729583e-01 1.570922583e-01 1.654334366e-01 1.739563495e-01 1.826055646e-01
 1.913072467e-01 1.999664903e-01 2.084659785e-01 2.166677266e-01 2.244189680e-01
 2.315630615e-01 2.379539013e-01 2.434712052e-01 2.480335236e-01 2.516065240e-01
 2.542050481e-01 2.558887601e-01 2.567519546e-01 2.569098175e-01 2.564848065e-01
 1.614410430e-03-2.973888535e-03-1.556750271e-03 1.200599130e-03 3.245021915e-03
 4.709368106e-03 5.649758037e-03 6.148718763e-03 6.298776716e-03 6.196113303e-03
 5.938369781e-03 5.622676574e-03 5.343133118e-03 5.187869538e-03 5.236025434e-03
 5.555042997e-03 6.198566873e-03 7.205142640e-03 8.597834967e-03 1.038489584e-02
 1.256157923e-02 1.511302125e-02 1.801775396e-02 2.125119418e-02 2.478837967e-02
 2.860555798e-02 3.268070519e-02 3.699331358e-02 4.152408242e-02 4.625506699e-02
 5.117065459e-02 5.625913292e-02 6.151450053e-02 6.693778932e-02 7.253760099e-02
 7.832960784e-02 8.433501422e-02 9.057828784e-02 9.708475322e-02 1.038785577e-01
 1.109813601e-01 1.184117422e-01 1.261848211e-01 1.343119740e-01 1.428003311e-01
 1.516517103e-01 1.608608961e-01 1.704131216e-01 1.802800447e-01 1.904143542e-01
 2.007424235e-01 2.111555338e-01 2.215009332e-01 2.315766066e-01 2.411360145e-01
 2.499082685e-01 2.576321363e-01 2.640925646e-01 2.691488266e-01 2.727512419e-01
 2.749465406e-01 2.758684754e-01 2.757121325e-01 2.746981680e-01 2.730407715e-01
-8.893423714e-03-1.477118302e-02-1.229002606e-02-7.484486327e-03-3.814966418e-03
-1.047038822e-03 1.002148259e-03 2.471759450e-03 3.480622545e-03 4.137049429e-03
 4.542422481e-03 4.792170133e-03 4.975467455e-03 5.174348131e-03 5.462590605e-03
 5.904601887e-03 6.554505322e-03 7.455590181e-03 8.640240878e-03 1.013039611e-02
 1.193855889e-02 1.406927686e-02 1.652093977e-02 1.928769238e-02 2.236106433e-02
 2.573123202e-02 2.938789874e-02 3.332091868e-02 3.752081096e-02 4.197932780e-02
 4.669014737e-02 5.164969712e-02 5.685794353e-02 6.231899559e-02 6.804136932e-02
 7.403782010e-02 8.032476902e-02 8.692146838e-02 9.384904802e-02 1.011296511e-01
 1.087858230e-01 1.168399751e-01 1.253142357e-01 1.342301667e-01 1.436084509e-01
 1.534681618e-01 1.638255566e-01 1.746917516e-01 1.860686690e-01 1.979421675e-01
 2.102705538e-01 2.229658365e-01 2.358655185e-01 2.486956269e-01 2.610419393e-01
 2.723783255e-01 2.821825147e-01 2.900473773e-01 2.957197726e-01 2.991149127e-01
 3.003404737e-01 2.997089624e-01 2.976684570e-01 2.946703434e-01 2.910870910e-01
-1.375123672e-02-2.009832487e-02-1.715121418e-02-1.179856807e-02-7.490273565e-03
-4.087387118e-03-1.459720545e-03 5.194094847e-04 1.968772151e-03 2.998543205e-03
 3.710634075e-03 4.199419171e-03 4.551625811e-03 4.846384749e-03 5.155224353e-03
 5.541840568e-03 6.061838008e-03 6.762578152e-03 7.683195174e-03 8.854832500e-03
 1.030110568e-02 1.203877665e-02 1.407869905e-02 1.642758027e-02 1.908895187e-02
 2.206395939e-02 2.535213158e-02 2.895220183e-02 3.286276013e-02 3.708285093e-02
 4.161252826e-02 4.645348713e-02 5.160957575e-02 5.708722770e-02 6.289572269e-02
 6.904727221e-02 7.555694133e-02 8.244249225e-02 8.972411603e-02 9.742432833e-02
 1.055678576e-01 1.141817421e-01 1.232956424e-01 1.329421848e-01 1.431575418e-01
 1.539819539e-01 1.654602885e-01 1.776421368e-01 1.905813217e-01 2.043334097e-01
 2.189491093e-01 2.344578803e-01 2.508280277e-01 2.678729892e-01 2.850493193e-01
 3.009142280e-01 3.141815066e-01 3.242642283e-01 3.307934403e-01 3.335554600e-01
 3.325394988e-01 3.284417093e-01 3.227821589e-01 3.164468408e-01 3.099655807e-01
-1.364606433e-02-2.006372064e-02-1.731548458e-02-1.195042487e-02-7.578779012e-03
-4.109006375e-03-1.429094002e-03 5.800357903e-04 2.034634119e-03 3.043119796e-03
 3.703726688e-03 4.108869936e-03 4.341531079e-03 4.476970527e-03 4.584402777e-03
 4.726860672e-03 4.961181898e-03 5.337943789e-03 5.901430734e-03 6.689625792e-03
 7.734177634e-03 9.060123935e-03 1.068406738e-02 1.262151264e-02 1.488504559e-02
 1.748397574e-02 2.042477205e-02 2.371280268e-02 2.735274285e-02 3.134890646e-02
 3.570567816e-02 4.042817652e-02 4.552272707e-02 5.099727213e-02 5.686174333e-02
 6.312829256e-02 6.981153786e-02 7.692871988e-02 8.449991792e-02 9.254831076e-02
 1.011005938e-01 1.101875752e-01 1.198450029e-01 1.301147640e-01 1.410464942e-01
 1.526997089e-01 1.651467681e-01 1.784769595e-01 1.928021014e-01 2.082647383e-01
 2.250507921e-01 2.434101403e-01 2.636954188e-01 2.864574790e-01 3.121687174e-01
 3.354009986e-01 3.537570834e-01 3.671022058e-01 3.751484752e-01 3.772396445e-01
 3.731719255e-01 3.619725704e-01 3.495835364e-01 3.381817937e-01 3.278819621e-01
-9.246134199e-03-1.556123607e-02-1.309802104e-02-8.044146001e-03-4.063658416e-03
-1.038609305e-03 1.182962907e-03 2.743585035e-03 3.769850358e-03 4.372763447e-03
 4.628684837e-03 4.638996907e-03 4.475397058e-03 4.202286713e-03 3.886221908e-03
 3.588894382e-03 3.367900383e-03 3.276517848e-03 3.363572061e-03 3.673414001e-03
 4.246097989e-03 5.120775662e-03 6.293410435e-03 7.794540841e-03 9.646875784e-03
 1.186613552e-02 1.445951778e-02 1.743744686e-02 2.080964297e-02 2.458404005e-02
 2.876714990e-02 3.336579353e-02 3.838741034e-02 4.384036362e-02 4.973439127e-02
 5.608103424e-02 6.289397925e-02 7.018944621e-02 7.798663527e-02 8.630818129e-02
 9.518085420e-02 1.046364829e-01 1.147130877e-01 1.254565716e-01 1.369229257e-01
 1.491813958e-01 1.623187661e-01 1.764456332e-01 1.917057186e-01 2.082896382e-01
 2.264570445e-01 2.465721965e-01 2.691628039e-01 2.950063348e-01 3.251771927e-01
 3.561174273e-01 3.801201582e-01 3.970848918e-01 4.071589112e-01 4.102298021e-01
 4.052847028e-01 3.917418420e-01 3.720773757e-01 3.554589152e-01 3.415433168e-01
-4.159015371e-04-6.576627959e-03-4.017776344e-03 2.577204723e-04 3.177242121e-03
 5.101584829e-03 6.279475056e-03 6.886493415e-03 7.050153799e-03 6.867638789e-03
 6.415945943e-03 5.762678571e-03 4.965559579e-03 4.075454548e-03 3.148466349e-03
 2.243071329e-03 1.415304607e-03 7.184672286e-04 2.028030285e-04-8.485461876e-05
-1.015351882e-04 1.911255385e-04 8.245661156e-04 1.830208814e-03 3.237361321e-03
 5.073051900e-03 7.303442806e-03 9.958028793e-03 1.305531990e-02 1.660552993e-02
 2.061112784e-02 2.507954650e-02 3.001840599e-02 3.543487191e-02 4.133721441e-02
 4.773515090e-02 5.464029685e-02 6.206656620e-02 7.003064454e-02 7.855254412e-02
 8.765627444e-02 9.737074375e-02 1.077309847e-01 1.187796146e-01 1.305689961e-01
 1.431639493e-01 1.566455960e-01 1.711165905e-01 1.867082715e-01 2.035907805e-01
 2.219867408e-01 2.421894521e-01 2.645843029e-01 2.896695137e-01 3.180693090e-01
 3.503410816e-01 3.777910471e-01 3.974781632e-01 4.096739292e-01 4.144648910e-01
 4.120443761e-01 4.013878107e-01 3.822975159e-01 3.627690077e-01 3.471348882e-01
 1.609033905e-02 1.111559756e-02 1.185910963e-02 1.351138204e-02 1.402259246e-02
 1.392200030e-02 1.340984181e-02 1.258898061e-02 1.152499951e-02 1.026661135e-02
 8.853993379e-03 7.322898135e-03 5.706120282e-03 4.034374375e-03 2.347651403e-03
 6.992141134e-04-8.582099108e-04-2.272996819e-03-3.495146520e-03-4.476753995e-03
-5.172447301e-03-5.539797246e-03-5.539630540e-03-5.135704763e-03-4.295459948e-03
-2.991602290e-03-1.205232344e-03 1.084514428e-03 3.894832451e-03 7.235765923e-03
 1.106066909e-02 1.539468206e-02 2.024790272e-02 2.562078461e-02 3.151907772e-02
 3.794916347e-02 4.491930455e-02 5.243964493e-02 6.052262336e-02 6.918336451e-02
 7.844025642e-02 8.831553161e-02 9.883613139e-02 1.100347191e-01 1.219508797e-01
 1.346327066e-01 1.481386721e-01 1.625397801e-01 1.779221892e-01 1.943895966e-01
 2.120654285e-01 2.310932577e-01 2.516344488e-01 2.738626003e-01 2.979627848e-01
 3.241903484e-01 3.509931564e-01 3.702478409e-01 3.829463124e-01 3.896118999e-01
 3.900151849e-01 3.846557140e-01 3.726915121e-01 3.556904793e-01 3.420487940e-01
 3.990668803e-02 3.810423613e-02 3.377849609e-02 2.982000262e-02 2.675877512e-02
 2.406399697e-02 2.152422071e-02 1.904246584e-02 1.657091454e-02 1.408643462e-02
 1.157982741e-02 9.050458670e-03 6.503217388e-03 3.946684767e-03 1.403942937e-03
-1.077158609e-03-3.447585274e-03-5.658011418e-03-7.659533061e-03-9.404229000e-03
-1.084561646e-02-1.193900313e-02-1.264178101e-02-1.291366201e-02-1.271707844e-02
-1.201770455e-02-1.078488678e-02-8.991274983e-03-6.614262704e-03-3.638247959e-03
-5.769731069e-05 4.131733440e-03 8.922792040e-03 1.425618865e-02 2.015194483e-02
 2.660868317e-02 3.363148123e-02 4.122544825e-02 4.939744622e-02 5.815605074e-02
 6.751187146e-02 7.747786492e-02 8.806962520e-02 9.930570424e-02 1.112078875e-01
 1.238012835e-01 1.371142268e-01 1.511775851e-01 1.660231650e-01 1.816804409e-01
 1.981704235e-01 2.154943943e-01 2.336139381e-01 2.524145246e-01 2.716335058e-01
 2.907037139e-01 3.084787428e-01 3.234488070e-01 3.347106874e-01 3.419791758e-01
 3.452426493e-01 3.446877301e-01 3.408136964e-01 3.347147703e-01 3.279322982e-01
 5.660714209e-02 5.573413521e-02 4.988918453e-02 4.359237105e-02 3.824005648e-02
 3.353337198e-02 2.925664186e-02 2.526394464e-02 2.145879343e-02 1.777753979e-02
 1.417833846e-02 1.063411962e-02 7.128040306e-03 3.650498111e-03 2.127605985e-04
-3.140752204e-03-6.363547407e-03-9.408098646e-03-1.222663652e-02-1.477172971e-02
-1.699671522e-02-1.885600016e-02-2.030531317e-02-2.130188793e-02-2.180470899e-02
-2.177477628e-02-2.117545158e-02-1.997288316e-02-1.813682169e-02-1.564171724e-02
-1.246786769e-02-8.602110669e-03-4.040573258e-03 1.208493486e-03 7.132375147e-03
 1.362291910e-02 2.070495300e-02 2.837249637e-02 3.662715107e-02 4.546983540e-02
 5.490249023e-02 6.492774189e-02 7.554884255e-02 8.676937968e-02 9.859281778e-02
 1.110216379e-01 1.240559518e-01 1.376913637e-01 1.519154608e-01 1.667025685e-01
 1.820058823e-01 1.977456063e-01 2.137918770e-01 2.299410701e-01 2.458868325e-01
 2.611972094e-01 2.753307521e-01 2.877274752e-01 2.979380488e-01 3.056998849e-01
 3.109475374e-01 3.138051331e-01 3.145832419e-01 3.137504458e-01 3.118379116e-01
 6.724574417e-02 6.658995152e-02 6.067479402e-02 5.354790017e-02 4.707573354e-02
 4.115369171e-02 3.566611558e-02 3.051082231e-02 2.560438961e-02 2.088155784e-02
 1.629247144e-02 1.179962046e-02 7.375093177e-03 2.998364158e-03-1.321882010e-03
-5.541440565e-03-9.614262730e-03-1.349338423e-02-1.713160425e-02-2.048197575e-02
-2.349811792e-02-2.613441832e-02-2.834614739e-02-3.008952551e-02-3.132181615e-02
-3.200143203e-02-3.208815679e-02-3.154348955e-02-3.033121303e-02-2.841819078e-02
-2.577541769e-02-2.237933874e-02-1.821372099e-02-1.327182166e-02-7.558725774e-03
-1.096539898e-03 6.091410294e-03 1.385146752e-02 2.220946550e-02 3.115255758e-02
 4.067531228e-02 5.077023804e-02 6.142913178e-02 7.264221460e-02 8.439736813e-02
 9.667892754e-02 1.094660014e-01 1.227300093e-01 1.364314854e-01 1.505155563e-01
 1.649063528e-01 1.794998348e-01 1.941559315e-01 2.086910754e-01 2.228743434e-01
 2.364321649e-01 2.490671873e-01 2.604915500e-01 2.704657316e-01 2.788306177e-01
 2.855246961e-01 2.905877531e-01 2.941513658e-01 2.964161932e-01 2.976167202e-01
 7.473389804e-02 7.417304069e-02 6.797701120e-02 6.042788178e-02 5.335812271e-02
 4.671410844e-02 4.043161124e-02 3.444509208e-02 2.869391814e-02 2.312514558e-02
 1.769409701e-02 1.236380637e-02 7.103994954e-03 1.889898558e-03-3.262098413e-03
-8.305041119e-03-1.319126133e-02-1.787300967e-02-2.230290696e-02-2.643423900e-02
-3.022107854e-02-3.361833841e-02-3.658169508e-02-3.906751424e-02-4.103275388e-02
-4.243491217e-02-4.323205724e-02-4.338299111e-02-4.284761101e-02-4.158746824e-02
-3.956664354e-02-3.675291315e-02-3.311935812e-02-2.864634804e-02-2.332396433e-02
-1.715492830e-02-1.015729457e-02-2.371973358e-03 6.158722565e-03 1.524400525e-02
 2.490483969e-02 3.511871397e-02 4.586889595e-02 5.713482201e-02 6.889277697e-02
 8.111463487e-02 9.376643598e-02 1.068065315e-01 1.201832145e-01 1.338319182e-01
 1.476720870e-01 1.616038978e-01 1.755058914e-01 1.892337352e-01 2.026221454e-01
 2.154907882e-01 2.276548594e-01 2.389395982e-01 2.491959631e-01 2.583141327e-01
 2.662323117e-01 2.729393244e-01 2.784707546e-01 2.828996181e-01 2.863232493e-01
 7.960191369e-02 7.903158665e-02 7.261204720e-02 6.483675539e-02 5.744181573e-02
 5.037429929e-02 4.358405620e-02 3.702288494e-02 3.064645082e-02 2.441479452e-02
 1.829235256e-02 1.224775240e-02 6.253402680e-03 2.848622971e-04-5.624786951e-03
-1.142413449e-02-1.706259325e-02-2.249071747e-02-2.766039409e-02-3.252490610e-02
-3.703886271e-02-4.115805030e-02-4.483916983e-02-4.803958535e-02-5.071704462e-02
-5.282942951e-02-5.433462188e-02-5.519042164e-02-5.535472184e-02-5.478581041e-02
-5.344299972e-02-5.128753930e-02-4.828394204e-02-4.440169036e-02-3.961746395e-02
-3.391780332e-02-2.730232663e-02-1.978748292e-02-1.140980795e-02-2.235168591e-03
 7.664177567e-03 1.807514951e-02 2.900665998e-02 4.042472690e-02 5.229838565e-02
 6.459178030e-02 7.726418972e-02 9.026890993e-02 1.035518050e-01 1.170495823e-01
 1.306882501e-01 1.443818808e-01 1.580321640e-01 1.715288758e-01 1.847518981e-01
 1.975750178e-01 2.098711878e-01 2.215191126e-01 2.324097753e-01 2.424521893e-01
 2.515771389e-01 2.597389221e-01 2.669143677e-01 2.731009424e-01 2.783130705e-01
 8.188037574e-02 8.115113527e-02 7.491020858e-02 6.713104993e-02 5.964905024e-02
 5.239026994e-02 4.530593008e-02 3.836242855e-02 3.153157979e-02 2.478726394e-02
 1.810462773e-02 1.146005094e-02 4.831398837e-03-1.801586826e-03-8.383600041e-03
-1.485875435e-02-2.117324248e-02-2.727561444e-02-3.311681002e-02-3.865004331e-02
-4.383056611e-02-4.861529171e-02-5.296239257e-02-5.683084577e-02-6.017997861e-02
-6.296904385e-02-6.515689194e-02-6.670171022e-02-6.756092608e-02-6.769133359e-02
-6.704942882e-02-6.559200585e-02-6.327722967e-02-6.006599218e-02-5.592377484e-02
-5.082308501e-02-4.474639893e-02-3.768968582e-02-2.966645546e-02-2.071245387e-02
-1.088952180e-02-2.955919481e-04 1.095380820e-02 2.264771983e-02 3.477588296e-02
 4.729457945e-02 6.015999615e-02 7.332570851e-02 8.674088120e-02 1.003490090e-01
 1.140870526e-01 1.278850138e-01 1.416659653e-01 1.553466320e-01 1.688385904e-01
 1.820499450e-01 1.948874295e-01 2.072587013e-01 2.190741003e-01 2.302481532e-01
 2.406999171e-01 2.503531575e-01 2.591365576e-01 2.669850886e-01 2.738429904e-01
 8.191029727e-02 8.074869215e-02 7.487577200e-02 6.765215099e-02 6.038184091e-02
 5.311397463e-02 4.587650299e-02 3.867574409e-02 3.150700405e-02 2.435944043e-02
 1.721862517e-02 1.006800123e-02 2.889769850e-03-4.314114805e-03-1.147882733e-02
-1.854332164e-02-2.545035630e-02-3.214643523e-02-3.858158737e-02-4.470907897e-02
-5.048493296e-02-5.586743355e-02-6.081654131e-02-6.529326737e-02-6.925905496e-02
-7.267522812e-02-7.550245523e-02-7.770030200e-02-7.922697067e-02-8.003917336e-02
-8.009221405e-02-7.934033871e-02-7.773742080e-02-7.523801923e-02-7.179883868e-02
-6.738083065e-02-6.195168942e-02-5.548913032e-02-4.798468947e-02-3.944819421e-02
-2.991273627e-02-1.944019645e-02-8.125743829e-03 3.893009853e-03 1.644153520e-02
 2.934931405e-02 4.257853329e-02 5.608925223e-02 6.983859837e-02 8.377981931e-02
 9.786228836e-02 1.120317429e-01 1.262305826e-01 1.403982192e-01 1.544714570e-01
 1.683847904e-01 1.820705235e-01 1.954581141e-01 2.084728628e-01 2.210333347e-01
 2.330478728e-01 2.444105446e-01 2.549985647e-01 2.646737993e-01 2.732916474e-01
 8.185343444e-02 8.043040335e-02 7.466699183e-02 6.756120175e-02 6.032776088e-02
 5.300329253e-02 4.562480748e-02 3.821025789e-02 3.076439723e-02 2.328373864e-02
 1.575950161e-02 8.179367520e-03 5.284408107e-04-7.163198665e-03-1.482582465e-02
-2.239472792e-02-2.981017902e-02-3.701726347e-02-4.396553710e-02-5.060861632e-02
-5.690356344e-02-6.281025708e-02-6.829066575e-02-7.330811769e-02-7.782651484e-02
-8.180968463e-02-8.522063494e-02-8.802103996e-02-9.017074853e-02-9.162746370e-02
-9.234659374e-02-9.228137881e-02-9.138321877e-02-8.960242569e-02-8.688929677e-02
-8.319576085e-02-7.847749442e-02-7.269670814e-02-6.582559645e-02-5.785048753e-02
-4.877667129e-02-3.863380849e-02-2.748165652e-02-1.541599073e-02-2.573150676e-03
 1.086517610e-02 2.460528538e-02 3.861655295e-02 5.286747962e-02 6.732091308e-02
 8.193776011e-02 9.667842090e-02 1.115031987e-01 1.263726056e-01 1.412472427e-01
 1.560875624e-01 1.708527207e-01 1.854986250e-01 1.999742687e-01 2.142154872e-01
 2.281355858e-01 2.416119576e-01 2.544694543e-01 2.664670944e-01 2.773050666e-01
 8.207450062e-02 8.056329191e-02 7.462271303e-02 6.725999713e-02 5.983498320e-02
 5.234447122e-02 4.478761554e-02 3.716438636e-02 2.947219461e-02 2.170511335e-02
 1.385422330e-02 5.908209831e-03-2.146058250e-03-1.024989039e-02-1.833132654e-02
-2.632383630e-02-3.416646272e-02-4.180373624e-02-4.918534681e-02-5.626564845e-02
-6.300301850e-02-6.935913116e-02-7.529810816e-02-8.078572154e-02-8.578851819e-02
-9.027302265e-02-9.420493990e-02-9.754844010e-02-1.002655923e-01-1.023158133e-01
-1.036556214e-01-1.042384207e-01-1.040146500e-01-1.029321626e-01-1.009369642e-01
-9.797443449e-02-9.399100393e-02-8.893644065e-02-8.276686072e-02-7.544845343e-02
-6.696193665e-02-5.730791390e-02-4.651270807e-02-3.463476151e-02-2.177089266e-02
-8.062111214e-03 6.302364171e-03 2.092928812e-02 3.581547737e-02 5.091993511e-02
 6.621035933e-02 8.165988326e-02 9.724595398e-02 1.129500270e-01 1.287575364e-01
 1.446577609e-01 1.606432796e-01 1.767083704e-01 1.928458661e-01 2.090406418e-01
 2.252578437e-01 2.414205968e-01 2.573684454e-01 2.727761865e-01 2.870055735e-01
 8.186711371e-02 8.025962859e-02 7.395974547e-02 6.642749906e-02 5.884318054e-02
 5.119280145e-02 4.346706718e-02 3.565649688e-02 2.775116451e-02 1.974038035e-02
 1.161252894e-02 3.355151275e-03-5.034186412e-03-1.347800065e-02-2.190350741e-02
-3.024348244e-02-3.843664378e-02-4.642763361e-02-5.416674539e-02-6.160940602e-02
-6.871550530e-02-7.544860244e-02-8.177503943e-02-8.766306937e-02-9.308189154e-02
-9.800079465e-02-1.023882478e-01-1.062111408e-01-1.094340608e-01-1.120186374e-01
-1.139231026e-01-1.151019335e-01-1.155057326e-01-1.150813624e-01-1.137723476e-01
-1.115196943e-01-1.082631797e-01-1.039431542e-01-9.850303829e-02-9.189260006e-02
-8.407202363e-02-7.501690090e-02-6.472422183e-02-5.321917683e-02-4.056272656e-02
-2.685997263e-02-1.226906106e-02 2.988491673e-03 1.865797490e-02 3.452911973e-02
 5.058827996e-02 6.682553142e-02 8.323659003e-02 9.982398152e-02 1.165982336e-01
 1.335791796e-01 1.507973373e-01 1.682953984e-01 1.861294806e-01 2.043698728e-01
 2.231003791e-01 2.424141467e-01 2.623983920e-01 2.830563784e-01 3.033564091e-01
 8.068479598e-02 7.892137021e-02 7.266430557e-02 6.502357125e-02 5.732883513e-02
 4.956553131e-02 4.171613604e-02 3.376361728e-02 2.569208294e-02 1.748654246e-02
 9.132380597e-03 6.147915847e-04-8.040898480e-03-1.675536111e-02-2.545483410e-02
-3.407169878e-02-4.254472256e-02-5.081902072e-02-5.884576589e-02-6.658163667e-02
-7.398810983e-02-8.103065193e-02-8.767776191e-02-9.390009940e-02-9.966940433e-02
-1.049576402e-01-1.097360402e-01-1.139741912e-01-1.176393181e-01-1.206954718e-01
-1.231030151e-01-1.248180643e-01-1.257922351e-01-1.259724796e-01-1.253013015e-01
-1.237171590e-01-1.211554334e-01-1.175497323e-01-1.128339916e-01-1.069451123e-01
-9.982666373e-02-9.143331647e-02-8.173653483e-02-7.073110342e-02-5.844277143e-02
-4.493641853e-02-3.032439016e-02-1.477365848e-02 1.490527531e-03 1.817761734e-02
 3.504114971e-02 5.208184570e-02 6.930957735e-02 8.674409986e-02 1.044167504e-01
 1.223731637e-01 1.406768560e-01 1.594143957e-01 1.787022352e-01 1.986968368e-01
 2.196098864e-01 2.417339981e-01 2.654924989e-01 2.915518582e-01 3.187233806e-01
 7.894968987e-02 7.702915370e-02 7.070682943e-02 6.301630288e-02 5.528913811e-02
 4.749115556e-02 3.959001601e-02 3.156039119e-02 2.338221669e-02 1.503863558e-02
 6.514207926e-03-2.206814475e-03-1.106862724e-02-1.999164186e-02-2.890206501e-02
-3.773246333e-02-4.642205685e-02-5.491670594e-02-6.316860020e-02-7.113572210e-02
-7.878112793e-02-8.607208729e-02-9.297914803e-02-9.947517514e-02-1.055343002e-01
-1.111309826e-01-1.162390038e-01-1.208305955e-01-1.248755157e-01-1.283403635e-01
-1.311877221e-01-1.333757639e-01-1.348575801e-01-1.355810761e-01-1.354887784e-01
-1.345180869e-01-1.326017678e-01-1.296690851e-01-1.256471872e-01-1.204634830e-01
-1.140486449e-01-1.063406169e-01-9.728971869e-02-8.686482906e-02-7.506072521e-02
-6.190632656e-02-4.747364670e-02-3.188672662e-02-1.533002686e-02 1.943978132e-03
 1.960968971e-02 3.741987795e-02 5.539658666e-02 7.357130945e-02 9.198758006e-02
 1.107047945e-01 1.298032105e-01 1.493907422e-01 1.696123630e-01 1.906634569e-01
 2.128085494e-01 2.364067435e-01 2.619409263e-01 2.900372148e-01 3.200642467e-01
 7.662867010e-02 7.455458492e-02 6.791952997e-02 6.033951789e-02 5.274195224e-02
 4.503557086e-02 3.717805818e-02 2.914592251e-02 2.092339098e-02 1.249814313e-02
 3.859977238e-03-5.013005342e-03-1.402645558e-02-2.310253307e-02-3.216822445e-02
-4.115665331e-02-5.000766367e-02-5.866792798e-02-6.709066033e-02-7.523509115e-02
-8.306573331e-02-9.055152535e-02-9.766484797e-02-1.043805480e-01-1.106749028e-01
-1.165245920e-01-1.219057739e-01-1.267930567e-01-1.311586350e-01-1.349714696e-01
-1.381964982e-01-1.407939792e-01-1.427189112e-01-1.439205706e-01-1.443423033e-01
-1.439214945e-01-1.425898373e-01-1.402740180e-01-1.368968636e-01-1.323791444e-01
-1.266421080e-01-1.196110770e-01-1.112198234e-01-1.014164239e-01-9.017019719e-02
-7.747986913e-02-6.338272989e-02-4.796437174e-02-3.136835247e-02-1.380460989e-02
 4.444867373e-03 2.294623107e-02 4.156209528e-02 6.032719463e-02 7.928477228e-02
 9.849157184e-02 1.180225015e-01 1.379761994e-01 1.584825814e-01 1.797135472e-01
 2.018987536e-01 2.253495306e-01 2.504965365e-01 2.779441476e-01 3.072635233e-01
 7.213431597e-02 6.946827471e-02 6.393348426e-02 5.709149688e-02 4.987501353e-02
 4.238519818e-02 3.464636952e-02 2.666506730e-02 1.844074950e-02 9.969054721e-03
 1.242847764e-03-7.719431072e-03-1.683058590e-02-2.600969002e-02-3.518248349e-02
-4.428178817e-02-5.324769765e-02-6.202749535e-02-7.057528943e-02-7.885141671e-02
-8.682166040e-02-9.445642680e-02-1.017296910e-01-1.086180359e-01-1.150995642e-01
-1.211529747e-01-1.267564297e-01-1.318866909e-01-1.365181506e-01-1.406219900e-01
-1.441653371e-01-1.471105516e-01-1.494145989e-01-1.510284543e-01-1.518968046e-01
-1.519577503e-01-1.511429548e-01-1.493780017e-01-1.465832591e-01-1.426753402e-01
-1.375691146e-01-1.311808676e-01-1.234322339e-01-1.142555773e-01-1.036004424e-01
-9.144163132e-02-7.778835297e-02-6.269447505e-02-4.626917467e-02-2.868718654e-02
-1.019727159e-02 8.872628212e-03 2.800337411e-02 4.720699042e-02 6.650952995e-02
 8.594967425e-02 1.055787802e-01 1.254618019e-01 1.456791162e-01 1.663288027e-01
 1.875297427e-01 2.094266117e-01 2.322025150e-01 2.561348975e-01 2.812223136e-01
 6.917835027e-02 6.632725894e-02 6.080310419e-02 5.418522656e-02 4.719234258e-02
 3.986269236e-02 3.222578764e-02 2.429785021e-02 1.608572528e-02 7.590173744e-03
-1.192238997e-03-1.021435298e-02-1.938901469e-02-2.863503061e-02-3.787805885e-02
-4.705110937e-02-5.609473586e-02-6.495687366e-02-7.359246165e-02-8.196283132e-02
-9.003490955e-02-9.778032452e-02-1.051744223e-01-1.121952236e-01-1.188224331e-01
-1.250363737e-01-1.308169812e-01-1.361428499e-01-1.409902871e-01-1.453324258e-01
-1.491384059e-01-1.523725688e-01-1.549938023e-01-1.569548994e-01-1.582020521e-01
-1.586745977e-01-1.583048701e-01-1.570184082e-01-1.547345817e-01-1.513676494e-01
-1.468286365e-01-1.410278380e-01-1.338785291e-01-1.253018081e-01-1.152327061e-01
-1.036279872e-01-9.047523141e-02-7.580332458e-02-5.969399214e-02-4.229341447e-02
-2.382342890e-02-4.590729252e-03 1.500677411e-02 3.455236554e-02 5.406029522e-02
 7.355172932e-02 9.305136651e-02 1.125848964e-01 1.321755648e-01 1.518382132e-01
 1.715683341e-01 1.913200319e-01 2.109602839e-01 2.301678658e-01 2.482661009e-01
 6.721249223e-02 6.426782906e-02 5.856098607e-02 5.192425847e-02 4.496470094e-02
 3.768454492e-02 3.009096906e-02 2.218959853e-02 1.398310438e-02 5.471016280e-03
-3.350105137e-03-1.241078787e-02-2.162471414e-02-3.091142699e-02-4.019724950e-02
-4.941587150e-02-5.850853026e-02-6.742394716e-02-7.611788809e-02-8.455257863e-02
-9.269591421e-02-1.005205736e-01-1.080030054e-01-1.151224449e-01-1.218598634e-01
-1.281969249e-01-1.341150105e-01-1.395942271e-01-1.446125209e-01-1.491446495e-01
-1.531615257e-01-1.566292346e-01-1.595084369e-01-1.617536247e-01-1.633126438e-01
-1.641261876e-01-1.641277075e-01-1.632433832e-01-1.613924801e-01-1.584883779e-01
-1.544399858e-01-1.491540819e-01-1.425385177e-01-1.345067620e-01-1.249837279e-01
-1.139130443e-01-1.012661159e-01-8.705249429e-02-7.133160532e-02-5.422496051e-02
-3.592813388e-02-1.672089100e-02 3.026240971e-03 2.285141125e-02 4.247825965e-02
 6.192220002e-02 8.118958771e-02 1.002774462e-01 1.191698313e-01 1.378311515e-01
 1.561955065e-01 1.741512418e-01 1.915207803e-01 2.080423534e-01 2.233727574e-01
 6.547006965e-02 6.242665276e-02 5.679066479e-02 5.013124272e-02 4.316606373e-02
 3.589395434e-02 2.831242979e-02 2.041936666e-02 1.221232116e-02 3.688240424e-03
-5.159067921e-03-1.424227934e-02-2.347728238e-02-3.278511763e-02-4.209322855e-02
-5.133624375e-02-6.045623869e-02-6.940270960e-02-7.813221216e-02-8.660772443e-02
-9.479796886e-02-1.026764438e-01-1.102204844e-01-1.174102426e-01-1.242276728e-01
-1.306554973e-01-1.366762221e-01-1.422711462e-01-1.474194676e-01-1.520973444e-01
-1.562770605e-01-1.599262059e-01-1.630069315e-01-1.654752791e-01-1.672805846e-01
-1.683649421e-01-1.686629951e-01-1.681019068e-01-1.666014642e-01-1.640750170e-01
-1.604306400e-01-1.555732191e-01-1.494074762e-01-1.418420821e-01-1.327951849e-01
-1.222013906e-01-1.100205183e-01-9.624776989e-02-8.092533797e-02-6.415479630e-02
-4.610929638e-02-2.704416960e-02-7.304020226e-03 1.267609373e-02 3.234742582e-02
 5.170104653e-02 7.072491199e-02 8.939859271e-02 1.076887026e-01 1.255439520e-01
 1.428898573e-01 1.596233845e-01 1.756095886e-01 1.906832457e-01 2.046594322e-01
 6.420868635e-02 6.110643595e-02 5.540066957e-02 4.871837050e-02 4.174857587e-02
 3.448152542e-02 2.690847218e-02 1.902197301e-02 1.081537642e-02 2.282189671e-03
-6.572443061e-03-1.566149853e-02-2.490167320e-02-3.421490267e-02-4.352950305e-02
-5.278087035e-02-6.191180646e-02-7.087245584e-02-7.962000370e-02-8.811803907e-02
-9.633587301e-02-1.042476073e-01-1.118312031e-01-1.190674827e-01-1.259390712e-01
-1.324294806e-01-1.385219991e-01-1.441987753e-01-1.494399607e-01-1.542226970e-01
-1.585203707e-01-1.623016894e-01-1.655300260e-01-1.681626141e-01-1.701500565e-01
-1.714356691e-01-1.719552577e-01-1.716369390e-01-1.704013348e-01-1.681621671e-01
-1.648274809e-01-1.603014171e-01-1.544871032e-01-1.472904831e-01-1.386256218e-01
-1.284213960e-01-1.166299805e-01-1.032367945e-01-8.827203512e-02-7.182303071e-02
-5.404677615e-02-3.518111259e-02-1.555289607e-02 4.419144243e-03 2.414157800e-02
 4.342181608e-02 6.224752963e-02 8.059663326e-02 9.843510389e-02 1.157150865e-01
 1.323734522e-01 1.483313441e-01 1.634954810e-01 1.777621806e-01 1.910246164e-01
 6.323051453e-02 6.008677557e-02 5.430241674e-02 4.762633145e-02 4.067892209e-02
 3.343784064e-02 2.588871866e-02 1.802121848e-02 9.827096947e-03 1.298795221e-03
-7.549068891e-03-1.663048938e-02-2.586296946e-02-3.516915441e-02-4.447799549e-02
-5.372545496e-02-6.285484135e-02-7.181675732e-02-8.056877553e-02-8.907489479e-02
-9.730476886e-02-1.052328721e-01-1.128375381e-01-1.200999469e-01-1.270031631e-01
-1.335311085e-01-1.396675706e-01-1.453952491e-01-1.506948769e-01-1.555442214e-01
-1.599173993e-01-1.637838781e-01-1.671078056e-01-1.698473543e-01-1.719539613e-01
-1.733718812e-01-1.740378439e-01-1.738808155e-01-1.728221178e-01-1.707761139e-01
-1.676511317e-01-1.633512676e-01-1.577790976e-01-1.508393586e-01-1.424440145e-01
-1.325189173e-01-1.210118234e-01-1.079025120e-01-9.321391582e-02-7.702469081e-02
-5.948192626e-02-4.081301764e-02-2.133518457e-02-1.461017411e-03 1.830135845e-02
 3.752224147e-02 5.619813502e-02 7.431273907e-02 9.183806181e-02 1.087350175e-01
 1.249540895e-01 1.404367387e-01 1.551176757e-01 1.689283699e-01 1.818018705e-01
 6.224065647e-02 5.902846530e-02 5.339052528e-02 4.681628570e-02 3.995393217e-02
 3.277636319e-02 2.527423389e-02 1.744233072e-02 9.275496937e-03 7.678014808e-04
-8.059895597e-03-1.712179184e-02-2.633571252e-02-3.562465683e-02-4.491791129e-02
-5.415173247e-02-6.326967478e-02-7.222254574e-02-8.096808195e-02-8.947040141e-02
-9.769929945e-02-1.056293100e-01-1.132388860e-01-1.205093116e-01-1.274237633e-01
-1.339662969e-01-1.401208937e-01-1.458704323e-01-1.511958838e-01-1.560752988e-01
-1.604830921e-01-1.643891037e-01-1.677579135e-01-1.705481112e-01-1.727116406e-01
-1.741932929e-01-1.749303043e-01-1.748522371e-01-1.738809794e-01-1.719313860e-01
-1.689122021e-01-1.647278965e-01-1.592811048e-01-1.524764746e-01-1.442254633e-01
-1.344529390e-01-1.231051981e-01-1.101596951e-01-9.563633800e-02-7.960975170e-02
-6.222194433e-02-4.369398206e-02-2.433507890e-02-4.546938930e-03 1.517928205e-02
 3.432076424e-02 5.287259072e-02 7.082009315e-02 8.813908696e-02 1.047966480e-01
 1.207522601e-01 1.359594911e-01 1.503683329e-01 1.639281213e-01 1.765909940e-01
 6.132417172e-02 5.793084204e-02 5.268869177e-02 4.640750587e-02 3.966522962e-02
 3.255751729e-02 2.510592341e-02 1.731552556e-02 9.185248986e-03 7.109533763e-04
-8.085129783e-03-1.711715013e-02-2.630302496e-02-3.556585312e-02-4.483500123e-02
-5.404677615e-02-6.314471364e-02-7.207955420e-02-8.080895245e-02-8.929689974e-02
-9.751300514e-02-1.054316759e-01-1.130311564e-01-1.202925667e-01-1.271989048e-01
-1.337340921e-01-1.398819089e-01-1.456251144e-01-1.509445906e-01-1.558182538e-01
-1.602204591e-01-1.641210020e-01-1.674844176e-01-1.702693254e-01-1.724277139e-01
-1.739044487e-01-1.746369451e-01-1.745549142e-01-1.735805124e-01-1.716289371e-01
-1.686093807e-01-1.644267887e-01-1.589844525e-01-1.521877050e-01-1.439488828e-01
-1.341937631e-01-1.228696331e-01-1.099549830e-01-9.547065943e-02-7.949213684e-02
-6.216191128e-02-4.370103776e-02-2.441793121e-02-4.712441005e-03 1.492722146e-02
 3.397307545e-02 5.241991952e-02 7.025340945e-02 8.745044470e-02 1.039799601e-01
 1.198042780e-01 1.348807514e-01 1.491640955e-01 1.626090109e-01 1.751732230e-01
 6.197359413e-02 5.876161158e-02 5.318306014e-02 4.670691490e-02 3.993212804e-02
 3.283662349e-02 2.541361377e-02 1.765931211e-02 9.569494985e-03 1.138787949e-03
-7.615567185e-03-1.660806313e-02-2.575676888e-02-3.498480469e-02-4.422145337e-02
-5.340283737e-02-6.247223914e-02-7.138010859e-02-8.008371294e-02-8.854667842e-02
-9.673817456e-02-1.046321839e-01-1.122065037e-01-1.194417924e-01-1.263205707e-01
-1.328262985e-01-1.389422715e-01-1.446508169e-01-1.499322802e-01-1.547641605e-01
-1.591203064e-01-1.629700661e-01-1.662775278e-01-1.690008342e-01-1.710916311e-01
-1.724944115e-01-1.731463075e-01-1.729768515e-01-1.719081849e-01-1.698556542e-01
-1.667288095e-01-1.624333262e-01-1.568735838e-01-1.499565244e-01-1.415965855e-01
-1.317223758e-01-1.202846617e-01-1.072662324e-01-9.269299358e-02-7.664616406e-02
-5.927457660e-02-4.080600291e-02-2.155580372e-02-1.930790022e-03 1.757395267e-02
 3.650883958e-02 5.486848205e-02 7.263724506e-02 8.978994191e-02 1.062927172e-01
 1.221043468e-01 1.371778995e-01 1.514630318e-01 1.649089158e-01 1.774675250e-01
 6.264187396e-02 5.949310586e-02 5.394056067e-02 4.744401574e-02 4.065996408e-02
 3.357549384e-02 2.617953159e-02 1.846390218e-02 1.042176597e-02 2.046470763e-03
-6.654835772e-03-1.559702307e-02-2.469829284e-02-3.388167918e-02-4.307620227e-02
-5.221758783e-02-6.124865264e-02-7.011927664e-02-7.878614217e-02-8.721220493e-02
-9.536598623e-02-1.032207310e-01-1.107535213e-01-1.179442853e-01-1.247747988e-01
-1.312277019e-01-1.372855455e-01-1.429298222e-01-1.481400281e-01-1.528928727e-01
-1.571613103e-01-1.609138250e-01-1.641136408e-01-1.667180806e-01-1.686779261e-01
-1.699369550e-01-1.704316139e-01-1.700909883e-01-1.688369662e-01-1.665849239e-01
-1.632449329e-01-1.587236822e-01-1.529273093e-01-1.457653344e-01-1.371558160e-01
-1.270322502e-01-1.153516322e-01-1.021044552e-01-8.732581139e-02-7.110747695e-02
-5.360996723e-02-3.507346660e-02-1.582609117e-02 3.711957252e-03 2.302917838e-02
 4.183926433e-02 6.013484299e-02 7.789622247e-02 9.509269893e-02 1.116831005e-01
 1.276164949e-01 1.428333521e-01 1.572678983e-01 1.708514392e-01 1.835170388e-01
 6.366908550e-02 6.060465053e-02 5.498049408e-02 4.851881415e-02 4.176976532e-02
 3.472209722e-02 2.736862004e-02 1.970320381e-02 1.172029227e-02 3.414482810e-03
-5.219654646e-03-1.409803424e-02-2.313900739e-02-3.226534277e-02-4.140556604e-02
-5.049478263e-02-5.947508663e-02-6.829558313e-02-7.691211998e-02-8.528675139e-02
-9.338708222e-02-1.011854038e-01-1.086578071e-01-1.157831848e-01-1.225422770e-01
-1.289166361e-01-1.348877102e-01-1.404358298e-01-1.455393732e-01-1.501737535e-01
-1.543107778e-01-1.579176486e-01-1.609563679e-01-1.633830070e-01-1.651472151e-01
-1.661916971e-01-1.664519906e-01-1.658565402e-01-1.643269360e-01-1.617787033e-01
-1.581227630e-01-1.532674432e-01-1.471215785e-01-1.395986676e-01-1.306223869e-01
-1.201335192e-01-1.080984473e-01-9.451915324e-02-7.944431901e-02-6.298112869e-02
-4.530659690e-02-2.667718939e-02-7.434483618e-03 1.199568249e-02 3.106324747e-02
 4.974376783e-02 6.801443547e-02 8.584667742e-02 1.032021344e-01 1.200299710e-01
 1.362651289e-01 1.518276930e-01 1.666241139e-01 1.805509925e-01 1.935022175e-01
 6.476353854e-02 6.177610159e-02 5.634219572e-02 4.994807765e-02 4.325386882e-02
 3.625749424e-02 2.895681001e-02 2.134990692e-02 1.343424432e-02 5.206056871e-03
-3.340023803e-03-1.213667169e-02-2.110079676e-02-3.015409596e-02-3.922417015e-02
-4.824523255e-02-5.715846270e-02-6.591199338e-02-7.446064055e-02-8.276538551e-02
-9.079267085e-02-9.851359576e-02-1.059029996e-01-1.129384860e-01-1.195994467e-01
-1.258660555e-01-1.317183524e-01-1.371351779e-01-1.420934051e-01-1.465669423e-01
-1.505259722e-01-1.539361477e-01-1.567579210e-01-1.589458585e-01-1.604481637e-01
-1.612063348e-01-1.611549258e-01-1.602217704e-01-1.583283544e-01-1.553908288e-01
-1.513216496e-01-1.460318565e-01-1.394343972e-01-1.314487904e-01-1.220066994e-01
-1.110593975e-01-9.858635813e-02-8.460545540e-02-6.918402016e-02-5.245034397e-02
-3.460458294e-02-1.592770591e-02 3.213051707e-03 2.236378752e-02 4.124175012e-02
 5.984630808e-02 7.816533744e-02 9.617567062e-02 1.138407290e-01 1.311064959e-01
 1.478966773e-01 1.641074866e-01 1.796044707e-01 1.942240149e-01 2.077836841e-01
 6.631045043e-02 6.343443692e-02 5.809263140e-02 5.176941305e-02 4.512967914e-02
 3.817990422e-02 3.092728183e-02 2.337728068e-02 1.553217974e-02 7.390922867e-03
-1.050620922e-03-9.747702628e-03-1.861613803e-02-2.757675573e-02-3.655636311e-02
-4.548836499e-02-5.431303009e-02-6.297747791e-02-7.143539935e-02-7.964654267e-02
-8.757600933e-02-9.519350529e-02-1.024723724e-01-1.093886569e-01-1.159201264e-01
-1.220452860e-01-1.277424395e-01-1.329886317e-01-1.377589405e-01-1.420254260e-01
-1.457563937e-01-1.489156783e-01-1.514619291e-01-1.533479989e-01-1.545206457e-01
-1.549201012e-01-1.544801295e-01-1.531282663e-01-1.507864743e-01-1.473724395e-01
-1.428012997e-01-1.369884163e-01-1.298530698e-01-1.213232875e-01-1.113420203e-01
-9.987473488e-02-8.691833913e-02-7.251128554e-02-5.674444139e-02-3.977192566e-02
-2.182094008e-02-3.199064638e-03 1.570258290e-02 3.448884189e-02 5.315656215e-02
 7.170461118e-02 9.012931585e-02 1.084206924e-01 1.265575290e-01 1.445003301e-01
 1.621806920e-01 1.794861108e-01 1.962403655e-01 2.121855915e-01 2.269850671e-01
 6.839959323e-02 6.566849351e-02 6.032046676e-02 5.405436084e-02 4.742960259e-02
 4.048465937e-02 3.324963152e-02 2.573987097e-02 1.796131395e-02 9.913982823e-03
 1.593682216e-03-6.983703934e-03-1.573342457e-02-2.457627840e-02-3.343894705e-02
-4.225444049e-02-5.096235871e-02-5.950889736e-02-6.784659624e-02-7.593388855e-02
-8.373439312e-02-9.121622145e-02-9.835096449e-02-1.051128954e-01-1.114778668e-01
-1.174224466e-01-1.229228824e-01-1.279542148e-01-1.324893385e-01-1.364982575e-01
-1.399471909e-01-1.427979469e-01-1.450072676e-01-1.465263367e-01-1.473004818e-01
-1.472689956e-01-1.463652551e-01-1.445172876e-01-1.416485608e-01-1.376795769e-01
-1.325300634e-01-1.261220425e-01-1.183838919e-01-1.092556268e-01-9.869542718e-02
-8.668746054e-02-7.325085998e-02-5.844966322e-02-4.240301996e-02-2.529496327e-02
-7.382430136e-03 1.099980623e-02 2.939791046e-02 4.781510681e-02 6.626030803e-02
 8.474740386e-02 1.032939106e-01 1.219188720e-01 1.406396180e-01 1.594658792e-01
 1.783889532e-01 1.973603666e-01 2.162471414e-01 2.347334325e-01 2.521577477e-01
 7.128113508e-02 6.885959208e-02 6.349659711e-02 5.696655065e-02 5.015715957e-02
 4.311010987e-02 3.583896160e-02 2.834648639e-02 2.063076198e-02 1.268753875e-02
 4.511715844e-03-3.921144642e-03-1.252131537e-02-2.121276595e-02-2.992342599e-02
-3.858652711e-02-4.714126140e-02-5.553299934e-02-6.371312588e-02-7.163865864e-02
-7.927162945e-02-8.657831699e-02-9.352841973e-02-1.000941396e-01-1.062492132e-01
-1.119679362e-01-1.172243133e-01-1.219910458e-01-1.262387335e-01-1.299350560e-01
-1.330440342e-01-1.355253756e-01-1.373340040e-01-1.384195685e-01-1.387263834e-01
-1.381933242e-01-1.367542744e-01-1.343388259e-01-1.308735311e-01-1.262837946e-01
-1.204963624e-01-1.134429723e-01-1.050647795e-01-9.531798959e-02-8.418074250e-02
-7.166097313e-02-5.780529231e-02-4.270835966e-02-2.652206458e-02-9.463645518e-03
 8.178630844e-03 2.593385428e-02 4.380835593e-02 6.181645393e-02 7.998153567e-02
 9.833721071e-02 1.169286668e-01 1.358143091e-01 1.550676823e-01 1.747799963e-01
 1.950629354e-01 2.160536647e-01 2.379269898e-01 2.609498799e-01 2.851180434e-01
 7.494603842e-02 7.302308083e-02 6.716805696e-02 6.009737402e-02 5.300731212e-02
 4.582548887e-02 3.851200640e-02 3.104365990e-02 2.340441942e-02 1.558109373e-02
 7.561038248e-03-6.697532372e-04-9.070487693e-03-1.756350510e-02-2.607612498e-02
-3.454109654e-02-4.289694130e-02-5.108807981e-02-5.906465277e-02-6.678216159e-02
-7.420086861e-02-8.128512651e-02-8.800251037e-02-9.432294965e-02-1.002178043e-01
-1.056589484e-01-1.106178761e-01-1.150647849e-01-1.189678013e-01-1.222922355e-01
-1.249998659e-01-1.270484626e-01-1.283913255e-01-1.289770305e-01-1.287494898e-01
-1.276481152e-01-1.256085634e-01-1.225637048e-01-1.184452474e-01-1.131860688e-01
-1.067232415e-01-9.900198877e-02-8.998060226e-02-7.963640988e-02-6.797273457e-02
-5.502668023e-02-4.087748379e-02-2.565496787e-02-9.547218680e-03 7.193530910e-03
 2.411321178e-02 4.121585935e-02 5.851363391e-02 7.602858543e-02 9.379480779e-02
 1.118612736e-01 1.302955449e-01 1.491888463e-01 1.686633825e-01 1.888824999e-01
 2.100661099e-01 2.325139046e-01 2.566418052e-01 2.830350995e-01 3.112731576e-01
 7.739049196e-02 7.569645345e-02 6.976580620e-02 6.265447289e-02 5.552071705e-02
 4.832757264e-02 4.104748368e-02 3.365812451e-02 2.614142559e-02 1.848202571e-02
 1.066601090e-02 2.680086065e-03-5.471427925e-03-1.371344924e-02-2.197431959e-02
-3.018695489e-02-3.828947991e-02-4.622545838e-02-5.394380912e-02-6.139849126e-02
-6.854795665e-02-7.535447180e-02-8.178336918e-02-8.780215681e-02-9.337966144e-02
-9.848516434e-02-1.030875072e-01-1.071543023e-01-1.106511801e-01-1.135410964e-01
-1.157838032e-01-1.173353940e-01-1.181480512e-01-1.181700230e-01-1.173457876e-01
-1.156166792e-01-1.129217669e-01-1.091993600e-01-1.043890268e-01-9.843436629e-02
-9.128654003e-02-8.290866017e-02-7.328107953e-02-6.240752339e-02-5.032194406e-02
-3.709573299e-02-2.284501493e-02-7.737799082e-03 8.000340313e-03 2.396240644e-02
 4.014559090e-02 5.655379221e-02 7.319929451e-02 9.010481834e-02 1.073061377e-01
 1.248555034e-01 1.428262889e-01 1.613193750e-01 1.804722100e-01 2.004717290e-01
 2.215724289e-01 2.441209406e-01 2.685844898e-01 2.955693603e-01 3.244577050e-01
 7.875506580e-02 7.720081508e-02 7.158069313e-02 6.458368897e-02 5.754175782e-02
 5.044778436e-02 4.328709841e-02 3.604529798e-02 2.870886959e-02 2.126511186e-02
 1.370174158e-02 6.006552838e-03-1.832788461e-03-9.761704132e-03-1.770870388e-02
-2.560664900e-02-3.339326382e-02-4.101134837e-02-4.840867594e-02-5.553770810e-02
-6.235508621e-02-6.882099807e-02-7.489846647e-02-8.055250347e-02-8.574935794e-02
-9.045563638e-02-9.463754296e-02-9.826012701e-02-1.012866348e-01-1.036779433e-01
-1.053920984e-01-1.063841134e-01-1.066058576e-01-1.060062349e-01-1.045317501e-01
-1.021273136e-01-9.873761237e-02-9.430900216e-02-8.879199624e-02-8.214456588e-02
-7.433608174e-02-6.535218656e-02-5.520033836e-02-4.391594231e-02-3.156873584e-02
-1.826910861e-02-4.171898589e-03 1.051663235e-02 2.546492219e-02 4.066074640e-02
 5.609649420e-02 7.177047431e-02 8.768840879e-02 1.038651764e-01 1.203271002e-01
 1.371146888e-01 1.542863250e-01 1.719232053e-01 1.901360452e-01 2.090748847e-01
 2.289438546e-01 2.500261068e-01 2.727319896e-01 2.977077365e-01 3.237914443e-01
 7.970144600e-02 7.831728458e-02 7.277677953e-02 6.592772901e-02 5.904426798e-02
 5.211731419e-02 4.513896257e-02 3.810165077e-02 3.099772334e-02 2.381890267e-02
 1.655600965e-02 9.198731743e-03 1.735380851e-03-5.814894568e-03-1.338098850e-02
-2.089605480e-02-2.829778567e-02-3.552852198e-02-4.253516719e-02-4.926889390e-02
-5.568468198e-02-6.174076349e-02-6.739790738e-02-7.261873782e-02-7.736694813e-02
-8.160661161e-02-8.530139923e-02-8.841405064e-02-9.090574086e-02-9.273571521e-02
-9.386100620e-02-9.423637390e-02-9.381447732e-02-9.254633635e-02-9.038218856e-02
-8.727268130e-02-8.317063749e-02-7.803340256e-02-7.182575762e-02-6.452367455e-02
-5.611873418e-02-4.662329704e-02-3.607630730e-02-2.454932965e-02-1.215191465e-02
 9.567447705e-04 1.459077001e-02 2.852186374e-02 4.272760451e-02 5.718785152e-02
 7.188597322e-02 8.680978417e-02 1.019525677e-01 1.173141822e-01 1.329022795e-01
 1.487337202e-01 1.648360193e-01 1.812488735e-01 1.980254054e-01 2.152328491e-01
 2.329521775e-01 2.512740791e-01 2.702848613e-01 2.899925709e-01 3.093953729e-01
 8.000421524e-02 7.876746356e-02 7.334697247e-02 6.669425964e-02 6.001605093e-02
 5.329812318e-02 4.654063657e-02 3.974567354e-02 3.291330487e-02 2.604068816e-02
 1.912236772e-02 1.215079054e-02 5.116933025e-03-1.988869626e-03-9.104556404e-03
-1.616490446e-02-2.310841531e-02-2.987760119e-02-3.641898185e-02-4.268284887e-02
-4.862286150e-02-5.419554561e-02-5.935969576e-02-6.407575309e-02-6.830513477e-02
-7.200962305e-02-7.515077293e-02-7.768940926e-02-7.958524674e-02-8.079665899e-02
-8.128057420e-02-8.099272102e-02-7.988803089e-02-7.792143524e-02-7.504901290e-02
-7.122963667e-02-6.642708182e-02-6.061274558e-02-5.376891792e-02-4.589281976e-02
-3.700117022e-02-2.713552862e-02-1.636848971e-02-4.811305087e-03 7.408632897e-03
 1.998970285e-02 3.293140978e-02 4.619005322e-02 5.972921848e-02 7.351677120e-02
 8.752381057e-02 1.017244011e-01 1.160957515e-01 1.306184977e-01 1.452770531e-01
 1.600596756e-01 1.749580055e-01 1.899656951e-01 2.050752342e-01 2.202717662e-01
 2.355214804e-01 2.507500052e-01 2.658019066e-01 2.803605199e-01 2.937997580e-01
 7.938495278e-02 7.819594443e-02 7.322880626e-02 6.691524386e-02 6.047590822e-02
 5.396803841e-02 4.743369669e-02 4.089365155e-02 3.435594589e-02 2.782113105e-02
 2.128513530e-02 1.474086288e-02 8.179045282e-03 1.588478452e-03-5.004752427e-03
-1.153641008e-02-1.794614643e-02-2.417724766e-02-3.017645702e-02-3.589373082e-02
-4.128190503e-02-4.629626870e-02-5.089406669e-02-5.503398925e-02-5.867563933e-02
-6.177903712e-02-6.430420280e-02-6.621079892e-02-6.745795161e-02-6.800421327e-02
-6.780773401e-02-6.682672352e-02-6.502020359e-02-6.234911084e-02-5.877786130e-02
-5.427630618e-02-4.882217944e-02-4.240405560e-02-3.502467275e-02-2.670501731e-02
-1.748842746e-02-7.443860173e-03 3.330251668e-03 1.458838396e-02 2.626995742e-02
 3.833449632e-02 5.074684322e-02 6.346838176e-02 7.645948231e-02 8.968012035e-02
 1.030901670e-01 1.166494787e-01 1.303180456e-01 1.440562010e-01 1.578246951e-01
 1.715843230e-01 1.852951199e-01 1.989143193e-01 2.123928070e-01 2.256689072e-01
 2.386592329e-01 2.512452006e-01 2.632567585e-01 2.744588852e-01 2.845581174e-01
 7.936957479e-02 7.862708718e-02 7.344388962e-02 6.693920493e-02 6.048594415e-02
 5.407158285e-02 4.771532118e-02 4.142452404e-02 3.519875556e-02 2.903291397e-02
 2.291910350e-02 1.684786007e-02 1.080896519e-02 4.792149644e-03-1.211951021e-03
-7.143164985e-03-1.294474211e-02-1.856213808e-02-2.394329011e-02-2.903859317e-02
-3.380073607e-02-3.818438947e-02-4.214587808e-02-4.564279318e-02-4.863361269e-02
-5.107739195e-02-5.293349922e-02-5.416147411e-02-5.472104251e-02-5.457233265e-02
-5.367629975e-02-5.199547485e-02-4.949504882e-02-4.614429921e-02-4.191855341e-02
-3.680149466e-02-3.078792617e-02-2.388691902e-02-1.612401567e-02-7.546806708e-03
 1.769130700e-03 1.172524597e-02 2.215201780e-02 3.303034231e-02 4.432852566e-02
 5.601068586e-02 6.803815067e-02 8.036895096e-02 9.295779467e-02 1.057561189e-01
 1.187120676e-01 1.317706853e-01 1.448740959e-01 1.579619646e-01 1.709719598e-01
 1.838401854e-01 1.965012550e-01 2.088878155e-01 2.209290266e-01 2.325479686e-01
 2.436578572e-01 2.541579604e-01 2.639305592e-01 2.728424072e-01 2.807530165e-01
 7.883104682e-02 7.846225798e-02 7.313907146e-02 6.627517939e-02 5.969408154e-02
 5.333473533e-02 4.716006666e-02 4.114574194e-02 3.527265042e-02 2.952383086e-02
 2.388364635e-02 1.833754964e-02 1.287207939e-02 7.474742830e-03 2.133587375e-03
-3.125123680e-03-8.246688172e-03-1.317868754e-02-1.787071116e-02-2.227424085e-02
-2.634250745e-02-3.003033251e-02-3.329389542e-02-3.609054908e-02-3.837859258e-02
-4.011715204e-02-4.126614332e-02-4.178631678e-02-4.163952172e-02-4.078912735e-02
-3.920075297e-02-3.684327751e-02-3.369020671e-02-2.972130477e-02-2.492503449e-02
-1.930136234e-02-1.286448166e-02-5.650537554e-03 2.296934603e-03 1.091057062e-02
 2.005254477e-02 2.972150221e-02 3.988359869e-02 5.050778762e-02 6.156111509e-02
 7.300731540e-02 8.480602503e-02 9.691190720e-02 1.092739552e-01 1.218348891e-01
 1.345307529e-01 1.472907215e-01 1.600375175e-01 1.726881713e-01 1.851555258e-01
 1.973502040e-01 2.091828287e-01 2.205662429e-01 2.314171940e-01 2.416572571e-01
 2.512128949e-01 2.600148916e-01 2.679981589e-01 2.751024961e-01 2.812755704e-01
 7.624033093e-02 7.596120983e-02 7.076978683e-02 6.397692859e-02 5.751173198e-02
 5.135438591e-02 4.547014832e-02 3.982539847e-02 3.438962251e-02 2.913600020e-02
 2.404147014e-02 1.908657327e-02 1.425519027e-02 9.534331970e-03 4.914026242e-03
 3.877070558e-04-3.991727717e-03-8.176106960e-03-1.211787481e-02-1.577049494e-02
-1.908861473e-02-2.202808298e-02-2.454591542e-02-2.660025656e-02-2.815039270e-02
-2.915682085e-02-2.958144993e-02-2.938790247e-02-2.854194678e-02-2.701207064e-02
-2.477051690e-02-2.179470472e-02-1.806869730e-02-1.358384266e-02-8.342578076e-03
-2.363333246e-03 4.335254431e-03 1.162650622e-02 1.949568279e-02 2.793934196e-02
 3.693148866e-02 4.645104706e-02 5.647414178e-02 6.697461009e-02 7.792305946e-02
 8.928582072e-02 1.010236442e-01 1.130903065e-01 1.254312098e-01 1.379818618e-01
 1.506665349e-01 1.633975208e-01 1.760749221e-01 1.885877848e-01 2.008168697e-01
 2.126388252e-01 2.239321470e-01 2.345836014e-01 2.444944382e-01 2.535853088e-01
 2.617988884e-01 2.691003680e-01 2.754755318e-01 2.809277475e-01 2.854744494e-01
 7.193690538e-02 7.174079865e-02 6.640548259e-02 5.978614837e-02 5.361106619e-02
 4.782976955e-02 4.239626974e-02 3.726392239e-02 3.239036351e-02 2.773963846e-02
 2.328253910e-02 1.899614558e-02 1.486302726e-02 1.087040920e-02 7.009355351e-03
 3.273845650e-03-3.103964264e-04-3.697476815e-03-6.842244416e-03-9.700475261e-03
-1.222894900e-02-1.438548788e-02-1.612901315e-02-1.741966233e-02-1.821897551e-02
-1.849023625e-02-1.819897816e-02-1.731365919e-02-1.580626704e-02-1.365213841e-02
-1.083151437e-02-7.332628127e-03-3.156392835e-03 1.698230277e-03 7.221930660e-03
 1.331194676e-02 1.998974569e-02 2.724620700e-02 3.507253155e-02 4.346002638e-02
 5.239684880e-02 6.186953187e-02 7.186247408e-02 8.235737681e-02 9.333232045e-02
 1.047604904e-01 1.166085228e-01 1.288344264e-01 1.413850486e-01 1.541932821e-01
 1.671749055e-01 1.802256852e-01 1.932193637e-01 2.060075253e-01 2.184228897e-01
 2.302868068e-01 2.414213419e-01 2.516642511e-01 2.608838677e-01 2.689909339e-01
 2.759444714e-01 2.817521691e-01 2.864640653e-01 2.901613712e-01 2.929430604e-01
 6.496348977e-02 6.463418901e-02 5.965303630e-02 5.339220166e-02 4.771381617e-02
 4.253515601e-02 3.776843473e-02 3.333880007e-02 2.918745205e-02 2.527026087e-02
 2.155517414e-02 1.801966131e-02 1.464865822e-02 1.143303141e-02 8.368497714e-03
 5.454957020e-03 2.696279902e-03 1.351378160e-04-2.186459024e-03-4.227671772e-03
-5.948621780e-03-7.310348563e-03-8.274966851e-03-8.805895224e-03-8.868147619e-03
-8.428918198e-03-7.458589040e-03-5.932540167e-03-3.834722331e-03-1.147638424e-03
 2.144588856e-03 6.051865406e-03 1.049697679e-02 1.550840121e-02 2.109360136e-02
 2.724410966e-02 3.395869583e-02 4.123553634e-02 4.907253385e-02 5.746724829e-02
 6.641646475e-02 7.591603696e-02 8.596050739e-02 9.654256701e-02 1.076520458e-01
 1.192746311e-01 1.313898563e-01 1.439684927e-01 1.569688320e-01 1.703319699e-01
 1.839756966e-01 1.977871507e-01 2.116150558e-01 2.252632529e-01 2.384894490e-01
 2.510147095e-01 2.625475824e-01 2.728203535e-01 2.816259861e-01 2.888442278e-01
 2.944531441e-01 2.985278368e-01 3.012262285e-01 3.027614355e-01 3.033645749e-01
 5.512442440e-02 5.453339219e-02 4.984419793e-02 4.428205639e-02 3.951986507e-02
 3.532745689e-02 3.154124320e-02 2.805779502e-02 2.481272444e-02 2.176608518e-02
 1.889354363e-02 1.618115231e-02 1.362222154e-02 1.121546701e-02 8.963938802e-03
 6.874480285e-03 4.957525991e-03 3.227047622e-03 1.731961733e-03 5.072351196e-04
-4.125814303e-04-9.931883542e-04-1.201347797e-03-1.005355152e-03-3.747047158e-04
 7.194651407e-04 2.304140478e-03 4.404779524e-03 6.984968670e-03 1.006022934e-02
 1.365133375e-02 1.776785403e-02 2.240793407e-02 2.757684886e-02 3.327978402e-02
 3.952031210e-02 4.630241171e-02 5.363044143e-02 6.150923669e-02 6.994414330e-02
 7.894103229e-02 8.850626647e-02 9.864651412e-02 1.093685031e-01 1.206784025e-01
 1.325808018e-01 1.450771093e-01 1.581629962e-01 1.718243808e-01 1.860314459e-01
 2.007295340e-01 2.158257961e-01 2.311701179e-01 2.465293407e-01 2.615590096e-01
 2.757902145e-01 2.886715531e-01 2.996819019e-01 3.084464073e-01 3.147821426e-01
 3.186963201e-01 3.203809857e-01 3.202056587e-01 3.186677098e-01 3.162751198e-01
 4.068096355e-02 3.925479949e-02 3.546632826e-02 3.189870343e-02 2.899328247e-02
 2.638394013e-02 2.395432815e-02 2.165773883e-02 1.947519556e-02 1.740088686e-02
 1.543603837e-02 1.358608715e-02 1.185926981e-02 1.026601344e-02 8.818761446e-03
 7.532163523e-03 6.423596293e-03 5.514197052e-03 4.830840044e-03 4.401187412e-03
 4.251797684e-03 4.412815906e-03 4.911817610e-03 5.771419965e-03 7.015781477e-03
 8.666702546e-03 1.074285712e-02 1.325833611e-02 1.621961035e-02 1.963628456e-02
 2.351918817e-02 2.787771821e-02 3.271952271e-02 3.805252165e-02 4.388491064e-02
 5.022523180e-02 5.708273873e-02 6.446769834e-02 7.239171863e-02 8.086797595e-02
 8.991155773e-02 9.953977168e-02 1.097724363e-01 1.206322312e-01 1.321448684e-01
 1.443391740e-01 1.572467685e-01 1.709011197e-01 1.853354722e-01 2.005787492e-01
 2.166478485e-01 2.335340828e-01 2.511785626e-01 2.694264352e-01 2.879330218e-01
 3.059588671e-01 3.221535683e-01 3.351768255e-01 3.444237411e-01 3.497410417e-01
 3.511889577e-01 3.490441740e-01 3.439819217e-01 3.373268247e-01 3.304735422e-01
 2.084609866e-02 1.704668067e-02 1.718055084e-02 1.766852662e-02 1.735003293e-02
 1.663464308e-02 1.570602506e-02 1.466389373e-02 1.357198041e-02 1.247595996e-02
 1.141128782e-02 1.040714793e-02 9.488714859e-03 8.678643033e-03 7.998162881e-03
 7.467939984e-03 7.108813152e-03 6.942346692e-03 6.991072558e-03 7.277869619e-03
 7.825493813e-03 8.656555787e-03 9.792617522e-03 1.125370339e-02 1.305865124e-02
 1.522468589e-02 1.776708663e-02 2.069896460e-02 2.403143793e-02 2.777507342e-02
 3.194025531e-02 3.653714433e-02 4.157581925e-02 4.706671834e-02 5.302098766e-02
 5.945078284e-02 6.636960804e-02 7.379272580e-02 8.173752576e-02 9.022407234e-02
 9.927563369e-02 1.089193970e-01 1.191873401e-01 1.301172972e-01 1.417543292e-01
 1.541522592e-01 1.673757136e-01 1.815023720e-01 1.966255158e-01 2.128563225e-01
 2.303255796e-01 2.491830885e-01 2.695941329e-01 2.917339504e-01 3.157966733e-01
 3.421235085e-01 3.656771779e-01 3.817556500e-01 3.915257752e-01 3.955972195e-01
 3.934482336e-01 3.855597377e-01 3.711557388e-01 3.548579216e-01 3.424381614e-01
 7.119112648e-03 2.560925204e-03 3.572827671e-03 5.597544834e-03 6.816789042e-03
 7.463307120e-03 7.720394060e-03 7.722812239e-03 7.569565438e-03 7.334969006e-03
 7.076293696e-03 6.838877685e-03 6.659639999e-03 6.569569930e-03 6.595548242e-03
 6.761686876e-03 7.090301719e-03 7.602571975e-03 8.318906650e-03 9.259024635e-03
 1.044191699e-02 1.188576221e-02 1.360774320e-02 1.562391687e-02 1.794918627e-02
 2.059726045e-02 2.358064614e-02 2.691075578e-02 3.059815615e-02 3.465301543e-02
 3.908546269e-02 4.390589148e-02 4.912523180e-02 5.475532636e-02 6.080921367e-02
 6.730149686e-02 7.424871624e-02 8.166971803e-02 8.958615363e-02 9.802306443e-02
 1.070096195e-01 1.165800691e-01 1.267750263e-01 1.376431137e-01 1.492432952e-01
 1.616478562e-01 1.749466807e-01 1.892529577e-01 2.047112584e-01 2.215086222e-01
 2.398896813e-01 2.601758242e-01 2.827867866e-01 3.082585633e-01 3.372537494e-01
 3.682523966e-01 3.919227123e-01 4.080753326e-01 4.171302319e-01 4.187825918e-01
 4.132481813e-01 3.994512856e-01 3.787766695e-01 3.609561920e-01 3.466040194e-01
-2.227482386e-03-7.161824498e-03-5.948264152e-03-3.513751086e-03-1.693284605e-03
-3.639206989e-04 5.936203524e-04 1.287859166e-03 1.810936024e-03 2.238264075e-03
 2.630547620e-03 3.036538605e-03 3.495747689e-03 4.040786996e-03 4.699241370e-03
 5.495082587e-03 6.449682172e-03 7.582484744e-03 8.911425248e-03 1.045314968e-02
 1.222311519e-02 1.423563343e-02 1.650388539e-02 1.903995499e-02 2.185488120e-02
 2.495876700e-02 2.836092375e-02 3.207007796e-02 3.609465063e-02 4.044309258e-02
 4.512424767e-02 5.014770478e-02 5.552413315e-02 6.126563624e-02 6.738604605e-02
 7.390125841e-02 8.082950115e-02 8.819173276e-02 9.601197392e-02 1.043178663e-01
 1.131413653e-01 1.225196719e-01 1.324965358e-01 1.431240141e-01 1.544650197e-01
 1.665965915e-01 1.796150208e-01 1.936427355e-01 2.088389248e-01 2.254157662e-01
 2.436642051e-01 2.639962733e-01 2.870137095e-01 3.135939538e-01 3.446686864e-01
 3.721104264e-01 3.927680552e-01 4.066826701e-01 4.136527181e-01 4.136397243e-01
 4.054177999e-01 3.883090019e-01 3.698194325e-01 3.543747067e-01 3.413826227e-01
-8.234485053e-03-1.342412271e-02-1.262448356e-02-1.023290865e-02-8.316636086e-03
-6.790531799e-03-5.554306321e-03-4.514539614e-03-3.591104876e-03-2.718688454e-03
-1.845413120e-03-9.302687831e-04 5.959934788e-05 1.151211560e-03 2.367506735e-03
 3.728537587e-03 5.252208095e-03 6.954677403e-03 8.850554004e-03 1.095296815e-02
 1.327361725e-02 1.582280546e-02 1.860952750e-02 2.164157480e-02 2.492570877e-02
 2.846785262e-02 3.227332979e-02 3.634716198e-02 4.069440439e-02 4.532053694e-02
 5.023188889e-02 5.543605238e-02 6.094232947e-02 6.676203012e-02 7.290881872e-02
 7.939890772e-02 8.625122905e-02 9.348756075e-02 1.011326984e-01 1.092147082e-01
 1.177652776e-01 1.268203855e-01 1.364211440e-01 1.466150284e-01 1.574576944e-01
 1.690152884e-01 1.813677251e-01 1.946131289e-01 2.088743150e-01 2.243081927e-01
 2.411205173e-01 2.595912218e-01 2.801258862e-01 3.034120500e-01 3.282553554e-01
 3.491044044e-01 3.651045561e-01 3.759641647e-01 3.815760911e-01 3.811046481e-01
 3.742559552e-01 3.617322147e-01 3.497035503e-01 3.387205601e-01 3.288286328e-01
-1.208787505e-02-1.762924157e-02-1.702804305e-02-1.499145944e-02-1.338976901e-02
-1.207631454e-02-1.092559285e-02-9.841181338e-03-8.754889481e-03-7.620567922e-03
-6.407084875e-03-5.092445761e-03-3.659583163e-03-2.093720017e-03-3.809860209e-04
 1.492074342e-03 3.538439516e-03 5.770273041e-03 8.198521100e-03 1.083258353e-02
 1.368012931e-02 1.674706861e-02 2.003768459e-02 2.355483174e-02 2.730021626e-02
 3.127468750e-02 3.547854349e-02 3.991188109e-02 4.457502067e-02 4.946899414e-02
 5.459612608e-02 5.996064097e-02 6.556922942e-02 7.143151760e-02 7.756035775e-02
 8.397188038e-02 9.068540484e-02 9.772319347e-02 1.051101461e-01 1.128735542e-01
 1.210429817e-01 1.296502650e-01 1.387297809e-01 1.483187675e-01 1.584579051e-01
 1.691917926e-01 1.805693954e-01 1.926440299e-01 2.054722905e-01 2.191105485e-01
 2.336058617e-01 2.489733994e-01 2.651421428e-01 2.818328440e-01 2.982393503e-01
 3.127483726e-01 3.244457245e-01 3.328558505e-01 3.376765251e-01 3.387596607e-01
 3.362418413e-01 3.312886953e-01 3.252070546e-01 3.187010586e-01 3.121918440e-01
-1.308775507e-02-1.898591220e-02-1.912125759e-02-1.803846657e-02-1.733872294e-02
-1.671836153e-02-1.600225270e-02-1.510865055e-02-1.401190367e-02-1.271401253e-02
-1.122697070e-02-9.563042782e-03-7.730095182e-03-5.730104633e-03-3.559605451e-03
-1.211191528e-03 1.324584940e-03 4.057387821e-03 6.995627657e-03 1.014549844e-02
 1.351053454e-02 1.709164679e-02 2.088746242e-02 2.489482984e-02 2.910931408e-02
 3.352558240e-02 3.813770413e-02 4.293943197e-02 4.792460799e-02 5.308779329e-02
 5.842517689e-02 6.393559277e-02 6.962157786e-02 7.549019158e-02 8.155336976e-02
 8.782778680e-02 9.433431178e-02 1.010969430e-01 1.081417948e-01 1.154959872e-01
 1.231868863e-01 1.312414855e-01 1.396860480e-01 1.485458314e-01 1.578444839e-01
 1.676034331e-01 1.778401136e-01 1.885654330e-01 1.997787654e-01 2.114598453e-01
 2.235551775e-01 2.359563112e-01 2.484681308e-01 2.607721388e-01 2.724116445e-01
 2.828547955e-01 2.916226089e-01 2.983711362e-01 3.029131591e-01 3.052346408e-01
 3.055204153e-01 3.041434884e-01 3.015612960e-01 2.981936336e-01 2.943705320e-01
-9.778119624e-03-1.560680754e-02-1.827832311e-02-1.987221837e-02-2.113685384e-02
-2.176897973e-02-2.170595154e-02-2.103783935e-02-1.988441125e-02-1.835389063e-02
-1.653179899e-02-1.447826810e-02-1.222918276e-02-9.799933061e-03-7.190825418e-03
-4.392941948e-03-1.393474755e-03 1.820029691e-03 5.256727338e-03 8.920846507e-03
 1.281129941e-02 1.692233048e-02 2.124479786e-02 2.576760575e-02 3.047875315e-02
 3.536580876e-02 4.041580111e-02 4.561488330e-02 5.094829202e-02 5.640092865e-02
 6.195896864e-02 6.761206686e-02 7.335579395e-02 7.919339091e-02 8.513662964e-02
 9.120535105e-02 9.742581099e-02 1.038281322e-01 1.104435027e-01 1.173018217e-01
 1.244301051e-01 1.318515837e-01 1.395852566e-01 1.476455331e-01 1.560415328e-01
 1.647760868e-01 1.738437414e-01 1.832279116e-01 1.928965747e-01 2.027962506e-01
 2.128442526e-01 2.229196876e-01 2.328555584e-01 2.424363941e-01 2.514083385e-01
 2.595049441e-01 2.664832473e-01 2.721574903e-01 2.764226198e-01 2.792665362e-01
 2.807702124e-01 2.810925841e-01 2.804397345e-01 2.790296078e-01 2.770647407e-01
-5.656256340e-03-1.170737762e-02-1.739749312e-02-2.289430238e-02-2.783625573e-02
-2.945232764e-02-2.952209115e-02-2.857175283e-02-2.693337947e-02-2.484036051e-02
-2.245501429e-02-1.987784356e-02-1.715578698e-02-1.429508254e-02-1.127667166e-02
-8.070107549e-03-4.643979482e-03-9.728643345e-04 2.958426252e-03 7.152859122e-03
 1.160153840e-02 1.628644951e-02 2.118482813e-02 2.627346851e-02 3.153134137e-02
 3.693978116e-02 4.248064011e-02 4.813344032e-02 5.387284979e-02 5.966836214e-02
 6.548739225e-02 7.130135596e-02 7.709212601e-02 8.285650611e-02 8.860813081e-02
 9.437676519e-02 1.002042741e-01 1.061378270e-01 1.122225076e-01 1.184963137e-01
 1.249883324e-01 1.317189038e-01 1.387004554e-01 1.459381878e-01 1.534300447e-01
 1.611661911e-01 1.691278219e-01 1.772851348e-01 1.855948865e-01 1.939974427e-01
 2.024138868e-01 2.107435763e-01 2.188640088e-01 2.266338170e-01 2.339006066e-01
 2.405130863e-01 2.463360727e-01 2.512650192e-01 2.552372813e-01 2.582380176e-01
 2.602998912e-01 2.614963353e-01 2.619298697e-01 2.617181540e-01 2.609813809e-01
-3.451266792e-03-1.028238982e-02-1.771705225e-02-2.614184283e-02-3.544794768e-02
-4.060136527e-02-4.068890214e-02-3.828808665e-02-3.532244265e-02-3.207498789e-02
-2.876795083e-02-2.551364712e-02-2.231435105e-02-1.910330914e-02-1.578914188e-02
-1.228354126e-02-8.513770998e-03-4.427873529e-03 1.739186700e-06 4.774931353e-03
 9.863533080e-03 1.521872915e-02 2.078616992e-02 2.652071044e-02 3.239268064e-02
 3.838536888e-02 4.448746517e-02 5.068296194e-02 5.693946779e-02 6.319921464e-02
 6.938471645e-02 7.542309165e-02 8.126743138e-02 8.690270782e-02 9.234684706e-02
 9.765385091e-02 1.029098630e-01 1.082103625e-01 1.136323586e-01 1.192255542e-01
 1.250177324e-01 1.310219169e-01 1.372410357e-01 1.436703801e-01 1.502984911e-01
 1.571069956e-01 1.640700102e-01 1.711531579e-01 1.783123016e-01 1.854925156e-01
 1.926273555e-01 1.996389925e-01 2.064394355e-01 2.129337043e-01 2.190244943e-01
 2.246186733e-01 2.296342701e-01 2.340073586e-01 2.376972437e-01 2.406894267e-01
 2.429955304e-01 2.446506917e-01 2.457084805e-01 2.462347746e-01 2.463014424e-01
-7.199033280e-04-7.733334787e-03-1.563732885e-02-2.489686199e-02-3.587736562e-02
-4.413774982e-02-4.838635772e-02-4.845626652e-02-4.432847351e-02-3.905377537e-02
-3.444782645e-02-3.059893288e-02-2.723430470e-02-2.403312549e-02-2.074275538e-02
-1.718787476e-02-1.324571297e-02-8.828718215e-03-3.882949706e-03 1.596124610e-03
 7.535633631e-03 1.378603280e-02 2.019519173e-02 2.667779475e-02 3.321309015e-02
 3.981699795e-02 4.652088135e-02 5.335628614e-02 6.033317000e-02 6.737048924e-02
 7.420040667e-02 8.061341196e-02 8.654588461e-02 9.197814018e-02 9.691176564e-02
 1.014046296e-01 1.056954861e-01 1.100860834e-01 1.146858558e-01 1.195163354e-01
 1.245752275e-01 1.298521459e-01 1.353328526e-01 1.410001814e-01 1.468335986e-01
 1.528085470e-01 1.588956714e-01 1.650600135e-01 1.712604761e-01 1.774494797e-01
 1.835730970e-01 1.895715892e-01 1.953808963e-01 2.009347528e-01 2.061675489e-01
 2.110179067e-01 2.154322416e-01 2.193682194e-01 2.227973342e-01 2.257063985e-01
 2.280977070e-01 2.299879491e-01 2.314057499e-01 2.323889136e-01 2.329810709e-01
 3.359318012e-03-3.042870201e-03-1.008616108e-02-1.788192429e-02-2.642883919e-02
-3.551645577e-02-4.350563139e-02-4.751662165e-02-4.709447548e-02-4.186351970e-02
-3.678096831e-02-3.366940841e-02-3.146161512e-02-2.914295346e-02-2.644149959e-02
-2.322712168e-02-1.939214393e-02-1.482329518e-02-9.390711784e-03-2.952887677e-03
 4.539189860e-03 1.235066727e-02 1.986162364e-02 2.711521089e-02 3.422614187e-02
 4.131066799e-02 4.848410934e-02 5.587129295e-02 6.362873316e-02 7.196429372e-02
 7.973040640e-02 8.656927943e-02 9.261142462e-02 9.779547155e-02 1.020917445e-01
 1.053674668e-01 1.080595255e-01 1.113798171e-01 1.151400656e-01 1.192384064e-01
 1.236124784e-01 1.282199025e-01 1.330283880e-01 1.380102038e-01 1.431384981e-01
 1.483853608e-01 1.537204385e-01 1.591102779e-01 1.645178795e-01 1.699027568e-01
 1.752211004e-01 1.804265380e-01 1.854710728e-01 1.903066039e-01 1.948865950e-01
 1.991681159e-01 2.031138241e-01 2.066936940e-01 2.098864764e-01 2.126804590e-01
 2.150736898e-01 2.170733809e-01 2.186948359e-01 2.199600339e-01 2.208956778e-01
 8.551921695e-03 3.197942860e-03-2.531588543e-03-8.634521626e-03-1.502813026e-02
-2.154157870e-02-2.792903408e-02-3.389292955e-02-3.721028566e-02-3.490161151e-02
-3.213323280e-02-3.144873679e-02-3.157040104e-02-3.058945015e-02-2.874415740e-02
-2.609632164e-02-2.260013670e-02-1.815323159e-02-1.258070767e-02-5.552858114e-03
 3.538311459e-03 1.278823242e-02 2.094608918e-02 2.851041034e-02 3.577557206e-02
 4.294032231e-02 5.016648769e-02 5.761400610e-02 6.547027826e-02 7.393184304e-02
 8.180295676e-02 8.865258098e-02 9.459674358e-02 9.959931672e-02 1.035920531e-01
 1.064157039e-01 1.085986719e-01 1.113981009e-01 1.146450937e-01 1.182224154e-01
 1.220593005e-01 1.261115372e-01 1.303475797e-01 1.347405612e-01 1.392642111e-01
 1.438912153e-01 1.485925913e-01 1.533374339e-01 1.580930054e-01 1.628248096e-01
 1.674969494e-01 1.720725894e-01 1.765147150e-01 1.807870865e-01 1.848551780e-01
 1.886874437e-01 1.922563612e-01 1.955395043e-01 1.985202134e-01 2.011881769e-01
 2.035394758e-01 2.055763304e-01 2.073066235e-01 2.087430060e-01 2.099019885e-01
 0.200407004E+01 0.203034306E+01 0.204658890E+01 0.206416845E+01 0.208473420E+01
 0.210365605E+01 0.212030745E+01 0.213690758E+01 0.215400362E+01 0.217060471E+01
 0.218720579E+01 0.220414400E+01 0.222096300E+01 0.223773241E+01 0.225484085E+01
 0.227183056E+01 0.228919220E+01 0.230688763E+01 0.232470894E+01 0.234269762E+01
 0.236122656E+01 0.238023281E+01 0.239956856E+01 0.241925454E+01 0.243971300E+01
 0.246073914E+01 0.248240089E+01 0.250469565E+01 0.252786636E+01 0.255183125E+01
 0.257679462E+01 0.260267448E+01 0.262953711E+01 0.265775490E+01 0.268715858E+01
 0.271782732E+01 0.274996901E+01 0.278377700E+01 0.281931400E+01 0.285671210E+01
 0.289607954E+01 0.293765211E+01 0.298176265E+01 0.302855396E+01 0.307823372E+01
 0.313113213E+01 0.318769646E+01 0.324827051E+01 0.331341648E+01 0.338364077E+01
 0.345977211E+01 0.354241419E+01 0.363291049E+01 0.373237085E+01 0.384261751E+01
 0.396553087E+01 0.410435104E+01 0.426384258E+01 0.444816065E+01 0.466860390E+01
 0.494071579E+01 0.529236603E+01 0.578761196E+01 0.663615322E+01 0.126572733E+02
   89   86
 0.106937313E+01-0.100000001E+00 0.106746876E+01 0.000000000E+00 0.107156801E+01
 0.100000001E+00 0.107906246E+01 0.177664757E+00 0.108845019E+01 0.250000000E+00
 0.110525465E+01 0.346221030E+00 0.111580765E+01 0.400000006E+00 0.113218749E+01
 0.475987375E+00 0.114924824E+01 0.550000012E+00 0.116141272E+01 0.600000024E+00
 0.118511438E+01 0.693296909E+00 0.120056891E+01 0.750000000E+00 0.121484756E+01
 0.800000012E+00 0.123843753E+01 0.875928640E+00 0.126499999E+01 0.937837958E+00
 0.129156256E+01 0.975906134E+00 0.133302951E+01 0.997628033E+00 0.138453126E+01
 0.100191891E+01 0.143567634E+01 0.993278861E+00 0.147749996E+01 0.981607616E+00
 0.152673352E+01 0.963241577E+00 0.157046878E+01 0.944231808E+00 0.161031246E+01
 0.923821568E+00 0.165015626E+01 0.901924968E+00 0.169000006E+01 0.876649141E+00
 0.172984374E+01 0.850437880E+00 0.176753831E+01 0.822116733E+00 0.180953121E+01
 0.789799511E+00 0.183754039E+01 0.766223311E+00 0.188098025E+01 0.726983190E+00
 0.191578126E+01 0.694097519E+00 0.194234371E+01 0.666815042E+00 0.198043025E+01
 0.625000000E+00 0.201992965E+01 0.578264356E+00 0.204859376E+01 0.541053712E+00
 0.207515621E+01 0.503160238E+00 0.210171890E+01 0.461630344E+00 0.212828112E+01
 0.415849090E+00 0.215484381E+01 0.364957511E+00 0.218140626E+01 0.307602525E+00
 0.220796871E+01 0.241159141E+00 0.222941923E+01 0.177353054E+00 0.224318767E+01
 0.125000000E+00 0.225452423E+01 0.500000045E-01 0.225800443E+01-0.499999970E-01
 0.225144768E+01-0.126629621E+00 0.223540664E+01-0.200000003E+00 0.221496415E+01
-0.275000006E+00 0.219766688E+01-0.324999988E+00 0.217800641E+01-0.375720829E+00
 0.215447044E+01-0.429361463E+00 0.212828112E+01-0.482895374E+00 0.210171890E+01
-0.531106710E+00 0.207351661E+01-0.576659381E+00 0.204041457E+01-0.625000000E+00
 0.200288820E+01-0.674999952E+00 0.196940303E+01-0.716409028E+00 0.194234371E+01
-0.747795463E+00 0.191134000E+01-0.781434774E+00 0.187163687E+01-0.822428703E+00
 0.183609378E+01-0.857974887E+00 0.180641365E+01-0.885498822E+00 0.176657844E+01
-0.920461059E+00 0.172984374E+01-0.951604009E+00 0.169134212E+01-0.980914712E+00
 0.165032601E+01-0.101056111E+01 0.161356759E+01-0.103451347E+01 0.157124066E+01
-0.106027329E+01 0.153062510E+01-0.108247137E+01 0.149078131E+01-0.110285127E+01
 0.145093751E+01-0.112107706E+01 0.140584195E+01-0.113960445E+01 0.135796881E+01
-0.115744805E+01 0.131812501E+01-0.116950512E+01 0.126500010E+01-0.118101788E+01
 0.119745183E+01-0.118017888E+01 0.117398584E+01-0.113608384E+01 0.118009782E+01
-0.104999995E+01 0.117962110E+01-0.949999988E+00 0.117238975E+01-0.850000024E+00
 0.116229105E+01-0.764543593E+00 0.115289617E+01-0.699196815E+00 0.113785052E+01
-0.604644656E+00 0.112722063E+01-0.540894628E+00 0.111212540E+01-0.449999988E+00
 0.110170412E+01-0.385934889E+00 0.108905685E+01-0.300000012E+00 0.107951069E+01
-0.224999994E+00 0.107305527E+01-0.150000006E+00
 0.101600003E+01 0.000000000E+00 0.101600003E+01 0.963999987E+00 0.101600003E+01
 0.967999995E+00 0.101600003E+01 0.100100005E+01 0.101600003E+01 0.101900005E+01
 0.101600003E+01 0.107700002E+01 0.101600003E+01 0.107000005E+01 0.101600003E+01
 0.109599996E+01 0.101600003E+01 0.111300004E+01 0.101600003E+01 0.113800001E+01
 0.101600003E+01 0.114699996E+01 0.101199996E+01 0.116499996E+01 0.100100005E+01
 0.121700001E+01 0.102900004E+01 0.121700001E+01 0.104200006E+01 0.116240001E+01
 0.104600000E+01 0.116237998E+01 0.105599999E+01 0.116260004E+01 0.109700000E+01
 0.116450000E+01 0.110800004E+01 0.116594005E+01 0.111600006E+01 0.116591001E+01
 0.113399994E+01 0.116895998E+01 0.114800000E+01 0.117174995E+01 0.116199994E+01
 0.117556000E+01 0.118099999E+01 0.118299997E+01 0.118200004E+01 0.118350005E+01
 0.118499994E+01 0.118499994E+01 0.119000006E+01 0.118799996E+01 0.119500005E+01
 0.119099998E+01 0.120099998E+01 0.119599998E+01 0.120899999E+01 0.120200002E+01
 0.121500003E+01 0.120799994E+01 0.122200000E+01 0.121399999E+01 0.122800004E+01
 0.122099996E+01 0.123399997E+01 0.123099995E+01 0.123899996E+01 0.123800004E+01
 0.124199998E+01 0.124399996E+01 0.124800003E+01 0.125399995E+01 0.125800002E+01
 0.127800000E+01 0.126300001E+01 0.128999996E+01 0.127999997E+01 0.133099997E+01
 0.127999997E+01 0.134700000E+01 0.127999997E+01 0.134800005E+01 0.130999994E+01
 0.134800005E+01 0.132799995E+01 0.134800005E+01 0.136099994E+01 0.134800005E+01
 0.138000000E+01 0.134800005E+01 0.141900003E+01 0.134800005E+01 0.141900003E+01
 0.130999994E+01 0.137199998E+01 0.130999994E+01 0.137199998E+01 0.129200006E+01
 0.160800004E+01 0.109500003E+01 0.164699996E+01 0.107700002E+01 0.178499997E+01
 0.107700002E+01 0.206999993E+01 0.103999996E+01 0.212800002E+01 0.992999971E+00
 0.224499989E+01 0.708999991E+00 0.232299995E+01 0.518999994E+00 0.237700009E+01
 0.388999999E+00 0.236249995E+01 0.400000006E+00 0.236443496E+01 0.222000003E+00
 0.236496902E+01 0.133000001E+00 0.236532402E+01 0.439999998E-01 0.236512089E+01
-0.439999998E-01 0.236484194E+01-0.133000001E+00 0.236433411E+01-0.222000003E+00
 0.236249995E+01-0.400000006E+00 0.237700009E+01-0.388999999E+00 0.213400006E+01
-0.972999990E+00 0.178600001E+01-0.117400002E+01 0.176800001E+01-0.121099997E+01
 0.176800001E+01-0.125000000E+01 0.168200004E+01-0.125000000E+01 0.137199998E+01
-0.125000000E+01 0.137199998E+01-0.132900000E+01 0.141999996E+01-0.132900000E+01
 0.141999996E+01-0.136300004E+01 0.127300000E+01-0.136300004E+01 0.115300000E+01
-0.136300004E+01 0.101600003E+01-0.122300005E+01 0.101600003E+01-0.122300005E+01
 0.101600003E+01-0.829999983E+00 0.101600003E+01-0.800000012E+00 0.101600003E+01
-0.414999992E+00 0.101600003E+01-0.400000006E+00 0.101600003E+01-0.100000005E-02
 0.101600003E+01 0.000000000E+00
    0 0.169550002E+01    0
 0.000000000E+00 0.102079451E+00 0.144888908E+00 0.177941233E+00 0.205288827E+00
 0.229517058E+00 0.252289325E+00 0.273288488E+00 0.292947739E+00 0.311517626E+00
 0.329142272E+00 0.346073985E+00 0.362270772E+00 0.377912194E+00 0.393061757E+00
 0.407764435E+00 0.422010660E+00 0.435947150E+00 0.449546397E+00 0.462834716E+00
 0.475858986E+00 0.488638043E+00 0.501201749E+00 0.513543129E+00 0.525694132E+00
 0.537695527E+00 0.549517691E+00 0.561182857E+00 0.572736382E+00 0.584167659E+00
 0.595480502E+00 0.606684446E+00 0.617792845E+00 0.628835261E+00 0.639810741E+00
 0.650714040E+00 0.661552429E+00 0.672349572E+00 0.683117151E+00 0.693848372E+00
 0.704565942E+00 0.715259790E+00 0.725953817E+00 0.736660719E+00 0.747374892E+00
 0.758114576E+00 0.768898964E+00 0.779724538E+00 0.790613294E+00 0.801566720E+00
 0.812615871E+00 0.823757768E+00 0.835033417E+00 0.846446991E+00 0.858032107E+00
 0.869802356E+00 0.881800652E+00 0.894097090E+00 0.906682372E+00 0.919690788E+00
 0.933209538E+00 0.947382152E+00 0.962458014E+00 0.979047120E+00 0.100000000E+01
    0
