  EFITD    06/25/2013    #1553483000.0ms  EFIT01   0  65  65
 0.170000005E+01 0.320000005E+01 0.169550002E+01 0.839999974E+00 0.000000000E+00
 0.181094408E+01-0.184945613E-01-0.164793506E+00 0.196610764E-01 0.165877593E+01
 0.101822550E+07-0.164793506E+00 0.000000000E+00 0.181094408E+01 0.000000000E+00
-0.184945613E-01 0.000000000E+00 0.196610764E-01 0.000000000E+00 0.000000000E+00
 0.276345038E+01 0.276586699E+01 0.276819754E+01 0.277044344E+01 0.277260685E+01
 0.277468967E+01 0.277669287E+01 0.277861881E+01 0.278046894E+01 0.278224516E+01
 0.278394866E+01 0.278558159E+01 0.278714538E+01 0.278864193E+01 0.279007244E+01
 0.279143882E+01 0.279274273E+01 0.279398561E+01 0.279516935E+01 0.279629517E+01
 0.279736519E+01 0.279838037E+01 0.279934263E+01 0.280025363E+01 0.280111480E+01
 0.280192780E+01 0.280269432E+01 0.280341530E+01 0.280409312E+01 0.280472898E+01
 0.280532408E+01 0.280588055E+01 0.280639982E+01 0.280688286E+01 0.280733204E+01
 0.280774832E+01 0.280813360E+01 0.280848885E+01 0.280881643E+01 0.280911732E+01
 0.280939293E+01 0.280964518E+01 0.280987549E+01 0.281008530E+01 0.281027603E+01
 0.281044960E+01 0.281060696E+01 0.281075001E+01 0.281088018E+01 0.281099916E+01
 0.281110811E+01 0.281120896E+01 0.281130266E+01 0.281139159E+01 0.281147647E+01
 0.281155920E+01 0.281164122E+01 0.281172419E+01 0.281180954E+01 0.281189847E+01
 0.281199288E+01 0.281209421E+01 0.281220388E+01 0.281232357E+01 0.281245470E+01
 0.105352703E+06 0.102427875E+06 0.995436406E+05 0.967000000E+05 0.938969453E+05
 0.911344922E+05 0.884126250E+05 0.857313594E+05 0.830906875E+05 0.804906016E+05
 0.779311094E+05 0.754122188E+05 0.729339141E+05 0.704962031E+05 0.680990938E+05
 0.657425703E+05 0.634266406E+05 0.611513086E+05 0.589165664E+05 0.567224180E+05
 0.545688672E+05 0.524559062E+05 0.503835391E+05 0.483517656E+05 0.463605820E+05
 0.444099961E+05 0.425000000E+05 0.406306016E+05 0.388017969E+05 0.370135859E+05
 0.352659609E+05 0.335589375E+05 0.318925039E+05 0.302666641E+05 0.286814199E+05
 0.271367656E+05 0.256327090E+05 0.241692422E+05 0.227463711E+05 0.213640918E+05
 0.200224082E+05 0.187213164E+05 0.174608164E+05 0.162409121E+05 0.150616016E+05
 0.139228828E+05 0.128247598E+05 0.117672285E+05 0.107502910E+05 0.977394727E+04
 0.883819531E+04 0.794303906E+04 0.708847559E+04 0.627450488E+04 0.550112793E+04
 0.476834473E+04 0.407615503E+04 0.342455859E+04 0.281355566E+04 0.224314600E+04
 0.171332983E+04 0.122410718E+04 0.775478027E+03 0.367442261E+03 0.000000000E+00
 0.236028767E+01 0.227877998E+01 0.219875574E+01 0.212021494E+01 0.204315710E+01
 0.196758246E+01 0.189349127E+01 0.182088327E+01 0.174975848E+01 0.168011713E+01
 0.161195874E+01 0.154528379E+01 0.148009205E+01 0.141638350E+01 0.135415828E+01
 0.129341626E+01 0.123415756E+01 0.117638206E+01 0.112008977E+01 0.106528068E+01
 0.101195502E+01 0.960112453E+00 0.909753203E+00 0.860877156E+00 0.813484430E+00
 0.767574906E+00 0.723148584E+00 0.680205584E+00 0.638745844E+00 0.598769307E+00
 0.560276031E+00 0.523265958E+00 0.487739205E+00 0.453695655E+00 0.421135396E+00
 0.390058368E+00 0.360464573E+00 0.332354039E+00 0.305726767E+00 0.280582726E+00
 0.256921917E+00 0.234744370E+00 0.214050084E+00 0.194839031E+00 0.177111238E+00
 0.160866693E+00 0.146105394E+00 0.132827342E+00 0.121032536E+00 0.110720985E+00
 0.101892680E+00 0.945476219E-01 0.886858106E-01 0.843072534E-01 0.814119428E-01
 0.799998790E-01 0.800710618E-01 0.816255063E-01 0.846631825E-01 0.891841203E-01
 0.951882899E-01 0.102675721E+00 0.111646406E+00 0.122100323E+00 0.134037495E+00
-0.102209400E+07-0.100800481E+07-0.993915625E+06-0.979826438E+06-0.965737250E+06
-0.951648000E+06-0.937558812E+06-0.923469625E+06-0.909380500E+06-0.895291250E+06
-0.881202062E+06-0.867112875E+06-0.853023625E+06-0.838934500E+06-0.824845250E+06
-0.810756125E+06-0.796666875E+06-0.782577688E+06-0.768488500E+06-0.754399312E+06
-0.740310125E+06-0.726220875E+06-0.712131750E+06-0.698042500E+06-0.683953375E+06
-0.669864125E+06-0.655774938E+06-0.641685750E+06-0.627596562E+06-0.613507375E+06
-0.599418125E+06-0.585329000E+06-0.571239750E+06-0.557150625E+06-0.543061375E+06
-0.528972188E+06-0.514883000E+06-0.500793812E+06-0.486704594E+06-0.472615406E+06
-0.458526219E+06-0.444437000E+06-0.430347812E+06-0.416258625E+06-0.402169438E+06
-0.388080250E+06-0.373991031E+06-0.359901875E+06-0.345812656E+06-0.331723469E+06
-0.317634250E+06-0.303545062E+06-0.289455875E+06-0.275366688E+06-0.261277500E+06
-0.247188281E+06-0.233099094E+06-0.219009906E+06-0.204920703E+06-0.190831500E+06
-0.176742312E+06-0.162653125E+06-0.148563922E+06-0.134474734E+06-0.120385539E+06
 4.511738196e-02 4.266333207e-02 4.015111551e-02 3.753005341e-02 3.476850316e-02
 3.184448183e-02 2.872735262e-02 2.535780519e-02 2.170755528e-02 1.767217740e-02
 1.271160692e-02 6.118951831e-03-7.788388757e-04-5.285565741e-03-7.942561060e-03
-8.971521631e-03-8.417503908e-03-6.218725815e-03-2.171342960e-03 4.163705744e-03
 1.363751572e-02 2.354700491e-02 3.183715791e-02 3.922072053e-02 4.609954357e-02
 5.272424221e-02 5.927713215e-02 6.591585279e-02 7.280443609e-02 8.011837304e-02
 8.698126674e-02 9.311334789e-02 9.861690551e-02 1.034373343e-01 1.075378805e-01
 1.108120829e-01 1.136053950e-01 1.168530881e-01 1.204201579e-01 1.242292523e-01
 1.282382905e-01 1.324235797e-01 1.367685646e-01 1.412572265e-01 1.458710730e-01
 1.505884677e-01 1.553844512e-01 1.602311134e-01 1.650978327e-01 1.699515581e-01
 1.747572422e-01 1.794783771e-01 1.840777397e-01 1.885182858e-01 1.927642524e-01
 1.967822760e-01 2.005427331e-01 2.040206790e-01 2.071968168e-01 2.100581825e-01
 2.125982940e-01 2.148171067e-01 2.167205215e-01 2.183197141e-01 2.196300328e-01
 4.094270617e-02 3.818682581e-02 3.548026085e-02 3.278638422e-02 3.006366454e-02
 2.726933733e-02 2.440960333e-02 2.150706016e-02 1.849053428e-02 1.525431313e-02
 1.148887724e-02 7.093589753e-03 2.818292938e-03-3.018231655e-04-2.131000161e-03
-2.664105035e-03-1.875716727e-03 3.020498552e-04 3.983201459e-03 9.311403148e-03
 1.630261913e-02 2.388689294e-02 3.109499440e-02 3.793146461e-02 4.452238977e-02
 5.099670589e-02 5.747640133e-02 6.408514082e-02 7.096593082e-02 7.827519625e-02
 8.517137170e-02 9.136728197e-02 9.695713967e-02 1.019240767e-01 1.062263250e-01
 1.097545922e-01 1.128877252e-01 1.165152788e-01 1.205112338e-01 1.247958690e-01
 1.293210983e-01 1.340555549e-01 1.389759481e-01 1.440617144e-01 1.492919326e-01
 1.546434164e-01 1.600895971e-01 1.656001061e-01 1.711404175e-01 1.766718477e-01
 1.821518838e-01 1.875347793e-01 1.927724481e-01 1.978159249e-01 2.026170194e-01
 2.071304023e-01 2.113155425e-01 2.151387781e-01 2.185749114e-01 2.216082662e-01
 2.242331207e-01 2.264534682e-01 2.282819748e-01 2.297386676e-01 2.308492064e-01
 3.617093340e-02 3.322711587e-02 3.047599643e-02 2.787595987e-02 2.536737919e-02
 2.304632030e-02 2.088008821e-02 1.881135628e-02 1.679710485e-02 1.469546743e-02
 1.248393208e-02 1.028334256e-02 8.329514414e-03 6.891215220e-03 6.173922680e-03
 6.306352559e-03 7.368413731e-03 9.409386665e-03 1.244488824e-02 1.643009670e-02
 2.121655829e-02 2.655001357e-02 3.217366338e-02 3.792915493e-02 4.375569522e-02
 4.965016991e-02 5.563725531e-02 6.175167859e-02 6.802216172e-02 7.441176474e-02
 8.064457774e-02 8.653874695e-02 9.206712246e-02 9.722111374e-02 1.019955128e-01
 1.064124629e-01 1.106929854e-01 1.151452512e-01 1.198313981e-01 1.247532964e-01
 1.299026459e-01 1.352684498e-01 1.408381015e-01 1.465970129e-01 1.525276005e-01
 1.586082578e-01 1.648125350e-01 1.711082757e-01 1.774569154e-01 1.838131845e-01
 1.901249290e-01 1.963336170e-01 2.023755163e-01 2.081834972e-01 2.136898488e-01
 2.188297212e-01 2.235448062e-01 2.277870476e-01 2.315216959e-01 2.347293049e-01
 2.374064177e-01 2.395648211e-01 2.412295938e-01 2.424362898e-01 2.432275712e-01
 3.032789566e-02 2.721875161e-02 2.460164949e-02 2.241416462e-02 2.054566145e-02
 1.904508471e-02 1.782215759e-02 1.670776494e-02 1.560328901e-02 1.449994743e-02
 1.343019679e-02 1.246902719e-02 1.172580663e-02 1.132461056e-02 1.138189528e-02
 1.199194510e-02 1.322136633e-02 1.510710642e-02 1.765342802e-02 2.082766593e-02
 2.455967292e-02 2.875212580e-02 3.330215812e-02 3.812303022e-02 4.315407574e-02
 4.835847765e-02 5.371437967e-02 5.920347944e-02 6.479778886e-02 7.044766843e-02
 7.608436048e-02 8.164432645e-02 8.708903193e-02 9.240697324e-02 9.761315584e-02
 1.027533412e-01 1.079037935e-01 1.131489798e-01 1.185534596e-01 1.241559088e-01
 1.299765259e-01 1.360239536e-01 1.422991902e-01 1.487972140e-01 1.555072814e-01
 1.624126136e-01 1.694895029e-01 1.767061651e-01 1.840214729e-01 1.913836896e-01
 1.987294555e-01 2.059835196e-01 2.130594850e-01 2.198622227e-01 2.262921333e-01
 2.322511077e-01 2.376497984e-01 2.424148619e-01 2.464951277e-01 2.498655319e-01
 2.525283694e-01 2.545112371e-01 2.558628321e-01 2.566467524e-01 2.569348216e-01
 2.242463082e-02 1.897217706e-02 1.684428751e-02 1.573233306e-02 1.515972428e-02
 1.489802450e-02 1.472535916e-02 1.455623191e-02 1.436132006e-02 1.414778642e-02
 1.395025663e-02 1.382483169e-02 1.384246442e-02 1.408074796e-02 1.461520325e-02
 1.551178750e-02 1.682152413e-02 1.857707277e-02 2.079084702e-02 2.345478535e-02
 2.654252201e-02 3.001441807e-02 3.382472694e-02 3.792862594e-02 4.228688776e-02
 4.686711729e-02 5.164217949e-02 5.658692122e-02 6.167488545e-02 6.687684357e-02
 7.216276228e-02 7.750683278e-02 8.289286494e-02 8.831783384e-02 9.379327297e-02
 9.934468567e-02 1.050080657e-01 1.108238101e-01 1.168299317e-01 1.230577976e-01
 1.295309663e-01 1.362656355e-01 1.432715356e-01 1.505523622e-01 1.581058055e-01
 1.659227908e-01 1.739862561e-01 1.822693050e-01 1.907326132e-01 1.993215531e-01
 2.079629302e-01 2.165621668e-01 2.250019312e-01 2.331437021e-01 2.408337295e-01
 2.479140908e-01 2.542374730e-01 2.596828341e-01 2.641685605e-01 2.676610351e-01
 2.701764405e-01 2.717762887e-01 2.725566626e-01 2.726343274e-01 2.721325755e-01
 9.873706847e-03 4.537329078e-03 5.336362869e-03 7.570802234e-03 9.248137474e-03
 1.059282385e-02 1.167049725e-02 1.252543088e-02 1.320129260e-02 1.374687999e-02
 1.421737019e-02 1.467356645e-02 1.517974213e-02 1.580051705e-02 1.659727469e-02
 1.762470603e-02 1.892794855e-02 2.054058760e-02 2.248367108e-02 2.476581559e-02
 2.738450468e-02 3.032841347e-02 3.358037025e-02 3.712035343e-02 4.092779756e-02
 4.498296976e-02 4.926730320e-02 5.376318842e-02 5.845367536e-02 6.332272291e-02
 6.835622340e-02 7.354374230e-02 7.888036221e-02 8.436812460e-02 9.001660347e-02
 9.584245086e-02 1.018678844e-01 1.081184000e-01 1.146203578e-01 1.213989630e-01
 1.284769177e-01 1.358738542e-01 1.436058879e-01 1.516854763e-01 1.601207852e-01
 1.689146459e-01 1.780630350e-01 1.875522435e-01 1.973552108e-01 2.074258626e-01
 2.176917791e-01 2.280452549e-01 2.383339107e-01 2.483549714e-01 2.578595877e-01
 2.665733695e-01 2.742316723e-01 2.806170583e-01 2.855882645e-01 2.890969515e-01
 2.911929190e-01 2.920142412e-01 2.917604744e-01 2.906553745e-01 2.889144421e-01
 6.551052793e-04-5.745586008e-03-3.577736905e-03 1.028647646e-03 4.575579427e-03
 7.331203204e-03 9.494656697e-03 1.120343618e-02 1.256248355e-02 1.365998015e-02
 1.457509212e-02 1.538144052e-02 1.614827290e-02 1.694032364e-02 1.781699061e-02
 1.883122697e-02 2.002845705e-02 2.144575864e-02 2.311146259e-02 2.504531853e-02
 2.725915611e-02 2.975805476e-02 3.254177421e-02 3.560630232e-02 3.894527256e-02
 4.255104065e-02 4.641543329e-02 5.053029209e-02 5.488793552e-02 5.948170274e-02
 6.430670619e-02 6.936067343e-02 7.464478910e-02 8.016432822e-02 8.592891693e-02
 9.195239842e-02 9.825231135e-02 1.048489884e-01 1.117646247e-01 1.190224290e-01
 1.266459525e-01 1.346586645e-01 1.430836916e-01 1.519436240e-01 1.612601280e-01
 1.710533649e-01 1.813407838e-01 1.921347678e-01 2.034388483e-01 2.152407914e-01
 2.275013030e-01 2.401353419e-01 2.529834509e-01 2.657728493e-01 2.780850530e-01
 2.893823683e-01 2.991311848e-01 3.069193661e-01 3.124933243e-01 3.157699406e-01
 3.168624640e-01 3.160957098e-01 3.139315844e-01 3.108280599e-01 3.071566820e-01
-2.851878293e-03-9.563442320e-03-6.754999049e-03-1.444953494e-03 2.860187553e-03
 6.316045765e-03 9.063627571e-03 1.123369113e-02 1.294285618e-02 1.429447159e-02
 1.538062189e-02 1.628400385e-02 1.707931980e-02 1.783416048e-02 1.860950328e-02
 1.945986971e-02 2.043325827e-02 2.157088742e-02 2.290711552e-02 2.446959354e-02
 2.627965808e-02 2.835291810e-02 3.070003912e-02 3.332771361e-02 3.623981029e-02
 3.943828121e-02 4.292377457e-02 4.669623077e-02 5.075541139e-02 5.510151386e-02
 5.973579735e-02 6.466114521e-02 6.988261640e-02 7.540784776e-02 8.124732971e-02
 8.741445839e-02 9.392549098e-02 1.007993072e-01 1.080572456e-01 1.157228500e-01
 1.238218993e-01 1.323824227e-01 1.414350271e-01 1.510132551e-01 1.611541808e-01
 1.718989760e-01 1.832935214e-01 1.953885555e-01 2.082394361e-01 2.219037265e-01
 2.364353538e-01 2.518691421e-01 2.681830525e-01 2.852094173e-01 3.024303019e-01
 3.183262348e-01 3.315572143e-01 3.415588140e-01 3.479718566e-01 3.505781591e-01
 3.493466973e-01 3.450055718e-01 3.391808271e-01 3.327377737e-01 3.261809349e-01
-1.359184273e-03-8.025318384e-03-5.314162001e-03 9.540869360e-05 4.526236095e-03
 8.080663159e-03 1.087953150e-02 1.304772869e-02 1.470399834e-02 1.595646143e-02
 1.690161973e-02 1.762507483e-02 1.820289344e-02 1.870308071e-02 1.918693632e-02
 1.971022040e-02 2.032378688e-02 2.107268199e-02 2.199611440e-02 2.312766388e-02
 2.449548058e-02 2.612243779e-02 2.802623622e-02 3.021989018e-02 3.271424398e-02
 3.551844507e-02 3.864004463e-02 4.208515584e-02 4.585891962e-02 4.996626824e-02
 5.441254750e-02 5.920396000e-02 6.434804201e-02 6.985402107e-02 7.573314756e-02
 8.199887723e-02 8.866710961e-02 9.575629234e-02 1.032876968e-01 1.112855598e-01
 1.197776124e-01 1.287955791e-01 1.383760870e-01 1.485617459e-01 1.594029367e-01
 1.709597707e-01 1.833051890e-01 1.965290010e-01 2.107435912e-01 2.260922492e-01
 2.427619249e-01 2.610042095e-01 2.811747491e-01 3.038284183e-01 3.294342756e-01
 3.525691330e-01 3.708109856e-01 3.840290308e-01 3.919415474e-01 3.938955665e-01
 3.896806836e-01 3.783779442e-01 3.659344912e-01 3.545035124e-01 3.441858292e-01
 4.480966367e-03-1.991340192e-03 5.012082402e-04 5.645900033e-03 9.709321894e-03
 1.282077562e-02 1.514284126e-02 1.682597212e-02 1.800134778e-02 1.878085174e-02
 1.925964467e-02 1.951925829e-02 1.963046193e-02 1.965580508e-02 1.965208724e-02
 1.967340335e-02 1.977617294e-02 2.000877634e-02 2.041402087e-02 2.103015594e-02
 2.189117298e-02 2.302634716e-02 2.445829660e-02 2.619718015e-02 2.825896628e-02
 3.065960482e-02 3.341282532e-02 3.652928025e-02 4.001671821e-02 4.388272017e-02
 4.813502729e-02 5.278162658e-02 5.783128366e-02 6.329388171e-02 6.918072701e-02
 7.550483942e-02 8.228135109e-02 8.952783048e-02 9.726469219e-02 1.055157185e-01
 1.143086851e-01 1.236762777e-01 1.336572766e-01 1.442981958e-01 1.556554884e-01
 1.677986383e-01 1.808144450e-01 1.948133111e-01 2.099382430e-01 2.263786793e-01
 2.443920374e-01 2.643385828e-01 2.867385745e-01 3.123553097e-01 3.422386646e-01
 3.728637695e-01 3.966144323e-01 4.133815765e-01 4.233061075e-01 4.262776375e-01
 4.213037491e-01 4.078248441e-01 3.882992268e-01 3.717786670e-01 3.579292297e-01
 1.486202609e-02 8.623366244e-03 1.126075350e-02 1.563107967e-02 1.861148514e-02
 2.058545500e-02 2.181854844e-02 2.249775827e-02 2.275779843e-02 2.270018682e-02
 2.240496501e-02 2.193768322e-02 2.135363594e-02 2.070037648e-02 2.001895383e-02
 1.934382319e-02 1.877329499e-02 1.834974810e-02 1.811546087e-02 1.811191440e-02
 1.838010922e-02 1.896215044e-02 1.990537718e-02 2.115220949e-02 2.274446376e-02
 2.471266873e-02 2.707957104e-02 2.985956147e-02 3.305318952e-02 3.666962311e-02
 4.071859270e-02 4.520812258e-02 5.014702305e-02 5.554486439e-02 6.141194701e-02
 6.775981188e-02 7.460169494e-02 8.195300400e-02 8.983175457e-02 9.825912118e-02
 1.072601229e-01 1.168645546e-01 1.271080822e-01 1.380338222e-01 1.496943831e-01
 1.621546298e-01 1.754953712e-01 1.898185164e-01 2.052541375e-01 2.219702899e-01
 2.401863039e-01 2.601905167e-01 2.823608518e-01 3.071848750e-01 3.352725208e-01
 3.671666682e-01 3.942873478e-01 4.137292504e-01 4.257573187e-01 4.304569960e-01
 4.280215800e-01 4.174458385e-01 3.985404968e-01 3.791953921e-01 3.636864424e-01
 3.320037946e-02 2.825647965e-02 2.904250100e-02 3.068835288e-02 3.115342557e-02
 3.100715764e-02 3.046764061e-02 2.964664996e-02 2.861441299e-02 2.742183208e-02
 2.610960044e-02 2.471237630e-02 2.326083556e-02 2.178271487e-02 2.030327730e-02
 1.884551346e-02 1.750836894e-02 1.633459702e-02 1.536634937e-02 1.464494225e-02
 1.421033964e-02 1.410017908e-02 1.434741914e-02 1.497431658e-02 1.601071283e-02
 1.748861559e-02 1.944125071e-02 2.190554887e-02 2.479511127e-02 2.814948186e-02
 3.198848665e-02 3.631126508e-02 4.112686217e-02 4.644472525e-02 5.227236822e-02
 5.861833692e-02 6.549254060e-02 7.290671766e-02 8.087472618e-02 8.941294253e-02
 9.854076803e-02 1.082812995e-01 1.186620891e-01 1.297162473e-01 1.414835453e-01
 1.540120542e-01 1.673598886e-01 1.815973520e-01 1.968094110e-01 2.130980194e-01
 2.305841446e-01 2.494080067e-01 2.697267532e-01 2.917088568e-01 3.155333996e-01
 3.414485455e-01 3.679202199e-01 3.869347274e-01 3.994685411e-01 4.060371518e-01
 4.064148962e-01 4.010960460e-01 3.892523646e-01 3.724320531e-01 3.589166999e-01
 5.931526423e-02 5.779144168e-02 5.318175256e-02 4.887115955e-02 4.555539787e-02
 4.267149791e-02 3.999757022e-02 3.743188083e-02 3.492372483e-02 3.244771063e-02
 2.999248728e-02 2.755518258e-02 2.513833344e-02 2.274808101e-02 2.039300278e-02
 1.808312349e-02 1.591370255e-02 1.392558217e-02 1.215978898e-02 1.065717638e-02
 9.457922541e-03 8.600924164e-03 8.123172447e-03 8.059485815e-03 8.444222622e-03
 9.310738184e-03 1.068989374e-02 1.260720752e-02 1.507660374e-02 1.812362671e-02
 2.178036049e-02 2.592850104e-02 3.061117232e-02 3.584605455e-02 4.162731394e-02
 4.795943946e-02 5.484749377e-02 6.229858100e-02 7.032122463e-02 7.892534137e-02
 8.812259138e-02 9.792669117e-02 1.083538532e-01 1.194230467e-01 1.311562955e-01
 1.435787678e-01 1.567186415e-01 1.706063747e-01 1.852731109e-01 2.007474005e-01
 2.170490772e-01 2.341781259e-01 2.520950437e-01 2.706848383e-01 2.896862626e-01
 3.085375428e-01 3.261059523e-01 3.409005404e-01 3.520290256e-01 3.592092395e-01
 3.624291420e-01 3.618728518e-01 3.580330312e-01 3.519892097e-01 3.452618122e-01
 7.775476575e-02 7.727636397e-02 7.102730870e-02 6.421542168e-02 5.846682936e-02
 5.345875770e-02 4.895959422e-02 4.481277242e-02 4.091445357e-02 3.719558567e-02
 3.361014277e-02 3.012767062e-02 2.672863193e-02 2.340159379e-02 2.014185861e-02
 1.695184037e-02 1.392211393e-02 1.109032147e-02 8.496100083e-03 6.179946009e-03
 4.182499833e-03 2.544074785e-03 1.304308185e-03 5.019777454e-04 1.749601361e-04
 3.598530893e-04 1.091245096e-03 2.400737256e-03 4.316103179e-03 6.862055510e-03
 1.005664002e-02 1.390295848e-02 1.841652766e-02 2.361507155e-02 2.935925871e-02
 3.568424284e-02 4.258527979e-02 5.006708577e-02 5.813302100e-02 6.678547710e-02
 7.602714002e-02 8.586119860e-02 9.629137069e-02 1.073216498e-01 1.189558432e-01
 1.311966777e-01 1.440444142e-01 1.574945748e-01 1.715346277e-01 1.861387193e-01
 2.012597919e-01 2.168180197e-01 2.326839715e-01 2.486552298e-01 2.644279003e-01
 2.795740068e-01 2.935578227e-01 3.058252931e-01 3.159316182e-01 3.236164451e-01
 3.288139999e-01 3.316457868e-01 3.324172497e-01 3.315898180e-01 3.296867609e-01
 8.945539594e-02 8.923710883e-02 8.296287060e-02 7.529078424e-02 6.837388873e-02
 6.209991500e-02 5.634377152e-02 5.099472031e-02 4.596208036e-02 4.117460549e-02
 3.657753021e-02 3.212922066e-02 2.779819816e-02 2.356045879e-02 1.939698867e-02
 1.535629574e-02 1.148053445e-02 7.810957730e-03 4.388792440e-03 1.255415380e-03
-1.547739841e-03-3.979326226e-03-5.998232868e-03-7.563721389e-03-8.635586128e-03
-9.174411185e-03-9.141976014e-03-8.501773700e-03-7.219607010e-03-5.264258012e-03
-2.608668525e-03 7.689383929e-04 4.886018578e-03 9.751869366e-03 1.536031161e-02
 2.172084339e-02 2.864325419e-02 3.616840392e-02 4.429312050e-02 5.300765485e-02
 6.230510026e-02 7.217802107e-02 8.261834085e-02 9.361673892e-02 1.051616520e-01
 1.172379553e-01 1.298251748e-01 1.428950429e-01 1.564083397e-01 1.703103781e-01
 1.845254898e-01 1.989500821e-01 2.134447396e-01 2.278270125e-01 2.418675125e-01
 2.552947402e-01 2.678136826e-01 2.791384459e-01 2.890310884e-01 2.973326445e-01
 3.039806485e-01 3.090125024e-01 3.125562668e-01 3.148081601e-01 3.159979880e-01
 9.761406481e-02 9.752161056e-02 9.096697718e-02 8.287657797e-02 7.536001503e-02
 6.835810840e-02 6.179974228e-02 5.561235547e-02 4.972889274e-02 4.409086704e-02
 3.864903748e-02 3.336273134e-02 2.819869854e-02 2.312981524e-02 1.813382283e-02
 1.327012852e-02 8.578201756e-03 4.098789301e-03-1.267317130e-04-4.056674428e-03
-7.649225183e-03-1.086255349e-02-1.365487836e-02-1.598451659e-02-1.780995354e-02
-1.908997260e-02-1.978385448e-02-1.985169947e-02-1.925487258e-02-1.795660704e-02
-1.592283323e-02-1.312321331e-02-9.532371536e-03-5.132003687e-03 8.652458200e-05
 6.120295729e-03 1.294444688e-02 2.054947242e-02 2.879167907e-02 3.761567920e-02
 4.701698571e-02 5.697793514e-02 6.748056412e-02 7.850573212e-02 9.003095329e-02
 1.020291299e-01 1.144671142e-01 1.273038089e-01 1.404879540e-01 1.539552659e-01
 1.676254570e-01 1.813991070e-01 1.951551735e-01 2.087499946e-01 2.220190167e-01
 2.347826064e-01 2.468566895e-01 2.580668032e-01 2.682636678e-01 2.773365378e-01
 2.852219343e-01 2.919060290e-01 2.974210978e-01 3.018364608e-01 3.052453995e-01
 1.027531624e-01 1.026656106e-01 9.589266777e-02 8.760283142e-02 7.979138196e-02
 7.239547372e-02 6.535600871e-02 5.861705914e-02 5.212802440e-02 4.584403709e-02
 3.972581774e-02 3.373930976e-02 2.785520628e-02 2.204832993e-02 1.629675925e-02
 1.067473181e-02 5.223887041e-03-1.372623228e-05-4.995877389e-03-9.680335410e-03
-1.402496733e-02-1.798775047e-02-2.152673900e-02-2.460000664e-02-2.716557123e-02
-2.918139473e-02-3.060541674e-02-3.139569610e-02-3.151069954e-02-3.090973012e-02
-2.955358475e-02-2.740547806e-02-2.443224564e-02-2.060595900e-02-1.590592600e-02
-1.032089721e-02-3.851715010e-03 3.487888025e-03 1.166209392e-02 2.063382789e-02
 3.022259101e-02 4.035459459e-02 5.100496486e-02 6.215239689e-02 7.376769930e-02
 8.581674099e-02 9.825994074e-02 1.110512540e-01 1.241368055e-01 1.374534070e-01
 1.509271562e-01 1.644722521e-01 1.779905707e-01 1.913720369e-01 2.044967264e-01
 2.172384262e-01 2.294698954e-01 2.410692424e-01 2.519263029e-01 2.619482875e-01
 2.710635066e-01 2.792229056e-01 2.863995731e-01 2.925864458e-01 2.977936268e-01
 1.048302054e-01 1.045693010e-01 9.804432094e-02 8.982066810e-02 8.199851215e-02
 7.448283583e-02 6.721110642e-02 6.014148891e-02 5.324061960e-02 4.647900164e-02
 3.982956707e-02 3.326738998e-02 2.676991746e-02 2.031764761e-02 1.389589719e-02
 7.595183328e-03 1.458972227e-03-4.468829837e-03-1.014459040e-02-1.552520692e-02
-2.056813426e-02-2.523129061e-02-2.947289124e-02-3.325125203e-02-3.652458638e-02
-3.925085068e-02-4.138760269e-02-4.289201647e-02-4.372094572e-02-4.383119568e-02
-4.317997396e-02-4.172558337e-02-3.942841291e-02-3.625223413e-02-3.216587752e-02
-2.714524046e-02-2.117567137e-02-1.425464451e-02-6.395206787e-03 2.371510956e-03
 1.198861189e-02 2.239815891e-02 3.328830749e-02 4.467609525e-02 5.651504174e-02
 6.876540929e-02 8.138486743e-02 9.432701766e-02 1.075404808e-01 1.209681928e-01
 1.345467567e-01 1.482059658e-01 1.618688554e-01 1.754521728e-01 1.888673604e-01
 2.020222396e-01 2.148230076e-01 2.271762341e-01 2.389907241e-01 2.501786053e-01
 2.606556416e-01 2.703414559e-01 2.791594267e-01 2.870385051e-01 2.939165235e-01
 1.041238382e-01 1.033516228e-01 9.732832015e-02 8.986905217e-02 8.242021501e-02
 7.501773536e-02 6.768722832e-02 6.043439358e-02 5.325439945e-02 4.613650218e-02
 3.906643391e-02 3.202779591e-02 2.500267141e-02 1.797147840e-02 1.098362170e-02
 4.094587639e-03-2.644531894e-03-9.185505100e-03-1.548223384e-02-2.149031125e-02
-2.716667950e-02-3.246929124e-02-3.735677153e-02-4.178804904e-02-4.572205245e-02
-4.911733791e-02-5.193188414e-02-5.412287265e-02-5.564662069e-02-5.645864829e-02
-5.651392043e-02-5.576731265e-02-5.417434126e-02-5.169220269e-02-4.828115553e-02
-4.390632361e-02-3.853989393e-02-3.216387331e-02-2.477329411e-02-1.638003439e-02
-7.017385215e-03 3.255434334e-03 1.434072852e-02 2.614811063e-02 3.836351261e-02
 5.097492039e-02 6.394250691e-02 7.722257078e-02 9.076890349e-02 1.045327932e-01
 1.184627712e-01 1.325043738e-01 1.466000378e-01 1.606893092e-01 1.747090518e-01
 1.885935962e-01 2.022747695e-01 2.156811357e-01 2.287364602e-01 2.413569093e-01
 2.534472048e-01 2.648962438e-01 2.755740881e-01 2.853333950e-01 2.940189838e-01
 1.030029729e-01 1.018319353e-01 9.619034827e-02 8.912112564e-02 8.188951015e-02
 7.456140965e-02 6.718964875e-02 5.980112404e-02 5.240614712e-02 4.500504583e-02
 3.759197146e-02 3.015707992e-02 2.268782631e-02 1.516939141e-02 7.680946030e-03
 2.778587805e-04-6.987306289e-03-1.406473853e-02-2.090716362e-02-2.746954188e-02
-3.370870650e-02-3.958296031e-02-4.505162686e-02-5.007460341e-02-5.461189151e-02
-5.862317607e-02-6.206740439e-02-6.490247697e-02-6.708502024e-02-6.857026368e-02
-6.931207329e-02-6.926323473e-02-6.837587059e-02-6.660227478e-02-6.389598548e-02
-6.021327898e-02-5.551511049e-02-4.976958036e-02-4.295488447e-02-3.506282717e-02
-2.610282600e-02-1.610611379e-02-5.129894242e-03 6.741508842e-03 1.938674226e-02
 3.250963241e-02 4.598746076e-02 5.977427959e-02 7.382902503e-02 8.811239898e-02
 1.025857031e-01 1.172102392e-01 1.319473088e-01 1.467582136e-01 1.616041064e-01
 1.764457822e-01 1.912425160e-01 2.059500068e-01 2.205166221e-01 2.348768711e-01
 2.489415556e-01 2.625834048e-01 2.756190598e-01 2.877936363e-01 2.987871170e-01
 1.025695205e-01 1.012795866e-01 9.549860656e-02 8.825309575e-02 8.092087507e-02
 7.351153344e-02 6.603521854e-02 5.850043148e-02 5.091104284e-02 4.326613620e-02
 3.556093574e-02 2.778800949e-02 1.993874274e-02 1.200574636e-02 4.090827890e-03
-3.750731470e-03-1.146567613e-02-1.900341548e-02-2.631614357e-02-3.335867077e-02
-4.008809477e-02-4.646334425e-02-5.244471878e-02-5.799332261e-02-6.307053566e-02
-6.763748825e-02-7.165452838e-02-7.508078218e-02-7.787381113e-02-7.998932898e-02
-8.138103038e-02-8.200070262e-02-8.179841936e-02-8.072305471e-02-7.872313261e-02
-7.574798167e-02-7.174932212e-02-6.668342650e-02-6.051369756e-02-5.321390182e-02
-4.477197677e-02-3.519436717e-02-2.451094054e-02-1.278044656e-02-9.752705228e-05
 1.339960750e-02 2.755763382e-02 4.200190306e-02 5.670754611e-02 7.164932042e-02
 8.680294454e-02 1.021459103e-01 1.176581830e-01 1.333228052e-01 1.491262615e-01
 1.650587320e-01 1.811136305e-01 1.972861737e-01 2.135702372e-01 2.299519926e-01
 2.463978380e-01 2.628319263e-01 2.790932059e-01 2.948472500e-01 3.094123900e-01
 1.018739939e-01 1.004717201e-01 9.433792531e-02 8.695030957e-02 7.949870080e-02
 7.197444141e-02 6.437395513e-02 5.669314414e-02 4.892681167e-02 4.106827825e-02
 3.310915828e-02 2.503910288e-02 1.684503257e-02 8.583359420e-03 3.200285137e-04
-7.884764113e-03-1.597527973e-02-2.389968000e-02-3.160965070e-02-3.906003386e-02
-4.620838165e-02-5.301447213e-02-5.943972617e-02-6.544663757e-02-7.099813968e-02
-7.605700195e-02-8.058523387e-02-8.454355597e-02-8.789089322e-02-9.058398008e-02
-9.257707745e-02-9.382185340e-02-9.426740557e-02-9.386052191e-02-9.254623204e-02
-9.026868641e-02-8.697243035e-02-8.260412514e-02-7.711479068e-02-7.046271116e-02
-6.261686981e-02-5.356109887e-02-4.329882562e-02-3.185833246e-02-1.929831505e-02
-5.712762475e-03 8.766214363e-03 2.396045998e-02 3.940975294e-02 5.509825796e-02
 7.101320475e-02 8.714593202e-02 1.034930572e-01 1.200577319e-01 1.368510425e-01
 1.538936049e-01 1.712171286e-01 1.888661385e-01 2.068994641e-01 2.253913432e-01
 2.444313765e-01 2.641214728e-01 2.845636308e-01 3.057913184e-01 3.267578483e-01
 1.002830118e-01 9.871180356e-02 9.262043238e-02 8.513400704e-02 7.758994401e-02
 6.997589767e-02 6.227700412e-02 5.447916687e-02 4.656948894e-02 3.853603452e-02
 3.036751598e-02 2.205320261e-02 1.358377747e-02 5.042240489e-03-3.509780392e-03
-1.201322768e-02-2.041251957e-02-2.865582518e-02-3.669498861e-02-4.448527843e-02
-5.198495835e-02-5.915480852e-02-6.595750153e-02-7.235700637e-02-7.831788063e-02
-8.380464464e-02-8.878111094e-02-9.320975840e-02-9.705115110e-02-1.002634466e-01
-1.028019860e-01-1.046189815e-01-1.056634039e-01-1.058810502e-01-1.052147970e-01
-1.036052555e-01-1.009916663e-01-9.731331468e-02-9.251141548e-02-8.653155714e-02
-7.932683825e-02-7.086165249e-02-6.111622602e-02-5.009180307e-02-3.781634569e-02
-2.435057797e-02-9.794145823e-03 5.707989447e-03 2.196017280e-02 3.844332695e-02
 5.515265465e-02 7.208946347e-02 8.926274627e-02 1.066910997e-01 1.244050711e-01
 1.424501538e-01 1.608907133e-01 1.798152328e-01 1.993435323e-01 2.196369916e-01
 2.409145236e-01 2.634785175e-01 2.877651453e-01 3.144560456e-01 3.423084617e-01
 9.817875922e-02 9.643768519e-02 9.027670324e-02 8.274359256e-02 7.517614216e-02
 6.754027307e-02 5.980418250e-02 5.194354057e-02 4.393956810e-02 3.577684984e-02
 2.744149044e-02 1.891964301e-02 1.024527941e-02 1.486091060e-03-7.294167764e-03
-1.603563875e-02-2.468249761e-02-3.318298608e-02-4.148929194e-02-4.955727607e-02
-5.734605342e-02-6.481745839e-02-7.193547487e-02-7.866551727e-02-8.497381210e-02
-9.082662314e-02-9.618958831e-02-1.010270119e-01-1.053012460e-01-1.089720875e-01
-1.119962633e-01-1.143270433e-01-1.159139425e-01-1.167025864e-01-1.166348308e-01
-1.156491414e-01-1.136811674e-01-1.106649190e-01-1.065341979e-01-1.012247950e-01
-9.467716515e-02-8.683992922e-02-7.767409086e-02-6.715810299e-02-5.529372767e-02
-4.211244732e-02-2.768246830e-02-1.211578585e-02 4.425211344e-03 2.172244154e-02
 3.922414407e-02 5.693647265e-02 7.487455755e-02 9.306468070e-02 1.115469933e-01
 1.303792000e-01 1.496413499e-01 1.694426388e-01 1.899308562e-01 2.113059163e-01
 2.338389009e-01 2.578976750e-01 2.839764953e-01 3.127150238e-01 3.434543014e-01
 9.549849480e-02 9.358985722e-02 8.711068332e-02 7.969215512e-02 7.226304710e-02
 6.472939998e-02 5.704766512e-02 4.919406772e-02 4.115294665e-02 3.291197866e-02
 2.445995435e-02 1.578545943e-02 6.951397285e-03-1.975664636e-03-1.093223691e-02
-1.985855401e-02-2.869895101e-02-3.740197420e-02-4.592030495e-02-5.421047658e-02
-6.223248690e-02-6.994925439e-02-7.732601464e-02-8.432961255e-02-9.092783928e-02
-9.708863497e-02-1.027794033e-01-1.079662740e-01-1.126133800e-01-1.166822687e-01
-1.201312467e-01-1.229149252e-01-1.249838173e-01-1.262840629e-01-1.267573535e-01
-1.263411045e-01-1.249688715e-01-1.225711554e-01-1.190766096e-01-1.144138202e-01
-1.085137278e-01-1.013127118e-01-9.275653213e-02-8.280521631e-02-7.143870741e-02
-5.866354331e-02-4.452007264e-02-2.909020148e-02-1.250497065e-02 5.048614927e-03
 2.332246676e-02 4.175932705e-02 6.037343293e-02 7.918974757e-02 9.824633598e-02
 1.175972745e-01 1.373165250e-01 1.575031281e-01 1.782887578e-01 1.998483688e-01
 2.224164009e-01 2.463110983e-01 2.719731331e-01 3.000216484e-01 3.300099373e-01
 9.061354399e-02 8.809036762e-02 8.272376657e-02 7.606442273e-02 6.903421134e-02
 6.173117086e-02 5.417910963e-02 4.638490453e-02 3.834886476e-02 3.006809950e-02
 2.153822407e-02 1.275499538e-02 3.805153072e-03-5.245259032e-03-1.433290727e-02
-2.339813672e-02-3.238548338e-02-4.124383628e-02-4.992640018e-02-5.839039385e-02
-6.659667194e-02-7.450918108e-02-8.209431171e-02-8.932024240e-02-9.615618736e-02
-1.025716662e-01-1.085357368e-01-1.140162051e-01-1.189789623e-01-1.233872622e-01
-1.272010803e-01-1.303765029e-01-1.328653395e-01-1.346146762e-01-1.355666518e-01
-1.356585622e-01-1.348229498e-01-1.329883188e-01-1.300799847e-01-1.260216832e-01
-1.207374781e-01-1.141547561e-01-1.062077284e-01-9.684203565e-02-8.602026105e-02
-7.372850925e-02-5.998377502e-02-4.484204948e-02-2.840668336e-02-1.083637774e-02
 7.647990249e-03 2.675879002e-02 4.596173763e-02 6.527298689e-02 8.471889794e-02
 1.043376327e-01 1.241800487e-01 1.443110406e-01 1.648114026e-01 1.857801527e-01
 2.073376477e-01 2.296307385e-01 2.528456450e-01 2.772657275e-01 3.028867245e-01
 8.725252748e-02 8.450999111e-02 7.919001579e-02 7.279299945e-02 6.600852311e-02
 5.887968093e-02 5.143847317e-02 4.370260239e-02 3.567998856e-02 2.737218142e-02
 1.877612621e-02 9.928423911e-03 9.022570448e-04-8.233534172e-03-1.741439477e-02
-2.658023313e-02-3.567558527e-02-4.464963078e-02-5.345603079e-02-6.205266714e-02
-7.040117681e-02-7.846643031e-02-8.621588349e-02-9.361888468e-02-1.006459445e-01
-1.072679609e-01-1.134554744e-01-1.191778630e-01-1.244025975e-01-1.290945411e-01
-1.332152933e-01-1.367224753e-01-1.395692974e-01-1.417040080e-01-1.430696696e-01
-1.436039805e-01-1.432394087e-01-1.419034898e-01-1.395197511e-01-1.360087693e-01
-1.312901229e-01-1.252848506e-01-1.179188266e-01-1.091269404e-01-9.885851294e-02
-8.708360046e-02-7.380042225e-02-5.904365703e-02-4.289325699e-02-2.548335493e-02
-7.010432892e-03 1.226016600e-02 3.199063241e-02 5.170058087e-02 7.139962912e-02
 9.110714495e-02 1.108467281e-01 1.306431293e-01 1.505186260e-01 1.704868376e-01
 1.905413270e-01 2.106330693e-01 2.306230664e-01 2.501782477e-01 2.685992122e-01
 8.498604596e-02 8.213333786e-02 7.663506269e-02 7.022587955e-02 6.348225474e-02
 5.640871078e-02 4.901416600e-02 4.130555317e-02 3.328646719e-02 2.495707572e-02
 1.631446742e-02 7.417229004e-03-1.663097530e-03-1.085825451e-02-2.010398358e-02
-2.934048325e-02-3.851263225e-02-4.757005721e-02-5.646695942e-02-6.516185403e-02
-7.361711562e-02-8.179843426e-02-8.967418969e-02-9.721474349e-02-1.043917239e-01
-1.111772358e-01-1.175430715e-01-1.234599575e-01-1.288968027e-01-1.338199377e-01
-1.381923854e-01-1.419732571e-01-1.451171339e-01-1.475735903e-01-1.492867172e-01
-1.501950324e-01-1.502314210e-01-1.493233144e-01-1.473934203e-01-1.443606168e-01
-1.401416957e-01-1.346535385e-01-1.278162301e-01-1.195570678e-01-1.098155826e-01
-9.854976088e-02-8.574329317e-02-7.141387463e-02-5.562230572e-02-3.848186880e-02
-2.016737126e-02-9.231762961e-04 1.893069409e-02 3.899442032e-02 5.886749178e-02
 7.856969535e-02 9.810765833e-02 1.174772978e-01 1.366610080e-01 1.556208581e-01
 1.742877364e-01 1.925453246e-01 2.102093399e-01 2.270087004e-01 2.425884604e-01
 8.302986622e-02 8.006758988e-02 7.462596893e-02 6.818974018e-02 6.143830717e-02
 5.437106639e-02 4.698631167e-02 3.928257525e-02 3.125779331e-02 2.290873975e-02
 1.423072256e-02 5.298090167e-03-3.819136880e-03-1.305383630e-02-2.234260738e-02
-3.162633628e-02-4.085050151e-02-4.996530339e-02-5.892553180e-02-6.769029796e-02
-7.622264326e-02-8.448896557e-02-9.245841205e-02-1.001021937e-01-1.073928326e-01
-1.143034250e-01-1.208068132e-01-1.268748641e-01-1.324776560e-01-1.375827491e-01
-1.421544552e-01-1.461531669e-01-1.495347321e-01-1.522499323e-01-1.542440057e-01
-1.554564387e-01-1.558207572e-01-1.552647948e-01-1.537111104e-01-1.510778517e-01
-1.472802758e-01-1.422327310e-01-1.358516067e-01-1.280589998e-01-1.187876388e-01
-1.079867780e-01-9.562933445e-02-8.172009885e-02-6.630472839e-02-4.947925732e-02
-3.139904886e-02-1.228631847e-02 7.565954234e-03 2.779672667e-02 4.775402695e-02
 6.740747392e-02 8.673651516e-02 1.057169065e-01 1.243128031e-01 1.424705684e-01
 1.601127386e-01 1.771325320e-01 1.933901906e-01 2.087147236e-01 2.229149193e-01
 8.160646260e-02 7.857522368e-02 7.305680215e-02 6.659043580e-02 5.982786417e-02
 5.275960267e-02 4.537739232e-02 3.767433763e-02 2.964441292e-02 2.128185332e-02
 1.258047856e-02 3.626124468e-03-5.512866192e-03-1.477064751e-02-2.408478782e-02
-3.339692950e-02-4.265319929e-02-5.180434883e-02-6.080569327e-02-6.961687654e-02
-7.820145786e-02-8.652641624e-02-9.456148744e-02-1.022785157e-01-1.096507534e-01
-1.166520119e-01-1.232559830e-01-1.294353604e-01-1.351611763e-01-1.404019594e-01
-1.451230347e-01-1.492858529e-01-1.528473198e-01-1.557592750e-01-1.579679698e-01
-1.594137847e-01-1.600310504e-01-1.597481370e-01-1.584878713e-01-1.561682522e-01
-1.527038515e-01-1.480076313e-01-1.419937611e-01-1.345810890e-01-1.256978810e-01
-1.152874827e-01-1.033154130e-01-8.977741003e-02-7.470856607e-02-5.819306523e-02
-4.037405178e-02-2.146286890e-02-1.747028902e-03 1.840325817e-02 3.852829337e-02
 5.818011612e-02 7.735905796e-02 9.604813159e-02 1.142148972e-01 1.318111867e-01
 1.487724334e-01 1.650174707e-01 1.804500818e-01 1.949632466e-01 2.084466070e-01
 8.051811904e-02 7.743670046e-02 7.183413208e-02 6.536488980e-02 5.861541256e-02
 5.156392604e-02 4.419645667e-02 3.650315851e-02 2.847658284e-02 2.011072636e-02
 1.140117273e-02 2.440008335e-03-6.706087850e-03-1.597224735e-02-2.529671043e-02
-3.462164849e-02-4.389362037e-02-5.306377262e-02-6.208779663e-02-7.092569768e-02
-7.954141498e-02-8.790227026e-02-9.597843885e-02-1.037421972e-01-1.111672521e-01
-1.182279289e-01-1.248984486e-01-1.311521530e-01-1.369606704e-01-1.422932297e-01
-1.471158862e-01-1.513908654e-01-1.550758481e-01-1.581234634e-01-1.604807675e-01
-1.620888710e-01-1.628828049e-01-1.627915204e-01-1.617381871e-01-1.596409529e-01
-1.564142406e-01-1.519703865e-01-1.462223679e-01-1.390872300e-01-1.304905564e-01
-1.203721017e-01-1.086926609e-01-9.544205666e-02-8.064822853e-02-6.438691914e-02
-4.679155722e-02-2.806245536e-02-8.474086411e-03 1.162097231e-02 3.179376945e-02
 5.141192302e-02 7.047013938e-02 8.895167708e-02 1.068281531e-01 1.240597442e-01
 1.405958086e-01 1.563762873e-01 1.713340580e-01 1.853986531e-01 1.985011250e-01
 7.948024571e-02 7.632547617e-02 7.085351646e-02 6.447300315e-02 5.779620633e-02
 5.079641193e-02 4.346393794e-02 3.579312190e-02 2.777825668e-02 1.941243932e-02
 1.071856543e-02 1.767909969e-03-7.370859850e-03-1.663211733e-02-2.595388331e-02
-3.527832776e-02-4.455211759e-02-5.372654647e-02-6.275746226e-02-7.160502672e-02
-8.023333549e-02-8.860993385e-02-9.670514613e-02-1.044914797e-01-1.119428575e-01
-1.190338805e-01-1.257390529e-01-1.320320070e-01-1.378847361e-01-1.432668567e-01
-1.481447965e-01-1.524812579e-01-1.562343687e-01-1.593572348e-01-1.617974341e-01
-1.634965241e-01-1.643900573e-01-1.644073278e-01-1.634719074e-01-1.615022123e-01
-1.584126651e-01-1.541155279e-01-1.485233307e-01-1.415523291e-01-1.331268847e-01
-1.231850088e-01-1.116850972e-01-9.861384332e-02-8.399523795e-02-6.790014356e-02
-5.045606196e-02-3.185612708e-02-1.236614585e-02 7.671764120e-03 2.784046158e-02
 4.741042107e-02 6.637445092e-02 8.471644670e-02 1.024112403e-01 1.194250211e-01
 1.357163489e-01 1.512377262e-01 1.659380198e-01 1.797654033e-01 1.926708221e-01
 7.857065648e-02 7.523721457e-02 7.013532519e-02 6.402763724e-02 5.745844543e-02
 5.051725730e-02 4.322373495e-02 3.558199108e-02 2.759027854e-02 1.924382895e-02
 1.056946069e-02 1.637038309e-03-7.485088892e-03-1.673132181e-02-2.603964321e-02
-3.535220027e-02-4.461563006e-02-5.378120765e-02-6.280475855e-02-7.164642215e-02
-8.027028292e-02-8.864383399e-02-9.673740715e-02-1.045234725e-01-1.119759455e-01
-1.190694273e-01-1.257784367e-01-1.320766360e-01-1.379360557e-01-1.433263421e-01
-1.482140720e-01-1.525619626e-01-1.563283205e-01-1.594663560e-01-1.619237959e-01
-1.636424363e-01-1.645579189e-01-1.645998210e-01-1.636918932e-01-1.617527604e-01
-1.586970389e-01-1.544371694e-01-1.488858461e-01-1.419593841e-01-1.335821450e-01
-1.236920208e-01-1.122471541e-01-9.923383594e-02-8.467537910e-02-6.864179671e-02
-5.125942826e-02-3.271993622e-02-1.328724064e-02 6.698930636e-03 2.682458982e-02
 4.633737355e-02 6.523045152e-02 8.348864317e-02 1.010883376e-01 1.179980636e-01
 1.341796070e-01 1.495897472e-01 1.641824991e-01 1.779118329e-01 1.907347888e-01
 7.920735329e-02 7.604005933e-02 7.061891258e-02 6.432445347e-02 5.771946907e-02
 5.078282207e-02 4.350784421e-02 3.589065373e-02 2.792681381e-02 1.961038634e-02
 1.096348837e-02 2.057260368e-03-7.039649412e-03-1.626157016e-02-2.554643899e-02
-3.483630344e-02-4.407768697e-02-5.322170258e-02-6.222400069e-02-7.104452699e-02
-7.964713871e-02-8.799913526e-02-9.607057273e-02-1.038337052e-01-1.112622023e-01
-1.183303893e-01-1.250125468e-01-1.312820464e-01-1.371106803e-01-1.424678266e-01
-1.473197937e-01-1.516290903e-01-1.553537250e-01-1.584467292e-01-1.608556509e-01
-1.625221074e-01-1.633816659e-01-1.633638740e-01-1.623925120e-01-1.603863686e-01
-1.572603881e-01-1.529274285e-01-1.473008245e-01-1.402978301e-01-1.318439543e-01
-1.218785197e-01-1.103615165e-01-9.728141129e-02-8.266416192e-02-6.658286601e-02
-4.916758835e-02-3.061447293e-02-1.119300630e-02 8.750323206e-03 2.879460156e-02
 4.823961481e-02 6.708142161e-02 8.530580997e-02 1.028885543e-01 1.197962761e-01
 1.359878182e-01 1.514160335e-01 1.660301387e-01 1.797787398e-01 1.926133484e-01
 7.994147390e-02 7.683303952e-02 7.143389434e-02 6.511585414e-02 5.849577487e-02
 5.156137794e-02 4.430242628e-02 3.671170399e-02 2.878359333e-02 2.051336691e-02
 1.189736743e-02 3.024608362e-03-6.038087886e-03-1.522571407e-02-2.447634004e-02
-3.373191506e-02-4.293873161e-02-5.204761028e-02-6.101386249e-02-6.979708374e-02
-7.836072147e-02-8.667166531e-02-9.469954669e-02-1.024161503e-01-1.097946316e-01
-1.168088615e-01-1.234325394e-01-1.296385378e-01-1.353980601e-01-1.406799108e-01
-1.454498470e-01-1.496697366e-01-1.532970667e-01-1.562843323e-01-1.585785151e-01
-1.601208448e-01-1.608465463e-01-1.606849134e-01-1.595597118e-01-1.573898941e-01
-1.540908664e-01-1.495763361e-01-1.437609196e-01-1.365636438e-01-1.279124320e-01
-1.177497581e-01-1.060394868e-01-9.277483076e-02-7.798734307e-02-6.175659597e-02
-4.422007501e-02-2.558262460e-02-6.124973297e-03 1.378837321e-02 3.369884193e-02
 5.305572972e-02 7.186303288e-02 9.010632336e-02 1.077573672e-01 1.247760803e-01
 1.411117911e-01 1.567047834e-01 1.714887321e-01 1.853942275e-01 1.983536482e-01
 8.109970391e-02 7.807297260e-02 7.260501385e-02 6.631455570e-02 5.971883237e-02
 5.280771852e-02 4.557532072e-02 3.801687062e-02 3.012805432e-02 2.190437727e-02
 1.334051695e-02 4.516986199e-03-4.497903399e-03-1.363824587e-02-2.284146845e-02
-3.204898536e-02-4.120659083e-02-5.026462674e-02-5.917790532e-02-6.790548563e-02
-7.641027868e-02-8.465854824e-02-9.261932224e-02-1.002636924e-01-1.075641289e-01
-1.144937202e-01-1.210254133e-01-1.271312237e-01-1.327815503e-01-1.379443258e-01
-1.425843686e-01-1.466627270e-01-1.501359940e-01-1.529558450e-01-1.550685167e-01
-1.564145386e-01-1.569286734e-01-1.565399170e-01-1.551720202e-01-1.527443230e-01
-1.491730511e-01-1.443733722e-01-1.382620037e-01-1.307609975e-01-1.218022034e-01
-1.113332212e-01-9.932413697e-02-8.577561378e-02-7.072770596e-02-5.426921695e-02
-3.654665500e-02-1.777172461e-02 1.775069395e-03 2.174892277e-02 4.136988521e-02
 6.059166044e-02 7.938340306e-02 9.771370888e-02 1.155432016e-01 1.328205466e-01
 1.494800448e-01 1.654410064e-01 1.806087196e-01 1.948784292e-01 2.081425935e-01
 8.242122829e-02 7.947285473e-02 7.418265939e-02 6.794781983e-02 6.139026955e-02
 5.451014638e-02 4.730787128e-02 3.978396207e-02 3.193791956e-02 2.376760542e-02
 1.526889764e-02 6.508062594e-03-2.445078455e-03-1.152347773e-02-2.066371776e-02
-2.980655432e-02-3.889719769e-02-4.788541794e-02-5.672544241e-02-6.537568569e-02
-7.379838824e-02-8.195906132e-02-8.982591331e-02-9.736918658e-02-1.045604199e-01
-1.113717332e-01-1.177750304e-01-1.237412766e-01-1.292397231e-01-1.342371851e-01
-1.386973560e-01-1.425800920e-01-1.458409429e-01-1.484305114e-01-1.502941251e-01
-1.513715833e-01-1.515971124e-01-1.508995593e-01-1.492029279e-01-1.464273483e-01
-1.424905956e-01-1.373101622e-01-1.308062375e-01-1.229054183e-01-1.135456562e-01
-1.026820689e-01-9.029398859e-02-7.639297843e-02-6.103171408e-02-4.431328923e-02
-2.640053816e-02-7.525173947e-03 1.200283691e-02 3.178223222e-02 5.125083402e-02
 7.041859627e-02 8.927693963e-02 1.078038812e-01 1.259631366e-01 1.437004805e-01
 1.609388888e-01 1.775732636e-01 1.934672296e-01 2.084546685e-01 2.223502100e-01
 8.429346234e-02 8.146142960e-02 7.625436038e-02 7.006973028e-02 6.353831291e-02
 5.667266995e-02 4.948523641e-02 4.198545963e-02 3.417853266e-02 2.606545947e-02
 1.764321700e-02 8.957454935e-03 8.078031533e-05-8.918676525e-03-1.797698438e-02
-2.703451924e-02-3.603609651e-02-4.493100196e-02-5.367289856e-02-6.221953407e-02
-7.053236663e-02-7.857604325e-02-8.631783724e-02-9.372693300e-02-1.007737443e-01
-1.074292064e-01-1.136639714e-01-1.194476932e-01-1.247482896e-01-1.295311898e-01
-1.337587237e-01-1.373894513e-01-1.403776407e-01-1.426727623e-01-1.442191899e-01
-1.449560821e-01-1.448173225e-01-1.437319517e-01-1.416247785e-01-1.384175271e-01
-1.340305358e-01-1.283850968e-01-1.214065552e-01-1.130283624e-01-1.031971052e-01
-9.187854081e-02-7.906468213e-02-6.478174776e-02-4.909855872e-02-3.213493899e-02
-1.406892948e-02 4.858903587e-03 2.434732765e-02 4.373254627e-02 6.298893690e-02
 8.210824430e-02 1.010850146e-01 1.199092343e-01 1.385599822e-01 1.569977999e-01
 1.751536727e-01 1.929136217e-01 2.100985348e-01 2.264462411e-01 2.416141033e-01
 8.685450256e-02 8.418217301e-02 7.895139605e-02 7.277499139e-02 6.620344520e-02
 5.928971618e-02 5.207128078e-02 4.456772655e-02 3.678788245e-02 2.873446792e-02
 2.040693350e-02 1.180409826e-02 3.020742908e-03-5.878152326e-03-1.483002678e-02
-2.377576008e-02-3.266019374e-02-4.143234342e-02-5.004536361e-02-5.845634639e-02
-6.662590802e-02-7.451774180e-02-8.209800720e-02-8.933470398e-02-9.619696438e-02
-1.026543155e-01-1.086759642e-01-1.142300516e-01-1.192829460e-01-1.237985641e-01
-1.277377009e-01-1.310575008e-01-1.337108910e-01-1.356462836e-01-1.368072629e-01
-1.371325403e-01-1.365561485e-01-1.350079626e-01-1.324144900e-01-1.287002265e-01
-1.237896457e-01-1.176097095e-01-1.100933179e-01-1.011835411e-01-9.083890915e-02
-7.903960347e-02-6.579459459e-02-5.114950985e-02-3.519500792e-02-1.807509363e-02
 5.070236512e-06 1.877234131e-02 3.787945583e-02 5.694526434e-02 7.600151002e-02
 9.507305920e-02 1.141833812e-01 1.333552003e-01 1.526082605e-01 1.719537675e-01
 1.913836598e-01 2.108490169e-01 2.302145064e-01 2.491584718e-01 2.670074105e-01
 9.048052132e-02 8.818730712e-02 8.280675858e-02 7.622437179e-02 6.936943531e-02
 6.227745116e-02 5.496016145e-02 4.741964117e-02 3.965356946e-02 3.165704012e-02
 2.342319861e-02 1.494320761e-02 6.288093980e-03-2.476546913e-03-1.128805429e-02
-2.008727193e-02-2.881890163e-02-3.743162751e-02-4.587807506e-02-5.411462486e-02
-6.210099161e-02-6.979981810e-02-7.717604935e-02-8.419635147e-02-9.082838148e-02
-9.704013169e-02-1.027991772e-01-1.080719978e-01-1.128232777e-01-1.170152798e-01
-1.206072271e-01-1.235548332e-01-1.258098185e-01-1.273196936e-01-1.280275732e-01
-1.278722882e-01-1.267887503e-01-1.247086078e-01-1.215613633e-01-1.172759458e-01
-1.117829531e-01-1.050174981e-01-9.692291915e-02-8.745530993e-02-7.658894360e-02
-6.432251632e-02-5.068619549e-02-3.574903309e-02-1.962663978e-02-2.488436643e-03
 1.543627400e-02 3.385461867e-02 5.236944929e-02 7.099248469e-02 8.975045383e-02
 1.086812839e-01 1.278342307e-01 1.472712159e-01 1.670689285e-01 1.873213053e-01
 2.081425637e-01 2.296722531e-01 2.520877421e-01 2.756596208e-01 3.003822863e-01
 9.481181204e-02 9.306420386e-02 8.710975945e-02 7.987820357e-02 7.265488803e-02
 6.535622478e-02 5.793558806e-02 5.036602914e-02 4.262943193e-02 3.471153229e-02
 2.659935132e-02 1.827954128e-02 9.791450575e-03 1.201293315e-03-7.428381126e-03
-1.603856683e-02-2.457393706e-02-3.298291191e-02-4.121762514e-02-4.923370853e-02
-5.698995665e-02-6.444786489e-02-7.157108188e-02-7.832479477e-02-8.467511833e-02
-9.058833122e-02-9.603029490e-02-1.009656936e-01-1.053574830e-01-1.091662496e-01
-1.123496890e-01-1.148621887e-01-1.166545525e-01-1.176737472e-01-1.178630069e-01
-1.171620637e-01-1.155077368e-01-1.128347963e-01-1.090774387e-01-1.041710898e-01
-9.805496037e-02-9.067528695e-02-8.198925108e-02-7.196980715e-02-6.061124802e-02
-4.793531448e-02-3.399788588e-02-1.889542863e-02-2.771223895e-03 1.417843252e-02
 3.169996291e-02 4.939360917e-02 6.727091968e-02 8.535401523e-02 1.036784500e-01
 1.222955137e-01 1.412756145e-01 1.607131958e-01 1.807337999e-01 2.015045285e-01
 2.232493907e-01 2.462728322e-01 2.709966302e-01 2.980139256e-01 3.268935382e-01
 9.772932529e-02 9.622331709e-02 9.016543627e-02 8.285462856e-02 7.554016262e-02
 6.818057597e-02 6.074485555e-02 5.320818722e-02 4.555094242e-02 3.775703907e-02
 2.981267124e-02 2.170573175e-02 1.342638768e-02 5.057540257e-03-3.341179807e-03
-1.171193272e-02-1.999974437e-02-2.815294079e-02-3.612321988e-02-4.386550188e-02
-5.133762956e-02-5.849993229e-02-6.531468779e-02-7.174558192e-02-7.775704563e-02
-8.331363648e-02-8.837939799e-02-9.291726351e-02-9.688842297e-02-1.002518982e-01
-1.029640287e-01-1.049782187e-01-1.062446982e-01-1.067105532e-01-1.063199639e-01
-1.050146148e-01-1.027345806e-01-9.941950440e-02-9.501030296e-02-8.945136517e-02
-8.269343525e-02-7.469712198e-02-6.543718278e-02-5.490750074e-02-4.312675446e-02
-3.014461324e-02-1.604790241e-02-9.654903552e-04 1.493131090e-02 3.141960129e-02
 4.812590405e-02 6.505439430e-02 8.221757412e-02 9.963870049e-02 1.173546761e-01
 1.354195029e-01 1.539089382e-01 1.729268879e-01 1.926144511e-01 2.131628543e-01
 2.348316759e-01 2.579733133e-01 2.830611467e-01 3.107075095e-01 3.402762413e-01
 9.944035113e-02 9.807641804e-02 9.233480692e-02 8.511879295e-02 7.786657661e-02
 7.057074457e-02 6.321583688e-02 5.578683317e-02 4.826981947e-02 4.065184295e-02
 3.292039782e-02 2.506267838e-02 1.706433669e-02 8.979096077e-03 8.705903310e-04
-7.202082314e-03-1.518350095e-02-2.302165329e-02-3.066777065e-02-3.807609156e-02
-4.520353675e-02-5.200927705e-02-5.845425278e-02-6.450062990e-02-7.011117041e-02
-7.524871826e-02-7.987555861e-02-8.395290375e-02-8.744040877e-02-9.029568732e-02
-9.247411788e-02-9.392851591e-02-9.460926801e-02-9.446439147e-02-9.344004095e-02
-9.148127586e-02-8.853308856e-02-8.454199135e-02-7.945804298e-02-7.323736697e-02
-6.584534794e-02-5.726037920e-02-4.747830331e-02-3.651741147e-02-2.442417294e-02
-1.127973013e-02 2.791221719e-03 1.760849729e-02 3.299089149e-02 4.862442613e-02
 6.450323015e-02 8.062565327e-02 9.699717164e-02 1.136327833e-01 1.305593848e-01
 1.478187889e-01 1.654713452e-01 1.836010218e-01 2.023221701e-01 2.217895985e-01
 2.422135472e-01 2.638846636e-01 2.872218788e-01 3.128782511e-01 3.396535516e-01
 1.006930321e-01 9.950328618e-02 9.382821620e-02 8.674284816e-02 7.962418348e-02
 7.246427238e-02 6.525654346e-02 5.799463391e-02 5.067186058e-02 4.328077286e-02
 3.581302613e-02 2.825950086e-02 2.061093226e-02 1.285961084e-02 5.099877715e-03
-2.612613840e-03-1.022377983e-02-1.768203638e-02-2.493853495e-02-3.194706887e-02
-3.866381198e-02-4.504691809e-02-5.105609447e-02-5.665206909e-02-6.179608777e-02
-6.644937396e-02-7.057264447e-02-7.412561774e-02-7.706665248e-02-7.935243845e-02
-8.093781769e-02-8.177581429e-02-8.181772381e-02-8.101361990e-02-7.931300998e-02
-7.666586339e-02-7.302407175e-02-6.834331155e-02-6.258538365e-02-5.572112277e-02
-4.773378372e-02-3.862294555e-02-2.840873227e-02-1.713603362e-02-4.878623411e-03
 8.260848001e-03 2.214410156e-02 3.633660823e-02 5.085530877e-02 6.565862894e-02
 8.071960509e-02 9.602082521e-02 1.115528941e-01 1.273144484e-01 1.433129311e-01
 1.595658064e-01 1.761019528e-01 1.929631233e-01 2.102055401e-01 2.279007584e-01
 2.461358607e-01 2.650109529e-01 2.846284509e-01 3.050313294e-01 3.252201974e-01
 1.012772322e-01 1.002387479e-01 9.467090666e-02 8.776204288e-02 8.081971109e-02
 7.383367419e-02 6.680832803e-02 5.974892527e-02 5.265766755e-02 4.553299397e-02
 3.837002814e-02 3.116115928e-02 2.389624342e-02 1.656196266e-02 9.223192930e-03
 1.940264599e-03-5.231541581e-03-1.224045269e-02-1.903755590e-02-2.557639964e-02
-3.181264549e-02-3.770367801e-02-4.320818186e-02-4.828570038e-02-5.289617181e-02
-5.699949712e-02-6.055511534e-02-6.352166086e-02-6.585669518e-02-6.751655042e-02
-6.845630705e-02-6.863002479e-02-6.799109280e-02-6.649287045e-02-6.408977509e-02
-6.073852628e-02-5.639997870e-02-5.104133114e-02-4.463880882e-02-3.718088195e-02
-2.867195755e-02-1.913641952e-02-8.623448201e-03 2.790345810e-03 1.498532388e-02
 2.784542367e-02 4.104353487e-02 5.455809087e-02 6.836672127e-02 8.244018257e-02
 9.674900770e-02 1.112659052e-01 1.259668469e-01 1.408317089e-01 1.558446139e-01
 1.709939539e-01 1.862720549e-01 2.016736418e-01 2.171927691e-01 2.328166962e-01
 2.485142946e-01 2.642144561e-01 2.797646523e-01 2.948446274e-01 3.087917566e-01
 1.009403989e-01 9.995432198e-02 9.484139085e-02 8.824047446e-02 8.148987591e-02
 7.466353476e-02 6.781256199e-02 6.096221507e-02 5.412267148e-02 4.729537293e-02
 4.047651589e-02 3.365907073e-02 2.683421783e-02 1.999275945e-02 1.312757097e-02
 6.338126957e-03-3.256281198e-04-6.814423949e-03-1.308055595e-02-1.907806098e-02
-2.476259694e-02-3.009118140e-02-3.502185643e-02-3.951335698e-02-4.352471605e-02
-4.701494426e-02-4.994271696e-02-5.226617679e-02-5.394278467e-02-5.492932349e-02
-5.518211052e-02-5.465735495e-02-5.331179500e-02-5.110363662e-02-4.799383134e-02
-4.394773394e-02-3.893719986e-02-3.294312954e-02-2.595842630e-02-1.799137518e-02
-9.069694206e-03 7.572228205e-04 1.140362676e-02 2.280067652e-02 3.460672498e-02
 4.683447257e-02 5.943131447e-02 7.235360891e-02 8.556094766e-02 9.901300818e-02
 1.126690656e-01 1.264882684e-01 1.404299140e-01 1.544538438e-01 1.685203612e-01
 1.825901568e-01 1.966232061e-01 2.105768025e-01 2.244017422e-01 2.380360067e-01
 2.513951659e-01 2.643579841e-01 2.767489254e-01 2.883223295e-01 2.987681627e-01
 1.014286131e-01 1.009828448e-01 9.550672024e-02 8.855880797e-02 8.169256896e-02
 7.488384098e-02 6.815041602e-02 6.149872765e-02 5.492720008e-02 4.842940718e-02
 4.199592769e-02 3.561558574e-02 2.927604690e-02 2.296392992e-02 1.666386798e-02
 1.044596732e-02 4.364135675e-03-1.532009104e-03-7.195335813e-03-1.258047298e-02
-1.764342189e-02-2.234125882e-02-2.663186565e-02-3.047366440e-02-3.382534534e-02
-3.664566576e-02-3.889326751e-02-4.052659124e-02-4.150394350e-02-4.178365320e-02
-4.132444412e-02-4.008604586e-02-3.803005815e-02-3.512110561e-02-3.132838383e-02
-2.662762627e-02-2.100351080e-02-1.445237547e-02-6.985578686e-03 1.368575729e-03
 1.055196300e-02 2.052752674e-02 3.097273037e-02 4.191078991e-02 5.329494178e-02
 6.508761644e-02 7.724626362e-02 8.972594887e-02 1.024795622e-01 1.154573187e-01
 1.286065280e-01 1.418714821e-01 1.551937759e-01 1.685126126e-01 1.817652881e-01
 1.948874891e-01 2.078134418e-01 2.204751521e-01 2.328007668e-01 2.447118163e-01
 2.561190724e-01 2.669179738e-01 2.769855261e-01 2.861811519e-01 2.943558097e-01
 1.012107357e-01 1.011859551e-01 9.550520033e-02 8.807821572e-02 8.098994195e-02
 7.416555285e-02 6.755883992e-02 6.113939732e-02 5.488354713e-02 4.877064377e-02
 4.278180003e-02 3.689959645e-02 3.110808134e-02 2.539304458e-02 1.974269561e-02
 1.414974593e-02 8.713604882e-03 3.477166640e-03-1.515860436e-03-6.222035736e-03
-1.059851423e-02-1.460308209e-02-1.819408312e-02-2.133029327e-02-2.397081256e-02
-2.607496455e-02-2.760229446e-02-2.851262689e-02-2.876628935e-02-2.832447179e-02
-2.714976668e-02-2.520698681e-02-2.246425301e-02-1.889431849e-02-1.447608601e-02
-9.197063744e-03-3.056177171e-03 3.934399225e-03 1.173888706e-02 2.034129016e-02
 2.946180478e-02 3.912957013e-02 4.930727184e-02 5.996698141e-02 7.107490301e-02
 8.259369433e-02 9.448150545e-02 1.066915765e-01 1.191717237e-01 1.318637580e-01
 1.447030157e-01 1.576182097e-01 1.705316752e-01 1.833601892e-01 1.960164011e-01
 2.084106207e-01 2.204530835e-01 2.320558727e-01 2.431346178e-01 2.536091208e-01
 2.634033561e-01 2.724448442e-01 2.806642056e-01 2.879964113e-01 2.943837643e-01
 9.860536456e-02 9.867028892e-02 9.311075509e-02 8.572000265e-02 7.870720327e-02
 7.204777002e-02 6.570017338e-02 5.962442979e-02 5.378434807e-02 4.814803973e-02
 4.268787429e-02 3.738017753e-02 3.220478445e-02 2.714445069e-02 2.218401805e-02
 1.730873063e-02 1.259247959e-02 8.082292974e-03 3.822038881e-03-1.457928156e-04
-3.779498395e-03-7.037960924e-03-9.880584665e-03-1.226727478e-02-1.415843889e-02
-1.551501546e-02-1.629859209e-02-1.647165418e-02-1.599800400e-02-1.484328508e-02
-1.297556236e-02-1.036638487e-02-6.992386188e-03-2.836763626e-03 2.111501759e-03
 7.853156887e-03 1.437067054e-02 2.166122571e-02 2.950088121e-02 3.792088479e-02
 4.689488560e-02 5.640580505e-02 6.643154472e-02 7.694714516e-02 8.792357147e-02
 9.932695329e-02 1.111175343e-01 1.232484877e-01 1.356646121e-01 1.483008862e-01
 1.610813141e-01 1.739180088e-01 1.867110878e-01 1.993497908e-01 2.117150724e-01
 2.236838192e-01 2.351345718e-01 2.459537983e-01 2.560420036e-01 2.653184533e-01
 2.737237215e-01 2.812201977e-01 2.877902687e-01 2.934334278e-01 2.981631160e-01
 9.405718744e-02 9.420564026e-02 8.845572174e-02 8.122480661e-02 7.449325919e-02
 6.820325553e-02 6.230226532e-02 5.673687160e-02 5.145832896e-02 4.642483592e-02
 4.160193354e-02 3.696190566e-02 3.248291463e-02 2.814813331e-02 2.394518256e-02
 1.986619830e-02 1.590951346e-02 1.217300445e-02 8.693655953e-03 5.510275252e-03
 2.662185114e-03 1.885760284e-04-1.871834276e-03-3.481029533e-03-4.601871129e-03
-5.198210943e-03-5.234952085e-03-4.678569734e-03-3.498022910e-03-1.665626420e-03
 8.436179487e-04 4.050954711e-03 7.969364524e-03 1.259450056e-02 1.793435588e-02
 2.399659529e-02 3.061926179e-02 3.783214092e-02 4.561889917e-02 5.397190526e-02
 6.288006902e-02 7.233096659e-02 8.230982721e-02 9.279888868e-02 1.037764475e-01
 1.152156293e-01 1.270828247e-01 1.393356919e-01 1.519208103e-01 1.647708118e-01
 1.778014302e-01 1.909086704e-01 2.039667368e-01 2.168280780e-01 2.293264270e-01
 2.412843704e-01 2.525250316e-01 2.628870010e-01 2.722386718e-01 2.804900110e-01
 2.875984907e-01 2.935691774e-01 2.984486818e-01 3.023144007e-01 3.052613735e-01
 8.651517332e-02 8.650384098e-02 8.113586158e-02 7.427575439e-02 6.805975735e-02
 6.239614263e-02 5.718721077e-02 5.234929174e-02 4.781606793e-02 4.353708029e-02
 3.947480768e-02 3.560180962e-02 3.189840168e-02 2.835077979e-02 2.494955249e-02
 2.168825641e-02 1.856133714e-02 1.564732566e-02 1.298711263e-02 1.061973162e-02
 8.583515882e-03 6.915887818e-03 5.653219298e-03 4.830520600e-03 4.480970092e-03
 4.635693040e-03 5.325457081e-03 6.579550914e-03 8.422793821e-03 1.086901035e-02
 1.393447351e-02 1.764273085e-02 2.202111855e-02 2.693221532e-02 3.241820633e-02
 3.849171102e-02 4.513888061e-02 5.235637724e-02 6.014025584e-02 6.848727912e-02
 7.739393413e-02 8.685604483e-02 9.686820954e-02 1.074230969e-01 1.185104549e-01
 1.301157027e-01 1.422180533e-01 1.547878832e-01 1.677831411e-01 1.811446548e-01
 1.947902292e-01 2.086073905e-01 2.224457860e-01 2.361108810e-01 2.493627369e-01
 2.619253695e-01 2.735105753e-01 2.838534117e-01 2.927486002e-01 3.000761867e-01
 3.058130145e-01 3.100311160e-01 3.128840625e-01 3.145797551e-01 3.153440058e-01
 7.581206411e-02 7.550260425e-02 7.044131309e-02 6.432884187e-02 5.909351259e-02
 5.448230356e-02 5.031527951e-02 4.647825658e-02 4.289941490e-02 3.953325748e-02
 3.635096923e-02 3.333467990e-02 3.047398478e-02 2.776382864e-02 2.520320192e-02
 2.279440127e-02 2.054282278e-02 1.845765859e-02 1.662592217e-02 1.508136280e-02
 1.386071928e-02 1.299852598e-02 1.252809260e-02 1.248098724e-02 1.288475282e-02
 1.375666633e-02 1.512384415e-02 1.701794006e-02 1.947589591e-02 2.244530618e-02
 2.591158450e-02 2.990684658e-02 3.444498405e-02 3.951887786e-02 4.513321072e-02
 5.129314959e-02 5.800142139e-02 6.526127458e-02 7.307657599e-02 8.145193756e-02
 9.039272368e-02 9.990492463e-02 1.099949181e-01 1.206690967e-01 1.319332123e-01
 1.437913924e-01 1.562444121e-01 1.692872643e-01 1.829051375e-01 1.970675290e-01
 2.117192894e-01 2.267675996e-01 2.420630753e-01 2.573747039e-01 2.723619640e-01
 2.865622640e-01 2.994318306e-01 3.104571104e-01 3.192681074e-01 3.256839216e-01
 3.297104836e-01 3.315355778e-01 3.315214813e-01 3.301561475e-01 3.279380798e-01
 6.005752087e-02 5.881888792e-02 5.472839624e-02 5.079255253e-02 4.757102579e-02
 4.466767609e-02 4.195745662e-02 3.938946873e-02 3.694211319e-02 3.460756689e-02
 3.238525987e-02 3.027884848e-02 2.829470113e-02 2.644116990e-02 2.472835407e-02
 2.316816896e-02 2.177469246e-02 2.056473121e-02 1.955841482e-02 1.881743968e-02
 1.839351654e-02 1.831277646e-02 1.860503480e-02 1.930391788e-02 2.045033500e-02
 2.197376266e-02 2.391340211e-02 2.629650757e-02 2.914079279e-02 3.245040029e-02
 3.623020276e-02 4.049021751e-02 4.523959011e-02 5.048511177e-02 5.623430759e-02
 6.249533594e-02 6.927688420e-02 7.658863068e-02 8.444159478e-02 9.284844995e-02
 1.018238664e-01 1.113847345e-01 1.215505004e-01 1.323433667e-01 1.437884718e-01
 1.559138894e-01 1.687503457e-01 1.823301315e-01 1.966851205e-01 2.118425667e-01
 2.278176695e-01 2.446000725e-01 2.621297836e-01 2.802521884e-01 2.986261249e-01
 3.165226281e-01 3.326128721e-01 3.455786109e-01 3.548240662e-01 3.601979017e-01
 3.617588878e-01 3.597790003e-01 3.549218178e-01 3.484887481e-01 3.418501019e-01
 3.848554567e-02 3.465501964e-02 3.481226042e-02 3.526399285e-02 3.483746946e-02
 3.397675604e-02 3.288160264e-02 3.165990859e-02 3.037994355e-02 2.909000218e-02
 2.782703191e-02 2.662097663e-02 2.549726889e-02 2.447848022e-02 2.358556539e-02
 2.283890545e-02 2.225936204e-02 2.186942473e-02 2.169475146e-02 2.176657878e-02
 2.211549506e-02 2.276780456e-02 2.374720946e-02 2.507460490e-02 2.676585317e-02
 2.882538363e-02 3.126562014e-02 3.410019726e-02 3.734117746e-02 4.099819064e-02
 4.508013651e-02 4.959635809e-02 5.455644056e-02 5.997021496e-02 6.584826857e-02
 7.220229506e-02 7.904538512e-02 8.639241755e-02 9.426050633e-02 1.026694328e-01
 1.116422117e-01 1.212057769e-01 1.313918233e-01 1.422377527e-01 1.537880450e-01
 1.660956740e-01 1.792241484e-01 1.932495534e-01 2.082630396e-01 2.243730426e-01
 2.417066246e-01 2.604090571e-01 2.806400061e-01 3.025681376e-01 3.263803720e-01
 3.524076343e-01 3.756990731e-01 3.916337788e-01 4.013562799e-01 4.054650962e-01
 4.034488201e-01 3.957815766e-01 3.817034960e-01 3.657556772e-01 3.536085486e-01
 2.356391400e-02 1.891167834e-02 1.999500580e-02 2.208807878e-02 2.331143618e-02
 2.391441166e-02 2.409369498e-02 2.399383299e-02 2.372078598e-02 2.335380018e-02
 2.295366675e-02 2.256825194e-02 2.223631740e-02 2.199023776e-02 2.185803279e-02
 2.186489478e-02 2.203441598e-02 2.238950133e-02 2.295302600e-02 2.374797501e-02
 2.479643002e-02 2.611863986e-02 2.773270756e-02 2.965434827e-02 3.189656138e-02
 3.446972370e-02 3.738389909e-02 4.064889252e-02 4.427406937e-02 4.826834053e-02
 5.264060199e-02 5.740016699e-02 6.255710125e-02 6.812250614e-02 7.410888374e-02
 8.053043485e-02 8.740342408e-02 9.474660456e-02 1.025815830e-01 1.109334528e-01
 1.198314428e-01 1.293098629e-01 1.394092739e-01 1.501781791e-01 1.616751254e-01
 1.739718169e-01 1.871570349e-01 2.013424337e-01 2.166701853e-01 2.333239317e-01
 2.515432239e-01 2.716421783e-01 2.940299511e-01 3.192281127e-01 3.478807211e-01
 3.784875870e-01 4.018767476e-01 4.178575575e-01 4.268405735e-01 4.285273552e-01
 4.231336117e-01 4.096084237e-01 3.893176019e-01 3.718238473e-01 3.577333689e-01
 1.334222034e-02 8.280547336e-03 9.570475668e-03 1.210048608e-02 1.396872196e-02
 1.530571748e-02 1.623849571e-02 1.688271202e-02 1.733659208e-02 1.768053696e-02
 1.797926426e-02 1.828473806e-02 1.863906160e-02 1.907697693e-02 1.962789148e-02
 2.031741291e-02 2.116849273e-02 2.220216766e-02 2.343801968e-02 2.489430457e-02
 2.658781037e-02 2.853363007e-02 3.074503317e-02 3.323343396e-02 3.600849211e-02
 3.907836229e-02 4.245033860e-02 4.613117874e-02 5.012746528e-02 5.444592610e-02
 5.909381807e-02 6.407934427e-02 6.941205263e-02 7.510320842e-02 8.116608113e-02
 8.761630207e-02 9.447211027e-02 1.017546505e-01 1.094883606e-01 1.177013665e-01
 1.264261901e-01 1.357005239e-01 1.455685943e-01 1.560827941e-01 1.673061252e-01
 1.793155670e-01 1.922069192e-01 2.061016858e-01 2.211575955e-01 2.375843525e-01
 2.556689084e-01 2.758165598e-01 2.986170053e-01 3.249261975e-01 3.556458652e-01
 3.827755451e-01 4.032052457e-01 4.169672728e-01 4.238607287e-01 4.238503575e-01
 4.157416224e-01 3.988851905e-01 3.806688786e-01 3.654479384e-01 3.526432216e-01
 6.682934705e-03 1.342093456e-03 2.196113579e-03 4.682566971e-03 6.657301448e-03
 8.209886029e-03 9.446054697e-03 1.046463661e-02 1.135071367e-02 1.217394043e-02
 1.298990473e-02 1.384277362e-02 1.476809941e-02 1.579522714e-02 1.694911905e-02
 1.825160906e-02 1.972216554e-02 2.137830853e-02 2.323577181e-02 2.530852519e-02
 2.760871500e-02 3.014662303e-02 3.293067217e-02 3.596754745e-02 3.926237673e-02
 4.281904548e-02 4.664058238e-02 5.072958767e-02 5.508868396e-02 5.972101912e-02
 6.463076919e-02 6.982369721e-02 7.530763745e-02 8.109292388e-02 8.719269931e-02
 9.362315387e-02 1.004036218e-01 1.075566411e-01 1.151080430e-01 1.230870634e-01
 1.315266490e-01 1.404639930e-01 1.499413252e-01 1.600071639e-01 1.707179546e-01
 1.821404994e-01 1.943551600e-01 2.074603885e-01 2.215792388e-01 2.368688583e-01
 2.535355091e-01 2.718603015e-01 2.922510505e-01 3.153954744e-01 3.401025236e-01
 3.608280420e-01 3.767054081e-01 3.874530792e-01 3.929648697e-01 3.924106956e-01
 3.854997754e-01 3.730004430e-01 3.610330522e-01 3.501299620e-01 3.403240442e-01
 2.327594673e-03-3.390359227e-03-2.749840263e-03-6.349528558e-04 1.013942761e-03
 2.349520568e-03 3.502961248e-03 4.575646482e-03 5.639932118e-03 6.745470688e-03
 7.926408201e-03 9.207410738e-03 1.060796715e-02 1.214507408e-02 1.383461989e-02
 1.569185033e-02 1.773126051e-02 1.996620744e-02 2.240844816e-02 2.506774291e-02
 2.795163728e-02 3.106538951e-02 3.441207111e-02 3.799280897e-02 4.180705920e-02
 4.585298151e-02 5.012783408e-02 5.462843925e-02 5.935172364e-02 6.429541111e-02
 6.945873797e-02 7.484333217e-02 8.045388758e-02 8.629880846e-02 9.239053726e-02
 9.874560684e-02 1.053844541e-01 1.123310253e-01 1.196122468e-01 1.272576749e-01
 1.352990866e-01 1.437705159e-01 1.527082771e-01 1.621513963e-01 1.721420884e-01
 1.827263385e-01 1.939544082e-01 2.058809400e-01 2.185641229e-01 2.320626676e-01
 2.464272976e-01 2.616798878e-01 2.777623534e-01 2.944206595e-01 3.108558655e-01
 3.253488243e-01 3.369825482e-01 3.453024924e-01 3.500116169e-01 3.509510159e-01
 3.482363522e-01 3.431215286e-01 3.369649947e-01 3.304359913e-01 3.239325881e-01
 9.845964378e-04-5.113696679e-03-5.244721659e-03-4.124273080e-03-3.413976170e-03
-2.798745874e-03-2.096262528e-03-1.220523845e-03-1.432716381e-04 1.135387225e-03
 2.605182817e-03 4.255666398e-03 6.080949213e-03 8.081151173e-03 1.026183739e-02
 1.263236348e-02 1.520382147e-02 1.798707992e-02 2.099121176e-02 2.422244847e-02
 2.768371813e-02 3.137466311e-02 3.529201448e-02 3.943010420e-02 4.378140718e-02
 4.833693430e-02 5.308657512e-02 5.801945180e-02 6.312447786e-02 6.839125603e-02
 7.381124049e-02 7.937926054e-02 8.509486169e-02 9.096345305e-02 9.699678421e-02
 1.032127887e-01 1.096347421e-01 1.162899882e-01 1.232083887e-01 1.304209530e-01
 1.379587352e-01 1.458520740e-01 1.541301906e-01 1.628207862e-01 1.719496697e-01
 1.815400571e-01 1.916111112e-01 2.021753192e-01 2.132338881e-01 2.247686982e-01
 2.367289960e-01 2.490095198e-01 2.614182830e-01 2.736370862e-01 2.852026224e-01
 2.955711484e-01 3.042553365e-01 3.109089732e-01 3.153454661e-01 3.175534010e-01
 3.177249432e-01 3.162463605e-01 3.135855794e-01 3.101640940e-01 3.063080311e-01
 4.152826965e-03-1.880932017e-03-4.649008624e-03-6.310016382e-03-7.641808130e-03
-8.330738172e-03-8.311310783e-03-7.675351575e-03-6.544923875e-03-5.029744469e-03
-3.215678968e-03-1.162071945e-03 1.096961554e-03 3.548470326e-03 6.194887683e-03
 9.047787637e-03 1.212221477e-02 1.543218642e-02 1.898756996e-02 2.279237472e-02
 2.684436552e-02 3.113578446e-02 3.565475345e-02 4.038676620e-02 4.531580582e-02
 5.042469501e-02 5.569490790e-02 6.110613048e-02 6.663624942e-02 7.226231694e-02
 7.796271890e-02 8.372030407e-02 8.952561021e-02 9.537940472e-02 1.012937501e-01
 1.072914749e-01 1.134039909e-01 1.196678579e-01 1.261211336e-01 1.328002810e-01
 1.397379935e-01 1.469622999e-01 1.544959992e-01 1.623564363e-01 1.705551445e-01
 1.790967286e-01 1.879772842e-01 1.971816123e-01 2.066788673e-01 2.164168358e-01
 2.263139188e-01 2.362500131e-01 2.460581809e-01 2.555218041e-01 2.643843293e-01
 2.723759413e-01 2.792506516e-01 2.848211229e-01 2.889823318e-01 2.917238772e-01
 2.931299806e-01 2.933633924e-01 2.926333845e-01 2.911595106e-01 2.891439795e-01
 8.197193965e-03 1.927019795e-03-3.975985572e-03-9.686307982e-03-1.483195089e-02
-1.655133441e-02-1.668258198e-02-1.576840505e-02-1.415024698e-02-1.206684858e-02
-9.682757780e-03-7.097967900e-03-4.356650636e-03-1.460812404e-03 1.613409142e-03
 4.901011474e-03 8.437111974e-03 1.224960014e-02 1.635465212e-02 2.075465024e-02
 2.543862909e-02 3.038533218e-02 3.556798398e-02 4.095898569e-02 4.653258249e-02
 5.226480961e-02 5.813105032e-02 6.410244107e-02 7.014282793e-02 7.620857656e-02
 8.225296438e-02 8.823445439e-02 9.412544221e-02 9.991835803e-02 1.056282371e-01
 1.112917587e-01 1.169620231e-01 1.226993799e-01 1.285617054e-01 1.345977187e-01
 1.408446729e-01 1.473287940e-01 1.540666223e-01 1.610660702e-01 1.683270186e-01
 1.758409142e-01 1.835898310e-01 1.915446222e-01 1.996625364e-01 2.078843266e-01
 2.161311209e-01 2.243022174e-01 2.322745919e-01 2.399059534e-01 2.470425814e-01
 2.535317242e-01 2.592369318e-01 2.640528679e-01 2.679167986e-01 2.708144784e-01
 2.727795839e-01 2.738869488e-01 2.742401063e-01 2.739574313e-01 2.731591165e-01
 1.027849410e-02 3.194374964e-03-4.520920105e-03-1.326791011e-02-2.293527499e-02
-2.832388505e-02-2.849066630e-02-2.609760314e-02-2.313024551e-02-1.987844333e-02
-1.656773314e-02-1.330844406e-02-1.009585895e-02-6.853530183e-03-3.480214393e-03
 1.208300237e-04 4.028712865e-03 8.299480192e-03 1.296226680e-02 1.801561192e-02
 2.342711389e-02 2.914159372e-02 3.509784862e-02 4.124489427e-02 4.754871130e-02
 5.398898572e-02 6.054997444e-02 6.720791757e-02 7.391624153e-02 8.059400320e-02
 8.713380247e-02 9.343449771e-02 9.942990541e-02 1.050967276e-01 1.104561165e-01
 1.155776754e-01 1.205743998e-01 1.255720556e-01 1.306721270e-01 1.359401047e-01
 1.414126754e-01 1.471076608e-01 1.530303955e-01 1.591772437e-01 1.655371040e-01
 1.720915884e-01 1.788146347e-01 1.856715381e-01 1.926177740e-01 1.995980591e-01
 2.065454125e-01 2.133814096e-01 2.200173438e-01 2.263573706e-01 2.323032916e-01
 2.377610505e-01 2.426479459e-01 2.468994260e-01 2.504745722e-01 2.533589005e-01
 2.555642426e-01 2.571261227e-01 2.580983341e-01 2.585468888e-01 2.585436106e-01
 1.292406581e-02 5.646759178e-03-2.559842076e-03-1.217800193e-02-2.358683757e-02
-3.220015764e-02-3.668458387e-02-3.686812520e-02-3.273104876e-02-2.742337808e-02
-2.281678841e-02-1.899401285e-02-1.565928012e-02-1.246579550e-02-9.140860289e-03
-5.495845340e-03-1.398950932e-03 3.243727377e-03 8.489731699e-03 1.434248313e-02
 2.072000131e-02 2.745566517e-02 3.438062221e-02 4.140101373e-02 4.849542677e-02
 5.568374321e-02 6.300309300e-02 7.048974931e-02 7.815104723e-02 8.587300032e-02
 9.329235554e-02 1.001245230e-01 1.062807739e-01 1.117316931e-01 1.164768860e-01
 1.205916479e-01 1.243936941e-01 1.282853484e-01 1.324121058e-01 1.368023753e-01
 1.414532661e-01 1.463519633e-01 1.514814645e-01 1.568220258e-01 1.623509228e-01
 1.680417657e-01 1.738635600e-01 1.797799617e-01 1.857486665e-01 1.917209923e-01
 1.976419836e-01 2.034509480e-01 2.090828717e-01 2.144705653e-01 2.195475996e-01
 2.242517769e-01 2.285288274e-01 2.323358655e-01 2.356439829e-01 2.384397089e-01
 2.407252491e-01 2.425171286e-01 2.438439280e-01 2.447432876e-01 2.452586293e-01
 1.698435470e-02 1.034060493e-02 3.022865392e-03-5.087446421e-03-1.399134099e-02
-2.347290143e-02-3.184014559e-02-3.612005711e-02-3.584537655e-02-3.063219041e-02
-2.560631558e-02-2.265199274e-02-2.062389813e-02-1.841725782e-02-1.574447192e-02
-1.247040555e-02-8.481651545e-03-3.656421788e-03 2.147100400e-03 9.084908292e-03
 1.721112058e-02 2.570849657e-02 3.388881311e-02 4.180311412e-02 4.958375543e-02
 5.736704916e-02 6.529158354e-02 7.351180911e-02 8.222714067e-02 9.170770645e-02
 1.004121453e-01 1.078570038e-01 1.142132580e-01 1.193961948e-01 1.233642325e-01
 1.259383559e-01 1.277020276e-01 1.302756071e-01 1.334067136e-01 1.369588375e-01
 1.408488154e-01 1.450209022e-01 1.494338512e-01 1.540536731e-01 1.588489711e-01
 1.637882888e-01 1.688385159e-01 1.739639044e-01 1.791255474e-01 1.842813194e-01
 1.893860102e-01 1.943919659e-01 1.992500722e-01 2.039111853e-01 2.083278596e-01
 2.124563605e-01 2.162586153e-01 2.197040021e-01 2.227707505e-01 2.254467756e-01
 2.277297527e-01 2.296265960e-01 2.311524004e-01 2.323287576e-01 2.331821918e-01
 2.221843787e-02 1.667530462e-02 1.072588284e-02 4.366417881e-03-2.319497988e-03
-9.154417552e-03-1.588303037e-02-2.219846658e-02-2.580847219e-02-2.364450321e-02
-2.106089517e-02-2.071910910e-02-2.122033015e-02-2.045453712e-02-1.869634725e-02
-1.602093875e-02-1.238173340e-02-7.667767815e-03-1.686206320e-03 5.929102190e-03
 1.585501432e-02 2.597307600e-02 3.489362448e-02 4.317539930e-02 5.115186423e-02
 5.905279517e-02 6.707105041e-02 7.540404797e-02 8.429042250e-02 9.398411214e-02
 1.028790399e-01 1.103940755e-01 1.166817173e-01 1.216923371e-01 1.253342927e-01
 1.273946315e-01 1.285802424e-01 1.305726469e-01 1.331454217e-01 1.361410916e-01
 1.394643486e-01 1.430560648e-01 1.468751431e-01 1.508880854e-01 1.550636292e-01
 1.593705416e-01 1.637765467e-01 1.682481021e-01 1.727501452e-01 1.772462726e-01
 1.816989183e-01 1.860697865e-01 1.903206706e-01 1.944141686e-01 1.983148158e-01
 2.019902170e-01 2.054121196e-01 2.085573971e-01 2.114088982e-01 2.139557600e-01
 2.161936760e-01 2.181244642e-01 2.197556496e-01 2.210995853e-01 2.221723497e-01
 0.180103660E+01 0.182530475E+01 0.184041989E+01 0.185737526E+01 0.187477803E+01
 0.189670205E+01 0.191219568E+01 0.193063533E+01 0.194761431E+01 0.196506917E+01
 0.198341131E+01 0.200117731E+01 0.201923442E+01 0.203814745E+01 0.205680847E+01
 0.207552242E+01 0.209513283E+01 0.211487246E+01 0.213469458E+01 0.215496469E+01
 0.217603397E+01 0.219739747E+01 0.221904063E+01 0.224126720E+01 0.226431227E+01
 0.228785610E+01 0.231200409E+01 0.233682537E+01 0.236258221E+01 0.238919401E+01
 0.241662884E+01 0.244491768E+01 0.247436285E+01 0.250498033E+01 0.253673983E+01
 0.256969428E+01 0.260409260E+01 0.264006424E+01 0.267773676E+01 0.271705151E+01
 0.275825357E+01 0.280160880E+01 0.284730935E+01 0.289549112E+01 0.294634295E+01
 0.300030804E+01 0.305753922E+01 0.311865950E+01 0.318388891E+01 0.325396729E+01
 0.332932591E+01 0.341087770E+01 0.349945164E+01 0.359639835E+01 0.370288801E+01
 0.382095051E+01 0.395342493E+01 0.410337830E+01 0.427700710E+01 0.448088551E+01
 0.472799683E+01 0.504402971E+01 0.547485161E+01 0.618751812E+01 0.976604271E+01
   89   86
 0.107826543E+01-0.500000007E-01 0.107889283E+01 0.500000007E-01 0.108168244E+01
 0.100000001E+00 0.109188938E+01 0.200000003E+00 0.110562503E+01 0.286572576E+00
 0.111740112E+01 0.349999994E+00 0.113218749E+01 0.420211136E+00 0.115011764E+01
 0.500000000E+00 0.116199684E+01 0.550000012E+00 0.118531251E+01 0.645192325E+00
 0.119922757E+01 0.699999988E+00 0.121225095E+01 0.750000000E+00 0.123843753E+01
 0.846041679E+00 0.125564146E+01 0.899999976E+00 0.127621603E+01 0.949999988E+00
 0.131526220E+01 0.999876857E+00 0.134468746E+01 0.101430607E+01 0.139781249E+01
 0.101514769E+01 0.145093751E+01 0.100311279E+01 0.147749996E+01 0.994800210E+00
 0.153062499E+01 0.975824058E+00 0.158375001E+01 0.950965643E+00 0.161031246E+01
 0.937983394E+00 0.166343749E+01 0.908236504E+00 0.169000006E+01 0.891606450E+00
 0.174312496E+01 0.855965674E+00 0.176968753E+01 0.836574018E+00 0.181553221E+01
 0.800000012E+00 0.184937501E+01 0.772303224E+00 0.187593746E+01 0.748209119E+00
 0.192675757E+01 0.699999988E+00 0.195562506E+01 0.671101928E+00 0.198218751E+01
 0.642159045E+00 0.201841021E+01 0.600000024E+00 0.205712700E+01 0.550000012E+00
 0.208843756E+01 0.505486488E+00 0.211500001E+01 0.463101625E+00 0.214156246E+01
 0.415906966E+00 0.216812491E+01 0.362996012E+00 0.219468760E+01 0.302954495E+00
 0.221486616E+01 0.250000000E+00 0.223153806E+01 0.200000003E+00 0.224781251E+01
 0.136902452E+00 0.226227474E+01 0.500000007E-01 0.226360559E+01-0.500000007E-01
 0.224947548E+01-0.150000006E+00 0.223713303E+01-0.200000003E+00 0.222125006E+01
-0.252809167E+00 0.219468760E+01-0.325535119E+00 0.216812491E+01-0.388331711E+00
 0.214156246E+01-0.443828225E+00 0.211500001E+01-0.493452191E+00 0.208843756E+01
-0.538228631E+00 0.206187510E+01-0.578993857E+00 0.203531241E+01-0.616388619E+00
 0.200787354E+01-0.651811779E+00 0.196758795E+01-0.699999988E+00 0.192906249E+01
-0.742842913E+00 0.190250003E+01-0.771032333E+00 0.187286997E+01-0.800192356E+00
 0.182301569E+01-0.847201228E+00 0.179624999E+01-0.871367812E+00 0.176110554E+01
-0.899999976E+00 0.171656251E+01-0.935723305E+00 0.169000006E+01-0.955093265E+00
 0.163687503E+01-0.990954161E+00 0.161031246E+01-0.100766826E+01 0.155718756E+01
-0.103793490E+01 0.153062499E+01-0.105145323E+01 0.147749996E+01-0.107712340E+01
 0.142437506E+01-0.109782457E+01 0.139781249E+01-0.110862708E+01 0.134468746E+01
-0.112657189E+01 0.129156256E+01-0.113955879E+01 0.122939849E+01-0.114769363E+01
 0.122355425E+01-0.104999995E+01 0.121585846E+01-0.949999988E+00 0.121017420E+01
-0.899999976E+00 0.119632673E+01-0.800000012E+00 0.118531251E+01-0.736048400E+00
 0.116943622E+01-0.649999976E+00 0.115875006E+01-0.595561624E+00 0.113968277E+01
-0.500000000E+00 0.112986898E+01-0.449999988E+00 0.111129451E+01-0.349999994E+00
 0.110288286E+01-0.300000012E+00 0.108899570E+01-0.200000003E+00 0.108042634E+01
-0.100000001E+00 0.107826543E+01-0.500000007E-01
 0.101600003E+01 0.000000000E+00 0.101600003E+01 0.963999987E+00 0.101600003E+01
 0.967999995E+00 0.101600003E+01 0.100100005E+01 0.101600003E+01 0.101900005E+01
 0.101600003E+01 0.107700002E+01 0.101600003E+01 0.107000005E+01 0.101600003E+01
 0.109599996E+01 0.101600003E+01 0.111300004E+01 0.101600003E+01 0.113800001E+01
 0.101600003E+01 0.114699996E+01 0.101199996E+01 0.116499996E+01 0.100100005E+01
 0.121700001E+01 0.102900004E+01 0.121700001E+01 0.104200006E+01 0.116240001E+01
 0.104600000E+01 0.116237998E+01 0.105599999E+01 0.116260004E+01 0.109700000E+01
 0.116450000E+01 0.110800004E+01 0.116594005E+01 0.111600006E+01 0.116591001E+01
 0.113399994E+01 0.116895998E+01 0.114800000E+01 0.117174995E+01 0.116199994E+01
 0.117556000E+01 0.118099999E+01 0.118299997E+01 0.118200004E+01 0.118350005E+01
 0.118499994E+01 0.118499994E+01 0.119000006E+01 0.118799996E+01 0.119500005E+01
 0.119099998E+01 0.120099998E+01 0.119599998E+01 0.120899999E+01 0.120200002E+01
 0.121500003E+01 0.120799994E+01 0.122200000E+01 0.121399999E+01 0.122800004E+01
 0.122099996E+01 0.123399997E+01 0.123099995E+01 0.123899996E+01 0.123800004E+01
 0.124199998E+01 0.124399996E+01 0.124800003E+01 0.125399995E+01 0.125800002E+01
 0.127800000E+01 0.126300001E+01 0.128999996E+01 0.127999997E+01 0.133099997E+01
 0.127999997E+01 0.134700000E+01 0.127999997E+01 0.134800005E+01 0.130999994E+01
 0.134800005E+01 0.132799995E+01 0.134800005E+01 0.136099994E+01 0.134800005E+01
 0.138000000E+01 0.134800005E+01 0.141900003E+01 0.134800005E+01 0.141900003E+01
 0.130999994E+01 0.137199998E+01 0.130999994E+01 0.137199998E+01 0.129200006E+01
 0.160800004E+01 0.109500003E+01 0.164699996E+01 0.107700002E+01 0.178499997E+01
 0.107700002E+01 0.206999993E+01 0.103999996E+01 0.212800002E+01 0.992999971E+00
 0.224499989E+01 0.708999991E+00 0.232299995E+01 0.518999994E+00 0.237700009E+01
 0.388999999E+00 0.236249995E+01 0.400000006E+00 0.236443496E+01 0.222000003E+00
 0.236496902E+01 0.133000001E+00 0.236532402E+01 0.439999998E-01 0.236512089E+01
-0.439999998E-01 0.236484194E+01-0.133000001E+00 0.236433411E+01-0.222000003E+00
 0.236249995E+01-0.400000006E+00 0.237700009E+01-0.388999999E+00 0.213400006E+01
-0.972999990E+00 0.178600001E+01-0.117400002E+01 0.176800001E+01-0.121099997E+01
 0.176800001E+01-0.125000000E+01 0.168200004E+01-0.125000000E+01 0.137199998E+01
-0.125000000E+01 0.137199998E+01-0.132900000E+01 0.141999996E+01-0.132900000E+01
 0.141999996E+01-0.136300004E+01 0.127300000E+01-0.136300004E+01 0.115300000E+01
-0.136300004E+01 0.101600003E+01-0.122300005E+01 0.101600003E+01-0.122300005E+01
 0.101600003E+01-0.829999983E+00 0.101600003E+01-0.800000012E+00 0.101600003E+01
-0.414999992E+00 0.101600003E+01-0.400000006E+00 0.101600003E+01-0.100000005E-02
 0.101600003E+01 0.000000000E+00
    0 0.169550002E+01    0
 0.000000000E+00 0.998723432E-01 0.141802251E+00 0.174179062E+00 0.201658368E+00
 0.224717885E+00 0.247008994E+00 0.267645538E+00 0.287007272E+00 0.305224836E+00
 0.322700143E+00 0.339319706E+00 0.355327368E+00 0.370823175E+00 0.385813326E+00
 0.400340438E+00 0.414532661E+00 0.428377390E+00 0.441884458E+00 0.455134690E+00
 0.468130291E+00 0.480919749E+00 0.493450403E+00 0.505820930E+00 0.518035889E+00
 0.530076742E+00 0.541948497E+00 0.553711534E+00 0.565358639E+00 0.576908469E+00
 0.588334560E+00 0.599665761E+00 0.610930085E+00 0.622144997E+00 0.633288205E+00
 0.644360125E+00 0.655398130E+00 0.666395843E+00 0.677386403E+00 0.688343525E+00
 0.699288726E+00 0.710227132E+00 0.721176505E+00 0.732142091E+00 0.743119955E+00
 0.754149079E+00 0.765206933E+00 0.776334405E+00 0.787512302E+00 0.798777938E+00
 0.810128272E+00 0.821594357E+00 0.833181262E+00 0.844924808E+00 0.856828332E+00
 0.868919611E+00 0.881253839E+00 0.893841863E+00 0.906774879E+00 0.920066118E+00
 0.933833241E+00 0.948259354E+00 0.963482678E+00 0.980110586E+00 0.100000000E+01
    0
