  EFITD    06/25/2013    #1553383000.0ms  EFIT01   0  65  65
 0.170000005E+01 0.320000005E+01 0.169550002E+01 0.839999974E+00 0.000000000E+00
 0.180570722E+01-0.314872041E-01-0.169591680E+00 0.891199335E-02 0.165964508E+01
 0.102259975E+07-0.169591680E+00 0.000000000E+00 0.180570722E+01 0.000000000E+00
-0.314872041E-01 0.000000000E+00 0.891199335E-02 0.000000000E+00 0.000000000E+00
 0.277434778E+01 0.277678585E+01 0.277912021E+01 0.278135276E+01 0.278348637E+01
 0.278552294E+01 0.278746557E+01 0.278931570E+01 0.279107571E+01 0.279274893E+01
 0.279433632E+01 0.279584122E+01 0.279726553E+01 0.279861093E+01 0.279988050E+01
 0.280107594E+01 0.280219984E+01 0.280325389E+01 0.280424070E+01 0.280516243E+01
 0.280602121E+01 0.280681920E+01 0.280755854E+01 0.280824137E+01 0.280887008E+01
 0.280944633E+01 0.280997300E+01 0.281045151E+01 0.281088448E+01 0.281127381E+01
 0.281162167E+01 0.281193042E+01 0.281220174E+01 0.281243801E+01 0.281264162E+01
 0.281281424E+01 0.281295824E+01 0.281307554E+01 0.281316829E+01 0.281323910E+01
 0.281328917E+01 0.281332159E+01 0.281333780E+01 0.281334019E+01 0.281333065E+01
 0.281331158E+01 0.281328511E+01 0.281325293E+01 0.281321788E+01 0.281318140E+01
 0.281314564E+01 0.281311321E+01 0.281308579E+01 0.281306577E+01 0.281305504E+01
 0.281305552E+01 0.281307006E+01 0.281310010E+01 0.281314802E+01 0.281321573E+01
 0.281330585E+01 0.281341982E+01 0.281356025E+01 0.281372905E+01 0.281392837E+01
 0.938594844E+05 0.911355312E+05 0.884515000E+05 0.858073828E+05 0.832031875E+05
 0.806388984E+05 0.781145312E+05 0.756300859E+05 0.731855547E+05 0.707809375E+05
 0.684162500E+05 0.660914609E+05 0.638066016E+05 0.615616562E+05 0.593566328E+05
 0.571915234E+05 0.550663320E+05 0.529810586E+05 0.509356992E+05 0.489302617E+05
 0.469647383E+05 0.450391328E+05 0.431534453E+05 0.413076797E+05 0.395018242E+05
 0.377358906E+05 0.360098750E+05 0.343237734E+05 0.326775898E+05 0.310713242E+05
 0.295049746E+05 0.279785449E+05 0.264920312E+05 0.250454355E+05 0.236387578E+05
 0.222719961E+05 0.209451523E+05 0.196582266E+05 0.184112188E+05 0.172041270E+05
 0.160369521E+05 0.149096953E+05 0.138223564E+05 0.127749355E+05 0.117674297E+05
 0.107998438E+05 0.987217383E+04 0.898442188E+04 0.813658691E+04 0.732866992E+04
 0.656066992E+04 0.583258789E+04 0.514442285E+04 0.449617480E+04 0.388784473E+04
 0.331943213E+04 0.279093652E+04 0.230235840E+04 0.185369800E+04 0.144495483E+04
 0.107612903E+04 0.747220642E+03 0.458229675E+03 0.209156128E+03 0.000000000E+00
 0.247865415E+01 0.237608528E+01 0.227565074E+01 0.217735052E+01 0.208118439E+01
 0.198715281E+01 0.189525545E+01 0.180549240E+01 0.171786380E+01 0.163236928E+01
 0.154900920E+01 0.146778345E+01 0.138869190E+01 0.131173468E+01 0.123691177E+01
 0.116422319E+01 0.109366906E+01 0.102524912E+01 0.958963513E+00 0.894812226E+00
 0.832795203E+00 0.772912502E+00 0.715164125E+00 0.659550071E+00 0.606070280E+00
 0.554724813E+00 0.505513668E+00 0.458436847E+00 0.413494319E+00 0.370686114E+00
 0.330012202E+00 0.291472614E+00 0.255067319E+00 0.220796362E+00 0.188659698E+00
 0.158657342E+00 0.130789310E+00 0.105055571E+00 0.814561546E-01 0.599910431E-01
 0.406602472E-01 0.234637558E-01 0.840157270E-02-0.452629104E-02-0.153198503E-01
-0.239790976E-01-0.305040367E-01-0.348946638E-01-0.371509790E-01-0.372729897E-01
-0.352606885E-01-0.311140753E-01-0.248331539E-01-0.164179206E-01-0.586837903E-02
 0.681547634E-02 0.216336418E-01 0.385861173E-01 0.576728992E-01 0.788939893E-01
 0.102249399E+00 0.127739102E+00 0.155363142E+00 0.185121477E+00 0.217014119E+00
-0.983906250E+06-0.969589938E+06-0.955273625E+06-0.940957375E+06-0.926641000E+06
-0.912324750E+06-0.898008375E+06-0.883692125E+06-0.869375812E+06-0.855059500E+06
-0.840743188E+06-0.826426875E+06-0.812110625E+06-0.797794250E+06-0.783478000E+06
-0.769161688E+06-0.754845375E+06-0.740529062E+06-0.726212750E+06-0.711896500E+06
-0.697580125E+06-0.683263875E+06-0.668947500E+06-0.654631250E+06-0.640314938E+06
-0.625998625E+06-0.611682312E+06-0.597366000E+06-0.583049750E+06-0.568733375E+06
-0.554417125E+06-0.540100812E+06-0.525784500E+06-0.511468188E+06-0.497151875E+06
-0.482835562E+06-0.468519250E+06-0.454202969E+06-0.439886656E+06-0.425570375E+06
-0.411254062E+06-0.396937750E+06-0.382621438E+06-0.368305125E+06-0.353988812E+06
-0.339672531E+06-0.325356219E+06-0.311039938E+06-0.296723625E+06-0.282407312E+06
-0.268091000E+06-0.253774719E+06-0.239458406E+06-0.225142094E+06-0.210825781E+06
-0.196509484E+06-0.182193188E+06-0.167876875E+06-0.153560562E+06-0.139244266E+06
-0.124927961E+06-0.110611656E+06-0.962953516E+05-0.819790469E+05-0.676627422E+05
 4.353120178e-02 4.197445139e-02 4.044728726e-02 3.888410330e-02 3.721417114e-02
 3.534764051e-02 3.315720335e-02 3.046312556e-02 2.639212273e-02 1.993946917e-02
 1.217617281e-02 2.862332389e-03-6.583955139e-03-1.315100491e-02-1.749312505e-02
-1.988923177e-02-2.040989138e-02-1.899930090e-02-1.543687005e-02-9.232287295e-03
 5.749427364e-04 1.090012304e-02 1.939646155e-02 2.686767280e-02 3.376327083e-02
 4.035999626e-02 4.685576260e-02 5.341839045e-02 6.021937728e-02 6.744028628e-02
 7.419769466e-02 8.021165431e-02 8.558887243e-02 9.027744830e-02 9.424345195e-02
 9.738192707e-02 1.000442430e-01 1.031774506e-01 1.066447049e-01 1.103664637e-01
 1.142981499e-01 1.184136197e-01 1.226941347e-01 1.271221042e-01 1.316780150e-01
 1.363396496e-01 1.410818398e-01 1.458766758e-01 1.506936848e-01 1.555000991e-01
 1.602612138e-01 1.649409235e-01 1.695024222e-01 1.739090979e-01 1.781256199e-01
 1.821190119e-01 1.858599633e-01 1.893238127e-01 1.924914271e-01 1.953498870e-01
 1.978926957e-01 2.001196742e-01 2.020365000e-01 2.036540508e-01 2.049874067e-01
 3.995478153e-02 3.838143498e-02 3.705731034e-02 3.597107530e-02 3.506526351e-02
 3.421249986e-02 3.280972689e-02 3.000481054e-02 2.552214637e-02 1.917289570e-02
 1.225243323e-02 5.105779972e-03-1.582260476e-03-6.731688976e-03-1.024947688e-02
-1.217057556e-02-1.249447837e-02-1.116463356e-02-8.067030460e-03-3.050670493e-03
 3.892192384e-03 1.153453067e-02 1.876477897e-02 2.558022924e-02 3.211658821e-02
 3.851243854e-02 4.489756376e-02 5.140182376e-02 5.817344785e-02 6.537351757e-02
 7.215292752e-02 7.822327316e-02 8.368188143e-02 8.851356804e-02 9.267778695e-02
 9.606534243e-02 9.906047583e-02 1.025635898e-01 1.064470559e-01 1.106296033e-01
 1.150616333e-01 1.197103262e-01 1.245510131e-01 1.295620501e-01 1.347216070e-01
 1.400058866e-01 1.453879774e-01 1.508373320e-01 1.563194394e-01 1.617958248e-01
 1.672242731e-01 1.725594103e-01 1.777536720e-01 1.827586293e-01 1.875266433e-01
 1.920128763e-01 1.961772889e-01 1.999865621e-01 2.034156770e-01 2.064490467e-01
 2.090808451e-01 2.113147974e-01 2.131631970e-01 2.146456391e-01 2.157872021e-01
 3.532002866e-02 3.372889385e-02 3.264913335e-02 3.218616173e-02 3.233125433e-02
 3.171776235e-02 2.996423468e-02 2.694806270e-02 2.257809788e-02 1.779652573e-02
 1.309309341e-02 8.655742742e-03 4.716137424e-03 1.536179567e-03-6.867853226e-04
-1.834900118e-03-1.839565462e-03-6.623252993e-04 1.700420165e-03 5.185986869e-03
 9.615547955e-03 1.469114982e-02 2.011287212e-02 2.569354139e-02 3.135747835e-02
 3.709502146e-02 4.292847961e-02 4.889217019e-02 5.501517281e-02 6.126057357e-02
 6.734987348e-02 7.309983671e-02 7.848378271e-02 8.349378407e-02 8.812524378e-02
 9.240107238e-02 9.654515982e-02 1.008693501e-01 1.054362431e-01 1.102472544e-01
 1.152933761e-01 1.205627173e-01 1.260418296e-01 1.317152977e-01 1.375648230e-01
 1.435682923e-01 1.496988535e-01 1.559241414e-01 1.622056365e-01 1.684981585e-01
 1.747499555e-01 1.809030175e-01 1.868942380e-01 1.926572621e-01 1.981252432e-01
 2.032340914e-01 2.079262137e-01 2.121541351e-01 2.158833742e-01 2.190945745e-01
 2.217840254e-01 2.239631116e-01 2.256562114e-01 2.268981040e-01 2.277306616e-01
 2.896097302e-02 2.712117881e-02 2.605966479e-02 2.583026513e-02 2.619830519e-02
 2.556009218e-02 2.362969518e-02 2.107269689e-02 1.834262349e-02 1.552899554e-02
 1.275214646e-02 1.015187241e-02 7.877605967e-03 6.075810175e-03 4.874275997e-03
 4.371482879e-03 4.633273929e-03 5.691925064e-03 7.543225307e-03 1.014179084e-02
 1.340041682e-02 1.720173471e-02 2.142276615e-02 2.595951222e-02 3.073831834e-02
 3.571341187e-02 4.085710645e-02 4.614732414e-02 5.155355483e-02 5.702425912e-02
 6.248910353e-02 6.788337231e-02 7.316784561e-02 7.833077013e-02 8.338721097e-02
 8.838335425e-02 9.339608252e-02 9.851050377e-02 1.037914902e-01 1.092775762e-01
 1.149885207e-01 1.209323779e-01 1.271094978e-01 1.335141361e-01 1.401349604e-01
 1.469546407e-01 1.539490670e-01 1.610862315e-01 1.683249772e-01 1.756137013e-01
 1.828895509e-01 1.900779158e-01 1.970933974e-01 2.038420439e-01 2.102256119e-01
 2.161473632e-01 2.215192318e-01 2.262688279e-01 2.303454578e-01 2.337241918e-01
 2.364068031e-01 2.384200990e-01 2.398115695e-01 2.406434417e-01 2.409862280e-01
 1.995160803e-02 1.746215299e-02 1.641787589e-02 1.650967076e-02 1.700721681e-02
 1.680355892e-02 1.622298732e-02 1.532724500e-02 1.419074647e-02 1.290215552e-02
 1.156221796e-02 1.027932204e-02 9.163714945e-03 8.320917375e-03 7.845168933e-03
 7.813948207e-03 8.284180425e-03 9.289914742e-03 1.084118523e-02 1.292437129e-02
 1.550500840e-02 1.853374764e-02 2.195461094e-02 2.571309730e-02 2.976156771e-02
 3.406081349e-02 3.857837617e-02 4.328508303e-02 4.815141857e-02 5.314579606e-02
 5.823636055e-02 6.339587271e-02 6.860707700e-02 7.386616617e-02 7.918417454e-02
 8.458622545e-02 9.010810405e-02 9.578993917e-02 1.016694456e-01 1.077775508e-01
 1.141372547e-01 1.207640767e-01 1.276670396e-01 1.348491013e-01 1.423072517e-01
 1.500318050e-01 1.580051482e-01 1.661999971e-01 1.745768785e-01 1.830812693e-01
 1.916404366e-01 2.001606822e-01 2.085260451e-01 2.165999413e-01 2.242309749e-01
 2.312637269e-01 2.375532985e-01 2.429804653e-01 2.474647015e-01 2.509723306e-01
 2.535186708e-01 2.551634014e-01 2.560003996e-01 2.561439872e-01 2.557152510e-01
 5.995612592e-03 1.289220178e-03 2.690049820e-03 5.455237813e-03 7.497827057e-03
 8.953141049e-03 9.877972305e-03 1.035559643e-02 1.047930401e-02 1.034601592e-02
 1.005407050e-02 9.701231495e-03 9.382111020e-03 9.185184725e-03 9.189767763e-03
 9.463334456e-03 1.005945355e-02 1.101651974e-02 1.235737838e-02 1.409002952e-02
 1.620946452e-02 1.870057732e-02 2.154169977e-02 2.470808104e-02 2.817461267e-02
 3.191743419e-02 3.591439873e-02 4.014486074e-02 4.458936304e-02 4.922974855e-02
 5.405017361e-02 5.903870985e-02 6.418920308e-02 6.950263679e-02 7.498765737e-02
 8.066010475e-02 8.654144406e-02 9.265643358e-02 9.903068841e-02 1.056886017e-01
 1.126520634e-01 1.199397743e-01 1.275669932e-01 1.355452240e-01 1.438816935e-01
 1.525784135e-01 1.616305113e-01 1.710236520e-01 1.807302237e-01 1.907038689e-01
 2.008724362e-01 2.111289203e-01 2.213226408e-01 2.312537730e-01 2.406776547e-01
 2.493250370e-01 2.569361627e-01 2.632975578e-01 2.682698965e-01 2.718049288e-01
 2.739501595e-01 2.748399377e-01 2.746688724e-01 2.736561596e-01 2.720136046e-01
-4.709506873e-03-1.072100457e-02-8.231256157e-03-3.375111148e-03 3.295182833e-04
 3.120927839e-03 5.184750073e-03 6.661953405e-03 7.672589738e-03 8.325800300e-03
 8.723508567e-03 8.961468935e-03 9.128838778e-03 9.307221510e-03 9.569654241e-03
 9.979773313e-03 1.059107576e-02 1.144642662e-02 1.257800777e-02 1.400779001e-02
 1.574855484e-02 1.780538261e-02 2.017737553e-02 2.285935357e-02 2.584341541e-02
 2.912018448e-02 3.267970681e-02 3.651210293e-02 4.060804844e-02 4.495936632e-02
 4.955975711e-02 5.440560728e-02 5.949684232e-02 6.483753026e-02 7.043614239e-02
 7.630541921e-02 8.246177435e-02 8.892443776e-02 9.571453184e-02 1.028541178e-01
 1.103656143e-01 1.182713360e-01 1.265932173e-01 1.353526115e-01 1.445700526e-01
 1.542644352e-01 1.644520015e-01 1.751440018e-01 1.863427609e-01 1.980350167e-01
 2.101806402e-01 2.226942480e-01 2.354169786e-01 2.480792403e-01 2.602698803e-01
 2.714634240e-01 2.811383605e-01 2.888901830e-01 2.944689989e-01 2.977918983e-01
 2.989681959e-01 2.983127832e-01 2.962751389e-01 2.933038473e-01 2.897655070e-01
-9.684963152e-03-1.616802439e-02-1.319768466e-02-7.776754908e-03-3.412352409e-03
 3.674952313e-05 2.702645026e-03 4.713607952e-03 6.189547013e-03 7.241230458e-03
 7.970687002e-03 8.472768590e-03 8.833862841e-03 9.131530300e-03 9.434627369e-03
 9.804690257e-03 1.029593684e-02 1.095499285e-02 1.182078756e-02 1.292472612e-02
 1.429124549e-02 1.593867689e-02 1.788024046e-02 2.012445778e-02 2.267611958e-02
 2.553731948e-02 2.870838717e-02 3.218869120e-02 3.597726673e-02 4.007345065e-02
 4.447746277e-02 4.919106886e-02 5.421809480e-02 5.956489593e-02 6.524061412e-02
 7.125729322e-02 7.762978226e-02 8.437557518e-02 9.151455760e-02 9.906888753e-02
 1.070628613e-01 1.155230850e-01 1.244786680e-01 1.339616776e-01 1.440076530e-01
 1.546562314e-01 1.659515798e-01 1.779427528e-01 1.906831264e-01 2.042281479e-01
 2.186292112e-01 2.339179814e-01 2.500684261e-01 2.669071555e-01 2.839127481e-01
 2.996188402e-01 3.127263784e-01 3.226695955e-01 3.290901780e-01 3.317747712e-01
 3.307009637e-01 3.265731335e-01 3.209503591e-01 3.146939874e-01 3.083116710e-01
-9.631274268e-03-1.618346944e-02-1.340953540e-02-7.967449725e-03-3.527512308e-03
 3.272725735e-06 2.738598501e-03 4.799211863e-03 6.302632391e-03 7.357329130e-03
 8.058242500e-03 8.502598852e-03 8.774075657e-03 8.944707923e-03 9.073353373e-03
 9.218670428e-03 9.435790591e-03 9.774781764e-03 1.027991995e-02 1.098942570e-02
 1.193567552e-02 1.314615831e-02 1.464630291e-02 1.645451039e-02 1.858442649e-02
 2.104621939e-02 2.384765260e-02 2.699517086e-02 3.049408644e-02 3.434906900e-02
 3.856474161e-02 4.314630479e-02 4.810003191e-02 5.343370885e-02 5.915700644e-02
 6.528173387e-02 7.182209194e-02 7.879482210e-02 8.621943742e-02 9.411846846e-02
 1.025178879e-01 1.114476919e-01 1.209427714e-01 1.310440302e-01 1.417999566e-01
 1.532689184e-01 1.655218601e-01 1.786464155e-01 1.927525699e-01 2.079807073e-01
 2.245142162e-01 2.425999045e-01 2.625867128e-01 2.850195169e-01 3.103618026e-01
 3.332655430e-01 3.513533771e-01 3.644944131e-01 3.724083304e-01 3.744499087e-01
 3.704143763e-01 3.593736291e-01 3.471875787e-01 3.359882832e-01 3.258807063e-01
-5.240668077e-03-1.168600470e-02-9.196054190e-03-4.061175510e-03-6.611197023e-06
 3.087223740e-03 5.374757573e-03 7.001541555e-03 8.098341525e-03 8.782971650e-03
 9.084716439e-03 9.157560766e-03 9.073905647e-03 8.904205635e-03 8.650513366e-03
 8.380016312e-03 8.153693751e-03 8.027045988e-03 8.049998432e-03 8.266309276e-03
 8.712321520e-03 9.414356202e-03 1.042718440e-02 1.177061908e-02 1.346229948e-02
 1.551650465e-02 1.794447750e-02 2.075902373e-02 2.397000976e-02 2.758527175e-02
 3.161168844e-02 3.605613485e-02 4.092586786e-02 4.622894153e-02 5.197468400e-02
 5.817410350e-02 6.484024227e-02 7.198859751e-02 7.963749766e-02 8.780868351e-02
 9.652789682e-02 1.058258414e-01 1.157393456e-01 1.263129562e-01 1.376011968e-01
 1.496715844e-01 1.626088619e-01 1.765212268e-01 1.915492713e-01 2.078796029e-01
 2.257663906e-01 2.455659211e-01 2.677935958e-01 2.932073474e-01 3.228518367e-01
 3.532385826e-01 3.768228292e-01 3.935004473e-01 4.034126103e-01 4.064496756e-01
 4.016247988e-01 3.883772194e-01 3.691373169e-01 3.528750539e-01 3.392574191e-01
 3.615227994e-03-2.673199866e-03-7.998461660e-05 4.274992272e-03 7.265862543e-03
 9.257266298e-03 1.050062478e-02 1.117376890e-02 1.140611432e-02 1.129592955e-02
 1.091873832e-02 1.035014167e-02 9.654188529e-03 8.888757788e-03 8.039604872e-03
 7.168757729e-03 6.336511113e-03 5.600321107e-03 5.014141556e-03 4.627979361e-03
 4.487713799e-03 4.635510966e-03 5.111860111e-03 5.949491635e-03 7.173999213e-03
 8.802458644e-03 1.083317958e-02 1.330129988e-02 1.621785387e-02 1.958995685e-02
 2.342334762e-02 2.772526816e-02 3.250250965e-02 3.776178882e-02 4.351079464e-02
 4.975850135e-02 5.651565641e-02 6.379516423e-02 7.161258161e-02 7.998667657e-02
 8.894016594e-02 9.850056469e-02 1.087014377e-01 1.195838302e-01 1.311983913e-01
 1.436080337e-01 1.568916142e-01 1.711491346e-01 1.865086257e-01 2.031359673e-01
 2.212481797e-01 2.411310077e-01 2.631596923e-01 2.878188193e-01 3.157152236e-01
 3.473896980e-01 3.743379712e-01 3.936812878e-01 4.056834877e-01 4.104290605e-01
 4.081085026e-01 3.977228701e-01 3.790821433e-01 3.600067496e-01 3.447348475e-01
 2.021685615e-02 1.512568817e-02 1.588508114e-02 1.759622991e-02 1.816339791e-02
 1.811878197e-02 1.766379178e-02 1.690245420e-02 1.590165496e-02 1.471156627e-02
 1.337418333e-02 1.192843542e-02 1.041064225e-02 8.854957297e-03 7.247334346e-03
 5.626813509e-03 4.053302109e-03 2.584977541e-03 1.277814037e-03 1.851577254e-04
-6.425897591e-04-1.158197410e-03-1.317895250e-03-1.082402654e-03-4.174563510e-04
 7.057729526e-04 2.310605720e-03 4.418073688e-03 7.039540913e-03 1.017224789e-02
 1.381060295e-02 1.796920970e-02 2.265304327e-02 2.786388621e-02 3.360670805e-02
 3.988692537e-02 4.671163112e-02 5.408969522e-02 6.203203648e-02 7.055220008e-02
 7.966690511e-02 8.939674497e-02 9.976702183e-02 1.108087301e-01 1.225597411e-01
 1.350663602e-01 1.483850181e-01 1.625844836e-01 1.777482927e-01 1.939770579e-01
 2.113904506e-01 2.301276773e-01 2.503449321e-01 2.722101808e-01 2.959021032e-01
 3.216679692e-01 3.479881883e-01 3.669183254e-01 3.794270754e-01 3.860258460e-01
 3.864905238e-01 3.813105226e-01 3.696637154e-01 3.530843258e-01 3.397826552e-01
 4.414119199e-02 4.224115610e-02 3.790987283e-02 3.398098797e-02 3.095657751e-02
 2.830313519e-02 2.580819279e-02 2.337485552e-02 2.095602080e-02 1.852973551e-02
 1.608838700e-02 1.363337040e-02 1.117180474e-02 8.714370430e-03 6.229555234e-03
 3.752535675e-03 1.340922900e-03-9.480138542e-04-3.058054950e-03-4.934625700e-03
-6.525267847e-03-7.780014537e-03-8.651739918e-03-9.096551687e-03-9.074126370e-03
-8.548012935e-03-7.485932671e-03-5.860161502e-03-3.649027087e-03-8.380670915e-04
 2.580046188e-03 6.603978574e-03 1.121368725e-02 1.638351381e-02 2.212546021e-02
 2.843724191e-02 3.532205150e-02 4.278374836e-02 5.082695186e-02 5.945804343e-02
 6.868553162e-02 7.852043211e-02 8.897657692e-02 1.000708938e-01 1.118236482e-01
 1.242584884e-01 1.374022663e-01 1.512843966e-01 1.659351289e-01 1.813824773e-01
 1.976459324e-01 2.147256732e-01 2.325829118e-01 2.511042356e-01 2.700313330e-01
 2.888081670e-01 3.063124120e-01 3.210666478e-01 3.321868479e-01 3.393935561e-01
 3.426751196e-01 3.422140479e-01 3.384987414e-01 3.325994313e-01 3.260234296e-01
 6.090158597e-02 5.993073434e-02 5.408327281e-02 4.781092703e-02 4.248533398e-02
 3.780786693e-02 3.356294334e-02 2.960496210e-02 2.583808452e-02 2.219962329e-02
 1.864903420e-02 1.516093314e-02 1.172062661e-02 8.321397007e-03 4.902800545e-03
 1.516674645e-03-1.782098319e-03-4.937546328e-03-7.893881761e-03-1.059635822e-02
-1.299183350e-02-1.502915099e-02-1.665939577e-02-1.783609763e-02-1.851539314e-02
-1.865624078e-02-1.822068915e-02-1.717434824e-02-1.548711583e-02-1.313411258e-02
-1.009676605e-02-6.364421919e-03-1.936542918e-03 3.176732454e-03 8.952324279e-03
 1.531004161e-02 2.226636186e-02 2.981996536e-02 3.796561062e-02 4.670140892e-02
 5.602645129e-02 6.594111025e-02 7.644684613e-02 8.754585683e-02 9.924046695e-02
 1.115321964e-01 1.244203746e-01 1.378999352e-01 1.519579589e-01 1.665685773e-01
 1.816851944e-01 1.972288489e-01 2.130715400e-01 2.290131450e-01 2.447529882e-01
 2.598675489e-01 2.738263905e-01 2.860809565e-01 2.961909175e-01 3.038988709e-01
 3.091401458e-01 3.120357394e-01 3.128888607e-01 3.121573925e-01 3.103605211e-01
 7.160955667e-02 7.085345685e-02 6.492702663e-02 5.781743675e-02 5.136241019e-02
 4.545761645e-02 3.998784721e-02 3.485143930e-02 2.996561863e-02 2.526586875e-02
 2.070322260e-02 1.624119654e-02 1.185309514e-02 7.519845385e-03 3.180002095e-03
-1.111315796e-03-5.297573283e-03-9.321972728e-03-1.312836073e-02-1.666187122e-02
-1.986932196e-02-2.269943058e-02-2.510291338e-02-2.703247592e-02-2.844280005e-02
-2.929057181e-02-2.953455970e-02-2.913590521e-02-2.805857360e-02-2.627008408e-02
-2.374256030e-02-2.045413665e-02-1.639083028e-02-1.154875197e-02-5.937215872e-03
 4.170436296e-04 7.475635968e-03 1.516485400e-02 2.344383299e-02 3.231088817e-02
 4.175473750e-02 5.176570639e-02 6.233428419e-02 7.344990969e-02 8.509995043e-02
 9.726847708e-02 1.099344715e-01 1.230694503e-01 1.366342306e-01 1.505745649e-01
 1.648155898e-01 1.792548746e-01 1.937547028e-01 2.081347406e-01 2.221682668e-01
 2.355869412e-01 2.480990291e-01 2.594220936e-01 2.693210542e-01 2.776392698e-01
 2.843158245e-01 2.893885970e-01 2.929854989e-01 2.953019142e-01 2.965664566e-01
 7.916592062e-02 7.850211114e-02 7.229104638e-02 6.475114077e-02 5.768753588e-02
 5.104724318e-02 4.476671293e-02 3.878106922e-02 3.303030133e-02 2.746197209e-02
 2.203180268e-02 1.670308411e-02 1.144564338e-02 6.234854925e-03 1.021996373e-03
-4.132804461e-03-9.169599041e-03-1.402953640e-02-1.865547895e-02-2.299236134e-02
-2.698734403e-02-3.058979288e-02-3.375114501e-02-3.642468899e-02-3.856533021e-02
-4.012937099e-02-4.107440263e-02-4.135930166e-02-4.094447941e-02-3.979232162e-02
-3.786798567e-02-3.514055163e-02-3.158463165e-02-2.718235180e-02-2.192594111e-02
-1.582058147e-02-8.887243457e-03-1.167566050e-03 7.274478674e-03 1.633535139e-02
 2.595363744e-02 3.611456603e-02 4.680203646e-02 5.799605325e-02 6.967338175e-02
 8.180639148e-02 9.436169267e-02 1.072983295e-01 1.205654293e-01 1.340994835e-01
 1.478212476e-01 1.616326571e-01 1.754143536e-01 1.890245974e-01 2.023010999e-01
 2.150667310e-01 2.271399498e-01 2.383489311e-01 2.485468686e-01 2.576252222e-01
 2.655223608e-01 2.722259164e-01 2.777694464e-01 2.822228670e-01 2.856800556e-01
 8.411620557e-02 8.344110101e-02 7.700181007e-02 6.922551990e-02 6.182310358e-02
 5.474305898e-02 4.793640226e-02 4.135587811e-02 3.495779634e-02 2.870256454e-02
 2.255462110e-02 1.648202911e-02 1.045556180e-02 4.446877167e-03-1.566564431e-03
-7.517466787e-03-1.334137935e-02-1.897682995e-02-2.436547913e-02-2.945214510e-02
-3.418467939e-02-3.851369768e-02-4.239220172e-02-4.577512294e-02-4.861888289e-02
-5.088090897e-02-5.251931399e-02-5.349266157e-02-5.375989527e-02-5.328054354e-02
-5.201522261e-02-4.992643371e-02-4.697986692e-02-4.314605892e-02-3.840268403e-02
-3.273724020e-02-2.615036815e-02-1.865974255e-02-1.030416228e-02-1.148183248e-03
 8.716842160e-03 1.910320111e-02 2.999721095e-02 4.136688262e-02 5.318228155e-02
 6.540870667e-02 7.800655812e-02 9.093029052e-02 1.041268706e-01 1.175342500e-01
 1.310798228e-01 1.446792930e-01 1.582362056e-01 1.716423482e-01 1.847798228e-01
 1.975246072e-01 2.097517401e-01 2.213416994e-01 2.321867496e-01 2.421965003e-01
 2.513017058e-01 2.594555914e-01 2.666335702e-01 2.728307843e-01 2.780591846e-01
 8.651308715e-02 8.567719162e-02 7.940362394e-02 7.160750031e-02 6.409882009e-02
 5.680657178e-02 4.968392104e-02 4.269839823e-02 3.582250327e-02 2.903052419e-02
 2.229790203e-02 1.560137421e-02 8.919526823e-03 2.190362895e-03-4.542175215e-03
-1.120763086e-02-1.773871854e-02-2.407208271e-02-3.014858812e-02-3.591328114e-02
-4.131508991e-02-4.630637914e-02-5.084232986e-02-5.488030612e-02-5.837915093e-02
-6.129856035e-02-6.359847635e-02-6.523863971e-02-6.617827713e-02-6.637606025e-02
-6.579025090e-02-6.437921524e-02-6.210235506e-02-5.892145634e-02-5.480255187e-02
-4.971840978e-02-4.365162551e-02-3.659841418e-02-2.857305668e-02-1.961306483e-02
-9.784873575e-03 8.088682080e-04 1.203840878e-02 2.370329574e-02 3.579114005e-02
 4.826039821e-02 6.106898934e-02 7.417193800e-02 8.751958609e-02 1.010565385e-01
 1.147210300e-01 1.284445375e-01 1.421517730e-01 1.557612419e-01 1.691862941e-01
 1.823367774e-01 1.951209903e-01 2.074478418e-01 2.192286253e-01 2.303781211e-01
 2.408151627e-01 2.504625320e-01 2.592473030e-01 2.671021521e-01 2.739687562e-01
 8.671002090e-02 8.544833213e-02 7.952098548e-02 7.224681973e-02 6.491933763e-02
 5.759043992e-02 5.028884113e-02 4.302106053e-02 3.578241542e-02 2.856202051e-02
 2.134543099e-02 1.411635429e-02 6.857892033e-03-4.887563991e-04-7.843377069e-03
-1.512994245e-02-2.227751724e-02-2.922069095e-02-3.589963168e-02-4.225982726e-02
-4.825156927e-02-5.382931232e-02-5.895083770e-02-6.357643008e-02-6.766800582e-02
-7.118822634e-02-7.409980893e-02-7.636474818e-02-7.794391364e-02-7.879664004e-02
-7.888068259e-02-7.815240324e-02-7.656735182e-02-7.408121228e-02-7.065130770e-02
-6.623864174e-02-6.081062555e-02-5.434446409e-02-4.683138430e-02-3.828155622e-02
-2.872963995e-02-1.824071817e-02-6.915711798e-03 5.100464448e-03 1.761845313e-02
 3.048790246e-02 4.367253929e-02 5.713445693e-02 7.083092630e-02 8.471557498e-02
 9.873877466e-02 1.128476560e-01 1.269862652e-01 1.410957575e-01 1.551146805e-01
 1.689792275e-01 1.826231033e-01 1.959770322e-01 2.089671791e-01 2.215125263e-01
 2.335211635e-01 2.448861897e-01 2.554828227e-01 2.651699185e-01 2.737990618e-01
 8.685970306e-02 8.535507321e-02 7.949000597e-02 7.228521258e-02 6.495925039e-02
 5.754435807e-02 5.007532239e-02 4.256871343e-02 3.502826393e-02 2.744953334e-02
 1.982273906e-02 1.213443931e-02 4.368642345e-03-3.499492072e-03-1.138128992e-02
-1.919514313e-02-2.686670423e-02-3.432885557e-02-4.152143002e-02-4.839067906e-02
-5.488855764e-02-6.097186357e-02-6.660126150e-02-7.174024731e-02-7.635411620e-02
-8.040899783e-02-8.387085795e-02-8.670471609e-02-8.887395263e-02-9.033970535e-02
-9.106063098e-02-9.099279344e-02-9.008987993e-02-8.830386400e-02-8.558601141e-02
-8.188851178e-02-7.716665417e-02-7.138180733e-02-6.450504065e-02-5.652173981e-02
-4.743682966e-02-3.728080541e-02-2.611611784e-02-1.404373627e-02-1.208491041e-03
 1.219688542e-02 2.589719743e-02 3.987302631e-02 5.408414081e-02 6.849202514e-02
 8.305883408e-02 9.774693102e-02 1.125188023e-01 1.273370534e-01 1.421642900e-01
 1.569627821e-01 1.716933697e-01 1.863134801e-01 2.007733285e-01 2.150097340e-01
 2.289364785e-01 2.424305379e-01 2.553149462e-01 2.673444152e-01 2.782118320e-01
 8.721669018e-02 8.562396467e-02 7.956948131e-02 7.208691537e-02 6.454654783e-02
 5.694302171e-02 4.927358776e-02 4.153669998e-02 3.372840211e-02 2.584137395e-02
 1.786487177e-02 9.784532711e-03 1.581040677e-03-6.729497574e-03-1.505393256e-02
-2.330780774e-02-3.141520172e-02-3.930851072e-02-4.692804068e-02-5.422135815e-02
-6.114243716e-02-6.765064597e-02-7.370966673e-02-7.928634435e-02-8.434950560e-02
-8.886885643e-02-9.281393886e-02-9.615314007e-02-9.885285050e-02-1.008768082e-01
-1.021855325e-01-1.027360111e-01-1.024817079e-01-1.013727784e-01-9.935677052e-02
-9.637975693e-02-9.238804132e-02-8.733049035e-02-8.116172999e-02-7.384611666e-02
-6.536263227e-02-5.571076274e-02-4.491709918e-02-3.304271400e-02-2.019083686e-02
-6.514617242e-03 7.775087841e-03 2.241091803e-02 3.727491945e-02 5.234037340e-02
 6.758274138e-02 8.298000693e-02 9.851303697e-02 1.141660064e-01 1.299266517e-01
 1.457863301e-01 1.617395580e-01 1.777825058e-01 1.939098835e-01 2.101085484e-01
 2.263457924e-01 2.425470948e-01 2.585544288e-01 2.740418911e-01 2.883550525e-01
 8.710542321e-02 8.541497588e-02 7.899264991e-02 7.132955641e-02 6.361603737e-02
 5.583703518e-02 4.798222333e-02 4.004113004e-02 3.200300783e-02 2.385663055e-02
 1.559051313e-02 7.193803787e-03-1.392826205e-03-1.007597893e-02-1.876572333e-02
-2.737874165e-02-3.583977371e-02-4.408207536e-02-5.204724520e-02-5.968466401e-02
-6.695058942e-02-7.380709797e-02-8.022092283e-02-8.616221696e-02-9.160328656e-02
-9.651741385e-02-1.008777022e-01-1.046560407e-01-1.078220978e-01-1.103425547e-01
-1.121804044e-01-1.132944524e-01-1.136390567e-01-1.131640971e-01-1.118153036e-01
-1.095349714e-01-1.062631756e-01-1.019396409e-01-9.650623053e-02-8.991040289e-02
-8.210955560e-02-7.307640463e-02-6.280544400e-02-5.132035911e-02-3.868224472e-02
-2.499805205e-02-1.042862050e-02 4.805211443e-03 2.041848749e-02 3.622910380e-02
 5.222475529e-02 6.839779019e-02 8.474615216e-02 1.012744904e-01 1.179953367e-01
 1.349304467e-01 1.521123350e-01 1.695857048e-01 1.874089837e-01 2.056550980e-01
 2.244112194e-01 2.437753379e-01 2.638428211e-01 2.846346498e-01 3.051235378e-01
 8.599049598e-02 8.414293826e-02 7.776048779e-02 6.998167187e-02 6.214811653e-02
 5.424480140e-02 4.625359178e-02 3.815674782e-02 2.993763238e-02 2.158043906e-02
 1.306975447e-02 4.390159622e-03-4.486540332e-03-1.345937885e-02-2.243530005e-02
-3.132994473e-02-4.006817192e-02-4.858409613e-02-5.682078004e-02-6.472954154e-02
-7.226895541e-02-7.940378785e-02-8.610370010e-02-9.234198183e-02-9.809424728e-02
-1.033371612e-01-1.080472618e-01-1.121997982e-01-1.157677621e-01-1.187209189e-01
-1.210250407e-01-1.226412654e-01-1.235256493e-01-1.236288548e-01-1.228962988e-01
-1.212683767e-01-1.186813787e-01-1.150687411e-01-1.103630736e-01-1.044989526e-01
-9.741663933e-02-8.906687796e-02-7.941688597e-02-6.845748425e-02-5.621134490e-02
-4.274201021e-02-2.816325799e-02-1.264788955e-02 3.564902581e-03 2.016499266e-02
 3.694157302e-02 5.389817059e-02 7.104623318e-02 8.840692043e-02 1.060130447e-01
 1.239118278e-01 1.421685219e-01 1.608715653e-01 1.801394820e-01 2.001311034e-01
 2.210608721e-01 2.432245016e-01 2.670484185e-01 2.932006419e-01 3.204767108e-01
 8.431272209e-02 8.230484277e-02 7.585309446e-02 6.801859289e-02 6.014510244e-02
 5.219820887e-02 4.414520413e-02 3.596026450e-02 2.762258053e-02 1.911404729e-02
 1.041689329e-02 1.510507194e-03-7.591683418e-03-1.678659767e-02-2.598027512e-02
-3.508834168e-02-4.403629899e-02-5.275943875e-02-6.120243669e-02-6.931855530e-02
-7.706866413e-02-8.442003280e-02-9.134505689e-02-9.781989455e-02-1.038231850e-01
-1.093346924e-01-1.143340915e-01-1.187998354e-01-1.227080226e-01-1.260314882e-01
-1.287388206e-01-1.307937801e-01-1.321545690e-01-1.327734143e-01-1.325964332e-01
-1.315636337e-01-1.296094060e-01-1.266633868e-01-1.226519272e-01-1.175004095e-01
-1.111362129e-01-1.034930050e-01-9.451600909e-02-8.416875452e-02-7.244101167e-02
-5.935803801e-02-4.499063641e-02-2.946552262e-02-1.297506690e-02 4.214821383e-03
 2.176029980e-02 3.946113586e-02 5.733653158e-02 7.541774213e-02 9.374912083e-02
 1.123912930e-01 1.314259171e-01 1.509624124e-01 1.711473763e-01 1.921779066e-01
 2.143203020e-01 2.379353940e-01 2.635076642e-01 2.916641533e-01 3.217661381e-01
 8.204216510e-02 7.987901568e-02 7.310831547e-02 6.537936628e-02 5.762908608e-02
 4.976625741e-02 4.174869508e-02 3.355295211e-02 2.516333759e-02 1.656787843e-02
 7.757524960e-03-1.335809007e-03-1.061169617e-02-1.997203007e-02-2.932523564e-02
-3.858845681e-02-4.768855870e-02-5.656233802e-02-6.515615433e-02-7.342520356e-02
-8.133246005e-02-8.884750307e-02-9.594516456e-02-1.026041731e-01-1.088058203e-01
-1.145326197e-01-1.197670922e-01-1.244905144e-01-1.286818832e-01-1.323168576e-01
-1.353668571e-01-1.377982348e-01-1.395715624e-01-1.406410933e-01-1.409543753e-01
-1.404520571e-01-1.390680969e-01-1.367302537e-01-1.333612353e-01-1.288802624e-01
-1.232056990e-01-1.162586436e-01-1.079675704e-01-9.827446938e-02-8.714242280e-02
-7.456459105e-02-6.057453156e-02-4.525740445e-02-2.876123041e-02-1.130724512e-02
 6.802167743e-03 2.517947555e-02 4.367363825e-02 6.232310086e-02 8.117349446e-02
 1.002833098e-01 1.197288185e-01 1.396098435e-01 1.600574255e-01 1.812445074e-01
 2.034017742e-01 2.268416882e-01 2.519962192e-01 2.794715166e-01 3.088343143e-01
 7.758707553e-02 7.483033836e-02 6.916293502e-02 6.216754019e-02 5.479099602e-02
 4.713676125e-02 3.922964633e-02 3.107630461e-02 2.267620713e-02 1.402515732e-02
 5.116616376e-03-4.085915629e-03-1.347317267e-02-2.294359729e-02-3.240455687e-02
-4.177331552e-02-5.097752437e-02-5.995517224e-02-6.865411997e-02-7.703125477e-02
-8.505144715e-02-9.268628061e-02-9.991268814e-02-1.067116410e-01-1.130667031e-01
-1.189627647e-01-1.243847907e-01-1.293165684e-01-1.337396204e-01-1.376322061e-01
-1.409683228e-01-1.437168121e-01-1.458407044e-01-1.472964436e-01-1.480334103e-01
-1.479936242e-01-1.471116245e-01-1.453147829e-01-1.425240338e-01-1.386550218e-01
-1.336203516e-01-1.273324192e-01-1.197077036e-01-1.106721312e-01-1.001681909e-01
-8.816355467e-02-7.466126978e-02-5.971118063e-02-4.342202097e-02-2.597295865e-02
-7.623018231e-03 1.128428709e-02 3.026002273e-02 4.931779206e-02 6.848517060e-02
 8.780198544e-02 1.073203385e-01 1.271057725e-01 1.472389996e-01 1.678183973e-01
 1.889630258e-01 2.108176947e-01 2.335655987e-01 2.574846745e-01 2.825722694e-01
 7.469834387e-02 7.176165283e-02 6.608681381e-02 5.929897726e-02 5.213518813e-02
 4.463221133e-02 3.681878746e-02 2.871049196e-02 2.031341754e-02 1.162739471e-02
 2.648085821e-03-6.626454182e-03-1.608533412e-02-2.562593669e-02-3.515534848e-02
-4.459118843e-02-5.386193097e-02-6.290668994e-02-7.167469710e-02-8.012436330e-02
-8.822217584e-02-9.594143927e-02-1.032608896e-01-1.101633385e-01-1.166342869e-01
-1.226606146e-01-1.282293200e-01-1.333263218e-01-1.379353553e-01-1.420368999e-01
-1.456072628e-01-1.486176252e-01-1.510332823e-01-1.528128684e-01-1.539078057e-01
-1.542618573e-01-1.538107991e-01-1.524826437e-01-1.501978934e-01-1.468706131e-01
-1.424100846e-01-1.367233098e-01-1.297186464e-01-1.213107780e-01-1.114272177e-01
-1.000165269e-01-8.705823869e-02-7.257445157e-02-5.664260313e-02-3.940866515e-02
-2.109969035e-02-2.034333069e-03 1.736970618e-02 3.673429787e-02 5.607562140e-02
 7.541516423e-02 9.477738291e-02 1.141875535e-01 1.336684376e-01 1.532343328e-01
 1.728799641e-01 1.925584823e-01 2.121352702e-01 2.312864661e-01 2.493307889e-01
 7.277408242e-02 6.974418461e-02 6.387844682e-02 5.706440285e-02 4.992670938e-02
 4.246663302e-02 3.469055146e-02 2.660318650e-02 1.820580848e-02 9.495231323e-03
 4.620334366e-04-8.863072842e-03-1.836865209e-02-2.795252204e-02-3.752260655e-02
-4.699756950e-02-5.630704015e-02-6.539140642e-02-7.420121133e-02-8.269624412e-02
-9.084440768e-02-9.862044454e-02-1.060045809e-01-1.129811108e-01-1.195371300e-01
-1.256611049e-01-1.313417256e-01-1.365666389e-01-1.413213909e-01-1.455883831e-01
-1.493458599e-01-1.525670290e-01-1.552192569e-01-1.572632492e-01-1.586524099e-01
-1.593323350e-01-1.592404246e-01-1.583058238e-01-1.564496160e-01-1.535855830e-01
-1.496215165e-01-1.444614232e-01-1.380086541e-01-1.301704943e-01-1.208641529e-01
-1.100244671e-01-9.761355072e-02-8.363220841e-02-6.813281775e-02-5.123310536e-02
-3.312962875e-02-1.410929859e-02 5.443335976e-03 2.504616603e-02 4.447448999e-02
 6.373946369e-02 8.284482360e-02 1.017858535e-01 1.205452532e-01 1.390862614e-01
 1.573417485e-01 1.751986593e-01 1.924776435e-01 2.089147270e-01 2.241641432e-01
 7.104413956e-02 6.791561842e-02 6.212284416e-02 5.528312922e-02 4.813607782e-02
 4.068046436e-02 3.291375190e-02 2.483401448e-02 1.643962041e-02 7.729710080e-03
-1.361214556e-03-1.072706282e-02-2.026339248e-02-2.987189032e-02-3.946293145e-02
-4.895699024e-02-5.828518048e-02-6.738923490e-02-7.622092962e-02-8.474127948e-02
-9.291934967e-02-1.007310525e-01-1.081577688e-01-1.151850075e-01-1.218010336e-01
-1.279955804e-01-1.337586343e-01-1.390792131e-01-1.439442784e-01-1.483377516e-01
-1.522395015e-01-1.556244195e-01-1.584615707e-01-1.607134938e-01-1.623353958e-01
-1.632746309e-01-1.634702384e-01-1.628527492e-01-1.613443196e-01-1.588592380e-01
-1.553049982e-01-1.505842805e-01-1.445977092e-01-1.372480839e-01-1.284458935e-01
-1.181166694e-01-1.062102020e-01-9.271162748e-02-7.765425742e-02-6.113339961e-02
-4.332032427e-02-2.447461151e-02-4.952663090e-03 1.479043812e-02 3.424736112e-02
 5.340501666e-02 7.224914432e-02 9.075784683e-02 1.088964939e-01 1.266126633e-01
 1.438306421e-01 1.604461223e-01 1.763227284e-01 1.912937164e-01 2.051725388e-01
 6.978814304e-02 6.659908593e-02 6.073369086e-02 5.386863649e-02 4.671420157e-02
 3.926065192e-02 3.149931878e-02 2.342295274e-02 1.502523758e-02 6.300144829e-03
-2.807457931e-03-1.218697801e-02-2.173327655e-02-3.134867549e-02-4.094459862e-02
-5.044265091e-02-5.977505445e-02-6.888456643e-02-7.772397250e-02-8.625517786e-02
-9.444815665e-02-1.022796705e-01-1.097319424e-01-1.167913526e-01-1.234469935e-01
-1.296895295e-01-1.355098486e-01-1.408979744e-01-1.458419263e-01-1.503267884e-01
-1.543335617e-01-1.578384936e-01-1.608120203e-01-1.632180959e-01-1.650134176e-01
-1.661468446e-01-1.665588915e-01-1.661815047e-01-1.649379432e-01-1.627434045e-01
-1.595057547e-01-1.551273912e-01-1.495077312e-01-1.425471306e-01-1.341520846e-01
-1.242422834e-01-1.127593666e-01-9.967780113e-02-8.501745760e-02-6.885749102e-02
-5.135067552e-02-3.273663670e-02-1.335221715e-02 6.363481283e-03 2.587132528e-02
 4.494718090e-02 6.358137727e-02 8.175230026e-02 9.942549467e-02 1.165523306e-01
 1.330687255e-01 1.488948017e-01 1.639362127e-01 1.780882031e-01 1.912428737e-01
 6.880360842e-02 6.557139009e-02 5.962371826e-02 5.276277289e-02 4.562828690e-02
 3.819777817e-02 3.045692481e-02 2.239546925e-02 1.400518697e-02 5.278405733e-03
-3.827903420e-03-1.320384443e-02-2.274475619e-02-3.235354275e-02-4.194231704e-02
-5.143340304e-02-6.075974554e-02-6.986479461e-02-7.870195806e-02-8.723375201e-02
-9.543070197e-02-1.032701135e-01-1.107347161e-01-1.178113967e-01-1.244897991e-01
-1.307610869e-01-1.366167814e-01-1.420474946e-01-1.470419466e-01-1.515859067e-01
-1.556612402e-01-1.592450440e-01-1.623087227e-01-1.648172438e-01-1.667284071e-01
-1.679921597e-01-1.685501933e-01-1.683355123e-01-1.672725081e-01-1.652772129e-01
-1.622581780e-01-1.581179798e-01-1.527558416e-01-1.460710466e-01-1.379680932e-01
-1.283634603e-01-1.171940267e-01-1.044277698e-01-9.007606655e-02-7.420748472e-02
-5.696215108e-02-3.856530786e-02-1.933813840e-02 2.964854939e-04 1.981602050e-02
 3.881525248e-02 5.728679150e-02 7.521210611e-02 9.256169200e-02 1.092953011e-01
 1.253624558e-01 1.407037377e-01 1.552530527e-01 1.689411402e-01 1.817003489e-01
 6.778855622e-02 6.448683888e-02 5.868808180e-02 5.192825571e-02 4.487676173e-02
 3.750682250e-02 2.980948240e-02 2.177971788e-02 1.341233496e-02 4.701130558e-03
-4.388753325e-03-1.374775544e-02-2.327160537e-02-3.286363184e-02-4.243637621e-02
-5.191258341e-02-6.122557819e-02-7.031914592e-02-7.914699614e-02-8.767190576e-02
-9.586462379e-02-1.037026271e-01-1.111688614e-01-1.182503551e-01-1.249369532e-01
-1.312200427e-01-1.370913386e-01-1.425417364e-01-1.475602388e-01-1.521329880e-01
-1.562422067e-01-1.598654389e-01-1.629746258e-01-1.655352414e-01-1.675057411e-01
-1.688367128e-01-1.694705486e-01-1.693410277e-01-1.683732271e-01-1.664838493e-01
-1.635821164e-01-1.595710814e-01-1.543501318e-01-1.478185356e-01-1.398802847e-01
-1.304506361e-01-1.194646060e-01-1.068872660e-01-9.272596985e-02-7.704398036e-02
-5.997467041e-02-4.173502326e-02-2.263640612e-02-3.090260550e-03 1.639414765e-02
 3.531139344e-02 5.365468189e-02 7.140776515e-02 8.854525536e-02 1.050332785e-01
 1.208305955e-01 1.358901858e-01 1.501615793e-01 1.635937095e-01 1.761383563e-01
 6.684362888e-02 6.335603446e-02 5.795722827e-02 5.148958042e-02 4.455387592e-02
 3.724949062e-02 2.959883958e-02 2.160714939e-02 1.327315625e-02 4.592292011e-03
-4.468242172e-03-1.379905920e-02-2.329615131e-02-3.286309540e-02-4.241264611e-02
-5.186767876e-02-6.116159633e-02-7.023819536e-02-7.905113697e-02-8.756311238e-02
-9.574472904e-02-1.035733446e-01-1.110317409e-01-1.181067973e-01-1.247882023e-01
-1.310672164e-01-1.369353831e-01-1.423835456e-01-1.474006176e-01-1.519726515e-01
-1.560818851e-01-1.597058475e-01-1.628164947e-01-1.653794199e-01-1.673531234e-01
-1.686884463e-01-1.693279147e-01-1.692055613e-01-1.682468057e-01-1.663687527e-01
-1.634809971e-01-1.594871581e-01-1.542871743e-01-1.477809399e-01-1.398730576e-01
-1.304794699e-01-1.195357889e-01-1.070075929e-01-9.290255606e-02-7.728390396e-02
-6.028461456e-02-4.212063178e-02-2.310156263e-02-3.636104986e-03 1.577036083e-02
 3.459690511e-02 5.283724517e-02 7.047612965e-02 8.748978376e-02 1.038466915e-01
 1.195088699e-01 1.344335675e-01 1.485754400e-01 1.618892550e-01 1.743328124e-01
 6.749360263e-02 6.419503689e-02 5.843611062e-02 5.175456405e-02 4.477672279e-02
 3.747873008e-02 2.985296212e-02 2.189503610e-02 1.360015385e-02 4.962272476e-03
-4.057005048e-03-1.334889978e-02-2.280979604e-02-3.234347701e-02-4.186273366e-02
-5.129034445e-02-6.055948138e-02-6.961363554e-02-7.840608060e-02-8.689905703e-02
-9.506273270e-02-1.028739661e-01-1.103150547e-01-1.173723787e-01-1.240351349e-01
-1.302940845e-01-1.361403465e-01-1.415642202e-01-1.465542018e-01-1.510958970e-01
-1.551710665e-01-1.587567925e-01-1.618246138e-01-1.643397212e-01-1.662602127e-01
-1.675365269e-01-1.681109667e-01-1.679173112e-01-1.668808758e-01-1.649188101e-01
-1.619409323e-01-1.578514129e-01-1.525510550e-01-1.459409893e-01-1.379276812e-01
-1.284294277e-01-1.173849702e-01-1.047637165e-01-9.057793021e-02-7.489623874e-02
-5.785754323e-02-3.968426585e-02-2.069272101e-02-1.298388932e-03 1.798684895e-02
 3.671187162e-02 5.487080291e-02 7.244770974e-02 8.941731602e-02 1.057458818e-01
 1.213924736e-01 1.363106072e-01 1.504504979e-01 1.637619734e-01 1.761976779e-01
 6.810900569e-02 6.487428397e-02 5.913862586e-02 5.243116617e-02 4.543935508e-02
 3.814941645e-02 3.054933995e-02 2.263013646e-02 1.438424550e-02 5.804302171e-03
-3.159849206e-03-1.240019314e-02-2.181361988e-02-3.130408376e-02-4.078426212e-02
-5.017657578e-02-5.941367522e-02-6.843839586e-02-7.720329612e-02-8.566983044e-02
-9.380733967e-02-1.015918702e-01-1.090048701e-01-1.160318777e-01-1.226612628e-01
-1.288829744e-01-1.346872449e-01-1.400635689e-01-1.449995935e-01-1.494800299e-01
-1.534858346e-01-1.569931805e-01-1.599726975e-01-1.623887122e-01-1.641984284e-01
-1.653514951e-01-1.657893956e-01-1.654453278e-01-1.642440856e-01-1.621026695e-01
-1.589310765e-01-1.546341032e-01-1.491138786e-01-1.422736645e-01-1.340230703e-01
-1.242847741e-01-1.130032763e-01-1.001553312e-01-8.576218784e-02-6.990300119e-02
-5.272863060e-02-3.447440267e-02-1.547019184e-02 3.854130395e-03 2.296886779e-02
 4.158081859e-02 5.968296528e-02 7.725599408e-02 9.426972270e-02 1.106836945e-01
 1.264479160e-01 1.415040493e-01 1.557876915e-01 1.692316234e-01 1.817703992e-01
 6.905387342e-02 6.590136886e-02 6.008630618e-02 5.341237038e-02 4.645550251e-02
 3.920342028e-02 3.164795786e-02 2.378207818e-02 1.559962519e-02 7.095037028e-03
-1.795919496e-03-1.096780971e-02-2.031854540e-02-2.975222841e-02-3.918115795e-02
-4.852708802e-02-5.772179365e-02-6.670711190e-02-7.543450594e-02-8.386430144e-02
-9.196468443e-02-9.971050173e-02-1.070820242e-01-1.140635908e-01-1.206424162e-01
-1.268072128e-01-1.325470507e-01-1.378501952e-01-1.427030563e-01-1.470891088e-01
-1.509880126e-01-1.543746293e-01-1.572183073e-01-1.594820172e-01-1.611216962e-01
-1.620857418e-01-1.623145193e-01-1.617402732e-01-1.602872163e-01-1.578720510e-01
-1.544051468e-01-1.497923881e-01-1.439380348e-01-1.367487013e-01-1.281389296e-01
-1.180382073e-01-1.063999459e-01-9.321214259e-02-7.850967348e-02-6.238755956e-02
-4.501403123e-02-2.664203197e-02-7.616456598e-03 1.162599400e-02 3.050618805e-02
 4.899932444e-02 6.708283722e-02 8.472874761e-02 1.018995643e-01 1.185457259e-01
 1.346037537e-01 1.499957889e-01 1.646306515e-01 1.784077436e-01 1.912237406e-01
 7.001528144e-02 6.693496555e-02 6.131484360e-02 5.471089110e-02 4.781322926e-02
 4.061808437e-02 3.312150761e-02 2.532004192e-02 1.721015945e-02 8.788140491e-03
 8.447532309e-07-9.077764116e-03-1.834471896e-02-2.770305425e-02-3.706393391e-02
-4.634788632e-02-5.548540503e-02-6.441694498e-02-7.309255004e-02-8.147108555e-02
-8.951921761e-02-9.721028060e-02-1.045229957e-01-1.114401966e-01-1.179475039e-01
-1.240321025e-01-1.296814978e-01-1.348823607e-01-1.396194696e-01-1.438746750e-01
-1.476259530e-01-1.508464962e-01-1.535039246e-01-1.555595100e-01-1.569676101e-01
-1.576750576e-01-1.576209664e-01-1.567365229e-01-1.549453735e-01-1.521642804e-01
-1.483044922e-01-1.432739198e-01-1.369802654e-01-1.293353736e-01-1.202611476e-01
-1.096970141e-01-9.760910273e-02-8.400128782e-02-6.892743707e-02-5.250456184e-02
-3.492566571e-02-1.647083461e-02 2.485433361e-03 2.147331089e-02 4.018042237e-02
 5.860766396e-02 7.674391568e-02 9.456695616e-02 1.120413840e-01 1.291147768e-01
 1.457129419e-01 1.617350429e-01 1.770504117e-01 1.915000677e-01 2.049067616e-01
 7.137942314e-02 6.840646267e-02 6.288126856e-02 5.635702237e-02 4.952612519e-02
 4.239086062e-02 3.495470434e-02 2.722006664e-02 1.918635517e-02 1.084909029e-02
 2.198532922e-03-6.759825163e-03-1.591884531e-02-2.517919987e-02-3.445037454e-02
-4.365142435e-02-5.271133780e-02-6.156902388e-02-7.017285377e-02-7.847993821e-02
-8.645515889e-02-9.407000244e-02-1.013013273e-01-1.081300676e-01-1.145399660e-01
-1.205162480e-01-1.260444820e-01-1.311093867e-01-1.356937587e-01-1.397774071e-01
-1.433362812e-01-1.463415474e-01-1.487587988e-01-1.505473852e-01-1.516598314e-01
-1.520413607e-01-1.516297758e-01-1.503554881e-01-1.481419653e-01-1.449067742e-01
-1.405631602e-01-1.350225806e-01-1.281981766e-01-1.200097054e-01-1.103897542e-01
-9.929157794e-02-8.669867367e-02-7.263574749e-02-5.718079582e-02-4.047759250e-02
-2.274750918e-02-4.299569409e-03 1.446203515e-02 3.309902549e-02 5.160688609e-02
 6.998405606e-02 8.822695911e-02 1.063260436e-01 1.242608726e-01 1.419931948e-01
 1.594566852e-01 1.765421033e-01 1.930782944e-01 2.088148594e-01 2.234248519e-01
 7.321470976e-02 7.037542760e-02 6.485159695e-02 5.841187760e-02 5.162584782e-02
 4.452260211e-02 3.712746501e-02 2.945300564e-02 2.150328830e-02 1.327701658e-02
 4.769307561e-03-4.050954245e-03-1.307840087e-02-2.221449092e-02-3.136865422e-02
-4.045924544e-02-4.941411316e-02-5.817064643e-02-6.667549908e-02-7.488384843e-02
-8.275853842e-02-9.026892483e-02-9.738969058e-02-1.040995270e-01-1.103798896e-01
-1.162137538e-01-1.215843633e-01-1.264740825e-01-1.308633834e-01-1.347297132e-01
-1.380466521e-01-1.407831013e-01-1.429024190e-01-1.443618834e-01-1.451121420e-01
-1.450970024e-01-1.442532837e-01-1.425111890e-01-1.397949159e-01-1.360241175e-01
-1.311157346e-01-1.249870509e-01-1.175596491e-01-1.087647378e-01-9.854988009e-02
-8.688718081e-02-7.378299534e-02-5.928865075e-02-4.351171851e-02-2.662668563e-02
-8.883350529e-03 9.389759973e-03 2.767100558e-02 4.595707729e-02 6.425456703e-02
 8.257664740e-02 1.009406149e-01 1.193654686e-01 1.378684342e-01 1.564592868e-01
 1.751297414e-01 1.938327551e-01 2.124391198e-01 2.306420803e-01 2.477993965e-01
 7.569333166e-02 7.311839610e-02 6.766401231e-02 6.104615331e-02 5.413241684e-02
 4.696862027e-02 3.956947103e-02 3.193812817e-02 2.407285199e-02 1.596970856e-02
 7.624576800e-03-1.026419573e-03-9.886953048e-03-1.886203885e-02-2.786215767e-02
-3.680543602e-02-4.561872035e-02-5.423794314e-02-6.260789931e-02-7.068172097e-02
-7.841996849e-02-8.578961343e-02-9.276282042e-02-9.931573272e-02-1.054272130e-01
-1.110775620e-01-1.162473634e-01-1.209163219e-01-1.250621974e-01-1.286598295e-01
-1.316802204e-01-1.340897679e-01-1.358495653e-01-1.369148791e-01-1.372347474e-01
-1.367519200e-01-1.354029775e-01-1.331189275e-01-1.298262030e-01-1.254483759e-01
-1.199086234e-01-1.131331921e-01-1.050558835e-01-9.562394768e-02-8.480520546e-02
-7.259660214e-02-5.903389305e-02-4.420208186e-02-2.824596874e-02-1.137976255e-02
 6.105323788e-03 2.383672446e-02 4.164025933e-02 5.954302847e-02 7.757449150e-02
 9.577108920e-02 1.141790450e-01 1.328565478e-01 1.518760622e-01 1.713266820e-01
 1.913171262e-01 2.119804770e-01 2.334861159e-01 2.560925484e-01 2.797949910e-01
 7.903477550e-02 7.693289220e-02 7.103389502e-02 6.393763423e-02 5.679215863e-02
 4.953179881e-02 4.212077707e-02 3.453825787e-02 2.676939964e-02 1.880122721e-02
 1.062003057e-02 2.208293881e-03-6.428777240e-03-1.519175339e-02-2.398908883e-02
-3.273751959e-02-4.136248678e-02-4.979823530e-02-5.798761547e-02-6.588152051e-02
-7.343806326e-02-8.062156290e-02-8.740143478e-02-9.375096112e-02-9.964605421e-02
-1.050640568e-01-1.099825650e-01-1.143783033e-01-1.182261035e-01-1.214979514e-01
-1.241621524e-01-1.261826158e-01-1.275182515e-01-1.281225979e-01-1.279436350e-01
-1.269238889e-01-1.250008196e-01-1.221077889e-01-1.181754917e-01-1.131340861e-01
-1.069162115e-01-9.946098924e-02-9.071907401e-02-8.065900207e-02-6.927472353e-02
-5.659416690e-02-4.268867522e-02-2.768247202e-02-1.176151074e-02 4.819465801e-03
 2.173308097e-02 3.879642859e-02 5.602212995e-02 7.343465835e-02 9.107020497e-02
 1.089788824e-01 1.272282600e-01 1.459084749e-01 1.651391983e-01 1.850797534e-01
 2.059439123e-01 2.280223966e-01 2.517182231e-01 2.775982022e-01 3.052526116e-01
 8.130589128e-02 7.942727953e-02 7.346833497e-02 6.635178626e-02 5.918635428e-02
 5.193811655e-02 4.458216205e-02 3.709839284e-02 2.947042882e-02 2.168413252e-02
 1.372645702e-02 5.584892351e-03-2.782278229e-03-1.128023677e-02-1.981927827e-02
-2.831646428e-02-3.669659048e-02-4.489259422e-02-5.284549296e-02-6.050395966e-02
-6.782355905e-02-7.476583123e-02-8.129721880e-02-8.738788217e-02-9.301055968e-02
-9.813936055e-02-1.027486175e-01-1.068118811e-01-1.103008986e-01-1.131847128e-01
-1.154289693e-01-1.169952452e-01-1.178406551e-01-1.179176271e-01-1.171739325e-01
-1.155530810e-01-1.129950881e-01-1.094378382e-01-1.048189327e-01-9.907841682e-02
-9.216234088e-02-8.402723074e-02-7.464575768e-02-6.401337683e-02-5.215599015e-02
-3.913834691e-02-2.507264540e-02-1.012661122e-02 5.470608827e-03 2.142470330e-02
 3.757519275e-02 5.392551422e-02 7.048783451e-02 8.728514612e-02 1.043534875e-01
 1.217449605e-01 1.395321786e-01 1.578143537e-01 1.767260283e-01 1.964495182e-01
 2.172324955e-01 2.394113988e-01 2.634387910e-01 2.899008393e-01 3.181942105e-01
 8.261331916e-02 8.087571710e-02 7.522404939e-02 6.822948903e-02 6.116637215e-02
 5.402894318e-02 4.680453986e-02 3.948078305e-02 3.204603493e-02 2.448931336e-02
 1.680012792e-02 8.968738839e-03 9.385308949e-04-7.227758411e-03-1.544181816e-02
-2.362097800e-02-3.168953210e-02-3.957927972e-02-4.722956568e-02-5.458690971e-02
-6.160434335e-02-6.824057549e-02-7.445895672e-02-8.022640646e-02-8.551230282e-02
-9.028735012e-02-9.452252090e-02-9.818808734e-02-1.012526751e-01-1.036825255e-01
-1.054408327e-01-1.064873189e-01-1.067779511e-01-1.062649861e-01-1.048973054e-01
-1.026211232e-01-9.938119352e-02-9.512257576e-02-8.979311585e-02-8.334660530e-02
-7.574689388e-02-6.697292626e-02-5.702461302e-02-4.592962563e-02-3.375081718e-02
-2.059393190e-02-6.615319289e-03 7.970383391e-03 2.289186046e-02 3.804592788e-02
 5.342288315e-02 6.901969016e-02 8.484123647e-02 1.009019911e-01 1.172279119e-01
 1.338590682e-01 1.508530974e-01 1.682899594e-01 1.862784177e-01 2.049655616e-01
 2.245511413e-01 2.453116328e-01 2.676462531e-01 2.921800613e-01 3.177760839e-01
 8.357831836e-02 8.201603591e-02 7.645084709e-02 6.960675120e-02 6.270381063e-02
 5.573546141e-02 4.869641364e-02 4.158149660e-02 3.438493609e-02 2.709981799e-02
 1.971755177e-02 1.222716272e-02 4.613477271e-03-3.146113828e-03-1.096070558e-02
-1.874691248e-02-2.642852068e-02-3.393647820e-02-4.120875895e-02-4.818997905e-02
-5.483083427e-02-6.108727679e-02-6.691962481e-02-7.229156792e-02-7.716907561e-02
-8.151946962e-02-8.531038463e-02-8.850888908e-02-9.108075500e-02-9.298969805e-02
-9.419705719e-02-9.466139972e-02-9.433861077e-02-9.318214655e-02-9.114374220e-02
-8.817451447e-02-8.422663063e-02-7.925558090e-02-7.322315127e-02-6.610111147e-02
-5.787581205e-02-4.855344072e-02-3.816599399e-02-2.677764744e-02-1.449121069e-02
-1.453459729e-03 1.214134134e-02 2.601641044e-02 4.016252607e-02 5.455395579e-02
 6.917119026e-02 8.400053531e-02 9.903451800e-02 1.142726392e-01 1.297223866e-01
 1.454005837e-01 1.613346636e-01 1.775641739e-01 1.941420883e-01 2.111356556e-01
 2.286262214e-01 2.467063218e-01 2.654678226e-01 2.849375904e-01 3.041544557e-01
 8.399710059e-02 8.259116113e-02 7.714816183e-02 7.049302012e-02 6.378499418e-02
 5.701602250e-02 5.019080266e-02 4.331455007e-02 3.638947755e-02 2.941424772e-02
 2.238459885e-02 1.529435255e-02 8.137170225e-03 8.479573298e-04-6.493203808e-03
-1.380761433e-02-2.102100849e-02-2.806477249e-02-3.487632424e-02-4.139895737e-02
-4.758142680e-02-5.337725580e-02-5.874396116e-02-6.364216655e-02-6.803469360e-02
-7.188564539e-02-7.515957952e-02-7.782077789e-02-7.983254641e-02-8.115683496e-02
-8.175393939e-02-8.158244938e-02-8.059959114e-02-7.876184583e-02-7.602599263e-02
-7.235070318e-02-6.769864261e-02-6.203922257e-02-5.535209179e-02-4.763123393e-02
-3.888982907e-02-2.916560695e-02-1.852667518e-02-7.076731883e-03 5.037408788e-03
 1.762373373e-02 3.053330630e-02 4.373550788e-02 5.720181018e-02 7.090319693e-02
 8.481204510e-02 9.890304506e-02 1.131538302e-01 1.275455207e-01 1.420630813e-01
 1.566953659e-01 1.714348197e-01 1.862760484e-01 2.012128234e-01 2.162321806e-01
 2.313033342e-01 2.463568151e-01 2.612451911e-01 2.756625414e-01 2.889879942e-01
 8.363176882e-02 8.229634166e-02 7.728117704e-02 7.092665136e-02 6.442257762e-02
 5.783690140e-02 5.121609196e-02 4.458300769e-02 3.794674575e-02 3.130838275e-02
 2.466390654e-02 1.800571010e-02 1.132283360e-02 4.599369131e-03-2.181219403e-03
-8.937941864e-03-1.559662167e-02-2.208899707e-02-2.835237235e-02-3.432929516e-02
-3.996713087e-02-4.521747679e-02-5.003552139e-02-5.437926203e-02-5.820878595e-02
-6.148549914e-02-6.417144835e-02-6.622876227e-02-6.761919707e-02-6.830392778e-02
-6.824347377e-02-6.739804894e-02-6.572808325e-02-6.319529563e-02-5.976410955e-02
-5.540365726e-02-5.009034649e-02-4.381101951e-02-3.656676412e-02-2.837729454e-02
-1.928582042e-02-9.363789111e-03 1.281401608e-03 1.251481473e-02 2.414084226e-02
 3.614464775e-02 4.848422483e-02 6.112001836e-02 7.401335239e-02 8.712546527e-02
 1.004173383e-01 1.138498634e-01 1.273840666e-01 1.409813762e-01 1.546036452e-01
 1.682129651e-01 1.817707866e-01 1.952359676e-01 2.085612267e-01 2.216872871e-01
 2.345335335e-01 2.469849586e-01 2.588754892e-01 2.699740231e-01 2.799901664e-01
 8.402300626e-02 8.320400119e-02 7.787302136e-02 7.122224569e-02 6.464284658e-02
 5.811153352e-02 5.164357647e-02 4.524442181e-02 3.891247138e-02 3.264183179e-02
 2.642405778e-02 2.024939284e-02 1.410783455e-02 7.990770973e-03 1.838019234e-03
-4.282165319e-03-1.030185819e-02-1.615603268e-02-2.178352699e-02-2.712726220e-02
-3.213410825e-02-3.675451875e-02-4.094207287e-02-4.465287551e-02-4.784501344e-02
-5.047800764e-02-5.251231790e-02-5.390899628e-02-5.462948233e-02-5.463561416e-02
-5.388990045e-02-5.235608667e-02-5.000010878e-02-4.679144919e-02-4.270498455e-02
-3.772329167e-02-3.183955699e-02-2.506102994e-02-1.741289347e-02-8.942587301e-03
 2.742341021e-04 1.014200412e-02 2.047051862e-02 3.125604242e-02 4.245726764e-02
 5.403658748e-02 6.595351547e-02 7.816527039e-02 9.062662721e-02 1.032896265e-01
 1.161033884e-01 1.290141344e-01 1.419653594e-01 1.548983008e-01 1.677522957e-01
 1.804652214e-01 1.929736286e-01 2.052120864e-01 2.171118557e-01 2.285981178e-01
 2.395862639e-01 2.499777973e-01 2.596571445e-01 2.684928775e-01 2.763460875e-01
 8.373349905e-02 8.331455290e-02 7.782258838e-02 7.076811790e-02 6.402257085e-02
 5.751818791e-02 5.121294782e-02 4.507912323e-02 3.909520060e-02 3.324252367e-02
 2.750417031e-02 2.186458372e-02 1.630929112e-02 1.082420442e-02 5.393578671e-03
-4.108616849e-06-5.300646182e-03-1.043262146e-02-1.534049213e-02-1.996822469e-02
-2.426304296e-02-2.817517146e-02-3.165750206e-02-3.466524929e-02-3.715556860e-02
-3.908726200e-02-4.042050242e-02-4.111674428e-02-4.113875702e-02-4.045092314e-02
-3.901980072e-02-3.681502119e-02-3.381053358e-02-2.998627163e-02-2.533030510e-02
-1.984138228e-02-1.353177428e-02-6.431251299e-03 1.409852644e-03 9.921588935e-03
 1.895282604e-02 2.850561403e-02 3.854565695e-02 4.904308915e-02 5.996403471e-02
 7.127146423e-02 8.292443305e-02 9.487743676e-02 1.070797890e-01 1.194749773e-01
 1.320001781e-01 1.445861459e-01 1.571573913e-01 1.696330607e-01 1.819282770e-01
 1.939560920e-01 2.056295574e-01 2.168638855e-01 2.275779843e-01 2.376953959e-01
 2.471441776e-01 2.558563948e-01 2.637678385e-01 2.708188891e-01 2.769572735e-01
 8.124439418e-02 8.092306554e-02 7.556347549e-02 6.857162714e-02 6.193095073e-02
 5.561906844e-02 4.959819093e-02 4.383191094e-02 3.828738630e-02 3.293593973e-02
 2.775316313e-02 2.271874994e-02 1.781638525e-02 1.303384081e-02 8.363867179e-03
 3.748662304e-03-7.559822407e-04-5.093780812e-03-9.209526703e-03-1.304986887e-02
-1.656366140e-02-1.970205829e-02-2.241846919e-02-2.466845699e-02-2.640963718e-02
-2.760159597e-02-2.820591629e-02-2.818629891e-02-2.750886790e-02-2.614273131e-02
-2.406083792e-02-2.124120668e-02-1.766837016e-02-1.333510783e-02-8.245149627e-03
-2.416020026e-03 4.121534992e-03 1.131253876e-02 1.906556264e-02 2.738324925e-02
 3.624070436e-02 4.561766982e-02 5.549058318e-02 6.583341956e-02 7.661667466e-02
 8.780655265e-02 9.936377406e-02 1.112424359e-01 1.233885586e-01 1.357387304e-01
 1.482188106e-01 1.607430577e-01 1.732140779e-01 1.855238378e-01 1.975562274e-01
 2.091913521e-01 2.203110158e-01 2.308050394e-01 2.405773103e-01 2.495504022e-01
 2.576681972e-01 2.648962736e-01 2.712200582e-01 2.766420245e-01 2.811782062e-01
 7.693263888e-02 7.670149952e-02 7.119436562e-02 6.437812746e-02 5.803056806e-02
 5.209885165e-02 4.653453827e-02 4.128846526e-02 3.631601110e-02 3.157931939e-02
 2.704773843e-02 2.269734070e-02 1.851013303e-02 1.447317190e-02 1.057753339e-02
 6.816635840e-03 3.167946357e-03-3.157653264e-04-3.582477570e-03-6.581556983e-03
-9.264165536e-03-1.158341765e-02-1.349446923e-02-1.495463960e-02-1.592358947e-02
-1.636350900e-02-1.623938791e-02-1.551936939e-02-1.417523250e-02-1.218303107e-02
-9.524324909e-03-6.188075058e-03-2.172187669e-03 2.517341170e-03 7.860384881e-03
 1.380766276e-02 2.033789456e-02 2.744985186e-02 3.512810916e-02 4.336130247e-02
 5.213621259e-02 6.143860891e-02 7.125242054e-02 8.155900985e-02 9.233623743e-02
 1.035571769e-01 1.151885837e-01 1.271888614e-01 1.395056695e-01 1.520731896e-01
 1.648090482e-01 1.776116192e-01 1.903578937e-01 2.029035389e-01 2.150859237e-01
 2.267314494e-01 2.376672924e-01 2.477357686e-01 2.568089366e-01 2.647997737e-01
 2.716681957e-01 2.774211764e-01 2.821065187e-01 2.858025432e-01 2.886046469e-01
 6.983065605e-02 6.946482509e-02 6.432332844e-02 5.787617713e-02 5.203896016e-02
 4.672576860e-02 4.184533656e-02 3.731970489e-02 3.308748454e-02 2.910254151e-02
 2.533130720e-02 2.175018750e-02 1.834343560e-02 1.510157622e-02 1.202027127e-02
 9.099621326e-03 6.344056688e-03 3.748581745e-03 1.362294075e-03-7.672559586e-04
-2.594693098e-03-4.076424986e-03-5.170742981e-03-5.838089157e-03-6.041887216e-03
-5.748898722e-03-4.929753952e-03-3.559628036e-03-1.618755981e-03 9.081792086e-04
 4.030799028e-03 7.746900897e-03 1.203387231e-02 1.688493602e-02 2.230758220e-02
 2.829770744e-02 3.485031426e-02 4.196196049e-02 4.962829873e-02 5.784503371e-02
 6.660751998e-02 7.591052353e-02 8.574780822e-02 9.611140937e-02 1.069907174e-01
 1.183710992e-01 1.302320361e-01 1.425444484e-01 1.552672684e-01 1.683427691e-01
 1.816905737e-01 1.952007413e-01 2.087260485e-01 2.220758498e-01 2.350148857e-01
 2.472723722e-01 2.585655451e-01 2.686346173e-01 2.772786021e-01 2.843806744e-01
 2.899193168e-01 2.939668894e-01 2.966760993e-01 2.982531190e-01 2.989216447e-01
 5.974173546e-02 5.910584331e-02 5.426647514e-02 4.854133725e-02 4.365018755e-02
 3.935466334e-02 3.548514470e-02 3.193419427e-02 2.863474376e-02 2.554501221e-02
 2.263939008e-02 1.990304142e-02 1.732869446e-02 1.491475664e-02 1.266430318e-02
 1.058475580e-02 8.688246831e-03 6.980806589e-03 5.473779514e-03 4.211511463e-03
 3.232235555e-03 2.574253362e-03 2.274538158e-03 2.369621303e-03 2.890329808e-03
 3.863517661e-03 5.311070941e-03 7.247814909e-03 9.677503258e-03 1.260520052e-02
 1.604665630e-02 2.000969090e-02 2.449662983e-02 2.950984426e-02 3.505299985e-02
 4.112897068e-02 4.774042219e-02 5.489040166e-02 6.258236617e-02 7.082038373e-02
 7.960918546e-02 8.895409852e-02 9.886093438e-02 1.093356162e-01 1.203835756e-01
 1.320087910e-01 1.442120969e-01 1.569888592e-01 1.703248620e-01 1.841906756e-01
 1.985327303e-01 2.132604718e-01 2.282277346e-01 2.432080507e-01 2.578670382e-01
 2.717499435e-01 2.843221426e-01 2.950785160e-01 3.036555648e-01 3.098759651e-01
 3.137464821e-01 3.154530823e-01 3.153536022e-01 3.139297366e-01 3.116734624e-01
 4.486570507e-02 4.336859286e-02 3.946268559e-02 3.580057621e-02 3.283007443e-02
 3.017155640e-02 2.770404145e-02 2.537874877e-02 2.317561768e-02 2.108817175e-02
 1.911717653e-02 1.726767793e-02 1.554751582e-02 1.396665536e-02 1.253690757e-02
 1.127193402e-02 1.018734928e-02 9.300716221e-03 8.634377271e-03 8.213463239e-03
 8.044540882e-03 8.162875660e-03 8.594581857e-03 9.388264269e-03 1.055905409e-02
 1.212683134e-02 1.410891581e-02 1.651946269e-02 1.936956868e-02 2.266924083e-02
 2.642864361e-02 3.065660410e-02 3.536064550e-02 4.054789618e-02 4.622568935e-02
 5.240172893e-02 5.908435583e-02 6.628294289e-02 7.400815189e-02 8.227227628e-02
 9.108951688e-02 1.004763246e-01 1.104516685e-01 1.210373342e-01 1.322580427e-01
 1.441415846e-01 1.567183733e-01 1.700206399e-01 1.840802580e-01 1.989248097e-01
 2.145701349e-01 2.310071290e-01 2.481779605e-01 2.659317255e-01 2.839336395e-01
 3.014667630e-01 3.172224164e-01 3.299023509e-01 3.389202058e-01 3.441275656e-01
 3.455828130e-01 3.435541987e-01 3.386960328e-01 3.322913647e-01 3.256911039e-01
 2.438513935e-02 2.043186501e-02 2.059016749e-02 2.113000862e-02 2.083896101e-02
 2.014128864e-02 1.922699250e-02 1.819906384e-02 1.712315157e-02 1.604612544e-02
 1.500415429e-02 1.402676478e-02 1.313916035e-02 1.236370392e-02 1.172097214e-02
 1.123054326e-02 1.091160253e-02 1.078340318e-02 1.086563617e-02 1.117800456e-02
 1.173922420e-02 1.257093064e-02 1.369520277e-02 1.513503306e-02 1.690912992e-02
 1.903413236e-02 2.152474597e-02 2.439386025e-02 2.765286155e-02 3.131218255e-02
 3.538176417e-02 3.987118229e-02 4.478993267e-02 5.014778674e-02 5.595522374e-02
 6.222373992e-02 6.896623969e-02 7.619740069e-02 8.393406868e-02 9.219573438e-02
 1.010051370e-01 1.103888154e-01 1.203780547e-01 1.310098022e-01 1.423279941e-01
 1.543850154e-01 1.672437191e-01 1.809794754e-01 1.956826150e-01 2.114606500e-01
 2.284398377e-01 2.467646301e-01 2.665939927e-01 2.880963087e-01 3.114580512e-01
 3.370078504e-01 3.598667681e-01 3.754807711e-01 3.849791586e-01 3.889524639e-01
 3.868960738e-01 3.792767525e-01 3.653443456e-01 3.495750129e-01 3.375585973e-01
 1.021934301e-02 5.478585139e-03 6.548820995e-03 8.682807907e-03 9.985754266e-03
 1.069905795e-02 1.101268921e-02 1.106616668e-02 1.096182317e-02 1.077626832e-02
 1.056830399e-02 1.038420014e-02 1.026131213e-02 1.023063250e-02 1.031863503e-02
 1.054862700e-02 1.094172150e-02 1.151753217e-02 1.229462214e-02 1.329072937e-02
 1.452293340e-02 1.600808091e-02 1.776256971e-02 1.980203390e-02 2.214068174e-02
 2.479130030e-02 2.776539698e-02 3.107340261e-02 3.472495079e-02 3.872925788e-02
 4.309547693e-02 4.783304781e-02 5.295204371e-02 5.846354365e-02 6.437996775e-02
 7.071547210e-02 7.748623192e-02 8.471092582e-02 9.241105616e-02 1.006115898e-01
 1.093415618e-01 1.186350137e-01 1.285321712e-01 1.390810311e-01 1.503395289e-01
 1.623785198e-01 1.752857566e-01 1.891714931e-01 2.041762471e-01 2.204814553e-01
 2.383239716e-01 2.580146194e-01 2.799586058e-01 3.046730757e-01 3.327966332e-01
 3.628543615e-01 3.858073950e-01 4.014704525e-01 4.102494121e-01 4.118497372e-01
 4.064822495e-01 3.931080699e-01 3.730708361e-01 3.557960987e-01 3.418800533e-01
 5.836099735e-04-4.546076059e-03-3.265644656e-03-7.067128317e-04 1.219309750e-03
 2.640154213e-03 3.679598682e-03 4.450127017e-03 5.047089420e-03 5.548335612e-03
 6.016307976e-03 6.500887685e-03 7.042201236e-03 7.673033979e-03 8.420757949e-03
 9.308787994e-03 1.035762206e-02 1.158555970e-02 1.300917659e-02 1.464361139e-02
 1.650276408e-02 1.859943569e-02 2.094535530e-02 2.355114371e-02 2.642628178e-02
 2.957917564e-02 3.301732987e-02 3.674761951e-02 4.077660292e-02 4.511093348e-02
 4.975776374e-02 5.472517014e-02 6.002259627e-02 6.566119194e-02 7.165421546e-02
 7.801729441e-02 8.476871252e-02 9.192973375e-02 9.952487051e-02 1.075823456e-01
 1.161346585e-01 1.252194643e-01 1.348807663e-01 1.451705396e-01 1.561511755e-01
 1.678987741e-01 1.805078089e-01 1.940981150e-01 2.088250369e-01 2.248951197e-01
 2.425910383e-01 2.623124123e-01 2.846415639e-01 3.104257882e-01 3.405612111e-01
 3.671699166e-01 3.871939182e-01 4.006693363e-01 4.073998928e-01 4.073495269e-01
 3.993356228e-01 3.827096224e-01 3.647467792e-01 3.497365713e-01 3.371066451e-01
-5.594756454e-03-1.098878868e-02-1.013926696e-02-7.625779137e-03-5.601257086e-03
-3.976981621e-03-2.648630645e-03-1.519187586e-03-5.056202644e-04 4.595547798e-04
 1.429712051e-03 2.446799073e-03 3.544155508e-03 4.748923704e-03 6.083860062e-03
 7.568568923e-03 9.220259264e-03 1.105416566e-02 1.308375038e-02 1.532079466e-02
 1.777545549e-02 2.045632340e-02 2.337048575e-02 2.652362362e-02 2.992015146e-02
 3.356341273e-02 3.745594248e-02 4.159984738e-02 4.599721730e-02 5.065064877e-02
 5.556380004e-02 6.074197590e-02 6.619266421e-02 7.192598283e-02 7.795505226e-02
 8.429615200e-02 9.096888453e-02 9.799614549e-02 1.054041758e-01 1.132225990e-01
 1.214847267e-01 1.302279830e-01 1.394946277e-01 1.493330598e-01 1.597992778e-01
 1.709593982e-01 1.828926206e-01 1.956957579e-01 2.094895840e-01 2.244279683e-01
 2.407125533e-01 2.586176097e-01 2.785404921e-01 3.011529446e-01 3.252903819e-01
 3.455351591e-01 3.610473871e-01 3.715469241e-01 3.769297004e-01 3.763822317e-01
 3.696191311e-01 3.573564589e-01 3.455966711e-01 3.348689675e-01 3.252120018e-01
-9.544760920e-03-1.530655287e-02-1.466474123e-02-1.252198406e-02-1.082596369e-02
-9.423643351e-03-8.184198290e-03-7.007298060e-03-5.822204519e-03-4.581285641e-03
-3.252662020e-03-1.814056188e-03-2.483960998e-04 1.458928222e-03 3.321493510e-03
 5.352336913e-03 7.563865744e-03 9.967487305e-03 1.257315930e-02 1.538902894e-02
 1.842120662e-02 2.167370729e-02 2.514853701e-02 2.884587273e-02 3.276428208e-02
 3.690104187e-02 4.125245661e-02 4.581429809e-02 5.058237165e-02 5.555324256e-02
 6.072507426e-02 6.609852612e-02 7.167759538e-02 7.747030258e-02 8.348904550e-02
 8.975066990e-02 9.627620876e-02 1.030904204e-01 1.102211624e-01 1.176989079e-01
 1.255563200e-01 1.338281035e-01 1.425510794e-01 1.517645419e-01 1.615106463e-01
 1.718350649e-01 1.827874035e-01 1.944212914e-01 2.067935169e-01 2.199607491e-01
 2.339710444e-01 2.488427162e-01 2.645125389e-01 2.807196379e-01 2.966802716e-01
 3.107702732e-01 3.220956922e-01 3.302017748e-01 3.347958922e-01 3.357283771e-01
 3.331229091e-01 3.281584680e-01 3.221348524e-01 3.157235980e-01 3.093253374e-01
-1.054093614e-02-1.667539775e-02-1.680259034e-02-1.565520838e-02-1.490001008e-02
-1.421989407e-02-1.343205106e-02-1.245136745e-02-1.125145610e-02-9.834881872e-03
-8.214667439e-03-6.404122338e-03-4.411954433e-03-2.240737434e-03 1.126045536e-04
 2.655188553e-03 5.396154709e-03 8.344717324e-03 1.150858775e-02 1.489291526e-02
 1.849976927e-02 2.232809737e-02 2.637400851e-02 3.063118458e-02 3.509130329e-02
 3.974434733e-02 4.457887635e-02 4.958237708e-02 5.474185944e-02 6.004484370e-02
 6.548078358e-02 7.104272395e-02 7.672890276e-02 8.254402876e-02 8.849987388e-02
 9.461507946e-02 1.009141877e-01 1.074261740e-01 1.141827404e-01 1.212166846e-01
 1.285606921e-01 1.362464577e-01 1.443042159e-01 1.527623832e-01 1.616472006e-01
 1.709820628e-01 1.807860434e-01 1.910714507e-01 2.018392086e-01 2.130709887e-01
 2.247161269e-01 2.366703898e-01 2.487448305e-01 2.606285810e-01 2.718726099e-01
 2.819520831e-01 2.903953791e-01 2.968654037e-01 3.011796474e-01 3.033254743e-01
 3.034866154e-01 3.020333946e-01 2.994172275e-01 2.960487008e-01 2.922482193e-01
-7.061732002e-03-1.312722359e-02-1.590087451e-02-1.754674874e-02-1.884156093e-02
-1.946698502e-02-1.935726032e-02-1.860691980e-02-1.734166592e-02-1.567509212e-02
-1.369694248e-02-1.147032157e-02-9.032877162e-03-6.400776096e-03-3.574393224e-03
-5.445007700e-04 2.702107653e-03 6.178128533e-03 9.892611764e-03 1.384920068e-02
 1.804564334e-02 2.247437648e-02 2.712372877e-02 3.197923303e-02 3.702450544e-02
 4.224143550e-02 4.760985821e-02 5.310704932e-02 5.870775878e-02 6.438537687e-02
 7.011453807e-02 7.587467879e-02 8.165383339e-02 8.745151758e-02 9.327998757e-02
 9.916365147e-02 1.051365882e-01 1.112386733e-01 1.175114140e-01 1.239944547e-01
 1.307232231e-01 1.377278268e-01 1.450326145e-01 1.526560485e-01 1.606103480e-01
 1.689005792e-01 1.775231957e-01 1.864632964e-01 1.956905872e-01 2.051535845e-01
 2.147721350e-01 2.244285047e-01 2.339595854e-01 2.431542575e-01 2.517632246e-01
 2.595245540e-01 2.661994100e-01 2.716055512e-01 2.756401002e-01 2.782918811e-01
 2.796413302e-01 2.798451781e-01 2.791060209e-01 2.776372433e-01 2.756363750e-01
-2.743122634e-03-9.047991596e-03-1.497601718e-02-2.070198581e-02-2.584425360e-02
-2.749297768e-02-2.751487307e-02-2.646157146e-02-2.468110621e-02-2.241799235e-02
-1.984212361e-02-1.705848984e-02-1.411580481e-02-1.102005877e-02-7.750698831e-03
-4.275274929e-03-5.604001926e-04 3.420923371e-03 7.684811950e-03 1.223437581e-02
 1.706002653e-02 2.214227244e-02 2.745614573e-02 3.297547996e-02 3.867524117e-02
 4.453110695e-02 5.051674694e-02 5.659995973e-02 6.273945421e-02 6.888490170e-02
 7.498211414e-02 8.098263294e-02 8.685374260e-02 9.258545935e-02 9.819350392e-02
 1.037182212e-01 1.092185974e-01 1.147619039e-01 1.204126030e-01 1.262248158e-01
 1.322397888e-01 1.384864151e-01 1.449828744e-01 1.517381370e-01 1.587526202e-01
 1.660181880e-01 1.735171378e-01 1.812207401e-01 1.890868843e-01 1.970572025e-01
 2.050543278e-01 2.129795849e-01 2.207127213e-01 2.281148881e-01 2.350362539e-01
 2.413280904e-01 2.468574643e-01 2.515215874e-01 2.552589774e-01 2.580550909e-01
 2.599420846e-01 2.609920502e-01 2.613053024e-01 2.609969378e-01 2.601840794e-01
-4.258222179e-04-7.548287977e-03-1.530313771e-02-2.409577742e-02-3.381137550e-02
-3.916596621e-02-3.920045123e-02-3.661933541e-02-3.344075009e-02-2.996106446e-02
-2.641268075e-02-2.291249111e-02-1.946169883e-02-1.598897018e-02-1.239712816e-02
-8.592275903e-03-4.496921785e-03-5.542939471e-05 4.762208089e-03 9.956827387e-03
 1.549974643e-02 2.134053037e-02 2.742286026e-02 3.369988501e-02 4.014039040e-02
 4.672528058e-02 5.343803018e-02 6.025137752e-02 6.711115688e-02 7.392366230e-02
 8.056495339e-02 8.691827208e-02 9.290672839e-02 9.850238264e-02 1.037279665e-01
 1.086614132e-01 1.134301201e-01 1.181759983e-01 1.230134219e-01 1.280158460e-01
 1.332242638e-01 1.386583447e-01 1.443240941e-01 1.502178609e-01 1.563282013e-01
 1.626365036e-01 1.691164523e-01 1.757333279e-01 1.824429482e-01 1.891905516e-01
 1.959101707e-01 2.025247514e-01 2.089473009e-01 2.150840312e-01 2.208389342e-01
 2.261200845e-01 2.308466136e-01 2.349553704e-01 2.384061217e-01 2.411843091e-01
 2.433011085e-01 2.447906435e-01 2.457050979e-01 2.461085916e-01 2.460710406e-01
 2.445445862e-03-4.866758361e-03-1.311144978e-02-2.277647704e-02-3.424516693e-02
-4.285623133e-02-4.725370184e-02-4.726194963e-02-4.286055267e-02-3.725071996e-02
-3.233707324e-02-2.821078710e-02-2.458335832e-02-2.111562714e-02-1.754027046e-02
-1.367141679e-02-9.378414601e-03-4.567488097e-03 8.200083394e-04 6.790920161e-03
 1.327073015e-02 2.010442317e-02 2.713501453e-02 3.427709639e-02 4.151448607e-02
 4.887053370e-02 5.638491362e-02 6.409512460e-02 7.200565934e-02 7.998329401e-02
 8.761171997e-02 9.456476569e-02 1.007395685e-01 1.061012745e-01 1.106482893e-01
 1.144653633e-01 1.179130599e-01 1.214481890e-01 1.252352744e-01 1.293056309e-01
 1.336551309e-01 1.382685006e-01 1.431262493e-01 1.482064128e-01 1.534844041e-01
 1.589323580e-01 1.645182967e-01 1.702052355e-01 1.759506464e-01 1.817059517e-01
 1.874166280e-01 1.930227429e-01 1.984602511e-01 2.036630958e-01 2.085660696e-01
 2.131081522e-01 2.172361016e-01 2.209077477e-01 2.240945697e-01 2.267831862e-01
 2.289753258e-01 2.306868732e-01 2.319454700e-01 2.327876389e-01 2.332556248e-01
 6.729153916e-03 5.976512330e-05-7.279058918e-03-1.540478319e-02-2.431620099e-02
-3.379238397e-02-4.211284965e-02-4.625506699e-02-4.574142396e-02-4.017761350e-02
-3.476630896e-02-3.141985834e-02-2.901259065e-02-2.647231519e-02-2.351180837e-02
-1.999310963e-02-1.580137014e-02-1.081521157e-02-4.895034246e-03 2.111836569e-03
 1.026109047e-02 1.877984405e-02 2.701843902e-02 3.503122926e-02 4.295130447e-02
 5.091775209e-02 5.907527357e-02 6.758944690e-02 7.667925954e-02 8.664608002e-02
 9.573194385e-02 1.033838242e-01 1.097945571e-01 1.148668751e-01 1.185531616e-01
 1.206495613e-01 1.218196005e-01 1.239062175e-01 1.266211569e-01 1.298076510e-01
 1.333695501e-01 1.372420192e-01 1.413773596e-01 1.457367539e-01 1.502853334e-01
 1.549891829e-01 1.598133892e-01 1.647211015e-01 1.696727574e-01 1.746259481e-01
 1.795355082e-01 1.843540370e-01 1.890329719e-01 1.935237348e-01 1.977795660e-01
 2.017573714e-01 2.054196298e-01 2.087361217e-01 2.116853297e-01 2.142551541e-01
 2.164430618e-01 2.182556093e-01 2.197072804e-01 2.208190262e-01 2.216165364e-01
 1.217199489e-02 6.607817486e-03 6.521718460e-04-5.693277810e-03-1.234186999e-02
-1.911405474e-02-2.575143054e-02-3.194142878e-02-3.535105288e-02-3.285383061e-02
-2.987330593e-02-2.908216044e-02-2.912967280e-02-2.799596637e-02-2.593318000e-02
-2.300605550e-02-1.916491613e-02-1.429964788e-02-8.222728036e-03-5.819642683e-04
 9.270422161e-03 1.932387054e-02 2.826163173e-02 3.662118688e-02 4.472750425e-02
 5.280967802e-02 6.106616184e-02 6.970708072e-02 7.899357378e-02 8.920724690e-02
 9.851592034e-02 1.062558144e-01 1.125999242e-01 1.174928397e-01 1.208321899e-01
 1.223774999e-01 1.229341030e-01 1.244149953e-01 1.265610456e-01 1.291902959e-01
 1.321909726e-01 1.354923844e-01 1.390453428e-01 1.428106129e-01 1.467529237e-01
 1.508383006e-01 1.550325751e-01 1.593009233e-01 1.636075974e-01 1.679157615e-01
 1.721877158e-01 1.763852835e-01 1.804704517e-01 1.844061464e-01 1.881572902e-01
 1.916918010e-01 1.949817985e-01 1.980043948e-01 2.007425129e-01 2.031853944e-01
 2.053285241e-01 2.071735114e-01 2.087275386e-01 2.100024819e-01 2.110140026e-01
 0.220569038E+01 0.223031640E+01 0.224368644E+01 0.225816989E+01 0.227778268E+01
 0.229004788E+01 0.230294323E+01 0.231541681E+01 0.232723236E+01 0.233957291E+01
 0.235119295E+01 0.236288309E+01 0.237464404E+01 0.238625097E+01 0.239797163E+01
 0.240981674E+01 0.242181587E+01 0.243387485E+01 0.244630432E+01 0.245927167E+01
 0.247225714E+01 0.248580980E+01 0.249984312E+01 0.251450777E+01 0.252952671E+01
 0.254534817E+01 0.256176138E+01 0.257914305E+01 0.259716988E+01 0.261607409E+01
 0.263597560E+01 0.265702868E+01 0.267913318E+01 0.270237350E+01 0.272689247E+01
 0.275284266E+01 0.278048277E+01 0.280961943E+01 0.284047031E+01 0.287325215E+01
 0.290807343E+01 0.294529533E+01 0.298492861E+01 0.302721214E+01 0.307247543E+01
 0.312109280E+01 0.317334509E+01 0.322965860E+01 0.329055619E+01 0.335654449E+01
 0.342849255E+01 0.350692892E+01 0.359341931E+01 0.368879461E+01 0.379506111E+01
 0.391399479E+01 0.404973602E+01 0.420531464E+01 0.438736105E+01 0.460473061E+01
 0.487555742E+01 0.522850990E+01 0.573031330E+01 0.659761333E+01 0.153953056E+02
   90   86
 0.106797385E+01-0.100000001E+00 0.106581450E+01 0.000000000E+00 0.106940985E+01
 0.100000001E+00 0.107847548E+01 0.198466539E+00 0.108497965E+01 0.250000000E+00
 0.110149407E+01 0.349999994E+00 0.111098635E+01 0.400000006E+00 0.113187528E+01
 0.497936487E+00 0.114371490E+01 0.550000012E+00 0.115875006E+01 0.612302899E+00
 0.118125963E+01 0.699999988E+00 0.119460607E+01 0.750000000E+00 0.121187496E+01
 0.812723160E+00 0.123818374E+01 0.895598292E+00 0.126151633E+01 0.949629307E+00
 0.129156256E+01 0.991795897E+00 0.131949389E+01 0.100678241E+01 0.137125003E+01
 0.101179790E+01 0.142185271E+01 0.100358725E+01 0.145093751E+01 0.996681690E+00
 0.150406253E+01 0.980609059E+00 0.155718756E+01 0.959030449E+00 0.158375001E+01
 0.946669579E+00 0.163687503E+01 0.920360267E+00 0.167071795E+01 0.899999976E+00
 0.171656251E+01 0.872296572E+00 0.174786997E+01 0.850000024E+00 0.179624999E+01
 0.814808488E+00 0.182281256E+01 0.793271542E+00 0.187282419E+01 0.750000000E+00
 0.190250003E+01 0.723153949E+00 0.192906249E+01 0.696877718E+00 0.197369623E+01
 0.649999976E+00 0.200874996E+01 0.610168993E+00 0.203531241E+01 0.577195644E+00
 0.206187510E+01 0.541419029E+00 0.209013152E+01 0.500000000E+00 0.212074566E+01
 0.449999988E+00 0.214800453E+01 0.400000006E+00 0.217234302E+01 0.349999994E+00
 0.219468760E+01 0.298289359E+00 0.222125006E+01 0.226864338E+00 0.224407911E+01
 0.150000006E+00 0.225485325E+01 0.100000001E+00 0.226500058E+01 0.000000000E+00
 0.225954986E+01-0.100000001E+00 0.224781251E+01-0.165158451E+00 0.222596526E+01
-0.250000000E+00 0.220968819E+01-0.300000012E+00 0.219137192E+01-0.349999994E+00
 0.216812491E+01-0.407097399E+00 0.214156246E+01-0.464770973E+00 0.211500001E+01
-0.515909731E+00 0.208843756E+01-0.561708689E+00 0.206187510E+01-0.603181779E+00
 0.202882028E+01-0.649999976E+00 0.199029160E+01-0.699999988E+00 0.195562506E+01
-0.741786659E+00 0.192906249E+01-0.772176862E+00 0.190110755E+01-0.802083731E+00
 0.185419202E+01-0.850000024E+00 0.182281256E+01-0.880867839E+00 0.179624999E+01
-0.904863834E+00 0.174552453E+01-0.947946489E+00 0.171656251E+01-0.971708179E+00
 0.167681730E+01-0.100000000E+01 0.163687503E+01-0.102818465E+01 0.159980857E+01
-0.104999995E+01 0.155718756E+01-0.107530212E+01 0.150855327E+01-0.109866166E+01
 0.147749996E+01-0.111386788E+01 0.142437506E+01-0.113581705E+01 0.138001847E+01
-0.114999998E+01 0.134468746E+01-0.116207361E+01 0.129156256E+01-0.117567825E+01
 0.123843753E+01-0.118247736E+01 0.118298066E+01-0.117550743E+01 0.118407667E+01
-0.110000002E+01 0.118331528E+01-0.102499998E+01 0.117957044E+01-0.949999988E+00
 0.117111218E+01-0.850000024E+00 0.116222024E+01-0.774999976E+00 0.114978433E+01
-0.692269564E+00 0.113888431E+01-0.623313308E+00 0.112426865E+01-0.535023570E+00
 0.111297274E+01-0.466496110E+00 0.109917963E+01-0.380516410E+00 0.108765888E+01
-0.300000012E+00 0.107813990E+01-0.224999994E+00 0.107179987E+01-0.150000006E+00
 0.101600003E+01 0.000000000E+00 0.101600003E+01 0.963999987E+00 0.101600003E+01
 0.967999995E+00 0.101600003E+01 0.100100005E+01 0.101600003E+01 0.101900005E+01
 0.101600003E+01 0.107700002E+01 0.101600003E+01 0.107000005E+01 0.101600003E+01
 0.109599996E+01 0.101600003E+01 0.111300004E+01 0.101600003E+01 0.113800001E+01
 0.101600003E+01 0.114699996E+01 0.101199996E+01 0.116499996E+01 0.100100005E+01
 0.121700001E+01 0.102900004E+01 0.121700001E+01 0.104200006E+01 0.116240001E+01
 0.104600000E+01 0.116237998E+01 0.105599999E+01 0.116260004E+01 0.109700000E+01
 0.116450000E+01 0.110800004E+01 0.116594005E+01 0.111600006E+01 0.116591001E+01
 0.113399994E+01 0.116895998E+01 0.114800000E+01 0.117174995E+01 0.116199994E+01
 0.117556000E+01 0.118099999E+01 0.118299997E+01 0.118200004E+01 0.118350005E+01
 0.118499994E+01 0.118499994E+01 0.119000006E+01 0.118799996E+01 0.119500005E+01
 0.119099998E+01 0.120099998E+01 0.119599998E+01 0.120899999E+01 0.120200002E+01
 0.121500003E+01 0.120799994E+01 0.122200000E+01 0.121399999E+01 0.122800004E+01
 0.122099996E+01 0.123399997E+01 0.123099995E+01 0.123899996E+01 0.123800004E+01
 0.124199998E+01 0.124399996E+01 0.124800003E+01 0.125399995E+01 0.125800002E+01
 0.127800000E+01 0.126300001E+01 0.128999996E+01 0.127999997E+01 0.133099997E+01
 0.127999997E+01 0.134700000E+01 0.127999997E+01 0.134800005E+01 0.130999994E+01
 0.134800005E+01 0.132799995E+01 0.134800005E+01 0.136099994E+01 0.134800005E+01
 0.138000000E+01 0.134800005E+01 0.141900003E+01 0.134800005E+01 0.141900003E+01
 0.130999994E+01 0.137199998E+01 0.130999994E+01 0.137199998E+01 0.129200006E+01
 0.160800004E+01 0.109500003E+01 0.164699996E+01 0.107700002E+01 0.178499997E+01
 0.107700002E+01 0.206999993E+01 0.103999996E+01 0.212800002E+01 0.992999971E+00
 0.224499989E+01 0.708999991E+00 0.232299995E+01 0.518999994E+00 0.237700009E+01
 0.388999999E+00 0.236249995E+01 0.400000006E+00 0.236443496E+01 0.222000003E+00
 0.236496902E+01 0.133000001E+00 0.236532402E+01 0.439999998E-01 0.236512089E+01
-0.439999998E-01 0.236484194E+01-0.133000001E+00 0.236433411E+01-0.222000003E+00
 0.236249995E+01-0.400000006E+00 0.237700009E+01-0.388999999E+00 0.213400006E+01
-0.972999990E+00 0.178600001E+01-0.117400002E+01 0.176800001E+01-0.121099997E+01
 0.176800001E+01-0.125000000E+01 0.168200004E+01-0.125000000E+01 0.137199998E+01
-0.125000000E+01 0.137199998E+01-0.132900000E+01 0.141999996E+01-0.132900000E+01
 0.141999996E+01-0.136300004E+01 0.127300000E+01-0.136300004E+01 0.115300000E+01
-0.136300004E+01 0.101600003E+01-0.122300005E+01 0.101600003E+01-0.122300005E+01
 0.101600003E+01-0.829999983E+00 0.101600003E+01-0.800000012E+00 0.101600003E+01
-0.414999992E+00 0.101600003E+01-0.400000006E+00 0.101600003E+01-0.100000005E-02
 0.101600003E+01 0.000000000E+00
    0 0.169550002E+01    0
 0.000000000E+00 0.106095567E+00 0.150493130E+00 0.184708223E+00 0.212349012E+00
 0.238086849E+00 0.261505485E+00 0.283062190E+00 0.303250462E+00 0.322252572E+00
 0.340282083E+00 0.357498050E+00 0.374028027E+00 0.389867932E+00 0.405238599E+00
 0.420097113E+00 0.434502393E+00 0.448506087E+00 0.462211490E+00 0.475552797E+00
 0.488580585E+00 0.501358867E+00 0.513901353E+00 0.526213646E+00 0.538297117E+00
 0.550189435E+00 0.561914206E+00 0.573481798E+00 0.584895551E+00 0.596158504E+00
 0.607303619E+00 0.618324518E+00 0.629263937E+00 0.640092254E+00 0.650834441E+00
 0.661497712E+00 0.672098875E+00 0.682644367E+00 0.693132997E+00 0.703593373E+00
 0.714018345E+00 0.724419951E+00 0.734805703E+00 0.745187581E+00 0.755573511E+00
 0.765984774E+00 0.776426017E+00 0.786897659E+00 0.797418833E+00 0.808001161E+00
 0.818678021E+00 0.829427004E+00 0.840317309E+00 0.851323485E+00 0.862500906E+00
 0.873835921E+00 0.885433674E+00 0.897275805E+00 0.909448445E+00 0.921983719E+00
 0.935063839E+00 0.948774338E+00 0.963377774E+00 0.979516625E+00 0.100000000E+01
    0
