  EFITD    06/25/2013    #1553423000.0ms  EFIT01   0  65  65
 0.170000005E+01 0.320000005E+01 0.169550002E+01 0.839999974E+00 0.000000000E+00
 0.180393445E+01-0.148333237E-01-0.172125906E+00 0.858147070E-02 0.165757740E+01
 0.102169719E+07-0.172125906E+00 0.000000000E+00 0.180393445E+01 0.000000000E+00
-0.148333237E-01 0.000000000E+00 0.858147070E-02 0.000000000E+00 0.000000000E+00
 0.276969433E+01 0.277163744E+01 0.277351213E+01 0.277531981E+01 0.277706146E+01
 0.277873898E+01 0.278035331E+01 0.278190613E+01 0.278339839E+01 0.278483176E+01
 0.278620744E+01 0.278752685E+01 0.278879142E+01 0.279000211E+01 0.279116058E+01
 0.279226804E+01 0.279332590E+01 0.279433513E+01 0.279529715E+01 0.279621339E+01
 0.279708505E+01 0.279791355E+01 0.279869986E+01 0.279944539E+01 0.280015182E+01
 0.280081964E+01 0.280145097E+01 0.280204630E+01 0.280260754E+01 0.280313540E+01
 0.280363131E+01 0.280409694E+01 0.280453300E+01 0.280494094E+01 0.280532193E+01
 0.280567741E+01 0.280600858E+01 0.280631638E+01 0.280660248E+01 0.280686808E+01
 0.280711412E+01 0.280734205E+01 0.280755305E+01 0.280774832E+01 0.280792904E+01
 0.280809689E+01 0.280825281E+01 0.280839777E+01 0.280853343E+01 0.280866051E+01
 0.280878091E+01 0.280889535E+01 0.280900550E+01 0.280911231E+01 0.280921698E+01
 0.280932093E+01 0.280942512E+01 0.280953097E+01 0.280963969E+01 0.280975270E+01
 0.280987120E+01 0.280999589E+01 0.281012869E+01 0.281027055E+01 0.281042266E+01
 0.978100156E+05 0.952361797E+05 0.926955312E+05 0.901880859E+05 0.877138281E+05
 0.852727578E+05 0.828648828E+05 0.804902031E+05 0.781487109E+05 0.758404141E+05
 0.735653047E+05 0.713233906E+05 0.691146641E+05 0.669391406E+05 0.647968008E+05
 0.626876562E+05 0.606117070E+05 0.585689453E+05 0.565593750E+05 0.545830000E+05
 0.526398164E+05 0.507298242E+05 0.488530234E+05 0.470094180E+05 0.451990039E+05
 0.434217773E+05 0.416777461E+05 0.399669102E+05 0.382892617E+05 0.366448086E+05
 0.350335430E+05 0.334554766E+05 0.319105996E+05 0.303989121E+05 0.289204199E+05
 0.274751191E+05 0.260630098E+05 0.246840938E+05 0.233383691E+05 0.220258379E+05
 0.207464961E+05 0.195003496E+05 0.182873945E+05 0.171076309E+05 0.159610596E+05
 0.148476807E+05 0.137674941E+05 0.127204990E+05 0.117066973E+05 0.107260869E+05
 0.977866895E+04 0.886444238E+04 0.798340967E+04 0.713556836E+04 0.632091943E+04
 0.553946240E+04 0.479119775E+04 0.407612549E+04 0.339424512E+04 0.274555713E+04
 0.213006128E+04 0.154775757E+04 0.998646240E+03 0.482726990E+03 0.000000000E+00
 0.194112670E+01 0.187448645E+01 0.180907655E+01 0.174489748E+01 0.168194890E+01
 0.162023091E+01 0.155974340E+01 0.150048649E+01 0.144246030E+01 0.138566458E+01
 0.133009934E+01 0.127576494E+01 0.122266090E+01 0.117078745E+01 0.112014472E+01
 0.107073247E+01 0.102255082E+01 0.975599647E+00 0.929879189E+00 0.885389209E+00
 0.842129886E+00 0.800101101E+00 0.759302914E+00 0.719735324E+00 0.681398213E+00
 0.644291759E+00 0.608415902E+00 0.573770583E+00 0.540355861E+00 0.508171678E+00
 0.477218121E+00 0.447495133E+00 0.419002712E+00 0.391740859E+00 0.365709603E+00
 0.340908945E+00 0.317338824E+00 0.294999272E+00 0.273890316E+00 0.254011959E+00
 0.235364154E+00 0.217946932E+00 0.201760292E+00 0.186804220E+00 0.173078746E+00
 0.160583824E+00 0.149319500E+00 0.139285743E+00 0.130482569E+00 0.122909971E+00
 0.116567947E+00 0.111456513E+00 0.107575640E+00 0.104925357E+00 0.103505641E+00
 0.103316516E+00 0.104357958E+00 0.106629983E+00 0.110132590E+00 0.114865765E+00
 0.120829530E+00 0.128023863E+00 0.136448771E+00 0.146104261E+00 0.156990334E+00
-0.917581938E+06-0.905824312E+06-0.894066625E+06-0.882309000E+06-0.870551375E+06
-0.858793750E+06-0.847036062E+06-0.835278438E+06-0.823520812E+06-0.811763125E+06
-0.800005500E+06-0.788247875E+06-0.776490250E+06-0.764732562E+06-0.752974938E+06
-0.741217312E+06-0.729459688E+06-0.717702062E+06-0.705944375E+06-0.694186750E+06
-0.682429125E+06-0.670671500E+06-0.658913812E+06-0.647156188E+06-0.635398500E+06
-0.623640938E+06-0.611883250E+06-0.600125625E+06-0.588367938E+06-0.576610312E+06
-0.564852688E+06-0.553095062E+06-0.541337375E+06-0.529579750E+06-0.517822125E+06
-0.506064469E+06-0.494306812E+06-0.482549188E+06-0.470791531E+06-0.459033906E+06
-0.447276250E+06-0.435518594E+06-0.423760969E+06-0.412003312E+06-0.400245688E+06
-0.388488031E+06-0.376730406E+06-0.364972750E+06-0.353215125E+06-0.341457469E+06
-0.329699844E+06-0.317942188E+06-0.306184562E+06-0.294426906E+06-0.282669281E+06
-0.270911625E+06-0.259153984E+06-0.247396344E+06-0.235638688E+06-0.223881047E+06
-0.212123406E+06-0.200365766E+06-0.188608125E+06-0.176850469E+06-0.165092828E+06
 3.687238321e-02 3.430110216e-02 3.167750314e-02 2.895354480e-02 2.609864436e-02
 2.309082821e-02 1.989922859e-02 1.646469906e-02 1.276870258e-02 8.717764169e-03
 3.751616692e-03-2.841654234e-03-9.738544933e-03-1.425133273e-02-1.691878214e-02
-1.796118170e-02-1.742280647e-02-1.524147484e-02-1.121347491e-02-4.900739994e-03
 4.545328673e-03 1.443134341e-02 2.270969376e-02 3.009099513e-02 3.697615862e-02
 4.361566156e-02 5.019242689e-02 5.686568469e-02 6.380254030e-02 7.118296623e-02
 7.809671760e-02 8.425327390e-02 8.975927532e-02 9.455928952e-02 9.861669689e-02
 1.018224508e-01 1.045356989e-01 1.077266708e-01 1.112546027e-01 1.150378063e-01
 1.190306470e-01 1.232064888e-01 1.275464296e-01 1.320327222e-01 1.366457492e-01
 1.413630396e-01 1.461592168e-01 1.510061324e-01 1.558730453e-01 1.607269049e-01
 1.655327529e-01 1.702542156e-01 1.748541892e-01 1.792958677e-01 1.835436374e-01
 1.875643581e-01 1.913285404e-01 1.948114038e-01 1.979937702e-01 2.008627355e-01
 2.034118176e-01 2.056410015e-01 2.075561136e-01 2.091682702e-01 2.104927450e-01
 3.243555501e-02 2.955918759e-02 2.673816867e-02 2.393670566e-02 2.111371234e-02
 1.822691597e-02 1.528915949e-02 1.233288459e-02 9.288424626e-03 6.050298456e-03
 2.288195770e-03-2.104541985e-03-6.378746592e-03-9.501596913e-03-1.133691985e-02
-1.187886111e-02-1.110142656e-02-8.936347440e-03-5.269431975e-03 4.302809975e-05
 7.017444354e-03 1.458803192e-02 2.178938501e-02 2.862656675e-02 3.522590920e-02
 4.171684384e-02 4.822237045e-02 5.486797914e-02 6.179985404e-02 6.917873025e-02
 7.613064349e-02 8.235718310e-02 8.795596659e-02 9.290968627e-02 9.717535228e-02
 1.006399095e-01 1.036964357e-01 1.072674692e-01 1.112217903e-01 1.154758856e-01
 1.199789196e-01 1.246973649e-01 1.296061575e-01 1.346834302e-01 1.399071962e-01
 1.452534795e-01 1.506952792e-01 1.562018245e-01 1.617384404e-01 1.672663838e-01
 1.727432013e-01 1.781232357e-01 1.833586246e-01 1.884006113e-01 1.932012886e-01
 1.977155209e-01 2.019030452e-01 2.057303786e-01 2.091724426e-01 2.122136652e-01
 2.148482800e-01 2.170802355e-01 2.189221084e-01 2.203937620e-01 2.215206772e-01
 2.737121098e-02 2.429888397e-02 2.142852917e-02 1.871721447e-02 1.610378921e-02
 1.370102912e-02 1.147858240e-02 9.377983399e-03 7.355176378e-03 5.253315903e-03
 3.042439697e-03 8.417573408e-04-1.113546314e-03-2.555120504e-03-3.277609823e-03
-3.152127611e-03-2.098420868e-03-6.676748308e-05 2.958987374e-03 6.934734993e-03
 1.171305869e-02 1.704107411e-02 2.266333252e-02 2.842250466e-02 3.425848857e-02
 4.016871750e-02 4.617836326e-02 5.232261866e-02 5.863034353e-02 6.506239623e-02
 7.133188844e-02 7.724968344e-02 8.278728276e-02 8.793555945e-02 9.268895537e-02
 9.707029164e-02 1.013086066e-01 1.057232246e-01 1.103781387e-01 1.152747199e-01
 1.204037741e-01 1.257532984e-01 1.313097626e-01 1.370577365e-01 1.429788917e-01
 1.490511298e-01 1.552475542e-01 1.615357250e-01 1.678769588e-01 1.742259264e-01
 1.805305779e-01 1.867326200e-01 1.927685142e-01 1.985715330e-01 2.040743530e-01
 2.092124820e-01 2.139279842e-01 2.181730866e-01 2.219132334e-01 2.251290232e-01
 2.278169692e-01 2.299887240e-01 2.316691279e-01 2.328934371e-01 2.337040454e-01
 2.118911408e-02 1.794043183e-02 1.520475466e-02 1.291694306e-02 1.096338965e-02
 9.408610873e-03 8.160308935e-03 7.035521325e-03 5.926399492e-03 4.821439739e-03
 3.751056269e-03 2.788873855e-03 2.043479588e-03 1.638610964e-03 1.690702164e-03
 2.294260310e-03 3.516285447e-03 5.394245032e-03 7.933020592e-03 1.110065170e-02
 1.482777204e-02 1.901786029e-02 2.356881090e-02 2.839446999e-02 3.343459219e-02
 3.865252435e-02 4.402631149e-02 4.953709617e-02 5.515567213e-02 6.083020568e-02
 6.648896635e-02 7.206562907e-02 7.751980424e-02 8.283921331e-02 8.803902566e-02
 9.316636622e-02 9.829990566e-02 1.035268232e-01 1.089135855e-01 1.144997999e-01
 1.203058884e-01 1.263403893e-01 1.326039582e-01 1.390911788e-01 1.457909346e-01
 1.526860744e-01 1.597526222e-01 1.669586301e-01 1.742628813e-01 1.816136837e-01
 1.889478415e-01 1.961904168e-01 2.032554597e-01 2.100484222e-01 2.164703012e-01
 2.224237174e-01 2.278199047e-01 2.325860262e-01 2.366711795e-01 2.400503904e-01
 2.427257895e-01 2.447246909e-01 2.460952997e-01 2.469006330e-01 2.472120970e-01
 1.285883039e-02 9.247217327e-03 7.016489748e-03 5.845294334e-03 5.239367485e-03
 4.967715591e-03 4.794645123e-03 4.629352596e-03 4.439483862e-03 4.230384715e-03
 4.035602324e-03 3.910674248e-03 3.926381469e-03 4.160443321e-03 4.688739777e-03
 5.577757489e-03 6.879151799e-03 8.626273833e-03 1.083224732e-02 1.348971669e-02
 1.657298394e-02 2.004302107e-02 2.385457605e-02 2.796317637e-02 3.232973814e-02
 3.692179546e-02 4.171186313e-02 4.667413607e-02 5.178117380e-02 5.700246245e-02
 6.230652332e-02 6.766617298e-02 7.306417078e-02 7.849691063e-02 8.397584409e-02
 8.952689171e-02 9.518687427e-02 1.009970978e-01 1.069964096e-01 1.132167652e-01
 1.196820363e-01 1.264085025e-01 1.334057897e-01 1.406774521e-01 1.482209414e-01
 1.560269743e-01 1.640783101e-01 1.723478734e-01 1.807963401e-01 1.893691272e-01
 1.979932785e-01 2.065746337e-01 2.149965465e-01 2.231213748e-01 2.307965308e-01
 2.378653437e-01 2.441816181e-01 2.496252656e-01 2.541151941e-01 2.576178312e-01
 2.601489723e-01 2.617693543e-01 2.625741363e-01 2.626790106e-01 2.622064054e-01
-3.187559778e-04-5.897104740e-03-5.084326956e-03-2.774724970e-03-1.042724354e-03
 3.458426218e-04 1.458918210e-03 2.341601765e-03 3.038053168e-03 3.597544739e-03
 4.075812176e-03 4.534310196e-03 5.038064439e-03 5.652560387e-03 6.440153345e-03
 7.456582971e-03 8.748042397e-03 1.034910139e-02 1.228168607e-02 1.455520093e-02
 1.716780849e-02 2.010873891e-02 2.336122468e-02 2.690544911e-02 3.072085790e-02
 3.478749469e-02 3.908637911e-02 4.359927028e-02 4.830842838e-02 5.319691449e-02
 5.824966729e-02 6.345536560e-02 6.880836189e-02 7.431015372e-02 7.997006178e-02
 8.580468595e-02 9.183637798e-02 9.809090197e-02 1.045948789e-01 1.113736853e-01
 1.184501722e-01 1.258439571e-01 1.335711330e-01 1.416439712e-01 1.500704885e-01
 1.588533223e-01 1.679881960e-01 1.774612963e-01 1.872453690e-01 1.972943395e-01
 2.075359374e-01 2.178627998e-01 2.281233668e-01 2.381162494e-01 2.475946397e-01
 2.562866509e-01 2.639299929e-01 2.703092098e-01 2.752839625e-01 2.788059711e-01
 2.809239328e-01 2.817742229e-01 2.815541029e-01 2.804853618e-01 2.787819505e-01
-1.003123820e-02-1.672423631e-02-1.449217927e-02-9.719104506e-03-6.048060954e-03
-3.200019011e-03-9.680902585e-04 7.901579374e-04 2.183065750e-03 3.301404882e-03
 4.226496909e-03 5.033847410e-03 5.794345867e-03 6.574342027e-03 7.434945554e-03
 8.430917747e-03 9.609426372e-03 1.100891177e-02 1.265875343e-02 1.457955968e-02
 1.678391173e-02 1.927749254e-02 2.206047811e-02 2.512900718e-02 2.847656980e-02
 3.209513798e-02 3.597599268e-02 4.011028633e-02 4.448955879e-02 4.910633713e-02
 5.395492166e-02 5.903228000e-02 6.433891505e-02 6.987954676e-02 7.566338778e-02
 8.170400560e-02 8.801874518e-02 9.462783486e-02 1.015534177e-01 1.088186428e-01
 1.164470017e-01 1.244618446e-01 1.328861862e-01 1.417423636e-01 1.510518789e-01
 1.608346254e-01 1.711077392e-01 1.818833500e-01 1.931646019e-01 2.049389184e-01
 2.171667069e-01 2.297627628e-01 2.425677627e-01 2.553103566e-01 2.675755024e-01
 2.788315713e-01 2.885510325e-01 2.963253260e-01 3.019025326e-01 3.051996529e-01
 3.063280284e-01 3.056074977e-01 3.034940064e-01 3.004412353e-01 2.968189716e-01
-1.380194072e-02-2.082565986e-02-1.793300919e-02-1.243375335e-02-7.980221882e-03
-4.410912283e-03-1.579703530e-03 6.487368373e-04 2.394993557e-03 3.765923670e-03
 4.856874701e-03 5.753552541e-03 6.532451138e-03 7.263072766e-03 8.008855395e-03
 8.827483281e-03 9.770423174e-03 1.088045165e-02 1.219258085e-02 1.373519283e-02
 1.553048659e-02 1.759492978e-02 1.993982121e-02 2.257203870e-02 2.549497969e-02
 2.870981023e-02 3.221631795e-02 3.601353616e-02 4.010032117e-02 4.447598755e-02
 4.914092645e-02 5.409724265e-02 5.934927240e-02 6.490402669e-02 7.077145576e-02
 7.696451247e-02 8.349908143e-02 9.039375186e-02 9.766960144e-02 1.053499579e-01
 1.134603843e-01 1.220287010e-01 1.310852766e-01 1.406634152e-01 1.507999301e-01
 1.615356356e-01 1.729160398e-01 1.849914640e-01 1.978165954e-01 2.114483714e-01
 2.259396464e-01 2.413238138e-01 2.575766742e-01 2.745267749e-01 2.916528583e-01
 3.074635565e-01 3.206401765e-01 3.306159377e-01 3.370313942e-01 3.396707773e-01
 3.385084569e-01 3.342604339e-01 3.285168111e-01 3.221433461e-01 3.156480491e-01
-1.237630751e-02-1.935823262e-02-1.657220535e-02-1.097433642e-02-6.394910626e-03
-2.728265245e-03 1.503245730e-04 2.369669499e-03 4.052201752e-03 5.309631582e-03
 6.242784206e-03 6.944721099e-03 7.488696370e-03 7.943358272e-03 8.372785524e-03
 8.838617243e-03 9.404733777e-03 1.011422556e-02 1.100307424e-02 1.210523304e-02
 1.345038041e-02 1.506320387e-02 1.696309261e-02 1.916393451e-02 2.167450264e-02
 2.450202778e-02 2.765263058e-02 3.113125265e-02 3.494189680e-02 3.908845410e-02
 4.357530922e-02 4.840779305e-02 5.359264091e-02 5.913837254e-02 6.505558640e-02
 7.135717571e-02 7.805854827e-02 8.517773449e-02 9.273560345e-02 1.007561013e-01
 1.092666313e-01 1.182986572e-01 1.278885007e-01 1.380785406e-01 1.489187926e-01
 1.604690403e-01 1.728018522e-01 1.860065013e-01 2.001947314e-01 2.155089974e-01
 2.321350425e-01 2.503227293e-01 2.704251111e-01 2.929929197e-01 3.184935749e-01
 3.415337503e-01 3.597116172e-01 3.728962243e-01 3.808060586e-01 3.827911615e-01
 3.786441684e-01 3.674378097e-01 3.550842404e-01 3.437303007e-01 3.334798813e-01
-6.434292998e-03-1.321978867e-02-1.066517923e-02-5.345547106e-03-1.150250435e-03
 2.053844975e-03 4.434245639e-03 6.145499181e-03 7.321483921e-03 8.074698038e-03
 8.497283794e-03 8.729796857e-03 8.786635473e-03 8.734665811e-03 8.630490862e-03
 8.522915654e-03 8.568966761e-03 8.762361482e-03 9.121644311e-03 9.693942964e-03
 1.051853411e-02 1.162894536e-02 1.305293664e-02 1.480964758e-02 1.690033078e-02
 1.933668368e-02 2.213138156e-02 2.529432997e-02 2.883177809e-02 3.275009990e-02
 3.705603629e-02 4.175661504e-02 4.685972631e-02 5.237445235e-02 5.831137300e-02
 6.468285620e-02 7.150343806e-02 7.879016548e-02 8.656301349e-02 9.484536946e-02
 1.036646739e-01 1.130533218e-01 1.230498031e-01 1.337003410e-01 1.450611502e-01
 1.572013646e-01 1.702075154e-01 1.841895580e-01 1.992900521e-01 2.156978250e-01
 2.336695641e-01 2.535646856e-01 2.759024501e-01 3.014456332e-01 3.312444091e-01
 3.617858589e-01 3.854746521e-01 4.022045434e-01 4.121174216e-01 4.151032269e-01
 4.101701379e-01 3.967563212e-01 3.773106933e-01 3.608626723e-01 3.470779359e-01
 4.218432121e-03-2.328615636e-03 3.759418032e-04 4.891442601e-03 7.963187061e-03
 9.988016449e-03 1.124016475e-02 1.191229001e-02 1.214285940e-02 1.203618664e-02
 1.167536061e-02 1.113173924e-02 1.045566797e-02 9.692411870e-03 8.881463669e-03
 8.056199178e-03 7.362490520e-03 6.836047862e-03 6.512891036e-03 6.432752125e-03
 6.636417471e-03 7.165842224e-03 8.066712879e-03 9.395321831e-03 1.104480866e-02
 1.306520030e-02 1.548898313e-02 1.833400875e-02 2.159519307e-02 2.528065257e-02
 2.939971536e-02 3.395918757e-02 3.896693140e-02 4.443173483e-02 5.036306381e-02
 5.677168816e-02 6.367016584e-02 7.107331604e-02 7.899866253e-02 8.746699244e-02
 9.650299698e-02 1.061361730e-01 1.164019555e-01 1.273432672e-01 1.390125155e-01
 1.514743567e-01 1.648094356e-01 1.791194528e-01 1.945342720e-01 2.112217247e-01
 2.294009626e-01 2.493600696e-01 2.714769542e-01 2.962392569e-01 3.242572248e-01
 3.560745716e-01 3.831317425e-01 4.025311470e-01 4.145382047e-01 4.192381799e-01
 4.168235064e-01 4.062899649e-01 3.874473870e-01 3.681673706e-01 3.527158499e-01
 2.312473208e-02 1.792097092e-02 1.870338060e-02 2.039413713e-02 2.086041681e-02
 2.069077641e-02 2.010977082e-02 1.923198998e-02 1.812907681e-02 1.685272716e-02
 1.544413529e-02 1.393807493e-02 1.236383803e-02 1.074735448e-02 9.111821651e-03
 7.477749139e-03 5.987332668e-03 4.681546707e-03 3.600435564e-03 2.784040989e-03
 2.272196580e-03 2.103887498e-03 2.315907739e-03 2.939506201e-03 3.991368692e-03
 5.503349937e-03 7.516376209e-03 1.008445024e-02 1.306287665e-02 1.650445536e-02
 2.043427713e-02 2.484621666e-02 2.974871546e-02 3.515110165e-02 4.105968028e-02
 4.748198017e-02 5.442707241e-02 6.190607697e-02 6.993239373e-02 7.852205634e-02
 8.769419044e-02 9.747167677e-02 1.078819409e-01 1.189579368e-01 1.307394058e-01
 1.432743669e-01 1.566208899e-01 1.708493531e-01 1.860447228e-01 2.023091018e-01
 2.197636068e-01 2.385487705e-01 2.588221729e-01 2.807527781e-01 3.045204878e-01
 3.303740323e-01 3.567837477e-01 3.757543564e-01 3.882607520e-01 3.948177695e-01
 3.952001631e-01 3.899010122e-01 3.780934513e-01 3.613220453e-01 3.478500247e-01
 5.007155612e-02 4.841032252e-02 4.361059517e-02 3.913713619e-02 3.569266945e-02
 3.269330040e-02 2.990806848e-02 2.723049559e-02 2.460694313e-02 2.200992405e-02
 1.942638494e-02 1.685184240e-02 1.428707596e-02 1.173634734e-02 9.206213057e-03
 6.704295985e-03 4.367871676e-03 2.236007480e-03 3.479441511e-04-1.256909687e-03
-2.539286623e-03-3.460578853e-03-3.983537201e-03-4.073060118e-03-3.696482861e-03
-2.820907859e-03-1.414517872e-03 5.492232740e-04 3.081228584e-03 6.214960478e-03
 1.000188757e-02 1.426032186e-02 1.904818043e-02 2.438915893e-02 3.027140722e-02
 3.669803962e-02 4.367312044e-02 5.120328441e-02 5.929679424e-02 6.796339154e-02
 7.721458375e-02 8.706401289e-02 9.752785414e-02 1.086250693e-01 1.203777567e-01
 1.328112036e-01 1.459537297e-01 1.598360240e-01 1.744895279e-01 1.899431348e-01
 2.062171549e-01 2.233121693e-01 2.411894947e-01 2.597351968e-01 2.786893845e-01
 2.974924743e-01 3.150149584e-01 3.297699392e-01 3.408676982e-01 3.480271399e-01
 3.512367010e-01 3.506801724e-01 3.468493521e-01 3.408215046e-01 3.341138363e-01
 6.906352192e-02 6.848345697e-02 6.199621782e-02 5.494265258e-02 4.898802191e-02
 4.379804432e-02 3.913233057e-02 3.482789919e-02 3.077620454e-02 2.690456063e-02
 2.316397801e-02 1.952145621e-02 1.595520601e-02 1.245190203e-02 9.005720727e-03
 5.619864911e-03 2.422508085e-03-5.519119441e-04-3.266181098e-03-5.681786686e-03
-7.759722415e-03-9.461027570e-03-1.074721571e-02-1.158060692e-02-1.192450989e-02
-1.174324285e-02-1.100273710e-02-9.671611711e-03-7.722019218e-03-5.127677694e-03
-1.868665917e-03 2.055832651e-03 6.671366282e-03 1.201871783e-02 1.788834296e-02
 2.432917990e-02 3.133453056e-02 3.891007230e-02 4.705961794e-02 5.578559265e-02
 6.509069353e-02 7.497814298e-02 8.545172215e-02 9.651556611e-02 1.081736758e-01
 1.204290539e-01 1.332822740e-01 1.467292309e-01 1.607578844e-01 1.753428727e-01
 1.904378533e-01 2.059637904e-01 2.217921764e-01 2.377218008e-01 2.534501553e-01
 2.685511112e-01 2.824907005e-01 2.947169244e-01 3.047866523e-01 3.124407232e-01
 3.176140487e-01 3.204284012e-01 3.211889863e-01 3.203566074e-01 3.184537590e-01
 8.108928800e-02 8.078185469e-02 7.427074015e-02 6.633400172e-02 5.917914957e-02
 5.268935487e-02 4.673444107e-02 4.119888693e-02 3.598776087e-02 3.102610633e-02
 2.625585534e-02 2.163233981e-02 1.712105423e-02 1.269470807e-02 8.330115117e-03
 4.111418501e-03 8.193797839e-05-3.717853455e-03-7.248284295e-03-1.046981104e-02
-1.334286854e-02-1.582792401e-02-1.788559742e-02-1.947679557e-02-2.056287229e-02
-2.110580914e-02-2.106855810e-02-2.041550539e-02-1.911295578e-02-1.712961867e-02
-1.443776675e-02-1.101420261e-02-6.837693043e-03-1.893606503e-03 3.814863507e-03
 1.031885203e-02 1.735882461e-02 2.499015443e-02 3.321048617e-02 4.200901464e-02
 5.137876794e-02 6.131234020e-02 7.180179656e-02 8.283809572e-02 9.441003203e-02
 1.065028906e-01 1.190966442e-01 1.321635842e-01 1.456650048e-01 1.595469713e-01
 1.737345159e-01 1.881249249e-01 2.025797963e-01 2.169177681e-01 2.309107333e-01
 2.442885786e-01 2.567576766e-01 2.680336535e-01 2.778798044e-01 2.861383259e-01
 2.927477360e-01 2.977460623e-01 3.012617528e-01 3.034913838e-01 3.046647608e-01
 8.944305778e-02 8.926884085e-02 8.247444034e-02 7.411325723e-02 6.634853780e-02
 5.911829323e-02 5.234801397e-02 4.596156627e-02 3.988844156e-02 3.406694904e-02
 2.844487317e-02 2.297878638e-02 1.763281040e-02 1.237719599e-02 7.186998613e-03
 2.158440650e-03-2.671518829e-03-7.264472544e-03-1.158135571e-02-1.558276080e-02
-1.922909357e-02-2.248065546e-02-2.529769950e-02-2.764048986e-02-2.946936339e-02
-3.074483760e-02-3.142778948e-02-3.147972748e-02-3.086317331e-02-2.954217233e-02
-2.748299576e-02-2.465500124e-02-2.103159949e-02-1.659236290e-02-1.132570021e-02
-5.229919683e-03 1.672530081e-03 9.392654523e-03 1.774556562e-02 2.666362189e-02
 3.614538163e-02 4.617309198e-02 5.672904104e-02 6.779466569e-02 7.934806496e-02
 9.136269242e-02 1.038059890e-01 1.166375130e-01 1.298066378e-01 1.432498544e-01
 1.568876654e-01 1.706215441e-01 1.843314022e-01 1.978746504e-01 2.110878527e-01
 2.237926126e-01 2.358060926e-01 2.469551116e-01 2.570916414e-01 2.661062181e-01
 2.739364207e-01 2.805695832e-01 2.860389054e-01 2.904145420e-01 2.937905788e-01
 9.466022253e-02 9.449420124e-02 8.748201281e-02 7.892503589e-02 7.086880505e-02
 6.324712932e-02 5.599753186e-02 4.906085506e-02 4.238353670e-02 3.591804579e-02
 2.962272614e-02 2.346140891e-02 1.740293577e-02 1.142051723e-02 5.490721669e-03
-2.779019414e-04-5.847130902e-03-1.117804646e-02-1.623128541e-02-2.096726187e-02
-2.534629963e-02-2.932867408e-02-3.287460282e-02-3.594419733e-02-3.849745914e-02
-4.049422219e-02-4.189424589e-02-4.265732318e-02-4.274354875e-02-4.211368784e-02
-4.072976112e-02-3.855586052e-02-3.555918485e-02-3.171156719e-02-2.699121833e-02
-2.138469182e-02-1.488923095e-02-7.512255572e-03 7.167008589e-04 9.780945256e-03
 1.945791766e-02 2.966117859e-02 4.036632553e-02 5.155411363e-02 6.319615990e-02
 7.525892556e-02 8.770350367e-02 1.004845500e-01 1.135489121e-01 1.268341839e-01
 1.402672976e-01 1.537633240e-01 1.672250479e-01 1.805434376e-01 1.935996115e-01
 2.062684596e-01 2.184239626e-01 2.299454361e-01 2.407240570e-01 2.506684065e-01
 2.597082555e-01 2.677960694e-01 2.749064267e-01 2.810338140e-01 2.861897051e-01
 9.668624401e-02 9.634519368e-02 8.959682286e-02 8.112286031e-02 7.307425141e-02
 6.535004824e-02 5.788340792e-02 5.062936246e-02 4.355212301e-02 3.662021458e-02
 2.980487794e-02 2.307982184e-02 1.642153598e-02 9.810362011e-03 3.233206924e-03
-3.190418240e-03-9.421427734e-03-1.541947573e-02-2.114400268e-02-2.655463479e-02
-3.161129355e-02-3.627415746e-02-4.050353169e-02-4.425970465e-02-4.750278965e-02
-5.019257963e-02-5.228849128e-02-5.374952406e-02-5.453441292e-02-5.460181460e-02
-5.391075462e-02-5.242125690e-02-5.009520054e-02-4.689750075e-02-4.279755428e-02
-3.777099401e-02-3.180170059e-02-2.488402091e-02-1.702589355e-02-8.250346407e-03
 1.394881285e-03 1.187765505e-02 2.281593718e-02 3.424050659e-02 4.610189423e-02
 5.836036801e-02 7.097426057e-02 8.389794081e-02 9.708082676e-02 1.104666516e-01
 1.239928380e-01 1.375900358e-01 1.511822045e-01 1.646869630e-01 1.780167669e-01
 1.910804659e-01 2.037853450e-01 2.160392553e-01 2.277523428e-01 2.388382554e-01
 2.492145747e-01 2.588028312e-01 2.675287426e-01 2.753236592e-01 2.821278572e-01
 9.578557312e-02 9.491636604e-02 8.870290220e-02 8.104515076e-02 7.341215014e-02
 6.583462656e-02 5.833638087e-02 5.092189461e-02 4.358536005e-02 3.631506115e-02
 2.909577265e-02 2.191003971e-02 1.473864913e-02 7.560040802e-03 4.524195683e-04
-6.529437844e-03-1.333654393e-02-1.992320083e-02-2.624586225e-02-3.226254135e-02
-3.793239594e-02-4.321540520e-02-4.807205126e-02-5.246300623e-02-5.634885654e-02
-5.968982354e-02-6.244555861e-02-6.457501650e-02-6.603639573e-02-6.678720564e-02
-6.678454578e-02-6.598552316e-02-6.434790045e-02-6.183102727e-02-5.839706585e-02
-5.401255563e-02-4.865033180e-02-4.229183868e-02-3.493001312e-02-2.657254413e-02
-1.724613085e-02-7.000283338e-03 4.076947458e-03 1.592743769e-02 2.816030756e-02
 4.077118635e-02 5.372291431e-02 6.697297841e-02 8.047599345e-02 9.418406337e-02
 1.080465093e-01 1.220096797e-01 1.360168457e-01 1.500083953e-01 1.639219970e-01
 1.776929349e-01 1.912539452e-01 2.045346797e-01 2.174601853e-01 2.299481779e-01
 2.419053316e-01 2.532230616e-01 2.637746334e-01 2.734164894e-01 2.819977403e-01
 9.435959905e-02 9.305496514e-02 8.730188012e-02 8.011274040e-02 7.274971157e-02
 6.528627872e-02 5.777878687e-02 5.025573820e-02 4.272816703e-02 3.519663960e-02
 2.765527740e-02 2.009411529e-02 1.250041928e-02 4.859129898e-03-2.722342731e-03
-1.019206736e-02-1.750054955e-02-2.460076101e-02-3.144794703e-02-3.799930587e-02
-4.421364143e-02-5.005099252e-02-5.547223613e-02-6.043865904e-02-6.491161883e-02
-6.885210425e-02-7.222048193e-02-7.497618347e-02-7.707752287e-02-7.848168164e-02
-7.914471626e-02-7.902183384e-02-7.806786150e-02-7.623790205e-02-7.348834723e-02
-6.977820396e-02-6.507077068e-02-5.933572352e-02-5.255173147e-02-4.470938817e-02
-3.581463546e-02-2.589217760e-02-1.498873159e-02-3.171957331e-03 9.457645938e-03
 2.256117947e-02 3.600793704e-02 4.974966124e-02 6.374503672e-02 7.795532793e-02
 9.234257787e-02 1.068689227e-01 1.214964390e-01 1.361871064e-01 1.509027779e-01
 1.656048298e-01 1.802531779e-01 1.948042363e-01 2.092071772e-01 2.233976722e-01
 2.372881621e-01 2.507539093e-01 2.636154592e-01 2.756239772e-01 2.864674032e-01
 9.371999651e-02 9.229018539e-02 8.641289175e-02 7.907673717e-02 7.164490968e-02
 6.413043290e-02 5.654615536e-02 4.890244827e-02 4.120434821e-02 3.345167637e-02
 2.564015985e-02 1.776289381e-02 9.812286124e-03 1.783432323e-03-6.198368035e-03
-1.408204995e-02-2.181775309e-02-2.935773693e-02-3.665660694e-02-4.367119446e-02
-5.036028847e-02-5.668422952e-02-6.260447949e-02-6.808317453e-02-7.308262587e-02
-7.756489515e-02-8.149135113e-02-8.482229710e-02-8.751671761e-02-8.953200281e-02
-9.082392603e-02-9.134668857e-02-9.105317295e-02-8.989546448e-02-8.782552183e-02
-8.479630947e-02-8.076314628e-02-7.568558306e-02-6.952964514e-02-6.227058545e-02
-5.389606953e-02-4.440991953e-02-3.383626416e-02-2.222440764e-02-9.655969217e-03
 3.746739356e-03 1.786615886e-02 3.225045279e-02 4.687817767e-02 6.172627583e-02
 7.677195966e-02 9.199380875e-02 1.073725522e-01 1.228917912e-01 1.385384053e-01
 1.543027908e-01 1.701784581e-01 1.861606836e-01 2.022432983e-01 2.184124589e-01
 2.346347272e-01 2.508349717e-01 2.668540776e-01 2.823633254e-01 2.966980338e-01
 9.285744280e-02 9.131310880e-02 8.509216458e-02 7.762748748e-02 7.009440660e-02
 6.248565763e-02 5.479891971e-02 4.703114927e-02 3.917792439e-02 3.123302571e-02
 2.318815514e-02 1.503255125e-02 6.752037909e-03-1.572074718e-03-9.874882177e-03
-1.809836179e-02-2.618923970e-02-3.409802169e-02-4.177844897e-02-4.918707162e-02
-5.628278852e-02-6.302641332e-02-6.938014925e-02-7.530709356e-02-8.077067137e-02
-8.573416620e-02-9.016016871e-02-9.401015937e-02-9.724407643e-02-9.982002527e-02
-1.016940475e-01-1.028200537e-01-1.031498760e-01-1.026335731e-01-1.012199372e-01
-9.885728359e-02-9.549459815e-02-9.108305722e-02-8.557798713e-02-7.894131541e-02
-7.114449888e-02-6.217204779e-02-5.202545598e-02-4.072763026e-02-2.832741104e-02
-1.490321942e-02-5.637754221e-04 1.454261970e-02 2.988697775e-02 4.545529187e-02
 6.123606488e-02 7.722149044e-02 9.340869635e-02 1.098010689e-01 1.264096946e-01
 1.432549357e-01 1.603680253e-01 1.777926683e-01 1.955865920e-01 2.138224244e-01
 2.325875461e-01 2.519809306e-01 2.721002400e-01 2.929719090e-01 3.135637045e-01
 9.111806750e-02 8.940359205e-02 8.322682977e-02 7.567214221e-02 6.805955619e-02
 6.037699431e-02 5.260991305e-02 4.474459216e-02 3.676851839e-02 2.867010608e-02
 2.043813840e-02 1.206113398e-02 3.526479239e-03-5.055808928e-03-1.362669189e-02
-2.213003859e-02-3.051303700e-02-3.872624040e-02-4.672343656e-02-5.446136370e-02
-6.189935282e-02-6.899884343e-02-7.572291791e-02-8.203571290e-02-8.790186048e-02
-9.328593314e-02-9.815187752e-02-1.024624854e-01-1.061789170e-01-1.092602760e-01
-1.116633192e-01-1.133421883e-01-1.142484024e-01-1.143308803e-01-1.135363132e-01
-1.118097007e-01-1.090952456e-01-1.053375453e-01-1.004832834e-01-9.448335320e-02
-8.729550987e-02-7.888754457e-02-6.924107671e-02-5.835581943e-02-4.625419900e-02
-3.298624977e-02-1.863458194e-02-3.320120275e-03 1.279298682e-02 2.912429161e-02
 4.566964880e-02 6.243066862e-02 7.941634208e-02 9.664501995e-02 1.141468287e-01
 1.319666207e-01 1.501677930e-01 1.688374579e-01 1.880933642e-01 2.080941796e-01
 2.290548533e-01 2.512723804e-01 2.751754224e-01 3.014350832e-01 3.288336694e-01
 8.885772526e-02 8.697275817e-02 8.072980493e-02 7.313672453e-02 6.551287323e-02
 5.782344565e-02 5.003611743e-02 4.212632775e-02 3.407553583e-02 2.586923540e-02
 1.749566570e-02 8.945703506e-03 2.147315099e-04-8.569947444e-03-1.735252701e-02
-2.607833222e-02-3.469517455e-02-4.315395281e-02-5.140874162e-02-5.941667408e-02
-6.713761389e-02-7.453374565e-02-8.156903833e-02-8.820870519e-02-9.441859275e-02
-1.001645848e-01-1.054120064e-01-1.101250350e-01-1.142661646e-01-1.177957132e-01
-1.206714287e-01-1.228481159e-01-1.242774948e-01-1.249081120e-01-1.246854737e-01
-1.235524341e-01-1.214497983e-01-1.183173284e-01-1.140951067e-01-1.087253541e-01
-1.021548286e-01-9.433771670e-02-8.523923159e-02-7.483975589e-02-6.313968450e-02
-5.016468838e-02-3.597148508e-02-2.065374888e-02-4.347697832e-03 1.276321150e-02
 3.006965108e-02 4.757726938e-02 6.530040503e-02 8.326449990e-02 1.015089676e-01
 1.200907230e-01 1.390888393e-01 1.586110443e-01 1.788029522e-01 1.998613477e-01
 2.220529765e-01 2.457398176e-01 2.714082301e-01 2.996880114e-01 3.299332261e-01
 8.599664271e-02 8.394099027e-02 7.738882303e-02 6.992166489e-02 6.245152652e-02
 5.488174036e-02 4.716680199e-02 3.928179666e-02 3.121049330e-02 2.294020541e-02
 1.445913035e-02 5.754041951e-03-3.094436601e-03-1.201849710e-02-2.095639333e-02
-2.985086106e-02-3.864863515e-02-4.730021954e-02-5.575971305e-02-6.398453563e-02
-7.193505764e-02-7.957416028e-02-8.686669171e-02-9.377887845e-02-1.002777219e-01
-1.063304022e-01-1.119035631e-01-1.169627681e-01-1.214718968e-01-1.253925562e-01
-1.286836714e-01-1.313010007e-01-1.331968606e-01-1.343199760e-01-1.346154660e-01
-1.340249628e-01-1.324871331e-01-1.299384385e-01-1.263141930e-01-1.215501875e-01
-1.155847833e-01-1.083615646e-01-9.983269125e-02-8.996292949e-02-7.873446494e-02
-6.615225226e-02-5.225012079e-02-3.709706292e-02-2.080361918e-02-3.527649678e-03
 1.452113874e-02 3.272678331e-02 5.110120401e-02 6.966734678e-02 8.846259862e-02
 1.075409427e-01 1.269760728e-01 1.468662769e-01 1.673416793e-01 1.885748357e-01
 2.107965499e-01 2.343201041e-01 2.595790327e-01 2.871824801e-01 3.166921437e-01
 8.089200407e-02 7.821436226e-02 7.278177887e-02 6.609918177e-02 5.905490741e-02
 5.174016953e-02 4.417679086e-02 3.637090325e-02 2.832254954e-02 2.002882212e-02
 1.148543414e-02 2.688408364e-03-6.255344488e-03-1.528370567e-02-2.433655038e-02
-3.335694596e-02-4.229163378e-02-5.109116435e-02-5.970981345e-02-6.810534000e-02
-7.623862475e-02-8.407320082e-02-9.157472104e-02-9.871037304e-02-1.054482386e-01
-1.117566526e-01-1.176035404e-01-1.229557842e-01-1.277785897e-01-1.320348978e-01
-1.356848478e-01-1.386853456e-01-1.409895718e-01-1.425468475e-01-1.433024108e-01
-1.431975067e-01-1.421696544e-01-1.401532590e-01-1.370805055e-01-1.328826398e-01
-1.274919361e-01-1.208440661e-01-1.128812134e-01-1.035559177e-01-9.283575416e-02
-8.070867509e-02-6.718924642e-02-5.232525244e-02-3.620476648e-02-1.896298677e-02
-7.883976214e-04 1.807262003e-02 3.701801598e-02 5.605690554e-02 7.521797717e-02
 9.454239905e-02 1.140829027e-01 1.339050233e-01 1.540891528e-01 1.747331917e-01
 1.959557831e-01 2.179014087e-01 2.407532781e-01 2.647899985e-01 2.900076210e-01
 7.722562551e-02 7.429803163e-02 6.897439808e-02 6.261517107e-02 5.585550889e-02
 4.874414951e-02 4.131545126e-02 3.358825669e-02 2.557115816e-02 1.726626791e-02
 8.671263233e-03-1.708125055e-04-9.173356928e-03-1.827188022e-02-2.740532719e-02
-3.651638329e-02-4.555168375e-02-5.446184799e-02-6.320136040e-02-7.172834873e-02
-8.000417054e-02-8.799297363e-02-9.566114843e-02-1.029767394e-01-1.099087819e-01
-1.164266691e-01-1.224994734e-01-1.280952841e-01-1.331805587e-01-1.377194822e-01
-1.416734755e-01-1.450005621e-01-1.476549953e-01-1.495869011e-01-1.507420689e-01
-1.510618776e-01-1.504834890e-01-1.489402354e-01-1.463623941e-01-1.426783204e-01
-1.378161013e-01-1.317057908e-01-1.242822111e-01-1.154887080e-01-1.052815095e-01
-9.363506734e-02-8.054814488e-02-6.605065614e-02-5.021101236e-02-3.314381093e-02
-1.501759514e-02 3.936908208e-03 2.341651358e-02 4.282325134e-02 6.220290437e-02
 8.158753812e-02 1.010049954e-01 1.204811409e-01 1.400381774e-01 1.596893817e-01
 1.794280857e-01 1.992057562e-01 2.188854665e-01 2.381396741e-01 2.562808394e-01
 7.474759966e-02 7.170144469e-02 6.622233987e-02 5.987436697e-02 5.317988992e-02
 4.614629969e-02 3.878442571e-02 3.110241890e-02 2.310455590e-02 1.479125116e-02
 6.159330253e-03-2.711160108e-03-1.175144967e-02-2.089642175e-02-3.008474596e-02
-3.925906122e-02-4.836610332e-02-5.735668540e-02-6.618559361e-02-7.481132448e-02
-8.319570124e-02-9.130344540e-02-9.910158813e-02-1.065589041e-01-1.136452779e-01
-1.203310117e-01-1.265861690e-01-1.323799193e-01-1.376798153e-01-1.424512118e-01
-1.466566771e-01-1.502553672e-01-1.532025933e-01-1.554494500e-01-1.569425017e-01
-1.576235890e-01-1.574300528e-01-1.562948525e-01-1.541473716e-01-1.509142220e-01
-1.465208828e-01-1.408935785e-01-1.339620948e-01-1.256631166e-01-1.159444600e-01
-1.047702655e-01-9.212682396e-02-7.802928984e-02-6.252864748e-02-4.571860656e-02
-2.774120308e-02-8.789097890e-03 1.089987531e-02 3.050013259e-02 4.997401312e-02
 6.930986047e-02 8.850184083e-02 1.075404063e-01 1.264052391e-01 1.450570971e-01
 1.634266526e-01 1.813984364e-01 1.987904310e-01 2.153355032e-01 2.306842357e-01
 7.266496867e-02 6.950736791e-02 6.407701224e-02 5.771122128e-02 5.102229491e-02
 4.401005805e-02 3.667346016e-02 2.901150286e-02 2.102242224e-02 1.270316262e-02
 4.049177747e-03-4.843786359e-03-1.390979253e-02-2.308526076e-02-3.230976686e-02
-4.152654484e-02-5.068279058e-02-5.972971022e-02-6.862247735e-02-7.731997222e-02
-8.578447253e-02-9.398117661e-02-1.018776745e-01-1.094433516e-01-1.166487783e-01
-1.234650090e-01-1.298629493e-01-1.358126402e-01-1.412825882e-01-1.462391466e-01
-1.506458819e-01-1.544630080e-01-1.576468349e-01-1.601493806e-01-1.619180292e-01
-1.628953665e-01-1.630191356e-01-1.622224599e-01-1.604343802e-01-1.575807482e-01
-1.535854936e-01-1.483725905e-01-1.418684721e-01-1.340053678e-01-1.247253492e-01
-1.139853299e-01-1.017628908e-01-8.806303144e-02-7.292553782e-02-5.643294752e-02
-3.871882334e-02-1.997672953e-02-4.716739350e-04 1.943973079e-02 3.903176636e-02
 5.832078680e-02 7.730039209e-02 9.594932199e-02 1.142313778e-01 1.320919991e-01
 1.494532377e-01 1.662085503e-01 1.822192818e-01 1.973163337e-01 2.113108635e-01
 7.113945484e-02 6.791158020e-02 6.240999699e-02 5.602089688e-02 4.933048040e-02
 4.232902825e-02 3.500800580e-02 2.736022137e-02 1.937932894e-02 1.105922274e-02
 2.393553499e-03-6.511470303e-03-1.559149753e-02-2.478417382e-02-3.402997553e-02
-4.327281564e-02-5.246039107e-02-6.154434010e-02-7.048019022e-02-7.922719419e-02
-8.774798363e-02-9.600813687e-02-1.039756685e-01-1.116204411e-01-1.189135462e-01
-1.258266270e-01-1.323312074e-01-1.383980364e-01-1.439963877e-01-1.490933746e-01
-1.536534280e-01-1.576375812e-01-1.610030234e-01-1.637026221e-01-1.656845510e-01
-1.668920964e-01-1.672635525e-01-1.667324454e-01-1.652278900e-01-1.626755148e-01
-1.589985490e-01-1.541196853e-01-1.479634196e-01-1.404592395e-01-1.315455437e-01
-1.211744547e-01-1.093177199e-01-9.597325325e-02-8.117249608e-02-6.498815119e-02
-4.754164815e-02-2.900908701e-02-9.623521939e-03 1.033198182e-02 2.995927818e-02
 4.919909686e-02 6.801548600e-02 8.637494594e-02 1.042370647e-01 1.215497106e-01
 1.382463574e-01 1.542451084e-01 1.694498360e-01 1.837540716e-01 1.970483959e-01
 6.997144222e-02 6.669218838e-02 6.111525744e-02 5.473012477e-02 4.806255922e-02
 4.108993337e-02 3.379707038e-02 2.617301606e-02 1.820926741e-02 9.898448363e-03
 1.233455609e-03-7.672102191e-03-1.675475761e-02-2.595286444e-02-3.520747274e-02
-4.446293414e-02-5.366729572e-02-6.277248263e-02-7.173426449e-02-8.051213622e-02
-8.906894177e-02-9.737051278e-02-1.053851470e-01-1.130830050e-01-1.204355210e-01
-1.274147332e-01-1.339925975e-01-1.401403546e-01-1.458277702e-01-1.510225981e-01
-1.556897908e-01-1.597910970e-01-1.632843167e-01-1.661229730e-01-1.682559103e-01
-1.696269959e-01-1.701750755e-01-1.698340923e-01-1.685334593e-01-1.661988497e-01
-1.627532840e-01-1.581189036e-01-1.522192061e-01-1.449821889e-01-1.363441348e-01
-1.262543947e-01-1.146811843e-01-1.016182154e-01-8.709211648e-02-7.117057592e-02
-5.397069082e-02-3.566735983e-02-1.650169306e-02 3.209168324e-03 2.305557206e-02
 4.234568402e-02 6.108860299e-02 7.927196473e-02 9.686825424e-02 1.138374805e-01
 1.301286668e-01 1.456815451e-01 1.604289860e-01 1.743006706e-01 1.872279495e-01
 6.888113916e-02 6.552858651e-02 6.007619947e-02 5.378783867e-02 4.720667750e-02
 4.030193761e-02 3.306085244e-02 2.547617815e-02 1.754193380e-02 9.252228774e-03
 6.008262280e-04-8.293940686e-03-1.736866869e-02-2.656182647e-02-3.581457958e-02
-4.507137835e-02-5.428035185e-02-6.339348108e-02-7.236661017e-02-8.115925640e-02
-8.973436058e-02-9.805781394e-02-1.060980111e-01-1.138252467e-01-1.212111190e-01
-1.282278448e-01-1.348476112e-01-1.410418898e-01-1.467807889e-01-1.520323306e-01
-1.567618698e-01-1.609315127e-01-1.644994766e-01-1.674197018e-01-1.696414649e-01
-1.711090356e-01-1.717616618e-01-1.715336591e-01-1.703547090e-01-1.681506485e-01
-1.648445427e-01-1.603584439e-01-1.546154916e-01-1.475430280e-01-1.390763521e-01
-1.291635036e-01-1.177709028e-01-1.048899442e-01-9.054444730e-02-7.479856163e-02
-5.776495486e-02-3.961234167e-02-2.057168260e-02-9.393581422e-04 1.892546006e-02
 3.820078447e-02 5.688204244e-02 7.495500147e-02 9.239552170e-02 1.091702431e-01
 1.252378970e-01 1.405510604e-01 1.550586373e-01 1.687088013e-01 1.814525574e-01
 6.788861006e-02 6.435514987e-02 5.927651003e-02 5.328809842e-02 4.684617743e-02
 4.002641514e-02 3.284528106e-02 2.530631982e-02 1.740843058e-02 9.148264304e-03
 5.210578092e-04-8.353419602e-03-1.741129532e-02-2.659069374e-02-3.583250940e-02
-4.508096352e-02-5.428398773e-02-6.339338422e-02-7.236484438e-02-8.115775138e-02
-8.973492682e-02-9.806216508e-02-1.061077863e-01-1.138420254e-01-1.212364435e-01
-1.282632351e-01-1.348946244e-01-1.411020756e-01-1.468557566e-01-1.521237791e-01
-1.568715721e-01-1.610613614e-01-1.646514684e-01-1.675960273e-01-1.698444486e-01
-1.713412106e-01-1.720257401e-01-1.718325168e-01-1.706914306e-01-1.685285121e-01
-1.652670205e-01-1.608290821e-01-1.551379412e-01-1.481209546e-01-1.397133768e-01
-1.298630685e-01-1.185361072e-01-1.057233885e-01-9.144797921e-02-7.577290386e-02
-5.880911648e-02-4.072273895e-02-2.174063958e-02-2.153127454e-03 1.768771186e-02
 3.693056107e-02 5.556739494e-02 7.358279824e-02 9.095320106e-02 1.076472476e-01
 1.236267909e-01 1.388486326e-01 1.532667279e-01 1.668350250e-01 1.795104444e-01
 6.833795458e-02 6.492267549e-02 5.963265151e-02 5.355123430e-02 4.712474346e-02
 4.034141824e-02 3.319929540e-02 2.569756284e-02 1.783448085e-02 9.607097134e-03
 1.011269400e-03-7.835894823e-03-1.686988026e-02-2.602820657e-02-3.525121883e-02
-4.448265955e-02-5.367002264e-02-6.276472658e-02-7.172212750e-02-8.050130308e-02
-8.906478435e-02-9.737811238e-02-1.054093540e-01-1.131285131e-01-1.205069274e-01
-1.275165975e-01-1.341294944e-01-1.403169334e-01-1.460488737e-01-1.512932330e-01
-1.560152769e-01-1.601770520e-01-1.637367606e-01-1.666483879e-01-1.688612550e-01
-1.703197360e-01-1.709632277e-01-1.707262546e-01-1.695387810e-01-1.673269570e-01
-1.640143096e-01-1.595232785e-01-1.537776142e-01-1.467052698e-01-1.382422596e-01
-1.283373833e-01-1.169578508e-01-1.040959060e-01-8.977614343e-02-7.406346500e-02
-5.707108602e-02-3.896809369e-02-1.998549514e-02-4.193717905e-04 1.937165484e-02
 3.857635334e-02 5.719001591e-02 7.519828528e-02 9.257697314e-02 1.092927754e-01
 1.253045350e-01 1.405650377e-01 1.550233811e-01 1.686280370e-01 1.813302487e-01
 6.913412362e-02 6.577289104e-02 6.051610038e-02 5.443674326e-02 4.801857844e-02
 4.125367850e-02 3.413623944e-02 2.666274644e-02 1.883045211e-02 1.063638367e-02
 2.076778328e-03-6.737968884e-03-1.574246958e-02-2.487339824e-02-3.407032415e-02
-4.327629879e-02-5.243822932e-02-6.150700897e-02-7.043750584e-02-7.918838412e-02
-8.772174269e-02-9.600274265e-02-1.039990485e-01-1.116802916e-01-1.190173924e-01
-1.259819567e-01-1.325455606e-01-1.386790872e-01-1.443520784e-01-1.495320201e-01
-1.541837305e-01-1.582688540e-01-1.617451757e-01-1.645662785e-01-1.666811258e-01
-1.680338234e-01-1.685635298e-01-1.682046205e-01-1.668870747e-01-1.645372361e-01
-1.610789597e-01-1.564353555e-01-1.505310982e-01-1.432954371e-01-1.346660405e-01
-1.245938763e-01-1.130487621e-01-1.000260487e-01-8.555399626e-02-6.970171630e-02
-5.258746073e-02-3.438677639e-02-1.534068678e-02 4.234938417e-03 2.393377945e-02
 4.308332130e-02 6.169162691e-02 7.974589616e-02 9.721852094e-02 1.140696183e-01
 1.302484870e-01 1.456952989e-01 1.603434831e-01 1.741233468e-01 1.869668663e-01
 7.050512731e-02 6.722706556e-02 6.193131581e-02 5.588419735e-02 4.949127883e-02
 4.274664074e-02 3.564867005e-02 2.819685452e-02 2.039070241e-02 1.222890150e-02
 3.708789125e-03-5.069785751e-03-1.404006034e-02-2.313750982e-02-3.230073303e-02
-4.147199169e-02-5.059753358e-02-5.962768197e-02-6.851678342e-02-7.722299546e-02
-8.570794761e-02-9.393631667e-02-1.018752456e-01-1.094938517e-01-1.167625189e-01
-1.236522645e-01-1.301340759e-01-1.361782104e-01-1.417535543e-01-1.468269378e-01
-1.513625681e-01-1.553213596e-01-1.586604863e-01-1.613329053e-01-1.632870436e-01
-1.644665152e-01-1.648101658e-01-1.642522067e-01-1.627226472e-01-1.601481736e-01
-1.564533114e-01-1.515622884e-01-1.454013884e-01-1.379020512e-01-1.290048510e-01
-1.186643168e-01-1.068546250e-01-9.357618541e-02-7.886286080e-02-6.278952956e-02
-4.547937214e-02-2.710968256e-02-7.914061658e-03 1.182424277e-02 3.123883903e-02
 5.027214065e-02 6.888875365e-02 8.705540746e-02 1.047318950e-01 1.218664348e-01
 1.383930594e-01 1.542306691e-01 1.692841351e-01 1.834482253e-01 1.966147423e-01
 7.226333767e-02 6.907629222e-02 6.393468380e-02 5.793235824e-02 5.155992880e-02
 4.482336715e-02 3.772969544e-02 3.028551117e-02 2.249549329e-02 1.436158549e-02
 5.882587284e-03-2.857609186e-03-1.178938244e-02-2.084663510e-02-2.996701188e-02
-3.909212351e-02-4.816770181e-02-5.714360252e-02-6.597373635e-02-7.461579144e-02
-8.303090185e-02-9.118318558e-02-9.903924167e-02-1.065675318e-01-1.137377620e-01
-1.205202267e-01-1.268851459e-01-1.328019798e-01-1.382387727e-01-1.431614757e-01
-1.475334167e-01-1.513146907e-01-1.544616222e-01-1.569264233e-01-1.586568356e-01
-1.595959663e-01-1.596823335e-01-1.588500589e-01-1.570294648e-01-1.541479230e-01
-1.501312256e-01-1.449054480e-01-1.383995265e-01-1.305484176e-01-1.212971881e-01
-1.106059477e-01-9.845560044e-02-8.485441655e-02-6.984531879e-02-5.351353437e-02
-3.599467874e-02-1.748321392e-02 1.756865997e-03 2.137361653e-02 4.068218172e-02
 5.969718099e-02 7.841148227e-02 9.680353105e-02 1.148371473e-01 1.324581206e-01
 1.495892107e-01 1.661250442e-01 1.819286048e-01 1.968329400e-01 2.106516808e-01
 7.476750016e-02 7.171490043e-02 6.664650142e-02 6.066147611e-02 5.426863581e-02
 4.749495164e-02 4.036495090e-02 3.289709985e-02 2.510321885e-02 1.698930934e-02
 8.556578308e-03-1.481926593e-04-9.037386626e-03-1.804544404e-02-2.711029910e-02
-3.617365286e-02-4.518118873e-02-5.408261344e-02-6.283154339e-02-7.138533145e-02
-7.970463485e-02-8.775302768e-02-9.549646825e-02-1.029027030e-01-1.099406406e-01
-1.165797263e-01-1.227892339e-01-1.285376549e-01-1.337920278e-01-1.385172904e-01
-1.426757276e-01-1.462264210e-01-1.491247714e-01-1.513221711e-01-1.527656913e-01
-1.533979923e-01-1.531574279e-01-1.519784033e-01-1.497919559e-01-1.465268135e-01
-1.421109140e-01-1.364733726e-01-1.295471787e-01-1.212726235e-01-1.116014123e-01
-1.005017236e-01-8.796399087e-02-7.400735468e-02-5.868647993e-02-4.209823534e-02
-2.438718081e-02-5.747932475e-03 1.357961353e-02 3.282397240e-02 5.195038021e-02
 7.094787061e-02 8.981053531e-02 1.085285991e-01 1.270815730e-01 1.454303414e-01
 1.635061055e-01 1.811946779e-01 1.983163655e-01 2.146076262e-01 2.297239453e-01
 7.825135440e-02 7.539973408e-02 7.028342783e-02 6.420662999e-02 5.766540766e-02
 5.074536055e-02 4.349952936e-02 3.595570847e-02 2.812750265e-02 2.002052963e-02
 1.163599640e-02 2.973508788e-03-5.860095844e-03-1.480189431e-02-2.379106171e-02
-3.276995942e-02-4.168458283e-02-5.048473924e-02-5.912395567e-02-6.755929440e-02
-7.575102150e-02-8.366215229e-02-9.125795215e-02-9.850537777e-02-1.053724289e-01
-1.118275672e-01-1.178390086e-01-1.233741269e-01-1.283987910e-01-1.328767985e-01
-1.367693096e-01-1.400343180e-01-1.426262856e-01-1.444958150e-01-1.455894411e-01
-1.458496153e-01-1.452149451e-01-1.436205804e-01-1.409990937e-01-1.372815669e-01
-1.323992759e-01-1.262859851e-01-1.188806891e-01-1.101312637e-01-9.999878705e-02
-8.846265078e-02-7.552646846e-02-6.122458726e-02-4.562913254e-02-2.885728516e-02
-1.107857469e-02 7.477576844e-03 2.651268430e-02 4.549247399e-02 6.445879489e-02
 8.344156295e-02 1.024671793e-01 1.215603873e-01 1.407424510e-01 1.600258648e-01
 1.794035584e-01 1.988272071e-01 2.181614488e-01 2.370832264e-01 2.549149990e-01
 8.337055147e-02 8.106329292e-02 7.548835874e-02 6.869893521e-02 6.167383119e-02
 5.443056300e-02 4.697491229e-02 3.930620849e-02 3.142053634e-02 2.331180684e-02
 1.497182623e-02 6.389394403e-03-2.358435187e-03-1.120467391e-02-2.008776739e-02
-2.895027958e-02-3.773854673e-02-4.640256613e-02-5.489589274e-02-6.317538023e-02
-7.120089978e-02-7.893490791e-02-8.634191006e-02-9.338799119e-02-1.000401676e-01
-1.062657833e-01-1.120318770e-01-1.173045859e-01-1.220485345e-01-1.262262911e-01
-1.297978461e-01-1.327201426e-01-1.349467635e-01-1.364277005e-01-1.371092498e-01
-1.369340867e-01-1.358416378e-01-1.337686777e-01-1.306502968e-01-1.264212728e-01
-1.210179329e-01-1.143806279e-01-1.064567566e-01-9.720454365e-02-8.659747988e-02
-7.462950051e-02-6.132073700e-02-4.672374576e-02-3.093007579e-02-1.407672372e-02
 3.648067825e-03 2.200064808e-02 4.044990614e-02 5.900563300e-02 7.769585401e-02
 9.656063467e-02 1.156513765e-01 1.350321025e-01 1.547814608e-01 1.749953926e-01
 1.957901865e-01 2.173075974e-01 2.397274524e-01 2.633235157e-01 2.880912423e-01
 8.889783919e-02 8.723305166e-02 8.093234897e-02 7.328681648e-02 6.572872400e-02
 5.815038458e-02 5.048969015e-02 4.271012172e-02 3.478759155e-02 2.670425922e-02
 1.844578423e-02 1.000057906e-02 1.361279050e-03-7.355059031e-03-1.609294862e-02
-2.479762770e-02-3.341671452e-02-4.190080613e-02-5.020361766e-02-5.828187987e-02
-6.609506160e-02-7.360500842e-02-8.077544719e-02-8.757149428e-02-9.395906329e-02
-9.990430623e-02-1.053730026e-01-1.103299707e-01-1.147385538e-01-1.185600609e-01
-1.217533499e-01-1.242744401e-01-1.260762662e-01-1.271084994e-01-1.273176670e-01
-1.266473234e-01-1.250385493e-01-1.224308014e-01-1.187630668e-01-1.139754727e-01
-1.080114245e-01-1.008202657e-01-9.236058593e-02-8.260416240e-02-7.154044509e-02
-5.918165296e-02-4.556817561e-02-3.077399917e-02-1.491212659e-02 1.859519631e-03
 1.933363825e-02 3.697696328e-02 5.480200052e-02 7.283180207e-02 9.110330045e-02
 1.096695438e-01 1.286028773e-01 1.479997784e-01 1.679880321e-01 1.887371689e-01
 2.104740739e-01 2.335067093e-01 2.582613826e-01 2.853371799e-01 3.143017590e-01
 9.252435714e-02 9.112954140e-02 8.468224108e-02 7.689549774e-02 6.917165220e-02
 6.145852059e-02 5.371539667e-02 4.590923339e-02 3.801375628e-02 3.000755236e-02
 2.187220193e-02 1.359046996e-02 5.143889226e-03-3.379004309e-03-1.191526651e-02
-2.040804364e-02-2.880457602e-02-3.705548123e-02-4.511444271e-02-5.293796957e-02
-6.048507616e-02-6.771693379e-02-7.459640503e-02-8.108757436e-02-8.715520054e-02
-9.276416153e-02-9.787891060e-02-1.024629623e-01-1.064783707e-01-1.098852679e-01
-1.126415357e-01-1.147025004e-01-1.160207689e-01-1.165462509e-01-1.162263080e-01
-1.150061935e-01-1.128297523e-01-1.096404493e-01-1.053827852e-01-1.000042036e-01
-9.345746040e-02-8.570359647e-02-7.671547681e-02-6.648188829e-02-5.501220375e-02
-4.234137759e-02-2.853491530e-02-1.369272172e-02 2.050492447e-03 1.851550303e-02
 3.518967330e-02 5.207982287e-02 6.920071691e-02 8.657763153e-02 1.042494178e-01
 1.222720072e-01 1.407231241e-01 1.597086340e-01 1.793717742e-01 1.999061108e-01
 2.215740234e-01 2.447315603e-01 2.698570788e-01 2.975699008e-01 3.272328377e-01
 9.458094835e-02 9.333427995e-02 8.722165972e-02 7.951184362e-02 7.182192057e-02
 6.413996220e-02 5.644416809e-02 4.871311411e-02 4.092713073e-02 3.306849301e-02
 2.512122504e-02 1.707101427e-02 8.905837312e-03 6.184472004e-04-7.661093026e-03
-1.588235609e-02-2.399534546e-02-3.195181862e-02-3.970579803e-02-4.721364751e-02
-5.443393439e-02-6.132712960e-02-6.785518676e-02-7.398111373e-02-7.966848463e-02
-8.488088846e-02-8.958149701e-02-9.373254329e-02-9.729488939e-02-1.002277210e-01
-1.024881825e-01-1.040312797e-01-1.048098356e-01-1.047746092e-01-1.038746759e-01
-1.020580754e-01-9.927266091e-02-9.546745569e-02-9.059430659e-02-8.461008221e-02
-7.747929543e-02-6.917738169e-02-5.969440565e-02-4.903937131e-02-3.724498674e-02
-2.437319793e-02-1.052253786e-02 4.163341131e-03 1.954678819e-02 3.516532481e-02
 5.101754889e-02 6.710540503e-02 8.343736082e-02 1.000309438e-01 1.169153303e-01
 1.341343671e-01 1.517502964e-01 1.698487699e-01 1.885457933e-01 2.079976499e-01
 2.284160703e-01 2.500935495e-01 2.734519839e-01 2.991514504e-01 3.259909749e-01
 9.594267607e-02 9.487177432e-02 8.881585300e-02 8.123603463e-02 7.367885113e-02
 6.613002717e-02 5.857613310e-02 5.100430921e-02 4.340207949e-02 3.575696424e-02
 2.805620059e-02 2.028652281e-02 1.243388560e-02 4.482805263e-03-3.457168350e-03
-1.133214869e-02-1.909061335e-02-2.668359317e-02-3.406463936e-02-4.118965566e-02
-4.801661894e-02-5.450524390e-02-6.061658636e-02-6.631259620e-02-7.155569643e-02
-7.630827278e-02-8.053229004e-02-8.418887854e-02-8.723796159e-02-8.963803947e-02
-9.134598076e-02-9.231700748e-02-9.250482917e-02-9.186192602e-02-9.034014493e-02
-8.789153397e-02-8.446944505e-02-8.003018051e-02-7.453485578e-02-6.795189530e-02
-6.025991216e-02-5.145113170e-02-4.153523222e-02-3.054340370e-02-1.853179745e-02
-5.582408980e-03 8.186140098e-03 2.239340730e-02 3.690451384e-02 5.168463290e-02
 6.671141833e-02 8.197103441e-02 9.745705128e-02 1.131707057e-01 1.291217208e-01
 1.453295648e-01 1.618248522e-01 1.786507517e-01 1.958644092e-01 2.135378420e-01
 2.317576706e-01 2.506220639e-01 2.702283561e-01 2.906051278e-01 3.107373118e-01
 9.636212140e-02 9.543292969e-02 8.948650956e-02 8.210770041e-02 7.475698739e-02
 6.741016358e-02 6.006142125e-02 5.270860717e-02 4.534825310e-02 3.797420859e-02
 3.057767451e-02 2.314740047e-02 1.566968299e-02 8.127620444e-03 5.985391326e-04
-6.858704146e-03-1.419096254e-02-2.134878002e-02-2.828550711e-02-3.495680541e-02
-4.132026434e-02-4.733501002e-02-5.296134204e-02-5.816030502e-02-6.289331615e-02
-6.712175906e-02-7.080662251e-02-7.390820980e-02-7.638588548e-02-7.819794118e-02
-7.930153608e-02-7.965286076e-02-7.920739055e-02-7.792039961e-02-7.574774325e-02
-7.264690101e-02-6.857836992e-02-6.350748986e-02-5.740662292e-02-5.025780201e-02
-4.205581546e-02-3.281179443e-02-2.255745418e-02-1.135142054e-02 7.130745798e-04
 1.355664246e-02 2.671712823e-02 4.019626230e-02 5.396385491e-02 6.798896939e-02
 8.224294335e-02 9.670034796e-02 1.113394201e-01 1.261423379e-01 1.410953999e-01
 1.561890393e-01 1.714172363e-01 1.867760420e-01 2.022603005e-01 2.178573906e-01
 2.335354090e-01 2.492212653e-01 2.647590935e-01 2.798252702e-01 2.937628031e-01
 9.549359977e-02 9.457215667e-02 8.915582299e-02 8.218245953e-02 7.510911673e-02
 6.798949838e-02 6.086678058e-02 5.376186594e-02 4.668183997e-02 3.962558135e-02
 3.258692846e-02 2.555661462e-02 1.852376573e-02 1.147754677e-02 4.410212394e-03
-2.564802533e-03-9.400815703e-03-1.605128497e-02-2.247094922e-02-2.861608379e-02
-3.444440290e-02-3.991482407e-02-4.498719797e-02-4.962195456e-02-5.377979949e-02
-5.742141232e-02-6.050719321e-02-6.299705803e-02-6.485033035e-02-6.602574885e-02
-6.648155302e-02-6.617581844e-02-6.506689638e-02-6.311409920e-02-6.027873605e-02
-5.652529746e-02-5.182312801e-02-4.614839330e-02-3.948654979e-02-3.183509409e-02
-2.320633829e-02-1.363024395e-02-3.153592814e-03 8.150002919e-03 1.996692829e-02
 3.217377141e-02 4.472709075e-02 5.759139359e-02 7.073004544e-02 8.410532773e-02
 9.767899662e-02 1.114127114e-01 1.252684146e-01 1.392084956e-01 1.531958133e-01
 1.671933085e-01 1.811629534e-01 1.950636208e-01 2.088471800e-01 2.224522084e-01
 2.357941866e-01 2.487515211e-01 2.611481845e-01 2.727387846e-01 2.832147777e-01
 9.511375427e-02 9.461099654e-02 8.903309703e-02 8.192715794e-02 7.487019897e-02
 6.785969436e-02 6.092182919e-02 5.406656116e-02 4.729368910e-02 4.059695825e-02
 3.396643698e-02 2.738993242e-02 2.085372247e-02 1.434263680e-02 7.838878781e-03
 1.429293770e-03-4.833463114e-03-1.090184879e-02-1.673098467e-02-2.227770351e-02
-2.750010230e-02-3.235723823e-02-3.680887073e-02-4.081519321e-02-4.433661699e-02
-4.733357206e-02-4.976636171e-02-5.159511045e-02-5.277979746e-02-5.328042433e-02
-5.305729806e-02-5.207149684e-02-5.028555170e-02-4.766429961e-02-4.417605326e-02
-3.979406133e-02-3.449822962e-02-2.827700786e-02-2.113061957e-02-1.307479665e-02
-4.142483696e-03 5.601143930e-03 1.611667871e-02 2.705018595e-02 3.840015829e-02
 5.013378337e-02 6.221336499e-02 7.459855825e-02 8.724610507e-02 1.001096591e-01
 1.131397262e-01 1.262838691e-01 1.394869089e-01 1.526912600e-01 1.658373773e-01
 1.788639128e-01 1.917076558e-01 2.043028027e-01 2.165791392e-01 2.284591943e-01
 2.398541421e-01 2.506594658e-01 2.607516348e-01 2.699896991e-01 2.782239914e-01
 9.429252893e-02 9.417457134e-02 8.843300492e-02 8.092979342e-02 7.373195142e-02
 6.677561253e-02 6.002259254e-02 5.344763398e-02 4.703016207e-02 4.075114056e-02
 3.459230810e-02 2.853610367e-02 2.256591059e-02 1.666643098e-02 1.082467940e-02
 5.032698624e-03-5.914575886e-04-6.008499768e-03-1.117745787e-02-1.605720632e-02
-2.060700580e-02-2.478661947e-02-2.855623327e-02-3.187632561e-02-3.470754623e-02
-3.701063618e-02-3.874643147e-02-3.987597302e-02-4.036072642e-02-4.016293958e-02
-3.924610838e-02-3.757564351e-02-3.511973470e-02-3.185038641e-02-2.774454281e-02
-2.278617769e-02-1.696824096e-02-1.029033680e-02-2.765339566e-03 5.567136221e-03
 1.469491422e-02 2.430281788e-02 3.441951796e-02 4.500071704e-02 5.601132289e-02
 6.741470098e-02 7.917090505e-02 9.123573452e-02 1.035599560e-01 1.160885617e-01
 1.287603825e-01 1.415078789e-01 1.542573869e-01 1.669298112e-01 1.794419885e-01
 1.917082667e-01 2.036425620e-01 2.151600718e-01 2.261787355e-01 2.366198599e-01
 2.464079112e-01 2.554699779e-01 2.637355924e-01 2.711378634e-01 2.776169479e-01
 9.125384688e-02 9.121216089e-02 8.559969813e-02 7.815997303e-02 7.107537240e-02
 6.432515383e-02 5.787169933e-02 5.167828873e-02 4.571108148e-02 3.993972391e-02
 3.433736786e-02 2.888042852e-02 2.354817837e-02 1.832208782e-02 1.318474766e-02
 8.117651567e-03 3.214785364e-03-1.479072846e-03-5.921499338e-03-1.007151976e-02
-1.388916466e-02-1.733514667e-02-2.037060075e-02-2.295690216e-02-2.505558543e-02
-2.662835643e-02-2.763726749e-02-2.804501727e-02-2.781544439e-02-2.691411413e-02
-2.530897968e-02-2.297103964e-02-1.987586357e-02-1.600500382e-02-1.134387683e-02
-5.888610147e-03 3.375807428e-04 7.337571122e-03 1.512295194e-02 2.342952788e-02
 3.229228407e-02 4.167998955e-02 5.157100782e-02 6.193800643e-02 7.275064290e-02
 8.397483826e-02 9.557161480e-02 1.074957475e-01 1.196943596e-01 1.321054846e-01
 1.446568072e-01 1.572648138e-01 1.698346436e-01 1.822610795e-01 1.944309175e-01
 2.062269747e-01 2.175332606e-01 2.282410115e-01 2.382542491e-01 2.474942803e-01
 2.559020817e-01 2.634387612e-01 2.700841129e-01 2.758338749e-01 2.806970179e-01
 8.636167645e-02 8.639353514e-02 8.059667051e-02 7.332941145e-02 6.654613465e-02
 6.019051746e-02 5.421158299e-02 4.855743051e-02 4.318058491e-02 3.804021701e-02
 3.310244158e-02 2.833973803e-02 2.373001724e-02 1.925570332e-02 1.490295585e-02
 1.066135522e-02 6.524706725e-03 2.603973961e-03-1.060793642e-03-4.430802539e-03
-7.468402851e-03-1.013658103e-02-1.239856984e-02-1.421763189e-02-1.555702835e-02
-1.638014615e-02-1.665082015e-02-1.633394323e-02-1.539639663e-02-1.380826999e-02
-1.154378150e-02-8.579226211e-03-4.898317624e-03-5.062621203e-04 4.619897809e-03
 1.052132342e-02 1.694906130e-02 2.396208048e-02 3.157274798e-02 3.975013271e-02
 4.847856611e-02 5.774082243e-02 6.751915812e-02 7.779362798e-02 8.854109049e-02
 9.973406792e-02 1.113391295e-01 1.233149916e-01 1.356101036e-01 1.481599808e-01
 1.608843207e-01 1.736842245e-01 1.864403337e-01 1.990127265e-01 2.112437934e-01
 2.229652405e-01 2.340092063e-01 2.442220151e-01 2.534779608e-01 2.616901100e-01
 2.688160241e-01 2.748578489e-01 2.798567116e-01 2.838828266e-01 2.870230079e-01
 7.853461057e-02 7.840134203e-02 7.298401743e-02 6.609500200e-02 5.984087288e-02
 5.412982777e-02 4.886439443e-02 4.396126792e-02 3.935459629e-02 3.499437124e-02
 3.084349632e-02 2.687488869e-02 2.306917310e-02 1.941293664e-02 1.589747332e-02
 1.251794957e-02 9.272777475e-03 6.162805483e-03 3.314261325e-03 7.626131992e-04
-1.459351159e-03-3.319080453e-03-4.783574026e-03-5.819277372e-03-6.392178126e-03
-6.468001753e-03-6.012562662e-03-4.992468748e-03-3.376739798e-03-1.140838722e-03
 1.722858055e-03 5.246288143e-03 9.480960667e-03 1.421675365e-02 1.951407269e-02
 2.539444901e-02 3.183880076e-02 3.884609044e-02 4.641539976e-02 5.454088002e-02
 6.321619451e-02 7.243438065e-02 8.218757808e-02 9.246641397e-02 1.032590643e-01
 1.145499423e-01 1.263178289e-01 1.385334134e-01 1.511558294e-01 1.641282737e-01
 1.773722917e-01 1.907810122e-01 2.042119652e-01 2.174810469e-01 2.303614765e-01
 2.425924540e-01 2.539015710e-01 2.640382051e-01 2.728077173e-01 2.800954580e-01
 2.858777344e-01 2.902202904e-01 2.932654619e-01 2.952067852e-01 2.962546945e-01
 6.757150590e-02 6.713576615e-02 6.202644110e-02 5.589257181e-02 5.063179135e-02
 4.598972574e-02 4.178551584e-02 3.790449724e-02 3.427475691e-02 3.085096367e-02
 2.760462649e-02 2.451828495e-02 2.158203535e-02 1.879143529e-02 1.614622399e-02
 1.364957541e-02 1.130757388e-02 9.128645994e-03 7.122429088e-03 5.420068279e-03
 4.039794672e-03 3.006195417e-03 2.346883761e-03 2.091030125e-03 2.268737182e-03
 2.910875482e-03 4.049366806e-03 5.718261469e-03 7.956630550e-03 1.081589609e-02
 1.413552370e-02 1.796792820e-02 2.233546786e-02 2.722618170e-02 3.264496848e-02
 3.859777376e-02 4.508687556e-02 5.211535841e-02 5.968671665e-02 6.780431420e-02
 7.647173852e-02 8.569292724e-02 9.547216445e-02 1.058138013e-01 1.167216897e-01
 1.281982362e-01 1.402428895e-01 1.528496444e-01 1.660034806e-01 1.796745658e-01
 1.938100457e-01 2.083215266e-01 2.230675668e-01 2.378298789e-01 2.522872388e-01
 2.660036385e-01 2.784666717e-01 2.891923487e-01 2.978314161e-01 3.042123616e-01
 3.083392680e-01 3.103870451e-01 3.106946051e-01 3.097192347e-01 3.079280555e-01
 5.156049132e-02 5.018955842e-02 4.605814070e-02 4.211296886e-02 3.888347745e-02
 3.596872091e-02 3.324154019e-02 3.065032698e-02 2.817338519e-02 2.580311336e-02
 2.353935875e-02 2.138628811e-02 1.935086772e-02 1.744217053e-02 1.567117870e-02
 1.405101642e-02 1.259759441e-02 1.133098267e-02 1.027819514e-02 9.479126893e-03
 8.964850567e-03 8.762911893e-03 8.899340406e-03 9.399356321e-03 1.028755493e-02
 1.158781350e-02 1.332294475e-02 1.551389322e-02 1.817782037e-02 2.132334374e-02
 2.493831702e-02 2.902688086e-02 3.359554708e-02 3.864867985e-02 4.419222102e-02
 5.023322999e-02 5.677937716e-02 6.383933127e-02 7.142297924e-02 7.954160869e-02
 8.820818365e-02 9.743767977e-02 1.072473750e-01 1.176571548e-01 1.286896616e-01
 1.403703243e-01 1.527270377e-01 1.657892913e-01 1.795861125e-01 1.941422373e-01
 2.094710320e-01 2.255618274e-01 2.423572540e-01 2.597110569e-01 2.773015201e-01
 2.944424450e-01 3.098838925e-01 3.223856688e-01 3.313867450e-01 3.367435932e-01
 3.385102451e-01 3.369410336e-01 3.326584101e-01 3.268843889e-01 3.209058046e-01
 2.968291380e-02 2.569657564e-02 2.585452981e-02 2.634295262e-02 2.593911812e-02
 2.509125695e-02 2.400055900e-02 2.277581394e-02 2.148605697e-02 2.018030733e-02
 1.889621280e-02 1.766438037e-02 1.651087590e-02 1.545886323e-02 1.452982426e-02
 1.374458428e-02 1.312422846e-02 1.269095112e-02 1.246870402e-02 1.248308923e-02
 1.275871135e-02 1.331872679e-02 1.418491919e-02 1.537782699e-02 1.691677235e-02
 1.881976612e-02 2.110324986e-02 2.378164604e-02 2.686667629e-02 3.036660701e-02
 3.428631648e-02 3.863154352e-02 4.340901598e-02 4.862621054e-02 5.429181084e-02
 6.041592360e-02 6.701024622e-02 7.408833504e-02 8.166591823e-02 8.976126462e-02
 9.839569777e-02 1.075941697e-01 1.173860505e-01 1.278060973e-01 1.388956159e-01
 1.507039517e-01 1.632902324e-01 1.767254472e-01 1.910946369e-01 2.064990699e-01
 2.230575085e-01 2.409057021e-01 2.601929307e-01 2.810769379e-01 3.037323356e-01
 3.284693360e-01 3.506340384e-01 3.658826649e-01 3.752898276e-01 3.794170320e-01
 3.777825534e-01 3.708310723e-01 3.578474224e-01 3.430985808e-01 3.319127560e-01
 1.453049295e-02 9.710605256e-03 1.081271004e-02 1.296792272e-02 1.423687395e-02
 1.487245224e-02 1.507397834e-02 1.498793531e-02 1.472177077e-02 1.435593981e-02
 1.395223569e-02 1.355936378e-02 1.321675815e-02 1.295730658e-02 1.280933339e-02
 1.279809512e-02 1.294687949e-02 1.327779051e-02 1.381218527e-02 1.457072794e-02
 1.557302848e-02 1.683742553e-02 1.838090830e-02 2.021910623e-02 2.236629650e-02
 2.483541146e-02 2.763800509e-02 3.078423068e-02 3.428283334e-02 3.814131767e-02
 4.236644506e-02 4.696519673e-02 5.194539204e-02 5.731611326e-02 6.308807433e-02
 6.927394122e-02 7.588863373e-02 8.294960111e-02 9.047721326e-02 9.849517792e-02
 1.070311889e-01 1.161177009e-01 1.257930100e-01 1.361028552e-01 1.471023411e-01
 1.588588059e-01 1.714556515e-01 1.849975586e-01 1.996179372e-01 2.154889703e-01
 2.328353673e-01 2.519517541e-01 2.732220888e-01 2.971358895e-01 3.242976069e-01
 3.532965779e-01 3.755120337e-01 3.907639980e-01 3.994373679e-01 4.012508094e-01
 3.964062333e-01 3.839151561e-01 3.650603890e-01 3.488283455e-01 3.357879817e-01
 4.167017061e-03-1.068581128e-03 2.454259084e-04 2.843725961e-03 4.766167607e-03
 6.145538297e-03 7.110967301e-03 7.780053653e-03 8.252725936e-03 8.610823192e-03
 8.920250461e-03 9.233927354e-03 9.594691917e-03 1.003780309e-02 1.059294585e-02
 1.128574088e-02 1.213882957e-02 1.317259949e-02 1.440559793e-02 1.585473865e-02
 1.753532514e-02 1.946105435e-02 2.164404094e-02 2.409486100e-02 2.682265826e-02
 2.983526513e-02 3.313937411e-02 3.674075007e-02 4.064453021e-02 4.485562071e-02
 4.937920719e-02 5.422135442e-02 5.938958377e-02 6.489331275e-02 7.074429095e-02
 7.695686072e-02 8.354821056e-02 9.053862095e-02 9.795170277e-02 1.058147177e-01
 1.141591221e-01 1.230212897e-01 1.324436367e-01 1.424761564e-01 1.531787068e-01
 1.646241099e-01 1.769027263e-01 1.901289672e-01 2.044510543e-01 2.200659811e-01
 2.372432351e-01 2.563633621e-01 2.779800892e-01 3.028973341e-01 3.319617808e-01
 3.576538265e-01 3.770499229e-01 3.901795149e-01 3.968531787e-01 3.970369101e-01
 3.896074295e-01 3.739538789e-01 3.570187390e-01 3.428945541e-01 3.310363293e-01
-2.556207124e-03-8.074237965e-03-7.207261398e-03-4.655025434e-03-2.626691712e-03
-1.030865358e-03 2.404625411e-04 1.288260333e-03 2.199473325e-03 3.045308404e-03
 3.882617690e-03 4.756575450e-03 5.703510251e-03 6.753327791e-03 7.931328379e-03
 9.259438142e-03 1.075695269e-02 1.244092640e-02 1.432633307e-02 1.642610878e-02
 1.875115000e-02 2.131033130e-02 2.411057986e-02 2.715699188e-02 3.045303002e-02
 3.400076553e-02 3.780118376e-02 4.185457528e-02 4.616102949e-02 5.072100088e-02
 5.553599074e-02 6.060922518e-02 6.594631076e-02 7.155576348e-02 7.744941115e-02
 8.364259452e-02 9.015420824e-02 9.700667858e-02 1.042258739e-01 1.118410900e-01
 1.198851988e-01 1.283949614e-01 1.374117881e-01 1.469827592e-01 1.571621746e-01
 1.680138111e-01 1.796139181e-01 1.920555681e-01 2.054546922e-01 2.199590951e-01
 2.357625663e-01 2.531291246e-01 2.724417448e-01 2.943464518e-01 3.177231848e-01
 3.373603523e-01 3.524426818e-01 3.627049625e-01 3.680466712e-01 3.676869571e-01
 3.613518775e-01 3.497633040e-01 3.386729658e-01 3.285804987e-01 3.195161819e-01
-6.924964022e-03-1.282494143e-02-1.217382215e-02-1.000249013e-02-8.310034871e-03
-6.939798128e-03-5.757169798e-03-4.658062477e-03-3.568093292e-03-2.436100505e-03
-1.226783032e-03 8.544672164e-05 1.520834980e-03 3.096988657e-03 4.830247723e-03
 6.736114156e-03 8.829098195e-03 1.112228539e-02 1.362684183e-02 1.635161228e-02
 1.930287294e-02 2.248428948e-02 2.589700371e-02 2.953986824e-02 3.340971097e-02
 3.750168905e-02 4.180966690e-02 4.632673413e-02 5.104585364e-02 5.596069992e-02
 6.106664985e-02 6.636183709e-02 7.184814662e-02 7.753200084e-02 8.342475444e-02
 8.954278380e-02 9.590713680e-02 1.025429294e-01 1.094785854e-01 1.167452037e-01
 1.243759766e-01 1.324059516e-01 1.408719867e-01 1.498131156e-01 1.592708677e-01
 1.692899466e-01 1.799186468e-01 1.912091076e-01 2.032164633e-01 2.159961015e-01
 2.295956910e-01 2.440356910e-01 2.592612505e-01 2.750333846e-01 2.906006873e-01
 3.043459654e-01 3.154067993e-01 3.233553469e-01 3.279118836e-01 3.289262652e-01
 3.265064061e-01 3.218308389e-01 3.161760867e-01 3.101703823e-01 3.041872382e-01
-8.199558593e-03-1.448470261e-02-1.462264638e-02-1.347145438e-02-1.274361648e-02
-1.211547293e-02-1.139963418e-02-1.050737128e-02-9.409022518e-03-8.103909902e-03
-6.601715926e-03-4.912299104e-03-3.040883923e-03-9.866333567e-04 1.256711548e-03
 3.699078690e-03 6.351908203e-03 9.226094000e-03 1.233033370e-02 1.567003876e-02
 1.924683154e-02 2.305854298e-02 2.709955350e-02 3.136130422e-02 3.583273292e-02
 4.050067440e-02 4.535014555e-02 5.036473647e-02 5.552735180e-02 6.082135066e-02
 6.623221189e-02 7.174947113e-02 7.736865431e-02 8.309269696e-02 8.893269300e-02
 9.490758181e-02 1.010431275e-01 1.073700860e-01 1.139222234e-01 1.207344458e-01
 1.278413236e-01 1.352761090e-01 1.430702060e-01 1.512528360e-01 1.598506719e-01
 1.688873470e-01 1.783820838e-01 1.883474141e-01 1.987849325e-01 2.096777558e-01
 2.209780663e-01 2.325867414e-01 2.443229407e-01 2.558870614e-01 2.668430507e-01
 2.766791880e-01 2.849366963e-01 2.912894189e-01 2.955614328e-01 2.977412045e-01
 2.980089188e-01 2.967269719e-01 2.943346798e-01 2.912276387e-01 2.877117395e-01
-4.833659157e-03-1.104399376e-02-1.388921216e-02-1.559459418e-02-1.696445420e-02
-1.767851226e-02-1.766951941e-02-1.703058369e-02-1.588548906e-02-1.434523799e-02
-1.249630842e-02-1.039795578e-02-8.083603345e-03-5.565081723e-03-2.838643501e-03
 1.085535623e-04 3.292557783e-03 6.727949716e-03 1.042459719e-02 1.438586973e-02
 1.860822178e-02 2.308191173e-02 2.779239044e-02 3.272177652e-02 3.784980997e-02
 4.315408319e-02 4.860958084e-02 5.418815464e-02 5.985856056e-02 6.558786333e-02
 7.134444267e-02 7.710227370e-02 8.284528553e-02 8.857073635e-02 9.429075569e-02
 1.000316069e-01 1.058307886e-01 1.117325425e-01 1.177830324e-01 1.240262166e-01
 1.305012256e-01 1.372411102e-01 1.442724019e-01 1.516152024e-01 1.592828780e-01
 1.672814935e-01 1.756084114e-01 1.842498183e-01 1.931768805e-01 2.023403496e-01
 2.116631866e-01 2.210320681e-01 2.302894592e-01 2.392311096e-01 2.476151735e-01
 2.551872730e-01 2.617155015e-01 2.670229971e-01 2.710103691e-01 2.736671269e-01
 2.750717700e-01 2.753766477e-01 2.747778893e-01 2.734812498e-01 2.716762722e-01
-5.742745707e-04-7.016446907e-03-1.307595335e-02-1.893219724e-02-2.420824021e-02
-2.598673292e-02-2.614336833e-02-2.523176000e-02-2.359967865e-02-2.148962393e-02
-1.906790957e-02-1.643453538e-02-1.363221835e-02-1.066053193e-02-7.492775563e-03
-4.091213923e-03-4.184791469e-04 3.554824041e-03 7.845462300e-03 1.245541219e-02
 1.737232879e-02 2.257271856e-02 2.802689560e-02 3.370374441e-02 3.957324475e-02
 4.560595006e-02 5.176978558e-02 5.802559108e-02 6.432347000e-02 7.060288638e-02
 7.679875195e-02 8.285268396e-02 8.872469515e-02 9.440135956e-02 9.989930689e-02
 1.052639410e-01 1.105624735e-01 1.158718690e-01 1.212658435e-01 1.268062741e-01
 1.325401366e-01 1.385003477e-01 1.447078139e-01 1.511732638e-01 1.578983516e-01
 1.648758650e-01 1.720891297e-01 1.795104593e-01 1.870991737e-01 1.947988272e-01
 2.025344968e-01 2.102106810e-01 2.177108377e-01 2.249003053e-01 2.316337228e-01
 2.377666384e-01 2.431699187e-01 2.477437854e-01 2.514284253e-01 2.542097270e-01
 2.561186850e-01 2.572248876e-01 2.576250434e-01 2.574298680e-01 2.567516267e-01
 1.651136554e-03-5.620317999e-03-1.353282761e-02-2.249496616e-02-3.239368275e-02
-3.792616352e-02-3.813091666e-02-3.572352976e-02-3.272905573e-02-2.944207937e-02
-2.609058097e-02-2.278390713e-02-1.951311901e-02-1.619571820e-02-1.272419654e-02
-8.996332064e-03-4.928719252e-03-4.623554996e-04 4.433342256e-03 9.756640531e-03
 1.547308918e-02 2.152417041e-02 2.784497850e-02 3.438132629e-02 4.109653831e-02
 4.796735570e-02 5.497300625e-02 6.207989529e-02 6.922292709e-02 7.629084587e-02
 8.313718438e-02 8.962399513e-02 9.566000104e-02 1.012112051e-01 1.063028723e-01
 1.110248491e-01 1.155247688e-01 1.199673340e-01 1.244852319e-01 1.291635633e-01
 1.340497732e-01 1.391668767e-01 1.445223987e-01 1.501133442e-01 1.559285969e-01
 1.619496644e-01 1.681505591e-01 1.744970828e-01 1.809458584e-01 1.874433905e-01
 1.939253211e-01 2.003165483e-01 2.065324783e-01 2.124817669e-01 2.180710733e-01
 2.232108861e-01 2.278224975e-01 2.318443656e-01 2.352371216e-01 2.379863411e-01
 2.401024550e-01 2.416180521e-01 2.425830960e-01 2.430590391e-01 2.431127429e-01
 4.438664764e-03-3.031078260e-03-1.144822780e-02-2.130451240e-02-3.298686072e-02
-4.181763530e-02-4.643755406e-02-4.667204618e-02-4.250157997e-02-3.713920712e-02
-3.249226883e-02-2.864023298e-02-2.527294867e-02-2.202715911e-02-1.861722022e-02
-1.484561339e-02-1.057416759e-02-5.704132840e-03-1.746874623e-04 6.018085405e-03
 1.278791577e-02 1.995914802e-02 2.735441737e-02 3.487681225e-02 4.250719398e-02
 5.027092621e-02 5.821182579e-02 6.637106836e-02 7.475145906e-02 8.319530636e-02
 9.121476859e-02 9.842751920e-02 1.047123447e-01 1.100275964e-01 1.143707260e-01
 1.178400889e-01 1.208560988e-01 1.239516139e-01 1.273183227e-01 1.309925169e-01
 1.349692941e-01 1.392312050e-01 1.437563896e-01 1.485207677e-01 1.534980685e-01
 1.586592644e-01 1.639715582e-01 1.693977118e-01 1.748952121e-01 1.804159731e-01
 1.859062314e-01 1.913071573e-01 1.965560168e-01 2.015882283e-01 2.063399702e-01
 2.107516378e-01 2.147711068e-01 2.183570862e-01 2.214814723e-01 2.241307795e-01
 2.263062596e-01 2.280227095e-01 2.293063551e-01 2.301919609e-01 2.307197154e-01
 8.664006367e-03 1.837282674e-03-5.677405745e-03-1.400005911e-02-2.313187532e-02
-3.285379335e-02-4.144184291e-02-4.586586356e-02-4.565224051e-02-4.041280597e-02
-3.537993133e-02-3.247673064e-02-3.050880507e-02-2.831456065e-02-2.559579350e-02
-2.221323922e-02-1.804872416e-02-1.297379378e-02-6.837638095e-03 5.265134969e-04
 9.177990258e-03 1.825057715e-02 2.701646835e-02 3.553555533e-02 4.395648465e-02
 5.243551731e-02 6.113649160e-02 7.024855167e-02 8.002405614e-02 9.081228822e-02
 1.005589515e-01 1.086172163e-01 1.152115539e-01 1.202282608e-01 1.236118227e-01
 1.251244843e-01 1.255410314e-01 1.270130426e-01 1.292038113e-01 1.319300234e-01
 1.350792646e-01 1.385759413e-01 1.423649937e-01 1.464024931e-01 1.506499499e-01
 1.550709009e-01 1.596287936e-01 1.642856598e-01 1.690013707e-01 1.737333536e-01
 1.784365773e-01 1.830641627e-01 1.875680536e-01 1.919004619e-01 1.960153580e-01
 1.998703480e-01 2.034284920e-01 2.066599727e-01 2.095433772e-01 2.120664865e-01
 2.142263204e-01 2.160286754e-01 2.174870074e-01 2.186210752e-01 2.194551528e-01
 1.408848166e-02 8.373992518e-03 2.247609198e-03-4.292499740e-03-1.116175484e-02
-1.818206161e-02-2.509708703e-02-3.159835935e-02-3.535275906e-02-3.323701024e-02
-3.072393872e-02-3.054858744e-02-3.123579919e-02-3.054894879e-02-2.878399566e-02
-2.602296881e-02-2.221715078e-02-1.724839024e-02-1.091070566e-02-2.813122468e-03
 7.766436785e-03 1.857869327e-02 2.815049328e-02 3.708216920e-02 4.573718086e-02
 5.437284335e-02 6.321377307e-02 7.250007987e-02 8.253277838e-02 9.363783896e-02
 1.036745012e-01 1.118671373e-01 1.184180975e-01 1.232639253e-01 1.262868047e-01
 1.272075921e-01 1.269676387e-01 1.278008223e-01 1.294043511e-01 1.315649152e-01
 1.341507584e-01 1.370783895e-01 1.402900964e-01 1.437408179e-01 1.473912299e-01
 1.512043923e-01 1.551441848e-01 1.591743827e-01 1.632583290e-01 1.673586965e-01
 1.714375913e-01 1.754568964e-01 1.793787479e-01 1.831663996e-01 1.867850870e-01
 1.902030706e-01 1.933926940e-01 1.963311881e-01 1.990014911e-01 2.013925761e-01
 2.034996152e-01 2.053236365e-01 2.068710476e-01 2.081528455e-01 2.091836482e-01
 0.185603046E+01 0.187951124E+01 0.189379597E+01 0.191016936E+01 0.192698395E+01
 0.194837844E+01 0.196398008E+01 0.198108160E+01 0.199825323E+01 0.201541972E+01
 0.203327012E+01 0.205091619E+01 0.206905437E+01 0.208763695E+01 0.210637379E+01
 0.212502837E+01 0.214461827E+01 0.216439772E+01 0.218433905E+01 0.220478153E+01
 0.222595358E+01 0.224742198E+01 0.226927924E+01 0.229179835E+01 0.231506920E+01
 0.233891654E+01 0.236326933E+01 0.238838196E+01 0.241450357E+01 0.244132018E+01
 0.246892810E+01 0.249754429E+01 0.252728915E+01 0.255819774E+01 0.259011984E+01
 0.262326431E+01 0.265787554E+01 0.269400978E+01 0.273176718E+01 0.277108073E+01
 0.281228900E+01 0.285559177E+01 0.290115213E+01 0.294901013E+01 0.299946523E+01
 0.305289078E+01 0.310948277E+01 0.316969132E+01 0.323384070E+01 0.330247712E+01
 0.337623620E+01 0.345578647E+01 0.354202151E+01 0.363588643E+01 0.373872089E+01
 0.385207415E+01 0.397867918E+01 0.412064886E+01 0.428487110E+01 0.447567129E+01
 0.470529318E+01 0.499240923E+01 0.537947941E+01 0.600017071E+01 0.969318581E+01
   89   86
 0.108112288E+01-0.500000007E-01 0.108223319E+01 0.500000007E-01 0.109043574E+01
 0.150000006E+00 0.110516202E+01 0.247733414E+00 0.111499202E+01 0.300000012E+00
 0.113218749E+01 0.380340219E+00 0.114793861E+01 0.449999988E+00 0.115978789E+01
 0.500000000E+00 0.118371236E+01 0.600000024E+00 0.119619524E+01 0.649999976E+00
 0.121187496E+01 0.712430418E+00 0.123600411E+01 0.800000012E+00 0.125179040E+01
 0.850000024E+00 0.127090132E+01 0.899999976E+00 0.129880273E+01 0.949999988E+00
 0.134468746E+01 0.988945484E+00 0.139781249E+01 0.998428345E+00 0.145093751E+01
 0.994408429E+00 0.150406253E+01 0.982679546E+00 0.155718756E+01 0.964617133E+00
 0.158956802E+01 0.949999988E+00 0.163687503E+01 0.927627087E+00 0.168436801E+01
 0.899999976E+00 0.171656251E+01 0.880859613E+00 0.176096082E+01 0.850000024E+00
 0.179624999E+01 0.824809730E+00 0.182705784E+01 0.800000012E+00 0.187593746E+01
 0.758432388E+00 0.190250003E+01 0.733767152E+00 0.193659043E+01 0.699999988E+00
 0.198194408E+01 0.651399732E+00 0.200874996E+01 0.620433152E+00 0.203531241E+01
 0.586998165E+00 0.206277776E+01 0.549751520E+00 0.209606266E+01 0.500000000E+00
 0.212553477E+01 0.449999988E+00 0.215178013E+01 0.400000006E+00 0.217526555E+01
 0.349999994E+00 0.219622850E+01 0.300000012E+00 0.222125006E+01 0.228864700E+00
 0.224344969E+01 0.150000006E+00 0.225367475E+01 0.100000001E+00 0.226218486E+01
 0.000000000E+00 0.225500393E+01-0.100000001E+00 0.224548340E+01-0.150000006E+00
 0.222125006E+01-0.239808917E+00 0.220102096E+01-0.300000012E+00 0.218132043E+01
-0.349999994E+00 0.215938234E+01-0.400000006E+00 0.213506866E+01-0.449999988E+00
 0.210805392E+01-0.500000000E+00 0.207795024E+01-0.550000012E+00 0.204439950E+01
-0.600000024E+00 0.200901794E+01-0.647370756E+00 0.198218751E+01-0.680759251E+00
 0.195562506E+01-0.712011814E+00 0.192069709E+01-0.750000000E+00 0.187608659E+01
-0.796527386E+00 0.184937501E+01-0.823075473E+00 0.181941426E+01-0.850576162E+00
 0.176968753E+01-0.894390523E+00 0.174312496E+01-0.916912973E+00 0.169950223E+01
-0.949999988E+00 0.166343749E+01-0.976718128E+00 0.162694180E+01-0.100000000E+01
 0.158375001E+01-0.102754080E+01 0.154169154E+01-0.104999995E+01 0.150406253E+01
-0.107034957E+01 0.145093751E+01-0.109369612E+01 0.142437506E+01-0.110516703E+01
 0.137125003E+01-0.112506115E+01 0.131812501E+01-0.113966358E+01 0.126800430E+01
-0.114962184E+01 0.124177885E+01-0.115550327E+01 0.122208714E+01-0.115969038E+01
 0.122048724E+01-0.104999995E+01 0.121519887E+01-0.949999988E+00 0.121034169E+01
-0.899999976E+00 0.119802773E+01-0.800000012E+00 0.118531251E+01-0.722712040E+00
 0.117237103E+01-0.649999976E+00 0.115875006E+01-0.579904556E+00 0.114301550E+01
-0.500000000E+00 0.113218749E+01-0.444294155E+00 0.111439252E+01-0.349999994E+00
 0.110556710E+01-0.297836244E+00 0.109171402E+01-0.200000003E+00 0.108310044E+01
-0.100000001E+00 0.108112288E+01-0.500000007E-01
 0.101600003E+01 0.000000000E+00 0.101600003E+01 0.963999987E+00 0.101600003E+01
 0.967999995E+00 0.101600003E+01 0.100100005E+01 0.101600003E+01 0.101900005E+01
 0.101600003E+01 0.107700002E+01 0.101600003E+01 0.107000005E+01 0.101600003E+01
 0.109599996E+01 0.101600003E+01 0.111300004E+01 0.101600003E+01 0.113800001E+01
 0.101600003E+01 0.114699996E+01 0.101199996E+01 0.116499996E+01 0.100100005E+01
 0.121700001E+01 0.102900004E+01 0.121700001E+01 0.104200006E+01 0.116240001E+01
 0.104600000E+01 0.116237998E+01 0.105599999E+01 0.116260004E+01 0.109700000E+01
 0.116450000E+01 0.110800004E+01 0.116594005E+01 0.111600006E+01 0.116591001E+01
 0.113399994E+01 0.116895998E+01 0.114800000E+01 0.117174995E+01 0.116199994E+01
 0.117556000E+01 0.118099999E+01 0.118299997E+01 0.118200004E+01 0.118350005E+01
 0.118499994E+01 0.118499994E+01 0.119000006E+01 0.118799996E+01 0.119500005E+01
 0.119099998E+01 0.120099998E+01 0.119599998E+01 0.120899999E+01 0.120200002E+01
 0.121500003E+01 0.120799994E+01 0.122200000E+01 0.121399999E+01 0.122800004E+01
 0.122099996E+01 0.123399997E+01 0.123099995E+01 0.123899996E+01 0.123800004E+01
 0.124199998E+01 0.124399996E+01 0.124800003E+01 0.125399995E+01 0.125800002E+01
 0.127800000E+01 0.126300001E+01 0.128999996E+01 0.127999997E+01 0.133099997E+01
 0.127999997E+01 0.134700000E+01 0.127999997E+01 0.134800005E+01 0.130999994E+01
 0.134800005E+01 0.132799995E+01 0.134800005E+01 0.136099994E+01 0.134800005E+01
 0.138000000E+01 0.134800005E+01 0.141900003E+01 0.134800005E+01 0.141900003E+01
 0.130999994E+01 0.137199998E+01 0.130999994E+01 0.137199998E+01 0.129200006E+01
 0.160800004E+01 0.109500003E+01 0.164699996E+01 0.107700002E+01 0.178499997E+01
 0.107700002E+01 0.206999993E+01 0.103999996E+01 0.212800002E+01 0.992999971E+00
 0.224499989E+01 0.708999991E+00 0.232299995E+01 0.518999994E+00 0.237700009E+01
 0.388999999E+00 0.236249995E+01 0.400000006E+00 0.236443496E+01 0.222000003E+00
 0.236496902E+01 0.133000001E+00 0.236532402E+01 0.439999998E-01 0.236512089E+01
-0.439999998E-01 0.236484194E+01-0.133000001E+00 0.236433411E+01-0.222000003E+00
 0.236249995E+01-0.400000006E+00 0.237700009E+01-0.388999999E+00 0.213400006E+01
-0.972999990E+00 0.178600001E+01-0.117400002E+01 0.176800001E+01-0.121099997E+01
 0.176800001E+01-0.125000000E+01 0.168200004E+01-0.125000000E+01 0.137199998E+01
-0.125000000E+01 0.137199998E+01-0.132900000E+01 0.141999996E+01-0.132900000E+01
 0.141999996E+01-0.136300004E+01 0.127300000E+01-0.136300004E+01 0.115300000E+01
-0.136300004E+01 0.101600003E+01-0.122300005E+01 0.101600003E+01-0.122300005E+01
 0.101600003E+01-0.829999983E+00 0.101600003E+01-0.800000012E+00 0.101600003E+01
-0.414999992E+00 0.101600003E+01-0.400000006E+00 0.101600003E+01-0.100000005E-02
 0.101600003E+01 0.000000000E+00
    0 0.169550002E+01    0
 0.000000000E+00 0.100725390E+00 0.142992362E+00 0.175606832E+00 0.203279763E+00
 0.226465315E+00 0.248908639E+00 0.269728333E+00 0.289137125E+00 0.307525545E+00
 0.325025320E+00 0.341757983E+00 0.357836366E+00 0.373415351E+00 0.388432145E+00
 0.403046906E+00 0.417307705E+00 0.431194127E+00 0.444754332E+00 0.458051026E+00
 0.471121103E+00 0.483940959E+00 0.496505380E+00 0.508925080E+00 0.521194935E+00
 0.533269465E+00 0.545173287E+00 0.556971490E+00 0.568656325E+00 0.580258191E+00
 0.591701329E+00 0.603068948E+00 0.614367366E+00 0.625615358E+00 0.636780679E+00
 0.647880614E+00 0.658946574E+00 0.669968784E+00 0.680984437E+00 0.691948295E+00
 0.702910244E+00 0.713867664E+00 0.724830866E+00 0.735802174E+00 0.746780872E+00
 0.757804275E+00 0.768860459E+00 0.779970050E+00 0.791136861E+00 0.802371442E+00
 0.813694119E+00 0.825108767E+00 0.836649716E+00 0.848322332E+00 0.860149741E+00
 0.872142732E+00 0.884368598E+00 0.896805406E+00 0.909582973E+00 0.922659576E+00
 0.936195135E+00 0.950276673E+00 0.965079546E+00 0.981091201E+00 0.100000000E+01
    0
