  EFITD    06/25/2013    #1553423000.0ms  EFIT01   0  65  65
 0.170000005E+01 0.320000005E+01 0.169550002E+01 0.839999974E+00 0.000000000E+00
 0.181021667E+01-0.123753315E-01-0.176399946E+00 0.192738022E-02 0.165795755E+01
 0.102024656E+07-0.176399946E+00 0.000000000E+00 0.181021667E+01 0.000000000E+00
-0.123753315E-01 0.000000000E+00 0.192738022E-02 0.000000000E+00 0.000000000E+00
 0.276257825E+01 0.276493835E+01 0.276721334E+01 0.276940441E+01 0.277151418E+01
 0.277354360E+01 0.277549481E+01 0.277736950E+01 0.277916932E+01 0.278089619E+01
 0.278255177E+01 0.278413773E+01 0.278565550E+01 0.278710723E+01 0.278849435E+01
 0.278981829E+01 0.279108143E+01 0.279228449E+01 0.279342985E+01 0.279451871E+01
 0.279555297E+01 0.279653406E+01 0.279746389E+01 0.279834390E+01 0.279917574E+01
 0.279996061E+01 0.280070090E+01 0.280139732E+01 0.280205226E+01 0.280266690E+01
 0.280324292E+01 0.280378199E+01 0.280428529E+01 0.280475497E+01 0.280519223E+01
 0.280559897E+01 0.280597639E+01 0.280632615E+01 0.280665016E+01 0.280694962E+01
 0.280722618E+01 0.280748153E+01 0.280771708E+01 0.280793428E+01 0.280813503E+01
 0.280832100E+01 0.280849314E+01 0.280865359E+01 0.280880356E+01 0.280894446E+01
 0.280907845E+01 0.280920672E+01 0.280933094E+01 0.280945253E+01 0.280957317E+01
 0.280969429E+01 0.280981755E+01 0.280994439E+01 0.281007671E+01 0.281021571E+01
 0.281036305E+01 0.281052041E+01 0.281068897E+01 0.281087089E+01 0.281106734E+01
 0.102352367E+06 0.995914922E+05 0.968674844E+05 0.941803672E+05 0.915301094E+05
 0.889167422E+05 0.863402500E+05 0.838006328E+05 0.812978906E+05 0.788320234E+05
 0.764030391E+05 0.740109297E+05 0.716556953E+05 0.693373438E+05 0.670558594E+05
 0.648112578E+05 0.626035352E+05 0.604326836E+05 0.582987148E+05 0.562016211E+05
 0.541414023E+05 0.521180586E+05 0.501315977E+05 0.481820117E+05 0.462693008E+05
 0.443934688E+05 0.425545117E+05 0.407524336E+05 0.389872305E+05 0.372589062E+05
 0.355674570E+05 0.339128867E+05 0.322951914E+05 0.307143750E+05 0.291704355E+05
 0.276633711E+05 0.261931836E+05 0.247598750E+05 0.233634434E+05 0.220038867E+05
 0.206812090E+05 0.193954062E+05 0.181464805E+05 0.169344336E+05 0.157592627E+05
 0.146209688E+05 0.135195518E+05 0.124550117E+05 0.114273486E+05 0.104365625E+05
 0.948265234E+04 0.856562012E+04 0.768546484E+04 0.684218604E+04 0.603578418E+04
 0.526625977E+04 0.453361230E+04 0.383784106E+04 0.317894751E+04 0.255693042E+04
 0.197179053E+04 0.142352747E+04 0.912141357E+03 0.437632202E+03 0.000000000E+00
 0.238306332E+01 0.229951477E+01 0.221753836E+01 0.213713431E+01 0.205830264E+01
 0.198104346E+01 0.190535653E+01 0.183124208E+01 0.175869989E+01 0.168773007E+01
 0.161833262E+01 0.155050778E+01 0.148425508E+01 0.141957474E+01 0.135646677E+01
 0.129493117E+01 0.123496795E+01 0.117657709E+01 0.111975861E+01 0.106451249E+01
 0.101083875E+01 0.958737373E+00 0.908208370E+00 0.859251738E+00 0.811867476E+00
 0.766055584E+00 0.721815944E+00 0.679148793E+00 0.638054013E+00 0.598531544E+00
 0.560581446E+00 0.524203777E+00 0.489398390E+00 0.456165433E+00 0.424504787E+00
 0.394416571E+00 0.365900666E+00 0.338957131E+00 0.313585997E+00 0.289787203E+00
 0.267560810E+00 0.246906757E+00 0.227825075E+00 0.210315764E+00 0.194378808E+00
 0.180014223E+00 0.167222008E+00 0.156002164E+00 0.146354675E+00 0.138279572E+00
 0.131776825E+00 0.126846433E+00 0.123488419E+00 0.121702768E+00 0.121489480E+00
 0.122848570E+00 0.125780016E+00 0.130283833E+00 0.136360019E+00 0.144008562E+00
 0.153229490E+00 0.164022759E+00 0.176388413E+00 0.190326422E+00 0.205836803E+00
-0.997589250E+06-0.984352125E+06-0.971115000E+06-0.957877875E+06-0.944640750E+06
-0.931403562E+06-0.918166500E+06-0.904929375E+06-0.891692188E+06-0.878455125E+06
-0.865217938E+06-0.851980812E+06-0.838743750E+06-0.825506562E+06-0.812269438E+06
-0.799032312E+06-0.785795188E+06-0.772558062E+06-0.759320938E+06-0.746083812E+06
-0.732846625E+06-0.719609562E+06-0.706372438E+06-0.693135250E+06-0.679898188E+06
-0.666661000E+06-0.653423875E+06-0.640186750E+06-0.626949625E+06-0.613712500E+06
-0.600475375E+06-0.587238250E+06-0.574001062E+06-0.560764000E+06-0.547526875E+06
-0.534289750E+06-0.521052594E+06-0.507815469E+06-0.494578312E+06-0.481341188E+06
-0.468104062E+06-0.454866938E+06-0.441629812E+06-0.428392688E+06-0.415155562E+06
-0.401918406E+06-0.388681312E+06-0.375444156E+06-0.362207031E+06-0.348969906E+06
-0.335732781E+06-0.322495656E+06-0.309258531E+06-0.296021375E+06-0.282784250E+06
-0.269547125E+06-0.256310000E+06-0.243072875E+06-0.229835750E+06-0.216598609E+06
-0.203361484E+06-0.190124359E+06-0.176887219E+06-0.163650094E+06-0.150412969E+06
 2.990305237e-02 2.734710090e-02 2.474155650e-02 2.204155736e-02 1.921728440e-02
 1.624595933e-02 1.309573371e-02 9.707415476e-03 6.070859730e-03 2.102928702e-03
-2.769597340e-03-9.257396683e-03-1.604872942e-02-2.048163489e-02-2.308849804e-02
-2.408654802e-02-2.351886220e-02-2.132322453e-02-1.729739085e-02-1.100722980e-02
-1.612308552e-03 8.221195079e-03 1.646631025e-02 2.382659353e-02 3.069903888e-02
 3.733183071e-02 4.390657693e-02 5.058188736e-02 5.752504617e-02 6.491689384e-02
 7.183766365e-02 7.799415290e-02 8.349488676e-02 8.828514814e-02 9.232944995e-02
 9.551893175e-02 9.821722656e-02 1.014045030e-01 1.049381495e-01 1.087345704e-01
 1.127461419e-01 1.169443429e-01 1.213086843e-01 1.258202344e-01 1.304586530e-01
 1.352011114e-01 1.400221288e-01 1.448935717e-01 1.497849375e-01 1.546634436e-01
 1.594944596e-01 1.642420292e-01 1.688694507e-01 1.733403206e-01 1.776194274e-01
 1.816740036e-01 1.854748577e-01 1.889974028e-01 1.922226697e-01 1.951377243e-01
 1.977360696e-01 2.000174969e-01 2.019876540e-01 2.036572993e-01 2.050414085e-01
 2.556078695e-02 2.271298878e-02 1.991552673e-02 1.713373326e-02 1.432781946e-02
 1.145716384e-02 8.541280404e-03 5.621955264e-03 2.632372780e-03-5.310303532e-04
-4.213269800e-03-8.524746634e-03-1.272162702e-02-1.578003541e-02-1.756416634e-02
-1.806747168e-02-1.726361923e-02-1.508453954e-02-1.141678542e-02-6.117764860e-03
 8.290317492e-04 8.368716575e-03 1.554575376e-02 2.236536145e-02 2.895288542e-02
 3.543689847e-02 4.193986580e-02 4.858718812e-02 5.552553385e-02 6.291664392e-02
 6.987749785e-02 7.610674948e-02 8.170329779e-02 8.665017039e-02 9.090452641e-02
 9.435267746e-02 9.739197046e-02 1.009542346e-01 1.049066633e-01 1.091643944e-01
 1.136753634e-01 1.184048876e-01 1.233269572e-01 1.284188777e-01 1.336581260e-01
 1.390203387e-01 1.444783062e-01 1.500012875e-01 1.555547267e-01 1.611001343e-01
 1.665954143e-01 1.719953567e-01 1.772525907e-01 1.823189110e-01 1.871469617e-01
 1.916920841e-01 1.959144920e-01 1.997809708e-01 2.032666355e-01 2.063559443e-01
 2.090430111e-01 2.113314867e-01 2.132335305e-01 2.147685885e-01 2.159615606e-01
 2.061645873e-02 1.758117601e-02 1.473512314e-02 1.203509048e-02 9.421406314e-03
 7.023738697e-03 4.817415494e-03 2.746463288e-03 7.686788449e-04-1.282735378e-03
-3.442669520e-03-5.593341775e-03-7.501296233e-03-8.900234476e-03-9.586357512e-03
-9.431684390e-03-8.356474340e-03-6.311275065e-03-3.279909957e-03 6.941070314e-04
 5.464972463e-03 1.078246348e-02 1.639383100e-02 2.214348502e-02 2.797212452e-02
 3.387747332e-02 3.988478333e-02 4.602926970e-02 5.233974755e-02 5.877645314e-02
 6.504949927e-02 7.096788287e-02 7.650291175e-02 8.164559305e-02 8.639050275e-02
 9.076087177e-02 9.498810023e-02 9.939467907e-02 1.040450409e-01 1.089402586e-01
 1.140706539e-01 1.194236428e-01 1.249851659e-01 1.307392716e-01 1.366672814e-01
 1.427467763e-01 1.489507556e-01 1.552467644e-01 1.615962833e-01 1.679542661e-01
 1.742691100e-01 1.804830581e-01 1.865333468e-01 1.923539788e-01 1.978784651e-01
 2.030431181e-01 2.077906877e-01 2.120738775e-01 2.158584297e-01 2.191249579e-01
 2.218697071e-01 2.241037935e-01 2.258514315e-01 2.271470428e-01 2.280321866e-01
 1.460269094e-02 1.140054781e-02 8.688244969e-03 6.401683204e-03 4.433584400e-03
 2.870502416e-03 1.626627287e-03 5.138345296e-04-5.792947486e-04-1.664291020e-03
-2.711452777e-03-3.648278536e-03-4.367521964e-03-4.746844526e-03-4.671100527e-03
-4.046842456e-03-2.807852812e-03-9.171400452e-04 1.630043495e-03 4.801999312e-03
 8.530019782e-03 1.271855086e-02 1.726652496e-02 2.208870836e-02 2.712551132e-02
 3.234069422e-02 3.771250322e-02 4.322208837e-02 4.884004220e-02 5.451405793e-02
 6.017173082e-02 6.574612111e-02 7.119651884e-02 7.651060820e-02 8.170378208e-02
 8.682364970e-02 9.194965661e-02 9.716974199e-02 1.025508717e-01 1.081327870e-01
 1.139358357e-01 1.199682951e-01 1.262305379e-01 1.327168345e-01 1.394157857e-01
 1.463100612e-01 1.533755511e-01 1.605802774e-01 1.678832322e-01 1.752330512e-01
 1.825670898e-01 1.898111701e-01 1.968804002e-01 2.036813796e-01 2.101165205e-01
 2.160897553e-01 2.215135545e-01 2.263159454e-01 2.304465324e-01 2.338803262e-01
 2.366189063e-01 2.386886626e-01 2.401365787e-01 2.410243303e-01 2.414219230e-01
 6.523744669e-03 2.977452474e-03 7.596632349e-04-4.385156790e-04-1.088386169e-03
-1.398796332e-03-1.604137942e-03-1.793450676e-03-1.998725580e-03-2.215092070e-03
-2.409994602e-03-2.529197605e-03-2.503378084e-03-2.256307751e-03-1.713532489e-03
-8.098409744e-04 5.053641507e-04 2.264639596e-03 4.480604548e-03 7.145693060e-03
 1.023425721e-02 1.370752696e-02 1.752062514e-02 2.162949182e-02 2.599541843e-02
 3.058623895e-02 3.537466750e-02 4.033499211e-02 4.543974996e-02 5.065830797e-02
 5.595901236e-02 6.131453812e-02 6.670753658e-02 7.213442028e-02 7.760678232e-02
 8.315076679e-02 8.880347013e-02 9.460646659e-02 1.005987898e-01 1.068124622e-01
 1.132712811e-01 1.199913695e-01 1.269821376e-01 1.342468411e-01 1.417826712e-01
 1.495801210e-01 1.576217562e-01 1.658804268e-01 1.743168533e-01 1.828767657e-01
 1.914877743e-01 2.000566870e-01 2.084682584e-01 2.165867984e-01 2.242620140e-01
 2.313397527e-01 2.376761287e-01 2.431528121e-01 2.476896644e-01 2.512529492e-01
 2.538574636e-01 2.555620372e-01 2.564594150e-01 2.566629350e-01 2.562927902e-01
-6.227021106e-03-1.165873278e-02-1.094101369e-02-8.779031225e-03-7.165722083e-03
-5.874192808e-03-4.838577937e-03-4.015632439e-03-3.363080788e-03-2.833588980e-03
-2.373406431e-03-1.923081814e-03-1.419571694e-03-7.993256440e-04-1.829394023e-06
 1.026964281e-03 2.331777476e-03 3.945998382e-03 5.890684202e-03 8.174664341e-03
 1.079577953e-02 1.374314819e-02 1.700005867e-02 2.054685540e-02 2.436320484e-02
 2.842939086e-02 3.272664547e-02 3.723691404e-02 4.194259271e-02 4.682681337e-02
 5.187457800e-02 5.707460269e-02 6.242127344e-02 6.791616976e-02 7.356867939e-02
 7.939552516e-02 8.541914076e-02 9.166535735e-02 9.816080332e-02 1.049308032e-01
 1.119980738e-01 1.193820164e-01 1.270984262e-01 1.351592541e-01 1.435721219e-01
 1.523393095e-01 1.614561528e-01 1.709084958e-01 1.806688756e-01 1.906911284e-01
 2.009032816e-01 2.111987919e-01 2.214277685e-01 2.313916832e-01 2.408479005e-01
 2.495295703e-01 2.571793497e-01 2.635854781e-01 2.686094940e-01 2.722028792e-01
 2.744119763e-01 2.753689587e-01 2.752661109e-01 2.743205726e-01 2.727426887e-01
-1.566053368e-02-2.216180973e-02-2.007469721e-02-1.553750783e-02-1.205268968e-02
-9.351136163e-03-7.233391516e-03-5.562237930e-03-4.233388696e-03-3.159506479e-03
-2.262343885e-03-1.469231909e-03-7.118798094e-04 7.355271373e-05 9.457289707e-04
 1.957071014e-03 3.152651014e-03 4.569288809e-03 6.235223264e-03 8.170277812e-03
 1.038652100e-02 1.288935728e-02 1.567888632e-02 1.875135303e-02 2.210047096e-02
 2.571850829e-02 2.959705144e-02 3.372755274e-02 3.810182214e-02 4.271262139e-02
 4.755444080e-02 5.262440071e-02 5.792314559e-02 6.345548481e-02 6.923070550e-02
 7.526242733e-02 8.156801015e-02 8.816763014e-02 9.508334100e-02 1.023381427e-01
 1.099552736e-01 1.179577857e-01 1.263682842e-01 1.352086812e-01 1.444998831e-01
 1.542612314e-01 1.645091176e-01 1.752549410e-01 1.865010113e-01 1.982339621e-01
 2.104134113e-01 2.229537517e-01 2.356961370e-01 2.483719587e-01 2.605735660e-01
 2.717815936e-01 2.814806700e-01 2.892697752e-01 2.949002683e-01 2.982890606e-01
 2.995430827e-01 2.989717722e-01 2.970179915e-01 2.941260338e-01 2.906610072e-01
-1.940317824e-02-2.622306161e-02-2.349900082e-02-1.825999469e-02-1.401786134e-02
-1.061692648e-02-7.916464470e-03-5.786241498e-03-4.110276699e-03-2.785835415e-03
-1.721334993e-03-8.347390685e-04-5.222760956e-05 6.927314680e-04 1.460383646e-03
 2.304955153e-03 3.274436807e-03 4.409547430e-03 5.744367838e-03 7.306606509e-03
 9.117931128e-03 1.119447034e-02 1.354744937e-02 1.618396305e-02 1.910787076e-02
 2.232085727e-02 2.582321316e-02 2.961444296e-02 3.369383514e-02 3.806107491e-02
 4.271689057e-02 4.766362160e-02 5.290580168e-02 5.845057964e-02 6.430797279e-02
 7.049097866e-02 7.701540738e-02 8.389976621e-02 9.116494656e-02 9.883405268e-02
 1.069323048e-01 1.154871210e-01 1.245283708e-01 1.340887696e-01 1.442043781e-01
 1.549151987e-01 1.662657112e-01 1.783050001e-01 1.910863072e-01 2.046646774e-01
 2.190906256e-01 2.343943268e-01 2.505469620e-01 2.673701644e-01 2.843368649e-01
 3.000120223e-01 3.131199181e-01 3.230900764e-01 3.295627236e-01 3.323268294e-01
 3.313663602e-01 3.273721337e-01 3.218619525e-01 3.156996369e-01 3.093984127e-01
-1.818129607e-02-2.496267855e-02-2.234078757e-02-1.700433902e-02-1.263655163e-02
-9.135914035e-03-6.382741965e-03-4.253437743e-03-2.630434232e-03-1.406267751e-03
-4.835744621e-04 2.230974205e-04 7.888798136e-04 1.278727199e-03 1.752915676e-03
 2.267667791e-03 2.876956481e-03 3.622526769e-03 4.542774986e-03 5.671522580e-03
 7.037715055e-03 8.665419184e-03 1.057385933e-02 1.277747191e-02 1.528634876e-02
 1.810876094e-02 2.125158161e-02 2.472039312e-02 2.851983905e-02 3.265436739e-02
 3.712879866e-02 4.194880649e-02 4.712137952e-02 5.265518278e-02 5.856088549e-02
 6.485138834e-02 7.154200971e-02 7.865061611e-02 8.619786054e-02 9.420737624e-02
 1.027061716e-01 1.117252186e-01 1.213002726e-01 1.314729899e-01 1.422925889e-01
 1.538178325e-01 1.661200672e-01 1.792870909e-01 1.934288293e-01 2.086853236e-01
 2.252391875e-01 2.433358729e-01 2.633220255e-01 2.857387960e-01 3.110486269e-01
 3.339269161e-01 3.520150185e-01 3.651814461e-01 3.731449842e-01 3.752621710e-01
 3.713311553e-01 3.604106903e-01 3.483315408e-01 3.372233212e-01 3.271946311e-01
-1.265473757e-02-1.925259270e-02-1.685404032e-02-1.178187598e-02-7.777121384e-03
-4.712985363e-03-2.429651562e-03-7.795228157e-04 3.654502216e-04 1.113028848e-03
 1.569627319e-03 1.816249453e-03 1.927260659e-03 1.945544383e-03 1.928591751e-03
 1.927807694e-03 2.037801314e-03 2.269180026e-03 2.668600995e-03 3.276604693e-03
 4.128979519e-03 5.257161334e-03 6.687790155e-03 8.440705016e-03 1.052309014e-02
 1.294819545e-02 1.572903991e-02 1.887600310e-02 2.239643224e-02 2.629751340e-02
 3.058651648e-02 3.527088091e-02 4.035875574e-02 4.585937411e-02 5.178334936e-02
 5.814301595e-02 6.495278329e-02 7.222949713e-02 7.999284565e-02 8.826585114e-02
 9.707551450e-02 1.064536870e-01 1.164382622e-01 1.270747185e-01 1.384183913e-01
 1.505374610e-01 1.635172218e-01 1.774662137e-01 1.925252378e-01 2.088810354e-01
 2.267876565e-01 2.466013581e-01 2.688377500e-01 2.942558229e-01 3.239032328e-01
 3.542971611e-01 3.778987527e-01 3.946067989e-01 4.045637548e-01 4.076594710e-01
 4.029048383e-01 3.897342980e-01 3.705722690e-01 3.543837965e-01 3.408340514e-01
-2.653931268e-03-9.031680413e-03-6.488378160e-03-2.181140240e-03 7.559868391e-04
 2.700424055e-03 3.912766930e-03 4.576376639e-03 4.823510535e-03 4.754429683e-03
 4.449860193e-03 3.975311760e-03 3.385482356e-03 2.725461032e-03 2.036173362e-03
 1.353728352e-03 7.736487314e-04 3.368298057e-04 8.571724175e-05 6.222527009e-05
 3.071367973e-04 8.604318136e-04 1.762790605e-03 3.059524577e-03 4.688344430e-03
 6.689971779e-03 9.092022665e-03 1.191088092e-02 1.514634583e-02 1.880746707e-02
 2.290369011e-02 2.744232863e-02 3.243145347e-02 3.787986934e-02 4.379702732e-02
 5.019360408e-02 5.708198622e-02 6.447672099e-02 7.239498943e-02 8.085716516e-02
 8.988745511e-02 9.951481223e-02 1.097740456e-01 1.207073703e-01 1.323664188e-01
 1.448149383e-01 1.581325382e-01 1.724197716e-01 1.878051758e-01 2.044550627e-01
 2.225868851e-01 2.424869090e-01 2.645311356e-01 2.892053425e-01 3.171180189e-01
 3.488119245e-01 3.757856488e-01 3.951621056e-01 4.072055519e-01 4.120000303e-01
 4.097346365e-01 3.994084597e-01 3.808290958e-01 3.618140519e-01 3.465993404e-01
 1.519228145e-02 1.008944120e-02 1.079688966e-02 1.241680514e-02 1.287898235e-02
 1.273948886e-02 1.221015863e-02 1.139958855e-02 1.037626434e-02 9.190184996e-03
 7.881667465e-03 6.485091057e-03 5.030859262e-03 3.546622582e-03 2.058762126e-03
 5.938591203e-04-7.561788661e-04-1.947864424e-03-2.937668934e-03-3.682556562e-03
-4.140519071e-03-4.271176178e-03-4.036785103e-03-3.404519986e-03-2.352286130e-03
-8.493493078e-04 1.139042084e-03 3.653381253e-03 6.594161969e-03 1.000396721e-02
 1.390339062e-02 1.828926988e-02 2.316982113e-02 2.855373733e-02 3.444736451e-02
 4.085812718e-02 4.779487848e-02 5.526836962e-02 6.329157203e-02 7.188001275e-02
 8.105230331e-02 9.083078057e-02 1.012422591e-01 1.123190969e-01 1.241003200e-01
 1.366332322e-01 1.499751210e-01 1.641955078e-01 1.793785393e-01 1.956254095e-01
 2.130563557e-01 2.318111658e-01 2.520467043e-01 2.739317119e-01 2.976456881e-01
 3.234367967e-01 3.497862220e-01 3.687509000e-01 3.812994659e-01 3.879427016e-01
 3.884556592e-01 3.833264709e-01 3.717318475e-01 3.552043140e-01 3.419521451e-01
 4.061267525e-02 3.885645792e-02 3.429016098e-02 3.007794917e-02 2.683648467e-02
 2.401350811e-02 2.139024250e-02 1.886624657e-02 1.639145426e-02 1.394078415e-02
 1.150295790e-02 9.074861184e-03 6.658380851e-03 4.258448724e-03 1.881642034e-03
-4.238243564e-04-2.601847751e-03-4.607280716e-03-6.395572796e-03-7.922809571e-03
-9.145966731e-03-1.002330426e-02-1.051487867e-02-1.058312505e-02-1.019312907e-02
-9.311048314e-03-7.905271836e-03-5.949568003e-03-3.430226818e-03-3.195386671e-04
 3.419137560e-03 7.647335529e-03 1.241239626e-02 1.773292385e-02 2.359995618e-02
 3.001655638e-02 3.698647767e-02 4.451573640e-02 5.261192843e-02 6.128417328e-02
 7.054340839e-02 8.040274680e-02 9.087780863e-02 1.019870341e-01 1.137519479e-01
 1.261972934e-01 1.393508315e-01 1.532427371e-01 1.679039448e-01 1.833629906e-01
 1.996399015e-01 2.167352736e-01 2.346108258e-01 2.531534731e-01 2.721053362e-01
 2.909106612e-01 3.084474206e-01 3.232381642e-01 3.343986869e-01 3.416489661e-01
 3.449765742e-01 3.445629478e-01 3.408954144e-01 3.350429535e-01 3.285116553e-01
 5.850938335e-02 5.776193738e-02 5.161286891e-02 4.496809840e-02 3.935182840e-02
 3.445035219e-02 3.003777750e-02 2.596113831e-02 2.211884968e-02 1.844324917e-02
 1.488904469e-02 1.142593753e-02 8.033855818e-03 4.699801560e-03 1.415677718e-03
-1.766605885e-03-4.804250319e-03-7.653598674e-03-1.027068403e-02-1.261162013e-02
-1.463292912e-02-1.629184559e-02-1.754659042e-02-1.835663244e-02-1.868286170e-02
-1.848772168e-02-1.773577370e-02-1.639462076e-02-1.443575323e-02-1.183356252e-02
-8.569383062e-03-4.641069565e-03-3.084662603e-05 5.284056999e-03 1.113869622e-02
 1.757235453e-02 2.457815595e-02 3.216002882e-02 4.032038897e-02 4.906100407e-02
 5.838405341e-02 6.829229742e-02 7.878907770e-02 8.987808973e-02 1.015628949e-01
 1.138460711e-01 1.267277896e-01 1.402036995e-01 1.542614549e-01 1.688756943e-01
 1.840000898e-01 1.995560080e-01 2.154156417e-01 2.313789278e-01 2.471452206e-01
 2.622909248e-01 2.762852907e-01 2.885794044e-01 2.987324297e-01 3.064861298e-01
 3.117748797e-01 3.147186339e-01 3.156194985e-01 3.149341643e-01 3.131806850e-01
 6.988963485e-02 6.939475983e-02 6.320825219e-02 5.572121963e-02 4.896100610e-02
 4.281819612e-02 3.717110306e-02 3.191186488e-02 2.695207670e-02 2.222220227e-02
 1.766870916e-02 1.325086784e-02 8.937902749e-03 4.706650972e-03 5.397364730e-04
-3.510034410e-03-7.401215844e-03-1.109101065e-02-1.453594957e-02-1.769235916e-02
-2.051669359e-02-2.296575718e-02-2.499688789e-02-2.656808868e-02-2.763815969e-02
-2.816688269e-02-2.811532654e-02-2.744628489e-02-2.612484246e-02-2.411897667e-02
-2.140079066e-02-1.794764027e-02-1.374082826e-02-8.769889362e-03-3.041253425e-03
 3.459464060e-03 1.051203441e-02 1.816214249e-02 2.640396357e-02 3.522815183e-02
 4.462750629e-02 5.459444970e-02 6.512076408e-02 7.619703561e-02 8.781167120e-02
 9.994960576e-02 1.125905365e-01 1.257065535e-01 1.392588913e-01 1.531936228e-01
 1.674360186e-01 1.818837076e-01 1.963988990e-01 2.108010948e-01 2.248632908e-01
 2.383166254e-01 2.508688569e-01 2.622367144e-01 2.721842527e-01 2.805537879e-01
 2.872831225e-01 2.924089432e-01 2.960577309e-01 2.984235585e-01 2.997337282e-01
 7.784148306e-02 7.746575028e-02 7.100561261e-02 6.310547888e-02 5.575335771e-02
 4.889203981e-02 4.245268181e-02 3.636492044e-02 3.056361526e-02 2.499187179e-02
 1.960167661e-02 1.435337029e-02 9.214595892e-03 4.159087781e-03-8.346654358e-04
-5.705535412e-03-1.041077822e-02-1.490691770e-02-1.915016025e-02-2.309671231e-02
-2.670300566e-02-2.992579527e-02-3.272222355e-02-3.504982591e-02-3.686652705e-02
-3.813070431e-02-3.880129382e-02-3.883804008e-02-3.820184618e-02-3.685534745e-02
-3.476369753e-02-3.189557046e-02-2.822441794e-02-2.373068035e-02-1.840456575e-02
-1.224786323e-02-5.285766441e-03 2.478099428e-03 1.085815579e-02 1.981390826e-02
 2.933769673e-02 3.941252083e-02 5.002044514e-02 6.114234775e-02 7.275579125e-02
 8.483386785e-02 9.734376520e-02 1.102449074e-01 1.234866604e-01 1.370055974e-01
 1.507224292e-01 1.645389050e-01 1.783353239e-01 1.919695586e-01 2.052786946e-01
 2.180848718e-01 2.302056253e-01 2.414680421e-01 2.517240047e-01 2.608635724e-01
 2.688235044e-01 2.755897641e-01 2.811940908e-01 2.857047021e-01 2.892138660e-01
 8.289028704e-02 8.251690865e-02 7.584294677e-02 6.774065644e-02 6.009081379e-02
 5.283373222e-02 4.591290280e-02 3.927457333e-02 3.286980093e-02 2.665494569e-02
 2.059160732e-02 1.464639511e-02 8.790669963e-03 3.000541124e-03-2.742428333e-03
-8.364188485e-03-1.382014435e-02-1.906522550e-02-2.405457757e-02-2.874386311e-02
-3.308937699e-02-3.704801574e-02-4.057718441e-02-4.363463446e-02-4.617834091e-02
-4.816636443e-02-4.955680296e-02-5.030784756e-02-5.037796125e-02-4.972624406e-02
-4.831304774e-02-4.610083252e-02-4.305540398e-02-3.914756328e-02-3.435518965e-02
-2.866560780e-02-2.207847685e-02-1.460663881e-02-6.287329830e-03 2.849039156e-03
 1.257799193e-02 2.284311689e-02 3.361758217e-02 4.487992451e-02 5.660086870e-02
 6.874646246e-02 8.127762377e-02 9.414898604e-02 1.073074937e-01 1.206908822e-01
 1.342262626e-01 1.478289217e-01 1.614018679e-01 1.748362482e-01 1.880133152e-01
 2.008080333e-01 2.130942494e-01 2.247509956e-01 2.356688380e-01 2.457554936e-01
 2.549395263e-01 2.631720006e-01 2.704257965e-01 2.766937613e-01 2.819855809e-01
 8.501305431e-02 8.447596431e-02 7.802879810e-02 6.997624040e-02 6.229913235e-02
 5.490846559e-02 4.774530977e-02 4.076971859e-02 3.394936398e-02 2.725525945e-02
 2.066038549e-02 1.413927879e-02 7.667771541e-03 1.222473802e-03-5.170141812e-03
-1.145601086e-02-1.758409105e-02-2.350555360e-02-2.917341702e-02-3.454232216e-02
-3.956829011e-02-4.420847446e-02-4.842085764e-02-5.216393992e-02-5.539641529e-02
-5.807690322e-02-6.016370654e-02-6.161469221e-02-6.238728389e-02-6.243862212e-02
-6.172594801e-02-6.020724773e-02-5.784218758e-02-5.459344760e-02-5.042842776e-02
-4.532135651e-02-3.925582767e-02-3.222769871e-02-2.424884401e-02-1.534970943e-02
-5.589488894e-03 4.978904035e-03 1.601199247e-02 2.753268182e-02 3.949352354e-02
 5.185491219e-02 6.457551569e-02 7.761003077e-02 9.090819955e-02 1.044140086e-01
 1.180650964e-01 1.317923218e-01 1.455197334e-01 1.591650397e-01 1.726406068e-01
 1.858550906e-01 1.987153590e-01 2.111285478e-01 2.230038494e-01 2.342535853e-01
 2.447937429e-01 2.545440197e-01 2.634280622e-01 2.713751793e-01 2.783237696e-01
 8.449811488e-02 8.347892016e-02 7.749433070e-02 7.014586031e-02 6.280196458e-02
 5.549815670e-02 4.825874418e-02 4.108861834e-02 3.398243710e-02 2.692905813e-02
 1.991395466e-02 1.292061992e-02 5.931401160e-03-1.072219457e-03-8.037053049e-03
-1.490648463e-02-2.162667364e-02-2.814656124e-02-3.441772237e-02-4.039410502e-02
-4.603171349e-02-5.128821358e-02-5.612248555e-02-6.049417704e-02-6.436323375e-02
-6.768947840e-02-7.043222338e-02-7.254994661e-02-7.400015742e-02-7.473931462e-02
-7.472299784e-02-7.390629500e-02-7.224446535e-02-6.969395280e-02-6.621379405e-02
-6.176741794e-02-5.632496625e-02-4.986616224e-02-4.238376766e-02-3.388759121e-02
-2.440950833e-02-1.400785334e-02-2.782268915e-03 9.178830311e-03 2.153135277e-02
 3.426417708e-02 4.734162986e-02 6.072208658e-02 7.436071336e-02 8.820997179e-02
 1.022194475e-01 1.163356602e-01 1.305020452e-01 1.446589679e-01 1.587440670e-01
 1.726922691e-01 1.864357740e-01 1.999033391e-01 2.130187154e-01 2.256978303e-01
 2.378451079e-01 2.493492961e-01 2.600807846e-01 2.698932886e-01 2.786333263e-01
 8.359497786e-02 8.220610023e-02 7.655462623e-02 6.954636425e-02 6.238607690e-02
 5.513338372e-02 4.783671722e-02 4.052027687e-02 3.319265693e-02 2.585300989e-02
 1.849467680e-02 1.110749040e-02 3.679504618e-03-3.801127663e-03-1.125652529e-02
-1.862773485e-02-2.585880272e-02-3.289708495e-02-3.969321772e-02-4.620084539e-02
-5.237626284e-02-5.817790702e-02-6.356585026e-02-6.850119680e-02-7.294551283e-02
-7.686029375e-02-8.020640910e-02-8.294367045e-02-8.503048867e-02-8.642364293e-02
-8.707823604e-02-8.694784343e-02-8.598490804e-02-8.414146304e-02-8.137015998e-02
-7.762581110e-02-7.286731899e-02-6.706021726e-02-6.017976999e-02-5.221462622e-02
-4.317109659e-02-3.307760134e-02-2.198908478e-02-9.987907484e-03 2.805655822e-03
 1.604495011e-02 2.963342518e-02 4.352330044e-02 5.767347664e-02 7.204537839e-02
 8.660122752e-02 1.013033763e-01 1.161140651e-01 1.309954524e-01 1.459094286e-01
 1.608172208e-01 1.756783575e-01 1.904484481e-01 2.050752044e-01 2.194921523e-01
 2.336085886e-01 2.472955436e-01 2.603687644e-01 2.725746334e-01 2.835980058e-01
 8.327743411e-02 8.177764714e-02 7.598701864e-02 6.879890710e-02 6.152935699e-02
 5.418593436e-02 4.677673429e-02 3.930840269e-02 3.178315610e-02 2.419859171e-02
 1.654830202e-02 8.822602220e-03 1.008916763e-03-6.864604540e-03-1.472943742e-02
-2.252234519e-02-3.018482961e-02-3.766279295e-02-4.490622506e-02-5.186877027e-02
-5.850728601e-02-6.478122622e-02-7.065205276e-02-7.608253509e-02-8.103612810e-02
-8.547625691e-02-8.936572820e-02-9.266614169e-02-9.533741325e-02-9.733739495e-02
-9.862162918e-02-9.914329648e-02-9.885336459e-02-9.770103544e-02-9.563444555e-02
-9.260186553e-02-8.855324984e-02-8.344236761e-02-7.722950727e-02-6.988485157e-02
-6.139250100e-02-5.175513774e-02-4.099946469e-02-2.918236144e-02-1.639915630e-02
-2.793381922e-03 1.148223877e-02 2.603188343e-02 4.083322361e-02 5.586292222e-02
 7.109826803e-02 8.651813120e-02 1.021036580e-01 1.178388968e-01 1.337112039e-01
 1.497113407e-01 1.658329815e-01 1.820712239e-01 1.984191388e-01 2.148610353e-01
 2.313600183e-01 2.478346080e-01 2.641152143e-01 2.798592448e-01 2.943980396e-01
 8.267027140e-02 8.106306195e-02 7.493253052e-02 6.760382652e-02 6.021402776e-02
 5.275399238e-02 4.521920532e-02 3.760458156e-02 2.990395576e-02 2.210977860e-02
 1.421293989e-02 6.202719640e-03-1.933415886e-03-1.013860665e-02-1.834446751e-02
-2.648714744e-02-3.450751305e-02-4.235111922e-02-4.996798933e-02-5.731223896e-02
-6.434156001e-02-7.101665437e-02-7.730051130e-02-8.315770328e-02-8.855366707e-02
-9.345392138e-02-9.782341868e-02-1.016258076e-01-1.048229039e-01-1.073741093e-01
-1.092360988e-01-1.103625074e-01-1.107039303e-01-1.102080569e-01-1.088201553e-01
-1.064838320e-01-1.031423062e-01-9.874007106e-02-9.322523326e-02-8.655238897e-02
-7.868633419e-02-6.960643828e-02-5.931179971e-02-4.782702401e-02-3.520835564e-02
-2.154908888e-02-6.982151419e-03 8.310236037e-03 2.384824865e-02 3.961811960e-02
 5.560883507e-02 7.181328535e-02 8.822944015e-02 1.048617065e-01 1.217223033e-01
 1.388327926e-01 1.562256813e-01 1.739459336e-01 1.920523643e-01 2.106183767e-01
 2.297311276e-01 2.494870722e-01 2.699756324e-01 2.911958992e-01 3.120620847e-01
 8.117697388e-02 7.940632850e-02 7.331478596e-02 6.588987261e-02 5.840970948e-02
 5.086167529e-02 4.323061183e-02 3.550199419e-02 2.766246162e-02 1.969962008e-02
 1.160171535e-02 3.357578535e-03-5.042769015e-03-1.351751667e-02-2.199942432e-02
-3.042502329e-02-3.873535618e-02-4.687624425e-02-5.479818583e-02-6.245604903e-02
-6.980860233e-02-7.681787014e-02-8.344845474e-02-8.966675401e-02-9.544020891e-02
-1.007364839e-01-1.055226922e-01-1.097646803e-01-1.134263352e-01-1.164689511e-01
-1.188507527e-01-1.205264926e-01-1.214471906e-01-1.215601042e-01-1.208089739e-01
-1.191344410e-01-1.164749786e-01-1.127682328e-01-1.079528183e-01-1.019708514e-01
-9.477119148e-02-8.631335944e-02-7.657241821e-02-6.554451585e-02-5.325315520e-02
-3.975583240e-02-2.515088767e-02-9.584847838e-03 6.741345860e-03 2.329271473e-02
 4.006612673e-02 5.706440285e-02 7.429796457e-02 9.178680927e-02 1.095629334e-01
 1.276733577e-01 1.461840719e-01 1.651851535e-01 1.847981811e-01 2.051865608e-01
 2.265716046e-01 2.492593974e-01 2.736932635e-01 3.005721569e-01 3.286490440e-01
 7.915887237e-02 7.722590119e-02 7.106828690e-02 6.359994411e-02 5.609915778e-02
 4.853223264e-02 4.086759686e-02 3.308086842e-02 2.515310794e-02 1.706871949e-02
 8.813752793e-03 3.745415015e-04-8.222343400e-03-1.690326445e-02-2.559919842e-02
-3.424597532e-02-4.278452322e-02-5.116091296e-02-5.932620540e-02-6.723613292e-02
-7.485055923e-02-8.213286847e-02-8.904924244e-02-9.556784481e-02-1.016580388e-01
-1.072895601e-01-1.124316677e-01-1.170523837e-01-1.211177111e-01-1.245910004e-01
-1.274322867e-01-1.295978427e-01-1.310397089e-01-1.317055523e-01-1.315386444e-01
-1.304780692e-01-1.284593344e-01-1.254153252e-01-1.212777868e-01-1.159793958e-01
-1.094565541e-01-1.016529128e-01-9.252386540e-02-8.204191178e-02-7.020297647e-02
-5.703348666e-02-4.259810969e-02-2.700778097e-02-1.042721327e-02 6.918912288e-03
 2.446750365e-02 4.222591221e-02 6.021047011e-02 7.844883204e-02 9.698288888e-02
 1.158724204e-01 1.351998746e-01 1.550771892e-01 1.756554246e-01 1.971386373e-01
 2.198035568e-01 2.440261096e-01 2.703123987e-01 2.993188798e-01 3.303825855e-01
 7.655705512e-02 7.446202636e-02 6.800248474e-02 6.064913422e-02 5.328741670e-02
 4.582510516e-02 3.821882233e-02 3.044457547e-02 2.248643711e-02 1.433182042e-02
 5.969319027e-03-2.612578915e-03-1.135798264e-02-2.019378170e-02-2.905100770e-02
-3.786554560e-02-4.657854140e-02-5.513649434e-02-6.349112839e-02-7.159905136e-02
-7.942121476e-02-8.692231029e-02-9.406997263e-02-1.008340418e-01-1.071856767e-01
-1.130965203e-01-1.185378507e-01-1.234797612e-01-1.278903484e-01-1.317350268e-01
-1.349757463e-01-1.375705153e-01-1.394728273e-01-1.406313181e-01-1.409896016e-01
-1.404863447e-01-1.390554756e-01-1.366269737e-01-1.331279725e-01-1.284844726e-01
-1.226236671e-01-1.154771373e-01-1.069848984e-01-9.710051864e-02-8.579719812e-02
-7.307496667e-02-5.896872655e-02-4.355687648e-02-2.696995810e-02-9.398557246e-03
 8.900679648e-03 2.736400813e-02 4.600594193e-02 6.485225260e-02 8.394307643e-02
 1.033352762e-01 1.231059060e-01 1.433572918e-01 1.642247885e-01 1.858877838e-01
 2.085863203e-01 2.326462120e-01 2.585185170e-01 2.868366539e-01 3.171496987e-01
 7.180043310e-02 6.910939515e-02 6.372490525e-02 5.711567029e-02 5.015145242e-02
 4.292284325e-02 3.545146808e-02 2.774325572e-02 1.979799755e-02 1.161241811e-02
 3.181620501e-03-5.499667954e-03-1.434995048e-02-2.329641208e-02-3.227020800e-02
-4.120738804e-02-5.004940927e-02-5.874325708e-02-6.724132597e-02-7.550106943e-02
-8.348446339e-02-9.115738422e-02-9.848880768e-02-1.054500565e-01-1.120139211e-01
-1.181537658e-01-1.238427088e-01-1.290527433e-01-1.337539554e-01-1.379136592e-01
-1.414958090e-01-1.444601864e-01-1.467619538e-01-1.483510882e-01-1.491721421e-01
-1.491640806e-01-1.482604742e-01-1.463898122e-01-1.434764862e-01-1.394421011e-01
-1.342074722e-01-1.276954710e-01-1.198346168e-01-1.105638593e-01-9.983840585e-02
-8.763674647e-02-7.396876067e-02-5.888470262e-02-4.248470441e-02-2.492808737e-02
-6.441521924e-03 1.267516054e-02 3.188462555e-02 5.120041966e-02 7.065353543e-02
 9.028707445e-02 1.101559624e-01 1.303284168e-01 1.508881599e-01 1.719372422e-01
 1.935993433e-01 2.160251588e-01 2.394057512e-01 2.640312016e-01 2.898989022e-01
 6.845278293e-02 6.553588808e-02 6.023033708e-02 5.390653759e-02 4.719956592e-02
 4.015391693e-02 3.280159831e-02 2.516020276e-02 1.723765954e-02 9.035752155e-03
 5.520451814e-04-8.188296109e-03-1.710608415e-02-2.612672187e-02-3.518065438e-02
-4.420380294e-02-5.313782394e-02-6.193014607e-02-7.053379714e-02-7.890699059e-02
-8.701264858e-02-9.481768310e-02-1.022922769e-01-1.094090194e-01-1.161421239e-01
-1.224664748e-01-1.283567995e-01-1.337868124e-01-1.387283355e-01-1.431505382e-01
-1.470191330e-01-1.502957642e-01-1.529372185e-01-1.548950523e-01-1.561150998e-01
-1.565372199e-01-1.560952812e-01-1.547174305e-01-1.523267180e-01-1.488422006e-01
-1.441806257e-01-1.382588893e-01-1.309973598e-01-1.223242059e-01-1.121809110e-01
-1.005290300e-01-8.735816181e-02-7.269500941e-02-5.661332980e-02-3.924414888e-02
-2.078586072e-02-1.513629104e-03 1.821125299e-02 3.788402677e-02 5.754595622e-02
 7.722791284e-02 9.695795178e-02 1.167627200e-01 1.366654336e-01 1.566802114e-01
 1.768007725e-01 1.969774961e-01 2.170692980e-01 2.367377281e-01 2.552713454e-01
 6.620156765e-02 6.317535788e-02 5.771103501e-02 5.138842016e-02 4.473397136e-02
 3.775361925e-02 3.045703284e-02 2.285161428e-02 1.494131144e-02 6.726661697e-03
-1.794805052e-03-1.057596412e-02-1.953837648e-02-2.860777453e-02-3.771488369e-02
-4.679597169e-02-5.579314753e-02-6.465437263e-02-7.333330810e-02-8.178891987e-02
-8.998493105e-02-9.788917750e-02-1.054728255e-01-1.127096117e-01-1.195748895e-01
-1.260448545e-01-1.320956200e-01-1.377023160e-01-1.428383589e-01-1.474744678e-01
-1.515780389e-01-1.551123112e-01-1.580357701e-01-1.603015214e-01-1.618567854e-01
-1.626426131e-01-1.625936925e-01-1.616385579e-01-1.596998870e-01-1.566955596e-01
-1.525399983e-01-1.471463293e-01-1.404294670e-01-1.323100179e-01-1.227195114e-01
-1.116067618e-01-9.894559532e-02-8.474367112e-02-6.905218959e-02-5.197569728e-02
-3.368091583e-02-1.440224331e-02 5.560134538e-03 2.543220669e-02 4.518331960e-02
 6.480443478e-02 8.429074287e-02 1.036329567e-01 1.228104532e-01 1.417830139e-01
 1.604791731e-01 1.787797809e-01 1.964967400e-01 2.133537680e-01 2.289893180e-01
 6.428957731e-02 6.115657836e-02 5.574283749e-02 4.939939454e-02 4.274474084e-02
 3.577857092e-02 2.849965729e-02 2.090693265e-02 1.299866848e-02 4.771979526e-03
-3.777448786e-03-1.258606277e-02-2.157690749e-02-3.067679703e-02-3.981729597e-02
-4.893538356e-02-5.797380209e-02-6.688114256e-02-7.561169565e-02-8.412508667e-02
-9.238576144e-02-1.003623083e-01-1.080267206e-01-1.153536141e-01-1.223193184e-01
-1.289010793e-01-1.350760907e-01-1.408207417e-01-1.461096555e-01-1.509149373e-01
-1.552053839e-01-1.589456648e-01-1.620957702e-01-1.646102071e-01-1.664376110e-01
-1.675202996e-01-1.677940190e-01-1.671880037e-01-1.656253189e-01-1.630234867e-01
-1.592958570e-01-1.543534994e-01-1.481079161e-01-1.404747814e-01-1.313788742e-01
-1.207601428e-01-1.085812002e-01-9.483619034e-02-7.956066728e-02-6.284242123e-02
-4.483260959e-02-2.575711161e-02-5.928753875e-03 1.423531212e-02 3.409029916e-02
 5.364904925e-02 7.290381193e-02 9.183240682e-02 1.103974357e-01 1.285425872e-01
 1.461873353e-01 1.632215530e-01 1.795018017e-01 1.948531419e-01 2.090800852e-01
 6.289462000e-02 5.969592929e-02 5.421196669e-02 4.784355685e-02 4.118350148e-02
 3.422264382e-02 2.695298940e-02 1.936782338e-02 1.146126445e-02 3.227647161e-03
-5.339019001e-03-1.416309923e-02-2.316926420e-02-3.228555992e-02-4.144449905e-02
-5.058383569e-02-5.964694545e-02-6.858301163e-02-7.734688371e-02-8.589871973e-02
-9.420351684e-02-1.022304595e-01-1.099521741e-01-1.173439324e-01-1.243827939e-01
-1.310468018e-01-1.373140067e-01-1.431616843e-01-1.485655010e-01-1.534985900e-01
-1.579308808e-01-1.618282497e-01-1.651518196e-01-1.678574234e-01-1.698948741e-01
-1.712076664e-01-1.717326194e-01-1.713998765e-01-1.701330692e-01-1.678499728e-01
-1.644636840e-01-1.598842293e-01-1.540212780e-01-1.467875987e-01-1.381036043e-01
-1.279034466e-01-1.161421314e-01-1.028042659e-01-8.791378886e-02-7.154460251e-02
-5.383110419e-02-3.497732803e-02-1.526205614e-02 4.965193570e-03 2.485378645e-02
 4.435254633e-02 6.342812628e-02 8.204726875e-02 1.001686379e-01 1.177384332e-01
 1.346878111e-01 1.509320289e-01 1.663715243e-01 1.808960885e-01 1.943923235e-01
 6.182915717e-02 5.858260393e-02 5.302283913e-02 4.665551707e-02 4.001325741e-02
 3.307481110e-02 2.582620457e-02 1.825746894e-02 1.036094688e-02 2.130190376e-03
-6.440423895e-03-1.526754815e-02-2.427714877e-02-3.339816257e-02-4.256376252e-02
-5.171223357e-02-6.078740954e-02-6.973887235e-02-7.852184027e-02-8.709684014e-02
-9.542923421e-02-1.034885794e-01-1.112479120e-01-1.186829433e-01-1.257712394e-01
-1.324913353e-01-1.388218701e-01-1.447407901e-01-1.502244174e-01-1.552466750e-01
-1.597782820e-01-1.637859643e-01-1.672317833e-01-1.700724661e-01-1.722588241e-01
-1.737352908e-01-1.744395792e-01-1.743026376e-01-1.732487828e-01-1.711962372e-01
-1.680581868e-01-1.637444049e-01-1.581636965e-01-1.512272060e-01-1.428529918e-01
-1.329716742e-01-1.215336248e-01-1.085175201e-01-9.394010156e-02-7.786709070e-02
-6.042446941e-02-4.180966318e-02-2.230189368e-02-2.272019861e-03 1.780485362e-02
 3.733368218e-02 5.631876364e-02 7.474488765e-02 9.258240461e-02 1.097892523e-01
 1.263123006e-01 1.420889497e-01 1.570495814e-01 1.711212844e-01 1.842328608e-01
 6.082469225e-02 5.750700086e-02 5.206951872e-02 4.579157010e-02 3.922617808e-02
 3.234566748e-02 2.513921820e-02 1.760061271e-02 9.724255651e-03 1.504046610e-03
-7.053189445e-03-1.587024890e-02-2.487233654e-02-3.398817405e-02-4.315095767e-02
-5.229906365e-02-6.137645245e-02-7.033284754e-02-7.912357897e-02-8.770933002e-02
-9.605558962e-02-1.041320935e-01-1.119120345e-01-1.193713471e-01-1.264878064e-01
-1.332402378e-01-1.396075785e-01-1.455681026e-01-1.510985643e-01-1.561732590e-01
-1.607634127e-01-1.648362726e-01-1.683544517e-01-1.712752730e-01-1.735501587e-01
-1.751241237e-01-1.759355664e-01-1.759159863e-01-1.749902368e-01-1.730769575e-01
-1.700896025e-01-1.659380049e-01-1.605306864e-01-1.537782103e-01-1.455974579e-01
-1.359173656e-01-1.246858686e-01-1.118783727e-01-9.750745445e-02-8.163357526e-02
-6.437620521e-02-4.592444748e-02-2.654568292e-02-6.590452045e-03 1.350975875e-02
 3.302069008e-02 5.193703994e-02 7.024337351e-02 8.791410923e-02 1.049143076e-01
 1.212009415e-01 1.367247701e-01 1.514327675e-01 1.652712226e-01 1.781893522e-01
 5.992206186e-02 5.643267930e-02 5.135273561e-02 4.535057768e-02 3.890459985e-02
 3.209380060e-02 2.493545599e-02 1.743322052e-02 9.585713968e-03 1.388992066e-03
-7.147496566e-03-1.594664343e-02-2.493352443e-02-3.403669968e-02-4.318922386e-02
-5.232933909e-02-6.140090153e-02-7.035350800e-02-7.914241403e-02-8.772817999e-02
-9.607622772e-02-1.041562110e-01-1.119412929e-01-1.194073409e-01-1.265321374e-01
-1.332944781e-01-1.396733671e-01-1.456471235e-01-1.511925459e-01-1.562840641e-01
-1.608930230e-01-1.649868339e-01-1.685282737e-01-1.714748740e-01-1.737782806e-01
-1.753837764e-01-1.762300134e-01-1.762487441e-01-1.753651202e-01-1.734980494e-01
-1.705612093e-01-1.664646268e-01-1.611169726e-01-1.544287950e-01-1.463169008e-01
-1.367099136e-01-1.255552471e-01-1.128274500e-01-9.853792191e-02-8.274541050e-02
-6.556701660e-02-4.718850926e-02-2.787255123e-02-7.963155396e-03 1.211579423e-02
 3.159360588e-02 5.046258122e-02 6.870683283e-02 8.630187064e-02 1.032150984e-01
 1.194069833e-01 1.348327845e-01 1.494449079e-01 1.631957293e-01 1.760407537e-01
 6.044790521e-02 5.709485337e-02 5.176294968e-02 4.562883079e-02 3.917448968e-02
 3.238435462e-02 2.525437437e-02 1.778237335e-02 9.965475649e-03 1.799603691e-03
-6.709419191e-03-1.548416447e-02-2.444946580e-02-3.353361785e-02-4.266937822e-02
-5.179467425e-02-6.085303426e-02-6.979373842e-02-7.857171446e-02-8.714722842e-02
-9.548540413e-02-1.035555899e-01-1.113306656e-01-1.187862381e-01-1.258998215e-01
-1.326499581e-01-1.390154064e-01-1.449742317e-01-1.505029947e-01-1.555759162e-01
-1.601641029e-01-1.642347574e-01-1.677504778e-01-1.706685871e-01-1.729405671e-01
-1.745115519e-01-1.753200740e-01-1.752978712e-01-1.743700206e-01-1.724555045e-01
-1.694682240e-01-1.653184146e-01-1.599152237e-01-1.531697810e-01-1.449996978e-01
-1.353346556e-01-1.241233647e-01-1.113420129e-01-9.700387716e-02-8.117002994e-02
-6.396030635e-02-4.556386173e-02-2.624773979e-02-6.361632142e-03 1.366429124e-02
 3.310193121e-02 5.194617808e-02 7.018184662e-02 8.778364956e-02 1.047170609e-01
 1.209395751e-01 1.364025325e-01 1.510535926e-01 1.648396999e-01 1.777107865e-01
 6.119112670e-02 5.789123103e-02 5.258598179e-02 4.644232988e-02 3.998562694e-02
 3.320619464e-02 2.609634586e-02 1.865091920e-02 1.086586528e-02 2.737365663e-03
-5.738443695e-03-1.448253263e-02-2.341985889e-02-3.247844055e-02-4.159060121e-02
-5.069377273e-02-5.973096937e-02-6.865096092e-02-7.740816474e-02-8.596234769e-02
-9.427812696e-02-1.023243740e-01-1.100734547e-01-1.175004840e-01-1.245824620e-01
-1.312974393e-01-1.376236230e-01-1.435385942e-01-1.490183175e-01-1.540365219e-01
-1.585637033e-01-1.625665128e-01-1.660069674e-01-1.688418388e-01-1.710220575e-01
-1.724922806e-01-1.731905341e-01-1.730481982e-01-1.719901264e-01-1.699352562e-01
-1.667975634e-01-1.624878049e-01-1.569159180e-01-1.499943286e-01-1.416425258e-01
-1.317926049e-01-1.203965694e-01-1.074346080e-01-9.292492270e-02-7.693439722e-02
-5.958974361e-02-4.108845443e-02-2.170891501e-02-1.819881378e-03 1.810742728e-02
 3.748904914e-02 5.632920191e-02 7.461298257e-02 9.231128544e-02 1.093828827e-01
 1.257756948e-01 1.414283663e-01 1.562727392e-01 1.702374816e-01 1.832529753e-01
 6.241043285e-02 5.919034779e-02 5.383456871e-02 4.772038013e-02 4.128826037e-02
 3.453046829e-02 2.744334936e-02 2.002431266e-02 1.227101218e-02 4.180624150e-03
-4.250719678e-03-1.295517944e-02-2.185636014e-02-3.088125959e-02-3.996134177e-02
-4.903329536e-02-5.803943798e-02-6.692786515e-02-7.565233111e-02-8.417195082e-02
-9.245068580e-02-1.004566997e-01-1.081616879e-01-1.155400351e-01-1.225680262e-01
-1.292229295e-01-1.354821920e-01-1.413225532e-01-1.467191726e-01-1.516448855e-01
-1.560693234e-01-1.599582136e-01-1.632726938e-01-1.659685969e-01-1.679960042e-01
-1.692987531e-01-1.698141843e-01-1.694730818e-01-1.681999862e-01-1.659137309e-01
-1.625286788e-01-1.579564214e-01-1.521083564e-01-1.448991895e-01-1.362515688e-01
-1.261019409e-01-1.144077033e-01-1.011558175e-01-8.637235314e-02-7.013297081e-02
-5.257312581e-02-3.389700130e-02-1.438238379e-02 5.623300560e-03 2.529006265e-02
 4.456817731e-02 6.342513859e-02 8.182846010e-02 9.973771125e-02 1.171003059e-01
 1.338490546e-01 1.499012411e-01 1.651598364e-01 1.795174778e-01 1.928637475e-01
 6.389337033e-02 6.075572595e-02 5.555963889e-02 4.949454963e-02 4.309156165e-02
 3.635348007e-02 2.928372100e-02 2.188558318e-02 1.416102704e-02 6.110045128e-03
-2.269615652e-03-1.092638355e-02-1.978240721e-02-2.876358479e-02-3.780050576e-02
-4.682909697e-02-5.579096079e-02-6.463348866e-02-7.330971211e-02-8.177798986e-02
-9.000147134e-02-9.794752300e-02-1.055869311e-01-1.128932014e-01-1.198416278e-01
-1.264085174e-01-1.325702369e-01-1.383024603e-01-1.435792446e-01-1.483722329e-01
-1.526498795e-01-1.563767344e-01-1.595127136e-01-1.620124727e-01-1.638250202e-01
-1.648931503e-01-1.651533693e-01-1.645359248e-01-1.629650444e-01-1.603598446e-01
-1.566354781e-01-1.517051160e-01-1.454827189e-01-1.378867179e-01-1.288448423e-01
-1.183001772e-01-1.062186062e-01-9.259733558e-02-7.747472823e-02-6.094069034e-02
-4.314755276e-02-2.432085015e-02-4.770888481e-03 1.509119570e-02 3.464714438e-02
 5.390905216e-02 7.286910713e-02 9.150544554e-02 1.097814590e-01 1.276420951e-01
 1.450088471e-01 1.617744267e-01 1.777993143e-01 1.929133981e-01 2.069267333e-01
 6.599897891e-02 6.298101693e-02 5.786054209e-02 5.182911083e-02 4.543041810e-02
 3.868299723e-02 3.160418943e-02 2.420707420e-02 1.649959758e-02 8.485015482e-03
 1.625569421e-04-8.438027464e-03-1.723760366e-02-2.616147138e-02-3.513980657e-02
-4.410810024e-02-5.300745368e-02-6.178465113e-02-7.039203495e-02-7.878714055e-02
-8.693227172e-02-9.479381889e-02-1.023415476e-01-1.095478460e-01-1.163868457e-01
-1.228336170e-01-1.288632601e-01-1.344500780e-01-1.395667493e-01-1.441835016e-01
-1.482673436e-01-1.517813653e-01-1.546840519e-01-1.569287628e-01-1.584632099e-01
-1.592291892e-01-1.591624618e-01-1.581928134e-01-1.562446952e-01-1.532379985e-01
-1.490895897e-01-1.437154412e-01-1.370336562e-01-1.289684474e-01-1.194551587e-01
-1.084466130e-01-9.592063725e-02-8.188867569e-02-6.640518457e-02-4.957712814e-02
-3.157247603e-02-1.262555551e-02 6.964637432e-03 2.646300383e-02 4.584082961e-02
 6.508950889e-02 8.420416713e-02 1.031754687e-01 1.219829917e-01 1.405872405e-01
 1.589184701e-01 1.768606007e-01 1.942307651e-01 2.107606083e-01 2.260990888e-01
 6.889872998e-02 6.605458260e-02 6.090219691e-02 5.483360216e-02 4.834763706e-02
 4.150981084e-02 3.436286002e-02 2.692897245e-02 1.921843924e-02 1.123470441e-02
 2.977280412e-03-5.556085147e-03-1.428238954e-02-2.312875167e-02-3.202610835e-02
-4.091014713e-02-4.972178861e-02-5.840739235e-02-6.691864878e-02-7.521231472e-02
-8.324971795e-02-9.099618345e-02-9.842029214e-02-1.054931432e-01-1.121875048e-01
-1.184769720e-01-1.243351325e-01-1.297347099e-01-1.346467435e-01-1.390398145e-01
-1.428792775e-01-1.461265832e-01-1.487387121e-01-1.506676078e-01-1.518597454e-01
-1.522560567e-01-1.517918110e-01-1.503969729e-01-1.479967833e-01-1.445130110e-01
-1.398655772e-01-1.339750290e-01-1.267658323e-01-1.181706190e-01-1.081356406e-01
-9.662730992e-02-8.363988250e-02-6.920426339e-02-5.339746922e-02-3.635238484e-02
-1.826722361e-02 5.857797805e-04 1.985199749e-02 3.907268494e-02 5.828584731e-02
 7.752025872e-02 9.680233896e-02 1.161573008e-01 1.356070489e-01 1.551647335e-01
 1.748236269e-01 1.945350170e-01 2.141615003e-01 2.333743125e-01 2.514831722e-01
 7.308381796e-02 7.068179548e-02 6.524468213e-02 5.864803493e-02 5.180047080e-02
 4.472710937e-02 3.743599728e-02 2.992744185e-02 2.219806984e-02 1.424225233e-02
 6.052592769e-03-2.380097751e-03-1.100132149e-02-1.973827742e-02-2.852213942e-02
-3.728866950e-02-4.597864673e-02-5.453802645e-02-6.291786581e-02-7.107409090e-02
-7.896696776e-02-8.656065911e-02-9.382238239e-02-1.007217914e-01-1.072300598e-01
-1.133191362e-01-1.189608574e-01-1.241261438e-01-1.287842095e-01-1.329018176e-01
-1.364425272e-01-1.393660903e-01-1.416278929e-01-1.431785971e-01-1.439637095e-01
-1.439236104e-01-1.429937184e-01-1.411049068e-01-1.381844580e-01-1.341574192e-01
-1.289486438e-01-1.224855930e-01-1.147019118e-01-1.055420339e-01-9.496690333e-02
-8.296065032e-02-6.953839958e-02-5.475475639e-02-3.871281445e-02-2.157285437e-02
-3.559876233e-03 1.503120083e-02 3.371888027e-02 5.251625180e-02 7.145282626e-02
 9.056978673e-02 1.099198014e-01 1.295684129e-01 1.495962888e-01 1.701016724e-01
 1.912038922e-01 2.130482942e-01 2.358192652e-01 2.597971559e-01 2.849784791e-01
 7.780849934e-02 7.597395033e-02 6.992164254e-02 6.261254102e-02 5.534007400e-02
 4.801287875e-02 4.057881609e-02 3.300721198e-02 2.527738176e-02 1.737327315e-02
 9.280777536e-03 9.862270672e-04-7.489791140e-03-1.607572660e-02-2.470359020e-02
-3.330954909e-02-4.183438793e-02-5.022372678e-02-5.842800066e-02-6.640223414e-02
-7.410559803e-02-8.150094002e-02-8.855399489e-02-9.523276985e-02-1.015067101e-01
-1.073458865e-01-1.127202287e-01-1.175986752e-01-1.219484881e-01-1.257344633e-01
-1.289183199e-01-1.314581782e-01-1.333080083e-01-1.344173551e-01-1.347312331e-01
-1.341901571e-01-1.327305585e-01-1.302854121e-01-1.267855763e-01-1.221613735e-01
-1.163450256e-01-1.092737913e-01-1.008939147e-01-9.116557240e-02-8.006872982e-02
-6.760986149e-02-5.382947996e-02-3.881007060e-02-2.268419228e-02-5.641740747e-03
 1.206464879e-02 2.994046360e-02 4.799954221e-02 6.626656651e-02 8.478008956e-02
 1.035948172e-01 1.227850094e-01 1.424494833e-01 1.627189517e-01 1.837668866e-01
 2.058253586e-01 2.292094678e-01 2.543554306e-01 2.818760872e-01 3.113328815e-01
 8.095931262e-02 7.937251776e-02 7.320565730e-02 6.579636782e-02 5.840656906e-02
 5.099131912e-02 4.351608083e-02 3.595280275e-02 2.827906050e-02 2.047634684e-02
 1.252866350e-02 4.421661608e-03-3.857443109e-03-1.223955397e-02-2.065830491e-02
-2.905048616e-02-3.735695407e-02-4.552300274e-02-5.349842459e-02-6.123730913e-02
-6.869766116e-02-7.584090531e-02-8.263118565e-02-8.903475851e-02-9.501914680e-02
-1.005524471e-01-1.056025103e-01-1.101362109e-01-1.141187549e-01-1.175130084e-01
-1.202789396e-01-1.223731488e-01-1.237485036e-01-1.243540049e-01-1.241348013e-01
-1.230324730e-01-1.209856719e-01-1.179311424e-01-1.138052121e-01-1.085459217e-01
-1.020957455e-01-9.440515935e-02-8.543694764e-02-7.517144829e-02-6.361245364e-02
-5.079372972e-02-3.678580374e-02-2.170259319e-02-5.708707962e-03 1.097477600e-02
 2.786906995e-02 4.498092085e-02 6.232573465e-02 7.992991060e-02 9.783366323e-02
 1.160946190e-01 1.347924173e-01 1.540353596e-01 1.739697009e-01 1.947930306e-01
 2.167733014e-01 2.402743995e-01 2.657858431e-01 2.939423025e-01 3.240986466e-01
 8.279239386e-02 8.134966344e-02 7.549828291e-02 6.817643344e-02 6.083837524e-02
 5.347462371e-02 4.606705904e-02 3.859785944e-02 3.105040453e-02 2.340926230e-02
 1.565972157e-02 7.787129842e-03-2.240700996e-04-8.337147534e-03-1.648358256e-02
-2.459948882e-02-3.262535855e-02-4.050604254e-02-4.819067195e-02-5.563239008e-02
-6.278801709e-02-6.961753219e-02-7.608342916e-02-8.215011656e-02-8.778315783e-02
-9.294856340e-02-9.761208296e-02-1.017384976e-01-1.052910313e-01-1.082307100e-01
-1.105159745e-01-1.121022925e-01-1.129419506e-01-1.129841059e-01-1.121750027e-01
-1.104585454e-01-1.077772081e-01-1.040733606e-01-9.929121286e-02-9.337924421e-02
-8.629340678e-02-7.800102979e-02-6.848553568e-02-5.775189772e-02-4.583280534e-02
-3.279494494e-02-1.874418743e-02-3.826251719e-03 1.176258270e-02 2.758899890e-02
 4.364945367e-02 5.994594470e-02 7.648783177e-02 9.329385310e-02 1.103945598e-01
 1.278352439e-01 1.456797421e-01 1.640154719e-01 1.829605103e-01 2.026735842e-01
 2.233697027e-01 2.453459799e-01 2.690322399e-01 2.951044440e-01 3.223485649e-01
 8.408406377e-02 8.281278610e-02 7.702583820e-02 6.983434409e-02 6.262983382e-02
 5.540153012e-02 4.813968763e-02 4.083480686e-02 3.347729146e-02 2.605704777e-02
 1.856328361e-02 1.098456606e-02 3.309208667e-03-4.473567009e-03-1.228146255e-02
-2.005287074e-02-2.772908472e-02-3.525504097e-02-4.257947579e-02-4.965480417e-02
-5.643675849e-02-6.288393587e-02-6.895724684e-02-7.461927086e-02-7.983361930e-02
-8.456429094e-02-8.877496421e-02-9.242846817e-02-9.548620880e-02-9.790769964e-02
-9.965024889e-02-1.006687656e-01-1.009157300e-01-1.003414467e-01-9.889452159e-02
-9.652271867e-02-9.317419678e-02-8.879923075e-02-8.335248381e-02-7.679584622e-02
-6.910196692e-02-6.025842577e-02-5.027263239e-02-3.917750716e-02-2.703824081e-02
-1.396166533e-02-1.094220570e-04 1.436109096e-02 2.909571119e-02 4.408067465e-02
 5.930351838e-02 7.475548238e-02 9.043312818e-02 1.063396484e-01 1.224862784e-01
 1.388936788e-01 1.555934697e-01 1.726296842e-01 1.900600046e-01 2.079565525e-01
 2.264052480e-01 2.455017567e-01 2.653365731e-01 2.859179080e-01 3.061981201e-01
 8.461175859e-02 8.348695189e-02 7.780990005e-02 7.080481201e-02 6.378962845e-02
 5.674821883e-02 4.967995360e-02 4.258617759e-02 3.546594456e-02 2.831509337e-02
 2.112653479e-02 1.389068272e-02 6.595676299e-03-7.730833604e-04-8.165673353e-03
-1.551742572e-02-2.276890911e-02-2.986489609e-02-3.675389290e-02-4.338778555e-02
-4.972147569e-02-5.571238697e-02-6.131999567e-02-6.650523096e-02-7.122990489e-02
-7.545614988e-02-7.914584130e-02-8.226012439e-02-8.475896716e-02-8.660086244e-02
-8.774264902e-02-8.813949674e-02-8.774512261e-02-8.651225269e-02-8.439339697e-02
-8.134200424e-02-7.731407136e-02-7.227020711e-02-6.617829204e-02-5.901664495e-02
-5.077776685e-02-4.147243127e-02-3.113388456e-02-1.982196234e-02-7.623385172e-03
 5.341817159e-03 1.863477938e-02 3.227299824e-02 4.620617628e-02 6.039735302e-02
 7.481678575e-02 8.943955600e-02 1.042448282e-01 1.192157269e-01 1.343394071e-01
 1.496069133e-01 1.650126725e-01 1.805527508e-01 1.962216049e-01 2.120054066e-01
 2.278699875e-01 2.437380999e-01 2.594472170e-01 2.746657729e-01 2.887386680e-01
 8.409256488e-02 8.300600201e-02 7.780425996e-02 7.114388049e-02 6.435791403e-02
 5.750827864e-02 5.064019188e-02 4.377551004e-02 3.692207485e-02 3.007949889e-02
 2.324234135e-02 1.640198752e-02 9.547942318e-03 2.669038251e-03-4.244597163e-03
-1.110413577e-02-1.785447448e-02-2.444241568e-02-3.081734851e-02-3.693132848e-02
-4.273888841e-02-4.819667712e-02-5.326306447e-02-5.789763853e-02-6.206075102e-02
-6.571301818e-02-6.881490350e-02-7.132636756e-02-7.320655137e-02-7.441366464e-02
-7.490499318e-02-7.463709265e-02-7.356622070e-02-7.164908946e-02-6.884390861e-02
-6.511189044e-02-6.041909009e-02-5.473890528e-02-4.805509001e-02-4.036537930e-02
-3.168550134e-02-2.205391787e-02-1.153493579e-02-2.332917356e-04 1.174846478e-02
 2.409085631e-02 3.677037358e-02 4.976149276e-02 6.302915514e-02 7.653548568e-02
 9.024208784e-02 1.041107699e-01 1.181037948e-01 1.321839690e-01 1.463145614e-01
 1.604587883e-01 1.745786667e-01 1.886328608e-01 2.025725842e-01 2.163352668e-01
 2.298346907e-01 2.429470271e-01 2.554938197e-01 2.672280371e-01 2.778409123e-01
 8.421508223e-02 8.359966427e-02 7.814324647e-02 7.125064731e-02 6.442032009e-02
 5.763808265e-02 5.092421919e-02 4.428594559e-02 3.772180155e-02 3.122507967e-02
 2.478583157e-02 1.839212328e-02 1.203070488e-02 5.687172525e-03-6.547376979e-04
-6.938534789e-03-1.310672145e-02-1.910625212e-02-2.488715574e-02-3.040193580e-02
-3.560518101e-02-4.045323282e-02-4.490380734e-02-4.891563579e-02-5.244807899e-02
-5.546080321e-02-5.791348591e-02-5.976559967e-02-6.097633019e-02-6.150462106e-02
-6.130938232e-02-6.034994870e-02-5.858674645e-02-5.598231405e-02-5.250258744e-02
-4.811866954e-02-4.280890152e-02-3.656128794e-02-2.937714569e-02-2.127526328e-02
-1.229467243e-02-2.507438883e-03 8.026649244e-03 1.899498701e-02 3.041052446e-02
 4.222201928e-02 5.438585579e-02 6.686004251e-02 7.960057259e-02 9.256067127e-02
 1.056906730e-01 1.189381629e-01 1.322481334e-01 1.455633044e-01 1.588243544e-01
 1.719702035e-01 1.849376708e-01 1.976607293e-01 2.100687623e-01 2.220834792e-01
 2.336150110e-01 2.445574850e-01 2.547861636e-01 2.641588151e-01 2.725249827e-01
 8.376118541e-02 8.354014903e-02 7.791314274e-02 7.060603797e-02 6.360886991e-02
 5.685438216e-02 5.030137673e-02 4.392249137e-02 3.769584373e-02 3.160176426e-02
 2.562176436e-02 1.973838173e-02 1.393523440e-02 8.197247982e-03 2.511225874e-03
-3.132488579e-03-8.645346388e-03-1.398025267e-02-1.909034140e-02-2.392982505e-02
-2.845419571e-02-3.262015432e-02-3.638542816e-02-3.970852867e-02-4.254852608e-02
-4.486487433e-02-4.661727697e-02-4.776569828e-02-4.827046022e-02-4.809250683e-02
-4.719384015e-02-4.553820938e-02-4.309210181e-02-3.982594237e-02-3.571552038e-02
-3.074432351e-02-2.490581758e-02-1.820255816e-02-1.065267995e-02-2.300904132e-03
 6.821156479e-03 1.643536240e-02 2.656445466e-02 3.716715053e-02 4.821032286e-02
 5.965523794e-02 7.145985216e-02 8.357859403e-02 9.596136957e-02 1.085527688e-01
 1.212914959e-01 1.341101080e-01 1.469352394e-01 1.596882343e-01 1.722863764e-01
 1.846444160e-01 1.966765523e-01 2.082981169e-01 2.194268852e-01 2.299836725e-01
 2.398921996e-01 2.490786016e-01 2.574712038e-01 2.650019526e-01 2.716097534e-01
 8.107460290e-02 8.094125986e-02 7.544247061e-02 6.819225103e-02 6.129603833e-02
 5.473170429e-02 4.846074805e-02 4.244577140e-02 3.665256128e-02 3.105065972e-02
 2.561336011e-02 2.031746693e-02 1.514290646e-02 1.007219590e-02 5.089670885e-03
 1.800401369e-04-4.597136751e-03-9.192603640e-03-1.356000081e-02-1.765471324e-02
-2.143338695e-02-2.485366911e-02-2.787400782e-02-3.045348451e-02-3.255172819e-02
-3.412888572e-02-3.514569998e-02-3.556376323e-02-3.534585983e-02-3.445643932e-02
-3.286219761e-02-3.053298406e-02-2.744342759e-02-2.357448824e-02-1.891247556e-02
-1.345536206e-02-7.226244546e-03-2.313142759e-04 7.520536426e-03 1.580689475e-02
 2.465441637e-02 3.403259814e-02 4.391952604e-02 5.428816751e-02 6.510832161e-02
 7.634546608e-02 8.795997500e-02 9.990606457e-02 1.121305078e-01 1.245712489e-01
 1.371561438e-01 1.498020887e-01 1.624148935e-01 1.748901159e-01 1.871155500e-01
 1.989748776e-01 2.103529871e-01 2.211416662e-01 2.312452197e-01 2.405847758e-01
 2.491007298e-01 2.567531765e-01 2.635205388e-01 2.693969905e-01 2.743898034e-01
 7.654596865e-02 7.649323344e-02 7.082279772e-02 6.374234706e-02 5.713818222e-02
 5.095504969e-02 4.514264315e-02 3.964974731e-02 3.442953900e-02 2.944177203e-02
 2.465314232e-02 2.003670856e-02 1.557104848e-02 1.123938989e-02 7.028966211e-03
 2.930848859e-03-1.059052069e-03-4.857676104e-03-8.424153551e-03-1.171733998e-02
-1.469646394e-02-1.732126437e-02-1.955196634e-02-2.134926058e-02-2.267434448e-02
-2.348906174e-02-2.375623584e-02-2.344022878e-02-2.250776626e-02-2.092880197e-02
-1.867643930e-02-1.572691277e-02-1.206441969e-02-7.692046463e-03-2.593314508e-03
 3.256750060e-03 9.647465311e-03 1.662835293e-02 2.420675009e-02 3.235440329e-02
 4.105582088e-02 5.029391870e-02 6.005096436e-02 7.030699402e-02 8.103878051e-02
 9.221865982e-02 1.038129702e-01 1.157802567e-01 1.280689538e-01 1.406148374e-01
 1.533380598e-01 1.661405712e-01 1.789041907e-01 1.914904714e-01 2.037435770e-01
 2.154970765e-01 2.265848964e-01 2.368548512e-01 2.461822182e-01 2.544802427e-01
 2.617059648e-01 2.678601742e-01 2.729820311e-01 2.771393061e-01 2.804162502e-01
 6.914231181e-02 6.893856823e-02 6.364194304e-02 5.693304539e-02 5.084535852e-02
 4.528972879e-02 4.017138109e-02 3.540920094e-02 3.093896247e-02 2.671183832e-02
 2.269155160e-02 1.885161735e-02 1.517305523e-02 1.164263953e-02 8.251511492e-03
 4.993961658e-03 1.865908271e-03-1.083945041e-03-3.803189378e-03-6.252690684e-03
-8.394671604e-03-1.019196212e-02-1.160774846e-02-1.260553487e-02-1.314921025e-02
-1.320326887e-02-1.273324341e-02-1.170663908e-02-1.009500958e-02-7.878866047e-03
-5.043188110e-03-1.560082892e-03 2.607872011e-03 7.292369381e-03 1.254388690e-02
 1.837892085e-02 2.478031814e-02 3.174638003e-02 3.927527741e-02 4.736103117e-02
 5.599721521e-02 6.517675519e-02 7.489167899e-02 8.513246477e-02 9.588710219e-02
 1.071397960e-01 1.188691631e-01 1.310458034e-01 1.436289698e-01 1.565621644e-01
 1.697676182e-01 1.831396520e-01 1.965374947e-01 2.097794712e-01 2.226418257e-01
 2.348673344e-01 2.461872846e-01 2.563543022e-01 2.651759386e-01 2.725385427e-01
 2.784176767e-01 2.828769088e-01 2.860552073e-01 2.881419361e-01 2.893431187e-01
 5.867369846e-02 5.818571523e-02 5.319451913e-02 4.722317681e-02 4.210313782e-02
 3.758809343e-02 3.350277990e-02 2.973599173e-02 2.621787786e-02 2.290434018e-02
 1.976760663e-02 1.679061167e-02 1.396363974e-02 1.128227077e-02 8.746161126e-03
 6.358343177e-03 4.124936648e-03 2.055287594e-03 2.063635038e-04-1.376937958e-03
-2.663825406e-03-3.622520482e-03-4.220946226e-03-4.427053966e-03-4.208974075e-03
-3.535021562e-03-2.373441588e-03-6.915000849e-04 1.547117019e-03 4.330419935e-03
 7.595032454e-03 1.137876231e-02 1.569748484e-02 2.054108866e-02 2.591376007e-02
 3.182048351e-02 3.826321661e-02 4.524468631e-02 5.276801810e-02 6.083630025e-02
 6.945286691e-02 7.862143219e-02 8.834602684e-02 9.863068908e-02 1.094789654e-01
 1.208929121e-01 1.328716427e-01 1.454089135e-01 1.584895402e-01 1.720838547e-01
 1.861394197e-01 2.005690038e-01 2.152330726e-01 2.299165577e-01 2.443030924e-01
 2.579632699e-01 2.703925371e-01 2.811140716e-01 2.897836566e-01 2.962316871e-01
 3.004612029e-01 3.026433587e-01 3.031105399e-01 3.023115695e-01 3.007051349e-01
 4.329595715e-02 4.190879315e-02 3.787128255e-02 3.402539715e-02 3.087882511e-02
 2.804300748e-02 2.539467998e-02 2.288379706e-02 2.048932202e-02 1.820385642e-02
 1.602721028e-02 1.396338642e-02 1.201911829e-02 1.020320784e-02 8.526387624e-03
 7.001614198e-03 5.644851364e-03 4.476660863e-03 3.525247099e-03 2.819988411e-03
 2.388827968e-03 2.258928958e-03 2.456817077e-03 3.008317668e-03 3.938389011e-03
 5.270840134e-03 7.027835120e-03 9.228917770e-03 1.188884582e-02 1.501239464e-02
 1.859796047e-02 2.265270427e-02 2.718397975e-02 3.219683096e-02 3.769741207e-02
 4.369274527e-02 5.019038916e-02 5.719884485e-02 6.472781301e-02 7.278833538e-02
 8.139314502e-02 9.055690467e-02 1.002965495e-01 1.106315106e-01 1.215839460e-01
 1.331786811e-01 1.454429924e-01 1.584056318e-01 1.720949709e-01 1.865351349e-01
 2.017391324e-01 2.176963538e-01 2.343503088e-01 2.515570819e-01 2.690001726e-01
 2.860044837e-01 3.013400733e-01 3.137865663e-01 3.227914274e-01 3.282127380e-01
 3.301027119e-01 3.287105262e-01 3.246473670e-01 3.191143870e-01 3.133765757e-01
 2.220961638e-02 1.829377376e-02 1.841909997e-02 1.887606271e-02 1.847377978e-02
 1.764694601e-02 1.659069955e-02 1.541061979e-02 1.417372003e-02 1.292759646e-02
 1.170878299e-02 1.054697204e-02 9.467436001e-03 8.492624387e-03 7.643358782e-03
 6.939818151e-03 6.402410567e-03 6.052485202e-03 5.912651308e-03 6.005904172e-03
 6.354860961e-03 6.981458981e-03 7.906782441e-03 9.150925092e-03 1.073282026e-02
 1.267002523e-02 1.497841068e-02 1.767174713e-02 2.076120116e-02 2.425506338e-02
 2.815995738e-02 3.248304501e-02 3.723198175e-02 4.241485149e-02 4.804069176e-02
 5.411978811e-02 6.066391617e-02 6.768660247e-02 7.520348579e-02 8.323270828e-02
 9.179535508e-02 1.009160727e-01 1.106238291e-01 1.209528297e-01 1.319437027e-01
 1.436448842e-01 1.561145037e-01 1.694222242e-01 1.836516112e-01 1.989022046e-01
 2.152908146e-01 2.329511195e-01 2.520302534e-01 2.726838291e-01 2.950842381e-01
 3.195371926e-01 3.414645493e-01 3.565929532e-01 3.659792244e-01 3.701749742e-01
 3.687052131e-01 3.620059192e-01 3.493719995e-01 3.349999189e-01 3.241304159e-01
 7.619717158e-03 2.900948282e-03 3.947736695e-03 6.026406307e-03 7.251238916e-03
 7.867957465e-03 8.070213720e-03 8.000328206e-03 7.762701716e-03 7.435495034e-03
 7.078713737e-03 6.739619654e-03 6.456442177e-03 6.261016242e-03 6.180708297e-03
 6.239851937e-03 6.460787728e-03 6.864576135e-03 7.471368648e-03 8.300438523e-03
 9.370081127e-03 1.069751289e-02 1.229879167e-02 1.418875903e-02 1.638099179e-02
 1.888776012e-02 2.171999402e-02 2.488730103e-02 2.839804068e-02 3.225961700e-02
 3.647904843e-02 4.106369242e-02 4.602172598e-02 5.136251822e-02 5.709701404e-02
 6.323805451e-02 6.980065256e-02 7.680235058e-02 8.426353335e-02 9.220786393e-02
 1.006628945e-01 1.096608117e-01 1.192395538e-01 1.294442415e-01 1.403292120e-01
 1.519607008e-01 1.644207090e-01 1.778121293e-01 1.922660321e-01 2.079516798e-01
 2.250900865e-01 2.439713031e-01 2.649736106e-01 2.885796428e-01 3.153856993e-01
 3.440057635e-01 3.659601510e-01 3.810726702e-01 3.897218704e-01 3.916300237e-01
 3.869937658e-01 3.748381436e-01 3.564226627e-01 3.405860662e-01 3.278865814e-01
-2.340533305e-03-7.459695917e-03-6.203760393e-03-3.691807855e-03-1.829336165e-03
-4.869327531e-04 4.611572658e-04 1.129399519e-03 1.615007874e-03 1.997549552e-03
 2.341044834e-03 2.696843119e-03 3.106450196e-03 3.603965044e-03 4.218023270e-03
 4.973259754e-03 5.891346373e-03 6.991675124e-03 8.291767910e-03 9.807468392e-03
 1.155302487e-02 1.354111917e-02 1.578290388e-02 1.828805171e-02 2.106482722e-02
 2.412021905e-02 2.746011689e-02 3.108954430e-02 3.501300514e-02 3.923490644e-02
 4.376010597e-02 4.859448969e-02 5.374546722e-02 5.922246352e-02 6.503728032e-02
 7.120437920e-02 7.774113119e-02 8.466798067e-02 9.200870991e-02 9.979069978e-02
 1.080454513e-01 1.168092415e-01 1.261242181e-01 1.360399127e-01 1.466154009e-01
 1.579224467e-01 1.700498760e-01 1.831100434e-01 1.972485036e-01 2.126585841e-01
 2.296048552e-01 2.484613210e-01 2.697728574e-01 2.943318188e-01 3.229750693e-01
 3.483101130e-01 3.674650490e-01 3.804709911e-01 3.871417642e-01 3.874426186e-01
 3.802647591e-01 3.650012910e-01 3.484765589e-01 3.347135186e-01 3.231746852e-01
-8.785955608e-03-1.417776849e-02-1.335466001e-02-1.088570058e-02-8.918233216e-03
-7.362771779e-03-6.113820244e-03-5.072894506e-03-4.155300092e-03-3.291777102e-03
-2.427119296e-03-1.517542638e-03-5.279080942e-04 5.706450902e-04 1.802472048e-03
 3.188610775e-03 4.747493658e-03 6.495312788e-03 8.446167223e-03 1.061209477e-02
 1.300307550e-02 1.562704891e-02 1.848998293e-02 2.159599215e-02 2.494752035e-02
 2.854558267e-02 3.239009529e-02 3.648027778e-02 4.081519693e-02 4.539436102e-02
 5.021845922e-02 5.529006571e-02 6.061432138e-02 6.619949639e-02 7.205735147e-02
 7.820336521e-02 8.465673774e-02 9.144028276e-02 9.858030826e-02 1.061065570e-01
 1.140522286e-01 1.224543303e-01 1.313542724e-01 1.407989264e-01 1.508421004e-01
 1.615466923e-01 1.729877442e-01 1.852565408e-01 1.984665990e-01 2.127624303e-01
 2.283333391e-01 2.454369217e-01 2.644466460e-01 2.859936953e-01 3.089816570e-01
 3.283125460e-01 3.431926668e-01 3.533589542e-01 3.587123156e-01 3.584870100e-01
 3.524137437e-01 3.411766291e-01 3.304142654e-01 3.206203878e-01 3.118281662e-01
-1.296620164e-02-1.872866787e-02-1.811550371e-02-1.601693779e-02-1.437543705e-02
-1.303757261e-02-1.187167037e-02-1.077608112e-02-9.678342380e-03-8.528786711e-03
-7.293295115e-03-5.947244354e-03-4.471215419e-03-2.848340198e-03-1.062971773e-03
 8.997219848e-04 3.053586697e-03 5.411032587e-03 7.982529700e-03 1.077619195e-02
 1.379751973e-02 1.704933494e-02 2.053185366e-02 2.424288727e-02 2.817810886e-02
 3.233137354e-02 3.669511899e-02 4.126090929e-02 4.602013528e-02 5.096491799e-02
 5.608921871e-02 6.138997152e-02 6.686818600e-02 7.252976298e-02 7.838597149e-02
 8.445347100e-02 9.075391293e-02 9.731323272e-02 1.041608453e-01 1.113287881e-01
 1.188511327e-01 1.267636120e-01 1.351035833e-01 1.439102441e-01 1.532250643e-01
 1.630923599e-01 1.735597253e-01 1.846782118e-01 1.965015829e-01 2.090833783e-01
 2.224690318e-01 2.366763353e-01 2.516472936e-01 2.671399713e-01 2.824170589e-01
 2.959307432e-01 3.068381846e-01 3.147140145e-01 3.192825913e-01 3.204000890e-01
 3.181780875e-01 3.137403131e-01 3.083178699e-01 3.025355935e-01 2.967655063e-01
-1.415611617e-02-2.029734291e-02-2.045587823e-02-1.935322024e-02-1.865214296e-02
-1.803592965e-02-1.732119173e-02-1.642133296e-02-1.530778408e-02-1.398042869e-02
-1.244928129e-02-1.072445419e-02-8.811434731e-03-6.709687412e-03-4.413298797e-03
-1.912729349e-03 8.030421450e-04 3.744464368e-03 6.919762120e-03 1.033383422e-02
 1.398772746e-02 1.787859760e-02 2.200000919e-02 2.634238265e-02 3.089339100e-02
 3.563830629e-02 4.056025669e-02 4.564066976e-02 5.086003244e-02 5.619922280e-02
 6.164132059e-02 6.717380136e-02 7.279065996e-02 7.849399745e-02 8.429485559e-02
 9.021286666e-02 9.627506882e-02 1.025139242e-01 1.089650840e-01 1.156652942e-01
 1.226507947e-01 1.299562007e-01 1.376139522e-01 1.456539482e-01 1.541032493e-01
 1.629855484e-01 1.723199785e-01 1.821188331e-01 1.923833191e-01 2.030963749e-01
 2.142103314e-01 2.256270647e-01 2.371685207e-01 2.485413104e-01 2.593208551e-01
 2.690101564e-01 2.771628797e-01 2.834604084e-01 2.877300382e-01 2.899591327e-01
 2.903210223e-01 2.891653180e-01 2.869177759e-01 2.839641273e-01 2.806043029e-01
-1.085038856e-02-1.692871936e-02-1.973132044e-02-2.141840197e-02-2.276622690e-02
-2.345804125e-02-2.342722006e-02-2.276568674e-02-2.159573138e-02-2.002703212e-02
-1.814505085e-02-1.600834727e-02-1.364994887e-02-1.108154189e-02-8.299412206e-03
-5.290863570e-03-2.040045103e-03 1.467410591e-03 5.241163541e-03 9.284372441e-03
 1.359324530e-02 1.815769635e-02 2.296265587e-02 2.798943222e-02 3.321655467e-02
 3.861986473e-02 4.417195916e-02 4.984160885e-02 5.559384450e-02 6.139157712e-02
 6.719899923e-02 7.298635691e-02 7.873482257e-02 8.444026858e-02 9.011498094e-02
 9.578684717e-02 1.014961451e-01 1.072905511e-01 1.132198125e-01 1.193312183e-01
 1.256666780e-01 1.322613657e-01 1.391434371e-01 1.463339925e-01 1.538470536e-01
 1.616890579e-01 1.698576063e-01 1.783390790e-01 1.871049702e-01 1.961065978e-01
 2.052680701e-01 2.144779563e-01 2.235818505e-01 2.323799580e-01 2.406361848e-01
 2.481023967e-01 2.545523345e-01 2.598130107e-01 2.637867928e-01 2.664622664e-01
 2.679147720e-01 2.682914734e-01 2.677826881e-01 2.665886283e-01 2.648942173e-01
-6.686187349e-03-1.300439239e-02-1.895464212e-02-2.471073158e-02-2.989493683e-02
-3.162004799e-02-3.173786029e-02-3.079427965e-02-2.913222276e-02-2.699081227e-02
-2.453399636e-02-2.186025307e-02-1.901147142e-02-1.598691009e-02-1.275986340e-02
-9.292718954e-03-5.548230838e-03-1.497043879e-03 2.877690364e-03 7.578155957e-03
 1.259230077e-02 1.789691858e-02 2.346247435e-02 2.925766818e-02 3.525177017e-02
 4.141378030e-02 4.770897329e-02 5.409405753e-02 6.051335856e-02 6.689904630e-02
 7.317809016e-02 7.928477228e-02 8.517371118e-02 9.082897007e-02 9.626790881e-02
 1.015397757e-01 1.067179814e-01 1.118867248e-01 1.171266437e-01 1.225052103e-01
 1.280735433e-01 1.338673085e-01 1.399090290e-01 1.462104470e-01 1.527736783e-01
 1.595917195e-01 1.666480452e-01 1.739151776e-01 1.813527495e-01 1.889049858e-01
 1.964980215e-01 2.040379047e-01 2.114102691e-01 2.184831202e-01 2.251141071e-01
 2.311618775e-01 2.365000248e-01 2.410306185e-01 2.446947098e-01 2.474777102e-01
 2.494091094e-01 2.505560219e-01 2.510122061e-01 2.508851886e-01 2.502844036e-01
-4.490397871e-03-1.162984874e-02-1.940552704e-02-2.822032012e-02-3.796084970e-02
-4.338400811e-02-4.353794456e-02-4.110556468e-02-3.808753565e-02-3.477427736e-02
-3.139049187e-02-2.804365940e-02-2.472435124e-02-2.135043032e-02-1.781501994e-02
-1.401644200e-02-9.871601127e-03-5.321491510e-03-3.351671330e-04 5.086399149e-03
 1.090991125e-02 1.707827486e-02 2.352804877e-02 3.020623140e-02 3.707680479e-02
 4.411627725e-02 5.130221322e-02 5.859687924e-02 6.592702121e-02 7.316800952e-02
 8.015612513e-02 8.673715591e-02 9.280876070e-02 9.833219647e-02 1.033345163e-01
 1.079144031e-01 1.122346148e-01 1.164768189e-01 1.207872108e-01 1.252592504e-01
 1.299447864e-01 1.348687559e-01 1.400392652e-01 1.454531848e-01 1.510989666e-01
 1.569576114e-01 1.630027145e-01 1.691998392e-01 1.755056083e-01 1.818668097e-01
 1.882196963e-01 1.944901049e-01 2.005946636e-01 2.064435780e-01 2.119450718e-01
 2.170111984e-01 2.215646058e-01 2.255446464e-01 2.289123237e-01 2.316529602e-01
 2.337761223e-01 2.353131026e-01 2.363121808e-01 2.368329018e-01 2.369403094e-01
-1.723350491e-03-9.060066193e-03-1.733300090e-02-2.702743188e-02-3.852485493e-02
-4.720090702e-02-5.171122402e-02-5.188253149e-02-4.769487679e-02-4.232347012e-02
-3.765290603e-02-3.376103193e-02-3.034047596e-02-2.703132108e-02-2.355033532e-02
-1.970135421e-02-1.534681953e-02-1.038804930e-02-4.763753153e-03 1.531229122e-03
 8.413036354e-03 1.570962556e-02 2.324755117e-02 3.093329258e-02 3.875062987e-02
 4.672767967e-02 5.491081625e-02 6.334278733e-02 7.202377915e-02 8.077637106e-02
 8.905761689e-02 9.644203633e-02 1.027939767e-01 1.080663875e-01 1.122557521e-01
 1.154704839e-01 1.181760356e-01 1.209623739e-01 1.240411475e-01 1.274516881e-01
 1.311877370e-01 1.352292299e-01 1.395515949e-01 1.441282630e-01 1.489308774e-01
 1.539286822e-01 1.590876877e-01 1.643696874e-01 1.697317064e-01 1.751254499e-01
 1.804973036e-01 1.857887954e-01 1.909378022e-01 1.958804429e-01 2.005537748e-01
 2.048989087e-01 2.088643909e-01 2.124093175e-01 2.155057192e-01 2.181399018e-01
 2.203125954e-01 2.220377922e-01 2.233406901e-01 2.242548466e-01 2.248192579e-01
 2.471447457e-03-4.232675768e-03-1.161524281e-02-1.979330368e-02-2.876709029e-02
-3.831961006e-02-4.674671963e-02-5.105330795e-02-5.077110231e-02-4.551617801e-02
-4.045981914e-02-3.750224411e-02-3.546166793e-02-3.318847343e-02-3.038686141e-02
-2.691808902e-02-2.266411297e-02-1.749656349e-02-1.126477774e-02-3.802077845e-03
 4.952237476e-03 1.414378453e-02 2.305568941e-02 3.175109997e-02 4.038226977e-02
 4.911094159e-02 5.810942873e-02 6.758005172e-02 7.779689878e-02 8.914292604e-02
 9.933789074e-02 1.076629087e-01 1.143658310e-01 1.193203107e-01 1.224649325e-01
 1.235362887e-01 1.233932003e-01 1.244202629e-01 1.262433380e-01 1.286578923e-01
 1.315378100e-01 1.347979456e-01 1.383762211e-01 1.422235966e-01 1.462977380e-01
 1.505594254e-01 1.549700946e-01 1.594903469e-01 1.640791595e-01 1.686934233e-01
 1.732878983e-01 1.778156757e-01 1.822289228e-01 1.864801198e-01 1.905236393e-01
 1.943173856e-01 1.978247315e-01 2.010160089e-01 2.038698047e-01 2.063736767e-01
 2.085243315e-01 2.103269845e-01 2.117944360e-01 2.129456252e-01 2.138040215e-01
 7.857427001e-03 2.242030110e-03-3.775282996e-03-1.019392442e-02-1.692974195e-02
-2.380759083e-02-3.057551011e-02-3.692971915e-02-4.056468979e-02-3.839339688e-02
-3.582495451e-02-3.556234390e-02-3.614572808e-02-3.536184132e-02-3.350234404e-02
-3.064714745e-02-2.674666047e-02-2.168247290e-02-1.524911262e-02-7.057928480e-03
 3.607506165e-03 1.452489197e-02 2.424023673e-02 3.335149586e-02 4.222383723e-02
 5.111984536e-02 6.027364731e-02 6.994102150e-02 8.044821769e-02 9.215136617e-02
 1.026740894e-01 1.111551225e-01 1.178189442e-01 1.225967333e-01 1.253600568e-01
 1.258014292e-01 1.249655560e-01 1.253287196e-01 1.265539378e-01 1.284022778e-01
 1.307244450e-01 1.334246695e-01 1.364365220e-01 1.397087425e-01 1.431976408e-01
 1.468632221e-01 1.506672055e-01 1.545719802e-01 1.585398763e-01 1.625330001e-01
 1.665131003e-01 1.704419255e-01 1.742816120e-01 1.779955178e-01 1.815489978e-01
 1.849104762e-01 1.880523413e-01 1.909519136e-01 1.935920417e-01 1.959615499e-01
 1.980553120e-01 1.998740137e-01 2.014235556e-01 2.027143985e-01 2.037605494e-01
 0.195313764E+01 0.197793674E+01 0.199302518E+01 0.200971198E+01 0.202677679E+01
 0.204839921E+01 0.206405282E+01 0.208092642E+01 0.209698153E+01 0.211414123E+01
 0.213108039E+01 0.214758921E+01 0.216513419E+01 0.218228388E+01 0.219952273E+01
 0.221738124E+01 0.223536348E+01 0.225354028E+01 0.227176142E+01 0.229086924E+01
 0.231011152E+01 0.232970381E+01 0.234964967E+01 0.237052107E+01 0.239166713E+01
 0.241334462E+01 0.243566060E+01 0.245900083E+01 0.248288441E+01 0.250743604E+01
 0.253292966E+01 0.255943227E+01 0.258710885E+01 0.261569643E+01 0.264531898E+01
 0.267634511E+01 0.270887113E+01 0.274288487E+01 0.277827621E+01 0.281548572E+01
 0.285463667E+01 0.289593005E+01 0.293938780E+01 0.298518896E+01 0.303376698E+01
 0.308530927E+01 0.314020753E+01 0.319862890E+01 0.326120901E+01 0.332839775E+01
 0.340085602E+01 0.347920656E+01 0.356462717E+01 0.365751743E+01 0.376017690E+01
 0.387335944E+01 0.400065947E+01 0.414398575E+01 0.430926895E+01 0.450398254E+01
 0.473857117E+01 0.503533888E+01 0.543655396E+01 0.608644962E+01 0.963056850E+01
   88   86
 0.107769048E+01-0.500000007E-01 0.107864332E+01 0.500000007E-01 0.108159745E+01
 0.100000001E+00 0.109231794E+01 0.200000003E+00 0.110562503E+01 0.281366616E+00
 0.111861634E+01 0.349999994E+00 0.113218749E+01 0.413710505E+00 0.115161431E+01
 0.500000000E+00 0.116346395E+01 0.550000012E+00 0.118531251E+01 0.639244199E+00
 0.120106184E+01 0.699999988E+00 0.121462739E+01 0.750000000E+00 0.123843753E+01
 0.831777453E+00 0.126326585E+01 0.897515357E+00 0.129030895E+01 0.946334422E+00
 0.131812501E+01 0.975786388E+00 0.137125003E+01 0.995373487E+00 0.142437506E+01
 0.996000528E+00 0.147749996E+01 0.987633348E+00 0.153062499E+01 0.972852051E+00
 0.158267963E+01 0.952257037E+00 0.161031246E+01 0.940160751E+00 0.166343749E+01
 0.913476408E+00 0.169000006E+01 0.897685826E+00 0.174312496E+01 0.864935517E+00
 0.176968753E+01 0.846027732E+00 0.182281256E+01 0.806405604E+00 0.184937501E+01
 0.784615576E+00 0.188825285E+01 0.750000000E+00 0.192906249E+01 0.711708546E+00
 0.195562506E+01 0.684412003E+00 0.198697996E+01 0.649999976E+00 0.202831864E+01
 0.600000024E+00 0.206187510E+01 0.555433095E+00 0.208843756E+01 0.515815735E+00
 0.211500001E+01 0.471849591E+00 0.214156246E+01 0.422770500E+00 0.216812491E+01
 0.367552459E+00 0.219468760E+01 0.304633737E+00 0.221441698E+01 0.250000000E+00
 0.223020458E+01 0.200000003E+00 0.224781251E+01 0.125134200E+00 0.225880241E+01
 0.500000007E-01 0.225906324E+01-0.500000007E-01 0.224781251E+01-0.129011378E+00
 0.223159289E+01-0.200000003E+00 0.221640944E+01-0.250000000E+00 0.219468760E+01
-0.312114298E+00 0.216812491E+01-0.377262384E+00 0.214156246E+01-0.434692919E+00
 0.211500001E+01-0.485968411E+00 0.208843756E+01-0.532154679E+00 0.206187510E+01
-0.574116647E+00 0.203531241E+01-0.612524509E+00 0.200653148E+01-0.650505364E+00
 0.196608138E+01-0.699999988E+00 0.192906249E+01-0.741952181E+00 0.190250003E+01
-0.770680428E+00 0.187305379E+01-0.800217867E+00 0.182331491E+01-0.847918808E+00
 0.179624999E+01-0.872815192E+00 0.176344669E+01-0.899999976E+00 0.171656251E+01
-0.938053250E+00 0.169000006E+01-0.957869112E+00 0.163687503E+01-0.993780017E+00
 0.161031246E+01-0.101088798E+01 0.155718756E+01-0.104101896E+01 0.153062499E+01
-0.105496287E+01 0.147749996E+01-0.108039761E+01 0.142771292E+01-0.110000002E+01
 0.139781249E+01-0.111212170E+01 0.134468746E+01-0.112899077E+01 0.129156256E+01
-0.114112043E+01 0.123475993E+01-0.114894044E+01 0.121593130E+01-0.111259103E+01
 0.121269631E+01-0.102756262E+01 0.120761263E+01-0.959999979E+00 0.119769371E+01
-0.860000014E+00 0.118707454E+01-0.780000031E+00 0.117534423E+01-0.709999979E+00
 0.116122389E+01-0.629999995E+00 0.114805555E+01-0.560000002E+00 0.113296211E+01
-0.479999989E+00 0.112020838E+01-0.409999996E+00 0.110623598E+01-0.330000013E+00
 0.109600580E+01-0.259999990E+00 0.108467281E+01-0.159999996E+00 0.107892847E+01
-0.799999982E-01
 0.101600003E+01 0.000000000E+00 0.101600003E+01 0.963999987E+00 0.101600003E+01
 0.967999995E+00 0.101600003E+01 0.100100005E+01 0.101600003E+01 0.101900005E+01
 0.101600003E+01 0.107700002E+01 0.101600003E+01 0.107000005E+01 0.101600003E+01
 0.109599996E+01 0.101600003E+01 0.111300004E+01 0.101600003E+01 0.113800001E+01
 0.101600003E+01 0.114699996E+01 0.101199996E+01 0.116499996E+01 0.100100005E+01
 0.121700001E+01 0.102900004E+01 0.121700001E+01 0.104200006E+01 0.116240001E+01
 0.104600000E+01 0.116237998E+01 0.105599999E+01 0.116260004E+01 0.109700000E+01
 0.116450000E+01 0.110800004E+01 0.116594005E+01 0.111600006E+01 0.116591001E+01
 0.113399994E+01 0.116895998E+01 0.114800000E+01 0.117174995E+01 0.116199994E+01
 0.117556000E+01 0.118099999E+01 0.118299997E+01 0.118200004E+01 0.118350005E+01
 0.118499994E+01 0.118499994E+01 0.119000006E+01 0.118799996E+01 0.119500005E+01
 0.119099998E+01 0.120099998E+01 0.119599998E+01 0.120899999E+01 0.120200002E+01
 0.121500003E+01 0.120799994E+01 0.122200000E+01 0.121399999E+01 0.122800004E+01
 0.122099996E+01 0.123399997E+01 0.123099995E+01 0.123899996E+01 0.123800004E+01
 0.124199998E+01 0.124399996E+01 0.124800003E+01 0.125399995E+01 0.125800002E+01
 0.127800000E+01 0.126300001E+01 0.128999996E+01 0.127999997E+01 0.133099997E+01
 0.127999997E+01 0.134700000E+01 0.127999997E+01 0.134800005E+01 0.130999994E+01
 0.134800005E+01 0.132799995E+01 0.134800005E+01 0.136099994E+01 0.134800005E+01
 0.138000000E+01 0.134800005E+01 0.141900003E+01 0.134800005E+01 0.141900003E+01
 0.130999994E+01 0.137199998E+01 0.130999994E+01 0.137199998E+01 0.129200006E+01
 0.160800004E+01 0.109500003E+01 0.164699996E+01 0.107700002E+01 0.178499997E+01
 0.107700002E+01 0.206999993E+01 0.103999996E+01 0.212800002E+01 0.992999971E+00
 0.224499989E+01 0.708999991E+00 0.232299995E+01 0.518999994E+00 0.237700009E+01
 0.388999999E+00 0.236249995E+01 0.400000006E+00 0.236443496E+01 0.222000003E+00
 0.236496902E+01 0.133000001E+00 0.236532402E+01 0.439999998E-01 0.236512089E+01
-0.439999998E-01 0.236484194E+01-0.133000001E+00 0.236433411E+01-0.222000003E+00
 0.236249995E+01-0.400000006E+00 0.237700009E+01-0.388999999E+00 0.213400006E+01
-0.972999990E+00 0.178600001E+01-0.117400002E+01 0.176800001E+01-0.121099997E+01
 0.176800001E+01-0.125000000E+01 0.168200004E+01-0.125000000E+01 0.137199998E+01
-0.125000000E+01 0.137199998E+01-0.132900000E+01 0.141999996E+01-0.132900000E+01
 0.141999996E+01-0.136300004E+01 0.127300000E+01-0.136300004E+01 0.115300000E+01
-0.136300004E+01 0.101600003E+01-0.122300005E+01 0.101600003E+01-0.122300005E+01
 0.101600003E+01-0.829999983E+00 0.101600003E+01-0.800000012E+00 0.101600003E+01
-0.414999992E+00 0.101600003E+01-0.400000006E+00 0.101600003E+01-0.100000005E-02
 0.101600003E+01 0.000000000E+00
    0 0.169550002E+01    0
 0.000000000E+00 0.102245986E+00 0.145126536E+00 0.178223118E+00 0.206294090E+00
 0.229857266E+00 0.252629489E+00 0.273664057E+00 0.293334305E+00 0.311958849E+00
 0.329634935E+00 0.346552879E+00 0.362812847E+00 0.378513008E+00 0.393663406E+00
 0.408410966E+00 0.422766089E+00 0.436693162E+00 0.450365424E+00 0.463737339E+00
 0.476844043E+00 0.489654660E+00 0.502282143E+00 0.514728725E+00 0.526991427E+00
 0.539012849E+00 0.550931096E+00 0.562701166E+00 0.574368715E+00 0.585875094E+00
 0.597264528E+00 0.608568907E+00 0.619821668E+00 0.630965114E+00 0.642010570E+00
 0.653027296E+00 0.663975418E+00 0.674904585E+00 0.685762823E+00 0.696604967E+00
 0.707422316E+00 0.718235731E+00 0.729053795E+00 0.739844441E+00 0.750671327E+00
 0.761514843E+00 0.772396266E+00 0.783317387E+00 0.794293702E+00 0.805333614E+00
 0.816453815E+00 0.827670693E+00 0.839015007E+00 0.850456893E+00 0.862083733E+00
 0.873854339E+00 0.885868967E+00 0.898092389E+00 0.910618722E+00 0.923515975E+00
 0.936830997E+00 0.950722933E+00 0.965326607E+00 0.981156528E+00 0.100000000E+01
    0
