  EFITD    06/25/2013    #1553283000.0ms  EFIT01   0  65  65
 0.170000005E+01 0.320000005E+01 0.169550002E+01 0.839999974E+00 0.000000000E+00
 0.180314970E+01-0.288695991E-01-0.153703123E+00 0.123011954E-01 0.165759134E+01
 0.102187438E+07-0.153703123E+00 0.000000000E+00 0.180314970E+01 0.000000000E+00
-0.288695991E-01 0.000000000E+00 0.123011954E-01 0.000000000E+00 0.000000000E+00
 0.277609444E+01 0.277808762E+01 0.277999353E+01 0.278181410E+01 0.278355217E+01
 0.278520918E+01 0.278678703E+01 0.278828859E+01 0.278971505E+01 0.279106903E+01
 0.279235196E+01 0.279356623E+01 0.279471397E+01 0.279579687E+01 0.279681730E+01
 0.279777670E+01 0.279867744E+01 0.279952121E+01 0.280031013E+01 0.280104637E+01
 0.280173111E+01 0.280236721E+01 0.280295610E+01 0.280349970E+01 0.280400038E+01
 0.280445933E+01 0.280487919E+01 0.280526114E+01 0.280560780E+01 0.280592084E+01
 0.280620217E+01 0.280645347E+01 0.280667686E+01 0.280687428E+01 0.280704761E+01
 0.280719852E+01 0.280732942E+01 0.280744171E+01 0.280753756E+01 0.280761862E+01
 0.280768704E+01 0.280774450E+01 0.280779314E+01 0.280783510E+01 0.280787134E+01
 0.280790472E+01 0.280793667E+01 0.280796909E+01 0.280800390E+01 0.280804348E+01
 0.280808902E+01 0.280814266E+01 0.280820656E+01 0.280828238E+01 0.280837202E+01
 0.280847740E+01 0.280860019E+01 0.280874252E+01 0.280890656E+01 0.280909395E+01
 0.280930614E+01 0.280954599E+01 0.280981445E+01 0.281011391E+01 0.281044626E+01
 0.862511406E+05 0.840003828E+05 0.817782969E+05 0.795848906E+05 0.774201406E+05
 0.752840625E+05 0.731766562E+05 0.710979219E+05 0.690478594E+05 0.670264531E+05
 0.650337227E+05 0.630696641E+05 0.611342734E+05 0.592275469E+05 0.573494922E+05
 0.555001094E+05 0.536793984E+05 0.518873516E+05 0.501239766E+05 0.483892656E+05
 0.466832266E+05 0.450058594E+05 0.433571602E+05 0.417371289E+05 0.401457656E+05
 0.385830742E+05 0.370490508E+05 0.355436953E+05 0.340670117E+05 0.326189961E+05
 0.311996484E+05 0.298089688E+05 0.284469609E+05 0.271136211E+05 0.258089512E+05
 0.245329492E+05 0.232856172E+05 0.220669551E+05 0.208769609E+05 0.197156367E+05
 0.185829805E+05 0.174789961E+05 0.164036797E+05 0.153570303E+05 0.143390527E+05
 0.133497422E+05 0.123891016E+05 0.114571309E+05 0.105538281E+05 0.967919531E+04
 0.883323242E+04 0.801593750E+04 0.722731152E+04 0.646735547E+04 0.573606836E+04
 0.503345020E+04 0.435950146E+04 0.371422168E+04 0.309761108E+04 0.250966992E+04
 0.195039746E+04 0.141979443E+04 0.917860474E+03 0.444595642E+03 0.000000000E+00
 0.219345784E+01 0.209983921E+01 0.200829339E+01 0.191882014E+01 0.183141983E+01
 0.174609220E+01 0.166283727E+01 0.158165514E+01 0.150254571E+01 0.142550910E+01
 0.135054517E+01 0.127765393E+01 0.120683551E+01 0.113808990E+01 0.107141697E+01
 0.100681674E+01 0.944289207E+00 0.883834600E+00 0.825452566E+00 0.769143343E+00
 0.714906871E+00 0.662743211E+00 0.612652183E+00 0.564633965E+00 0.518688440E+00
 0.474815667E+00 0.433015645E+00 0.393288374E+00 0.355633855E+00 0.320052087E+00
 0.286543071E+00 0.255106747E+00 0.225743204E+00 0.198452413E+00 0.173234344E+00
 0.150089040E+00 0.129016459E+00 0.110016644E+00 0.930895582E-01 0.782352239E-01
 0.654536188E-01 0.547447726E-01 0.461086705E-01 0.395453051E-01 0.350546837E-01
 0.326368064E-01 0.322916806E-01 0.340192951E-01 0.378196537E-01 0.436927564E-01
 0.516386069E-01 0.616571940E-01 0.737485290E-01 0.879126042E-01 0.104149424E+00
 0.122458994E+00 0.142841309E+00 0.165296361E+00 0.189824164E+00 0.216424704E+00
 0.245097980E+00 0.275844038E+00 0.308662772E+00 0.343554318E+00 0.380518585E+00
-0.875057500E+06-0.863961000E+06-0.852864625E+06-0.841768188E+06-0.830671750E+06
-0.819575375E+06-0.808478875E+06-0.797382500E+06-0.786286062E+06-0.775189625E+06
-0.764093188E+06-0.752996750E+06-0.741900312E+06-0.730803875E+06-0.719707500E+06
-0.708611062E+06-0.697514625E+06-0.686418188E+06-0.675321750E+06-0.664225312E+06
-0.653128875E+06-0.642032500E+06-0.630936062E+06-0.619839625E+06-0.608743188E+06
-0.597646750E+06-0.586550312E+06-0.575453875E+06-0.564357500E+06-0.553261000E+06
-0.542164625E+06-0.531068188E+06-0.519971750E+06-0.508875312E+06-0.497778875E+06
-0.486682469E+06-0.475586031E+06-0.464489625E+06-0.453393188E+06-0.442296750E+06
-0.431200312E+06-0.420103875E+06-0.409007469E+06-0.397911031E+06-0.386814594E+06
-0.375718188E+06-0.364621750E+06-0.353525312E+06-0.342428875E+06-0.331332438E+06
-0.320236031E+06-0.309139625E+06-0.298043188E+06-0.286946750E+06-0.275850312E+06
-0.264753875E+06-0.253657453E+06-0.242561016E+06-0.231464594E+06-0.220368156E+06
-0.209271750E+06-0.198175312E+06-0.187078875E+06-0.175982453E+06-0.164886031E+06
 4.816166312e-02 4.693188891e-02 4.577511549e-02 4.462806508e-02 4.342141002e-02
 4.206597805e-02 4.043505713e-02 3.835128993e-02 3.487826511e-02 2.895577624e-02
 2.187741548e-02 1.356420945e-02 5.198210943e-03-6.739709061e-04-4.621865228e-03
-6.892786361e-03-7.555055432e-03-6.568462588e-03-3.752010176e-03 1.305020647e-03
 9.413326159e-03 1.793943904e-02 2.487658709e-02 3.089739010e-02 3.636899590e-02
 4.150515050e-02 4.644230753e-02 5.127447471e-02 5.607042462e-02 6.088181585e-02
 6.569419801e-02 7.051109523e-02 7.534480095e-02 8.019159734e-02 8.504396677e-02
 8.989007771e-02 9.474301338e-02 9.964945167e-02 1.046076566e-01 1.096232086e-01
 1.147058457e-01 1.198652685e-01 1.251071095e-01 1.304305941e-01 1.358279735e-01
 1.412850767e-01 1.467822492e-01 1.522950530e-01 1.577950418e-01 1.632502973e-01
 1.686259806e-01 1.738852412e-01 1.789899766e-01 1.839019656e-01 1.885841489e-01
 1.930018961e-01 1.971243471e-01 2.009257525e-01 2.043863535e-01 2.074931115e-01
 2.102400810e-01 2.126282156e-01 2.146649659e-01 2.163633704e-01 2.177411616e-01
 4.438071698e-02 4.314208776e-02 4.221301526e-02 4.158750176e-02 4.120992124e-02
 4.094880074e-02 4.014597088e-02 3.786995262e-02 3.383630142e-02 2.786347456e-02
 2.142600343e-02 1.491829474e-02 8.880818263e-03 4.206934944e-03 9.586043307e-04
-9.062159806e-04-1.396474661e-03-4.717018164e-04 1.958395587e-03 6.015922874e-03
 1.170083135e-02 1.796120219e-02 2.384191751e-02 2.932929993e-02 3.452362865e-02
 3.952156752e-02 4.440266266e-02 4.923059791e-02 5.405692011e-02 5.892324820e-02
 6.381265819e-02 6.872845441e-02 7.368673384e-02 7.869334519e-02 8.374970406e-02
 8.885234594e-02 9.402196109e-02 9.930545092e-02 1.047002524e-01 1.102067977e-01
 1.158269346e-01 1.215617284e-01 1.274096966e-01 1.333652288e-01 1.394177675e-01
 1.455512196e-01 1.517437994e-01 1.579680741e-01 1.641909629e-01 1.703741401e-01
 1.764744520e-01 1.824446917e-01 1.882348955e-01 1.937936991e-01 1.990704834e-01
 2.040174156e-01 2.085918784e-01 2.127585560e-01 2.164911926e-01 2.197738588e-01
 2.226014137e-01 2.249791622e-01 2.269219607e-01 2.284525931e-01 2.295999527e-01
 3.938394785e-02 3.811866045e-02 3.744112700e-02 3.747349977e-02 3.821213171e-02
 3.814277798e-02 3.684796020e-02 3.419753909e-02 3.009383008e-02 2.558289096e-02
 2.119310945e-02 1.709121838e-02 1.346245036e-02 1.051698625e-02 8.412407711e-03
 7.240842562e-03 7.054156158e-03 7.879689336e-03 9.715793654e-03 1.250468753e-02
 1.608967036e-02 2.021222934e-02 2.461144328e-02 2.912123874e-02 3.366898745e-02
 3.823655844e-02 4.283149540e-02 4.747155681e-02 5.217683315e-02 5.696346611e-02
 6.183355302e-02 6.679119170e-02 7.184551656e-02 7.700428367e-02 8.227359504e-02
 8.765970170e-02 9.317803383e-02 9.884798527e-02 1.046763435e-01 1.106662601e-01
 1.168191880e-01 1.231345311e-01 1.296087503e-01 1.362344623e-01 1.429994851e-01
 1.498860717e-01 1.568701267e-01 1.639204919e-01 1.709984541e-01 1.780575216e-01
 1.850432605e-01 1.918940544e-01 1.985423565e-01 2.049167752e-01 2.109451741e-01
 2.165583670e-01 2.216942161e-01 2.263016105e-01 2.303438187e-01 2.338007092e-01
 2.366694808e-01 2.389639169e-01 2.407122850e-01 2.419542521e-01 2.427373528e-01
 3.247123212e-02 3.091063537e-02 3.021639213e-02 3.045172989e-02 3.136130422e-02
 3.116590530e-02 2.955103293e-02 2.725795284e-02 2.478733473e-02 2.222840860e-02
 1.969647035e-02 1.731920242e-02 1.522743143e-02 1.354610547e-02 1.238276996e-02
 1.181958802e-02 1.191097684e-02 1.268295571e-02 1.413065381e-02 1.621426269e-02
 1.885841414e-02 2.196207456e-02 2.541948669e-02 2.914130315e-02 3.306473792e-02
 3.715246916e-02 4.138632119e-02 4.576040059e-02 5.027556419e-02 5.493545532e-02
 5.974445492e-02 6.470768154e-02 6.983125210e-02 7.512208819e-02 8.058780432e-02
 8.623699844e-02 9.207923710e-02 9.812400490e-02 1.043791547e-01 1.108503193e-01
 1.175408810e-01 1.244516820e-01 1.315804720e-01 1.389211118e-01 1.464626193e-01
 1.541879773e-01 1.620728374e-01 1.700841635e-01 1.781786084e-01 1.863011867e-01
 1.943842620e-01 2.023471296e-01 2.100969553e-01 2.175313830e-01 2.245432734e-01
 2.310270667e-01 2.368866801e-01 2.420433760e-01 2.464423776e-01 2.500572801e-01
 2.528911829e-01 2.549749613e-01 2.563623786e-01 2.571235895e-01 2.573379278e-01
 2.266474068e-02 2.036533132e-02 1.963710040e-02 2.014693618e-02 2.110029198e-02
 2.127589285e-02 2.103788964e-02 2.045301534e-02 1.959786564e-02 1.856077462e-02
 1.743937284e-02 1.633607224e-02 1.535276975e-02 1.458540931e-02 1.411884185e-02
 1.402265392e-02 1.434831135e-02 1.512743905e-02 1.637101546e-02 1.806979999e-02
 2.019683272e-02 2.271265909e-02 2.557258308e-02 2.873393521e-02 3.216123581e-02
 3.582838550e-02 3.971841186e-02 4.382188618e-02 4.813494533e-02 5.265752971e-02
 5.739209801e-02 6.234289706e-02 6.751555204e-02 7.291677594e-02 7.855419815e-02
 8.443620801e-02 9.057163447e-02 9.696933627e-02 1.036377102e-01 1.105842292e-01
 1.178149804e-01 1.253342330e-01 1.331437826e-01 1.412420571e-01 1.496230960e-01
 1.582749784e-01 1.671779752e-01 1.763021648e-01 1.856045127e-01 1.950254440e-01
 2.044853568e-01 2.138815224e-01 2.230866551e-01 2.319506556e-01 2.403072417e-01
 2.479857802e-01 2.548271716e-01 2.607007325e-01 2.655184567e-01 2.692440748e-01
 2.718954682e-01 2.735396624e-01 2.742816210e-01 2.742491364e-01 2.735777795e-01
 7.517159916e-03 2.798019443e-03 4.646996967e-03 7.965194061e-03 1.050503366e-02
 1.240626816e-02 1.372599788e-02 1.455020346e-02 1.497457828e-02 1.509714685e-02
 1.501583029e-02 1.482656784e-02 1.462109759e-02 1.448450796e-02 1.449284144e-02
 1.471104845e-02 1.519147493e-02 1.597297564e-02 1.708078198e-02 1.852722839e-02
 2.031347528e-02 2.243215591e-02 2.487060800e-02 2.761415765e-02 3.064882010e-02
 3.396310657e-02 3.754884750e-02 4.140128940e-02 4.551877826e-02 4.990222678e-02
 5.455461890e-02 5.948061496e-02 6.468622386e-02 7.017864287e-02 7.596606016e-02
 8.205749094e-02 8.846268803e-02 9.519188106e-02 1.022556126e-01 1.096644476e-01
 1.174287051e-01 1.255581379e-01 1.340613216e-01 1.429450661e-01 1.522133052e-01
 1.618655026e-01 1.718946397e-01 1.822838634e-01 1.930020899e-01 2.039978653e-01
 2.151911855e-01 2.264637351e-01 2.376489043e-01 2.485261112e-01 2.588256001e-01
 2.682508528e-01 2.765159905e-01 2.833859921e-01 2.887076735e-01 2.924281955e-01
 2.946005166e-01 2.953734994e-01 2.949631810e-01 2.936133146e-01 2.915604115e-01
-4.129257519e-03-1.028532535e-02-7.306298241e-03-1.786469482e-03 2.490947954e-03
 5.778140388e-03 8.270573802e-03 1.011550892e-02 1.143727638e-02 1.234785840e-02
 1.295087487e-02 1.334297936e-02 1.361385081e-02 1.384546049e-02 1.411133911e-02
 1.447607204e-02 1.499485224e-02 1.571322605e-02 1.666716114e-02 1.788354106e-02
 1.938110776e-02 2.117181011e-02 2.326242253e-02 2.565624379e-02 2.835469693e-02
 3.135856986e-02 3.466887400e-02 3.828738257e-02 4.221691191e-02 4.646139592e-02
 5.102590844e-02 5.591659248e-02 6.114064157e-02 6.670628488e-02 7.262277603e-02
 7.890039682e-02 8.555047959e-02 9.258545935e-02 1.000188291e-01 1.078652143e-01
 1.161403656e-01 1.248610914e-01 1.340451837e-01 1.437112093e-01 1.538779140e-01
 1.645634621e-01 1.757838130e-01 1.875500381e-01 1.998638362e-01 2.127097547e-01
 2.260425985e-01 2.397668064e-01 2.537052631e-01 2.675584257e-01 2.808721960e-01
 2.930684686e-01 3.035737276e-01 3.119416237e-01 3.178957403e-01 3.213446438e-01
 3.224088252e-01 3.214345872e-01 3.189170957e-01 3.153540790e-01 3.111553788e-01
-9.598899633e-03-1.628928632e-02-1.282427274e-02-6.730910856e-03-1.780351158e-03
 2.175960457e-03 5.276542157e-03 7.655508816e-03 9.437593631e-03 1.073723100e-02
 1.165902056e-02 1.229986362e-02 1.274921559e-02 1.308766007e-02 1.338712778e-02
 1.371250488e-02 1.412184630e-02 1.466627233e-02 1.538989972e-02 1.632999070e-02
 1.751730219e-02 1.897664368e-02 2.072760835e-02 2.278547734e-02 2.516255528e-02
 2.786895633e-02 3.091320023e-02 3.430282325e-02 3.804499283e-02 4.214687645e-02
 4.661588371e-02 5.145987123e-02 5.668734014e-02 6.230761856e-02 6.833102554e-02
 7.476908714e-02 8.163473010e-02 8.894249797e-02 9.670887142e-02 1.049525216e-01
 1.136947125e-01 1.229596883e-01 1.327751875e-01 1.431730390e-01 1.541896164e-01
 1.658666432e-01 1.782515496e-01 1.913976371e-01 2.053634226e-01 2.202098668e-01
 2.359932214e-01 2.527470887e-01 2.704389095e-01 2.888678312e-01 3.074426055e-01
 3.245689273e-01 3.388281763e-01 3.495811820e-01 3.564260602e-01 3.591292500e-01
 3.576770425e-01 3.528400660e-01 3.463047743e-01 3.390415311e-01 3.316291571e-01
-9.639937431e-03-1.642153598e-02-1.318875141e-02-7.096798159e-03-2.091263421e-03
 1.925393590e-03 5.072752945e-03 7.477714214e-03 9.263314307e-03 1.054210961e-02
 1.141031459e-02 1.196288504e-02 1.229283400e-02 1.247749105e-02 1.258054376e-02
 1.266559400e-02 1.279321685e-02 1.301958412e-02 1.339578535e-02 1.396751311e-02
 1.477492601e-02 1.585256495e-02 1.722913608e-02 1.892682351e-02 2.096583694e-02
 2.336332947e-02 2.613320015e-02 2.928653359e-02 3.283365816e-02 3.678417206e-02
 4.114713147e-02 4.593149573e-02 5.114650726e-02 5.680202693e-02 6.290882826e-02
 6.947901100e-02 7.652632892e-02 8.406662941e-02 9.211835265e-02 1.007030606e-01
 1.098461449e-01 1.195776761e-01 1.299335361e-01 1.409567147e-01 1.526992619e-01
 1.652245522e-01 1.786106229e-01 1.929544359e-01 2.083782554e-01 2.250385284e-01
 2.431396246e-01 2.629565299e-01 2.848775983e-01 3.095089793e-01 3.373697400e-01
 3.625051677e-01 3.822819591e-01 3.965544403e-01 4.050094485e-01 4.069288969e-01
 4.020899534e-01 3.894351125e-01 3.754879534e-01 3.626352549e-01 3.510020971e-01
-4.977472126e-03-1.165785454e-02-8.745944127e-03-3.002016805e-03 1.569912303e-03
 5.096859764e-03 7.743243594e-03 9.663967416e-03 1.099842601e-02 1.187341101e-02
 1.232040673e-02 1.243334450e-02 1.235594042e-02 1.215328462e-02 1.183190010e-02
 1.146411896e-02 1.111741550e-02 1.085482724e-02 1.073495299e-02 1.081182249e-02
 1.113474555e-02 1.174820401e-02 1.269188896e-02 1.397848409e-02 1.563961804e-02
 1.770005748e-02 2.017724141e-02 2.307851054e-02 2.641716227e-02 3.020466492e-02
 3.445003927e-02 3.916209191e-02 4.434976354e-02 5.002226681e-02 5.618967861e-02
 6.286340952e-02 7.005669177e-02 7.778514922e-02 8.606730402e-02 9.492537379e-02
 1.043861061e-01 1.144818589e-01 1.252520978e-01 1.367451400e-01 1.490208209e-01
 1.621537656e-01 1.762382984e-01 1.913952231e-01 2.077819556e-01 2.256076932e-01
 2.451575398e-01 2.668314576e-01 2.912083566e-01 3.191406131e-01 3.518049121e-01
 3.853034675e-01 4.111947417e-01 4.293690324e-01 4.399888515e-01 4.429332018e-01
 4.370957315e-01 4.218435884e-01 3.998932540e-01 3.812890351e-01 3.656574786e-01
 4.531190731e-03-1.988021657e-03 1.023676828e-03 5.915089510e-03 9.327694774e-03
 1.165325381e-02 1.316123642e-02 1.404127106e-02 1.443017554e-02 1.443022862e-02
 1.411711797e-02 1.356236264e-02 1.283672825e-02 1.199931186e-02 1.104320679e-02
 1.003921498e-02 9.055750445e-03 8.158413693e-03 7.409581915e-03 6.868003868e-03
 6.588398013e-03 6.620997097e-03 7.010915782e-03 7.797040977e-03 9.016180411e-03
 1.070180722e-02 1.288417727e-02 1.550990529e-02 1.862296835e-02 2.223882638e-02
 2.635842748e-02 3.098933771e-02 3.613961861e-02 4.181591049e-02 4.802593216e-02
 5.477880314e-02 6.208553165e-02 6.995952129e-02 7.841713727e-02 8.747841418e-02
 9.716786444e-02 1.075155437e-01 1.185584143e-01 1.303420365e-01 1.429228783e-01
 1.563714445e-01 1.707763970e-01 1.862502545e-01 2.029372752e-01 2.210245132e-01
 2.407567054e-01 2.624560893e-01 2.865459323e-01 3.135730028e-01 3.442218900e-01
 3.791041672e-01 4.086991251e-01 4.297871888e-01 4.426676631e-01 4.474377632e-01
 4.443120956e-01 4.321717024e-01 4.108032286e-01 3.889667392e-01 3.714100122e-01
 2.242024802e-02 1.719264686e-02 1.822352223e-02 2.025568113e-02 2.104523592e-02
 2.116698585e-02 2.083723992e-02 2.016619593e-02 1.922327094e-02 1.805923507e-02
 1.671548560e-02 1.522993296e-02 1.363900583e-02 1.197701041e-02 1.021775045e-02
 8.427854627e-03 6.673863158e-03 5.021200515e-03 3.533347044e-03 2.271177247e-03
 1.292430563e-03 6.512819673e-04 3.979802423e-04 5.785754765e-04 1.234921161e-03
 2.403805032e-03 4.115151241e-03 6.388377398e-03 9.247910231e-03 1.271517947e-02
 1.670799404e-02 2.125463262e-02 2.636904269e-02 3.204647824e-02 3.829128295e-02
 4.510865360e-02 5.250572786e-02 6.049185991e-02 6.907904148e-02 7.828238606e-02
 8.812080324e-02 9.861770272e-02 1.098018736e-01 1.217086166e-01 1.343811452e-01
 1.478722394e-01 1.622462869e-01 1.775817424e-01 1.939738095e-01 2.115372419e-01
 2.304085195e-01 2.507463694e-01 2.727291584e-01 2.965488136e-01 3.224098086e-01
 3.505937457e-01 3.794029653e-01 3.999426961e-01 4.133020341e-01 4.200570881e-01
 4.199595451e-01 4.135598838e-01 3.999390006e-01 3.808171153e-01 3.653927743e-01
 4.827824980e-02 4.650593176e-02 4.202028364e-02 3.794630617e-02 3.485069796e-02
 3.215400130e-02 2.962433547e-02 2.715445310e-02 2.469059452e-02 2.220589295e-02
 1.968878135e-02 1.713737473e-02 1.455621794e-02 1.195401046e-02 9.284864180e-03
 6.611557212e-03 3.998347558e-03 1.509516616e-03-7.917471230e-04-2.844172064e-03
-4.588991404e-03-5.970347673e-03-6.935570389e-03-7.435392588e-03-7.424177602e-03
-6.860323716e-03-5.706858821e-03-3.932021558e-03-1.509053400e-03 1.580652432e-03
 5.341826007e-03 9.782826528e-03 1.490562223e-02 2.059545368e-02 2.688270062e-02
 3.376499936e-02 4.124476016e-02 4.932595044e-02 5.801454186e-02 6.731878966e-02
 7.724960893e-02 8.782082796e-02 9.904949367e-02 1.109561548e-01 1.235651448e-01
 1.369047314e-01 1.510069370e-01 1.659068018e-01 1.816406697e-01 1.982424706e-01
 2.157370746e-01 2.341279238e-01 2.533752620e-01 2.733559608e-01 2.937850356e-01
 3.140439987e-01 3.328803480e-01 3.486436009e-01 3.603478670e-01 3.676843643e-01
 3.706439734e-01 3.694347739e-01 3.646071851e-01 3.573631048e-01 3.493937850e-01
 6.639508903e-02 6.563611329e-02 5.950474367e-02 5.289414525e-02 4.731395841e-02
 4.243785143e-02 3.802973777e-02 3.392931074e-02 3.002999350e-02 2.626091614e-02
 2.257498354e-02 1.894125901e-02 1.534002367e-02 1.175945811e-02 8.140281774e-03
 4.544022493e-03 1.034053159e-03-2.326025860e-03-5.473588128e-03-8.347816765e-03
-1.089023799e-02-1.304502413e-02-1.475912612e-02-1.598233171e-02-1.666728966e-02
-1.676962897e-02-1.624815725e-02-1.506524161e-02-1.318738610e-02-1.058635395e-02
-7.240436971e-03-3.134660423e-03 1.735385391e-03 7.357419468e-03 1.372286119e-02
 2.068815567e-02 2.826254070e-02 3.644316643e-02 4.522912577e-02 5.462057889e-02
 6.461971998e-02 7.522990555e-02 8.645540476e-02 9.830111265e-02 1.107720062e-01
 1.238722503e-01 1.376036406e-01 1.519632190e-01 1.669394970e-01 1.825066805e-01
 1.986159384e-01 2.151825130e-01 2.320670784e-01 2.490496933e-01 2.657981217e-01
 2.818427682e-01 2.965943813e-01 3.094437122e-01 3.199027181e-01 3.276882768e-01
 3.327330947e-01 3.351777792e-01 3.353667557e-01 3.338174820e-01 3.311155140e-01
 7.792401314e-02 7.740824670e-02 7.120726258e-02 6.370361149e-02 5.691716447e-02
 5.073289573e-02 4.502359778e-02 3.967656940e-02 3.459940851e-02 2.971941046e-02
 2.498060092e-02 2.034040913e-02 1.576672494e-02 1.123544015e-02 6.684980355e-03
 2.179247793e-03-2.216959838e-03-6.439452991e-03-1.042571664e-02-1.411558595e-02
-1.745160110e-02-2.037910372e-02-2.284615673e-02-2.480336651e-02-2.620365471e-02
-2.700209618e-02-2.715585195e-02-2.662426233e-02-2.536921948e-02-2.335581183e-02
-2.055334672e-02-1.693672687e-02-1.248865947e-02-7.202320732e-03-1.083611045e-03
 5.840860307e-03 1.354612131e-02 2.185464650e-02 3.076189756e-02 4.025652260e-02
 5.033523589e-02 6.099162996e-02 7.221835852e-02 8.400637656e-02 9.634427726e-02
 1.092170477e-01 1.226041988e-01 1.364770532e-01 1.507951170e-01 1.655012369e-01
 1.805153787e-01 1.957267970e-01 2.109856009e-01 2.260943949e-01 2.408042401e-01
 2.548197508e-01 2.678198218e-01 2.794941068e-01 2.895853817e-01 2.979248166e-01
 3.044507802e-01 3.092124462e-01 3.123596609e-01 3.141175807e-01 3.147480786e-01
 8.602604270e-02 8.562089503e-02 7.912521809e-02 7.117548585e-02 6.375491619e-02
 5.680385977e-02 5.025087297e-02 4.402296990e-02 3.805238381e-02 3.227961808e-02
 2.665410191e-02 2.113357186e-02 1.568301395e-02 1.027346030e-02 4.853530787e-03
-5.073169013e-04-5.740688182e-03-1.078046672e-02-1.556359418e-02-2.003045753e-02
-2.412495762e-02-2.779433131e-02-3.098879382e-02-3.366108611e-02-3.576597571e-02
-3.725984693e-02-3.810031712e-02-3.824607655e-02-3.765696287e-02-3.629427403e-02
-3.412153944e-02-3.110561892e-02-2.721842378e-02-2.243914269e-02-1.675697044e-02
-1.017459016e-02-2.711061155e-03 5.589160137e-03 1.468143333e-02 2.431317419e-02
 3.451543301e-02 4.526414722e-02 5.654284731e-02 6.833083928e-02 8.060434461e-02
 9.333553910e-02 1.064905524e-01 1.200272292e-01 1.338924170e-01 1.480189264e-01
 1.623220444e-01 1.766962707e-01 1.910124719e-01 2.051167786e-01 2.188327163e-01
 2.319676876e-01 2.443246245e-01 2.557179630e-01 2.659907341e-01 2.750294209e-01
 2.827735841e-01 2.892183065e-01 2.944101691e-01 2.984364331e-01 3.014104962e-01
 9.127040207e-02 9.086312354e-02 8.413764834e-02 7.595896721e-02 6.820543110e-02
 6.081767753e-02 5.373916775e-02 4.691546410e-02 4.029631987e-02 3.383616731e-02
 2.749409527e-02 2.123351209e-02 1.502167434e-02 8.829332888e-03 2.626895905e-03
-3.508632537e-03-9.503895417e-03-1.529002190e-02-2.080300823e-02-2.598373406e-02
-3.077768907e-02-3.513447195e-02-3.900713474e-02-4.235147312e-02-4.512523860e-02
-4.728747904e-02-4.879788309e-02-4.961638898e-02-4.970291629e-02-4.901743680e-02
-4.752033949e-02-4.517323524e-02-4.194023833e-02-3.778976202e-02-3.269695491e-02
-2.664683759e-02-1.963803172e-02-1.168755069e-02-2.835225547e-03 6.844138727e-03
 1.727514900e-02 2.819266543e-02 3.961310908e-02 5.149980634e-02 6.382003427e-02
 7.653971016e-02 8.961945772e-02 1.030127555e-01 1.166644245e-01 1.305090487e-01
 1.444694996e-01 1.584556997e-01 1.723641753e-01 1.860787272e-01 1.994726956e-01
 2.124132365e-01 2.247672230e-01 2.364084870e-01 2.472251356e-01 2.571257949e-01
 2.660439014e-01 2.739390731e-01 2.807964087e-01 2.866232395e-01 2.914453745e-01
 9.367531538e-02 9.310577810e-02 8.659048378e-02 7.843059301e-02 7.061018050e-02
 6.304557621e-02 5.568096042e-02 4.847748950e-02 4.140248150e-02 3.442556411e-02
 2.751754038e-02 2.064989507e-02 1.379406452e-02 6.919376552e-03 3.053597175e-05
-6.786919199e-03-1.345454901e-02-1.990083791e-02-2.606101707e-02-3.187667951e-02
-3.729517013e-02-4.226879776e-02-4.675391689e-02-5.070992559e-02-5.409828201e-02
-5.688159168e-02-5.902274698e-02-6.048426777e-02-6.122779101e-02-6.121387333e-02
-6.040203199e-02-5.875116959e-02-5.622044206e-02-5.277064443e-02-4.836613685e-02
-4.297750071e-02-3.658487275e-02-2.918213233e-02-2.078174241e-02-1.142044552e-02
-1.163768815e-03 9.880371392e-03 2.158735506e-02 3.370124102e-02 4.619937390e-02
 5.905522406e-02 7.223029435e-02 8.567897975e-02 9.934942424e-02 1.131833792e-01
 1.271154881e-01 1.410730481e-01 1.549760103e-01 1.687377244e-01 1.822662205e-01
 1.954663396e-01 2.082422078e-01 2.204999030e-01 2.321497798e-01 2.431081235e-01
 2.532978654e-01 2.626487017e-01 2.710969150e-01 2.785864472e-01 2.850712538e-01
 9.358942509e-02 9.255625308e-02 8.646696806e-02 7.894822210e-02 7.139845937e-02
 6.386502087e-02 5.637547374e-02 4.893502593e-02 4.153734818e-02 3.416972607e-02
 2.681593224e-02 1.945827529e-02 1.207970828e-02 4.604128189e-03-2.878956497e-03
-1.028305851e-02-1.752806827e-02-2.454147488e-02-3.125859797e-02-3.762224689e-02
-4.358195513e-02-4.909300804e-02-5.411528796e-02-5.861210078e-02-6.254898012e-02
-6.589257717e-02-6.860964000e-02-7.066611946e-02-7.202647626e-02-7.265326381e-02
-7.250681520e-02-7.154540718e-02-6.972573698e-02-6.700379401e-02-6.333635002e-02
-5.868299305e-02-5.300887674e-02-4.628825933e-02-3.850876912e-02-2.967640944e-02
-1.982099563e-02-9.001892060e-03 2.688928042e-03 1.512047276e-02 2.789926529e-02
 4.103450477e-02 5.447138473e-02 6.816159189e-02 8.205762506e-02 9.611026943e-02
 1.102672890e-01 1.244730577e-01 1.386684924e-01 1.527913660e-01 1.667768806e-01
 1.805582047e-01 1.940668225e-01 2.072324306e-01 2.199819386e-01 2.322371900e-01
 2.439117879e-01 2.549070418e-01 2.651091814e-01 2.743902504e-01 2.826163769e-01
 9.332443774e-02 9.199272096e-02 8.609425277e-02 7.877652347e-02 7.132230699e-02
 6.377629936e-02 5.618022010e-02 4.855395108e-02 4.090262204e-02 3.322210908e-02
 2.550240979e-02 1.772962511e-02 9.887423366e-03 1.929410268e-03-6.041199900e-03
-1.393073797e-02-2.165535465e-02-2.914103866e-02-3.632324561e-02-4.314614087e-02
-4.956158996e-02-5.552794039e-02-6.100866944e-02-6.597104669e-02-7.038477063e-02
-7.422068715e-02-7.744966447e-02-8.004153520e-02-8.196425438e-02-8.318320662e-02
-8.366078138e-02-8.335619420e-02-8.222560585e-02-8.022264391e-02-7.729937136e-02
-7.340776920e-02-6.850191951e-02-6.254088134e-02-5.549243093e-02-4.733772203e-02
-3.807692602e-02-2.773596346e-02-1.637442783e-02-4.095800221e-03 8.939128369e-03
 2.255474031e-02 3.642896935e-02 5.053114146e-02 6.482742727e-02 7.928191870e-02
 9.385718405e-02 1.085146293e-01 1.232148707e-01 1.379180551e-01 1.525841951e-01
 1.671730280e-01 1.816435158e-01 1.959521472e-01 2.100498676e-01 2.238764018e-01
 2.373515218e-01 2.503620386e-01 2.627452612e-01 2.742747068e-01 2.846649289e-01
 9.343458712e-02 9.201412648e-02 8.595161140e-02 7.839849591e-02 7.078179717e-02
 6.310077012e-02 5.535650253e-02 4.755020514e-02 3.967966884e-02 3.173849732e-02
 2.371614799e-02 1.559760794e-02 7.361439988e-03-9.956937283e-04-9.364778176e-03
-1.764867827e-02-2.576187253e-02-3.363007680e-02-4.118961841e-02-4.838647321e-02
-5.517504364e-02-6.151678041e-02-6.737872213e-02-7.273197919e-02-7.755029202e-02
-8.180864155e-02-8.548201621e-02-8.854423463e-02-9.096696973e-02-9.271897376e-02
-9.376542270e-02-9.406749904e-02-9.358228743e-02-9.226292372e-02-9.005913138e-02
-8.691821992e-02-8.278667927e-02-7.761243731e-02-7.134787738e-02-6.395388395e-02
-5.540477484e-02-4.569448531e-02-3.484360874e-02-2.290710434e-02-9.981453419e-03
 3.791702446e-03 1.821482740e-02 3.285036236e-02 4.767411947e-02 6.266166270e-02
 7.778899372e-02 9.303321689e-02 1.083732694e-01 1.237906069e-01 1.392697692e-01
 1.547987461e-01 1.703688353e-01 1.859735847e-01 2.016060650e-01 2.172534168e-01
 2.328862846e-01 2.484387457e-01 2.637697756e-01 2.785828710e-01 2.922633290e-01
 9.312102199e-02 9.160643816e-02 8.518242836e-02 7.747402787e-02 6.971844286e-02
 6.190191954e-02 5.401559919e-02 4.605034739e-02 3.799656779e-02 2.984407172e-02
 2.158244140e-02 1.320211776e-02 4.618826322e-03-4.069946706e-03-1.276022103e-02
-2.135702595e-02-2.977619693e-02-3.794488311e-02-4.580122232e-02-5.329346657e-02
-6.037873402e-02-6.702157855e-02-7.319243252e-02-7.886602730e-02-8.401989937e-02
-8.863291889e-02-9.268395603e-02-9.615069628e-02-9.900856018e-02-1.012298018e-01
-1.027827412e-01-1.036311984e-01-1.037341207e-01-1.030455008e-01-1.015145183e-01
-9.908618033e-02-9.570229053e-02-9.130317718e-02-8.582997322e-02-7.922788709e-02
-7.145038992e-02-6.246452034e-02-5.225729942e-02-4.084316269e-02-2.827212028e-02
-1.463830844e-02-8.922099369e-05 1.516635530e-02 3.060418554e-02 4.620894045e-02
 6.196763366e-02 7.787063718e-02 9.391278028e-02 1.100946665e-01 1.264239997e-01
 1.429172009e-01 1.596009433e-01 1.765138209e-01 1.937079132e-01 2.112499177e-01
 2.292212099e-01 2.477158606e-01 2.668305039e-01 2.866069674e-01 3.061158657e-01
 9.178423136e-02 9.011264890e-02 8.374662697e-02 7.594396174e-02 6.809744239e-02
 6.019169837e-02 5.220825598e-02 4.412929714e-02 3.593837097e-02 2.762032114e-02
 1.916090399e-02 1.054643840e-02 1.713646343e-03-7.221588865e-03-1.615292206e-02
-2.498501912e-02-3.363441676e-02-4.202964902e-02-5.011074618e-02-5.782827735e-02
-6.514200568e-02-7.201940566e-02-7.843404263e-02-8.436395228e-02-8.979009092e-02
-9.469484538e-02-9.906065464e-02-1.028687954e-01-1.060982198e-01-1.087246388e-01
-1.107195914e-01-1.120498329e-01-1.126767695e-01-1.125561297e-01-1.116378680e-01
-1.098664254e-01-1.071813107e-01-1.035181880e-01-9.881064296e-02-9.299266338e-02
-8.600205183e-02-7.778499275e-02-6.830172241e-02-5.753359944e-02-4.549139738e-02
-3.222465515e-02-1.783179119e-02-2.470029984e-03 1.363609359e-02 2.990354970e-02
 4.632699862e-02 6.290623546e-02 7.964776456e-02 9.656657279e-02 1.136884540e-01
 1.310527474e-01 1.487159431e-01 1.667564213e-01 1.852810979e-01 2.044346035e-01
 2.244135439e-01 2.454897463e-01 2.680549622e-01 2.927194834e-01 3.183667660e-01
 8.984191716e-02 8.801297843e-02 8.159241825e-02 7.375797629e-02 6.590341032e-02
 5.799142271e-02 4.998677596e-02 4.186185449e-02 3.359482437e-02 2.516741864e-02
 1.656315848e-02 7.766307332e-03-1.246884698e-03-1.035887003e-02-1.946250722e-02
-2.846260741e-02-3.727661818e-02-4.583454877e-02-5.407835543e-02-6.196080521e-02
-6.944414973e-02-7.649849355e-02-8.310021460e-02-8.923023939e-02-9.487255663e-02
-1.000126377e-01-1.046360880e-01-1.087273881e-01-1.122687459e-01-1.152390540e-01
-1.176130325e-01-1.193604171e-01-1.204453111e-01-1.208257377e-01-1.204532906e-01
-1.192731410e-01-1.172242165e-01-1.142399460e-01-1.102494001e-01-1.051792055e-01
-9.895622730e-02-9.151138365e-02-8.278456330e-02-7.273108512e-02-6.132953241e-02
-4.859106615e-02-3.456997499e-02-1.937481388e-02-3.179184860e-03 1.376926899e-02
 3.085778467e-02 4.809050262e-02 6.547947973e-02 8.304677904e-02 1.008270755e-01
 1.188709289e-01 1.372491717e-01 1.560589075e-01 1.754320860e-01 1.955475509e-01
 2.166480422e-01 2.390630245e-01 2.632349730e-01 2.897361517e-01 3.179754615e-01
 8.723907173e-02 8.525302261e-02 7.852131128e-02 7.082937658e-02 6.314347684e-02
 5.536345020e-02 4.744198918e-02 3.935259953e-02 3.107724711e-02 2.260095999e-02
 1.390874851e-02 4.982331768e-03-4.156788811e-03-1.338986866e-02-2.260997519e-02
-3.172286972e-02-4.064739496e-02-4.931528866e-02-5.767044052e-02-6.566775590e-02
-7.327172160e-02-8.045479655e-02-8.719577640e-02-9.347811341e-02-9.928837419e-02
-1.046146750e-01-1.094453484e-01-1.137676835e-01-1.175667346e-01-1.208243296e-01
-1.235180795e-01-1.256206185e-01-1.270987988e-01-1.279132068e-01-1.280175447e-01
-1.273585707e-01-1.258759201e-01-1.235024929e-01-1.201652884e-01-1.157866120e-01
-1.102863327e-01-1.035848781e-01-9.560750425e-02-8.628994226e-02-7.558563352e-02
-6.347456574e-02-4.997380450e-02-3.514911979e-02-1.912719943e-02-2.107123844e-03
 1.563060656e-02 3.347382694e-02 5.143330246e-02 6.952970475e-02 8.779592067e-02
 1.062795371e-01 1.250461340e-01 1.441839188e-01 1.638103724e-01 1.840819120e-01
 2.052082121e-01 2.274741232e-01 2.512739897e-01 2.771621346e-01 3.047383130e-01
 8.226993680e-02 7.965464890e-02 7.411111146e-02 6.724527478e-02 6.000914425e-02
 5.250256509e-02 4.474958777e-02 3.675707057e-02 2.852540649e-02 2.005227096e-02
 1.133502088e-02 2.306764480e-03-6.919496693e-03-1.623073593e-02-2.552326210e-02
-3.470514715e-02-4.369723797e-02-5.243320018e-02-6.085885316e-02-6.893107295e-02
-7.661633939e-02-8.388914168e-02-9.073033929e-02-9.712549299e-02-1.030633077e-01
-1.085341349e-01-1.135286018e-01-1.180363595e-01-1.220449507e-01-1.255387366e-01
-1.284979582e-01-1.308978796e-01-1.327080429e-01-1.338915527e-01-1.344045401e-01
-1.341957748e-01-1.332064122e-01-1.313700825e-01-1.286133528e-01-1.248565987e-01
-1.200157106e-01-1.140044928e-01-1.067382768e-01-9.813886881e-02-8.814097941e-02
-7.670059055e-02-6.380492449e-02-4.948423803e-02-3.382470459e-02-1.698152535e-02
 8.092299104e-04 1.922214217e-02 3.767763823e-02 5.618732795e-02 7.477436960e-02
 9.347285330e-02 1.123281568e-01 1.313981116e-01 1.507547200e-01 1.704863459e-01
 1.907005012e-01 2.115284204e-01 2.331367135e-01 2.557790875e-01 2.794517875e-01
 7.882210612e-02 7.598212361e-02 7.053350657e-02 6.398893893e-02 5.704814196e-02
 4.975914955e-02 4.215686023e-02 3.426071256e-02 2.607988939e-02 1.761729084e-02
 8.871864527e-03-1.964158728e-04-9.462697431e-03-1.881179959e-02-2.814000286e-02
-3.735629469e-02-4.638287425e-02-5.515496433e-02-6.362002343e-02-7.173660398e-02
-7.947287709e-02-8.680501580e-02-9.371557832e-02-1.001918316e-01-1.062242389e-01
-1.118049622e-01-1.169265062e-01-1.215804964e-01-1.257565171e-01-1.294411123e-01
-1.326167881e-01-1.352612078e-01-1.373462826e-01-1.388375908e-01-1.396936476e-01
-1.398654431e-01-1.392960846e-01-1.379206479e-01-1.356664151e-01-1.324534714e-01
-1.281959265e-01-1.228038818e-01-1.161864847e-01-1.082561389e-01-9.893440455e-02
-8.815948665e-02-7.589583099e-02-6.214546785e-02-4.696115851e-02-3.046035022e-02
-1.283901185e-02 5.616408773e-03 2.452076599e-02 4.335673898e-02 6.214059517e-02
 8.089192957e-02 9.963224828e-02 1.183834672e-01 1.371650398e-01 1.559887528e-01
 1.748483926e-01 1.936997473e-01 2.124181539e-01 2.307052761e-01 2.479348928e-01
 7.652601600e-02 7.358372211e-02 6.797598302e-02 6.144799665e-02 5.458124727e-02
 4.738221690e-02 3.986148536e-02 3.202711791e-02 2.388332412e-02 1.543049328e-02
 6.665931083e-03-2.419330878e-03-1.170029305e-02-2.106191032e-02-3.040111810e-02
-3.962796181e-02-4.866592586e-02-5.745162815e-02-6.593396515e-02-7.407289743e-02
-8.183798194e-02-8.920677006e-02-9.616316110e-02-1.026957929e-01-1.087965071e-01
-1.144588664e-01-1.196768880e-01-1.244437695e-01-1.287507713e-01-1.325862110e-01
-1.359345317e-01-1.387753636e-01-1.410827935e-01-1.428245455e-01-1.439613849e-01
-1.444464922e-01-1.442250311e-01-1.432338953e-01-1.414017230e-01-1.386493146e-01
-1.348904520e-01-1.300336123e-01-1.239845157e-01-1.166497096e-01-1.079419404e-01
-9.778697789e-02-8.613254130e-02-7.295915484e-02-5.829294771e-02-4.221965373e-02
-2.489878610e-02-6.576112472e-03 1.240845211e-02 3.150089458e-02 5.040042475e-02
 6.911686063e-02 8.765258640e-02 1.060020551e-01 1.241482869e-01 1.420564651e-01
 1.596640646e-01 1.768664420e-01 1.934982836e-01 2.093167007e-01 2.240038812e-01
 7.455486059e-02 7.151083648e-02 6.597518921e-02 5.944097415e-02 5.259191990e-02
 4.542815313e-02 3.794857487e-02 3.015196510e-02 2.203571610e-02 1.359433215e-02
 4.816731438e-03-4.276097286e-03-1.355958171e-02-2.292000130e-02-3.225585818e-02
-4.147875309e-02-5.051366985e-02-5.929861963e-02-6.778378785e-02-7.593035698e-02
-8.370899409e-02-9.109832346e-02-9.808329493e-02-1.046535522e-01-1.108019799e-01
-1.165232211e-01-1.218124181e-01-1.266639680e-01-1.310704499e-01-1.350215971e-01
-1.385033280e-01-1.414969563e-01-1.439783275e-01-1.459170133e-01-1.472757161e-01
-1.480096132e-01-1.480658054e-01-1.473830342e-01-1.458915770e-01-1.435133815e-01
-1.401628703e-01-1.357481927e-01-1.301734447e-01-1.233419627e-01-1.151610166e-01
-1.055482030e-01-9.443974495e-02-8.180087805e-02-6.763830781e-02-5.201418325e-02
-3.506094962e-02-1.699538156e-02 1.870086649e-03 2.112124115e-02 4.008245096e-02
 5.873582140e-02 7.706524432e-02 9.504893422e-02 1.126540750e-01 1.298318207e-01
 1.465121061e-01 1.625987589e-01 1.779662371e-01 1.924612373e-01 2.059124410e-01
 7.310803235e-02 7.000418007e-02 6.440532207e-02 5.785956234e-02 5.102247745e-02
 4.388481379e-02 3.643867373e-02 2.867793478e-02 2.059814334e-02 1.219687983e-02
 3.392780665e-03-5.707909353e-03-1.498874649e-02-2.434067428e-02-3.366518393e-02
-4.287601262e-02-5.189976841e-02-6.067578867e-02-6.915536523e-02-7.730063796e-02
-8.508312702e-02-9.248220921e-02-9.948356450e-02-1.060775518e-01-1.122577712e-01
-1.180196106e-01-1.233590096e-01-1.282712221e-01-1.327497661e-01-1.367854178e-01
-1.403652430e-01-1.434718072e-01-1.460822672e-01-1.481677145e-01-1.496924013e-01
-1.506131291e-01-1.508786678e-01-1.504294276e-01-1.491971910e-01-1.471052468e-01
-1.440690011e-01-1.399969757e-01-1.347928941e-01-1.283585131e-01-1.205980927e-01
-1.114242673e-01-1.007659286e-01-8.857816458e-02-7.485440373e-02-5.964025855e-02
-4.304856807e-02-2.527418733e-02-6.606422830e-03 1.256357040e-02 3.162600845e-02
 5.024850368e-02 6.842269003e-02 8.612907678e-02 1.033362895e-01 1.199997813e-01
 1.360607743e-01 1.514459550e-01 1.660686731e-01 1.798328161e-01 1.926394999e-01
 7.197396457e-02 6.882692873e-02 6.315654516e-02 5.662654713e-02 4.982582480e-02
 4.273153841e-02 3.532906994e-02 2.760848776e-02 1.956271008e-02 1.118612103e-02
 2.392951865e-03-6.694602780e-03-1.595983282e-02-2.529455349e-02-3.460140526e-02
-4.379524291e-02-5.280364305e-02-6.156677380e-02-7.003663480e-02-7.817592472e-02
-8.595667034e-02-9.335870296e-02-1.003680974e-01-1.069756150e-01-1.131752431e-01
-1.189628318e-01-1.243347675e-01-1.292868406e-01-1.338131726e-01-1.379052103e-01
-1.415507495e-01-1.447332203e-01-1.474307477e-01-1.496154219e-01-1.512526125e-01
-1.523003280e-01-1.527085751e-01-1.524190307e-01-1.513647288e-01-1.494701505e-01
-1.466516256e-01-1.428183764e-01-1.378742754e-01-1.317206621e-01-1.242603660e-01
-1.154033840e-01-1.050744057e-01-9.322249144e-02-7.983282208e-02-6.494042277e-02
-4.864526168e-02-3.112747520e-02-1.266098861e-02 6.376654841e-03 2.550058812e-02
 4.409293830e-02 6.215171516e-02 7.966244221e-02 9.659942985e-02 1.129265428e-01
 1.285979152e-01 1.435592473e-01 1.577501297e-01 1.711071134e-01 1.835683435e-01
 7.084834576e-02 6.762915850e-02 6.210463867e-02 5.568776280e-02 4.898844659e-02
 4.197578132e-02 3.463822603e-02 2.696984634e-02 1.896572858e-02 1.062064804e-02
 1.855955925e-03-7.205111906e-03-1.644542068e-02-2.575681731e-02-3.504221141e-02
-4.421678931e-02-5.320845917e-02-6.195765734e-02-7.041658461e-02-7.854810357e-02
-8.632435650e-02-9.372526407e-02-1.007369608e-01-1.073503047e-01-1.135593951e-01
-1.193601862e-01-1.247492433e-01-1.297225654e-01-1.342745125e-01-1.383968592e-01
-1.420778036e-01-1.453011632e-01-1.480455697e-01-1.502837241e-01-1.519815624e-01
-1.530978382e-01-1.535832733e-01-1.533803493e-01-1.524229050e-01-1.506361961e-01
-1.479372978e-01-1.442360282e-01-1.394366920e-01-1.334407330e-01-1.261506379e-01
-1.174754351e-01-1.073381007e-01-9.568489343e-02-8.249692619e-02-6.780365109e-02
-5.169764534e-02-3.434951976e-02-1.602094620e-02 2.926835790e-03 2.203258313e-02
 4.057021439e-02 5.853374675e-02 7.590889931e-02 9.267298877e-02 1.087954566e-01
 1.242387742e-01 1.389600337e-01 1.529130638e-01 1.660510898e-01 1.783300340e-01
 6.976300478e-02 6.635200232e-02 6.123866513e-02 5.514790863e-02 4.859983549e-02
 4.168178514e-02 3.441397846e-02 2.680185437e-02 1.884542964e-02 1.054185722e-02
 1.814782154e-03-7.212403230e-03-1.642251387e-02-2.570736222e-02-3.496978059e-02
-4.412482306e-02-5.310022086e-02-6.183619052e-02-7.028467208e-02-7.840825617e-02
-8.617881685e-02-9.357599914e-02-1.005856991e-01-1.071985364e-01-1.134084016e-01
-1.192111000e-01-1.246030480e-01-1.295801103e-01-1.341366321e-01-1.382642835e-01
-1.419512630e-01-1.451814622e-01-1.479335129e-01-1.501802206e-01-1.518876702e-01
-1.530147344e-01-1.535123736e-01-1.533232927e-01-1.523815691e-01-1.506128311e-01
-1.479344815e-01-1.442567557e-01-1.394843608e-01-1.335191876e-01-1.262641698e-01
-1.176287383e-01-1.075362265e-01-9.593306482e-02-8.280038834e-02-6.816729158e-02
-5.212556198e-02-3.484431654e-02-1.658285409e-02 2.301101806e-03 2.135086618e-02
 3.982237726e-02 5.770921707e-02 7.499748468e-02 9.166565537e-02 1.076850891e-01
 1.230210811e-01 1.376343966e-01 1.514833272e-01 1.645262688e-01 1.767243445e-01
 7.019682229e-02 6.692675501e-02 6.155819818e-02 5.534606054e-02 4.880667105e-02
 4.192630947e-02 3.470304236e-02 2.713666856e-02 1.922629215e-02 1.096997224e-02
 2.286852570e-03-6.700972561e-03-1.587698795e-02-2.513309568e-02-3.437183425e-02
-4.350772873e-02-5.246787518e-02-6.119177863e-02-6.963069737e-02-7.774652541e-02
-8.551047742e-02-9.290158749e-02-9.990517795e-02-1.065113395e-01-1.127134636e-01
-1.185068637e-01-1.238875315e-01-1.288509220e-01-1.333909482e-01-1.374989152e-01
-1.411626041e-01-1.443655193e-01-1.470859200e-01-1.492961943e-01-1.509620696e-01
-1.520420313e-01-1.524866819e-01-1.522384286e-01-1.512310803e-01-1.493900418e-01
-1.466327608e-01-1.428695619e-01-1.380055845e-01-1.319434345e-01-1.245872229e-01
-1.158481240e-01-1.056517959e-01-9.394786507e-02-8.072149009e-02-6.600679457e-02
-4.990161210e-02-3.258218616e-02-1.431606989e-02 4.529724363e-03 2.348920144e-02
 4.188448936e-02 5.971169472e-02 7.695756108e-02 9.359977394e-02 1.096077710e-01
 1.249439493e-01 1.395653188e-01 1.534256935e-01 1.664783359e-01 1.786791682e-01
 7.086566836e-02 6.765083969e-02 6.231363118e-02 5.609772727e-02 4.956393689e-02
 4.270344973e-02 3.550966084e-02 2.797875926e-02 2.010858804e-02 1.189855672e-02
 3.270403948e-03-5.669287406e-03-1.480528340e-02-2.402917296e-02-3.324255720e-02
-4.235880822e-02-5.130381510e-02-6.001588702e-02-6.844513118e-02-7.655234635e-02
-8.430773765e-02-9.168937802e-02-9.868171811e-02-1.052739769e-01-1.114587635e-01
-1.172306314e-01-1.225848198e-01-1.275160462e-01-1.320174932e-01-1.360796839e-01
-1.396896839e-01-1.428301334e-01-1.454785168e-01-1.476063430e-01-1.491784751e-01
-1.501524895e-01-1.504781544e-01-1.500969827e-01-1.489420831e-01-1.469383240e-01
-1.440027356e-01-1.400457025e-01-1.349729002e-01-1.286880672e-01-1.210974306e-01
-1.121153682e-01-1.016721427e-01-8.972360939e-02-7.626299560e-02-6.133449823e-02
-4.504805058e-02-2.759410813e-02-9.257106110e-03 9.573540650e-03 2.839399502e-02
 4.669449478e-02 6.447734684e-02 8.172863722e-02 9.842211008e-02 1.145209074e-01
 1.299785823e-01 1.447405666e-01 1.587463170e-01 1.719325632e-01 1.842376888e-01
 7.203064114e-02 6.889773905e-02 6.350626051e-02 5.732345581e-02 5.081901699e-02
 4.398524389e-02 3.681863099e-02 2.931642532e-02 2.147534117e-02 1.328980178e-02
 4.749011248e-03-4.125816748e-03-1.321248896e-02-2.239859849e-02-3.158304840e-02
-4.067710787e-02-4.960483685e-02-5.830290914e-02-6.671988964e-02-7.481514663e-02
-8.255754411e-02-8.992388099e-02-9.689739347e-02-1.034661904e-01-1.096217632e-01
-1.153576076e-01-1.206678897e-01-1.255463064e-01-1.299848855e-01-1.339731216e-01
-1.374968886e-01-1.405376196e-01-1.430715919e-01-1.450689584e-01-1.464933008e-01
-1.473008394e-01-1.474400163e-01-1.468511522e-01-1.454662532e-01-1.432093382e-01
-1.399970651e-01-1.357399374e-01-1.303445846e-01-1.237168312e-01-1.157662794e-01
-1.064125150e-01-9.559312463e-02-8.327373862e-02-6.946004182e-02-5.421125144e-02
-3.765413538e-02-1.999571174e-02-1.531570568e-03 1.735524461e-02 3.590278327e-02
 5.406938866e-02 7.182691991e-02 8.914648741e-02 1.059918627e-01 1.223158687e-01
 1.380583644e-01 1.531454921e-01 1.674907207e-01 1.809984595e-01 1.935706139e-01
 7.345545292e-02 7.040575892e-02 6.518228352e-02 5.905195326e-02 5.258045718e-02
 4.577073827e-02 3.862629831e-02 3.115041181e-02 2.334478311e-02 1.520885155e-02
 6.739748642e-03-2.073457465e-03-1.110875793e-02-2.025279775e-02-2.940309048e-02
-3.846931458e-02-4.737385735e-02-5.605166405e-02-6.444960833e-02-7.252539694e-02
-8.024626970e-02-8.758749813e-02-9.453080595e-02-1.010628492e-01-1.071737334e-01
-1.128555536e-01-1.181011051e-01-1.229026616e-01-1.272508651e-01-1.311337054e-01
-1.345355213e-01-1.374361813e-01-1.398103088e-01-1.416263878e-01-1.428462863e-01
-1.434245110e-01-1.433078647e-01-1.424352080e-01-1.407373846e-01-1.381376088e-01
-1.345523596e-01-1.298929155e-01-1.240678281e-01-1.169863716e-01-1.085636765e-01
-9.872728586e-02-8.742568642e-02-7.463887334e-02-6.039070338e-02-4.476277530e-02
-2.790890820e-02-1.006893441e-02 8.420007303e-03 2.711693011e-02 4.551357031e-02
 6.361931562e-02 8.142634481e-02 9.891434759e-02 1.160497814e-01 1.327827573e-01
 1.490425318e-01 1.647329628e-01 1.797293723e-01 1.938800961e-01 2.070160508e-01
 7.551233470e-02 7.258445024e-02 6.743919849e-02 6.134552881e-02 5.488167703e-02
 4.806649312e-02 4.091774672e-02 3.344905749e-02 2.566899732e-02 1.758168265e-02
 9.187642485e-03 4.423575301e-04-8.532484062e-03-1.762357727e-02-2.672787011e-02
-3.575394675e-02-4.462274164e-02-5.326750875e-02-6.163332611e-02-6.967604160e-02
-7.736101747e-02-8.466170728e-02-9.155802429e-02-9.803488851e-02-1.040806323e-01
-1.096856371e-01-1.148409545e-01-1.195371300e-01-1.237629950e-01-1.275046915e-01
-1.307446957e-01-1.334609091e-01-1.356259584e-01-1.372063160e-01-1.381618679e-01
-1.384451687e-01-1.380013227e-01-1.367677003e-01-1.346741319e-01-1.316435188e-01
-1.275929660e-01-1.224356592e-01-1.160837114e-01-1.084522456e-01-9.946481884e-02
-8.906067163e-02-7.720366120e-02-6.389306486e-02-4.917602986e-02-3.316097334e-02
-1.603117213e-02 1.942428295e-03 2.038947865e-02 3.871391341e-02 5.690295994e-02
 7.495184243e-02 9.285567701e-02 1.106044948e-01 1.281782538e-01 1.455400586e-01
 1.626262665e-01 1.793323159e-01 1.954945475e-01 2.108735442e-01 2.251567841e-01
 7.837264240e-02 7.562045008e-02 7.044073939e-02 6.431310624e-02 5.776413158e-02
 5.086053163e-02 4.364639893e-02 3.614492714e-02 2.836739644e-02 2.031876147e-02
 1.200148091e-02 3.343098331e-03-5.549037829e-03-1.456416771e-02-2.359953895e-02
-3.256294131e-02-4.137388617e-02-4.996385798e-02-5.827594548e-02-6.626390666e-02
-7.389097661e-02-8.112844080e-02-8.795408905e-02-9.435071796e-02-1.003045514e-01
-1.058038622e-01-1.108376160e-01-1.153942049e-01-1.194603145e-01-1.230198666e-01
-1.260531098e-01-1.285356879e-01-1.304379106e-01-1.317240596e-01-1.323518157e-01
-1.322718561e-01-1.314276159e-01-1.297553778e-01-1.271845698e-01-1.236387193e-01
-1.190369576e-01-1.132963523e-01-1.063352153e-01-9.807780385e-02-8.846035600e-02
-7.743883133e-02-6.499825418e-02-5.116354674e-02-3.601123393e-02-1.968099549e-02
-2.385005355e-03 1.558853686e-02 3.357107937e-02 5.155236274e-02 6.953398883e-02
 8.752562851e-02 1.055420041e-01 1.236000359e-01 1.417153478e-01 1.598966718e-01
 1.781355292e-01 1.963865161e-01 2.145256996e-01 2.322594821e-01 2.489736080e-01
 8.252806962e-02 8.022326976e-02 7.476291060e-02 6.810048223e-02 6.118460000e-02
 5.404287577e-02 4.668414593e-02 3.910880908e-02 3.131309152e-02 2.329029702e-02
 1.503045764e-02 6.518036127e-03-2.246000804e-03-1.114553586e-02-2.007524297e-02
-2.894102037e-02-3.766047210e-02-4.616302997e-02-5.438951775e-02-6.229131669e-02
-6.982921064e-02-7.697197795e-02-8.369490504e-02-8.997827768e-02-9.580581635e-02
-1.011633053e-01-1.060371846e-01-1.104133129e-01-1.142758727e-01-1.176062226e-01
-1.203820407e-01-1.225764453e-01-1.241572946e-01-1.250865161e-01-1.253197193e-01
-1.248058677e-01-1.234872341e-01-1.212997139e-01-1.181734875e-01-1.140343323e-01
-1.088055670e-01-1.024109423e-01-9.477862716e-02-8.584651351e-02-7.556897402e-02
-6.392516196e-02-5.092882365e-02-3.663913906e-02-2.117220499e-02-4.712170456e-03
 1.247790270e-02 2.997632697e-02 4.752169177e-02 6.514489651e-02 8.287549019e-02
 1.007482782e-01 1.188068986e-01 1.371063888e-01 1.557153463e-01 1.747182906e-01
 1.942185462e-01 2.143426538e-01 2.352518141e-01 2.571924031e-01 2.801590562e-01
 8.725157380e-02 8.553007245e-02 7.943199575e-02 7.203478366e-02 6.468345225e-02
 5.728379637e-02 4.978199303e-02 4.214617610e-02 3.435467556e-02 2.639064379e-02
 1.823976263e-02 9.890053421e-03 1.292593777e-03-7.445799187e-03-1.622270048e-02
-2.494411543e-02-3.352642804e-02-4.189713299e-02-4.999470338e-02-5.776794255e-02
-6.517486274e-02-7.218141854e-02-7.875999808e-02-8.488797396e-02-9.054616094e-02
-9.571740776e-02-1.003852487e-01-1.045326442e-01-1.081408486e-01-1.111883819e-01
-1.136500984e-01-1.154964566e-01-1.166927665e-01-1.171987653e-01-1.169682443e-01
-1.159490198e-01-1.140830815e-01-1.113071889e-01-1.075540632e-01-1.027540192e-01
-9.683755040e-02-8.973887563e-02-8.140054345e-02-7.177949697e-02-6.085445732e-02
-4.863470048e-02-3.516998515e-02-2.056093141e-02-4.968286492e-03 1.138205826e-02
 2.810270712e-02 4.495540261e-02 6.194906682e-02 7.910613716e-02 9.646074474e-02
 1.140603051e-01 1.319689453e-01 1.502722651e-01 1.690842211e-01 1.885565817e-01
 2.088930607e-01 2.303707898e-01 2.533739507e-01 2.784429491e-01 3.051844835e-01
 9.033900499e-02 8.886932582e-02 8.265028894e-02 7.515028119e-02 6.768065691e-02
 6.019460782e-02 5.265588313e-02 4.503477365e-02 3.730712086e-02 2.945254557e-02
 2.145260014e-02 1.328906789e-02 4.941536114e-03-3.565595252e-03-1.212552749e-02
-2.064161375e-02-2.902798727e-02-3.720979765e-02-4.512295127e-02-5.271341279e-02
-5.993619934e-02-6.675410271e-02-7.313627005e-02-7.905678451e-02-8.449313045e-02
-8.942483366e-02-9.383212030e-02-9.769469500e-02-1.009905934e-01-1.036952436e-01
-1.057805717e-01-1.072142944e-01-1.079593897e-01-1.079737321e-01-1.072099656e-01
-1.056156904e-01-1.031339839e-01-9.970440716e-02-9.526458383e-02-8.975252509e-02
-8.310976624e-02-7.528554648e-02-6.624218076e-02-5.596160516e-02-4.445319995e-02
-3.176281601e-02-1.798288524e-02-3.263879567e-03 1.217266545e-02 2.799828164e-02
 4.399554431e-02 6.016981229e-02 7.653248310e-02 9.310479462e-02 1.099203825e-01
 1.270283908e-01 1.444976479e-01 1.624225676e-01 1.809315085e-01 2.001985610e-01
 2.204602063e-01 2.420375943e-01 2.653621137e-01 2.909917235e-01 3.183459342e-01
 9.204287082e-02 9.071663022e-02 8.482312411e-02 7.741536200e-02 7.000395656e-02
 6.257818639e-02 5.511812493e-02 4.760406166e-02 4.001753405e-02 3.234138340e-02
 2.455929667e-02 1.665524393e-02 8.612876758e-03 4.018028849e-04-7.872324437e-03
-1.611303911e-02-2.423368767e-02-3.215780854e-02-3.981905058e-02-4.716064781e-02
-5.413452163e-02-6.070011109e-02-6.682306528e-02-7.247380912e-02-7.762619108e-02
-8.225606382e-02-8.634002507e-02-8.985422552e-02-9.277328849e-02-9.506944567e-02
-9.671169519e-02-9.766526520e-02-9.789119661e-02-9.734621644e-02-9.598286450e-02
-9.374998510e-02-9.059371799e-02-8.645893633e-02-8.129142225e-02-7.504078746e-02
-6.766425818e-02-5.913151801e-02-4.943051934e-02-3.857423365e-02-2.660815045e-02
-1.361765619e-02 2.656620927e-04 1.485702768e-02 2.966721356e-02 4.471179098e-02
 5.996744707e-02 7.542452216e-02 9.108403325e-02 1.069574803e-01 1.230681390e-01
 1.394532621e-01 1.561672688e-01 1.732862294e-01 1.909142286e-01 2.091923952e-01
 2.283125967e-01 2.485404015e-01 2.702582479e-01 2.940616012e-01 3.188545704e-01
 9.315476567e-02 9.199996293e-02 8.617220819e-02 7.890405506e-02 7.163988054e-02
 6.436627358e-02 5.707072467e-02 4.974124208e-02 4.236615449e-02 3.493374586e-02
 2.743221074e-02 1.984997466e-02 1.217689365e-02 4.337349441e-03-3.570798319e-03
-1.145467535e-02-1.922832616e-02-2.681441978e-02-3.414474428e-02-4.115998745e-02
-4.780900478e-02-5.404781550e-02-5.983839184e-02-6.514734030e-02-6.994460523e-02
-7.420212030e-02-7.789267600e-02-8.098872751e-02-8.346147090e-02-8.528000116e-02
-8.641070127e-02-8.681680262e-02-8.645819128e-02-8.529157937e-02-8.327092230e-02
-8.034835756e-02-7.647565752e-02-7.160623372e-02-6.569793820e-02-5.871659517e-02
-5.064046383e-02-4.146558419e-02-3.121195361e-02-1.993039995e-02-7.710373029e-03
 5.313150585e-03 1.896780171e-02 3.286829591e-02 4.699973017e-02 6.134872884e-02
 7.589936256e-02 9.063832462e-02 1.055572256e-01 1.206541508e-01 1.359349489e-01
 1.514146030e-01 1.671185493e-01 1.830843240e-01 1.993628442e-01 2.160194963e-01
 2.331343442e-01 2.508000731e-01 2.691128254e-01 2.881175876e-01 3.069073558e-01
 9.342463315e-02 9.241183102e-02 8.670000732e-02 7.963746786e-02 7.258832455e-02
 6.552989036e-02 5.845670775e-02 5.136671662e-02 4.425659031e-02 3.712040931e-02
 2.994962037e-02 2.273306251e-02 1.545642503e-02 8.099935949e-03 6.559297908e-04
-6.777730305e-03-1.411300898e-02-2.127102017e-02-2.818170190e-02-3.478336334e-02
-4.102197289e-02-4.685021937e-02-5.222642422e-02-5.711334199e-02-6.147694588e-02
-6.528525054e-02-6.850717962e-02-7.111163437e-02-7.306656986e-02-7.433837652e-02
-7.489143312e-02-7.468784600e-02-7.368762046e-02-7.184903324e-02-6.912957877e-02
-6.548726559e-02-6.088263541e-02-5.528140068e-02-4.865781963e-02-4.099885374e-02
-3.230908513e-02-2.261623926e-02-1.197732799e-02-4.830675316e-04 1.173065510e-02
 2.442999184e-02 3.742905706e-02 5.069488287e-02 6.419779360e-02 7.790997624e-02
 9.180468321e-02 1.058567613e-01 1.200433969e-01 1.343449056e-01 1.487452388e-01
 1.632322967e-01 1.777976602e-01 1.924354434e-01 2.071395665e-01 2.218983173e-01
 2.366838157e-01 2.514324188e-01 2.660069466e-01 2.801172435e-01 2.931575775e-01
 9.251713008e-02 9.152287990e-02 8.632037044e-02 7.965415716e-02 7.288567722e-02
 6.606528163e-02 5.923334509e-02 5.240944028e-02 4.560015351e-02 3.880435228e-02
 3.201609850e-02 2.522643656e-02 1.842477918e-02 1.160064619e-02 4.697504453e-03
-2.197864000e-03-9.001964703e-03-1.563739404e-02-2.203384042e-02-2.812820487e-02
-3.386419266e-02-3.919160366e-02-4.406541586e-02-4.844475538e-02-5.229185522e-02
-5.557101592e-02-5.824764445e-02-6.028745323e-02-6.165575609e-02-6.231703609e-02
-6.223470345e-02-6.137117743e-02-5.968828499e-02-5.714809522e-02-5.371420085e-02
-4.935358465e-02-4.403907806e-02-3.775262833e-02-3.048922867e-02-2.226154134e-02
-1.310526673e-02-3.083591349e-03 7.700031623e-03 1.913328469e-02 3.092740290e-02
 4.307844862e-02 5.554430187e-02 6.828476489e-02 8.126054704e-02 9.443246573e-02
 1.077610999e-01 1.212067455e-01 1.347296536e-01 1.482903063e-01 1.618496776e-01
 1.753691733e-01 1.888098121e-01 2.021306753e-01 2.152855396e-01 2.282172740e-01
 2.408488691e-01 2.530707121e-01 2.647239268e-01 2.755859792e-01 2.853755057e-01
 9.208412468e-02 9.149315953e-02 8.615186810e-02 7.937766612e-02 7.264517248e-02
 6.595191360e-02 5.932237953e-02 5.276593566e-02 4.628250375e-02 3.986635804e-02
 3.350831568e-02 2.719704434e-02 2.091961354e-02 1.466141362e-02 8.404544555e-03
 2.145891543e-03-4.029745236e-03-1.004520617e-02-1.583020575e-02-2.132091299e-02
-2.645948902e-02-3.119349852e-02-3.547516093e-02-3.926053271e-02-4.250863940e-02
-4.518065602e-02-4.723915458e-02-4.864748567e-02-4.936935753e-02-4.936860874e-02
-4.860928282e-02-4.705601931e-02-4.467481747e-02-4.143422842e-02-3.730707616e-02
-3.227269277e-02-2.631961182e-02-1.944947988e-02-1.168151665e-02-3.056494053e-03
 6.352649536e-03 1.647163182e-02 2.702313289e-02 3.802040964e-02 4.941825569e-02
 6.117837876e-02 7.325959206e-02 8.561828732e-02 9.820827842e-02 1.109805927e-01
 1.238831654e-01 1.368609220e-01 1.498559713e-01 1.628080606e-01 1.756551862e-01
 1.883341670e-01 2.007808387e-01 2.129298449e-01 2.247132808e-01 2.360582501e-01
 2.468832731e-01 2.570941150e-01 2.665806115e-01 2.752174735e-01 2.828722596e-01
 9.123803675e-02 9.101796150e-02 8.553737402e-02 7.840865850e-02 7.156530023e-02
 6.494766474e-02 5.852019414e-02 5.225948244e-02 4.614657164e-02 4.016409442e-02
 3.429550678e-02 2.852511406e-02 2.283827774e-02 1.722187921e-02 1.166532747e-02
 6.120563485e-03 6.608148105e-04-4.642823245e-03-9.723030031e-03-1.451700088e-02
-1.896660775e-02-2.301820740e-02-2.662220225e-02-2.973248437e-02-3.230580688e-02
-3.430123627e-02-3.567961603e-02-3.640325740e-02-3.643576056e-02-3.574213013e-02
-3.428915888e-02-3.204618022e-02-2.898620069e-02-2.508736961e-02-2.033535019e-02
-1.472581085e-02-8.265038021e-03-9.761732072e-04 7.092940621e-03 1.589238644e-02
 2.518711053e-02 3.499610722e-02 4.528234154e-02 5.601648614e-02 6.716413796e-02
 7.868754864e-02 9.054487944e-02 1.026895493e-01 1.150695384e-01 1.276267767e-01
 1.402965784e-01 1.530075818e-01 1.656820178e-01 1.782365441e-01 1.905839741e-01
 2.026351392e-01 2.143014669e-01 2.254972160e-01 2.361414135e-01 2.461587787e-01
 2.554798126e-01 2.640402615e-01 2.717806101e-01 2.786465883e-01 2.845918238e-01
 8.830836415e-02 8.817000687e-02 8.282367885e-02 7.577139884e-02 6.905479729e-02
 6.265469640e-02 5.653615296e-02 5.066508800e-02 4.501029104e-02 3.954400122e-02
 3.424201161e-02 2.908353321e-02 2.405089140e-02 1.912912726e-02 1.430531684e-02
 9.567151777e-03 4.911334254e-03 4.057261976e-04-3.884596052e-03-7.898140699e-03
-1.157727279e-02-1.486816816e-02-1.772057265e-02-2.008745633e-02-2.192465216e-02
-2.319053560e-02-2.384583093e-02-2.385355905e-02-2.317921817e-02-2.179120108e-02
-1.966151968e-02-1.676712744e-02-1.309138164e-02-8.624231443e-03-3.367691766e-03
 2.654484008e-03 9.425170720e-03 1.691173390e-02 2.494317852e-02 3.353830054e-02
 4.266935587e-02 5.231663585e-02 6.245632470e-02 7.306210697e-02 8.410400152e-02
 9.554746002e-02 1.073522866e-01 1.194713041e-01 1.318489015e-01 1.444196254e-01
 1.571067572e-01 1.698214859e-01 1.824628562e-01 1.949188709e-01 2.070692480e-01
 2.187900245e-01 2.299593985e-01 2.404645085e-01 2.502078712e-01 2.591122985e-01
 2.671235800e-01 2.742109597e-01 2.803649902e-01 2.855942249e-01 2.899214029e-01
 8.362710476e-02 8.356548846e-02 7.805897295e-02 7.118459046e-02 6.477054954e-02
 5.876421928e-02 5.311788619e-02 4.778311402e-02 4.271584749e-02 3.787854314e-02
 3.324051201e-02 2.877747081e-02 2.447066642e-02 2.030608431e-02 1.627366617e-02
 1.236672513e-02 8.581645787e-03 4.940323532e-03 1.505889231e-03-1.662203111e-03
-4.507998936e-03-6.978938356e-03-9.025702253e-03-1.060203277e-02-1.166459732e-02
-1.217293739e-02-1.208959706e-02-1.138045825e-02-1.001529023e-02-7.968390360e-03
-5.218884908e-03-1.754195895e-03 2.423169557e-03 7.319907658e-03 1.293968223e-02
 1.911846548e-02 2.589420788e-02 3.326866031e-02 4.121779650e-02 4.972793162e-02
 5.878419429e-02 6.837152690e-02 7.847329229e-02 8.907040954e-02 1.001402587e-01
 1.116553247e-01 1.235814989e-01 1.358759999e-01 1.484848112e-01 1.613397300e-01
 1.743552685e-01 1.874256730e-01 2.004227787e-01 2.131960690e-01 2.255758643e-01
 2.373811901e-01 2.484320700e-01 2.585649788e-01 2.676480412e-01 2.755929828e-01
 2.823615074e-01 2.879651189e-01 2.924587429e-01 2.959293723e-01 2.984818816e-01
 7.616826892e-02 7.595795393e-02 7.081793249e-02 6.431438029e-02 5.841714144e-02
 5.303949863e-02 4.808949679e-02 4.348878562e-02 3.917578608e-02 3.510423750e-02
 3.124039993e-02 2.756042406e-02 2.404821478e-02 2.069389820e-02 1.749283448e-02
 1.444520429e-02 1.155622769e-02 8.813748136e-03 6.273122504e-03 3.988858312e-03
 2.012985526e-03 3.946406068e-04-8.199606091e-04-1.587493811e-03-1.867571846e-03
-1.622959622e-03-8.200446609e-04 5.703025963e-04 2.571256366e-03 5.197467748e-03
 8.467609063e-03 1.239924878e-02 1.687606052e-02 2.193488926e-02 2.758519165e-02
 3.381185979e-02 4.061242193e-02 4.798439145e-02 5.592249334e-02 6.442150474e-02
 7.347606122e-02 8.308053017e-02 9.322839975e-02 1.039116085e-01 1.151194870e-01
 1.268372536e-01 1.390440613e-01 1.517101824e-01 1.647933125e-01 1.782336235e-01
 1.919476092e-01 2.058205009e-01 2.196983844e-01 2.333815098e-01 2.466230989e-01
 2.591390610e-01 2.706327140e-01 2.808320224e-01 2.895272374e-01 2.965977788e-01
 3.020240366e-01 3.058857918e-01 3.083477020e-01 3.096309006e-01 3.099748790e-01
 6.572454423e-02 6.523355097e-02 6.039400026e-02 5.461791158e-02 4.967667907e-02
 4.532892257e-02 4.140313715e-02 3.779091313e-02 3.442472219e-02 3.126255795e-02
 2.827868983e-02 2.545816824e-02 2.279356495e-02 2.028302662e-02 1.792919636e-02
 1.573865116e-02 1.372173801e-02 1.189248171e-02 1.025570463e-02 8.863979019e-03
 7.764249109e-03 6.999845617e-03 6.611246616e-03 6.636290811e-03 7.110088132e-03
 8.064724505e-03 9.528761730e-03 1.152654644e-02 1.407745201e-02 1.713440567e-02
 2.072485164e-02 2.485990897e-02 2.953324839e-02 3.474864364e-02 4.050999880e-02
 4.681891948e-02 5.367782712e-02 6.108971313e-02 6.905789673e-02 7.758632302e-02
 8.667974174e-02 9.634366632e-02 1.065842658e-01 1.174080372e-01 1.288210899e-01
 1.408281326e-01 1.534307748e-01 1.666248441e-01 1.803963333e-01 1.947151870e-01
 2.095260024e-01 2.247343510e-01 2.401871979e-01 2.556466460e-01 2.707608342e-01
 2.850507200e-01 2.979527712e-01 3.089349866e-01 3.176151514e-01 3.238080442e-01
 3.275234103e-01 3.289602995e-01 3.284996152e-01 3.266533613e-01 3.239439130e-01
 5.047395825e-02 4.909974709e-02 4.519799352e-02 4.150907323e-02 3.850961104e-02
 3.581666946e-02 3.330873698e-02 3.093696199e-02 2.868136391e-02 2.653563768e-02
 2.450075373e-02 2.258195356e-02 2.078728192e-02 1.912687719e-02 1.761271432e-02
 1.625861414e-02 1.508045569e-02 1.409653015e-02 1.332811080e-02 1.280405838e-02
 1.255580876e-02 1.261507161e-02 1.301267464e-02 1.377785206e-02 1.493772026e-02
 1.651674137e-02 1.853609458e-02 2.101281099e-02 2.395842224e-02 2.737660706e-02
 3.127584979e-02 3.566392511e-02 4.054663330e-02 4.593037069e-02 5.182202905e-02
 5.822891742e-02 6.515924633e-02 7.262239605e-02 8.062922955e-02 8.919237554e-02
 9.832658619e-02 1.080490947e-01 1.183799207e-01 1.293421835e-01 1.409622878e-01
 1.532699466e-01 1.662978828e-01 1.800807714e-01 1.946531236e-01 2.100450397e-01
 2.262743413e-01 2.433325797e-01 2.611598969e-01 2.795981765e-01 2.982948124e-01
 3.164930344e-01 3.328103423e-01 3.458751142e-01 3.550691009e-01 3.602371216e-01
 3.614428639e-01 3.589720726e-01 3.535186648e-01 3.464416862e-01 3.391717970e-01
 2.960185707e-02 2.573705092e-02 2.593491226e-02 2.648510411e-02 2.618908510e-02
 2.547529712e-02 2.453600243e-02 2.347550169e-02 2.236033604e-02 2.123805881e-02
 2.014544606e-02 1.911260933e-02 1.816532202e-02 1.732655615e-02 1.661757007e-02
 1.605874859e-02 1.567032561e-02 1.547299232e-02 1.548844948e-02 1.573991030e-02
 1.625143737e-02 1.704714447e-02 1.815053448e-02 1.958394796e-02 2.136817202e-02
 2.352204919e-02 2.606220171e-02 2.900278941e-02 3.235545754e-02 3.612974659e-02
 4.033479095e-02 4.497947544e-02 5.007265881e-02 5.562368035e-02 6.164276972e-02
 6.814133376e-02 7.513236254e-02 8.263079822e-02 9.065394849e-02 9.922202677e-02
 1.083586887e-01 1.180917919e-01 1.284542233e-01 1.394850612e-01 1.512308121e-01
 1.637471467e-01 1.771008372e-01 1.913720816e-01 2.066570222e-01 2.230701447e-01
 2.407458425e-01 2.598379254e-01 2.805157304e-01 3.029586077e-01 3.273652196e-01
 3.540847301e-01 3.779574037e-01 3.941671848e-01 4.039104283e-01 4.078132510e-01
 4.053434134e-01 3.969960809e-01 3.819790184e-01 3.650288582e-01 3.520599306e-01
 1.513465308e-02 1.047364064e-02 1.158275642e-02 1.373403613e-02 1.504220068e-02
 1.575023122e-02 1.604956202e-02 1.608093828e-02 1.594772190e-02 1.572744176e-02
 1.547974348e-02 1.525173895e-02 1.508163568e-02 1.500132959e-02 1.503827795e-02
 1.521689817e-02 1.555959694e-02 1.608752459e-02 1.682109945e-02 1.778028905e-02
 1.898458228e-02 2.045281790e-02 2.220294066e-02 2.425178513e-02 2.661490813e-02
 2.930645645e-02 3.233914077e-02 3.572428226e-02 3.947203234e-02 4.359174520e-02
 4.809254408e-02 5.298378319e-02 5.827543139e-02 6.397853792e-02 7.010556757e-02
 7.667082548e-02 8.369082212e-02 9.118466079e-02 9.917453676e-02 1.076863185e-01
 1.167502552e-01 1.264019608e-01 1.366836727e-01 1.476459801e-01 1.593500972e-01
 1.718709767e-01 1.853016019e-01 1.997589171e-01 2.153919339e-01 2.323931456e-01
 2.510137558e-01 2.715833783e-01 2.945317030e-01 3.204067945e-01 3.498855233e-01
 3.814091384e-01 4.054170251e-01 4.217145443e-01 4.307324290e-01 4.321602583e-01
 4.262222052e-01 4.118202329e-01 3.903766870e-01 3.718635440e-01 3.569122851e-01
 5.252780393e-03 1.938442001e-04 1.508521615e-03 4.084696993e-03 6.018803455e-03
 7.439040579e-03 8.469880559e-03 9.224607609e-03 9.799428284e-03 1.027309522e-02
 1.070898771e-02 1.115797088e-02 1.166119799e-02 1.225253381e-02 1.296049543e-02
 1.380971354e-02 1.482199505e-02 1.601706073e-02 1.741300523e-02 1.902658120e-02
 2.087330446e-02 2.296748571e-02 2.532221191e-02 2.794933319e-02 3.085948154e-02
 3.406214714e-02 3.756581247e-02 4.137816653e-02 4.550642520e-02 4.995772243e-02
 5.473956466e-02 5.986033380e-02 6.532970071e-02 7.115906477e-02 7.736195624e-02
 8.395433426e-02 9.095491469e-02 9.838549793e-02 1.062713265e-01 1.146415770e-01
 1.235300004e-01 1.329758614e-01 1.430251896e-01 1.537326276e-01 1.651639044e-01
 1.773993373e-01 1.905388832e-01 2.047094107e-01 2.200754285e-01 2.368558049e-01
 2.553499937e-01 2.759813070e-01 2.993665338e-01 3.264029026e-01 3.580397964e-01
 3.859450817e-01 4.068852663e-01 4.208999574e-01 4.277825654e-01 4.274959266e-01
 4.187896848e-01 4.009779990e-01 3.817575574e-01 3.656666279e-01 3.521004915e-01
-1.138935797e-03-6.469475105e-03-5.588894710e-03-3.059949726e-03-1.027384424e-03
 5.975325475e-04 1.919377712e-03 3.035666887e-03 4.030141979e-03 4.971167073e-03
 5.913129076e-03 6.899086758e-03 7.963558659e-03 9.134911001e-03 1.043715142e-02
 1.189115457e-02 1.351541094e-02 1.532643661e-02 1.733897626e-02 1.956607774e-02
 2.201911807e-02 2.470784821e-02 2.764044330e-02 3.082361072e-02 3.426273167e-02
 3.796207532e-02 4.192506149e-02 4.615460336e-02 5.065354332e-02 5.542514473e-02
 6.047366187e-02 6.580492854e-02 7.142688334e-02 7.735008746e-02 8.358801901e-02
 9.015737474e-02 9.707815945e-02 1.043737531e-01 1.120709926e-01 1.202003360e-01
 1.287961006e-01 1.378970444e-01 1.475472003e-01 1.577971131e-01 1.687056124e-01
 1.803422868e-01 1.927907169e-01 2.061532885e-01 2.205577791e-01 2.361671627e-01
 2.531948984e-01 2.719313800e-01 2.927971780e-01 3.165030479e-01 3.418183625e-01
 3.630163670e-01 3.792102635e-01 3.901044726e-01 3.955897689e-01 3.948068321e-01
 3.874545991e-01 3.742884994e-01 3.616567254e-01 3.501202464e-01 3.397210240e-01
-5.279468372e-03-1.098034810e-02-1.031060703e-02-8.153994568e-03-6.450728513e-03
-5.048196763e-03-3.815639066e-03-2.652382478e-03-1.486974186e-03-2.707745880e-04
 1.029309933e-03 2.436900744e-03 3.970478196e-03 5.646075122e-03 7.478665560e-03
 9.482625872e-03 1.167163067e-02 1.405825932e-02 1.665355265e-02 1.946664974e-02
 2.250455692e-02 2.577212453e-02 2.927213907e-02 3.300552815e-02 3.697163612e-02
 4.116850346e-02 4.559325799e-02 5.024250969e-02 5.511292815e-02 6.020192802e-02
 6.550846994e-02 7.103396207e-02 7.678304613e-02 8.276426047e-02 8.899042010e-02
 9.547867626e-02 1.022503376e-01 1.093303934e-01 1.167470366e-01 1.245311350e-01
 1.327159703e-01 1.413370669e-01 1.504323930e-01 1.600425988e-01 1.702117026e-01
 1.809874773e-01 1.924221069e-01 2.045721710e-01 2.174976468e-01 2.312586010e-01
 2.459059954e-01 2.614592612e-01 2.778515816e-01 2.948067188e-01 3.114964962e-01
 3.262085319e-01 3.379986286e-01 3.463859558e-01 3.510615826e-01 3.518685699e-01
 3.489391208e-01 3.435169458e-01 3.369749188e-01 3.300248682e-01 3.230918646e-01
-6.442592479e-03-1.252089255e-02-1.262167655e-02-1.146025769e-02-1.069761720e-02
-1.001815591e-02-9.239537641e-03-8.276224136e-03-7.100756746e-03-5.714226980e-03
-4.127962049e-03-2.353467513e-03-3.976420267e-04 1.738695311e-03 4.060255364e-03
 6.575628184e-03 9.295236319e-03 1.222936623e-02 1.538659260e-02 1.877273992e-02
 2.239039913e-02 2.623893134e-02 3.031481244e-02 3.461211547e-02 3.912299126e-02
 4.383802786e-02 4.874654114e-02 5.383694172e-02 5.909729749e-02 6.451627612e-02
 7.008446753e-02 7.579596341e-02 8.164988458e-02 8.765158057e-02 9.381316602e-02
 1.001533940e-01 1.066967174e-01 1.134719029e-01 1.205104217e-01 1.278449297e-01
 1.355080903e-01 1.435317695e-01 1.519465446e-01 1.607814431e-01 1.700633466e-01
 1.798163950e-01 1.900604665e-01 2.008083463e-01 2.120609879e-01 2.237990946e-01
 2.359692752e-01 2.484615743e-01 2.610765398e-01 2.734860182e-01 2.852161229e-01
 2.957130075e-01 3.044790626e-01 3.111586571e-01 3.155593872e-01 3.176684380e-01
 3.176805377e-01 3.159871697e-01 3.130657971e-01 3.093509972e-01 3.051821589e-01
-3.122674301e-03-9.136254899e-03-1.187583804e-02-1.349896751e-02-1.478147227e-02
-1.540785376e-02-1.531244442e-02-1.458802633e-02-1.335795224e-02-1.173328143e-02
-9.801175445e-03-7.622183301e-03-5.231502932e-03-2.643028740e-03 1.448760449e-04
 3.143136157e-03 6.366291083e-03 9.827985428e-03 1.353783812e-02 1.749971136e-02
 2.171128988e-02 2.616478130e-02 3.084822372e-02 3.574695438e-02 4.084459692e-02
 4.612337053e-02 5.156380683e-02 5.714427680e-02 6.284099817e-02 6.862911582e-02
 7.448504865e-02 8.038994670e-02 8.633320034e-02 9.231512249e-02 9.834824502e-02
 1.044566184e-01 1.106735468e-01 1.170378625e-01 1.235900074e-01 1.303686202e-01
 1.374084055e-01 1.447388828e-01 1.523841470e-01 1.603623927e-01 1.686856896e-01
 1.773588806e-01 1.863779128e-01 1.957269013e-01 2.053738832e-01 2.152646035e-01
 2.253145725e-01 2.353996933e-01 2.453479320e-01 2.549366653e-01 2.639029622e-01
 2.719705999e-01 2.788877785e-01 2.844623923e-01 2.885863483e-01 2.912483215e-01
 2.925338149e-01 2.926089168e-01 2.916882038e-01 2.899977565e-01 2.877468467e-01
 1.050024759e-03-5.200880114e-03-1.108076889e-02-1.676353253e-02-2.187283337e-02
-2.352811024e-02-2.357818559e-02-2.256895974e-02-2.084415592e-02-1.864442974e-02
-1.613599434e-02-1.342027821e-02-1.054264791e-02-7.506062277e-03-4.287381191e-03
-8.521073032e-04 2.834579442e-03 6.800462492e-03 1.106178761e-02 1.562116109e-02
 2.046796679e-02 2.558134124e-02 3.093487211e-02 3.650116175e-02 4.225438088e-02
 4.817003012e-02 5.422235280e-02 6.038051844e-02 6.660550088e-02 7.284994423e-02
 7.906302810e-02 8.519944549e-02 9.122892469e-02 9.714275599e-02 1.029566526e-01
 1.087096781e-01 1.144585907e-01 1.202679873e-01 1.261997223e-01 1.323058605e-01
 1.386260390e-01 1.451880932e-01 1.520094573e-01 1.590985358e-01 1.664550900e-01
 1.740702689e-01 1.819253564e-01 1.899900734e-01 1.982201636e-01 2.065542638e-01
 2.149109542e-01 2.231864184e-01 2.312540114e-01 2.389675081e-01 2.461690903e-01
 2.527021170e-01 2.584266365e-01 2.632346153e-01 2.670615315e-01 2.698925734e-01
 2.717622221e-01 2.727471590e-01 2.729538679e-01 2.725044489e-01 2.715232372e-01
 3.249844536e-03-3.817835823e-03-1.151643693e-02-2.024825662e-02-2.990043163e-02
-3.524101526e-02-3.532058373e-02-3.281728178e-02-2.972894162e-02-2.634755149e-02
-2.290072665e-02-1.950051263e-02-1.614346728e-02-1.275402866e-02-9.231521748e-03
-5.479488522e-03-1.418842003e-03 3.006677143e-03 7.826665416e-03 1.304039173e-02
 1.861644536e-02 2.450082824e-02 3.063354269e-02 3.696463630e-02 4.346078634e-02
 5.010186881e-02 5.687147006e-02 6.374381483e-02 7.066808641e-02 7.755616307e-02
 8.429133892e-02 9.076373279e-02 9.690126032e-02 1.026781946e-01 1.081168577e-01
 1.132919043e-01 1.183248311e-01 1.233508661e-01 1.284790337e-01 1.337794214e-01
 1.392911375e-01 1.450329125e-01 1.510101259e-01 1.572187543e-01 1.636468619e-01
 1.702750772e-01 1.770760715e-01 1.840136945e-01 1.910417378e-01 1.981029361e-01
 2.051281333e-01 2.120364308e-01 2.187365144e-01 2.251297832e-01 2.311153263e-01
 2.365965843e-01 2.414886355e-01 2.457252741e-01 2.492644787e-01 2.520914078e-01
 2.542183101e-01 2.556817830e-01 2.565374076e-01 2.568533719e-01 2.567040622e-01
 6.011004560e-03-1.249824767e-03-9.440580383e-03-1.904570311e-02-3.044585139e-02
-3.902593628e-02-4.344391450e-02-4.352644831e-02-3.925355896e-02-3.379481286e-02
-2.903402224e-02-2.505595237e-02-2.156556956e-02-1.821673661e-02-1.473705657e-02
-1.093780808e-02-6.686841138e-03-1.889734762e-03 3.511792514e-03 9.522326291e-03
 1.606179029e-02 2.296623960e-02 3.006963432e-02 3.728047386e-02 4.457928985e-02
 5.198771507e-02 5.954449624e-02 6.728692353e-02 7.522107661e-02 8.322222531e-02
 9.089683741e-02 9.793663025e-02 1.042450592e-01 1.097898632e-01 1.145702302e-01
 1.186671257e-01 1.224231794e-01 1.262722909e-01 1.303709149e-01 1.347490251e-01
 1.394028068e-01 1.443176568e-01 1.494747251e-01 1.548523754e-01 1.604260802e-01
 1.661676764e-01 1.720444560e-01 1.780183762e-01 1.840453744e-01 1.900749505e-01
 1.960502267e-01 2.019085586e-01 2.075829804e-01 2.130042762e-01 2.181041390e-01
 2.228186727e-01 2.270921320e-01 2.308805287e-01 2.341542244e-01 2.368995249e-01
 2.391188145e-01 2.408292890e-01 2.420605868e-01 2.428517491e-01 2.432478368e-01
 1.018706243e-02 3.562630387e-03-3.734486643e-03-1.182172727e-02-2.069902420e-02
-3.014863282e-02-3.846796602e-02-4.266546667e-02-4.227054864e-02-3.689607978e-02
-3.169827163e-02-2.857241035e-02-2.637439407e-02-2.400360815e-02-2.117148601e-02
-1.774157211e-02-1.359944791e-02-8.622670546e-03-2.669066191e-03 4.417560063e-03
 1.269243099e-02 2.134678885e-02 2.970010601e-02 3.780542314e-02 4.579710960e-02
 5.381452292e-02 6.200097501e-02 7.051825523e-02 7.957784832e-02 8.946855366e-02
 9.852431715e-02 1.062219292e-01 1.127454340e-01 1.180032343e-01 1.219505817e-01
 1.243943572e-01 1.259644330e-01 1.284098625e-01 1.314574778e-01 1.349587440e-01
 1.388226897e-01 1.429878324e-01 1.474086493e-01 1.520476639e-01 1.568707377e-01
 1.618440449e-01 1.669324785e-01 1.720984131e-01 1.773012578e-01 1.824972034e-01
 1.876394302e-01 1.926786900e-01 1.975643486e-01 2.022457719e-01 2.066741884e-01
 2.108046412e-01 2.145980000e-01 2.180229127e-01 2.210570872e-01 2.236882448e-01
 2.259141654e-01 2.277421951e-01 2.291880548e-01 2.302742898e-01 2.310284674e-01
 1.553941704e-02 1.001217216e-02 4.085138440e-03-2.242680173e-03-8.886481635e-03
-1.566861942e-02-2.233355492e-02-2.857331187e-02-3.208117932e-02-2.976797149e-02
-2.701727860e-02-2.649974450e-02-2.682333440e-02-2.589227073e-02-2.397642657e-02
-2.114837617e-02-1.736020483e-02-1.250028983e-02-6.375884637e-03 1.377627137e-03
 1.143304259e-02 2.169120312e-02 3.077597544e-02 3.924393281e-02 4.742906243e-02
 5.556382984e-02 6.384623051e-02 7.248228788e-02 8.172453940e-02 9.184362739e-02
 1.011033207e-01 1.088752449e-01 1.153242588e-01 1.203978956e-01 1.239987761e-01
 1.258983612e-01 1.268606484e-01 1.287010014e-01 1.311738938e-01 1.341073215e-01
 1.373959184e-01 1.409732550e-01 1.447928399e-01 1.488171369e-01 1.530118436e-01
 1.573432833e-01 1.617772281e-01 1.662784517e-01 1.708103716e-01 1.753351986e-01
 1.798140556e-01 1.842074394e-01 1.884759218e-01 1.925810128e-01 1.964862794e-01
 2.001584172e-01 2.035684586e-01 2.066927403e-01 2.095137239e-01 2.120204419e-01
 2.142085731e-01 2.160802633e-01 2.176434398e-01 2.189110518e-01 2.198999822e-01
 0.252640581E+01 0.255039310E+01 0.256043243E+01 0.257105637E+01 0.258386898E+01
 0.259444141E+01 0.260139704E+01 0.260843754E+01 0.261441374E+01 0.262067652E+01
 0.262589622E+01 0.263184309E+01 0.263721013E+01 0.264260554E+01 0.264857101E+01
 0.265408611E+01 0.266021276E+01 0.266663647E+01 0.267344618E+01 0.268077040E+01
 0.268849373E+01 0.269692135E+01 0.270570469E+01 0.271545434E+01 0.272585440E+01
 0.273709536E+01 0.274902678E+01 0.276189256E+01 0.277577066E+01 0.279086256E+01
 0.280679560E+01 0.282382274E+01 0.284220624E+01 0.286199141E+01 0.288312531E+01
 0.290559769E+01 0.292974091E+01 0.295563889E+01 0.298344445E+01 0.301313138E+01
 0.304477453E+01 0.307892275E+01 0.311553931E+01 0.315487456E+01 0.319716334E+01
 0.324261713E+01 0.329183412E+01 0.334500670E+01 0.340274096E+01 0.346554947E+01
 0.353396702E+01 0.360906124E+01 0.369161677E+01 0.378305125E+01 0.388469696E+01
 0.399907255E+01 0.412843513E+01 0.427782345E+01 0.445153284E+01 0.465919113E+01
 0.491715574E+01 0.525251913E+01 0.572398281E+01 0.653588867E+01 0.131841993E+02
   89   86
 0.107445633E+01-0.750000030E-01 0.107398844E+01 0.249999985E-01 0.107764125E+01
 0.100000001E+00 0.108512497E+01 0.175000012E+00 0.109960341E+01 0.271895528E+00
 0.111102915E+01 0.333610803E+00 0.112703383E+01 0.411973596E+00 0.114087880E+01
 0.474999994E+00 0.115819240E+01 0.550000012E+00 0.117614627E+01 0.625000000E+00
 0.119141150E+01 0.685879886E+00 0.120931840E+01 0.752734542E+00 0.122988284E+01
 0.823257446E+00 0.124816060E+01 0.876479983E+00 0.127454591E+01 0.933860064E+00
 0.130484378E+01 0.971539736E+00 0.135796881E+01 0.995866477E+00 0.141109371E+01
 0.996122360E+00 0.146421874E+01 0.986652434E+00 0.151734376E+01 0.970429957E+00
 0.156240559E+01 0.951575041E+00 0.159703124E+01 0.936086535E+00 0.165012729E+01
 0.907704949E+00 0.167671871E+01 0.891989052E+00 0.172850668E+01 0.858512282E+00
 0.175640631E+01 0.838807523E+00 0.180164790E+01 0.804238200E+00 0.183609378E+01
 0.776043653E+00 0.187023354E+01 0.745624304E+00 0.191085815E+01 0.707499146E+00
 0.194234371E+01 0.675895691E+00 0.197361016E+01 0.642169714E+00 0.201001024E+01
 0.600000024E+00 0.204302335E+01 0.558035731E+00 0.207379484E+01 0.514875174E+00
 0.210171890E+01 0.472151816E+00 0.212828112E+01 0.426871419E+00 0.215484381E+01
 0.376323283E+00 0.217993689E+01 0.322341830E+00 0.220307636E+01 0.266703606E+00
 0.222495604E+01 0.205433547E+00 0.224339032E+01 0.138034910E+00 0.225517511E+01
 0.750000030E-01 0.226131821E+01-0.249999985E-01 0.225180197E+01-0.125000000E+00
 0.224140501E+01-0.175000012E+00 0.222125006E+01-0.249329716E+00 0.219905663E+01
-0.312955111E+00 0.217632580E+01-0.369293004E+00 0.215250206E+01-0.422048986E+00
 0.212753105E+01-0.471967518E+00 0.210128045E+01-0.519575536E+00 0.207360268E+01
-0.565303683E+00 0.204438257E+01-0.609492540E+00 0.201357532E+01-0.652366221E+00
 0.197720397E+01-0.698741376E+00 0.194277644E+01-0.740346074E+00 0.191578126E+01
-0.771470785E+00 0.188573825E+01-0.804581523E+00 0.184248304E+01-0.849939585E+00
 0.180953121E+01-0.883387446E+00 0.178296876E+01-0.908901334E+00 0.173717320E+01
-0.949999988E+00 0.170328128E+01-0.979574203E+00 0.167477071E+01-0.100171471E+01
 0.162359381E+01-0.103965187E+01 0.159703124E+01-0.105751419E+01 0.154390621E+01
-0.109000957E+01 0.151734376E+01-0.110438371E+01 0.146421874E+01-0.113123465E+01
 0.141661680E+01-0.114970303E+01 0.138453126E+01-0.116232669E+01 0.133140624E+01
-0.117743397E+01 0.127828121E+01-0.118546164E+01 0.122515631E+01-0.118483615E+01
 0.116782570E+01-0.116900373E+01 0.116861606E+01-0.112406659E+01 0.117950249E+01
-0.102499998E+01 0.117946434E+01-0.924999952E+00 0.117259812E+01-0.825000048E+00
 0.116408348E+01-0.747204602E+00 0.115226853E+01-0.662058711E+00 0.113973999E+01
-0.579738259E+00 0.112747324E+01-0.504594684E+00 0.111453891E+01-0.425000012E+00
 0.110259199E+01-0.349999994E+00 0.109191298E+01-0.275000006E+00 0.108210886E+01
-0.189987272E+00 0.107632494E+01-0.113447860E+00
 0.101600003E+01 0.000000000E+00 0.101600003E+01 0.963999987E+00 0.101600003E+01
 0.967999995E+00 0.101600003E+01 0.100100005E+01 0.101600003E+01 0.101900005E+01
 0.101600003E+01 0.107700002E+01 0.101600003E+01 0.107000005E+01 0.101600003E+01
 0.109599996E+01 0.101600003E+01 0.111300004E+01 0.101600003E+01 0.113800001E+01
 0.101600003E+01 0.114699996E+01 0.101199996E+01 0.116499996E+01 0.100100005E+01
 0.121700001E+01 0.102900004E+01 0.121700001E+01 0.104200006E+01 0.116240001E+01
 0.104600000E+01 0.116237998E+01 0.105599999E+01 0.116260004E+01 0.109700000E+01
 0.116450000E+01 0.110800004E+01 0.116594005E+01 0.111600006E+01 0.116591001E+01
 0.113399994E+01 0.116895998E+01 0.114800000E+01 0.117174995E+01 0.116199994E+01
 0.117556000E+01 0.118099999E+01 0.118299997E+01 0.118200004E+01 0.118350005E+01
 0.118499994E+01 0.118499994E+01 0.119000006E+01 0.118799996E+01 0.119500005E+01
 0.119099998E+01 0.120099998E+01 0.119599998E+01 0.120899999E+01 0.120200002E+01
 0.121500003E+01 0.120799994E+01 0.122200000E+01 0.121399999E+01 0.122800004E+01
 0.122099996E+01 0.123399997E+01 0.123099995E+01 0.123899996E+01 0.123800004E+01
 0.124199998E+01 0.124399996E+01 0.124800003E+01 0.125399995E+01 0.125800002E+01
 0.127800000E+01 0.126300001E+01 0.128999996E+01 0.127999997E+01 0.133099997E+01
 0.127999997E+01 0.134700000E+01 0.127999997E+01 0.134800005E+01 0.130999994E+01
 0.134800005E+01 0.132799995E+01 0.134800005E+01 0.136099994E+01 0.134800005E+01
 0.138000000E+01 0.134800005E+01 0.141900003E+01 0.134800005E+01 0.141900003E+01
 0.130999994E+01 0.137199998E+01 0.130999994E+01 0.137199998E+01 0.129200006E+01
 0.160800004E+01 0.109500003E+01 0.164699996E+01 0.107700002E+01 0.178499997E+01
 0.107700002E+01 0.206999993E+01 0.103999996E+01 0.212800002E+01 0.992999971E+00
 0.224499989E+01 0.708999991E+00 0.232299995E+01 0.518999994E+00 0.237700009E+01
 0.388999999E+00 0.236249995E+01 0.400000006E+00 0.236443496E+01 0.222000003E+00
 0.236496902E+01 0.133000001E+00 0.236532402E+01 0.439999998E-01 0.236512089E+01
-0.439999998E-01 0.236484194E+01-0.133000001E+00 0.236433411E+01-0.222000003E+00
 0.236249995E+01-0.400000006E+00 0.237700009E+01-0.388999999E+00 0.213400006E+01
-0.972999990E+00 0.178600001E+01-0.117400002E+01 0.176800001E+01-0.121099997E+01
 0.176800001E+01-0.125000000E+01 0.168200004E+01-0.125000000E+01 0.137199998E+01
-0.125000000E+01 0.137199998E+01-0.132900000E+01 0.141999996E+01-0.132900000E+01
 0.141999996E+01-0.136300004E+01 0.127300000E+01-0.136300004E+01 0.115300000E+01
-0.136300004E+01 0.101600003E+01-0.122300005E+01 0.101600003E+01-0.122300005E+01
 0.101600003E+01-0.829999983E+00 0.101600003E+01-0.800000012E+00 0.101600003E+01
-0.414999992E+00 0.101600003E+01-0.400000006E+00 0.101600003E+01-0.100000005E-02
 0.101600003E+01 0.000000000E+00
    0 0.169550002E+01    0
 0.000000000E+00 0.110243119E+00 0.156293750E+00 0.191723451E+00 0.220986784E+00
 0.246911108E+00 0.271002829E+00 0.293175280E+00 0.313844413E+00 0.333326846E+00
 0.351737857E+00 0.369277358E+00 0.386074603E+00 0.402211666E+00 0.417746484E+00
 0.432778060E+00 0.447325945E+00 0.461479753E+00 0.475214779E+00 0.488619596E+00
 0.501718223E+00 0.514509439E+00 0.527040422E+00 0.539304495E+00 0.551379800E+00
 0.563234746E+00 0.574870825E+00 0.586337090E+00 0.597672224E+00 0.608842194E+00
 0.619859815E+00 0.630743027E+00 0.641523242E+00 0.652211428E+00 0.662813246E+00
 0.673291564E+00 0.683693290E+00 0.694053411E+00 0.704350829E+00 0.714607358E+00
 0.724800348E+00 0.734975219E+00 0.745115697E+00 0.755252659E+00 0.765391350E+00
 0.775524974E+00 0.785692751E+00 0.795871496E+00 0.806088209E+00 0.816366792E+00
 0.826695621E+00 0.837128162E+00 0.847645342E+00 0.858288884E+00 0.869058669E+00
 0.880004287E+00 0.891133904E+00 0.902533948E+00 0.914195776E+00 0.926205277E+00
 0.938682199E+00 0.951751351E+00 0.965600371E+00 0.980848789E+00 0.100000000E+01
    0
