  EFITD    06/25/2013    #1553283000.0ms  EFIT01   0  65  65
 0.170000005E+01 0.320000005E+01 0.169550002E+01 0.839999974E+00 0.000000000E+00
 0.179720926E+01-0.280557834E-01-0.156437710E+00 0.121413702E-01 0.165706217E+01
 0.102122325E+07-0.156437710E+00 0.000000000E+00 0.179720926E+01 0.000000000E+00
-0.280557834E-01 0.000000000E+00 0.121413702E-01 0.000000000E+00 0.000000000E+00
 0.277755308E+01 0.277924228E+01 0.278085995E+01 0.278240776E+01 0.278388739E+01
 0.278530049E+01 0.278664899E+01 0.278793430E+01 0.278915811E+01 0.279032230E+01
 0.279142857E+01 0.279247832E+01 0.279347324E+01 0.279441500E+01 0.279530525E+01
 0.279614592E+01 0.279693818E+01 0.279768395E+01 0.279838467E+01 0.279904199E+01
 0.279965758E+01 0.280023313E+01 0.280077004E+01 0.280127001E+01 0.280173492E+01
 0.280216575E+01 0.280256462E+01 0.280293274E+01 0.280327225E+01 0.280358410E+01
 0.280387044E+01 0.280413246E+01 0.280437183E+01 0.280459023E+01 0.280478907E+01
 0.280497026E+01 0.280513525E+01 0.280528522E+01 0.280542231E+01 0.280554771E+01
 0.280566311E+01 0.280577040E+01 0.280587077E+01 0.280596590E+01 0.280605721E+01
 0.280614662E+01 0.280623555E+01 0.280632544E+01 0.280641842E+01 0.280651522E+01
 0.280661774E+01 0.280672789E+01 0.280684710E+01 0.280697680E+01 0.280711865E+01
 0.280727386E+01 0.280744481E+01 0.280763245E+01 0.280783844E+01 0.280806446E+01
 0.280831194E+01 0.280858254E+01 0.280887794E+01 0.280919957E+01 0.280954909E+01
 0.858143906E+05 0.836920625E+05 0.815945312E+05 0.795218203E+05 0.774739062E+05
 0.754508125E+05 0.734525156E+05 0.714790312E+05 0.695303594E+05 0.676065000E+05
 0.657074453E+05 0.638331953E+05 0.619837617E+05 0.601591367E+05 0.583593203E+05
 0.565843086E+05 0.548341094E+05 0.531087188E+05 0.514081367E+05 0.497323633E+05
 0.480813984E+05 0.464552422E+05 0.448538984E+05 0.432773633E+05 0.417256367E+05
 0.401987188E+05 0.386966094E+05 0.372193086E+05 0.357668203E+05 0.343391406E+05
 0.329362656E+05 0.315582012E+05 0.302049473E+05 0.288765020E+05 0.275728633E+05
 0.262940391E+05 0.250400195E+05 0.238108105E+05 0.226064102E+05 0.214268203E+05
 0.202720371E+05 0.191420664E+05 0.180369004E+05 0.169565469E+05 0.159010010E+05
 0.148702656E+05 0.138643379E+05 0.128832188E+05 0.119269102E+05 0.109954102E+05
 0.100887197E+05 0.920683691E+04 0.834976465E+04 0.751750098E+04 0.671004590E+04
 0.592740088E+04 0.516956445E+04 0.443653711E+04 0.372831885E+04 0.304490967E+04
 0.238630933E+04 0.175251855E+04 0.114353662E+04 0.559363770E+03 0.000000000E+00
 0.182762980E+01 0.175193930E+01 0.167793775E+01 0.160562503E+01 0.153500128E+01
 0.146606648E+01 0.139882052E+01 0.133326340E+01 0.126939535E+01 0.120721602E+01
 0.114672577E+01 0.108792448E+01 0.103081203E+01 0.975388527E+00 0.921653807E+00
 0.869608104E+00 0.819251299E+00 0.770583391E+00 0.723604441E+00 0.678314388E+00
 0.634713173E+00 0.592800975E+00 0.552577674E+00 0.514043272E+00 0.477197766E+00
 0.442041159E+00 0.408573478E+00 0.376794696E+00 0.346704870E+00 0.318303943E+00
 0.291591913E+00 0.266568810E+00 0.243234619E+00 0.221589327E+00 0.201632977E+00
 0.183365524E+00 0.166786984E+00 0.151897356E+00 0.138696641E+00 0.127184853E+00
 0.117361955E+00 0.109227985E+00 0.102782927E+00 0.980267823E-01 0.949595571E-01
 0.935812294E-01 0.938918293E-01 0.958913341E-01 0.995797589E-01 0.104957089E+00
 0.112023339E+00 0.120778501E+00 0.131222576E+00 0.143355563E+00 0.157177463E+00
 0.172688276E+00 0.189888000E+00 0.208776653E+00 0.229354203E+00 0.251620680E+00
 0.275576055E+00 0.301220357E+00 0.328553557E+00 0.357575685E+00 0.388286710E+00
-0.811703500E+06-0.802256250E+06-0.792808938E+06-0.783361625E+06-0.773914375E+06
-0.764467062E+06-0.755019812E+06-0.745572500E+06-0.736125188E+06-0.726677875E+06
-0.717230625E+06-0.707783312E+06-0.698336000E+06-0.688888750E+06-0.679441438E+06
-0.669994125E+06-0.660546875E+06-0.651099562E+06-0.641652312E+06-0.632204938E+06
-0.622757688E+06-0.613310375E+06-0.603863125E+06-0.594415812E+06-0.584968500E+06
-0.575521250E+06-0.566073938E+06-0.556626625E+06-0.547179375E+06-0.537732000E+06
-0.528284750E+06-0.518837438E+06-0.509390156E+06-0.499942875E+06-0.490495594E+06
-0.481048312E+06-0.471601000E+06-0.462153688E+06-0.452706406E+06-0.443259125E+06
-0.433811844E+06-0.424364562E+06-0.414917250E+06-0.405469938E+06-0.396022656E+06
-0.386575375E+06-0.377128094E+06-0.367680781E+06-0.358233500E+06-0.348786188E+06
-0.339338906E+06-0.329891625E+06-0.320444344E+06-0.310997031E+06-0.301549750E+06
-0.292102438E+06-0.282655156E+06-0.273207875E+06-0.263760562E+06-0.254313281E+06
-0.244865984E+06-0.235418703E+06-0.225971406E+06-0.216524109E+06-0.207076828E+06
 4.850008711e-02 4.725427553e-02 4.608194530e-02 4.492006078e-02 4.370000958e-02
 4.233383387e-02 4.069653153e-02 3.861289844e-02 3.515819460e-02 2.928503975e-02
 2.226849832e-02 1.402756665e-02 5.734739359e-03-8.448326844e-05-3.994818777e-03
-6.241508294e-03-6.892327219e-03-5.907447077e-03-3.107437864e-03 1.914925175e-03
 9.963504970e-03 1.842673309e-02 2.531450056e-02 3.129369766e-02 3.672824800e-02
 4.182986170e-02 4.673344642e-02 5.153157189e-02 5.629136786e-02 6.106261164e-02
 6.584087014e-02 7.063274831e-02 7.544910908e-02 8.028654754e-02 8.513755351e-02
 8.999119699e-02 9.485636652e-02 9.976896644e-02 1.047288701e-01 1.097427309e-01
 1.148210615e-01 1.199741438e-01 1.252080649e-01 1.305224150e-01 1.359096766e-01
 1.413559616e-01 1.468417048e-01 1.523427367e-01 1.578307152e-01 1.632738411e-01
 1.686374694e-01 1.738848984e-01 1.789781749e-01 1.838792115e-01 1.885510683e-01
 1.929592639e-01 1.970730722e-01 2.008667737e-01 2.043207139e-01 2.074219435e-01
 2.101644874e-01 2.125493437e-01 2.145838886e-01 2.162811607e-01 2.176588476e-01
 4.468169063e-02 4.342079908e-02 4.246893525e-02 4.181986675e-02 4.141828045e-02
 4.113395885e-02 4.031679034e-02 3.804685920e-02 3.404279426e-02 2.812471800e-02
 2.174723521e-02 1.529926527e-02 9.317435324e-03 4.688031040e-03 1.472712960e-03
-3.700728412e-04-8.491186891e-04 7.575095515e-05 2.494089073e-03 6.526968442e-03
 1.217430085e-02 1.839287765e-02 2.423544601e-02 2.968829498e-02 3.485064954e-02
 3.981806338e-02 4.466895759e-02 4.946579412e-02 5.425861478e-02 5.908728391e-02
 6.394448131e-02 6.883667409e-02 7.377880067e-02 7.877668738e-02 8.383207023e-02
 8.894255757e-02 9.412440658e-02 9.941433370e-02 1.048111916e-01 1.103164479e-01
 1.159325913e-01 1.216612086e-01 1.275011748e-01 1.334472299e-01 1.394890249e-01
 1.456107497e-01 1.517908126e-01 1.580019444e-01 1.642113179e-01 1.703807563e-01
 1.764673144e-01 1.824240088e-01 1.882010102e-01 1.937472224e-01 1.990121603e-01
 2.039482296e-01 2.085129321e-01 2.126710564e-01 2.163964957e-01 2.196733505e-01
 2.224965245e-01 2.248713225e-01 2.268125266e-01 2.283428758e-01 2.294911891e-01
 3.964553028e-02 3.835325688e-02 3.764703125e-02 3.764721006e-02 3.834947199e-02
 3.825826198e-02 3.696050867e-02 3.432685882e-02 3.026019596e-02 2.579255216e-02
 2.144536190e-02 1.738363504e-02 1.379117370e-02 1.087660249e-02 8.796377108e-03
 7.642025128e-03 7.465114817e-03 8.292865939e-03 1.012371574e-02 1.290039904e-02
 1.646751910e-02 2.056867629e-02 2.494504116e-02 2.943179384e-02 3.395675123e-02
 3.850172460e-02 4.307393357e-02 4.769073427e-02 5.237186700e-02 5.713385344e-02
 6.198188290e-02 6.692204624e-02 7.196369767e-02 7.711458206e-02 8.238077164e-02
 8.776816726e-02 9.328965843e-02 9.896108508e-02 1.047885269e-01 1.107751802e-01
 1.169226691e-01 1.232305691e-01 1.296955645e-01 1.363104582e-01 1.430632919e-01
 1.499364972e-01 1.569061726e-01 1.639413685e-01 1.710036397e-01 1.780466437e-01
 1.850162297e-01 1.918510348e-01 1.984837651e-01 2.048433125e-01 2.108577937e-01
 2.164582610e-01 2.215828001e-01 2.261804938e-01 2.302147746e-01 2.336655408e-01
 2.365300655e-01 2.388220727e-01 2.405697703e-01 2.418127209e-01 2.425982803e-01
 3.269279748e-02 3.110309690e-02 3.037950397e-02 3.058362007e-02 3.146119788e-02
 3.125368059e-02 2.964860015e-02 2.737615258e-02 2.492963150e-02 2.239672467e-02
 1.989123225e-02 1.753950305e-02 1.547123305e-02 1.381043065e-02 1.266392507e-02
 1.211339980e-02 1.221301872e-02 1.298875827e-02 1.443592459e-02 1.651512645e-02
 1.915165782e-02 2.224530838e-02 2.569114231e-02 2.940045111e-02 3.331085294e-02
 3.738521039e-02 4.160541296e-02 4.596562684e-02 5.046690255e-02 5.511331931e-02
 5.990995094e-02 6.486253440e-02 6.997752935e-02 7.526192069e-02 8.072311431e-02
 8.636911213e-02 9.220862389e-02 9.825017303e-02 1.045009047e-01 1.109660864e-01
 1.176489070e-01 1.245501935e-01 1.316677183e-01 1.389954686e-01 1.465225518e-01
 1.542321444e-01 1.621000469e-01 1.700933874e-01 1.781691015e-01 1.862724721e-01
 1.943360865e-01 2.022796273e-01 2.100105584e-01 2.174269408e-01 2.244219482e-01
 2.308904231e-01 2.367366254e-01 2.418820560e-01 2.462721467e-01 2.498805821e-01
 2.527105510e-01 2.547928095e-01 2.561809719e-01 2.569450140e-01 2.571640015e-01
 2.284092642e-02 2.051185258e-02 1.975941658e-02 2.024900541e-02 2.118687890e-02
 2.136144415e-02 2.112904005e-02 2.055409923e-02 1.971166953e-02 1.868888736e-02
 1.758241281e-02 1.649383083e-02 1.552435942e-02 1.476941817e-02 1.431348268e-02
 1.422590669e-02 1.455805451e-02 1.534157619e-02 1.658758149e-02 1.828705147e-02
 2.041332051e-02 2.292724513e-02 2.578442357e-02 2.894240990e-02 3.236587718e-02
 3.602878749e-02 3.991421312e-02 4.401277006e-02 4.832068086e-02 5.283802003e-02
 5.756745487e-02 6.251340359e-02 6.768157333e-02 7.307864726e-02 7.871210575e-02
 8.459002525e-02 9.072086215e-02 9.711305052e-02 1.037746444e-01 1.107128188e-01
 1.179335117e-01 1.254408956e-01 1.332367361e-01 1.413195133e-01 1.496833265e-01
 1.583163589e-01 1.671990603e-01 1.763016582e-01 1.855813414e-01 1.949788332e-01
 2.044148594e-01 2.137871087e-01 2.229687423e-01 2.318102121e-01 2.401457727e-01
 2.478053123e-01 2.546302378e-01 2.604903281e-01 2.652978301e-01 2.690167129e-01
 2.716648281e-01 2.733089924e-01 2.740539908e-01 2.740271986e-01 2.733637393e-01
 7.627090439e-03 2.870683093e-03 4.712603986e-03 8.031580597e-03 1.057145465e-02
 1.247410849e-02 1.379700750e-02 1.462580729e-02 1.505574305e-02 1.518441644e-02
 1.510939933e-02 1.492634974e-02 1.472679619e-02 1.459571440e-02 1.460913382e-02
 1.483207382e-02 1.531699393e-02 1.610288583e-02 1.721511409e-02 1.866612956e-02
 2.045716904e-02 2.258087322e-02 2.502451837e-02 2.777329832e-02 3.081306815e-02
 3.413215652e-02 3.772222623e-02 4.157839343e-02 4.569889605e-02 5.008458346e-02
 5.473840609e-02 5.966498330e-02 6.487031281e-02 7.036148757e-02 7.614659518e-02
 8.223451674e-02 8.863479644e-02 9.535750002e-02 1.024129689e-01 1.098116264e-01
 1.175637096e-01 1.256788671e-01 1.341657043e-01 1.430310011e-01 1.522787511e-01
 1.619085073e-01 1.719132811e-01 1.822764277e-01 1.929670423e-01 2.039339542e-01
 2.150975317e-01 2.263399065e-01 2.374951839e-01 2.483434528e-01 2.586158216e-01
 2.680166662e-01 2.762608826e-01 2.831142247e-01 2.884239852e-01 2.921375334e-01
 2.943078578e-01 2.950835526e-01 2.946799994e-01 2.933403850e-01 2.913003564e-01
-4.068748560e-03-1.026689075e-02-7.287741173e-03-1.755497884e-03 2.529704012e-03
 5.821587984e-03 8.316645399e-03 1.016271207e-02 1.148447767e-02 1.239423919e-02
 1.299593411e-02 1.338647772e-02 1.365572587e-02 1.388593391e-02 1.415108051e-02
 1.451623160e-02 1.503700018e-02 1.575925387e-02 1.671916991e-02 1.794371195e-02
 1.945155486e-02 2.125440538e-02 2.335858718e-02 2.576680854e-02 2.847990766e-02
 3.149817884e-02 3.482220322e-02 3.845340759e-02 4.239428043e-02 4.664853588e-02
 5.122104287e-02 5.611782521e-02 6.134597957e-02 6.691364199e-02 7.283001393e-02
 7.910530269e-02 8.575080335e-02 9.277886152e-02 1.002029330e-01 1.080376059e-01
 1.162985787e-01 1.250026524e-01 1.341676265e-01 1.438120157e-01 1.539546400e-01
 1.646136492e-01 1.758050621e-01 1.875399947e-01 1.998202503e-01 2.126305550e-01
 2.259260416e-01 2.396116853e-01 2.535111010e-01 2.673259377e-01 2.806034684e-01
 2.927669883e-01 3.032444417e-01 3.115907609e-01 3.175304830e-01 3.209725618e-01
 3.220373988e-01 3.210706711e-01 3.185665309e-01 3.150212765e-01 3.108432591e-01
-9.560056031e-03-1.629431546e-02-1.282661129e-02-6.718622986e-03-1.758848084e-03
 2.201905474e-03 5.302688107e-03 7.678131107e-03 9.453579783e-03 1.074436121e-02
 1.165630296e-02 1.228721160e-02 1.272642054e-02 1.305502839e-02 1.334632561e-02
 1.366641559e-02 1.407422405e-02 1.462141797e-02 1.535242889e-02 1.630463265e-02
 1.750868559e-02 1.898895577e-02 2.076401748e-02 2.284751274e-02 2.525052987e-02
 2.798237279e-02 3.105094656e-02 3.446320072e-02 3.822579980e-02 4.234551638e-02
 4.682945088e-02 5.168527365e-02 5.692138895e-02 6.254707277e-02 6.857265532e-02
 7.500970364e-02 8.187118173e-02 8.917170763e-02 9.692779928e-02 1.051581800e-01
 1.138841584e-01 1.231300086e-01 1.329234838e-01 1.432963908e-01 1.542851329e-01
 1.659313738e-01 1.782824397e-01 1.913915724e-01 2.053172141e-01 2.201202512e-01
 2.358569205e-01 2.525610030e-01 2.702005804e-01 2.885765433e-01 3.071010113e-01
 3.241813779e-01 3.384009898e-01 3.491242528e-01 3.559511900e-01 3.586487174e-01
 3.572022021e-01 3.523811996e-01 3.458716869e-01 3.386396766e-01 3.312604427e-01
-9.598377161e-03-1.642367244e-02-1.318912860e-02-7.083091885e-03-2.069632756e-03
 1.948791207e-03 5.091742147e-03 7.486099377e-03 9.255113080e-03 1.051257923e-02
 1.135924831e-02 1.189395692e-02 1.220347639e-02 1.236516610e-02 1.244849712e-02
 1.251974888e-02 1.264067367e-02 1.286792103e-02 1.325280964e-02 1.384126395e-02
 1.467374898e-02 1.578488573e-02 1.720203087e-02 1.894089580e-02 2.101994865e-02
 2.345604822e-02 2.626278624e-02 2.945035137e-02 3.302823752e-02 3.700550273e-02
 4.139080644e-02 4.619292915e-02 5.142107978e-02 5.708517879e-02 6.319616735e-02
 6.976629794e-02 7.680954039e-02 8.434193581e-02 9.238207340e-02 1.009516865e-01
 1.100762784e-01 1.197860241e-01 1.301168203e-01 1.411117315e-01 1.528227031e-01
 1.653130203e-01 1.786605269e-01 1.929619759e-01 2.083392739e-01 2.249483168e-01
 2.429929376e-01 2.627471983e-01 2.845982909e-01 3.091503680e-01 3.369205892e-01
 3.619754016e-01 3.816895187e-01 3.959179223e-01 4.043488801e-01 4.062670469e-01
 4.014498591e-01 3.888465166e-01 3.749577403e-01 3.621606231e-01 3.505790830e-01
-4.910942167e-03-1.163373515e-02-8.720764890e-03-2.963843057e-03 1.613960601e-03
 5.139346700e-03 7.776155602e-03 9.677901864e-03 1.098100469e-02 1.180597395e-02
 1.220620796e-02 1.231560484e-02 1.220721938e-02 1.194806583e-02 1.158632711e-02
 1.119259838e-02 1.083290298e-02 1.056906581e-02 1.045892015e-02 1.055660378e-02
 1.091316715e-02 1.157796290e-02 1.260184310e-02 1.395125315e-02 1.566746086e-02
 1.778057031e-02 2.031020261e-02 2.325998992e-02 2.664142288e-02 3.046566807e-02
 3.474120423e-02 3.947679698e-02 4.468155652e-02 5.036504939e-02 5.653776228e-02
 6.321151555e-02 7.039994001e-02 7.811899483e-02 8.638755232e-02 9.522809833e-02
 1.046675965e-01 1.147385836e-01 1.254805923e-01 1.369419992e-01 1.491825879e-01
 1.622768342e-01 1.763188541e-01 1.914290488e-01 2.077642977e-01 2.255330682e-01
 2.450193465e-01 2.666214406e-01 2.909159064e-01 3.187513053e-01 3.512988985e-01
 3.846763670e-01 4.104766548e-01 4.285899401e-01 4.391778708e-01 4.421199560e-01
 4.363146722e-01 4.211326540e-01 3.992797136e-01 3.807587028e-01 3.651978970e-01
 4.645227920e-03-1.913998509e-03 1.101404661e-03 6.004508585e-03 9.420631453e-03
 1.174249314e-02 1.323983353e-02 1.410211436e-02 1.446586475e-02 1.443373412e-02
 1.408456638e-02 1.349153835e-02 1.271547377e-02 1.180911623e-02 1.080754399e-02
 9.778396226e-03 8.787008002e-03 7.896093652e-03 7.165494375e-03 6.651937496e-03
 6.408709567e-03 6.484998390e-03 6.924243178e-03 7.759763859e-03 9.029697627e-03
 1.077417005e-02 1.303753816e-02 1.573211327e-02 1.890067011e-02 2.256473340e-02
 2.672209963e-02 3.138127550e-02 3.655100614e-02 4.223889485e-02 4.845358431e-02
 5.520489067e-02 6.250444800e-02 7.036621124e-02 7.880704105e-02 8.784738928e-02
 9.751211107e-02 1.078315228e-01 1.188427210e-01 1.305913627e-01 1.431339085e-01
 1.565407366e-01 1.709002852e-01 1.863246858e-01 2.029577047e-01 2.209856212e-01
 2.406521738e-01 2.622781992e-01 2.862851024e-01 3.132170141e-01 3.437554836e-01
 3.785090148e-01 4.079965055e-01 4.290114641e-01 4.418518543e-01 4.466143847e-01
 4.435128570e-01 4.314332008e-01 4.101633132e-01 3.884266615e-01 3.709512949e-01
 2.261871845e-02 1.735964790e-02 1.838914491e-02 2.042498067e-02 2.121184394e-02
 2.132633328e-02 2.098503709e-02 2.029797621e-02 1.933425665e-02 1.814433187e-02
 1.676919125e-02 1.524536498e-02 1.360593084e-02 1.188119873e-02 1.008635946e-02
 8.284618147e-03 6.538385991e-03 4.908833653e-03 3.455402330e-03 2.235324588e-03
 1.303171855e-03 7.103851531e-04 5.048091407e-04 7.304898463e-04 1.428889809e-03
 2.637966536e-03 4.389457405e-03 6.702370010e-03 9.607954882e-03 1.314548217e-02
 1.717970707e-02 2.175639011e-02 2.688866295e-02 3.257466480e-02 3.882064298e-02
 4.563234001e-02 5.301769078e-02 6.098677590e-02 6.955227256e-02 7.872989774e-02
 8.853902668e-02 9.900340438e-02 1.101520509e-01 1.220204085e-01 1.346516907e-01
 1.480986327e-01 1.624254584e-01 1.777103692e-01 1.940482408e-01 2.115533054e-01
 2.303614169e-01 2.506305873e-01 2.725382447e-01 2.962753475e-01 3.220453262e-01
 3.501282632e-01 3.788334131e-01 3.993031383e-01 4.126217365e-01 4.193628430e-01
 4.192791581e-01 4.129188061e-01 3.993666470e-01 3.803357482e-01 3.649860919e-01
 4.859323427e-02 4.680711776e-02 4.230269045e-02 3.821314126e-02 3.510538489e-02
 3.239729628e-02 2.985564247e-02 2.737229317e-02 2.489277162e-02 2.238951996e-02
 1.985015720e-02 1.727169752e-02 1.465720870e-02 1.201386098e-02 9.326575324e-03
 6.662636530e-03 4.080024548e-03 1.637147507e-03-6.081569009e-04-2.599352272e-03
-4.281741101e-03-5.602864549e-03-6.512785330e-03-6.964256521e-03-6.912815385e-03
-6.317203864e-03-5.140081514e-03-3.348612692e-03-9.133276762e-04 2.188419923e-03
 5.963904317e-03 1.043890603e-02 1.556712762e-02 2.125529200e-02 2.753792331e-02
 3.440722823e-02 4.186786711e-02 4.992449656e-02 5.858419463e-02 6.785608083e-02
 7.775168121e-02 8.828520030e-02 9.947392344e-02 1.113385335e-01 1.239034310e-01
 1.371968836e-01 1.512508392e-01 1.661002338e-01 1.817812324e-01 1.983276010e-01
 2.157640159e-01 2.340937853e-01 2.532771826e-01 2.731913924e-01 2.935524583e-01
 3.137442172e-01 3.325192332e-01 3.482337892e-01 3.599058986e-01 3.672280312e-01
 3.701908886e-01 3.690016270e-01 3.642083108e-01 3.570077419e-01 3.490840495e-01
 6.679459661e-02 6.602981687e-02 5.987890810e-02 5.324918777e-02 4.765436053e-02
 4.276665300e-02 3.834885731e-02 3.423978388e-02 3.033214062e-02 2.655444294e-02
 2.285899222e-02 1.921422593e-02 1.559974905e-02 1.200303901e-02 8.392669261e-03
 4.833349958e-03 1.381037408e-03-1.907579135e-03-4.976042081e-03-7.768846117e-03
-1.023194287e-02-1.231306605e-02-1.396193542e-02-1.513037086e-02-1.577240415e-02
-1.584444940e-02-1.530560292e-02-1.411799900e-02-1.224731840e-02-9.663926437e-03
-6.344195455e-03-2.270074794e-03 2.563999500e-03 8.159170859e-03 1.453315746e-02
 2.146976069e-02 2.901488915e-02 3.715931252e-02 4.590589926e-02 5.525608361e-02
 6.521259993e-02 7.577896863e-02 8.695954084e-02 9.875927120e-02 1.111831591e-01
 1.242354214e-01 1.379178762e-01 1.522275507e-01 1.671529412e-01 1.826682687e-01
 1.987247914e-01 2.152379751e-01 2.320688516e-01 2.489982247e-01 2.656950355e-01
 2.816914916e-01 2.964005172e-01 3.092152476e-01 3.196494877e-01 3.274211287e-01
 3.324629366e-01 3.349147439e-01 3.351195455e-01 3.335922956e-01 3.309161663e-01
 7.838073373e-02 7.786484063e-02 7.164934278e-02 6.412972510e-02 5.733171850e-02
 5.113982782e-02 4.542630538e-02 4.007794708e-02 3.500195593e-02 3.012531623e-02
 2.539183944e-02 2.075885981e-02 1.619431376e-02 1.167444140e-02 7.162141614e-03
 2.722247038e-03-1.589364721e-03-5.716336425e-03-9.602827020e-03-1.319416612e-02
-1.643724181e-02-1.928070188e-02-2.167501114e-02-2.357242443e-02-2.492693812e-02
-2.569427714e-02-2.583194338e-02-2.529941872e-02-2.405852452e-02-2.207405493e-02
-1.931463741e-02-1.575378329e-02-1.137161441e-02-6.155901588e-03-1.047449186e-04
 6.762300618e-03 1.445060503e-02 2.269767970e-02 3.155044466e-02 4.099294916e-02
 5.102094635e-02 6.162716076e-02 7.280379534e-02 8.454170078e-02 9.682954848e-02
 1.096524522e-01 1.229899749e-01 1.368135214e-01 1.510826498e-01 1.657402813e-01
 1.807065159e-01 1.958709061e-01 2.110839188e-01 2.261487991e-01 2.408173680e-01
 2.547952533e-01 2.677624822e-01 2.794096470e-01 2.894805074e-01 2.978066504e-01
 3.043263853e-01 3.090885282e-01 3.122420609e-01 3.140109777e-01 3.146558702e-01
 8.652204275e-02 8.612165600e-02 7.961598784e-02 7.165531814e-02 6.422874331e-02
 5.727643892e-02 5.072676390e-02 4.450653121e-02 3.854789212e-02 3.279136866e-02
 2.718653530e-02 2.169141173e-02 1.627130806e-02 1.089747716e-02 5.547072738e-03
 2.797366469e-04-4.845392890e-03-9.770321660e-03-1.443871856e-02-1.879624836e-02
-2.279070951e-02-2.637202106e-02-2.949206717e-02-3.210448474e-02-3.416441381e-02
-3.562826663e-02-3.645357490e-02-3.659898788e-02-3.602435812e-02-3.469114751e-02
-3.256303817e-02-2.960688248e-02-2.579404414e-02-2.110215276e-02-1.551751420e-02
-9.038231336e-03-1.675836393e-03 6.531424820e-03 1.557063963e-02 2.514297888e-02
 3.528957441e-02 4.598341882e-02 5.720721185e-02 6.894075125e-02 8.116083592e-02
 9.384000301e-02 1.069445610e-01 1.204323992e-01 1.342504025e-01 1.483313292e-01
 1.625906080e-01 1.769228429e-01 1.911991686e-01 2.052660882e-01 2.189476043e-01
 2.320516109e-01 2.443816364e-01 2.557525635e-01 2.660077810e-01 2.750339806e-01
 2.827706337e-01 2.892125845e-01 2.944058180e-01 2.984369695e-01 3.014186621e-01
 9.178717434e-02 9.138864279e-02 8.465776592e-02 7.647399604e-02 6.872123480e-02
 6.133990735e-02 5.427334085e-02 4.746706039e-02 4.087093100e-02 3.443970531e-02
 2.813303843e-02 2.191522345e-02 1.575474814e-02 9.623800404e-03 3.515676362e-03
-2.504830714e-03-8.374859579e-03-1.403413899e-02-1.942533627e-02-2.449417301e-02
-2.918933332e-02-3.346221149e-02-3.726655245e-02-4.055802524e-02-4.329375923e-02
-4.543191940e-02-4.693134874e-02-4.775131866e-02-4.785142094e-02-4.719170928e-02
-4.573307559e-02-4.343794286e-02-4.027131945e-02-3.620234504e-02-3.120627254e-02
-2.526701987e-02-1.838015765e-02-1.055679470e-02-1.825742191e-03 7.751202676e-03
 1.813217066e-02 2.899313532e-02 4.035215825e-02 5.217814818e-02 6.444033980e-02
 7.710532099e-02 9.013371170e-02 1.034787670e-01 1.170850322e-01 1.308868825e-01
 1.448070854e-01 1.587555557e-01 1.726288944e-01 1.863110662e-01 1.996756792e-01
 2.125900686e-01 2.249214202e-01 2.365437448e-01 2.473452687e-01 2.572346926e-01
 2.661452293e-01 2.740364075e-01 2.808927894e-01 2.867213786e-01 2.915472984e-01
 9.419040382e-02 9.363251925e-02 8.711771667e-02 7.895981520e-02 7.114829123e-02
 6.359889358e-02 5.625549704e-02 4.907923937e-02 4.203765094e-02 3.510081768e-02
 2.824030817e-02 2.142898366e-02 1.464099437e-02 7.851770148e-03 1.078272238e-03
-5.608313717e-03-1.214077696e-02-1.845620386e-02-2.449605986e-02-3.020603769e-02
-3.553573787e-02-4.043819755e-02-4.486931115e-02-4.878720641e-02-5.215157568e-02
-5.492308363e-02-5.706278235e-02-5.853167921e-02-5.929042026e-02-5.929920077e-02
-5.851785839e-02-5.690632015e-02-5.442533642e-02-5.103766173e-02-4.670965299e-02
-4.141339287e-02-3.512933105e-02-2.784943953e-02-1.958077215e-02-1.034967601e-02
-2.034156350e-04 1.077643316e-02 2.239562012e-02 3.443575278e-02 4.686906934e-02
 5.966770649e-02 7.279156148e-02 8.619370311e-02 9.982144088e-02 1.136159375e-01
 1.275115609e-01 1.414354742e-01 1.553075761e-01 1.690412313e-01 1.825446039e-01
 1.957226098e-01 2.084794939e-01 2.207213789e-01 2.323586494e-01 2.433075309e-01
 2.534908056e-01 2.628378570e-01 2.712846994e-01 2.787747979e-01 2.852616608e-01
 9.407557547e-02 9.305399656e-02 8.697324991e-02 7.946807146e-02 7.193820179e-02
 6.443019211e-02 5.697159842e-02 4.956782609e-02 4.221285135e-02 3.489423916e-02
 2.759579755e-02 2.029910684e-02 1.298433077e-02 5.630327389e-03-1.716281986e-03
-8.978614584e-03-1.608564332e-02-2.297219634e-02-2.957878634e-02-3.585127369e-02
-4.174034297e-02-4.720083624e-02-5.219098926e-02-5.667164922e-02-6.060542911e-02
-6.395593286e-02-6.668701768e-02-6.876218319e-02-7.014406472e-02-7.079413533e-02
-7.067257166e-02-6.973841041e-02-6.795000285e-02-6.526582688e-02-6.164571643e-02
-5.705256760e-02-5.145458877e-02-4.482809454e-02-3.716093302e-02-2.845649794e-02
-1.873826794e-02-8.055447601e-03 3.512758296e-03 1.587626338e-02 2.858850919e-02
 4.167020321e-02 5.506082624e-02 6.870952249e-02 8.256764710e-02 9.658540785e-02
 1.107103825e-01 1.248868108e-01 1.390556097e-01 1.531545669e-01 1.671189517e-01
 1.808819324e-01 1.943750978e-01 2.075281143e-01 2.202678621e-01 2.325161248e-01
 2.441862822e-01 2.551794052e-01 2.653813362e-01 2.746636271e-01 2.828918695e-01
 9.375410527e-02 9.242881835e-02 8.655579388e-02 7.926873863e-02 7.184688747e-02
 6.433671713e-02 5.678090453e-02 4.920013249e-02 4.160024226e-02 3.397797793e-02
 2.632445656e-02 1.862738654e-02 1.087279804e-02 3.036995651e-03-4.795495886e-03
-1.254524849e-02-2.013911493e-02-2.751063742e-02-3.459998593e-02-4.135356843e-02
-4.772338271e-02-5.366623402e-02-5.914284289e-02-6.411689520e-02-6.855407357e-02
-7.242114842e-02-7.568511367e-02-7.831238210e-02-8.026818931e-02-8.151606470e-02
-8.201752603e-02-8.173198253e-02-8.061692864e-02-7.862842083e-02-7.572193444e-02
-7.185372710e-02-6.698259711e-02-6.107235327e-02-5.409484729e-02-4.603381082e-02
-3.688945621e-02-2.668396011e-02-1.546776854e-02-3.327201121e-03 9.599043988e-03
 2.318554372e-02 3.702779859e-02 5.109780654e-02 6.536301970e-02 7.978822291e-02
 9.433632344e-02 1.089689359e-01 1.236468107e-01 1.383301765e-01 1.529791057e-01
 1.675533652e-01 1.820119768e-01 1.963114440e-01 2.104026824e-01 2.242253721e-01
 2.376991510e-01 2.507105470e-01 2.630966008e-01 2.746300399e-01 2.850246429e-01
 9.381986409e-02 9.240552038e-02 8.637277782e-02 7.885783911e-02 7.128148526e-02
 6.364392489e-02 5.594712496e-02 4.819303006e-02 4.038016498e-02 3.250303119e-02
 2.455259673e-02 1.651695184e-02 8.381961845e-03 1.532380120e-04-8.078359067e-03
-1.622966863e-02-2.422544174e-02-3.199831769e-02-3.948851302e-02-4.664328694e-02
-5.341615900e-02-5.976602435e-02-6.565611064e-02-7.105295360e-02-7.592533529e-02
-8.024320006e-02-8.397677541e-02-8.709560335e-02-8.956781030e-02-9.135946631e-02
-9.243410826e-02-9.275240451e-02-9.227216989e-02-9.094851464e-02-8.873441070e-02
-8.558160067e-02-8.144200593e-02-7.626967877e-02-7.002333552e-02-6.266967207e-02
-5.418735743e-02-4.457185417e-02-3.384077549e-02-2.203959040e-02-9.246660396e-03
 4.426345229e-03 1.882227696e-02 3.343042731e-02 4.822770134e-02 6.319034845e-02
 7.829478383e-02 9.351834655e-02 1.088401154e-01 1.242415980e-01 1.397074163e-01
 1.552255750e-01 1.707874238e-01 1.863865703e-01 2.020161152e-01 2.176633179e-01
 2.332988083e-01 2.488566190e-01 2.641956210e-01 2.790188789e-01 2.927098274e-01
 9.346351027e-02 9.195482731e-02 8.556351811e-02 7.789675891e-02 7.018593699e-02
 6.241779029e-02 5.458388105e-02 4.667537287e-02 3.868270665e-02 3.059525229e-02
 2.240096219e-02 1.408589352e-02 5.632984918e-03-2.917478792e-03-1.147252414e-02
-1.994770207e-02-2.826718800e-02-3.636368737e-02-4.417810589e-02-5.165893957e-02
-5.876142904e-02-6.544661522e-02-7.168021053e-02-7.743154466e-02-8.267233521e-02
-8.737564832e-02-9.151484817e-02-9.506261349e-02-9.799004346e-02-1.002659798e-01
-1.018563360e-01-1.027236730e-01-1.028269231e-01-1.021214053e-01-1.005589962e-01
-9.808877110e-02-9.465798736e-02-9.021349251e-02-8.470386267e-02-7.808199525e-02
-7.030864060e-02-6.135652587e-02-5.121534318e-02-3.989732638e-02-2.744335122e-02
-1.392930001e-02 5.262946943e-04 1.575543918e-02 3.116898797e-02 4.675186425e-02
 6.249119341e-02 7.837735862e-02 9.440515935e-02 1.105751097e-01 1.268949062e-01
 1.433809549e-01 1.600599885e-01 1.769707501e-01 1.941654384e-01 2.117109150e-01
 2.296888977e-01 2.481937110e-01 2.673225701e-01 2.871180773e-01 3.066499829e-01
 9.208217263e-02 9.041593969e-02 8.408245444e-02 7.632333040e-02 6.852449477e-02
 6.067079306e-02 5.274394155e-02 4.472635314e-02 3.660186753e-02 2.835574187e-02
 1.997452602e-02 1.144639775e-02 2.728951629e-03-6.079651881e-03-1.488973666e-02
-2.361834981e-02-3.219062462e-02-4.054023698e-02-4.860930145e-02-5.634781718e-02
-6.371287256e-02-7.066761702e-02-7.718017697e-02-8.322244883e-02-8.876893669e-02
-9.379559755e-02-9.827875346e-02-1.021940336e-01-1.055154949e-01-1.082147434e-01
-1.102602482e-01-1.116167903e-01-1.122449860e-01-1.121011227e-01-1.111371517e-01
-1.093009412e-01-1.065369248e-01-1.027871817e-01-9.799294174e-02-9.209683537e-02
-8.504569530e-02-7.679430395e-02-6.730994582e-02-5.657784268e-02-4.460749775e-02
-3.143988177e-02-1.715521142e-02-1.880678348e-03 1.420258917e-02 3.045089357e-02
 4.685858637e-02 6.342509389e-02 8.015652746e-02 9.706756473e-02 1.141837984e-01
 1.315445006e-01 1.492062807e-01 1.672476679e-01 1.857758313e-01 2.049357593e-01
 2.249244303e-01 2.460142523e-01 2.685975432e-01 2.932855189e-01 3.189592957e-01
 9.008596838e-02 8.826126903e-02 8.187329769e-02 7.408390194e-02 6.627957523e-02
 5.842287466e-02 5.047849193e-02 4.241887107e-02 3.422244638e-02 2.587142028e-02
 1.735005714e-02 8.643529378e-03-2.570658107e-04-9.252195247e-03-1.824989170e-02
-2.716660127e-02-3.592770919e-02-4.446768761e-02-5.272981897e-02-6.066560000e-02
-6.823386252e-02-7.539977133e-02-8.213361353e-02-8.840966225e-02-9.420490265e-02
-9.949792176e-02-1.042677015e-01-1.084926426e-01-1.121494994e-01-1.152125672e-01
-1.176528856e-01-1.194375530e-01-1.205292195e-01-1.208856851e-01-1.204597577e-01
-1.191992462e-01-1.170473248e-01-1.139432490e-01-1.098234951e-01-1.046234816e-01
-9.827996790e-02-9.073423594e-02-8.193618059e-02-7.184940577e-02-6.045741588e-02
-4.777075723e-02-3.383505717e-02-1.873948053e-02-2.625035588e-03 1.430823281e-02
 3.138607368e-02 4.861165583e-02 6.599605083e-02 8.356053382e-02 1.013393551e-01
 1.193830371e-01 1.377625763e-01 1.565754563e-01 1.759539843e-01 1.960774660e-01
 2.171891481e-01 2.396190614e-01 2.638103366e-01 2.903360724e-01 3.186039329e-01
 8.741432428e-02 8.542998135e-02 7.873276621e-02 7.108828425e-02 6.345619261e-02
 5.573537201e-02 4.787792638e-02 3.985716030e-02 3.165517002e-02 2.325746417e-02
 1.465003844e-02 5.816579796e-03-3.213606076e-03-1.233968977e-02-2.146922052e-02
-3.051875345e-02-3.941424936e-02-4.809109122e-02-5.649375916e-02-6.457516551e-02
-7.229577750e-02-7.962252945e-02-8.652766049e-02-9.298752248e-02-9.898129106e-02
-1.044898331e-01-1.094945073e-01-1.139761433e-01-1.179139763e-01-1.212847829e-01
-1.240620315e-01-1.262151599e-01-1.277089417e-01-1.285030246e-01-1.285516173e-01
-1.278032660e-01-1.262010783e-01-1.236830577e-01-1.201829761e-01-1.156316772e-01
-1.099590361e-01-1.030966863e-01-9.498160332e-02-8.556079119e-02-7.479704171e-02
-6.267588586e-02-4.921363294e-02-3.446624801e-02-1.853855513e-02-1.593076275e-03
 1.614267007e-02 3.398799896e-02 5.195131898e-02 7.005135715e-02 8.832051605e-02
 1.068067551e-01 1.255763173e-01 1.447181404e-01 1.643503010e-01 1.846298426e-01
 2.057669163e-01 2.280468792e-01 2.518647611e-01 2.777755857e-01 3.053783774e-01
 8.235701174e-02 7.973884046e-02 7.423064858e-02 6.742002815e-02 6.024552882e-02
 5.280438438e-02 4.512000084e-02 3.719909489e-02 2.904205397e-02 2.064648829e-02
 1.200935803e-02 3.080520779e-03-6.038967986e-03-1.525217015e-02-2.446855791e-02
-3.360591829e-02-4.259127378e-02-5.136111379e-02-5.986111611e-02-6.804552674e-02
-7.587626576e-02-8.332183212e-02-9.035614133e-02-9.695731848e-02-1.031063870e-01
-1.087861881e-01-1.139801070e-01-1.186710820e-01-1.228405237e-01-1.264674366e-01
-1.295275092e-01-1.319923848e-01-1.338289678e-01-1.349989027e-01-1.354580373e-01
-1.351562440e-01-1.340373456e-01-1.320392340e-01-1.290945858e-01-1.251316816e-01
-1.200761050e-01-1.138530225e-01-1.063902825e-01-9.762268513e-02-8.749722689e-02
-7.597976923e-02-6.306285411e-02-4.877477512e-02-3.318934143e-02-1.643604040e-02
 1.290561631e-03 1.972332411e-02 3.819800168e-02 5.671948195e-02 7.531257719e-02
 9.401409328e-02 1.128715426e-01 1.319442391e-01 1.513050646e-01 1.710429341e-01
 1.912657320e-01 2.121049315e-01 2.337273657e-01 2.563869655e-01 2.800798416e-01
 7.878477126e-02 7.592744380e-02 7.053707540e-02 6.406953186e-02 5.720257014e-02
 4.998666421e-02 4.245788231e-02 3.463634476e-02 2.653169632e-02 1.814709976e-02
 9.481462650e-03 5.132934311e-04-8.650763892e-03-1.791127026e-02-2.717704512e-02
-3.636607528e-02-4.540600628e-02-5.423418432e-02-6.279733032e-02-7.105082273e-02
-7.895782590e-02-8.648815751e-02-9.361713380e-02-1.003243178e-01-1.065923274e-01
-1.124055684e-01-1.177491620e-01-1.226078048e-01-1.269647777e-01-1.308009923e-01
-1.340941191e-01-1.368178278e-01-1.389409900e-01-1.404271722e-01-1.412340850e-01
-1.413131356e-01-1.406093687e-01-1.390613914e-01-1.366017759e-01-1.331578195e-01
-1.286527812e-01-1.230078042e-01-1.161447316e-01-1.079897583e-01-9.847837687e-02
-8.756151050e-02-7.521303743e-02-6.143867224e-02-4.628594592e-02-2.985510603e-02
-1.231046394e-02 6.107829511e-03 2.507029101e-02 4.392012209e-02 6.270331144e-02
 8.145038038e-02 1.001869366e-01 1.189364046e-01 1.377187669e-01 1.565458328e-01
 1.754112542e-01 1.942705512e-01 2.129985690e-01 2.312963307e-01 2.485363483e-01
 7.640238851e-02 7.343719155e-02 6.789422035e-02 6.144933403e-02 5.466213822e-02
 4.754046351e-02 4.009595513e-02 3.233762085e-02 2.427062392e-02 1.589641161e-02
 7.213258184e-03-1.773406286e-03-1.095733047e-02-2.023921534e-02-2.952820063e-02
-3.874280304e-02-4.781138524e-02-5.667213351e-02-6.527268887e-02-7.356941700e-02
-8.152651787e-02-8.911488950e-02-9.631097317e-02-1.030955166e-01-1.094523594e-01
-1.153672263e-01-1.208265871e-01-1.258166134e-01-1.303220987e-01-1.343255341e-01
-1.378063262e-01-1.407398432e-01-1.430967748e-01-1.448425055e-01-1.459364295e-01
-1.463316381e-01-1.459746361e-01-1.448051333e-01-1.427563876e-01-1.397556514e-01
-1.357252598e-01-1.305842251e-01-1.242507324e-01-1.166453660e-01-1.076956317e-01
-9.734164923e-02-8.554318547e-02-7.228801399e-02-5.760132149e-02-4.155549407e-02
-2.427911013e-02-5.962487310e-03 1.314543001e-02 3.214723989e-02 5.100028962e-02
 6.969057769e-02 8.821126819e-02 1.065528467e-01 1.246962920e-01 1.426055282e-01
 1.602170765e-01 1.774255037e-01 1.940647066e-01 2.098909914e-01 2.245857120e-01
 7.438122481e-02 7.131153345e-02 6.583452225e-02 5.938330293e-02 5.261436850e-02
 4.552815855e-02 3.812405095e-02 3.040145896e-02 2.235887572e-02 1.399337500e-02
 5.300536752e-03-3.692926141e-03-1.288234815e-02-2.216962166e-02-3.146490455e-02
-4.068766162e-02-4.976715520e-02-5.864246190e-02-6.726206839e-02-7.558321953e-02
-8.357094228e-02-9.119701385e-02-9.843872488e-02-1.052777469e-01-1.116988435e-01
-1.176887453e-01-1.232349873e-01-1.283248365e-01-1.329443157e-01-1.370772123e-01
-1.407042593e-01-1.438023001e-01-1.463435441e-01-1.482948959e-01-1.496173590e-01
-1.502655894e-01-1.501875073e-01-1.493241638e-01-1.476097703e-01-1.449722052e-01
-1.413337737e-01-1.366127133e-01-1.307252347e-01-1.235886663e-01-1.151255071e-01
-1.052688211e-01-9.396895766e-02-8.120177686e-02-6.697817147e-02-5.135486275e-02
-3.444617987e-02-1.643683948e-02 2.402528189e-03 2.169123851e-02 4.064589739e-02
 5.928456038e-02 7.760212570e-02 9.557920694e-02 1.131826565e-01 1.303626001e-01
 1.470479518e-01 1.631415188e-01 1.785169393e-01 1.930201650e-01 2.064791918e-01
 7.289899141e-02 6.976704299e-02 6.422608346e-02 5.776188150e-02 5.100339279e-02
 4.394125193e-02 3.656723723e-02 2.887431905e-02 2.085589617e-02 1.250452735e-02
 3.809823887e-03-5.182350520e-03-1.436818391e-02-2.365086228e-02-3.294181079e-02
-4.216162488e-02-5.124054104e-02-6.011848152e-02-6.874471158e-02-7.707715034e-02
-8.508149534e-02-9.273011982e-02-1.000009775e-01-1.068763360e-01-1.133416444e-01
-1.193843409e-01-1.249926984e-01-1.301548034e-01-1.348575652e-01-1.390857100e-01
-1.428210437e-01-1.460415125e-01-1.487204731e-01-1.508261412e-01-1.523208022e-01
-1.531604230e-01-1.532942206e-01-1.526644975e-01-1.512065828e-01-1.488491595e-01
-1.455150396e-01-1.411224306e-01-1.355868429e-01-1.288239509e-01-1.207534820e-01
-1.113042533e-01-1.004207060e-01-8.807079494e-02-7.425531000e-02-5.901816860e-02
-4.245719314e-02-2.473369986e-02-6.078206934e-03 1.321414579e-02 3.218144551e-02
 5.076163262e-02 6.891878694e-02 8.662118018e-02 1.038315669e-01 1.205023602e-01
 1.365730017e-01 1.519690156e-01 1.666029692e-01 1.803780943e-01 1.931949705e-01
 7.174661011e-02 6.856983900e-02 6.295794249e-02 5.650769174e-02 4.978376627e-02
 4.276357219e-02 3.543248400e-02 2.778049558e-02 1.980064064e-02 1.148826722e-02
 2.788817044e-03-6.198281888e-03-1.537439693e-02-2.464562282e-02-3.392519057e-02
-4.313493147e-02-5.220598727e-02-6.107896566e-02-6.970367581e-02-7.803851366e-02
-8.604955673e-02-9.370958060e-02-1.009968817e-01-1.078941077e-01-1.143870801e-01
-1.204636469e-01-1.261125505e-01-1.313223839e-01-1.360806227e-01-1.403726488e-01
-1.441809237e-01-1.474841684e-01-1.502566040e-01-1.524672806e-01-1.540794671e-01
-1.550501734e-01-1.553295851e-01-1.548610032e-01-1.535807103e-01-1.514182538e-01
-1.482971013e-01-1.441358328e-01-1.388499290e-01-1.323545426e-01-1.245681047e-01
-1.154173538e-01-1.048435718e-01-9.281040728e-02-7.931312174e-02-6.438921392e-02
-4.812996089e-02-3.069254756e-02-1.231232844e-02 6.683789659e-03 2.585799806e-02
 4.447960109e-02 6.256040931e-02 8.009089530e-02 9.704698622e-02 1.133928820e-01
 1.290826201e-01 1.440616846e-01 1.582693309e-01 1.716418862e-01 1.841171980e-01
 7.062777877e-02 6.737924367e-02 6.190668046e-02 5.556560680e-02 4.894027114e-02
 4.199995846e-02 3.473291546e-02 2.713309228e-02 1.919570565e-02 1.091594249e-02
 2.241942100e-03-6.722503342e-03-1.587757654e-02-2.512933686e-02-3.439133987e-02
-4.358578473e-02-5.264412612e-02-6.150723994e-02-7.012511790e-02-7.845627517e-02
-8.646690845e-02-9.412986040e-02-1.014235020e-01-1.083305925e-01-1.148370579e-01
-1.209308654e-01-1.266009212e-01-1.318360716e-01-1.366239786e-01-1.409503669e-01
-1.447980404e-01-1.481461078e-01-1.509692520e-01-1.532370448e-01-1.549133062e-01
-1.559556127e-01-1.563148350e-01-1.559348851e-01-1.547527313e-01-1.526985615e-01
-1.496964246e-01-1.456653476e-01-1.405211985e-01-1.341791451e-01-1.265574247e-01
-1.175820827e-01-1.071932167e-01-9.535257518e-02-8.205267787e-02-6.732724607e-02
-5.126233026e-02-3.400751203e-02-1.578579098e-02 3.100031521e-03 2.226806246e-02
 4.085703194e-02 5.886392295e-02 7.627683878e-02 9.307464957e-02 1.092277020e-01
 1.246989816e-01 1.394458413e-01 1.534221619e-01 1.665812135e-01 1.788788289e-01
 6.956636906e-02 6.613104790e-02 6.105712429e-02 5.503447354e-02 4.855831712e-02
 4.171166569e-02 3.451356292e-02 2.696911618e-02 1.907842979e-02 1.083909720e-02
 2.201415133e-03-6.730476394e-03-1.585657150e-02-2.508279681e-02-3.432258591e-02
-4.349800199e-02-5.254033953e-02-6.139026582e-02-6.999757141e-02-7.832054794e-02
-8.632516116e-02-9.398403764e-02-1.012753472e-01-1.081816331e-01-1.146886721e-01
-1.207842827e-01-1.264572740e-01-1.316963434e-01-1.364891529e-01-1.408213377e-01
-1.446757615e-01-1.480315328e-01-1.508634090e-01-1.531410515e-01-1.548284143e-01
-1.558832228e-01-1.562565565e-01-1.558925956e-01-1.547285616e-01-1.526949853e-01
-1.497162580e-01-1.457118541e-01-1.405980438e-01-1.342904866e-01-1.267079264e-01
-1.177768856e-01-1.074378490e-01-9.565289319e-02-8.241461217e-02-6.775639951e-02
-5.176328868e-02-3.458272666e-02-1.643375680e-02 2.387112705e-03 2.150553092e-02
 4.003950581e-02 5.798232928e-02 7.532066107e-02 9.203375876e-02 1.080936790e-01
 1.234662533e-01 1.381126046e-01 1.519912928e-01 1.650607586e-01 1.772822440e-01
 6.998991966e-02 6.668705493e-02 6.137676537e-02 5.524584651e-02 4.878297448e-02
 4.197543859e-02 3.482151777e-02 2.732109092e-02 1.947352849e-02 1.127800532e-02
 2.684445120e-03-6.207132246e-03-1.529784966e-02-2.449361980e-02-3.370745108e-02
-4.286082089e-02-5.188442767e-02-6.071833521e-02-6.931173801e-02-7.762236893e-02
-8.561564982e-02-9.326368570e-02-1.005441621e-01-1.074391529e-01-1.139339730e-01
-1.200160384e-01-1.256737560e-01-1.308954358e-01-1.356683671e-01-1.399778426e-01
-1.438063234e-01-1.471326202e-01-1.499311626e-01-1.521712691e-01-1.538166255e-01
-1.548246443e-01-1.551461816e-01-1.547252387e-01-1.534989029e-01-1.513977051e-01
-1.483461559e-01-1.442640126e-01-1.390680969e-01-1.326748878e-01-1.250042617e-01
-1.159843281e-01-1.055576578e-01-9.368888289e-02-8.037380874e-02-6.564960629e-02
-4.960581660e-02-3.239522502e-02-1.424338575e-02 4.545211326e-03 2.358767390e-02
 4.205729067e-02 5.995081365e-02 7.725606859e-02 9.395172447e-02 1.100080237e-01
 1.253879517e-01 1.400489062e-01 1.539448798e-01 1.670292914e-01 1.792580634e-01
 7.068978995e-02 6.744164228e-02 6.216403842e-02 5.603269860e-02 4.957778752e-02
 4.279085994e-02 3.566546366e-02 2.819735557e-02 2.038273029e-02 1.221658289e-02
 3.689559642e-03-5.149425939e-03-1.419729553e-02-2.335755341e-02-3.254158050e-02
-4.166959971e-02-5.067123100e-02-5.948555842e-02-6.806087494e-02-7.635404170e-02
-8.432966471e-02-9.195905179e-02-9.921914339e-02-1.060912684e-01-1.125600487e-01
-1.186122000e-01-1.242354214e-01-1.294173747e-01-1.341446489e-01-1.384018660e-01
-1.421707720e-01-1.454294920e-01-1.481517255e-01-1.503060758e-01-1.518554986e-01
-1.527567357e-01-1.529599875e-01-1.524086595e-01-1.510394067e-01-1.487824321e-01
-1.455622166e-01-1.412988156e-01-1.359097362e-01-1.293127686e-01-1.214297488e-01
-1.121916324e-01-1.015448198e-01-8.945894241e-02-7.593598962e-02-6.102071702e-02
-4.481165111e-02-2.747245319e-02-9.243086912e-03 9.548531845e-03 2.847017348e-02
 4.685416445e-02 6.470956653e-02 8.202570677e-02 9.877807647e-02 1.149307489e-01
 1.304378211e-01 1.452449560e-01 1.592917144e-01 1.725147218e-01 1.848521829e-01
 7.191096246e-02 6.874538958e-02 6.342011690e-02 5.732245371e-02 5.089667439e-02
 4.413593188e-02 3.703764081e-02 2.960021049e-02 2.182205580e-02 1.370074227e-02
 5.232566968e-03-3.554609837e-03-1.255755406e-02-2.167895436e-02-3.082916141e-02
-3.992731497e-02-4.890192673e-02-5.769099295e-02-6.624171138e-02-7.450989634e-02
-8.245910704e-02-9.005963057e-02-9.728740901e-02-1.041227952e-01-1.105494276e-01
-1.165530682e-01-1.221204400e-01-1.272382438e-01-1.318920553e-01-1.360655129e-01
-1.397393197e-01-1.428905129e-01-1.454917490e-01-1.475105435e-01-1.489087492e-01
-1.496420503e-01-1.496596634e-01-1.489041597e-01-1.473114491e-01-1.448113471e-01
-1.413283348e-01-1.367828846e-01-1.310937405e-01-1.241807044e-01-1.159687862e-01
-1.063934043e-01-9.540694952e-02-8.298675716e-02-6.914426386e-02-5.393505469e-02
-3.746897355e-02-1.991875283e-02-1.524559688e-03 1.741077192e-02 3.602313250e-02
 5.425786227e-02 7.208217680e-02 8.946568519e-02 1.063717604e-01 1.227531433e-01
 1.385496259e-01 1.536871195e-01 1.680788398e-01 1.816287041e-01 1.942381114e-01
 7.343573123e-02 7.035633922e-02 6.519374996e-02 5.914616585e-02 5.274952203e-02
 4.600814730e-02 3.892718256e-02 3.151161224e-02 2.376498654e-02 1.568878256e-02
 7.282202598e-03-1.449566451e-03-1.040249225e-02-1.947864145e-02-2.858762816e-02
-3.764768317e-02-4.658629745e-02-5.534034967e-02-6.385587901e-02-7.208749652e-02
-7.999754697e-02-8.755510300e-02-9.473486245e-02-1.015159637e-01-1.078808233e-01
-1.138139516e-01-1.193008348e-01-1.243268773e-01-1.288763881e-01-1.329316348e-01
-1.364719868e-01-1.394731104e-01-1.419062167e-01-1.437374353e-01-1.449272186e-01
-1.454299837e-01-1.451937109e-01-1.441599429e-01-1.422639340e-01-1.394351721e-01
-1.355984211e-01-1.306752563e-01-1.245863810e-01-1.172549576e-01-1.086108536e-01
-9.859616309e-02-8.717218041e-02-7.432762533e-02-6.008816510e-02-4.452693462e-02
-2.777561173e-02-1.003538445e-02 8.412641473e-03 2.719752863e-02 4.566908255e-02
 6.384403259e-02 8.171727508e-02 9.926953167e-02 1.164675876e-01 1.332615316e-01
 1.495803893e-01 1.653274596e-01 1.803773046e-01 1.945772916e-01 2.077571154e-01
 7.563022524e-02 7.267649472e-02 6.758984178e-02 6.157159433e-02 5.517229065e-02
 4.841396958e-02 4.131712019e-02 3.389744833e-02 2.616514079e-02 1.812579669e-02
 9.781932458e-03 1.113754930e-03-7.777893916e-03-1.679593697e-02-2.584982663e-02
-3.485716134e-02-4.374449328e-02-5.244761705e-02-6.091134250e-02-6.908896565e-02
-7.694146782e-02-8.443650603e-02-9.154733270e-02-9.825161844e-02-1.045302749e-01
-1.103662923e-01-1.157436147e-01-1.206460670e-01-1.250563562e-01-1.289550960e-01
-1.323200315e-01-1.351251155e-01-1.373398900e-01-1.389288306e-01-1.398508251e-01
-1.400588155e-01-1.394996047e-01-1.381137967e-01-1.358361691e-01-1.325964332e-01
-1.283203214e-01-1.229315251e-01-1.163542345e-01-1.085167676e-01-9.935618192e-02
-8.882415295e-02-7.689414918e-02-6.356981397e-02-4.889450222e-02-3.296142444e-02
-1.592404395e-02 1.993942307e-03 2.048912644e-02 3.886917606e-02 5.711681023e-02
 7.522607595e-02 9.319177270e-02 1.110038161e-01 1.286420226e-01 1.460691988e-01
 1.632212400e-01 1.799927950e-01 1.962189525e-01 2.116584778e-01 2.259964794e-01
 7.868674397e-02 7.591731101e-02 7.079079747e-02 6.471653283e-02 5.820826814e-02
 5.133978650e-02 4.415842146e-02 3.668884188e-02 2.894256637e-02 2.092323638e-02
 1.262908708e-02 4.053521436e-03-4.752336070e-03-1.368899085e-02-2.266460657e-02
-3.159579635e-02-4.040811956e-02-4.903623462e-02-5.742368847e-02-6.552235782e-02
-7.329170406e-02-8.069777489e-02-8.771215379e-02-9.431078285e-02-1.004727855e-01
-1.061793491e-01-1.114125699e-01-1.161543950e-01-1.203856170e-01-1.240849346e-01
-1.272281259e-01-1.297872365e-01-1.317299604e-01-1.330189407e-01-1.336114854e-01
-1.334591508e-01-1.325076669e-01-1.306971312e-01-1.279625446e-01-1.242346466e-01
-1.194414347e-01-1.135103554e-01-1.063712314e-01-9.796018898e-02-8.822470158e-02
-7.712978870e-02-6.466533244e-02-5.085444450e-02-3.576245159e-02-1.950573549e-02
-2.259314759e-03 1.573933847e-02 3.375341743e-02 5.177411437e-02 6.980225444e-02
 8.784651756e-02 1.059208363e-01 1.240415871e-01 1.422240734e-01 1.604767144e-01
 1.787907332e-01 1.971202195e-01 2.153401375e-01 2.331545055e-01 2.499442697e-01
 8.315750211e-02 8.087044954e-02 7.539577782e-02 6.872019917e-02 6.180153042e-02
 5.466356874e-02 4.731401801e-02 3.975291550e-02 3.197660297e-02 2.397910878e-02
 1.575268619e-02 7.287940476e-03-1.405756688e-03-1.023056358e-02-1.909545809e-02
-2.791715786e-02-3.662076592e-02-4.514006525e-02-5.341736972e-02-6.140311062e-02
-6.905508041e-02-7.633752376e-02-8.322010934e-02-8.967677504e-02-9.568459541e-02
-1.012226343e-01-1.062708348e-01-1.108089685e-01-1.148156300e-01-1.182673275e-01
-1.211376935e-01-1.233966723e-01-1.250099689e-01-1.259385049e-01-1.261380315e-01
-1.255590469e-01-1.241467521e-01-1.218415052e-01-1.185794920e-01-1.142939702e-01
-1.089170873e-01-1.023823768e-01-9.462817758e-02-8.560194820e-02-7.526575029e-02
-6.360274553e-02-5.062479526e-02-3.638077155e-02-2.096532285e-02-4.527552985e-03
 1.272037067e-02 3.020488471e-02 4.776032269e-02 6.540978700e-02 8.317860961e-02
 1.010992154e-01 1.192139015e-01 1.375769824e-01 1.562568247e-01 1.753380746e-01
 1.949244589e-01 2.151431888e-01 2.361565083e-01 2.582125068e-01 2.813056111e-01
 8.812691271e-02 8.644257486e-02 8.029735833e-02 7.284229249e-02 6.545223296e-02
 5.802814662e-02 5.051320046e-02 4.287387431e-02 3.508771211e-02 2.713766322e-02
 1.900958829e-02 1.069141179e-02 2.152736764e-03-6.514878012e-03-1.522305608e-02
-2.388936840e-02-3.243877739e-02-4.080427065e-02-4.892694205e-02-5.675563589e-02
-6.424632668e-02-7.136127353e-02-7.806795090e-02-8.433803916e-02-9.014625102e-02
-9.546925128e-02-1.002845168e-01-1.045693681e-01-1.082999408e-01-1.114503667e-01
-1.139919385e-01-1.158924848e-01-1.171157584e-01-1.176210791e-01-1.173631102e-01
-1.162918061e-01-1.143527254e-01-1.114876121e-01-1.076354682e-01-1.027340740e-01
-9.672220051e-02-8.954253793e-02-8.114553988e-02-7.149420679e-02-6.056988984e-02
-4.837912321e-02-3.496129438e-02-2.039660700e-02-4.813500680e-03 1.160662994e-02
 2.831956744e-02 4.517669976e-02 6.218744442e-02 7.937311381e-02 9.676658362e-02
 1.144143194e-01 1.323799044e-01 1.507488489e-01 1.696353108e-01 1.891918182e-01
 2.096233219e-01 2.312087715e-01 2.543350756e-01 2.795466781e-01 3.064469099e-01
 9.135347605e-02 8.992558718e-02 8.364896476e-02 7.607637346e-02 6.855049729e-02
 6.102253497e-02 5.345452204e-02 4.581542686e-02 3.808028996e-02 3.022839688e-02
 2.224159241e-02 1.410269551e-02 5.793686491e-03-2.651064890e-03-1.114102546e-02
-1.959273219e-02-2.793024108e-02-3.608542308e-02-4.399794340e-02-5.161491781e-02
-5.889033154e-02-6.578420103e-02-7.226163149e-02-7.829175889e-02-8.384668082e-02
-8.890035748e-02-9.342757612e-02-9.740294516e-02-1.007999703e-01-1.035902500e-01
-1.057427451e-01-1.072231829e-01-1.079936326e-01-1.080122292e-01-1.072331145e-01
-1.056066900e-01-1.030800864e-01-9.959813952e-02-9.510474652e-02-8.954483271e-02
-8.286695927e-02-7.502668351e-02-6.599078327e-02-5.574234575e-02-4.428682104e-02
-3.165902197e-02-1.793106459e-02-3.221163526e-03 1.229641400e-02 2.813116834e-02
 4.414369911e-02 6.033961102e-02 7.673085481e-02 9.333899617e-02 1.101978496e-01
 1.273567230e-01 1.448846906e-01 1.628766358e-01 1.814616323e-01 2.008149326e-01
 2.211746275e-01 2.428641617e-01 2.663180530e-01 2.920984030e-01 3.196199834e-01
 9.311661124e-02 9.183166176e-02 8.588220924e-02 7.839578390e-02 7.091958076e-02
 6.344214082e-02 5.594247580e-02 4.839984328e-02 4.079494253e-02 3.311003372e-02
 2.532856539e-02 1.743475720e-02 9.413454682e-03 1.257276628e-03-6.946472917e-03
-1.511534676e-02-2.317329496e-02-3.105138801e-02-3.868797049e-02-4.602843896e-02
-5.302470177e-02-5.963443965e-02-6.582018733e-02-7.154837251e-02-7.678824663e-02
-8.151087910e-02-8.568815142e-02-8.929182589e-02-9.229268879e-02-9.465980530e-02
-9.635989368e-02-9.735685587e-02-9.761150181e-02-9.708145261e-02-9.572131932e-02
-9.348319471e-02-9.031750262e-02-8.617429435e-02-8.100503683e-02-7.476502657e-02
-6.741640717e-02-5.893193185e-02-4.929938540e-02-3.852664679e-02-2.664732561e-02
-1.372661255e-02 1.319689036e-04 1.478100847e-02 2.964511327e-02 4.473185539e-02
 6.002515554e-02 7.551942021e-02 9.121810645e-02 1.071343273e-01 1.232924461e-01
 1.397305280e-01 1.565037519e-01 1.736889631e-01 1.913911104e-01 2.097524405e-01
 2.289663255e-01 2.493003309e-01 2.711397707e-01 2.950845361e-01 3.200300038e-01
 9.423474967e-02 9.311931580e-02 8.723106235e-02 7.988122106e-02 7.254879177e-02
 6.521923095e-02 5.787875503e-02 5.051421374e-02 4.311284423e-02 3.566190600e-02
 2.814833447e-02 2.055855095e-02 1.287829131e-02 5.092317238e-03-2.746614860e-03
-1.055531390e-02-1.825718582e-02-2.578249015e-02-3.306835890e-02-4.005855322e-02
-4.670296609e-02-5.295693129e-02-5.878038332e-02-6.413692236e-02-6.899289042e-02
-7.331635058e-02-7.707624137e-02-8.024144918e-02-8.278007805e-02-8.465884626e-02
-8.584254235e-02-8.629372716e-02-8.597265929e-02-8.483740687e-02-8.284434676e-02
-7.994892448e-02-7.610693574e-02-7.127620280e-02-6.541888416e-02-5.850433931e-02
-5.051260442e-02-4.143854603e-02-3.129643947e-02-2.012480423e-02-7.991408929e-03
 5.005752668e-03 1.872802339e-02 3.268938512e-02 4.687560350e-02 6.127376109e-02
 7.586994022e-02 9.065291286e-02 1.056161076e-01 1.207590550e-01 1.360887587e-01
 1.516211033e-01 1.673823744e-01 1.834107935e-01 1.997579932e-01 2.164900899e-01
 2.336878777e-01 2.514448762e-01 2.698580921e-01 2.889731824e-01 3.078761697e-01
 9.445097297e-02 9.347295016e-02 8.769817650e-02 8.055572212e-02 7.344084978e-02
 6.632810086e-02 5.921005085e-02 5.208325386e-02 4.494341463e-02 3.778396547e-02
 3.059607372e-02 2.336896397e-02 1.609031111e-02 8.746601641e-03 1.350523438e-03
-6.017342210e-03-1.328142919e-02-2.037205920e-02-2.722571231e-02-3.378491104e-02
-3.999780864e-02-4.581758007e-02-5.120167881e-02-5.611098930e-02-6.050898135e-02
-6.436081976e-02-6.763257086e-02-7.029044628e-02-7.230016589e-02-7.362645119e-02
-7.423274219e-02-7.408104837e-02-7.313205302e-02-7.134559751e-02-6.868141890e-02
-6.510030478e-02-6.056575105e-02-5.504618213e-02-4.851765931e-02-4.096727818e-02
-3.239713982e-02-2.282883599e-02-1.230889000e-02-9.119304013e-04 1.124120597e-02
 2.403709292e-02 3.711006790e-02 5.043726042e-02 6.399390846e-02 7.775492966e-02
 9.169550240e-02 1.057919860e-01 1.200229228e-01 1.343697011e-01 1.488171816e-01
 1.633540243e-01 1.779724211e-01 1.926669925e-01 2.074320465e-01 2.222560197e-01
 2.371110320e-01 2.519330978e-01 2.665840387e-01 2.807713747e-01 2.938842773e-01
 9.341152012e-02 9.243994951e-02 8.718673885e-02 8.045716584e-02 7.363666594e-02
 6.677141041e-02 5.990019441e-02 5.304175615e-02 4.620217532e-02 3.937990963e-02
 3.256866336e-02 2.575900406e-02 1.893929578e-02 1.209616475e-02 5.226863082e-03
-1.615900081e-03-8.357116953e-03-1.492748503e-02-2.126336843e-02-2.730658278e-02
-3.300401568e-02-3.830708563e-02-4.317109287e-02-4.755450785e-02-5.141821504e-02
-5.472477153e-02-5.743774027e-02-5.952107161e-02-6.093862653e-02-6.165386736e-02
-6.162973493e-02-6.082875282e-02-5.921344459e-02-5.674702674e-02-5.339451134e-02
-4.912423342e-02-4.390987009e-02-3.773308173e-02-3.058673069e-02-2.247853577e-02
-1.343560778e-02-3.506924957e-03 7.219932508e-03 1.867958345e-02 3.049462289e-02
 4.268424958e-02 5.519366264e-02 6.797803938e-02 8.099661022e-02 9.421002865e-02
 1.075791866e-01 1.210649759e-01 1.346282661e-01 1.482302248e-01 1.618323773e-01
 1.753966212e-01 1.888843775e-01 2.022549957e-01 2.154623121e-01 2.284490764e-01
 2.411379367e-01 2.534184158e-01 2.651304305e-01 2.760494947e-01 2.858917713e-01
 9.277448058e-02 9.217764437e-02 8.682449907e-02 8.002801239e-02 7.326683402e-02
 6.654299796e-02 5.988276005e-02 5.329624563e-02 4.678370431e-02 4.033954069e-02
 3.395465389e-02 2.761784010e-02 2.131667733e-02 1.503809448e-02 8.768742904e-03
 2.530664671e-03-3.604346886e-03-9.569158778e-03-1.530129928e-02-2.074284852e-02
-2.584019676e-02-3.054365143e-02-3.480693698e-02-3.858663887e-02-4.184160009e-02
-4.453234375e-02-4.662057012e-02-4.806870222e-02-4.883962125e-02-4.889654741e-02
-4.820314795e-02-4.672393203e-02-4.442494363e-02-4.127478600e-02-3.724601120e-02
-3.231685609e-02-2.647341974e-02-1.971284486e-02-1.204717159e-02-3.505545668e-03
 5.851241760e-03 1.598867401e-02 2.654899471e-02 3.756241873e-02 4.898098111e-02
 6.076717377e-02 7.287805527e-02 8.526833355e-02 9.789080918e-02 1.106959730e-01
 1.236316711e-01 1.366429627e-01 1.496722251e-01 1.626595706e-01 1.755433679e-01
 1.882607341e-01 2.007477432e-01 2.129391283e-01 2.247669846e-01 2.361581773e-01
 2.470307797e-01 2.572898269e-01 2.668241262e-01 2.755072117e-01 2.832052112e-01
 9.177900106e-02 9.154234082e-02 8.605521172e-02 7.891776413e-02 7.205851376e-02
 6.542007625e-02 5.896849930e-02 5.268139765e-02 4.654037207e-02 4.052830487e-02
 3.462868184e-02 2.882565930e-02 2.310422063e-02 1.745042577e-02 1.185165904e-02
 6.295593455e-03 8.476549410e-04-4.429067019e-03-9.474530816e-03-1.423206273e-02
-1.864839904e-02-2.267351747e-02-2.626032941e-02-2.936430275e-02-3.194304928e-02
-3.395593911e-02-3.536376730e-02-3.612853959e-02-3.621339053e-02-3.558268398e-02
-3.420233727e-02-3.204056621e-02-2.906896174e-02-2.526391856e-02-2.060823143e-02
-1.509309746e-02-8.718105033e-03-1.496154582e-03 6.534485146e-03 1.535926946e-02
 2.466550469e-02 3.448834643e-02 4.478882253e-02 5.553891882e-02 6.670449674e-02
 7.824791968e-02 9.012701362e-02 1.022947356e-01 1.146986634e-01 1.272804886e-01
 1.399754882e-01 1.527124047e-01 1.654136330e-01 1.779961586e-01 1.903730333e-01
 2.024553865e-01 2.141548544e-01 2.253858000e-01 2.360672057e-01 2.461235672e-01
 2.554850578e-01 2.640867531e-01 2.718684673e-01 2.787749767e-01 2.847589850e-01
 8.873665333e-02 8.857602626e-02 8.322156966e-02 7.616266608e-02 6.943397969e-02
 6.301701814e-02 5.687749758e-02 5.098182708e-02 4.529907554e-02 3.980153427e-02
 3.446486592e-02 2.926794812e-02 2.419263870e-02 1.922343299e-02 1.434704103e-02
 9.551824071e-03 4.868226126e-03 3.559404286e-04-3.927464131e-03-7.926998660e-03
-1.159041189e-02-1.486816444e-02-1.771326922e-02-2.008107491e-02-2.192904614e-02
-2.321657166e-02-2.390486747e-02-2.395699546e-02-2.333802544e-02-2.201524004e-02
-1.995845884e-02-1.714117453e-02-1.354240533e-02-9.148917161e-03-3.956479020e-03
 2.019656356e-03 8.771559224e-03 1.629998721e-02 2.435470186e-02 3.297103941e-02
 4.211993888e-02 5.178333446e-02 6.193815172e-02 7.255874574e-02 8.361553401e-02
 9.507422149e-02 1.068946272e-01 1.190295666e-01 1.314233840e-01 1.440106481e-01
 1.567147076e-01 1.694470048e-01 1.821068227e-01 1.945824921e-01 2.067541778e-01
 2.184982300e-01 2.296932042e-01 2.402264476e-01 2.500005662e-01 2.589381933e-01
 2.669849396e-01 2.741094232e-01 2.803015709e-01 2.855691314e-01 2.899339795e-01
 8.396311849e-02 8.387450874e-02 7.835835218e-02 7.147672027e-02 6.505108625e-02
 5.902894586e-02 5.336267501e-02 4.800388217e-02 4.290843010e-02 3.803853318e-02
 3.336312994e-02 2.885729633e-02 2.450142615e-02 2.028032579e-02 1.618234068e-02
 1.219851989e-02 8.342272602e-03 4.656264558e-03 1.195655554e-03-1.986736432e-03
-4.840502050e-03-7.317615207e-03-9.372352622e-03-1.096121315e-02-1.204286329e-02
-1.257815678e-02-1.253025327e-02-1.186507381e-02-1.055200212e-02-8.564263582e-03
-5.876833573e-03-2.468345920e-03 1.674860017e-03 6.551256869e-03 1.217921451e-02
 1.841481030e-02 2.522655018e-02 3.263271227e-02 4.060772061e-02 4.913947359e-02
 5.821396410e-02 6.781692803e-02 7.793235034e-02 8.854167163e-02 9.962260723e-02
 1.111479029e-01 1.230836064e-01 1.353870481e-01 1.480043083e-01 1.608673632e-01
 1.738909185e-01 1.869695485e-01 1.999755204e-01 2.127588391e-01 2.251504511e-01
 2.369700074e-01 2.480382174e-01 2.581920028e-01 2.672997713e-01 2.752733827e-01
 2.820742130e-01 2.877132595e-01 2.922446728e-01 2.957544625e-01 2.983465493e-01
 7.642720640e-02 7.618661970e-02 7.103384286e-02 6.452177465e-02 5.861264095e-02
 5.321946740e-02 4.825007915e-02 4.362586141e-02 3.928491473e-02 3.518055007e-02
 3.127845749e-02 2.755400911e-02 2.399005741e-02 2.057526074e-02 1.730295457e-02
 1.417039894e-02 1.117853075e-02 8.357914165e-03 5.759531166e-03 3.432676895e-03
 1.424506656e-03-2.199587616e-04-1.457780949e-03-2.248143544e-03-2.552523511e-03
-2.334896475e-03-1.561410492e-03-2.017059887e-04 1.767707756e-03 4.355338868e-03
 7.581891492e-03 1.147083007e-02 1.604675315e-02 2.116122469e-02 2.685180493e-02
 3.311561421e-02 3.994766995e-02 4.734644666e-02 5.530708283e-02 6.382490695e-02
 7.289505005e-02 8.251229674e-02 9.267053008e-02 1.033619940e-01 1.145762354e-01
 1.262986511e-01 1.385084987e-01 1.511761546e-01 1.642594337e-01 1.776987165e-01
 1.914106607e-01 2.052809894e-01 2.191562504e-01 2.328375578e-01 2.460791618e-01
 2.585981190e-01 2.700990438e-01 2.803109288e-01 2.890248597e-01 2.961205244e-01
 3.015780747e-01 3.054765463e-01 3.079793751e-01 3.093063235e-01 3.096952736e-01
 6.591482460e-02 6.539097428e-02 6.053694338e-02 5.475165695e-02 4.979869351e-02
 4.543615878e-02 4.149210081e-02 3.785767034e-02 3.446489945e-02 3.127132356e-02
 2.825065516e-02 2.538725920e-02 2.267283574e-02 2.010440268e-02 1.768314280e-02
 1.541374717e-02 1.330411434e-02 1.136520132e-02 9.644746780e-03 8.188189007e-03
 7.037560921e-03 6.232860032e-03 5.812448915e-03 5.812909454e-03 6.268186495e-03
 7.207114249e-03 8.661728352e-03 1.066640951e-02 1.326120272e-02 1.633543894e-02
 1.993334852e-02 2.407919988e-02 2.878125943e-02 3.402705863e-02 3.981688619e-02
 4.615195096e-02 5.303410068e-02 6.046615541e-02 6.845141947e-02 7.699392736e-02
 8.609854430e-02 9.577095509e-02 1.060174406e-01 1.168446094e-01 1.282586157e-01
 1.402642131e-01 1.528630108e-01 1.660507917e-01 1.798135489e-01 1.941212714e-01
 2.089186609e-01 2.241115868e-01 2.395476103e-01 2.549898028e-01 2.700878680e-01
 2.843649387e-01 2.972602248e-01 3.082440794e-01 3.169360459e-01 3.231516480e-01
 3.269002438e-01 3.283797503e-01 3.279688358e-01 3.261765838e-01 3.235226274e-01
 5.060024932e-02 4.919087142e-02 4.527463391e-02 4.157713056e-02 3.856768459e-02
 3.586212546e-02 3.333824128e-02 3.094669618e-02 2.866716124e-02 2.649297565e-02
 2.442474291e-02 2.246728912e-02 2.062818408e-02 1.891703904e-02 1.734527200e-02
 1.592619158e-02 1.467536855e-02 1.361129899e-02 1.275656186e-02 1.216185652e-02
 1.185698248e-02 1.187322196e-02 1.224245410e-02 1.299732085e-02 1.417277567e-02
 1.575771533e-02 1.778157987e-02 2.026643045e-02 2.322556451e-02 2.665630728e-02
 3.056729771e-02 3.496853262e-02 3.986764327e-02 4.526930302e-02 5.117890984e-02
 5.760281533e-02 6.454856694e-02 7.202513516e-02 8.004310727e-02 8.861495554e-02
 9.775535017e-02 1.074814349e-01 1.178131923e-01 1.287736595e-01 1.403891146e-01
 1.526891738e-01 1.657063365e-01 1.794750839e-01 1.940296590e-01 2.093998790e-01
 2.256033421e-01 2.426314354e-01 2.604243755e-01 2.788245976e-01 2.974810302e-01
 3.156405687e-01 3.319275081e-01 3.449771404e-01 3.541741073e-01 3.593639135e-01
 3.606097102e-01 3.581957221e-01 3.528121114e-01 3.458108306e-01 3.386150897e-01
 2.965742350e-02 2.575208806e-02 2.594297007e-02 2.649297193e-02 2.619222552e-02
 2.546979859e-02 2.451799810e-02 2.344106883e-02 2.230545692e-02 2.115861140e-02
 2.003719471e-02 1.897120103e-02 1.798632182e-02 1.710549928e-02 1.635007747e-02
 1.574077830e-02 1.529857330e-02 1.504559629e-02 1.500614639e-02 1.520789787e-02
 1.567710377e-02 1.643909141e-02 1.751812361e-02 1.893685758e-02 2.071511745e-02
 2.286691405e-02 2.540774830e-02 2.835172229e-02 3.171019629e-02 3.549168259e-02
 3.970490023e-02 4.435878992e-02 4.946220666e-02 5.502403900e-02 6.105388701e-02
 6.756258756e-02 7.456262410e-02 8.206852525e-02 9.009730816e-02 9.866891801e-02
 1.078068241e-01 1.175386831e-01 1.278972030e-01 1.389212757e-01 1.506571621e-01
 1.631602347e-01 1.764969081e-01 1.907469332e-01 2.060058713e-01 2.223875523e-01
 2.400254905e-01 2.590725422e-01 2.796968520e-01 3.020765781e-01 3.264089227e-01
 3.530409038e-01 3.768391013e-01 3.930121660e-01 4.027499557e-01 4.066752791e-01
 4.042586386e-01 3.959926367e-01 3.810892105e-01 3.642605543e-01 3.513904810e-01
 1.513786986e-02 1.043358445e-02 1.153929159e-02 1.369539276e-02 1.500323135e-02
 1.570635848e-02 1.599657908e-02 1.601487212e-02 1.586475596e-02 1.562387682e-02
 1.535199396e-02 1.509634312e-02 1.489529945e-02 1.478100196e-02 1.478127576e-02
 1.492109336e-02 1.522366982e-02 1.571129635e-02 1.640586928e-02 1.732903905e-02
 1.850163937e-02 1.994340681e-02 2.167275921e-02 2.370654419e-02 2.605974115e-02
 2.874536999e-02 3.177528828e-02 3.516023234e-02 3.890983015e-02 4.303291067e-02
 4.753817990e-02 5.243468285e-02 5.773208663e-02 6.344107538e-02 6.957373023e-02
 7.614394277e-02 8.316785097e-02 9.066423774e-02 9.865500778e-02 1.071657613e-01
 1.162265241e-01 1.258726716e-01 1.361462176e-01 1.470974833e-01 1.587873548e-01
 1.712904274e-01 1.846991926e-01 1.991299838e-01 2.147310376e-01 2.316937596e-01
 2.502679825e-01 2.707813978e-01 2.936612368e-01 3.194522858e-01 3.488273621e-01
 3.802351356e-01 4.041638374e-01 4.204195142e-01 4.294303954e-01 4.308876991e-01
 4.250145555e-01 4.107190073e-01 3.894163966e-01 3.710272908e-01 3.561801612e-01
 5.225990433e-03 1.226547902e-04 1.435244689e-03 4.017662723e-03 5.953345448e-03
 7.370810024e-03 8.394828998e-03 9.138979018e-03 9.699740447e-03 1.015612204e-02
 1.057175919e-02 1.099778712e-02 1.147565898e-02 1.203959994e-02 1.271855831e-02
 1.353770681e-02 1.451951265e-02 1.568447426e-02 1.705155522e-02 1.863837987e-02
 2.046121471e-02 2.253491059e-02 2.487284876e-02 2.748690732e-02 3.038748726e-02
 3.358364478e-02 3.708338737e-02 4.089393467e-02 4.502205178e-02 4.947443306e-02
 5.425821245e-02 5.938139558e-02 6.485331804e-02 7.068505883e-02 7.688981295e-02
 8.348322660e-02 9.048373997e-02 9.791288525e-02 1.057956815e-01 1.141610518e-01
 1.230425760e-01 1.324792653e-01 1.425169557e-01 1.532099992e-01 1.646238267e-01
 1.768383980e-01 1.899531782e-01 2.040944099e-01 2.194258422e-01 2.361651957e-01
 2.546104789e-01 2.751827240e-01 2.984954417e-01 3.254407048e-01 3.569619060e-01
 3.847686648e-01 4.056430459e-01 4.196237326e-01 4.265049100e-01 4.262498617e-01
 4.176151752e-01 3.999197781e-01 3.808216453e-01 3.648361266e-01 3.513617516e-01
-1.175520825e-03-6.550468970e-03-5.673752632e-03-3.138514468e-03-1.103992574e-03
 5.187597708e-04 1.834667288e-03 2.941610292e-03 3.923687618e-03 4.849608056e-03
 5.774097517e-03 6.740556099e-03 7.783863693e-03 8.932773024e-03 1.021171920e-02
 1.164204627e-02 1.324275509e-02 1.503090933e-02 1.702179760e-02 1.922897808e-02
 2.166426927e-02 2.433772571e-02 2.725768834e-02 3.043087386e-02 3.386253119e-02
 3.755667061e-02 4.151639342e-02 4.574423656e-02 5.024265870e-02 5.501453951e-02
 6.006376445e-02 6.539580971e-02 7.101830095e-02 7.694147527e-02 8.317856491e-02
 8.974599838e-02 9.666358680e-02 1.039545164e-01 1.116454750e-01 1.197667569e-01
 1.283525229e-01 1.374413818e-01 1.470772028e-01 1.573103219e-01 1.681993604e-01
 1.798135787e-01 1.922362447e-01 2.055693120e-01 2.199400067e-01 2.355106175e-01
 2.524937987e-01 2.711788118e-01 2.919846475e-01 3.156193495e-01 3.408571780e-01
 3.619941771e-01 3.781461716e-01 3.890192807e-01 3.945047259e-01 3.937469721e-01
 3.864462078e-01 3.733597696e-01 3.608073890e-01 3.493464589e-01 3.390178680e-01
-5.311521702e-03-1.105661504e-02-1.038997807e-02-8.227919228e-03-6.523862015e-03
-5.124573596e-03-3.898722585e-03-2.745131496e-03-1.591908280e-03-3.900154261e-04
 8.940165280e-04 2.284179442e-03 3.799329279e-03 5.455884617e-03 7.269217167e-03
 9.254110046e-03 1.142464299e-02 1.379379351e-02 1.637296937e-02 1.917161793e-02
 2.219700441e-02 2.545412630e-02 2.894582413e-02 3.267298266e-02 3.663479537e-02
 4.082907364e-02 4.525263980e-02 4.990175739e-02 5.477271974e-02 5.986255035e-02
 6.516984105e-02 7.069563866e-02 7.644425333e-02 8.242397010e-02 8.864736557e-02
 9.513144195e-02 1.018973589e-01 1.089700311e-01 1.163775772e-01 1.241508424e-01
 1.323230267e-01 1.409296244e-01 1.500084996e-01 1.596002281e-01 1.697486788e-01
 1.805015355e-01 1.919107735e-01 2.040327787e-01 2.169274241e-01 2.306545824e-01
 2.452652603e-01 2.607792616e-01 2.771309018e-01 2.940468490e-01 3.107025623e-01
 3.253845572e-01 3.371520340e-01 3.455275297e-01 3.502036929e-01 3.510232866e-01
 3.481164277e-01 3.427284062e-01 3.362304866e-01 3.293291330e-01 3.224460483e-01
-6.449151784e-03-1.257062890e-02-1.267613471e-02-1.151276752e-02-1.075323857e-02
-1.008052286e-02-9.311428294e-03-8.359855972e-03-7.197923493e-03-5.826356355e-03
-4.256127402e-03-2.498381305e-03-5.596457049e-04 1.559640747e-03 3.864569357e-03
 6.364100613e-03 9.069000371e-03 1.198986359e-02 1.513551828e-02 1.851198077e-02
 2.212195098e-02 2.596483007e-02 3.003704362e-02 3.433253616e-02 3.884324431e-02
 4.355947301e-02 4.847019911e-02 5.356343463e-02 5.882681161e-02 6.424853951e-02
 6.981877983e-02 7.553119957e-02 8.138458431e-02 8.738402277e-02 9.354146570e-02
 9.987557679e-02 1.064108238e-01 1.131760180e-01 1.202027276e-01 1.275236905e-01
 1.351716816e-01 1.431785971e-01 1.515750885e-01 1.603901386e-01 1.696506739e-01
 1.793808192e-01 1.896004081e-01 2.003222704e-01 2.115474194e-01 2.232567668e-01
 2.353972197e-01 2.478594780e-01 2.604449987e-01 2.728269100e-01 2.845326662e-01
 2.950095832e-01 3.037613630e-01 3.104335368e-01 3.148344755e-01 3.169515133e-01
 3.169791400e-01 3.153082430e-01 3.124151528e-01 3.087328076e-01 3.045990467e-01
-3.073188011e-03-9.124227799e-03-1.188000664e-02-1.351358928e-02-1.480801124e-02
-1.544758026e-02-1.536650024e-02-1.465744805e-02-1.344362833e-02-1.183588803e-02
-9.921116754e-03-7.759525441e-03-5.385933910e-03-2.813830972e-03-4.117428034e-05
 2.943339758e-03 6.154580973e-03 9.606456384e-03 1.330876537e-02 1.726545952e-02
 2.147422917e-02 2.592718601e-02 3.061221167e-02 3.551441059e-02 4.061710835e-02
 4.590217024e-02 5.134969205e-02 5.693755299e-02 6.264138967e-02 6.843574345e-02
 7.429642975e-02 8.020405471e-02 8.614753187e-02 9.212694317e-02 9.815467894e-02
 1.042548791e-01 1.104610562e-01 1.168123558e-01 1.233495176e-01 1.301115155e-01
 1.371332705e-01 1.444445550e-01 1.520695537e-01 1.600266099e-01 1.683278084e-01
 1.769781113e-01 1.859735250e-01 1.952982694e-01 2.049205303e-01 2.147863358e-01
 2.248114944e-01 2.348724604e-01 2.447977811e-01 2.543655932e-01 2.633137405e-01
 2.713667154e-01 2.782735229e-01 2.838425934e-01 2.879662514e-01 2.906332612e-01
 2.919290066e-01 2.920191586e-01 2.911176682e-01 2.894498706e-01 2.872240543e-01
 1.159781474e-03-5.122787785e-03-1.102975197e-02-1.673615724e-02-2.186725289e-02
-2.354250103e-02-2.361209504e-02-2.262241952e-02-2.091736533e-02-1.873753592e-02
-1.624892466e-02-1.355259679e-02-1.069344860e-02-7.673916407e-03-4.470337182e-03
-1.047747908e-03 2.629050054e-03 6.588100921e-03 1.084577851e-02 1.540467795e-02
 2.025403827e-02 2.537275106e-02 3.073408082e-02 3.631027415e-02 4.207511991e-02
 4.800371453e-02 5.406979471e-02 6.024192646e-02 6.648030132e-02 7.273664325e-02
 7.895912230e-02 8.510152996e-02 9.113287926e-02 9.704409540e-02 1.028508991e-01
 1.085927337e-01 1.143269688e-01 1.201189756e-01 1.260313839e-01 1.321168095e-01
 1.384153962e-01 1.449552625e-01 1.517540663e-01 1.588202715e-01 1.661538184e-01
 1.737458855e-01 1.815778315e-01 1.896195412e-01 1.978268325e-01 2.061386257e-01
 2.144737542e-01 2.227287292e-01 2.307773232e-01 2.384737879e-01 2.456607372e-01
 2.521820366e-01 2.578980923e-01 2.627011836e-01 2.665270567e-01 2.693608999e-01
 2.712371647e-01 2.722322345e-01 2.724522650e-01 2.720189095e-01 2.710559368e-01
 3.400925547e-03-3.697291017e-03-1.142519061e-02-2.018545754e-02-2.986565977e-02
-3.523220494e-02-3.533569351e-02-3.285562247e-02-2.979072370e-02-2.643297985e-02
-2.300975099e-02-1.963255741e-02-1.629719324e-02-1.292723138e-02-9.421181865e-03
-5.681907292e-03-1.629824284e-03 2.791636623e-03 7.612168789e-03 1.283089817e-02
 1.841602102e-02 2.431296743e-02 3.046111763e-02 3.680998832e-02 4.332584515e-02
 4.998824373e-02 5.678042024e-02 6.367603689e-02 7.062329352e-02 7.753253728e-02
 8.428505808e-02 9.076908231e-02 9.691121429e-02 1.026851609e-01 1.081133932e-01
 1.132715121e-01 1.182827130e-01 1.232841387e-01 1.283863485e-01 1.336603761e-01
 1.391458660e-01 1.448618025e-01 1.508137137e-01 1.569975615e-01 1.634014547e-01
 1.700060666e-01 1.767840534e-01 1.836993545e-01 1.907058656e-01 1.977464259e-01
 2.047521174e-01 2.116422057e-01 2.183256596e-01 2.247041464e-01 2.306770682e-01
 2.361480892e-01 2.410325408e-01 2.452643961e-01 2.488017380e-01 2.516297400e-01
 2.537606061e-01 2.552307844e-01 2.560955882e-01 2.564229965e-01 2.562870085e-01
 6.195263471e-03-1.095168991e-03-9.315608069e-03-1.895085908e-02-3.038198687e-02
-3.899227828e-02-4.343943298e-02-4.355027527e-02-3.930497542e-02-3.387441486e-02
-2.914287150e-02-2.519424073e-02-2.173184231e-02-1.840767823e-02-1.494792756e-02
-1.116294786e-02-6.919985637e-03-2.124204766e-03 3.282881342e-03 9.305671789e-03
 1.586323231e-02 2.279007435e-02 2.991864271e-02 3.715659305e-02 4.448426887e-02
 5.192350224e-02 5.951339006e-02 6.729152054e-02 7.526376843e-02 8.330328017e-02
 9.101026505e-02 9.807156026e-02 1.043889597e-01 1.099295616e-01 1.146923974e-01
 1.187595502e-01 1.224787533e-01 1.262904108e-01 1.303533167e-01 1.346978247e-01
 1.393200159e-01 1.442051530e-01 1.493340880e-01 1.546850502e-01 1.602333784e-01
 1.659507900e-01 1.718045324e-01 1.777565628e-01 1.837628186e-01 1.897728592e-01
 1.957299113e-01 2.015714794e-01 2.072307020e-01 2.126385719e-01 2.177269161e-01
 2.224319875e-01 2.266981751e-01 2.304815799e-01 2.337526381e-01 2.364976406e-01
 2.387188971e-01 2.404335290e-01 2.416710407e-01 2.424702793e-01 2.428760529e-01
 1.040066872e-02 3.748247167e-03-3.577648662e-03-1.169469487e-02-2.060303278e-02
-3.008505702e-02-3.843773156e-02-4.266861454e-02-4.230738059e-02-3.696733713e-02
-3.180752322e-02-2.872426063e-02-2.656813338e-02-2.423163876e-02-2.142535150e-02
-1.801270433e-02-1.387900952e-02-8.901259862e-03-2.936398145e-03 4.172882065e-03
 1.248211879e-02 2.117543109e-02 2.956634574e-02 3.770839050e-02 4.573719949e-02
 5.379354954e-02 6.202233955e-02 7.058734447e-02 7.970286906e-02 8.966180682e-02
 9.877245128e-02 1.065034568e-01 1.130415052e-01 1.182935238e-01 1.222139969e-01
 1.246067956e-01 1.261113435e-01 1.285033077e-01 1.315052658e-01 1.349664330e-01
 1.387943923e-01 1.429267973e-01 1.473174393e-01 1.519284546e-01 1.567253768e-01
 1.616742164e-01 1.667397022e-01 1.718841046e-01 1.770668328e-01 1.822440624e-01
 1.873689890e-01 1.923924536e-01 1.972638667e-01 2.019326836e-01 2.063502371e-01
 2.104716003e-01 2.142577618e-01 2.176773846e-01 2.207082212e-01 2.233379632e-01
 2.255643457e-01 2.273946404e-01 2.288444489e-01 2.299362123e-01 2.306973338e-01
 1.578120701e-02 1.022840012e-02 4.274450708e-03-2.082012128e-03-8.756313473e-03
-1.557078026e-02-2.226986364e-02-2.854575031e-02-3.209140897e-02-2.981754020e-02
-2.711204439e-02-2.665060572e-02-2.703162655e-02-2.614268288e-02-2.425702475e-02
-2.144855261e-02-1.766943932e-02-1.280743536e-02-6.668373942e-03 1.115353778e-03
 1.122227870e-02 2.153495327e-02 3.066529147e-02 3.917476535e-02 4.740040749e-02
 5.557697639e-02 6.390462071e-02 7.259190083e-02 8.189474791e-02 9.208756685e-02
 1.014074385e-01 1.092162803e-01 1.156813800e-01 1.207494587e-01 1.243217215e-01
 1.261661649e-01 1.270584911e-01 1.288416684e-01 1.312664002e-01 1.341580153e-01
 1.374094635e-01 1.409532279e-01 1.447421610e-01 1.487382501e-01 1.529068649e-01
 1.572140753e-01 1.616255194e-01 1.661057919e-01 1.706182957e-01 1.751251817e-01
 1.795875281e-01 1.839658916e-01 1.882208288e-01 1.923139393e-01 1.962087452e-01
 1.998720467e-01 2.032748759e-01 2.063935846e-01 2.092106491e-01 2.117150575e-01
 2.139024734e-01 2.157749683e-01 2.173403949e-01 2.186115980e-01 2.196053416e-01
 0.234819794E+01 0.237034035E+01 0.238054419E+01 0.239206553E+01 0.240864730E+01
 0.241902614E+01 0.242909479E+01 0.243939924E+01 0.244942522E+01 0.245938158E+01
 0.246963620E+01 0.247953868E+01 0.248960733E+01 0.250018525E+01 0.251048183E+01
 0.252114129E+01 0.253224850E+01 0.254346418E+01 0.255508399E+01 0.256737018E+01
 0.257999730E+01 0.259305024E+01 0.260676289E+01 0.262123871E+01 0.263615346E+01
 0.265183640E+01 0.266832113E+01 0.268581009E+01 0.270399594E+01 0.272299290E+01
 0.274318552E+01 0.276464820E+01 0.278707075E+01 0.281066227E+01 0.283558941E+01
 0.286207867E+01 0.289024210E+01 0.291985035E+01 0.295119143E+01 0.298451734E+01
 0.302006626E+01 0.305773544E+01 0.309786320E+01 0.314061975E+01 0.318636894E+01
 0.323540163E+01 0.328803349E+01 0.334462643E+01 0.340572500E+01 0.347196531E+01
 0.354385328E+01 0.362244654E+01 0.370837092E+01 0.380330896E+01 0.390834665E+01
 0.402619076E+01 0.415918732E+01 0.431144953E+01 0.448907375E+01 0.470105076E+01
 0.496152973E+01 0.529983521E+01 0.577561283E+01 0.658681202E+01 0.114616680E+02
   90   86
 0.107492924E+01-0.500000007E-01 0.107606053E+01 0.500000007E-01 0.107924175E+01
 0.101516373E+00 0.109007227E+01 0.200000003E+00 0.110562503E+01 0.292530030E+00
 0.111675954E+01 0.349999994E+00 0.113218749E+01 0.422172129E+00 0.114950800E+01
 0.500000000E+00 0.116104937E+01 0.550000012E+00 0.118489242E+01 0.649999976E+00
 0.119731867E+01 0.699999988E+00 0.121187496E+01 0.757191360E+00 0.123727548E+01
 0.846801639E+00 0.125599098E+01 0.899999976E+00 0.128037786E+01 0.949999988E+00
 0.131419277E+01 0.988732576E+00 0.136460936E+01 0.100419807E+01 0.141773438E+01
 0.100151920E+01 0.147085929E+01 0.989822030E+00 0.151734376E+01 0.974337935E+00
 0.155969405E+01 0.956360340E+00 0.160351551E+01 0.936103225E+00 0.165015626E+01
 0.910440683E+00 0.168335938E+01 0.890880346E+00 0.172885203E+01 0.859889090E+00
 0.176304686E+01 0.836028218E+00 0.179809928E+01 0.808343530E+00 0.183971477E+01
 0.773999095E+00 0.186929679E+01 0.747747421E+00 0.190792286E+01 0.710806668E+00
 0.194692969E+01 0.671693742E+00 0.197554684E+01 0.640797913E+00 0.200312328E+01
 0.608874917E+00 0.203961420E+01 0.562500000E+00 0.207509017E+01 0.512499988E+00
 0.210689902E+01 0.462499976E+00 0.213491821E+01 0.413622171E+00 0.216024280E+01
 0.364285588E+00 0.218370342E+01 0.313429207E+00 0.220446539E+01 0.262499988E+00
 0.222234488E+01 0.212500006E+00 0.224280119E+01 0.136761904E+00 0.225570297E+01
 0.676337853E-01 0.226006460E+01-0.250000022E-01 0.225096917E+01-0.119890735E+00
 0.223821020E+01-0.184912741E+00 0.222371817E+01-0.237499997E+00 0.220073032E+01
-0.305238545E+00 0.217476559E+01-0.370848060E+00 0.214820313E+01-0.429376096E+00
 0.212164068E+01-0.481508940E+00 0.209507823E+01-0.528555393E+00 0.206851578E+01
-0.571495652E+00 0.204195309E+01-0.611102700E+00 0.201539063E+01-0.647915721E+00
 0.198439395E+01-0.687564552E+00 0.194308305E+01-0.737500012E+00 0.190914059E+01
-0.776284993E+00 0.188257813E+01-0.805599332E+00 0.185077643E+01-0.838504970E+00
 0.180483758E+01-0.884503365E+00 0.177632809E+01-0.912199974E+00 0.174525619E+01
-0.939682662E+00 0.169805574E+01-0.980178237E+00 0.167007816E+01-0.100274694E+01
 0.162257862E+01-0.103642213E+01 0.159039068E+01-0.105936837E+01 0.154390621E+01
-0.108687747E+01 0.151070309E+01-0.110641611E+01 0.146421874E+01-0.112901556E+01
 0.142688489E+01-0.114489865E+01 0.137895179E+01-0.116394663E+01 0.133140624E+01
-0.117738104E+01 0.127828121E+01-0.118595123E+01 0.121645665E+01-0.118129444E+01
 0.117455387E+01-0.117456055E+01 0.116998708E+01-0.111808014E+01 0.117624915E+01
-0.103745985E+01 0.118117344E+01-0.937500000E+00 0.117618692E+01-0.850000024E+00
 0.116684794E+01-0.750000000E+00 0.116059875E+01-0.699999988E+00 0.114609361E+01
-0.600000024E+00 0.113635898E+01-0.537862420E+00 0.112183404E+01-0.450000018E+00
 0.111161983E+01-0.387499988E+00 0.109855056E+01-0.300000012E+00 0.108657980E+01
-0.200000003E+00 0.108222342E+01-0.150000006E+00 0.107753170E+01-0.875000060E-01
 0.101600003E+01 0.000000000E+00 0.101600003E+01 0.963999987E+00 0.101600003E+01
 0.967999995E+00 0.101600003E+01 0.100100005E+01 0.101600003E+01 0.101900005E+01
 0.101600003E+01 0.107700002E+01 0.101600003E+01 0.107000005E+01 0.101600003E+01
 0.109599996E+01 0.101600003E+01 0.111300004E+01 0.101600003E+01 0.113800001E+01
 0.101600003E+01 0.114699996E+01 0.101199996E+01 0.116499996E+01 0.100100005E+01
 0.121700001E+01 0.102900004E+01 0.121700001E+01 0.104200006E+01 0.116240001E+01
 0.104600000E+01 0.116237998E+01 0.105599999E+01 0.116260004E+01 0.109700000E+01
 0.116450000E+01 0.110800004E+01 0.116594005E+01 0.111600006E+01 0.116591001E+01
 0.113399994E+01 0.116895998E+01 0.114800000E+01 0.117174995E+01 0.116199994E+01
 0.117556000E+01 0.118099999E+01 0.118299997E+01 0.118200004E+01 0.118350005E+01
 0.118499994E+01 0.118499994E+01 0.119000006E+01 0.118799996E+01 0.119500005E+01
 0.119099998E+01 0.120099998E+01 0.119599998E+01 0.120899999E+01 0.120200002E+01
 0.121500003E+01 0.120799994E+01 0.122200000E+01 0.121399999E+01 0.122800004E+01
 0.122099996E+01 0.123399997E+01 0.123099995E+01 0.123899996E+01 0.123800004E+01
 0.124199998E+01 0.124399996E+01 0.124800003E+01 0.125399995E+01 0.125800002E+01
 0.127800000E+01 0.126300001E+01 0.128999996E+01 0.127999997E+01 0.133099997E+01
 0.127999997E+01 0.134700000E+01 0.127999997E+01 0.134800005E+01 0.130999994E+01
 0.134800005E+01 0.132799995E+01 0.134800005E+01 0.136099994E+01 0.134800005E+01
 0.138000000E+01 0.134800005E+01 0.141900003E+01 0.134800005E+01 0.141900003E+01
 0.130999994E+01 0.137199998E+01 0.130999994E+01 0.137199998E+01 0.129200006E+01
 0.160800004E+01 0.109500003E+01 0.164699996E+01 0.107700002E+01 0.178499997E+01
 0.107700002E+01 0.206999993E+01 0.103999996E+01 0.212800002E+01 0.992999971E+00
 0.224499989E+01 0.708999991E+00 0.232299995E+01 0.518999994E+00 0.237700009E+01
 0.388999999E+00 0.236249995E+01 0.400000006E+00 0.236443496E+01 0.222000003E+00
 0.236496902E+01 0.133000001E+00 0.236532402E+01 0.439999998E-01 0.236512089E+01
-0.439999998E-01 0.236484194E+01-0.133000001E+00 0.236433411E+01-0.222000003E+00
 0.236249995E+01-0.400000006E+00 0.237700009E+01-0.388999999E+00 0.213400006E+01
-0.972999990E+00 0.178600001E+01-0.117400002E+01 0.176800001E+01-0.121099997E+01
 0.176800001E+01-0.125000000E+01 0.168200004E+01-0.125000000E+01 0.137199998E+01
-0.125000000E+01 0.137199998E+01-0.132900000E+01 0.141999996E+01-0.132900000E+01
 0.141999996E+01-0.136300004E+01 0.127300000E+01-0.136300004E+01 0.115300000E+01
-0.136300004E+01 0.101600003E+01-0.122300005E+01 0.101600003E+01-0.122300005E+01
 0.101600003E+01-0.829999983E+00 0.101600003E+01-0.800000012E+00 0.101600003E+01
-0.414999992E+00 0.101600003E+01-0.400000006E+00 0.101600003E+01-0.100000005E-02
 0.101600003E+01 0.000000000E+00
    0 0.169550002E+01    0
 0.000000000E+00 0.107437328E+00 0.152336672E+00 0.186899677E+00 0.215161741E+00
 0.240701362E+00 0.264343500E+00 0.285993636E+00 0.306298792E+00 0.325364172E+00
 0.343501866E+00 0.360756814E+00 0.377317727E+00 0.393237829E+00 0.408605367E+00
 0.423482358E+00 0.437928736E+00 0.451941490E+00 0.465648860E+00 0.478985727E+00
 0.492036283E+00 0.504804015E+00 0.517347038E+00 0.529647589E+00 0.541742206E+00
 0.553611279E+00 0.565346777E+00 0.576900005E+00 0.588305712E+00 0.599554062E+00
 0.610696435E+00 0.621724844E+00 0.632638752E+00 0.643458426E+00 0.654174924E+00
 0.664853871E+00 0.675446510E+00 0.685968697E+00 0.696441233E+00 0.706874192E+00
 0.717306137E+00 0.727684319E+00 0.738050938E+00 0.748401344E+00 0.758767366E+00
 0.769155085E+00 0.779561341E+00 0.790004671E+00 0.800482690E+00 0.811021209E+00
 0.821630239E+00 0.832346261E+00 0.843151569E+00 0.854094744E+00 0.865164995E+00
 0.876430690E+00 0.887888134E+00 0.899595201E+00 0.911609173E+00 0.923990905E+00
 0.936810970E+00 0.950251579E+00 0.964517117E+00 0.980173647E+00 0.100000000E+01
    0
