  EFITD    06/25/2013    #1553283000.0ms  EFIT01   0  65  65
 0.170000005E+01 0.320000005E+01 0.169550002E+01 0.839999974E+00 0.000000000E+00
 0.173443806E+01-0.361393653E-01-0.146574035E+00 0.345150754E-01 0.165650988E+01
 0.101600125E+07-0.146574035E+00 0.000000000E+00 0.173443806E+01 0.000000000E+00
-0.361393653E-01 0.000000000E+00 0.345150754E-01 0.000000000E+00 0.000000000E+00
 0.282816744E+01 0.282788849E+01 0.282759047E+01 0.282727432E+01 0.282694125E+01
 0.282659173E+01 0.282622671E+01 0.282584667E+01 0.282545352E+01 0.282504725E+01
 0.282462907E+01 0.282419991E+01 0.282376027E+01 0.282331157E+01 0.282285428E+01
 0.282238913E+01 0.282191753E+01 0.282143998E+01 0.282095742E+01 0.282047081E+01
 0.281998110E+01 0.281948900E+01 0.281899500E+01 0.281850100E+01 0.281800699E+01
 0.281751394E+01 0.281702328E+01 0.281653547E+01 0.281605148E+01 0.281557226E+01
 0.281509829E+01 0.281463099E+01 0.281417084E+01 0.281371903E+01 0.281327605E+01
 0.281284332E+01 0.281242156E+01 0.281201124E+01 0.281161380E+01 0.281122971E+01
 0.281086016E+01 0.281050587E+01 0.281016779E+01 0.280984664E+01 0.280954361E+01
 0.280925918E+01 0.280899477E+01 0.280875063E+01 0.280852795E+01 0.280832791E+01
 0.280815125E+01 0.280799842E+01 0.280787086E+01 0.280776882E+01 0.280769396E+01
 0.280764675E+01 0.280762815E+01 0.280763888E+01 0.280767989E+01 0.280775213E+01
 0.280785656E+01 0.280799389E+01 0.280816507E+01 0.280837107E+01 0.280861259E+01
 0.495248555E+05 0.484790078E+05 0.474417930E+05 0.464132148E+05 0.453932734E+05
 0.443819688E+05 0.433792969E+05 0.423852617E+05 0.413998594E+05 0.404230977E+05
 0.394549688E+05 0.384954766E+05 0.375446211E+05 0.366024023E+05 0.356688125E+05
 0.347438633E+05 0.338275508E+05 0.329198711E+05 0.320208281E+05 0.311304219E+05
 0.302486504E+05 0.293755137E+05 0.285110156E+05 0.276551504E+05 0.268079219E+05
 0.259693281E+05 0.251393691E+05 0.243180488E+05 0.235053633E+05 0.227013125E+05
 0.219058965E+05 0.211191172E+05 0.203409727E+05 0.195714648E+05 0.188105938E+05
 0.180583574E+05 0.173147559E+05 0.165797891E+05 0.158534600E+05 0.151357656E+05
 0.144267070E+05 0.137262852E+05 0.130344980E+05 0.123513457E+05 0.116768301E+05
 0.110109502E+05 0.103537051E+05 0.970509570E+04 0.906512305E+04 0.843378516E+04
 0.781108350E+04 0.719701758E+04 0.659158691E+04 0.599479199E+04 0.540663281E+04
 0.482710889E+04 0.425622070E+04 0.369396851E+04 0.314035156E+04 0.259537061E+04
 0.205902515E+04 0.153131543E+04 0.101224121E+04 0.501802795E+03 0.000000000E+00
-0.265972763E+00-0.285423785E+00-0.303997576E+00-0.321694136E+00-0.338513374E+00
-0.354455262E+00-0.369519919E+00-0.383707315E+00-0.397017360E+00-0.409450144E+00
-0.421005666E+00-0.431683898E+00-0.441484839E+00-0.450408518E+00-0.458454877E+00
-0.465623915E+00-0.471915722E+00-0.477330267E+00-0.481867492E+00-0.485527426E+00
-0.488310039E+00-0.490215421E+00-0.491243482E+00-0.491394341E+00-0.490667820E+00
-0.489064038E+00-0.486582965E+00-0.483224630E+00-0.478988975E+00-0.473876059E+00
-0.467885852E+00-0.461018384E+00-0.453273594E+00-0.444651544E+00-0.435152173E+00
-0.424775541E+00-0.413521588E+00-0.401390404E+00-0.388381898E+00-0.374496132E+00
-0.359733075E+00-0.344092727E+00-0.327575088E+00-0.310180157E+00-0.291907936E+00
-0.272758454E+00-0.252731681E+00-0.231827617E+00-0.210046247E+00-0.187387615E+00
-0.163851693E+00-0.139438480E+00-0.114147976E+00-0.879801959E-01-0.609351322E-01
-0.330127776E-01-0.421313895E-02 0.254637860E-01 0.560179986E-01 0.874494910E-01
 0.119758278E+00 0.152944341E+00 0.187007695E+00 0.221948341E+00 0.257766277E+00
-0.371814688E+06-0.368749500E+06-0.365684281E+06-0.362619062E+06-0.359553906E+06
-0.356488688E+06-0.353423500E+06-0.350358312E+06-0.347293094E+06-0.344227875E+06
-0.341162688E+06-0.338097500E+06-0.335032281E+06-0.331967062E+06-0.328901906E+06
-0.325836688E+06-0.322771500E+06-0.319706312E+06-0.316641094E+06-0.313575875E+06
-0.310510688E+06-0.307445500E+06-0.304380281E+06-0.301315062E+06-0.298249906E+06
-0.295184688E+06-0.292119500E+06-0.289054312E+06-0.285989094E+06-0.282923875E+06
-0.279858688E+06-0.276793500E+06-0.273728281E+06-0.270663094E+06-0.267597906E+06
-0.264532688E+06-0.261467500E+06-0.258402297E+06-0.255337094E+06-0.252271891E+06
-0.249206688E+06-0.246141500E+06-0.243076297E+06-0.240011094E+06-0.236945906E+06
-0.233880688E+06-0.230815500E+06-0.227750297E+06-0.224685094E+06-0.221619906E+06
-0.218554688E+06-0.215489500E+06-0.212424297E+06-0.209359094E+06-0.206293906E+06
-0.203228688E+06-0.200163500E+06-0.197098297E+06-0.194033094E+06-0.190967906E+06
-0.187902703E+06-0.184837500E+06-0.181772297E+06-0.178707094E+06-0.175641906E+06
 7.444387674e-02 7.316736877e-02 7.195614278e-02 7.073646784e-02 6.943714619e-02
 6.797313690e-02 6.622312963e-02 6.401284039e-02 6.037787721e-02 5.422534049e-02
 4.691192508e-02 3.837633133e-02 2.980205044e-02 2.374480292e-02 1.962899044e-02
 1.720315404e-02 1.639597490e-02 1.724549942e-02 1.993163116e-02 2.486565709e-02
 3.286147118e-02 4.127223045e-02 4.808165133e-02 5.396690220e-02 5.929866433e-02
 6.429378688e-02 6.909172237e-02 7.378946245e-02 7.845898718e-02 8.315507323e-02
 8.783910424e-02 9.250422567e-02 9.716051817e-02 1.017970592e-01 1.063992232e-01
 1.109472662e-01 1.154594123e-01 1.200046390e-01 1.245791614e-01 1.291902512e-01
 1.338519752e-01 1.385794282e-01 1.433833539e-01 1.482670456e-01 1.532255709e-01
 1.582466066e-01 1.633116305e-01 1.683970094e-01 1.734747738e-01 1.785133779e-01
 1.834784448e-01 1.883333921e-01 1.930405200e-01 1.975619644e-01 2.018610537e-01
 2.059035599e-01 2.096590996e-01 2.131023109e-01 2.162138671e-01 2.189812064e-01
 2.213987708e-01 2.234678715e-01 2.251962572e-01 2.265972048e-01 2.276885659e-01
 7.041557878e-02 6.908189505e-02 6.807275862e-02 6.737840921e-02 6.694022566e-02
 6.662331522e-02 6.574708223e-02 6.334780902e-02 5.913451687e-02 5.292330310e-02
 4.625126719e-02 3.952980414e-02 3.329573944e-02 2.844266407e-02 2.502967045e-02
 2.301194891e-02 2.237835340e-02 2.316774614e-02 2.546938509e-02 2.940483578e-02
 3.497326747e-02 4.111709446e-02 4.687639326e-02 5.223776400e-02 5.730261654e-02
 6.216898188e-02 6.691791117e-02 7.161477208e-02 7.631324977e-02 8.105716109e-02
 8.580631018e-02 9.055414796e-02 9.531610459e-02 1.000942513e-01 1.048857272e-01
 1.096815914e-01 1.145102382e-01 1.194402352e-01 1.244664267e-01 1.295890212e-01
 1.348112822e-01 1.401366889e-01 1.455664635e-01 1.510976553e-01 1.567219943e-01
 1.624253541e-01 1.681875587e-01 1.739824414e-01 1.797780842e-01 1.855370998e-01
 1.912172437e-01 1.967721134e-01 2.021524310e-01 2.073076069e-01 2.121876478e-01
 2.167454362e-01 2.209389657e-01 2.247335613e-01 2.281036973e-01 2.310341001e-01
 2.335202694e-01 2.355681062e-01 2.371929437e-01 2.384179235e-01 2.392721772e-01
 6.508985162e-02 6.370282173e-02 6.293407083e-02 6.290904433e-02 6.362289935e-02
 6.350149959e-02 6.211133301e-02 5.931798741e-02 5.502077192e-02 5.030708760e-02
 4.572461918e-02 4.144214094e-02 3.764407337e-02 3.453965485e-02 3.228544444e-02
 3.097244725e-02 3.065140918e-02 3.134858608e-02 3.306126222e-02 3.573045880e-02
 3.919795901e-02 4.320336878e-02 4.748404771e-02 5.187280849e-02 5.629648268e-02
 6.073672324e-02 6.520093977e-02 6.970670819e-02 7.427349687e-02 7.891498506e-02
 8.362451196e-02 8.839964867e-02 9.324675798e-02 9.817122668e-02 1.031771004e-01
 1.082695574e-01 1.134685129e-01 1.188006625e-01 1.242745817e-01 1.298943907e-01
 1.356628239e-01 1.415809244e-01 1.476469934e-01 1.538555622e-01 1.601963937e-01
 1.666535735e-01 1.732046753e-01 1.798201650e-01 1.864628345e-01 1.930875480e-01
 1.996411830e-01 2.060633451e-01 2.122875154e-01 2.182433456e-01 2.238595784e-01
 2.290678471e-01 2.338068932e-01 2.380264848e-01 2.416908443e-01 2.447808534e-01
 2.472947240e-01 2.492471784e-01 2.506673038e-01 2.515953183e-01 2.520790696e-01
 5.773174390e-02 5.601972714e-02 5.521959811e-02 5.539577082e-02 5.628074333e-02
 5.602324381e-02 5.429485068e-02 5.186492205e-02 4.925284535e-02 4.655007645e-02
 4.387442023e-02 4.135559872e-02 3.912572935e-02 3.731045872e-02 3.601761907e-02
 3.532937542e-02 3.529989719e-02 3.595475852e-02 3.728842735e-02 3.926023096e-02
 4.179373384e-02 4.478666931e-02 4.813202843e-02 5.173924938e-02 5.554442480e-02
 5.950915068e-02 6.361407787e-02 6.785190105e-02 7.222157717e-02 7.672411203e-02
 8.136066794e-02 8.613316715e-02 9.104515612e-02 9.610174596e-02 1.013095677e-01
 1.066772342e-01 1.122154891e-01 1.179355532e-01 1.238469630e-01 1.299568117e-01
 1.362698972e-01 1.427884847e-01 1.495119035e-01 1.564356685e-01 1.635504812e-01
 1.708410978e-01 1.782850027e-01 1.858509034e-01 1.934973001e-01 2.011710703e-01
 2.088062316e-01 2.163237333e-01 2.236321867e-01 2.306303978e-01 2.372121960e-01
 2.432728857e-01 2.487172782e-01 2.534676194e-01 2.574703693e-01 2.607006431e-01
 2.631632686e-01 2.648907304e-01 2.659381926e-01 2.663767338e-01 2.662861943e-01
 4.731330648e-02 4.481615499e-02 4.397389665e-02 4.443570971e-02 4.536824301e-02
 4.549710453e-02 4.519806802e-02 4.453886300e-02 4.359792173e-02 4.246585816e-02
 4.124276340e-02 4.003336281e-02 3.894158080e-02 3.806500882e-02 3.748977184e-02
 3.728635237e-02 3.750674427e-02 3.818272799e-02 3.932509571e-02 4.092410207e-02
 4.295197129e-02 4.536819458e-02 4.812681675e-02 5.118380859e-02 5.450220406e-02
 5.805435777e-02 6.182165071e-02 6.579287350e-02 6.996219605e-02 7.432746142e-02
 7.888894528e-02 8.364884555e-02 8.861097693e-02 9.378074110e-02 9.916493297e-02
 1.047716662e-01 1.106099933e-01 1.166894212e-01 1.230192110e-01 1.296078265e-01
 1.364624798e-01 1.435886323e-01 1.509894133e-01 1.586647183e-01 1.666101664e-01
 1.748155951e-01 1.832631379e-01 1.919249892e-01 2.007603049e-01 2.097119093e-01
 2.187026143e-01 2.276319861e-01 2.363746762e-01 2.447819561e-01 2.526882887e-01
 2.599232197e-01 2.663280070e-01 2.717727423e-01 2.761709094e-01 2.794887424e-01
 2.817470431e-01 2.830160558e-01 2.834035456e-01 2.830390334e-01 2.820586264e-01
 3.125984967e-02 2.620882913e-02 2.807462215e-02 3.148983046e-02 3.408927470e-02
 3.602082655e-02 3.734417260e-02 3.814866394e-02 3.853359073e-02 3.860056028e-02
 3.845090792e-02 3.818375245e-02 3.789370880e-02 3.766841814e-02 3.758609667e-02
 3.771342337e-02 3.810397536e-02 3.879731148e-02 3.981885687e-02 4.118066654e-02
 4.288316891e-02 4.491786286e-02 4.727062955e-02 4.992509261e-02 5.286540836e-02
 5.607815087e-02 5.955317616e-02 6.328377128e-02 6.726627797e-02 7.149969041e-02
 7.598514855e-02 8.072562516e-02 8.572570235e-02 9.099142253e-02 9.653018415e-02
 1.023505852e-01 1.084622294e-01 1.148755550e-01 1.216014922e-01 1.286512464e-01
 1.360358894e-01 1.437661052e-01 1.518515497e-01 1.603002697e-01 1.691175997e-01
 1.783047020e-01 1.878564954e-01 1.977584362e-01 2.079822123e-01 2.184796035e-01
 2.291743159e-01 2.399518341e-01 2.506490648e-01 2.610472441e-01 2.708764076e-01
 2.798377872e-01 2.876431942e-01 2.940569818e-01 2.989276648e-01 3.022064269e-01
 3.039523959e-01 3.043217063e-01 3.035367727e-01 3.018450737e-01 2.994827926e-01
 1.887755096e-02 1.230658125e-02 1.535542030e-02 2.108167298e-02 2.550238743e-02
 2.888285369e-02 3.142838553e-02 3.329330683e-02 3.460773081e-02 3.548875824e-02
 3.604470938e-02 3.637643158e-02 3.657737002e-02 3.673305735e-02 3.692030534e-02
 3.720640019e-02 3.764848411e-02 3.829328716e-02 3.917722404e-02 4.032694176e-02
 4.176033288e-02 4.348790273e-02 4.551443830e-02 4.784085229e-02 5.046604946e-02
 5.338837951e-02 5.660651252e-02 6.011999026e-02 6.392951310e-02 6.803707778e-02
 7.244597375e-02 7.716077566e-02 8.218737692e-02 8.753294498e-02 9.320592880e-02
 9.921610355e-02 1.055745259e-01 1.122935638e-01 1.193868965e-01 1.268694699e-01
 1.347575188e-01 1.430684775e-01 1.518209130e-01 1.610343158e-01 1.707285643e-01
 1.809232235e-01 1.916359812e-01 2.028802186e-01 2.146606296e-01 2.269659489e-01
 2.397565991e-01 2.529445887e-01 2.663616538e-01 2.797155678e-01 2.925505042e-01
 3.042744100e-01 3.142998815e-01 3.221777678e-01 3.276355267e-01 3.305871487e-01
 3.311635554e-01 3.297314048e-01 3.268076181e-01 3.228966892e-01 3.184016645e-01
 1.297912654e-02 5.839231424e-03 9.393325076e-03 1.571688615e-02 2.083925530e-02
 2.491612360e-02 2.809246257e-02 3.050863743e-02 3.229544312e-02 3.357345238e-02
 3.445350379e-02 3.503736109e-02 3.541836515e-02 3.568191826e-02 3.590531647e-02
 3.615762666e-02 3.649964184e-02 3.698392585e-02 3.765502572e-02 3.854979575e-02
 3.969785571e-02 4.112204909e-02 4.283897579e-02 4.485978931e-02 4.719302431e-02
 4.984567314e-02 5.282357335e-02 5.613174289e-02 5.977503210e-02 6.375851482e-02
 6.808780134e-02 7.276923954e-02 7.781006396e-02 8.321860433e-02 8.900441974e-02
 9.517849237e-02 1.017534286e-01 1.087436229e-01 1.161655486e-01 1.240380034e-01
 1.323825121e-01 1.412236243e-01 1.505895555e-01 1.605125815e-01 1.710297763e-01
 1.821835935e-01 1.940224916e-01 2.066012323e-01 2.199804932e-01 2.342247069e-01
 2.493959963e-01 2.655385733e-01 2.826403379e-01 3.005412817e-01 3.187101781e-01
 3.354235291e-01 3.491765559e-01 3.593848348e-01 3.656728268e-01 3.678021431e-01
 3.657205105e-01 3.602523208e-01 3.532722592e-01 3.456971943e-01 3.380482495e-01
 1.277658250e-02 5.534016527e-03 8.838209324e-03 1.515585557e-02 2.033203281e-02
 2.446784452e-02 2.768725529e-02 3.012192249e-02 3.190006316e-02 3.314118832e-02
 3.395447508e-02 3.443874791e-02 3.468436375e-02 3.477607667e-02 3.479107097e-02
 3.479946405e-02 3.486462682e-02 3.504346311e-02 3.538668901e-02 3.593906015e-02
 3.673952818e-02 3.782089055e-02 3.920803964e-02 4.091218114e-02 4.294729978e-02
 4.532774165e-02 4.806521535e-02 5.116806924e-02 5.464379489e-02 5.849975348e-02
 6.274318695e-02 6.738160551e-02 7.242312282e-02 7.787670195e-02 8.375249803e-02
 9.006211162e-02 9.681903571e-02 1.040389463e-01 1.117402017e-01 1.199443936e-01
 1.286769658e-01 1.379680783e-01 1.478536874e-01 1.583768427e-01 1.695895493e-01
 1.815551221e-01 1.943513304e-01 2.080749124e-01 2.228476405e-01 2.388255149e-01
 2.562126219e-01 2.752842307e-01 2.964300513e-01 3.202566206e-01 3.472703993e-01
 3.716108799e-01 3.906337619e-01 4.042046964e-01 4.120284617e-01 4.134051800e-01
 4.081032574e-01 3.951887488e-01 3.811053634e-01 3.681606352e-01 3.564518690e-01
 1.750141941e-02 1.035816874e-02 1.332125627e-02 1.927259937e-02 2.399452217e-02
 2.761744522e-02 3.031033278e-02 3.223091736e-02 3.351806849e-02 3.429148719e-02
 3.465555608e-02 3.469735757e-02 3.449255973e-02 3.413114697e-02 3.368752450e-02
 3.323077038e-02 3.282510862e-02 3.253016248e-02 3.240126371e-02 3.249001503e-02
 3.284529597e-02 3.351549804e-02 3.455337137e-02 3.591150790e-02 3.761794791e-02
 3.970489651e-02 4.219238088e-02 4.508303106e-02 4.838451743e-02 5.210638046e-02
 5.625620112e-02 6.084156036e-02 6.587056816e-02 7.135184109e-02 7.729503512e-02
 8.371130377e-02 9.061372280e-02 9.801784158e-02 1.059421748e-01 1.144089252e-01
 1.234448031e-01 1.330821216e-01 1.433601081e-01 1.543268263e-01 1.660414785e-01
 1.785778403e-01 1.920288205e-01 2.065131366e-01 2.221849710e-01 2.392487079e-01
 2.579817176e-01 2.787712812e-01 3.021745980e-01 3.290050924e-01 3.603755534e-01
 3.925101757e-01 4.172676802e-01 4.345242083e-01 4.444294274e-01 4.468698800e-01
 4.407973588e-01 4.256335497e-01 4.040234983e-01 3.856421709e-01 3.701412380e-01
 2.728866227e-02 2.030675858e-02 2.337652817e-02 2.844031155e-02 3.195687756e-02
 3.433283418e-02 3.584684432e-02 3.669454157e-02 3.701715544e-02 3.692189604e-02
 3.649426624e-02 3.580495715e-02 3.491466492e-02 3.387740254e-02 3.278076649e-02
 3.168811649e-02 3.066059947e-02 2.975669131e-02 2.903186344e-02 2.853837237e-02
 2.832496911e-02 2.843620069e-02 2.891046554e-02 2.977438271e-02 3.106017038e-02
 3.280558437e-02 3.505648673e-02 3.772997856e-02 4.084532335e-02 4.442794248e-02
 4.847864062e-02 5.300333351e-02 5.801027268e-02 6.350585818e-02 6.949777901e-02
 7.599521428e-02 8.300931007e-02 9.055359662e-02 9.864458442e-02 1.073023677e-01
 1.165514886e-01 1.264219135e-01 1.369503438e-01 1.481818855e-01 1.601722538e-01
 1.729907095e-01 1.867240518e-01 2.014820278e-01 2.174048424e-01 2.346734107e-01
 2.535235584e-01 2.742642462e-01 2.972993255e-01 3.231483400e-01 3.524597585e-01
 3.858095407e-01 4.140387774e-01 4.340460300e-01 4.461158812e-01 4.503442049e-01
 4.469452202e-01 4.348561466e-01 4.138859510e-01 3.924638927e-01 3.751609027e-01
 4.582393914e-02 4.018667713e-02 4.118765146e-02 4.327614233e-02 4.406919703e-02
 4.416074604e-02 4.377320409e-02 4.301979020e-02 4.197203368e-02 4.068257660e-02
 3.919439018e-02 3.754484653e-02 3.576773033e-02 3.389418125e-02 3.199679404e-02
 3.013362177e-02 2.836190350e-02 2.673751488e-02 2.531444840e-02 2.414431237e-02
 2.327586338e-02 2.275448292e-02 2.262165770e-02 2.291480079e-02 2.366895415e-02
 2.491640672e-02 2.668408304e-02 2.898659743e-02 3.185016662e-02 3.531504422e-02
 3.926941007e-02 4.372759163e-02 4.871289805e-02 5.421837419e-02 6.024902686e-02
 6.681076437e-02 7.391121238e-02 8.156014979e-02 8.976992220e-02 9.855594486e-02
 1.079372913e-01 1.179374084e-01 1.285850108e-01 1.399150938e-01 1.519702971e-01
 1.648024768e-01 1.784746051e-01 1.930630356e-01 2.086600065e-01 2.253760993e-01
 2.433421910e-01 2.627096474e-01 2.836476862e-01 3.063372076e-01 3.309703469e-01
 3.578127623e-01 3.852289915e-01 4.046699703e-01 4.171815515e-01 4.233191907e-01
 4.228487611e-01 4.163053930e-01 4.028133154e-01 3.840323389e-01 3.688069582e-01
 7.260005176e-02 7.054387033e-02 6.584042311e-02 6.160651147e-02 5.837745219e-02
 5.555227771e-02 5.288984627e-02 5.027875677e-02 4.766342789e-02 4.501627013e-02
 4.232540354e-02 3.958848864e-02 3.680928051e-02 3.399551660e-02 3.120067716e-02
 2.847680636e-02 2.587685734e-02 2.345374599e-02 2.125955187e-02 1.934485510e-02
 1.775821112e-02 1.654568315e-02 1.575052924e-02 1.541300770e-02 1.557036769e-02
 1.625654288e-02 1.750154793e-02 1.933101751e-02 2.176767215e-02 2.482883260e-02
 2.851792797e-02 3.285261244e-02 3.786608949e-02 4.338817298e-02 4.946061596e-02
 5.608332530e-02 6.325901300e-02 7.099237293e-02 7.929001749e-02 8.816072345e-02
 9.761581570e-02 1.076694131e-01 1.183387563e-01 1.296444833e-01 1.416108906e-01
 1.542660743e-01 1.676416099e-01 1.817718744e-01 1.966922581e-01 2.124355584e-01
 2.290254831e-01 2.464646697e-01 2.647137940e-01 2.836530805e-01 3.030067980e-01
 3.221791387e-01 3.399652541e-01 3.547789752e-01 3.656737804e-01 3.723548055e-01
 3.748164475e-01 3.732626736e-01 3.682269156e-01 3.608687520e-01 3.528176248e-01
 9.136922657e-02 9.035468847e-02 8.396717161e-02 7.712133974e-02 7.132716477e-02
 6.624920666e-02 6.164462864e-02 5.734877661e-02 5.325262994e-02 4.928416759e-02
 4.539595544e-02 4.155721143e-02 3.774870187e-02 3.395937383e-02 3.022773936e-02
 2.660191059e-02 2.313196659e-02 1.986873522e-02 1.686286367e-02 1.416406501e-02
 1.182055287e-02 9.878593497e-03 8.382176049e-03 7.372767199e-03 6.889116950e-03
 6.967039779e-03 7.639157586e-03 8.934662677e-03 1.087915432e-02 1.349406131e-02
 1.679614373e-02 2.079929039e-02 2.551176026e-02 3.092717938e-02 3.706679493e-02
 4.376526177e-02 5.102349818e-02 5.884135887e-02 6.721903384e-02 7.615744323e-02
 8.565940708e-02 9.572871029e-02 1.063701138e-01 1.175890863e-01 1.293912679e-01
 1.417815089e-01 1.547623426e-01 1.683316231e-01 1.824788153e-01 1.971794218e-01
 2.123866975e-01 2.280191630e-01 2.439427376e-01 2.599457800e-01 2.757088542e-01
 2.907807231e-01 3.045955300e-01 3.165687025e-01 3.262329102e-01 3.333182931e-01
 3.377629519e-01 3.397052884e-01 3.394799531e-01 3.375878036e-01 3.345951438e-01
 1.034045592e-01 1.026415899e-01 9.617249668e-02 8.840157092e-02 8.135747164e-02
 7.492288947e-02 6.896845996e-02 6.337997317e-02 5.806436390e-02 5.294903368e-02
 4.797877371e-02 4.311236739e-02 3.831956536e-02 3.357861191e-02 2.892214060e-02
 2.439802699e-02 2.005602047e-02 1.594659314e-02 1.212007273e-02 8.625926450e-03
 5.512258504e-03 2.825400326e-03 6.096314173e-04-1.093033934e-03-2.243013820e-03
-2.803312149e-03-2.739679534e-03-2.020800253e-03-6.185194943e-04 1.491837786e-03
 4.331101663e-03 7.915872149e-03 1.225752011e-02 1.736098900e-02 2.322552539e-02
 2.983599156e-02 3.720114380e-02 4.512597993e-02 5.360285193e-02 6.262088567e-02
 7.217746973e-02 8.226633072e-02 9.288047254e-02 1.040120125e-01 1.156510562e-01
 1.277842820e-01 1.403929591e-01 1.534502804e-01 1.669180244e-01 1.807417721e-01
 1.948450357e-01 2.091218829e-01 2.234286964e-01 2.375763953e-01 2.513264418e-01
 2.643960416e-01 2.764779925e-01 2.872757316e-01 2.965444624e-01 3.041245341e-01
 3.099596798e-01 3.141005635e-01 3.166946471e-01 3.179617822e-01 3.181569576e-01
 1.119472906e-01 1.112973541e-01 1.045222655e-01 9.628233314e-02 8.857159317e-02
 8.133125305e-02 7.449086010e-02 6.797859818e-02 6.172819436e-02 5.568202585e-02
 4.979183152e-02 4.401815683e-02 3.832929581e-02 3.270009160e-02 2.716785856e-02
 2.178374864e-02 1.659974270e-02 1.166780293e-02 7.039189339e-03 2.763935830e-03
-1.109546982e-03-4.534747917e-03-7.467245683e-03-9.864832275e-03-1.168759353e-02
-1.289798319e-02-1.346089970e-02-1.334380545e-02-1.251689903e-02-1.095336862e-02
-8.629756048e-03-5.526448600e-03-1.628362108e-03 3.074231092e-03 8.584829047e-03
 1.489933580e-02 2.200625464e-02 2.987806499e-02 3.851413354e-02 4.764135182e-02
 5.729419738e-02 6.744562089e-02 7.807751000e-02 8.917222917e-02 1.007093862e-01
 1.126639992e-01 1.250047386e-01 1.376919150e-01 1.506750733e-01 1.638902128e-01
 1.772565991e-01 1.906735003e-01 2.040176988e-01 2.171424478e-01 2.298795283e-01
 2.420455366e-01 2.534532249e-01 2.639267445e-01 2.733181715e-01 2.815217674e-01
 2.884829640e-01 2.942010164e-01 2.987244427e-01 3.021409810e-01 3.045632839e-01
 1.176104248e-01 1.169575006e-01 1.099386886e-01 1.014446989e-01 9.336636961e-02
 8.564796299e-02 7.823663950e-02 7.108149678e-02 6.413568556e-02 5.735711008e-02
 5.070860684e-02 4.415780678e-02 3.767681122e-02 3.124167956e-02 2.490407974e-02
 1.872060820e-02 1.274719834e-02 7.038611453e-03 1.648009988e-03-3.373357235e-03
-7.976374589e-03-1.211419236e-02-1.574228145e-02-1.881844550e-02-2.130278759e-02
-2.315768413e-02-2.434776351e-02-2.483994886e-02-2.460351959e-02-2.361032367e-02
-2.183503844e-02-1.925560646e-02-1.585381851e-02-1.161603816e-02-6.534131244e-03
-6.065808702e-04 6.160217337e-03 1.375003625e-02 2.213603444e-02 3.126880154e-02
 4.113182053e-02 5.142615363e-02 6.215287372e-02 7.329596579e-02 8.483070880e-02
 9.672663361e-02 1.089465171e-01 1.214458495e-01 1.341717541e-01 1.470616758e-01
 1.600420624e-01 1.730270982e-01 1.859184206e-01 1.986057758e-01 2.109692693e-01
 2.228834033e-01 2.342229933e-01 2.448700070e-01 2.547206581e-01 2.636913955e-01
 2.717227638e-01 2.787808478e-01 2.848560810e-01 2.899603248e-01 2.941226065e-01
 1.204539984e-01 1.196371987e-01 1.128088757e-01 1.042964309e-01 9.610296786e-02
 8.815345168e-02 8.039900661e-02 7.280622423e-02 6.534696370e-02 5.799508840e-02
 5.072585493e-02 4.351598024e-02 3.634379432e-02 2.918902598e-02 2.212519757e-02
 1.521481201e-02 8.518254384e-03 2.093570307e-03-4.003738984e-03-9.720874950e-03
-1.500780508e-02-1.981724985e-02-2.410460636e-02-2.782783099e-02-3.094729409e-02
-3.342563659e-02-3.522766382e-02-3.632023558e-02-3.667230532e-02-3.625496849e-02
-3.504166007e-02-3.300849348e-02-3.013471141e-02-2.640333399e-02-2.180194855e-02
-1.632369310e-02-9.968355298e-03-2.743579447e-03 5.334106274e-03 1.423854195e-02
 2.393700555e-02 3.438385576e-02 4.527458176e-02 5.656448752e-02 6.821393967e-02
 8.018999547e-02 9.245158732e-02 1.049527675e-01 1.176428348e-01 1.304656267e-01
 1.433587074e-01 1.562529206e-01 1.690724939e-01 1.817356348e-01 1.941559911e-01
 2.062447071e-01 2.179128826e-01 2.290742099e-01 2.396472692e-01 2.495571226e-01
 2.587357759e-01 2.671220899e-01 2.746614814e-01 2.813062370e-01 2.870177329e-01
 1.208974272e-01 1.196243539e-01 1.131747440e-01 1.052272618e-01 9.722373635e-02
 8.922757953e-02 8.127373457e-02 7.337191701e-02 6.551936269e-02 5.770660192e-02
 4.992064089e-02 4.214695469e-02 3.437124193e-02 2.657958865e-02 1.887059212e-02
 1.131081022e-02 3.964472096e-03-3.107231110e-03-9.846461937e-03-1.619883440e-02
-2.211337723e-02-2.754240297e-02-3.244130313e-02-3.676832095e-02-4.048428684e-02
-4.355236143e-02-4.593782872e-02-4.760789126e-02-4.853156954e-02-4.867970198e-02
-4.802500084e-02-4.654228687e-02-4.420884699e-02-4.100497440e-02-3.691463917e-02
-3.192639351e-02-2.603445016e-02-1.923995651e-02-1.155248191e-02-2.991838846e-03
 6.409517489e-03 1.660190895e-02 2.751165628e-02 3.909887001e-02 5.098773912e-02
 6.319540739e-02 7.566532493e-02 8.834963292e-02 1.012023911e-01 1.141765267e-01
 1.272223890e-01 1.402872801e-01 1.533154547e-01 1.662485749e-01 1.790262908e-01
 1.915870011e-01 2.038683593e-01 2.158073485e-01 2.273394763e-01 2.383968383e-01
 2.489048243e-01 2.587780952e-01 2.679169476e-01 2.762073874e-01 2.835280895e-01
 1.213387549e-01 1.198245659e-01 1.133979410e-01 1.054835171e-01 9.745710343e-02
 8.935089409e-02 8.120313287e-02 7.303319871e-02 6.484697014e-02 5.664191023e-02
 4.841012508e-02 4.014013335e-02 3.181763366e-02 2.348155901e-02 1.521170698e-02
 7.082186639e-03-8.377959020e-04-8.483638987e-03-1.579518616e-02-2.271657065e-02
-2.919600159e-02-3.518550470e-02-4.064058512e-02-4.551991820e-02-4.978494346e-02
-5.339954048e-02-5.632969365e-02-5.854321271e-02-6.000953540e-02-6.069957465e-02
-6.058574468e-02-5.964204296e-02-5.784431100e-02-5.517065525e-02-5.160201341e-02
-4.712298512e-02-4.172278196e-02-3.539647907e-02-2.814649418e-02-1.998434775e-02
-1.093272679e-02-1.027851133e-03 9.678461589e-03 2.111828700e-02 3.319247812e-02
 4.583780468e-02 5.868878216e-02 7.172004133e-02 8.490151167e-02 9.820023924e-02
 1.115811542e-01 1.250077933e-01 1.384429336e-01 1.518491954e-01 1.651894748e-01
 1.784271449e-01 1.915257573e-01 2.044479400e-01 2.171528339e-01 2.295913547e-01
 2.416983843e-01 2.533803284e-01 2.644979358e-01 2.748485804e-01 2.841670215e-01
 1.218999177e-01 1.202993244e-01 1.136562452e-01 1.054164842e-01 9.713545442e-02
 8.880618215e-02 8.042535186e-02 7.199184597e-02 6.350270659e-02 5.495207757e-02
 4.633134604e-02 3.762953728e-02 2.883330919e-02 2.001411468e-02 1.125301793e-02
 2.626473317e-03-5.793950520e-03-1.394166518e-02-2.175503410e-02-2.917722985e-02
-3.615599126e-02-4.264329001e-02-4.859494418e-02-5.397018045e-02-5.873120576e-02
-6.284274906e-02-6.627167016e-02-6.898656487e-02-7.095748931e-02-7.215573639e-02
-7.255372405e-02-7.212500274e-02-7.084438205e-02-6.868825853e-02-6.563504040e-02
-6.166587025e-02-5.676539615e-02-5.092292652e-02-4.413365200e-02-3.640019894e-02
-2.773425169e-02-1.815832965e-02-7.707391866e-03 3.569869325e-03 1.561003365e-02
 2.833859064e-02 4.166172445e-02 5.514657497e-02 6.877228618e-02 8.251738548e-02
 9.635872394e-02 1.102737039e-01 1.242415458e-01 1.382440925e-01 1.522664875e-01
 1.662976444e-01 1.803304255e-01 1.943610758e-01 2.083874494e-01 2.224052846e-01
 2.364002913e-01 2.503328919e-01 2.641060352e-01 2.774837017e-01 2.898837924e-01
 1.218710765e-01 1.201644987e-01 1.131041050e-01 1.046559438e-01 9.617258608e-02
 8.763748407e-02 7.903955877e-02 7.036790997e-02 6.161172315e-02 5.276001245e-02
 4.380165786e-02 3.472594917e-02 2.551805228e-02 1.628224738e-02 7.099376526e-03
-1.953234198e-03-1.080282964e-02-1.938172057e-02-2.762744389e-02-3.548267484e-02
-4.289502278e-02-4.981663823e-02-5.620380491e-02-6.201645732e-02-6.721764803e-02
-7.177305222e-02-7.565049827e-02-7.881949097e-02-8.125087619e-02-8.291648328e-02
-8.378899097e-02-8.384178579e-02-8.304901421e-02-8.138576895e-02-7.882844657e-02
-7.535522431e-02-7.094681263e-02-6.558735669e-02-5.926549807e-02-5.197574943e-02
-4.371990263e-02-3.450867534e-02-2.436332591e-02-1.331733260e-02-1.417968655e-03
 1.127222273e-02 2.467298135e-02 3.868471831e-02 5.282940716e-02 6.710073352e-02
 8.147955686e-02 9.595285356e-02 1.105132774e-01 1.251595318e-01 1.398972422e-01
 1.547402143e-01 1.697119325e-01 1.848473847e-01 2.001948953e-01 2.158181667e-01
 2.317985147e-01 2.482376546e-01 2.652612329e-01 2.830121815e-01 3.007880151e-01
 1.206608266e-01 1.187742651e-01 1.117568761e-01 1.031733304e-01 9.454792738e-02
 8.586438745e-02 7.710301876e-02 6.824481487e-02 5.927231163e-02 5.016937107e-02
 4.092052206e-02 3.151009604e-02 2.197042853e-02 1.239131670e-02 2.857489511e-03
-6.551440805e-03-1.576123573e-02-2.470323443e-02-3.331438452e-02-4.153713956e-02
-4.931916296e-02-5.661296844e-02-6.337541342e-02-6.956721097e-02-7.515230775e-02
-8.009738475e-02-8.437126875e-02-8.794444799e-02-9.078861028e-02-9.287628531e-02
-9.418057650e-02-9.467493743e-02-9.433315694e-02-9.312942624e-02-9.103858471e-02
-8.803647757e-02-8.410055190e-02-7.921063900e-02-7.334988564e-02-6.650594622e-02
-5.867232010e-02-4.984994978e-02-4.004891962e-02-2.929037064e-02-1.760855317e-02
-5.053084344e-03 8.308468387e-03 2.238778025e-02 3.707234561e-02 5.193596333e-02
 6.689625233e-02 8.195151389e-02 9.710693359e-02 1.123751774e-01 1.277781725e-01
 1.433494985e-01 1.591375470e-01 1.752097458e-01 1.916581094e-01 2.086072415e-01
 2.262260020e-01 2.447459847e-01 2.644940317e-01 2.859600186e-01 3.081691861e-01
 1.187671199e-01 1.166979522e-01 1.095986366e-01 1.009466648e-01 9.226883948e-02
 8.352675289e-02 7.468404621e-02 6.571240723e-02 5.658962205e-02 4.729732871e-02
 3.781907633e-02 2.813861892e-02 1.832324080e-02 8.462305181e-03-1.358865295e-03
-1.105984487e-02-2.056566998e-02-2.980715595e-02-3.872098401e-02-4.724958912e-02
-5.534086376e-02-6.294776499e-02-7.002780586e-02-7.654248178e-02-8.245667070e-02
-8.773802966e-02-9.235640615e-02-9.628324211e-02-9.949114919e-02-1.019534096e-01
-1.036436483e-01-1.045356095e-01-1.046029627e-01-1.038193703e-01-1.021585464e-01
-9.959460050e-02-9.610245377e-02-9.165853262e-02-8.624155819e-02-7.983366400e-02
-7.242160290e-02-6.399831921e-02-5.456458777e-02-4.413102567e-02-3.272015229e-02
-2.036868408e-02-7.129854523e-03 6.924397312e-03 2.170171589e-02 3.708878905e-02
 5.263414606e-02 6.825113297e-02 8.395569026e-02 9.976880252e-02 1.157206893e-01
 1.318543553e-01 1.482295841e-01 1.649279296e-01 1.820596755e-01 1.997734308e-01
 2.182694227e-01 2.378168851e-01 2.587733865e-01 2.815961242e-01 3.057749569e-01
 1.161687970e-01 1.139183044e-01 1.064512506e-01 9.791267663e-02 8.936659247e-02
 8.070942014e-02 7.189342380e-02 6.289228797e-02 5.368845910e-02 4.426825047e-02
 3.462033719e-02 2.472712286e-02 1.469424739e-02 4.610357806e-03-5.439013243e-03
-1.537295431e-02-2.511604130e-02-3.459878638e-02-4.375776276e-02-5.253550783e-02
-6.088022888e-02-6.874537468e-02-7.608911395e-02-8.287372440e-02-8.906495571e-02
-9.463141859e-02-9.954391420e-02-1.037748605e-01-1.072977334e-01-1.100866050e-01
-1.121157333e-01-1.133592278e-01-1.137908995e-01-1.133841351e-01-1.121119857e-01
-1.099473238e-01-1.068632379e-01-1.028335914e-01-9.783373773e-02-9.184149653e-02
-8.483833075e-02-7.681077719e-02-6.775212288e-02-5.766425282e-02-4.655982554e-02
-3.446445614e-02-2.141905576e-02-7.482001092e-03 7.269073278e-03 2.273623832e-02
 3.880150616e-02 5.492088944e-02 7.109895349e-02 8.735053241e-02 1.037022173e-01
 1.201935783e-01 1.368792653e-01 1.538324505e-01 1.711500287e-01 1.889601946e-01
 2.074337751e-01 2.268017530e-01 2.473831028e-01 2.696261108e-01 2.931900322e-01
 1.110598594e-01 1.081240699e-01 1.019047126e-01 9.419468790e-02 8.606588840e-02
 7.763519138e-02 6.893083453e-02 5.996054411e-02 5.072383583e-02 4.121577740e-02
 3.142821044e-02 2.139006928e-02 1.119890809e-02 9.475908591e-04-9.276071563e-03
-1.938987337e-02-2.931766212e-02-3.898958489e-02-4.834214225e-02-5.731800944e-02
-6.586572528e-02-7.393923402e-02-8.149733394e-02-8.850302547e-02-9.492289275e-02
-1.007264033e-01-1.058852524e-01-1.103727445e-01-1.141632199e-01-1.172314957e-01
-1.195524782e-01-1.211007833e-01-1.218504608e-01-1.217748970e-01-1.208467856e-01
-1.190382391e-01-1.163211092e-01-1.126674488e-01-1.080501452e-01-1.024438292e-01
-9.582595527e-02-8.817819506e-02-7.948799431e-02-6.975047290e-02-5.897052586e-02
-4.716515169e-02-3.436592221e-02-2.062159404e-02-6.000705063e-03 9.405800141e-03
 2.548185177e-02 4.208304361e-02 5.867864192e-02 7.527267933e-02 9.188456833e-02
 1.085437685e-01 1.252888292e-01 1.421678960e-01 1.592400968e-01 1.765771955e-01
 1.942658126e-01 2.124110311e-01 2.311461419e-01 2.506753504e-01 2.709901333e-01
 1.076951697e-01 1.045437604e-01 9.831801802e-02 9.084369242e-02 8.295037597e-02
 7.468110323e-02 6.606920063e-02 5.713292956e-02 4.787980393e-02 3.831036389e-02
 2.842025459e-02 1.827157661e-02 7.962467149e-03-2.413224196e-03-1.276681945e-02
-2.301550284e-02-3.308275342e-02-4.289859533e-02-5.239956453e-02-6.152856350e-02
-7.023449242e-02-7.847177982e-02-8.619979769e-02-9.338221699e-02-9.998635948e-02
-1.059824452e-01-1.113429964e-01-1.160421073e-01-1.200548783e-01-1.233568564e-01
-1.259235889e-01-1.277302057e-01-1.287511140e-01-1.289598644e-01-1.283290535e-01
-1.268303990e-01-1.244349778e-01-1.211136729e-01-1.168376803e-01-1.115793884e-01
-1.053133830e-01-9.801775217e-02-8.967565745e-02-8.027713001e-02-6.982120872e-02
-5.831828341e-02-4.579268768e-02-3.228548169e-02-1.785738394e-02-2.591892611e-03
 1.340130251e-02 2.998206392e-02 4.697334021e-02 6.383438408e-02 8.059674501e-02
 9.728375077e-02 1.139160022e-01 1.305124760e-01 1.470890641e-01 1.636544764e-01
 1.802019477e-01 1.966928244e-01 2.130216062e-01 2.289393544e-01 2.439266443e-01
 1.054328308e-01 1.021667570e-01 9.571845829e-02 8.820700645e-02 8.033397794e-02
 7.210124284e-02 6.351631135e-02 5.458492413e-02 4.530946910e-02 3.568889573e-02
 2.571926266e-02 1.548821107e-02 5.093247630e-03-5.372015759e-03-1.581897959e-02
-2.616486512e-02-3.633322567e-02-4.625421390e-02-5.586460233e-02-6.510758400e-02
-7.393246144e-02-8.229410648e-02-9.015242010e-02-9.747167677e-02-1.042198092e-01
-1.103677228e-01-1.158885956e-01-1.207572296e-01-1.249493957e-01-1.284412891e-01
-1.312090158e-01-1.332282424e-01-1.344737858e-01-1.349194199e-01-1.345378309e-01
-1.333006322e-01-1.311784983e-01-1.281415969e-01-1.241600811e-01-1.192048341e-01
-1.132485196e-01-1.062667742e-01-9.823971242e-02-8.915375173e-02-7.900366187e-02
-6.779488176e-02-5.554613471e-02-4.229204729e-02-2.808586508e-02-1.300178282e-02
 2.863578964e-03 1.939188689e-02 3.644886240e-02 5.345163494e-02 7.026934624e-02
 8.689901978e-02 1.033388376e-01 1.195825562e-01 1.356149018e-01 1.514058411e-01
 1.669022888e-01 1.820162237e-01 1.966095418e-01 2.104800642e-01 2.233640254e-01
 1.034022048e-01 1.000136286e-01 9.363716841e-02 8.608704060e-02 7.819263637e-02
 6.995185465e-02 6.136087328e-02 5.241607875e-02 4.311319441e-02 3.344682604e-02
 2.342059091e-02 1.313281618e-02 2.679917030e-03-7.845236920e-03-1.835456677e-02
-2.876568586e-02-3.900249302e-02-4.899545386e-02-5.868167058e-02-6.800469756e-02
-7.691419870e-02-8.536548913e-02-9.331892431e-02-1.007392406e-01-1.075949073e-01
-1.138573512e-01-1.195003241e-01-1.244991571e-01-1.288301945e-01-1.324701458e-01
-1.353956759e-01-1.375828385e-01-1.390068680e-01-1.396418512e-01-1.394606531e-01
-1.384349018e-01-1.365351528e-01-1.337312162e-01-1.299926341e-01-1.252894551e-01
-1.195931137e-01-1.128776670e-01-1.051212996e-01-9.630800784e-02-8.642973006e-02
-7.548864186e-02-6.349976361e-02-5.049373955e-02-3.651974723e-02-2.164851129e-02
-5.975442007e-03 1.037561987e-02 2.724633738e-02 4.443032667e-02 6.129619479e-02
 7.785645127e-02 9.410613030e-02 1.100289449e-01 1.255972683e-01 1.407695711e-01
 1.554866731e-01 1.696677655e-01 1.832079887e-01 1.959796548e-01 2.078404427e-01
 1.019039825e-01 9.844125807e-02 9.197600186e-02 8.438950777e-02 7.647804916e-02
 6.822950393e-02 5.963268876e-02 5.067765340e-02 4.135509208e-02 3.165559471e-02
 2.159733512e-02 1.127782650e-02 7.926823455e-04-9.765921161e-03-2.031048387e-02
-3.075911105e-02-4.103610665e-02-5.107232556e-02-6.080520526e-02-7.017864287e-02
-7.914263755e-02-8.765283972e-02-9.566996247e-02-1.031591147e-01-1.100891382e-01
-1.164318621e-01-1.221614406e-01-1.272536218e-01-1.316851377e-01-1.354331672e-01
-1.384747028e-01-1.407862008e-01-1.423431933e-01-1.431200802e-01-1.430899054e-01
-1.422244459e-01-1.404942870e-01-1.378690898e-01-1.343181580e-01-1.298110783e-01
-1.243186295e-01-1.178140044e-01-1.102742404e-01-1.016819328e-01-9.202734381e-02
-8.131069690e-02-6.954480708e-02-5.675783753e-02-4.299625754e-02-2.832758054e-02
-1.284275949e-02 3.342580749e-03 2.008963004e-02 3.724459559e-02 5.409128219e-02
 7.057669014e-02 8.667014539e-02 1.023448035e-01 1.175694391e-01 1.323043406e-01
 1.464990675e-01 1.600917131e-01 1.730097085e-01 1.851728261e-01 1.964988112e-01
 1.007165611e-01 9.720041603e-02 9.063783288e-02 8.305109292e-02 7.515707612e-02
 6.692899764e-02 5.834905058e-02 4.940381274e-02 4.008200392e-02 3.037283197e-02
 2.030626498e-02 9.978818707e-03-5.146460026e-04-1.108257473e-02-2.163799480e-02
-3.209944814e-02-4.239163175e-02-5.244572461e-02-6.219945475e-02-7.159697264e-02
-8.058854938e-02-8.913002908e-02-9.718237817e-02-1.047109291e-01-1.116847545e-01
-1.180759221e-01-1.238588244e-01-1.290094703e-01-1.335048676e-01-1.373223960e-01
-1.404393613e-01-1.428324580e-01-1.444774568e-01-1.453489512e-01-1.454201788e-01
-1.446630657e-01-1.430482715e-01-1.405454874e-01-1.371239573e-01-1.327531189e-01
-1.274034679e-01-1.210478246e-01-1.136626899e-01-1.052300185e-01-9.573927522e-02
-8.518980443e-02-7.359344512e-02-6.097743660e-02-4.738754034e-02-3.289117664e-02
-1.758074388e-02-1.577003393e-03 1.496677473e-02 3.185806423e-02 4.884994775e-02
 6.534433365e-02 8.135097474e-02 9.686181694e-02 1.118566990e-01 1.263057142e-01
 1.401705295e-01 1.534057260e-01 1.659607738e-01 1.777828038e-01 1.888202876e-01
 9.950239956e-02 9.590153396e-02 8.950338513e-02 8.202967793e-02 7.422911376e-02
 6.606928259e-02 5.753806233e-02 4.862785339e-02 3.933083639e-02 2.963798866e-02
 1.958732679e-02 9.275237098e-03-1.203726511e-03-1.175837219e-02-2.230208181e-02
-3.275372088e-02-4.303824902e-02-5.308707803e-02-6.283812225e-02-7.223567367e-02
-8.123010397e-02-8.977738768e-02-9.783855081e-02-1.053790078e-01-1.123678833e-01
-1.187773421e-01-1.245818287e-01-1.297574639e-01-1.342813224e-01-1.381309032e-01
-1.412835866e-01-1.437161863e-01-1.454046220e-01-1.463235766e-01-1.464464068e-01
-1.457451582e-01-1.441905648e-01-1.417524070e-01-1.383999735e-01-1.341027468e-01
-1.288312227e-01-1.225581616e-01-1.152599752e-01-1.069184914e-01-9.752301127e-02
-8.707266301e-02-7.557907701e-02-6.306928396e-02-4.958887026e-02-3.520506993e-02
-2.000989765e-02-4.122808110e-03 1.230742224e-02 2.910259366e-02 4.605891556e-02
 6.249883771e-02 7.841920853e-02 9.380999207e-02 1.086535454e-01 1.229250431e-01
 1.365934610e-01 1.496230811e-01 1.619753242e-01 1.736111492e-01 1.844937503e-01
 9.835468233e-02 9.454172850e-02 8.859945089e-02 8.146335185e-02 7.380075753e-02
 6.572121382e-02 5.724832043e-02 4.838633537e-02 3.913211823e-02 2.947868034e-02
 1.946647651e-02 9.191880003e-03-1.250757836e-03-1.177049987e-02-2.228097245e-02
-3.270124644e-02-4.295644164e-02-5.297806486e-02-6.270408630e-02-7.207881659e-02
-8.105258644e-02-8.958133310e-02-9.762598574e-02-1.051518768e-01-1.121280342e-01
-1.185265258e-01-1.243216917e-01-1.294895560e-01-1.340071261e-01-1.378518343e-01
-1.410009712e-01-1.434313655e-01-1.451188624e-01-1.460381895e-01-1.461627334e-01
-1.454645544e-01-1.439144611e-01-1.414823532e-01-1.381376535e-01-1.338499337e-01
-1.285899282e-01-1.223305613e-01-1.150484979e-01-1.067258120e-01-9.735210985e-02
-8.692681044e-02-7.546187192e-02-6.298467517e-02-4.954111949e-02-3.519877419e-02
-2.004991844e-02-4.214197863e-03 1.215956733e-02 2.889337763e-02 4.578403383e-02
 6.215130910e-02 7.799220830e-02 9.329713881e-02 1.080493033e-01 1.222252622e-01
 1.357960701e-01 1.487288028e-01 1.609883010e-01 1.725395918e-01 1.833499819e-01
 9.900034219e-02 9.539578855e-02 8.906515688e-02 8.170557022e-02 7.400845736e-02
 6.594734639e-02 5.751307309e-02 4.869963601e-02 3.950022534e-02 2.990641817e-02
 1.995381713e-02 9.738136083e-03-6.467330968e-04-1.111018099e-02-2.156605758e-02
-3.193356842e-02-4.213789105e-02-5.211052299e-02-6.178934127e-02-7.111853361e-02
-8.004827797e-02-8.853426576e-02-9.653720260e-02-1.040221676e-01-1.109579355e-01
-1.173162684e-01-1.230712682e-01-1.281986684e-01-1.326752156e-01-1.364781111e-01
-1.395844817e-01-1.419709176e-01-1.436131448e-01-1.444857419e-01-1.445620805e-01
-1.438141614e-01-1.422128677e-01-1.397281885e-01-1.363297105e-01-1.319873035e-01
-1.266720295e-01-1.203572452e-01-1.130201668e-01-1.046435088e-01-9.521754831e-02
-8.474251628e-02-7.323120534e-02-6.071183085e-02-4.723112658e-02-3.285746276e-02
-1.768407971e-02-1.832420472e-03 1.454390958e-02 3.125257045e-02 4.804750532e-02
 6.432325393e-02 8.008985966e-02 9.534012526e-02 1.100558788e-01 1.242109537e-01
 1.377729774e-01 1.507050395e-01 1.629676372e-01 1.745210290e-01 1.853277981e-01
 9.964995086e-02 9.611710906e-02 8.981824666e-02 8.243949711e-02 7.473859191e-02
 6.669949740e-02 5.830798298e-02 4.955283925e-02 4.042416066e-02 3.091199882e-02
 2.104123123e-02 1.090675034e-02 6.018975400e-04-9.783059359e-03-2.016215399e-02
-3.045465052e-02-4.058568925e-02-5.048662797e-02-6.009516865e-02-6.935522705e-02
-7.821664214e-02-8.663478494e-02-9.456996620e-02-1.019868255e-01-1.088537127e-01
-1.151419654e-01-1.208252311e-01-1.258788109e-01-1.302790642e-01-1.340027452e-01
-1.370266825e-01-1.393271089e-01-1.408794820e-01-1.416582167e-01-1.416364908e-01
-1.407862902e-01-1.390784979e-01-1.364833117e-01-1.329705715e-01-1.285105795e-01
-1.230749190e-01-1.166377515e-01-1.091771424e-01-1.006769165e-01-9.112860262e-02
-8.053380996e-02-6.890679896e-02-5.627723038e-02-4.269305244e-02-2.822326496e-02
-1.296023652e-02 2.979102544e-03 1.945494115e-02 3.631354496e-02 5.283028260e-02
 6.894975156e-02 8.463943005e-02 9.987163544e-02 1.146162525e-01 1.288377345e-01
 1.424942315e-01 1.555379629e-01 1.679166406e-01 1.795761436e-01 1.904639453e-01
 1.006839648e-01 9.724938869e-02 9.087196738e-02 8.354136348e-02 7.589238882e-02
 6.791069359e-02 5.958627164e-02 5.091002956e-02 4.187330976e-02 3.246733174e-02
 2.270290256e-02 1.267386228e-02 2.473054454e-03-7.809480187e-03-1.808784157e-02
-2.828126028e-02-3.831472993e-02-4.811939597e-02-5.763264745e-02-6.679803133e-02
-7.556497306e-02-8.388832957e-02-9.172788262e-02-9.904773533e-02-1.058156341e-01
-1.120023355e-01-1.175808758e-01-1.225259975e-01-1.268134713e-01-1.304195523e-01
-1.333205551e-01-1.354923099e-01-1.369099021e-01-1.375474781e-01-1.373780668e-01
-1.363735944e-01-1.345050782e-01-1.317429245e-01-1.280574948e-01-1.234197170e-01
-1.178020984e-01-1.111799479e-01-1.035327837e-01-9.484612942e-02-8.511351794e-02
-7.433886081e-02-6.253890693e-02-4.974607378e-02-3.601124883e-02-2.140681073e-02
-6.029807497e-03 9.993894026e-03 2.650227398e-02 4.327993840e-02 5.969064310e-02
 7.574367523e-02 9.142853320e-02 1.067232490e-01 1.215962470e-01 1.360059083e-01
 1.498996317e-01 1.632136106e-01 1.758736670e-01 1.877982765e-01 1.989041418e-01
 1.017551199e-01 9.841018915e-02 9.225890040e-02 8.501844853e-02 7.745021582e-02
 6.954967231e-02 6.131194532e-02 5.273244530e-02 4.380599409e-02 3.452615440e-02
 2.489644848e-02 1.499963179e-02 4.929138348e-03-5.224731285e-03-1.537593640e-02
-2.544356138e-02-3.535240516e-02-4.503334314e-02-5.442341045e-02-6.346571445e-02
-7.210914791e-02-8.030799031e-02-8.802138269e-02-9.521275014e-02-1.018491164e-01
-1.079005077e-01-1.133392453e-01-1.181393415e-01-1.222759038e-01-1.257245541e-01
-1.284609735e-01-1.304605305e-01-1.316979378e-01-1.321470439e-01-1.317806989e-01
-1.305709481e-01-1.284890175e-01-1.255058050e-01-1.215924174e-01-1.167208329e-01
-1.108649522e-01-1.040018350e-01-9.611314535e-02-8.718698472e-02-7.721987367e-02
-6.621911377e-02-5.420523509e-02-4.121461511e-02-2.730197832e-02-1.254246198e-02
 2.967496403e-03 1.911203004e-02 3.576428071e-02 5.223647133e-02 6.848382950e-02
 8.448362350e-02 1.002170220e-01 1.156611741e-01 1.307845116e-01 1.455425769e-01
 1.598738432e-01 1.736956835e-01 1.869017780e-01 1.993633807e-01 2.109373808e-01
 1.032908857e-01 1.000718027e-01 9.403592348e-02 8.689674735e-02 7.941836119e-02
 7.160349935e-02 6.345636398e-02 5.498017371e-02 4.617546499e-02 3.703985363e-02
 2.756850980e-02 1.782982796e-02 7.917076349e-03-2.079586964e-03-1.207422465e-02
-2.198594622e-02-3.173947334e-02-4.126547277e-02-5.050064623e-02-5.938764662e-02
-6.787481904e-02-7.591579854e-02-8.346901089e-02-9.049707651e-02-9.696622938e-02
-1.028456539e-01-1.081068367e-01-1.127229705e-01-1.166683733e-01-1.199179664e-01
-1.224468052e-01-1.242297217e-01-1.252410412e-01-1.254543811e-01-1.248426288e-01
-1.233779863e-01-1.210322231e-01-1.177770644e-01-1.135847718e-01-1.084289253e-01
-1.022855043e-01-9.513408691e-02-8.695942909e-02-7.775323838e-02-6.751628965e-02
-5.626071617e-02-4.401259869e-02-3.081469983e-02-1.672936603e-02-1.841599238e-03
 1.373747643e-02 2.986595407e-02 4.636292905e-02 6.267020851e-02 7.881522179e-02
 9.480787814e-02 1.106488556e-01 1.263309121e-01 1.418367326e-01 1.571340561e-01
 1.721677482e-01 1.868481040e-01 2.010358423e-01 2.145282626e-01 2.270615995e-01
 1.053520739e-01 1.022916585e-01 9.626858681e-02 8.923525363e-02 8.182135224e-02
 7.405994833e-02 6.597976387e-02 5.759538710e-02 4.891207814e-02 3.992918506e-02
 3.064191155e-02 2.108952031e-02 1.136491820e-02 1.557652955e-03-8.246885613e-03
-1.796817407e-02-2.753109857e-02-3.686627746e-02-4.591018334e-02-5.460507795e-02
-6.289875507e-02-7.074418664e-02-7.809902728e-02-8.492506295e-02-9.118764102e-02
-9.685502946e-02-1.018978059e-01-1.062882841e-01-1.099999398e-01-1.130069494e-01
-1.152837276e-01-1.168046221e-01-1.175436452e-01-1.174743399e-01-1.165697873e-01
-1.148026958e-01-1.121457145e-01-1.085718870e-01-1.040552482e-01-9.857174009e-02
-9.210021794e-02-8.462380618e-02-7.613144815e-02-6.661971658e-02-5.609489232e-02
-4.457525536e-02-3.209356219e-02-1.869970560e-02-4.463359714e-03 1.052341890e-02
 2.614384145e-02 4.225457460e-02 5.832749605e-02 7.435602695e-02 9.034731984e-02
 1.063137650e-01 1.222699881e-01 1.382308304e-01 1.542088985e-01 1.702101380e-01
 1.862253547e-01 2.022138983e-01 2.180688977e-01 2.335412055e-01 2.481131852e-01
 1.081314906e-01 1.053766683e-01 9.943670034e-02 9.221439064e-02 8.467140794e-02
 7.685885578e-02 6.879360974e-02 6.047976017e-02 5.191583931e-02 4.309727997e-02
 3.401759267e-02 2.468237467e-02 1.518086344e-02 5.600370932e-03-3.975119907e-03
-1.346595678e-02-2.279750630e-02-3.190055862e-02-4.071149230e-02-4.917225987e-02
-5.723015964e-02-6.483750790e-02-7.195118815e-02-7.853212953e-02-8.454474807e-02
-8.995636553e-02-9.473659843e-02-9.885685146e-02-1.022897735e-01-1.050087810e-01
-1.069877297e-01-1.082005501e-01-1.086211354e-01-1.082231551e-01-1.069801897e-01
-1.048658788e-01-1.018542647e-01-9.792032838e-02-9.304070473e-02-8.719456941e-02
-8.036480099e-02-7.253928483e-02-6.371252984e-02-5.388743058e-02-4.307726026e-02
-3.130787984e-02-1.862004399e-02-5.071768537e-03 9.259385057e-03 2.427434735e-02
 3.985112160e-02 5.546944588e-02 7.113160193e-02 8.684612066e-02 1.026299149e-01
 1.185086519e-01 1.345170885e-01 1.507000029e-01 1.671133637e-01 1.838259697e-01
 2.009215951e-01 2.185024917e-01 2.366990000e-01 2.557120621e-01 2.755314112e-01
 1.118602008e-01 1.096355170e-01 1.032094732e-01 9.546538442e-02 8.767680079e-02
 7.977151871e-02 7.171078026e-02 6.347270310e-02 5.504258722e-02 4.640866071e-02
 3.756026179e-02 2.848693170e-02 1.925301366e-02 9.944302030e-03 6.435387768e-04
-8.570550010e-03-1.762393303e-02-2.644771151e-02-3.497829661e-02-4.315742850e-02
-5.093198270e-02-5.825367197e-02-6.507864594e-02-7.136698067e-02-7.708217204e-02
-8.219060302e-02-8.666093647e-02-9.046369791e-02-9.357071668e-02-9.595477581e-02
-9.758923948e-02-9.844785929e-02-9.850455076e-02-9.773351252e-02-9.610919654e-02
-9.360668063e-02-9.020207077e-02-8.587309718e-02-8.059990406e-02-7.436609268e-02
-6.715985388e-02-5.897537991e-02-4.981441051e-02-3.968795389e-02-2.861811221e-02
-1.664008945e-02-3.804237349e-03 9.821757674e-03 2.415090986e-02 3.907544911e-02
 5.409257859e-02 6.920496374e-02 8.442123979e-02 9.975770116e-02 1.152402759e-01
 1.309067309e-01 1.468093842e-01 1.630188823e-01 1.796294451e-01 1.967664510e-01
 2.145976871e-01 2.333507240e-01 2.533405423e-01 2.750105560e-01 2.980204821e-01
 1.143805087e-01 1.124092340e-01 1.059233993e-01 9.816484153e-02 9.036391228e-02
 8.248387277e-02 7.449821383e-02 6.638598442e-02 5.813066661e-02 4.971860722e-02
 4.113754630e-02 3.237552568e-02 2.345914207e-02 1.447293535e-02 5.498358514e-03
-3.386922181e-03-1.210965030e-02-2.060139365e-02-2.879875898e-02-3.664341196e-02
-4.408193007e-02-5.106552690e-02-5.754969642e-02-6.349372864e-02-6.886027008e-02
-7.361478359e-02-7.772509754e-02-8.116088808e-02-8.389331400e-02-8.589462191e-02
-8.713791519e-02-8.759695292e-02-8.724608272e-02-8.606034517e-02-8.401560783e-02
-8.108901978e-02-7.725946605e-02-7.250832766e-02-6.682038307e-02-6.018491089e-02
-5.259697884e-02-4.405886680e-02-3.458160162e-02-2.418651991e-02-1.290678792e-02
-7.889500121e-04 1.210566424e-02 2.569840290e-02 3.989132866e-02 5.421129987e-02
 6.865663081e-02 8.323045075e-02 9.794215858e-02 1.128092706e-01 1.278596520e-01
 1.431343108e-01 1.586910486e-01 1.746094078e-01 1.909974962e-01 2.080015540e-01
 2.258190811e-01 2.447160333e-01 2.650460005e-01 2.872613668e-01 3.108535707e-01
 1.158095747e-01 1.139992476e-01 1.078590155e-01 1.002417207e-01 9.256164730e-02
 8.481334895e-02 7.698380202e-02 6.906051189e-02 6.103210896e-02 5.288816243e-02
 4.461894929e-02 3.621529788e-02 2.766899206e-02 1.906005852e-02 1.046767551e-02
 1.968014752e-03-6.366713904e-03-1.446879469e-02-2.227525413e-02-2.972789668e-02
-3.677319363e-02-4.336203262e-02-4.944938421e-02-5.499391258e-02-5.995751917e-02
-6.430490315e-02-6.800313294e-02-7.102124393e-02-7.332985848e-02-7.490093261e-02
-7.570754737e-02-7.572381198e-02-7.492490113e-02-7.328716666e-02-7.078850269e-02
-6.740875542e-02-6.313040853e-02-5.793941766e-02-5.182625353e-02-4.478717595e-02
-3.682569787e-02-2.795415558e-02-1.819532178e-02-7.583789062e-03 3.833062015e-03
 1.599413343e-02 2.882843837e-02 4.224685580e-02 5.582019687e-02 6.954045594e-02
 8.340223134e-02 9.740417451e-02 1.115504652e-01 1.258525103e-01 1.403309703e-01
 1.550181806e-01 1.699613631e-01 1.852266490e-01 2.009047270e-01 2.171186656e-01
 2.340355068e-01 2.518845201e-01 2.709894776e-01 2.918355167e-01 3.134520650e-01
 1.168401390e-01 1.152216345e-01 1.091782749e-01 1.017313227e-01 9.423409402e-02
 8.667965233e-02 7.906265557e-02 7.137826085e-02 6.362152845e-02 5.578687042e-02
 4.786774516e-02 3.985640407e-02 3.174338490e-02 2.357165888e-02 1.542119309e-02
 7.367470767e-03-5.183278117e-04-8.169439621e-03-1.552361529e-02-2.252311073e-02
-2.911457419e-02-3.524882719e-02-4.088056833e-02-4.596802592e-02-5.047257245e-02
-5.435835198e-02-5.759189278e-02-6.014177948e-02-6.197838485e-02-6.307365745e-02
-6.340102106e-02-6.293533742e-02-6.165306270e-02-5.953247100e-02-5.655405670e-02
-5.270112678e-02-4.796050489e-02-4.232350737e-02-3.578713536e-02-2.835551649e-02
-2.004169486e-02-1.086965110e-02-8.765719831e-04 9.885525331e-03 2.135098539e-02
 3.342407942e-02 4.604761302e-02 5.885734782e-02 7.183952630e-02 8.497908711e-02
 9.826225042e-02 1.116781235e-01 1.252200007e-01 1.388865113e-01 1.526830494e-01
 1.666231006e-01 1.807298958e-01 1.950381100e-01 2.095957696e-01 2.244662344e-01
 2.397304773e-01 2.554897666e-01 2.718695402e-01 2.890138030e-01 3.062256873e-01
 1.172290891e-01 1.157799065e-01 1.098722219e-01 1.026384681e-01 9.536290169e-02
 8.803528547e-02 8.066025376e-02 7.324382663e-02 6.578946859e-02 5.829735845e-02
 5.076487362e-02 4.318740964e-02 3.555937856e-02 2.787579224e-02 2.022477053e-02
 1.267779712e-02 5.303466227e-03-1.833312446e-03-8.671643212e-03-1.515473239e-02
-2.122982964e-02-2.684805542e-02-3.196417168e-02-3.653627634e-02-4.052550718e-02
-4.389572516e-02-4.661322013e-02-4.864645749e-02-4.996589571e-02-5.054385215e-02
-5.035452172e-02-4.937402904e-02-4.758068174e-02-4.495530576e-02-4.148174822e-02
-3.714751080e-02-3.194453195e-02-2.587012388e-02-1.892813668e-02-1.113046240e-02
-2.498985268e-03 6.931725889e-03 1.710905321e-02 2.795294672e-02 3.943177313e-02
 5.116934702e-02 6.318861246e-02 7.543966174e-02 8.788490295e-02 1.004929245e-01
 1.132360399e-01 1.260895431e-01 1.390316784e-01 1.520439684e-01 1.651116312e-01
 1.782240123e-01 1.913746446e-01 2.045605481e-01 2.177805156e-01 2.310311943e-01
 2.442992926e-01 2.575462461e-01 2.706762552e-01 2.834548950e-01 2.953015566e-01
 1.166980639e-01 1.153182238e-01 1.098889187e-01 1.030002311e-01 9.596278518e-02
 8.884719014e-02 8.170349151e-02 7.455717027e-02 6.741945446e-02 6.029330194e-02
 5.317677557e-02 4.606480151e-02 3.895010799e-02 3.182320297e-02 2.473550290e-02
 1.775870286e-02 1.095975749e-02 4.401590209e-03-1.856694464e-03-7.759750355e-03
-1.325590257e-02-1.829701662e-02-2.283831872e-02-2.683817782e-02-3.025786951e-02
-3.306135163e-02-3.521505743e-02-3.668773174e-02-3.745034337e-02-3.747605905e-02
-3.674034402e-02-3.522116691e-02-3.289932013e-02-2.975892834e-02-2.578804083e-02
-2.097937092e-02-1.533104107e-02-8.847269230e-03-1.538932556e-03 6.575173233e-03
 1.546761952e-02 2.510595322e-02 3.544928879e-02 4.611779004e-02 5.713886395e-02
 6.846519560e-02 8.006194234e-02 9.189043939e-02 1.039115787e-01 1.160864234e-01
 1.283763498e-01 1.407429874e-01 1.531484276e-01 1.655554920e-01 1.779279262e-01
 1.902305335e-01 2.024287283e-01 2.144872844e-01 2.263676971e-01 2.380232215e-01
 2.493909597e-01 2.603793442e-01 2.708507478e-01 2.806037962e-01 2.893738151e-01
 1.169256866e-01 1.160761565e-01 1.103429347e-01 1.031739786e-01 9.607811272e-02
 8.903530240e-02 8.206486702e-02 7.517468929e-02 6.836484373e-02 6.163078547e-02
 5.496530980e-02 4.835990071e-02 4.180572182e-02 3.529463708e-02 2.882097661e-02
 2.247287333e-02 1.631098799e-02 1.039416157e-02 4.778553732e-03-4.826996010e-04
-5.339601077e-03-9.745280258e-03-1.365590934e-02-1.703058369e-02-1.983117312e-02
-2.202219516e-02-2.357069775e-02-2.444619685e-02-2.462068386e-02-2.406870946e-02
-2.276758105e-02-2.069767378e-02-1.784289256e-02-1.419132482e-02-9.736141190e-03
-4.476632923e-03 1.580850338e-03 8.422117680e-03 1.602841541e-02 2.437096834e-02
 3.339852393e-02 4.308730364e-02 5.314114690e-02 6.354627013e-02 7.428574562e-02
 8.533067256e-02 9.664653242e-02 1.081940979e-01 1.199302748e-01 1.318085939e-01
 1.437793821e-01 1.557901353e-01 1.677858084e-01 1.797094494e-01 1.915028691e-01
 2.031073272e-01 2.144640386e-01 2.255140096e-01 2.361970544e-01 2.464495003e-01
 2.562007010e-01 2.653685510e-01 2.738557756e-01 2.815497220e-01 2.883292735e-01
 1.164705008e-01 1.160427630e-01 1.101396158e-01 1.025455594e-01 9.527993202e-02
 8.827231079e-02 8.147963881e-02 7.487392426e-02 6.843356788e-02 6.213995814e-02
 5.597629026e-02 4.992730916e-02 4.397920147e-02 3.811931610e-02 3.233528510e-02
 2.668194473e-02 2.121970057e-02 1.600503735e-02 1.109142229e-02 6.529538892e-03
 2.367300913e-03-1.350143692e-03-4.580403212e-03-7.283802610e-03-9.423330426e-03
-1.096459851e-02-1.187582128e-02-1.212786231e-02-1.169433817e-02-1.055179164e-02
-8.679959923e-03-6.062171888e-03-2.685835119e-03 1.457002130e-03 6.368063390e-03
 1.204062812e-02 1.845844090e-02 2.558109164e-02 3.339642286e-02 4.190461338e-02
 5.085016042e-02 6.025433168e-02 7.007775456e-02 8.028872311e-02 9.085689485e-02
 1.017490029e-01 1.129274741e-01 1.243494451e-01 1.359662414e-01 1.477228701e-01
 1.595577896e-01 1.714028120e-01 1.831836700e-01 1.948209852e-01 2.062318623e-01
 2.173320353e-01 2.280385196e-01 2.382717580e-01 2.479576617e-01 2.570285797e-01
 2.654232383e-01 2.730858922e-01 2.799656987e-01 2.860167325e-01 2.911999822e-01
 1.136735678e-01 1.133465171e-01 1.075832546e-01 1.000556126e-01 9.290229529e-02
 8.610036969e-02 7.961028814e-02 7.339391112e-02 6.741680950e-02 6.164886057e-02
 5.606435612e-02 5.064176768e-02 4.536349326e-02 4.021565616e-02 3.518829495e-02
 3.027658910e-02 2.556639910e-02 2.110708877e-02 1.694752276e-02 1.313499548e-02
 9.714742191e-03 6.729669869e-03 4.220211413e-03 2.224252792e-03 7.770929369e-04
-8.858964429e-05-3.428001655e-04 4.160754906e-05 1.088683726e-03 2.819136949e-03
 5.250134505e-03 8.394569159e-03 1.226060092e-02 1.685442775e-02 2.217668854e-02
 2.821300924e-02 3.498444706e-02 4.223576561e-02 5.001456290e-02 5.832445621e-02
 6.712815166e-02 7.640174776e-02 8.611936122e-02 9.625416249e-02 1.067773551e-01
 1.176565364e-01 1.288540810e-01 1.403256059e-01 1.520183682e-01 1.638699025e-01
 1.758066565e-01 1.877432764e-01 1.995825917e-01 2.112167478e-01 2.225301713e-01
 2.334039509e-01 2.437218279e-01 2.533768713e-01 2.622776926e-01 2.703534365e-01
 2.775563002e-01 2.838616371e-01 2.892659605e-01 2.937832475e-01 2.974410057e-01
 1.089387909e-01 1.087009385e-01 1.027725264e-01 9.542877227e-02 8.858591318e-02
 8.218739927e-02 7.618146390e-02 7.051558793e-02 6.514202058e-02 6.002010405e-02
 5.511675030e-02 5.040578544e-02 4.586703330e-02 4.148527235e-02 3.724903241e-02
 3.314898536e-02 2.924576961e-02 2.558961138e-02 2.222743072e-02 1.920395531e-02
 1.656183973e-02 1.434151363e-02 1.258100756e-02 1.131581515e-02 1.057881210e-02
 1.040023565e-02 1.080771070e-02 1.182585303e-02 1.347554103e-02 1.577341557e-02
 1.873375475e-02 2.236454934e-02 2.665670961e-02 3.162398562e-02 3.729542717e-02
 4.346743971e-02 5.017692596e-02 5.740851909e-02 6.515885144e-02 7.342197001e-02
 8.218559623e-02 9.143558890e-02 1.011558399e-01 1.113279760e-01 1.219305098e-01
 1.329374611e-01 1.443166137e-01 1.560273170e-01 1.680178940e-01 1.802228391e-01
 1.925595701e-01 2.049256712e-01 2.171968371e-01 2.292268872e-01 2.408510596e-01
 2.518937886e-01 2.621808946e-01 2.715547383e-01 2.798892260e-01 2.871016860e-01
 2.931587398e-01 2.980763316e-01 3.019132018e-01 3.047594428e-01 3.067225516e-01
 1.012117118e-01 1.008224860e-01 9.528190643e-02 8.832928538e-02 8.202908188e-02
 7.628876716e-02 7.101008296e-02 6.610904634e-02 6.151945144e-02 5.719129741e-02
 5.308790877e-02 4.918301478e-02 4.545841366e-02 4.190219939e-02 3.850759193e-02
 3.527246416e-02 3.220024705e-02 2.937553823e-02 2.683789842e-02 2.462792955e-02
 2.278513648e-02 2.134704217e-02 2.034874260e-02 1.982254349e-02 1.979782246e-02
 2.030096203e-02 2.135711536e-02 2.298920788e-02 2.521469072e-02 2.803729661e-02
 3.147968277e-02 3.558006510e-02 4.016847163e-02 4.529052228e-02 5.096057057e-02
 5.716012046e-02 6.388451159e-02 7.112953812e-02 7.889267802e-02 8.717156202e-02
 9.596292675e-02 1.052625626e-01 1.150651425e-01 1.253636330e-01 1.361484826e-01
 1.474061906e-01 1.591172814e-01 1.712536663e-01 1.837748140e-01 1.966230273e-01
 2.097171843e-01 2.229455262e-01 2.361576855e-01 2.491584122e-01 2.617063224e-01
 2.735235393e-01 2.843202353e-01 2.938312292e-01 3.018530011e-01 3.082703352e-01
 3.130676150e-01 3.163274527e-01 3.182159066e-01 3.189547658e-01 3.187834620e-01
 9.027841687e-02 8.959548175e-02 8.437520266e-02 7.819375396e-02 7.290497422e-02
 6.825214624e-02 6.405252218e-02 6.019019708e-02 5.659260601e-02 5.321424454e-02
 5.002679676e-02 4.701322317e-02 4.416416213e-02 4.147564620e-02 3.894751519e-02
 3.658201918e-02 3.438183665e-02 3.241343796e-02 3.071331419e-02 2.932427265e-02
 2.828457765e-02 2.762914822e-02 2.739014477e-02 2.759575099e-02 2.827072516e-02
 2.942975052e-02 3.109736741e-02 3.330427408e-02 3.609113395e-02 3.933154792e-02
 4.306659847e-02 4.731320590e-02 5.206079781e-02 5.731215701e-02 6.307084113e-02
 6.933753937e-02 7.611386478e-02 8.340246975e-02 9.120719880e-02 9.953294694e-02
 1.083854660e-01 1.177712381e-01 1.276973486e-01 1.381711215e-01 1.491995156e-01
 1.607881337e-01 1.729395092e-01 1.856504083e-01 1.989078969e-01 2.126830816e-01
 2.269220501e-01 2.415322810e-01 2.563635111e-01 2.711820006e-01 2.856417894e-01
 2.992721796e-01 3.115195930e-01 3.218621016e-01 3.299258649e-01 3.355315328e-01
 3.386921585e-01 3.396076262e-01 3.386569321e-01 3.363480270e-01 3.331990838e-01
 7.421202213e-02 7.259604335e-02 6.837464124e-02 6.440776587e-02 6.117945910e-02
 5.828098953e-02 5.558189005e-02 5.302929878e-02 5.060117692e-02 4.829003289e-02
 4.609605297e-02 4.402388632e-02 4.208104312e-02 4.027713835e-02 3.862364590e-02
 3.713417053e-02 3.582533076e-02 3.471912444e-02 3.382974491e-02 3.324237466e-02
 3.298816085e-02 3.309576213e-02 3.359715641e-02 3.451290727e-02 3.588484228e-02
 3.764405102e-02 3.982621804e-02 4.245451465e-02 4.554080963e-02 4.907830432e-02
 5.307177454e-02 5.752710253e-02 6.244807318e-02 6.783954054e-02 7.370723784e-02
 8.005757630e-02 8.689804375e-02 9.423768520e-02 1.020873040e-01 1.104597971e-01
 1.193703115e-01 1.288365722e-01 1.388791353e-01 1.495216191e-01 1.607909501e-01
 1.727173328e-01 1.853338182e-01 1.986753643e-01 2.127765715e-01 2.276674509e-01
 2.433655262e-01 2.598621845e-01 2.770977616e-01 2.949154973e-01 3.129672110e-01
 3.305071294e-01 3.461741507e-01 3.586188555e-01 3.672342896e-01 3.718706369e-01
 3.725944161e-01 3.696913719e-01 3.638494611e-01 3.564112186e-01 3.487891853e-01
 5.212945491e-02 4.786673561e-02 4.801340401e-02 4.856221750e-02 4.821115360e-02
 4.741613567e-02 4.638112709e-02 4.521650076e-02 4.399246350e-02 4.275900126e-02
 4.155461490e-02 4.041068628e-02 3.935402632e-02 3.840855509e-02 3.759656101e-02
 3.693987057e-02 3.646090254e-02 3.618378192e-02 3.613507003e-02 3.634825721e-02
 3.685208410e-02 3.767174855e-02 3.882951289e-02 4.034336284e-02 4.222727567e-02
 4.448395595e-02 4.712333530e-02 5.015591532e-02 5.359001458e-02 5.743111670e-02
 6.168507785e-02 6.635825336e-02 7.145743072e-02 7.699027658e-02 8.296570182e-02
 8.939407021e-02 9.628760070e-02 1.036607102e-01 1.115304381e-01 1.199168935e-01
 1.288438439e-01 1.383392811e-01 1.484364420e-01 1.591746062e-01 1.706005931e-01
 1.827702075e-01 1.957502365e-01 2.096205354e-01 2.244765013e-01 2.404311597e-01
 2.576165199e-01 2.761828601e-01 2.962946594e-01 3.181252480e-01 3.418660760e-01
 3.678568602e-01 3.910160661e-01 4.066022336e-01 4.157935977e-01 4.192095995e-01
 4.163318276e-01 4.076544046e-01 3.924048841e-01 3.752520084e-01 3.620226383e-01
 3.685088828e-02 3.174145147e-02 3.286660463e-02 3.512668237e-02 3.648608178e-02
 3.720391542e-02 3.748402372e-02 3.747601062e-02 3.728953004e-02 3.700666502e-02
 3.669040650e-02 3.639040887e-02 3.614689782e-02 3.599348664e-02 3.595927358e-02
 3.607043624e-02 3.635145351e-02 3.682595864e-02 3.751733154e-02 3.844879195e-02
 3.964195773e-02 4.111624509e-02 4.288859665e-02 4.497320578e-02 4.738144949e-02
 5.012197047e-02 5.320280790e-02 5.663150549e-02 6.041495502e-02 6.455953419e-02
 6.907177716e-02 7.395882905e-02 7.922880352e-02 8.489115536e-02 9.095710516e-02
 9.743990004e-02 1.043552160e-01 1.117215678e-01 1.195607409e-01 1.278983653e-01
 1.367646009e-01 1.461951286e-01 1.562323123e-01 1.669269800e-01 1.783405244e-01
 1.905481219e-01 2.036427408e-01 2.177409828e-01 2.329910100e-01 2.495833337e-01
 2.677656412e-01 2.878613174e-01 3.102898300e-01 3.355842531e-01 3.644012809e-01
 3.951959014e-01 4.185491800e-01 4.342640638e-01 4.427639842e-01 4.437481463e-01
 4.374468327e-01 4.227923155e-01 4.011976719e-01 3.824883997e-01 3.672938943e-01
 2.646556310e-02 2.093576267e-02 2.228510752e-02 2.500020154e-02 2.702706307e-02
 2.850233577e-02 2.955850214e-02 3.031599335e-02 3.087693080e-02 3.132474422e-02
 3.172641248e-02 3.213557601e-02 3.259554133e-02 3.314193338e-02 3.380479664e-02
 3.461022675e-02 3.558151424e-02 3.673991933e-02 3.810507804e-02 3.969511017e-02
 4.152640328e-02 4.361341894e-02 4.596856982e-02 4.860223830e-02 5.152284354e-02
 5.473721772e-02 5.825112388e-02 6.206971407e-02 6.619784236e-02 7.064051181e-02
 7.540330291e-02 8.049286902e-02 8.591739088e-02 9.168695658e-02 9.781395644e-02
 1.043133885e-01 1.112031713e-01 1.185044795e-01 1.262420714e-01 1.344448477e-01
 1.431463957e-01 1.523859650e-01 1.622098088e-01 1.726728082e-01 1.838411391e-01
 1.957956105e-01 2.086367607e-01 2.224919498e-01 2.375259995e-01 2.539575696e-01
 2.720847130e-01 2.923265696e-01 3.152895570e-01 3.418480754e-01 3.729147613e-01
 4.002586007e-01 4.206725657e-01 4.341832995e-01 4.405850172e-01 4.398478270e-01
 4.307608604e-01 4.126809835e-01 3.932141066e-01 3.768445849e-01 3.629839718e-01
 1.981425658e-02 1.400031708e-02 1.488704141e-02 1.755337976e-02 1.968543231e-02
 2.137757465e-02 2.274111845e-02 2.387972549e-02 2.488221228e-02 2.582086250e-02
 2.675295621e-02 2.772361971e-02 2.876886539e-02 2.991817519e-02 3.119646199e-02
 3.262541443e-02 3.422431648e-02 3.601046652e-02 3.799933568e-02 4.020458087e-02
 4.263794050e-02 4.530918971e-02 4.822613671e-02 5.139471591e-02 5.481922254e-02
 5.850256979e-02 6.244672835e-02 6.665315479e-02 7.112327218e-02 7.585901767e-02
 8.086339384e-02 8.614106476e-02 9.169890732e-02 9.754645824e-02 1.036962718e-01
 1.101641878e-01 1.169694364e-01 1.241347790e-01 1.316865087e-01 1.396547258e-01
 1.480735540e-01 1.569817364e-01 1.664235741e-01 1.764500290e-01 1.871206611e-01
 1.985059977e-01 2.106910497e-01 2.237799615e-01 2.379029393e-01 2.532262802e-01
 2.699684799e-01 2.884274125e-01 3.090353608e-01 3.325157762e-01 3.576268256e-01
 3.785692453e-01 3.944233656e-01 4.049091935e-01 4.099194407e-01 4.085939527e-01
 4.006346762e-01 3.869282901e-01 3.738332391e-01 3.618885577e-01 3.511163592e-01
 1.557259820e-02 9.369038977e-03 1.003672834e-02 1.230792794e-02 1.408892404e-02
 1.554276049e-02 1.680891030e-02 1.799445786e-02 1.917503588e-02 2.040170506e-02
 2.170875855e-02 2.312025055e-02 2.465468645e-02 2.632796019e-02 2.815490216e-02
 3.014982119e-02 3.232644126e-02 3.469749913e-02 3.727425262e-02 4.006607085e-02
 4.308013618e-02 4.632136598e-02 4.979244992e-02 5.349408090e-02 5.742520466e-02
 6.158338115e-02 6.596518308e-02 7.056665421e-02 7.538390160e-02 8.041378856e-02
 8.565472066e-02 9.110752493e-02 9.677621722e-02 1.026686504e-01 1.087968871e-01
 1.151773036e-01 1.218303964e-01 1.287804246e-01 1.360549182e-01 1.436842680e-01
 1.517014503e-01 1.601419449e-01 1.690439433e-01 1.784486622e-01 1.884009838e-01
 1.989500225e-01 2.101497650e-01 2.220593691e-01 2.347423583e-01 2.482639998e-01
 2.626832128e-01 2.780324817e-01 2.942681611e-01 3.111560941e-01 3.278696537e-01
 3.424837589e-01 3.540364802e-01 3.620789349e-01 3.663085997e-01 3.665486574e-01
 3.628980517e-01 3.567783237e-01 3.496769965e-01 3.422563672e-01 3.349086046e-01
 1.452778373e-02 7.930221036e-03 7.779756095e-03 8.989403024e-03 9.765651077e-03
 1.044658571e-02 1.122700050e-02 1.219774596e-02 1.338726003e-02 1.479317341e-02
 1.640190929e-02 1.819948666e-02 2.017670870e-02 2.233082987e-02 2.466508374e-02
 2.718703076e-02 2.990644984e-02 3.283330798e-02 3.597611189e-02 3.934076056e-02
 4.293003306e-02 4.674350843e-02 5.077788234e-02 5.502744019e-02 5.948450416e-02
 6.413985789e-02 6.898301840e-02 7.400265336e-02 7.918710262e-02 8.452531695e-02
 9.000810981e-02 9.562965482e-02 1.013889611e-01 1.072910130e-01 1.133472919e-01
 1.195756942e-01 1.259996444e-01 1.326468885e-01 1.395479292e-01 1.467346102e-01
 1.542390883e-01 1.620930284e-01 1.703271866e-01 1.789710075e-01 1.880523562e-01
 1.975966692e-01 2.076255530e-01 2.181541622e-01 2.291863859e-01 2.407067120e-01
 2.526662946e-01 2.649602592e-01 2.773926556e-01 2.896321416e-01 3.011873662e-01
 3.114764988e-01 3.199810088e-01 3.263375759e-01 3.303537369e-01 3.320227265e-01
 3.315571547e-01 3.293795884e-01 3.259951770e-01 3.218497038e-01 3.172822297e-01
 1.830288023e-02 1.179412752e-02 8.818225935e-03 7.045438513e-03 5.634102970e-03
 4.919599742e-03 4.970917013e-03 5.687950645e-03 6.937703118e-03 8.599905297e-03
 1.057936344e-02 1.280890498e-02 1.524814032e-02 1.787932031e-02 2.070138603e-02
 2.372350171e-02 2.695917897e-02 3.042158484e-02 3.412024677e-02 3.805923462e-02
 4.223662615e-02 4.664512724e-02 5.127338320e-02 5.610735714e-02 6.113135815e-02
 6.632839143e-02 7.167988271e-02 7.716527581e-02 8.276202530e-02 8.844660223e-02
 9.419672191e-02 9.999457002e-02 1.058300957e-01 1.117036045e-01 1.176269501e-01
 1.236229539e-01 1.297232658e-01 1.359649450e-01 1.423867494e-01 1.490259618e-01
 1.559163481e-01 1.630870551e-01 1.705621183e-01 1.783602685e-01 1.864943504e-01
 1.949703991e-01 2.037858069e-01 2.129263729e-01 2.223619819e-01 2.320402563e-01
 2.418782413e-01 2.517525256e-01 2.614898384e-01 2.708635330e-01 2.796034217e-01
 2.874245942e-01 2.940676808e-01 2.993364930e-01 3.031230867e-01 3.054205477e-01
 3.063229322e-01 3.060073555e-01 3.046989739e-01 3.026314378e-01 3.000180125e-01
 2.298051864e-02 1.623980887e-02 9.907585569e-03 3.795855213e-03-1.698661363e-03
-3.510247916e-03-3.610997461e-03-2.584529575e-03-7.992151659e-04 1.485906541e-03
 4.090429749e-03 6.902263034e-03 9.868508205e-03 1.298126299e-02 1.626067050e-02
 1.973959059e-02 2.345212363e-02 2.742595971e-02 3.167767823e-02 3.621051461e-02
 4.101471230e-02 4.607039690e-02 5.135220289e-02 5.683377385e-02 6.249035895e-02
 6.829863787e-02 7.423427701e-02 8.026832342e-02 8.636415005e-02 9.247737378e-02
 9.856028855e-02 1.045703515e-01 1.104790792e-01 1.162782311e-01 1.219825372e-01
 1.276287287e-01 1.332703084e-01 1.389683336e-01 1.447815150e-01 1.507595479e-01
 1.569407433e-01 1.633523405e-01 1.700119376e-01 1.769284904e-01 1.841027439e-01
 1.915269792e-01 1.991837621e-01 2.070441246e-01 2.150649130e-01 2.231857479e-01
 2.313256562e-01 2.393805981e-01 2.472227216e-01 2.547035813e-01 2.616623640e-01
 2.679390609e-01 2.733910382e-01 2.779088914e-01 2.814285755e-01 2.839376628e-01
 2.854745984e-01 2.861210704e-01 2.859886587e-01 2.852037847e-01 2.838938832e-01
 2.550074831e-02 1.790307090e-02 9.641609155e-03 2.866983414e-04-1.004281268e-02
-1.577407680e-02-1.589673758e-02-1.326532289e-02-1.000999659e-02-6.444477476e-03
-2.815451240e-03 7.516368642e-04 4.252813756e-03 7.760355715e-03 1.137392502e-02
 1.519009843e-02 1.928862184e-02 2.372668870e-02 2.853503823e-02 3.371430933e-02
 3.923470527e-02 4.504400492e-02 5.108390749e-02 5.730590969e-02 6.367783993e-02
 7.018058002e-02 7.679896057e-02 8.350923657e-02 9.026415646e-02 9.698143601e-02
 1.035517827e-01 1.098720804e-01 1.158745065e-01 1.215346158e-01 1.268729866e-01
 1.319594085e-01 1.369078159e-01 1.418452561e-01 1.468746364e-01 1.520625502e-01
 1.574468613e-01 1.630463749e-01 1.688674092e-01 1.749072224e-01 1.811553538e-01
 1.875939816e-01 1.941971630e-01 2.009299546e-01 2.077471912e-01 2.145922482e-01
 2.213963419e-01 2.280783653e-01 2.345464528e-01 2.407009751e-01 2.464397848e-01
 2.516650558e-01 2.562910020e-01 2.602510750e-01 2.635038495e-01 2.660357654e-01
 2.678612769e-01 2.690194845e-01 2.695687711e-01 2.695798576e-01 2.691292763e-01
 2.857891843e-02 2.079116367e-02 1.201918814e-02 1.745664049e-03-1.043553557e-02
-1.960717514e-02-2.433850989e-02-2.444365434e-02-1.990042254e-02-1.408613473e-02
-9.011267684e-03-4.775045905e-03-1.078451518e-03 2.430167515e-03 6.027806085e-03
 9.906885214e-03 1.420237496e-02 1.901080459e-02 2.439218760e-02 3.035298362e-02
 3.681578860e-02 4.362022877e-02 5.060356483e-02 5.767621845e-02 6.481927633e-02
 7.205401361e-02 7.941834629e-02 8.694882691e-02 9.465238452e-02 1.024129167e-01
 1.098618060e-01 1.167098507e-01 1.228657961e-01 1.282984167e-01 1.330058873e-01
 1.370632201e-01 1.407911032e-01 1.445963085e-01 1.486262232e-01 1.529102027e-01
 1.574463546e-01 1.622228622e-01 1.672238111e-01 1.724304259e-01 1.778206825e-01
 1.833686382e-01 1.890433729e-01 1.948082447e-01 2.006202489e-01 2.064295858e-01
 2.121797651e-01 2.178081870e-01 2.232477218e-01 2.284287959e-01 2.332825959e-01
 2.377448380e-01 2.417595685e-01 2.452828586e-01 2.482855618e-01 2.507548332e-01
 2.526943088e-01 2.541226745e-01 2.550711632e-01 2.555804253e-01 2.556969523e-01
 3.312961385e-02 2.604256198e-02 1.824215427e-02 9.600373916e-03 1.171699623e-04
-9.972990490e-03-1.885172352e-02-2.332617529e-02-2.288857847e-02-1.711939089e-02
-1.150478888e-02-8.061634377e-03-5.618614145e-03-3.066446166e-03-1.058590133e-04
 3.406914417e-03 7.590563037e-03 1.256961841e-02 1.848676428e-02 2.549770474e-02
 3.365819901e-02 4.217262566e-02 5.037140846e-02 5.830723420e-02 6.611240655e-02
 7.392337173e-02 8.187920600e-02 9.013524652e-02 9.889227152e-02 1.084224209e-01
 1.171645001e-01 1.246273071e-01 1.309814751e-01 1.361386031e-01 1.400540620e-01
 1.425444782e-01 1.441987455e-01 1.466558129e-01 1.496607512e-01 1.530766040e-01
 1.568211466e-01 1.608401388e-01 1.650940031e-01 1.695501208e-01 1.741781384e-01
 1.789471358e-01 1.838240772e-01 1.887728870e-01 1.937539577e-01 1.987241656e-01
 2.036370188e-01 2.084434181e-01 2.130926847e-01 2.175340950e-01 2.217186689e-01
 2.256013453e-01 2.291430086e-01 2.323124707e-01 2.350878119e-01 2.374573201e-01
 2.394195646e-01 2.409828007e-01 2.421637326e-01 2.429859787e-01 2.434780300e-01
 3.890214115e-02 3.302680701e-02 2.671676874e-02 1.996412314e-02 1.286077872e-02
 5.604160484e-03-1.522283768e-03-8.178896271e-03-1.189644355e-02-9.369756095e-03
-6.313504651e-03-5.535422824e-03-5.641038064e-03-4.552384838e-03-2.527185250e-03
 3.679842630e-04 4.183227196e-03 9.030167945e-03 1.509964094e-02 2.275148034e-02
 3.264908120e-02 4.272545874e-02 5.162597075e-02 5.989976600e-02 6.787638366e-02
 7.578457147e-02 8.381766081e-02 9.217442572e-02 1.010955200e-01 1.108368263e-01
 1.197714508e-01 1.273085624e-01 1.335984915e-01 1.385861039e-01 1.421735436e-01
 1.441409290e-01 1.452005804e-01 1.470529586e-01 1.494699121e-01 1.522949189e-01
 1.554357111e-01 1.588369012e-01 1.624608934e-01 1.662766635e-01 1.702543795e-01
 1.743633151e-01 1.785710603e-01 1.828434765e-01 1.871446073e-01 1.914369762e-01
 1.956817955e-01 1.998395324e-01 2.038706541e-01 2.077365518e-01 2.114006430e-01
 2.148295641e-01 2.179943770e-01 2.208715379e-01 2.234437466e-01 2.257004082e-01
 2.276377082e-01 2.292583585e-01 2.305709422e-01 2.315890640e-01 2.323302776e-01
 0.211528492E+01 0.212934494E+01 0.213465762E+01 0.214217925E+01 0.215179801E+01
 0.216326332E+01 0.217109060E+01 0.218023348E+01 0.218979764E+01 0.219972610E+01
 0.221016836E+01 0.222122478E+01 0.223263478E+01 0.224451208E+01 0.225693965E+01
 0.226970792E+01 0.228331542E+01 0.229739189E+01 0.231190753E+01 0.232717800E+01
 0.234306335E+01 0.235955954E+01 0.237678051E+01 0.239475179E+01 0.241351056E+01
 0.243305397E+01 0.245344281E+01 0.247478890E+01 0.249703097E+01 0.252024841E+01
 0.254457736E+01 0.257003284E+01 0.259660959E+01 0.262453985E+01 0.265378165E+01
 0.268450999E+01 0.271676421E+01 0.275066900E+01 0.278640509E+01 0.282403994E+01
 0.286376643E+01 0.290579891E+01 0.295022082E+01 0.299746823E+01 0.304753900E+01
 0.310098815E+01 0.315801001E+01 0.321888280E+01 0.328444529E+01 0.335490608E+01
 0.343151617E+01 0.351435328E+01 0.360525656E+01 0.370516849E+01 0.381591630E+01
 0.393926191E+01 0.407861471E+01 0.423846436E+01 0.442389774E+01 0.464512396E+01
 0.491901207E+01 0.527476597E+01 0.577854061E+01 0.663785458E+01 0.115635986E+02
   91   86
 0.106600857E+01-0.625000000E-01 0.106584096E+01 0.374999978E-01 0.107202470E+01
 0.137500003E+00 0.107906246E+01 0.200690597E+00 0.109225559E+01 0.287500024E+00
 0.110547853E+01 0.357189596E+00 0.112272131E+01 0.437500000E+00 0.113578725E+01
 0.493707836E+00 0.115665174E+01 0.578736067E+00 0.117176926E+01 0.637499988E+00
 0.118717802E+01 0.696274281E+00 0.120976925E+01 0.781517982E+00 0.122539878E+01
 0.837500036E+00 0.124156117E+01 0.892306745E+00 0.126499999E+01 0.958072424E+00
 0.129156256E+01 0.997538567E+00 0.133894908E+01 0.101925802E+01 0.139117193E+01
 0.101680684E+01 0.144428849E+01 0.100243211E+01 0.147085929E+01 0.993382931E+00
 0.152398443E+01 0.972650528E+00 0.156791294E+01 0.950751781E+00 0.160367179E+01
 0.932372987E+00 0.165258443E+01 0.902834177E+00 0.168335938E+01 0.883454323E+00
 0.172713459E+01 0.852509260E+00 0.176304686E+01 0.825832009E+00 0.179592049E+01
 0.799022198E+00 0.184273434E+01 0.759390116E+00 0.187037492E+01 0.734125197E+00
 0.190468860E+01 0.701085269E+00 0.194697189E+01 0.656892180E+00 0.197554684E+01
 0.625542998E+00 0.200629044E+01 0.589496315E+00 0.203679371E+01 0.551262200E+00
 0.207004118E+01 0.504690409E+00 0.210050917E+01 0.457300335E+00 0.212851286E+01
 0.408959210E+00 0.215432692E+01 0.359476984E+00 0.217813492E+01 0.308579981E+00
 0.219994926E+01 0.255793363E+00 0.222123408E+01 0.193616986E+00 0.224228430E+01
 0.112500004E+00 0.225124073E+01 0.613403097E-01 0.225643682E+01-0.374999978E-01
 0.224949026E+01-0.115042664E+00 0.223527050E+01-0.187500000E+00 0.221832275E+01
-0.250000000E+00 0.219737101E+01-0.311799467E+00 0.217273593E+01-0.373135507E+00
 0.214756060E+01-0.428288281E+00 0.212164068E+01-0.479249716E+00 0.209507823E+01
-0.526170671E+00 0.206805944E+01-0.569485724E+00 0.204001451E+01-0.611025453E+00
 0.201119471E+01-0.650574028E+00 0.197242367E+01-0.699211717E+00 0.193570316E+01
-0.742746413E+00 0.190914059E+01-0.773397565E+00 0.188045776E+01-0.804952323E+00
 0.183772862E+01-0.849507391E+00 0.180289066E+01-0.884821951E+00 0.177632809E+01
-0.910489917E+00 0.173235285E+01-0.949999988E+00 0.169664073E+01-0.981254876E+00
 0.166891551E+01-0.100325942E+01 0.161695313E+01-0.104192626E+01 0.159039068E+01
-0.106054509E+01 0.153726566E+01-0.109341061E+01 0.151070309E+01-0.110902929E+01
 0.145757818E+01-0.113617921E+01 0.142440474E+01-0.114999998E+01 0.137789059E+01
-0.116999102E+01 0.132476568E+01-0.118508697E+01 0.127164066E+01-0.119260049E+01
 0.121851563E+01-0.119123888E+01 0.115690780E+01-0.117503095E+01 0.115677953E+01
-0.114790630E+01 0.117193902E+01-0.107252204E+01 0.117989886E+01-0.974999964E+00
 0.117770052E+01-0.875000000E+00 0.116807592E+01-0.774999976E+00 0.115950465E+01
-0.710764408E+00 0.114538860E+01-0.625000000E+00 0.113385153E+01-0.557962656E+00
 0.111883235E+01-0.474999994E+00 0.110752130E+01-0.410760581E+00 0.109307694E+01
-0.325000018E+00 0.108151400E+01-0.244400889E+00 0.107291400E+01-0.168311715E+00
 0.106684983E+01-0.750000030E-01
 0.101600003E+01 0.000000000E+00 0.101600003E+01 0.963999987E+00 0.101600003E+01
 0.967999995E+00 0.101600003E+01 0.100100005E+01 0.101600003E+01 0.101900005E+01
 0.101600003E+01 0.107700002E+01 0.101600003E+01 0.107000005E+01 0.101600003E+01
 0.109599996E+01 0.101600003E+01 0.111300004E+01 0.101600003E+01 0.113800001E+01
 0.101600003E+01 0.114699996E+01 0.101199996E+01 0.116499996E+01 0.100100005E+01
 0.121700001E+01 0.102900004E+01 0.121700001E+01 0.104200006E+01 0.116240001E+01
 0.104600000E+01 0.116237998E+01 0.105599999E+01 0.116260004E+01 0.109700000E+01
 0.116450000E+01 0.110800004E+01 0.116594005E+01 0.111600006E+01 0.116591001E+01
 0.113399994E+01 0.116895998E+01 0.114800000E+01 0.117174995E+01 0.116199994E+01
 0.117556000E+01 0.118099999E+01 0.118299997E+01 0.118200004E+01 0.118350005E+01
 0.118499994E+01 0.118499994E+01 0.119000006E+01 0.118799996E+01 0.119500005E+01
 0.119099998E+01 0.120099998E+01 0.119599998E+01 0.120899999E+01 0.120200002E+01
 0.121500003E+01 0.120799994E+01 0.122200000E+01 0.121399999E+01 0.122800004E+01
 0.122099996E+01 0.123399997E+01 0.123099995E+01 0.123899996E+01 0.123800004E+01
 0.124199998E+01 0.124399996E+01 0.124800003E+01 0.125399995E+01 0.125800002E+01
 0.127800000E+01 0.126300001E+01 0.128999996E+01 0.127999997E+01 0.133099997E+01
 0.127999997E+01 0.134700000E+01 0.127999997E+01 0.134800005E+01 0.130999994E+01
 0.134800005E+01 0.132799995E+01 0.134800005E+01 0.136099994E+01 0.134800005E+01
 0.138000000E+01 0.134800005E+01 0.141900003E+01 0.134800005E+01 0.141900003E+01
 0.130999994E+01 0.137199998E+01 0.130999994E+01 0.137199998E+01 0.129200006E+01
 0.160800004E+01 0.109500003E+01 0.164699996E+01 0.107700002E+01 0.178499997E+01
 0.107700002E+01 0.206999993E+01 0.103999996E+01 0.212800002E+01 0.992999971E+00
 0.224499989E+01 0.708999991E+00 0.232299995E+01 0.518999994E+00 0.237700009E+01
 0.388999999E+00 0.236249995E+01 0.400000006E+00 0.236443496E+01 0.222000003E+00
 0.236496902E+01 0.133000001E+00 0.236532402E+01 0.439999998E-01 0.236512089E+01
-0.439999998E-01 0.236484194E+01-0.133000001E+00 0.236433411E+01-0.222000003E+00
 0.236249995E+01-0.400000006E+00 0.237700009E+01-0.388999999E+00 0.213400006E+01
-0.972999990E+00 0.178600001E+01-0.117400002E+01 0.176800001E+01-0.121099997E+01
 0.176800001E+01-0.125000000E+01 0.168200004E+01-0.125000000E+01 0.137199998E+01
-0.125000000E+01 0.137199998E+01-0.132900000E+01 0.141999996E+01-0.132900000E+01
 0.141999996E+01-0.136300004E+01 0.127300000E+01-0.136300004E+01 0.115300000E+01
-0.136300004E+01 0.101600003E+01-0.122300005E+01 0.101600003E+01-0.122300005E+01
 0.101600003E+01-0.829999983E+00 0.101600003E+01-0.800000012E+00 0.101600003E+01
-0.414999992E+00 0.101600003E+01-0.400000006E+00 0.101600003E+01-0.100000005E-02
 0.101600003E+01 0.000000000E+00
    0 0.169550002E+01    0
 0.000000000E+00 0.104812436E+00 0.148561999E+00 0.182201684E+00 0.210285157E+00
 0.234494686E+00 0.257376194E+00 0.278516293E+00 0.298259616E+00 0.316805691E+00
 0.334464908E+00 0.351270586E+00 0.367426038E+00 0.382968247E+00 0.397979587E+00
 0.412553579E+00 0.426678568E+00 0.440445244E+00 0.453897953E+00 0.467017889E+00
 0.479883909E+00 0.492497444E+00 0.504879355E+00 0.517058492E+00 0.529049575E+00
 0.540858567E+00 0.552527726E+00 0.564043343E+00 0.575418472E+00 0.586686134E+00
 0.597854733E+00 0.608912051E+00 0.619880557E+00 0.630781054E+00 0.641606987E+00
 0.652376413E+00 0.663097739E+00 0.673772335E+00 0.684413970E+00 0.695029557E+00
 0.705642164E+00 0.716240108E+00 0.726822853E+00 0.737440407E+00 0.748056173E+00
 0.758724511E+00 0.769425511E+00 0.780156612E+00 0.790978074E+00 0.801854014E+00
 0.812852502E+00 0.823920548E+00 0.835136235E+00 0.846487343E+00 0.858019948E+00
 0.869736969E+00 0.881689072E+00 0.893937409E+00 0.906491756E+00 0.919444680E+00
 0.932944715E+00 0.947103560E+00 0.962169528E+00 0.978809536E+00 0.100000000E+01
    0
