  EFITD    06/25/2013    #1553283000.0ms  EFIT01   0  65  65
 0.170000005E+01 0.320000005E+01 0.169550002E+01 0.839999974E+00 0.000000000E+00
 0.178632963E+01-0.268273689E-01-0.158511132E+00 0.158304889E-01 0.165688062E+01
 0.101798081E+07-0.158511132E+00 0.000000000E+00 0.178632963E+01 0.000000000E+00
-0.268273689E-01 0.000000000E+00 0.158304889E-01 0.000000000E+00 0.000000000E+00
 0.278388453E+01 0.278514457E+01 0.278635144E+01 0.278750634E+01 0.278861022E+01
 0.278966475E+01 0.279067111E+01 0.279163051E+01 0.279254436E+01 0.279341388E+01
 0.279424047E+01 0.279502487E+01 0.279576874E+01 0.279647350E+01 0.279714036E+01
 0.279777026E+01 0.279836440E+01 0.279892445E+01 0.279945135E+01 0.279994678E+01
 0.280041122E+01 0.280084658E+01 0.280125380E+01 0.280163407E+01 0.280198860E+01
 0.280231905E+01 0.280262613E+01 0.280291152E+01 0.280317593E+01 0.280342102E+01
 0.280364799E+01 0.280385756E+01 0.280405164E+01 0.280423117E+01 0.280439711E+01
 0.280455112E+01 0.280469418E+01 0.280482769E+01 0.280495262E+01 0.280507064E+01
 0.280518246E+01 0.280528927E+01 0.280539274E+01 0.280549383E+01 0.280559397E+01
 0.280569410E+01 0.280579567E+01 0.280589962E+01 0.280600739E+01 0.280612016E+01
 0.280623913E+01 0.280636549E+01 0.280650067E+01 0.280664563E+01 0.280680180E+01
 0.280697012E+01 0.280715227E+01 0.280734897E+01 0.280756164E+01 0.280779147E+01
 0.280803967E+01 0.280830765E+01 0.280859637E+01 0.280890703E+01 0.280924129E+01
 0.830910312E+05 0.811166562E+05 0.791637344E+05 0.772322812E+05 0.753222812E+05
 0.734337578E+05 0.715666875E+05 0.697210781E+05 0.678969375E+05 0.660942656E+05
 0.643130469E+05 0.625532930E+05 0.608150039E+05 0.590981797E+05 0.574028164E+05
 0.557289141E+05 0.540764766E+05 0.524455039E+05 0.508359922E+05 0.492479453E+05
 0.476813594E+05 0.461362383E+05 0.446125781E+05 0.431103789E+05 0.416296484E+05
 0.401703750E+05 0.387325703E+05 0.373162266E+05 0.359213438E+05 0.345479297E+05
 0.331959727E+05 0.318654805E+05 0.305564512E+05 0.292688848E+05 0.280027812E+05
 0.267581426E+05 0.255349648E+05 0.243332520E+05 0.231530000E+05 0.219942129E+05
 0.208568887E+05 0.197410273E+05 0.186466270E+05 0.175736914E+05 0.165222188E+05
 0.154922100E+05 0.144836631E+05 0.134965791E+05 0.125309590E+05 0.115868008E+05
 0.106641064E+05 0.976287500E+04 0.888310645E+04 0.802480127E+04 0.718795850E+04
 0.637257910E+04 0.557866260E+04 0.480620947E+04 0.405521875E+04 0.332569165E+04
 0.261762695E+04 0.193102588E+04 0.126588745E+04 0.622212280E+03 0.000000000E+00
 0.131537163E+01 0.126075172E+01 0.120739031E+01 0.115528750E+01 0.110444331E+01
 0.105485773E+01 0.100653064E+01 0.959462345E+00 0.913652539E+00 0.869101346E+00
 0.825808704E+00 0.783774734E+00 0.742999315E+00 0.703482509E+00 0.665224254E+00
 0.628224611E+00 0.592483580E+00 0.558001161E+00 0.524777353E+00 0.492812067E+00
 0.462105453E+00 0.432657421E+00 0.404467940E+00 0.377537102E+00 0.351864845E+00
 0.327451169E+00 0.304296076E+00 0.282399625E+00 0.261761755E+00 0.242382482E+00
 0.224261805E+00 0.207399711E+00 0.191796228E+00 0.177451327E+00 0.164365023E+00
 0.152537346E+00 0.141968235E+00 0.132657722E+00 0.124605820E+00 0.117812499E+00
 0.112277783E+00 0.108001664E+00 0.104984134E+00 0.103225209E+00 0.102724873E+00
 0.103483140E+00 0.105499998E+00 0.108775459E+00 0.113309510E+00 0.119102158E+00
 0.126153409E+00 0.134463251E+00 0.144031689E+00 0.154858723E+00 0.166944340E+00
 0.180288583E+00 0.194891393E+00 0.210752815E+00 0.227872834E+00 0.246251449E+00
 0.265888631E+00 0.286784470E+00 0.308938861E+00 0.332351863E+00 0.357023448E+00
-0.728665312E+06-0.720787812E+06-0.712910375E+06-0.705032875E+06-0.697155375E+06
-0.689277875E+06-0.681400375E+06-0.673522875E+06-0.665645375E+06-0.657767938E+06
-0.649890438E+06-0.642012938E+06-0.634135438E+06-0.626257938E+06-0.618380500E+06
-0.610503000E+06-0.602625500E+06-0.594748000E+06-0.586870500E+06-0.578993062E+06
-0.571115562E+06-0.563238062E+06-0.555360625E+06-0.547483062E+06-0.539605625E+06
-0.531728125E+06-0.523850656E+06-0.515973125E+06-0.508095656E+06-0.500218156E+06
-0.492340688E+06-0.484463188E+06-0.476585688E+06-0.468708219E+06-0.460830750E+06
-0.452953250E+06-0.445075750E+06-0.437198281E+06-0.429320781E+06-0.421443312E+06
-0.413565812E+06-0.405688312E+06-0.397810812E+06-0.389933344E+06-0.382055875E+06
-0.374178375E+06-0.366300906E+06-0.358423406E+06-0.350545938E+06-0.342668438E+06
-0.334790938E+06-0.326913438E+06-0.319035969E+06-0.311158469E+06-0.303281000E+06
-0.295403500E+06-0.287526031E+06-0.279648531E+06-0.271771062E+06-0.263893562E+06
-0.256016062E+06-0.248138578E+06-0.240261094E+06-0.232383609E+06-0.224506125E+06
 5.211053416e-02 5.091067404e-02 4.978685081e-02 4.867452756e-02 4.750367254e-02
 4.618470371e-02 4.459040239e-02 4.254256189e-02 3.909214213e-02 3.316561505e-02
 2.608441561e-02 1.778038405e-02 9.429725818e-03 3.569386434e-03-3.693561885e-04
-2.633857774e-03-3.292937297e-03-2.307146788e-03 5.033711786e-04 5.547527224e-03
 1.363299880e-02 2.213457227e-02 2.905177511e-02 3.505486622e-02 4.050962999e-02
 4.562889412e-02 5.054830015e-02 5.536093190e-02 6.013428792e-02 6.491836905e-02
 6.970760226e-02 7.450792193e-02 7.932972163e-02 8.416879177e-02 8.901677281e-02
 9.386191517e-02 9.871306270e-02 1.036070138e-01 1.085437238e-01 1.135302633e-01
 1.185778677e-01 1.236976311e-01 1.288963854e-01 1.341743022e-01 1.395243108e-01
 1.449327320e-01 1.503802389e-01 1.558427066e-01 1.612918973e-01 1.666960567e-01
 1.720205992e-01 1.772288233e-01 1.822827756e-01 1.871444583e-01 1.917769313e-01
 1.961457133e-01 2.002201378e-01 2.039745599e-01 2.073893547e-01 2.104515731e-01
 2.131553888e-01 2.155017853e-01 2.174982429e-01 2.191578597e-01 2.204983681e-01
 4.833246768e-02 4.712058976e-02 4.622488841e-02 4.563911632e-02 4.530711845e-02
 4.509609193e-02 4.433827847e-02 4.208847880e-02 3.805942461e-02 3.206881508e-02
 2.561769634e-02 1.910784282e-02 1.307459734e-02 8.406387642e-03 5.163616966e-03
 3.303408390e-03 2.816089196e-03 3.741378197e-03 6.168743595e-03 1.021942403e-02
 1.589294523e-02 2.214041725e-02 2.800945379e-02 3.348605335e-02 3.866976500e-02
 4.365648329e-02 4.852487892e-02 5.333761871e-02 5.814486369e-02 6.298654526e-02
 6.785419583e-02 7.275367528e-02 7.769963890e-02 8.269751072e-02 8.774854988e-02
 9.284994006e-02 9.801813215e-02 1.032907814e-01 1.086667478e-01 1.141476408e-01
 1.197363287e-01 1.254348159e-01 1.312423944e-01 1.371542364e-01 1.431603432e-01
 1.492451727e-01 1.553874165e-01 1.615599394e-01 1.677300483e-01 1.738597304e-01
 1.799060851e-01 1.858222485e-01 1.915584505e-01 1.970635951e-01 2.022873163e-01
 2.071820349e-01 2.117052823e-01 2.158219516e-01 2.195059508e-01 2.227415144e-01
 2.255235910e-01 2.278575897e-01 2.297583669e-01 2.312488109e-01 2.323577553e-01
 4.331678897e-02 4.207726941e-02 4.143422842e-02 4.151210561e-02 4.230784625e-02
 4.228331521e-02 4.101521522e-02 3.837225586e-02 3.425591439e-02 2.972966991e-02
 2.532987483e-02 2.122360468e-02 1.759473234e-02 1.465188898e-02 1.255140733e-02
 1.138451695e-02 1.120240893e-02 1.203188021e-02 1.387086511e-02 1.666135155e-02
 2.024672553e-02 2.436888590e-02 2.876730449e-02 3.327598423e-02 3.782204911e-02
 4.238690436e-02 4.697753489e-02 5.161108822e-02 5.630711466e-02 6.108186394e-02
 6.593996286e-02 7.088702917e-02 7.593211532e-02 8.108270168e-02 8.634461462e-02
 9.172361344e-02 9.723270684e-02 1.028880998e-01 1.086960211e-01 1.146598309e-01
 1.207814068e-01 1.270606220e-01 1.334944665e-01 1.400760561e-01 1.467937231e-01
 1.536301970e-01 1.605618000e-01 1.675578207e-01 1.745799780e-01 1.815820783e-01
 1.885101348e-01 1.953028888e-01 2.018931061e-01 2.082097530e-01 2.141810358e-01
 2.197380066e-01 2.248188555e-01 2.293726802e-01 2.333630174e-01 2.367698997e-01
 2.395906746e-01 2.418392301e-01 2.435439080e-01 2.447443902e-01 2.454881817e-01
 3.636227921e-02 3.482213989e-02 3.415793926e-02 3.443449363e-02 3.539371863e-02
 3.522889689e-02 3.362172097e-02 3.132649511e-02 2.885251679e-02 2.629035525e-02
 2.375644259e-02 2.137913182e-02 1.928942278e-02 1.761210524e-02 1.645443961e-02
 1.589827985e-02 1.599774510e-02 1.677858829e-02 1.823570207e-02 2.032908425e-02
 2.298321575e-02 2.609693259e-02 2.956431545e-02 3.329575434e-02 3.722810000e-02
 4.132360965e-02 4.556365684e-02 4.994197562e-02 5.445921421e-02 5.911907554e-02
 6.392625719e-02 6.888615340e-02 7.400495559e-02 7.928942889e-02 8.474683017e-02
 9.038511664e-02 9.621305019e-02 1.022392511e-01 1.084710434e-01 1.149138734e-01
 1.215711609e-01 1.284439564e-01 1.355303377e-01 1.428245306e-01 1.503159702e-01
 1.579880416e-01 1.658168584e-01 1.737697721e-01 1.818039268e-01 1.898647845e-01
 1.978851557e-01 2.057847977e-01 2.134713084e-01 2.208427936e-01 2.277924567e-01
 2.342151552e-01 2.400151789e-01 2.451140732e-01 2.494573444e-01 2.530188560e-01
 2.558019757e-01 2.578376532e-01 2.591797411e-01 2.598983943e-01 2.600729465e-01
 2.648724243e-02 2.419809625e-02 2.349175140e-02 2.403296344e-02 2.501988038e-02
 2.521497011e-02 2.499019168e-02 2.441418916e-02 2.356504835e-02 2.253236808e-02
 2.141486108e-02 2.031580359e-02 1.933774725e-02 1.857710257e-02 1.811904460e-02
 1.803336293e-02 1.837161928e-02 1.916542836e-02 2.042566612e-02 2.214288525e-02
 2.428982779e-02 2.682664245e-02 2.970814146e-02 3.289109841e-02 3.633942455e-02
 4.002640024e-02 4.393447191e-02 4.805369675e-02 5.237981305e-02 5.691248924e-02
 6.165400520e-02 6.660848111e-02 7.178136706e-02 7.717920095e-02 8.280935884e-02
 8.867989480e-02 9.479928762e-02 1.011760905e-01 1.078184918e-01 1.147338599e-01
 1.219283566e-01 1.294063926e-01 1.371699721e-01 1.452178955e-01 1.535445154e-01
 1.621383131e-01 1.709799916e-01 1.800400764e-01 1.892760247e-01 1.986288130e-01
 2.080193758e-01 2.173455656e-01 2.264806628e-01 2.352751493e-01 2.435632050e-01
 2.511746287e-01 2.579507828e-01 2.637613118e-01 2.685186863e-01 2.721869051e-01
 2.747842669e-01 2.763779759e-01 2.770731449e-01 2.769975066e-01 2.762864530e-01
 1.123310253e-02 6.505484693e-03 8.383647539e-03 1.173904166e-02 1.431017276e-02
 1.623663306e-02 1.757574640e-02 1.841442846e-02 1.884951629e-02 1.898021623e-02
 1.890560426e-02 1.872268692e-02 1.852418669e-02 1.839609072e-02 1.841525175e-02
 1.864729263e-02 1.914502308e-02 1.994754374e-02 2.108008787e-02 2.255476639e-02
 2.437227964e-02 2.652459405e-02 2.899820358e-02 3.177746385e-02 3.484738991e-02
 3.819553554e-02 4.181284085e-02 4.569379613e-02 4.983608425e-02 5.424010009e-02
 5.890841410e-02 6.384536624e-02 6.905672699e-02 7.454948127e-02 8.033164591e-02
 8.641212434e-02 9.280055016e-02 9.950708598e-02 1.065422744e-01 1.139167398e-01
 1.216409504e-01 1.297248304e-01 1.381772310e-01 1.470052749e-01 1.562131792e-01
 1.658008695e-01 1.757616848e-01 1.860792488e-01 1.967230588e-01 2.076422423e-01
 2.187574953e-01 2.299512774e-01 2.410578281e-01 2.518572211e-01 2.620803714e-01
 2.714311779e-01 2.796241045e-01 2.864246368e-01 2.916801274e-01 2.953382134e-01
 2.974525094e-01 2.981723249e-01 2.977139950e-01 2.963212729e-01 2.942301035e-01
-4.993657349e-04-6.677066442e-03-3.667917335e-03 1.895647380e-03 6.208284758e-03
 9.523181245e-03 1.203672029e-02 1.389709860e-02 1.522973925e-02 1.614789292e-02
 1.675655320e-02 1.715366915e-02 1.743015088e-02 1.766933687e-02 1.794623584e-02
 1.832672209e-02 1.886692271e-02 1.961288601e-02 2.060067281e-02 2.185687609e-02
 2.339956723e-02 2.523964085e-02 2.738243900e-02 2.982957475e-02 3.258083761e-02
 3.563555703e-02 3.899349272e-02 4.265533760e-02 4.662299156e-02 5.089966953e-02
 5.548987538e-02 6.039936095e-02 6.563506275e-02 7.120506465e-02 7.711855322e-02
 8.338585496e-02 9.001837671e-02 9.702868760e-02 1.044304594e-01 1.122385263e-01
 1.204688773e-01 1.291386187e-01 1.382658184e-01 1.478693485e-01 1.579683274e-01
 1.685812771e-01 1.797245294e-01 1.914096028e-01 2.036387175e-01 2.163970768e-01
 2.296403199e-01 2.432740331e-01 2.571224570e-01 2.708875537e-01 2.841159701e-01
 2.962294221e-01 3.066540360e-01 3.149441481e-01 3.208242953e-01 3.242038786e-01
 3.252042532e-01 3.241730928e-01 3.216070235e-01 3.180034161e-01 3.137707114e-01
-6.018648855e-03-1.273724809e-02-9.243058041e-03-3.106762655e-03 1.878376352e-03
 5.861242302e-03 8.980773389e-03 1.137174852e-02 1.315996237e-02 1.446149871e-02
 1.538316160e-02 1.602332294e-02 1.647219993e-02 1.681229286e-02 1.711871102e-02
 1.745887473e-02 1.789238304e-02 1.847105660e-02 1.923908480e-02 2.023331076e-02
 2.148362063e-02 2.301331423e-02 2.483953349e-02 2.697406523e-02 2.942649648e-02
 3.220497817e-02 3.531647101e-02 3.876712546e-02 4.256294668e-02 4.671020806e-02
 5.121567845e-02 5.608681589e-02 6.133193895e-02 6.696036458e-02 7.298255712e-02
 7.941026986e-02 8.625674993e-02 9.353688359e-02 1.012675241e-01 1.094677225e-01
 1.181591153e-01 1.273663342e-01 1.371174604e-01 1.474446505e-01 1.583846509e-01
 1.699794680e-01 1.822768152e-01 1.953303218e-01 2.091988325e-01 2.239437997e-01
 2.396221161e-01 2.562686205e-01 2.738530040e-01 2.921792567e-01 3.106634617e-01
 3.277011812e-01 3.418675661e-01 3.525304496e-01 3.592914641e-01 3.619169891e-01
 3.603894711e-01 3.554835618e-01 3.489019275e-01 3.416076303e-01 3.341723382e-01
-6.077714264e-03-1.288888138e-02-9.629881009e-03-3.497192403e-03 1.540370984e-03
 5.580019206e-03 8.741042577e-03 1.115017943e-02 1.293083653e-02 1.419775095e-02
 1.505476143e-02 1.559823472e-02 1.591494307e-02 1.608436182e-02 1.618184894e-02
 1.627587900e-02 1.642864197e-02 1.669637859e-02 1.712964475e-02 1.777351275e-02
 1.866761036e-02 1.984560862e-02 2.133299597e-02 2.314023487e-02 2.528385259e-02
 2.777985297e-02 3.064109571e-02 3.387678415e-02 3.749571741e-02 4.150651395e-02
 4.591755942e-02 5.073751509e-02 5.597564951e-02 6.164209172e-02 6.774811447e-02
 7.430636883e-02 8.133125305e-02 8.883924037e-02 9.684938192e-02 1.053838134e-01
 1.144684553e-01 1.241338924e-01 1.344164014e-01 1.453593820e-01 1.570151746e-01
 1.694473922e-01 1.827341914e-01 1.969726980e-01 2.122850716e-01 2.288276702e-01
 2.468046248e-01 2.664906383e-01 2.882735133e-01 3.127583861e-01 3.404622376e-01
 3.654514849e-01 3.850967288e-01 3.992539048e-01 4.076122046e-01 4.094569087e-01
 4.045646191e-01 3.918927312e-01 3.779439628e-01 3.650923371e-01 3.534598053e-01
-1.401490066e-03-8.111417294e-03-5.175115541e-03 6.077919388e-04 5.209316500e-03
 8.755653165e-03 1.140999421e-02 1.332484465e-02 1.463483367e-02 1.545689814e-02
 1.587676629e-02 1.599426381e-02 1.588302106e-02 1.560723316e-02 1.525147632e-02
 1.488232892e-02 1.456265710e-02 1.435158029e-02 1.430467423e-02 1.447450370e-02
 1.491175499e-02 1.566765830e-02 1.679944806e-02 1.824116707e-02 2.003979310e-02
 2.222827263e-02 2.482705377e-02 2.783670463e-02 3.126809373e-02 3.513234854e-02
 3.943774849e-02 4.419303685e-02 4.940755665e-02 5.509141833e-02 6.125580147e-02
 6.791325659e-02 7.507809252e-02 8.276690543e-02 9.099914134e-02 9.979782254e-02
 1.091904044e-01 1.192098707e-01 1.298961788e-01 1.412981004e-01 1.534757465e-01
 1.665039361e-01 1.804770380e-01 1.955157518e-01 2.117770612e-01 2.294695526e-01
 2.488771528e-01 2.703979015e-01 2.946074605e-01 3.223526478e-01 3.548013568e-01
 3.880760074e-01 4.137821496e-01 4.318089485e-01 4.423172474e-01 4.451870620e-01
 4.393201172e-01 4.240904152e-01 4.022017419e-01 3.836410046e-01 3.680379689e-01
 8.150454611e-03 1.603628509e-03 4.642995074e-03 9.572613984e-03 1.301343367e-02
 1.535790786e-02 1.687539183e-02 1.775492355e-02 1.813269407e-02 1.811154000e-02
 1.777222008e-02 1.718362048e-02 1.640360244e-02 1.548190974e-02 1.449354086e-02
 1.350167766e-02 1.256720349e-02 1.174860634e-02 1.110186707e-02 1.068032999e-02
 1.053442154e-02 1.071086247e-02 1.125034969e-02 1.218097005e-02 1.354045141e-02
 1.537232753e-02 1.772980392e-02 2.049753442e-02 2.372444794e-02 2.743508853e-02
 3.162587807e-02 3.630523011e-02 4.148200527e-02 4.716531932e-02 5.336531624e-02
 6.009307131e-02 6.736121327e-02 7.518452406e-02 8.358055353e-02 9.257037938e-02
 1.021794006e-01 1.124384254e-01 1.233849972e-01 1.350651681e-01 1.475357711e-01
 1.608674824e-01 1.751489788e-01 1.904926151e-01 2.070422173e-01 2.249840647e-01
 2.445616573e-01 2.660953999e-01 2.900058627e-01 3.168359399e-01 3.472652733e-01
 3.819005489e-01 4.112767279e-01 4.321925938e-01 4.449453056e-01 4.496317506e-01
 4.464659095e-01 4.343368113e-01 4.130337536e-01 3.912657499e-01 3.737530410e-01
 2.612578496e-02 2.088141628e-02 2.193530276e-02 2.399846911e-02 2.481180616e-02
 2.495168336e-02 2.463436313e-02 2.396954969e-02 2.302603424e-02 2.185393684e-02
 2.049374580e-02 1.898059994e-02 1.734593138e-02 1.561839040e-02 1.385469083e-02
 1.211194135e-02 1.044684090e-02 8.915123530e-03 7.571137976e-03 6.467446685e-03
 5.654405802e-03 5.179661326e-03 5.087604746e-03 5.419206340e-03 6.214037538e-03
 7.509310730e-03 9.336523712e-03 1.171290688e-02 1.467367914e-02 1.826845109e-02
 2.233922482e-02 2.693532594e-02 3.206594288e-02 3.773642331e-02 4.395643622e-02
 5.073336512e-02 5.807619542e-02 6.599581242e-02 7.450558990e-02 8.362185210e-02
 9.336453676e-02 1.037579030e-01 1.148314029e-01 1.266209185e-01 1.391700208e-01
 1.525317729e-01 1.667706668e-01 1.819650829e-01 1.982100159e-01 2.156197429e-01
 2.343300134e-01 2.544986308e-01 2.763026655e-01 2.999325693e-01 3.255911767e-01
 3.535578549e-01 3.821445107e-01 4.025091529e-01 4.157342017e-01 4.223924577e-01
 4.222374558e-01 4.158168733e-01 4.022178054e-01 3.831507862e-01 3.677600622e-01
 5.210574716e-02 5.033617094e-02 4.585785791e-02 4.179748893e-02 3.871899843e-02
 3.604001924e-02 3.352708742e-02 3.107186221e-02 2.861964330e-02 2.614258043e-02
 2.362783998e-02 2.107168175e-02 1.847600006e-02 1.584600285e-02 1.321613695e-02
 1.063835341e-02 8.164902218e-03 5.848077126e-03 3.739805659e-03 1.891184016e-03
 3.520353057e-04-8.294704603e-04-1.607111190e-03-1.936767483e-03-1.776437159e-03
-1.086662291e-03 1.687146578e-04 2.022063360e-03 4.504004959e-03 7.640081458e-03
 1.144145802e-02 1.594799384e-02 2.103936486e-02 2.668824978e-02 3.292732313e-02
 3.974651173e-02 4.715031758e-02 5.514371023e-02 6.373430789e-02 7.293178886e-02
 8.274821937e-02 9.319829941e-02 1.042997614e-01 1.160737202e-01 1.285449713e-01
 1.417421252e-01 1.556974500e-01 1.704461277e-01 1.860245168e-01 2.024665028e-01
 2.197968811e-01 2.380190343e-01 2.570932806e-01 2.768970728e-01 2.971467674e-01
 3.172273636e-01 3.358935714e-01 3.515045643e-01 3.630803227e-01 3.703138828e-01
 3.731963933e-01 3.719349504e-01 3.670769930e-01 3.598176241e-01 3.518382907e-01
 7.031328976e-02 6.956595182e-02 6.344420463e-02 5.684704334e-02 5.128520355e-02
 4.643100500e-02 4.204726592e-02 3.797283769e-02 3.410047293e-02 3.035873920e-02
 2.670004219e-02 2.309304290e-02 1.951798424e-02 1.596405357e-02 1.242872048e-02
 8.979517035e-03 5.662593991e-03 2.526425058e-03-3.795989323e-04-3.006057581e-03
-5.304095801e-03-7.225834765e-03-8.724663407e-03-9.755448438e-03-1.027472597e-02
-1.024096180e-02-9.614903480e-03-8.359954692e-03-6.442612968e-03-3.833661787e-03
-5.097255344e-04 3.546828870e-03 8.337677456e-03 1.387622207e-02 2.019685507e-02
 2.706827968e-02 3.454081714e-02 4.260607809e-02 5.126794800e-02 6.052858382e-02
 7.039128244e-02 8.086002618e-02 9.193959832e-02 1.036353633e-01 1.159528121e-01
 1.288965344e-01 1.424687207e-01 1.566667408e-01 1.714793444e-01 1.868809313e-01
 2.028229833e-01 2.192212194e-01 2.359369546e-01 2.527514398e-01 2.693341672e-01
 2.852182090e-01 2.998176515e-01 3.125267327e-01 3.228603601e-01 3.305370212e-01
 3.354899287e-01 3.378589749e-01 3.379867375e-01 3.363877237e-01 3.336442411e-01
 8.190727979e-02 8.141129464e-02 7.522694767e-02 6.774277985e-02 6.098126993e-02
 5.482713133e-02 4.915284738e-02 4.384547845e-02 3.881251067e-02 3.398124874e-02
 2.929582819e-02 2.471387573e-02 2.020343393e-02 1.574025676e-02 1.133417152e-02
 7.031611633e-03 2.880084328e-03-1.072063460e-03-4.776129499e-03-8.183531463e-03
-1.124619693e-02-1.391683798e-02-1.614915207e-02-1.789795980e-02-1.911933348e-02
-1.977073401e-02-1.981123537e-02-1.920180023e-02-1.790573634e-02-1.588931866e-02
-1.312259585e-02-9.580190293e-03-5.242406856e-03-9.407927428e-05 5.871942267e-03
 1.264263224e-02 2.023935691e-02 2.838741429e-02 3.713712096e-02 4.647274315e-02
 5.639052764e-02 6.688334048e-02 7.794356346e-02 8.956257999e-02 1.017296538e-01
 1.144304574e-01 1.276450008e-01 1.413450688e-01 1.554904431e-01 1.700242907e-01
 1.848669201e-01 1.999081075e-01 2.149986625e-01 2.299421728e-01 2.444909364e-01
 2.583512068e-01 2.712036371e-01 2.827395499e-01 2.927033603e-01 3.009270728e-01
 3.073495030e-01 3.120195866e-01 3.150863349e-01 3.167737424e-01 3.173421919e-01
 9.005835652e-02 8.967915177e-02 8.320656419e-02 7.528356463e-02 6.789625436e-02
 6.098515168e-02 5.447902903e-02 4.830517992e-02 4.239629209e-02 3.669352084e-02
 3.114716895e-02 2.571609616e-02 2.036662959e-02 1.507133525e-02 9.843986481e-03
 4.731731955e-03-2.169833751e-04-4.953254946e-03-9.428287856e-03-1.359378919e-02
-1.740222797e-02-2.080698684e-02-2.376242727e-02-2.622391097e-02-2.814780176e-02
-2.949148044e-02-3.021340258e-02-3.027325496e-02-2.963220887e-02-2.825333737e-02
-2.610217780e-02-2.314747870e-02-1.936214790e-02-1.472441666e-02-9.219865315e-03
-2.844013507e-03 4.397102632e-03 1.247322652e-02 2.139015310e-02 3.083643503e-02
 4.085582495e-02 5.141972750e-02 6.250987202e-02 7.410739362e-02 8.619040996e-02
 9.873233736e-02 1.117000356e-01 1.250516623e-01 1.387342364e-01 1.526806653e-01
 1.668064445e-01 1.810063273e-01 1.951516271e-01 2.090891302e-01 2.226431370e-01
 2.356220037e-01 2.478296757e-01 2.590815723e-01 2.692215443e-01 2.781368494e-01
 2.857672274e-01 2.921079993e-01 2.972053885e-01 3.011462092e-01 3.040432930e-01
 9.533435851e-02 9.495735168e-02 8.826060593e-02 8.011572063e-02 7.240381837e-02
 6.506579369e-02 5.804556236e-02 5.128929019e-02 4.474762827e-02 3.837622330e-02
 3.213578463e-02 2.599184774e-02 1.991434023e-02 1.387708262e-02 7.905365899e-03
 2.050814684e-03-3.635153407e-03-9.101791307e-03-1.429935172e-02-1.917928830e-02
-2.369433641e-02-2.779851481e-02-3.144703060e-02-3.459616750e-02-3.720313683e-02
-3.922594339e-02-4.062329605e-02-4.135462269e-02-4.138012975e-02-4.066106305e-02
-3.916010633e-02-3.684199601e-02-3.367440775e-02-2.962911315e-02-2.468360402e-02
-1.882301457e-02-1.204236597e-02-4.349567462e-03 4.233656917e-03 1.365602482e-02
 2.389844134e-02 3.461627290e-02 4.581965506e-02 5.748781562e-02 6.959351897e-02
 8.210437745e-02 9.498113394e-02 1.081768423e-01 1.216357946e-01 1.352922022e-01
 1.490686387e-01 1.628750265e-01 1.766079813e-01 1.901516020e-01 2.033796757e-01
 2.161598951e-01 2.283597142e-01 2.398536205e-01 2.505303025e-01 2.602989674e-01
 2.690933347e-01 2.768734396e-01 2.836244106e-01 2.893536091e-01 2.940867245e-01
 9.774740040e-02 9.721210599e-02 9.073127806e-02 8.261214942e-02 7.484145463e-02
 6.733558327e-02 6.003915146e-02 5.291407183e-02 4.592879117e-02 3.905448318e-02
 3.226402402e-02 2.553186193e-02 1.883403771e-02 1.214806177e-02 5.517710932e-03
-1.000082935e-03-7.350161672e-03-1.347930916e-02-1.933635026e-02-2.487215772e-02
-3.003956378e-02-3.479319066e-02-3.908921033e-02-4.288507998e-02-4.613925144e-02
-4.881088436e-02-5.085963011e-02-5.224546045e-02-5.292860046e-02-5.286960676e-02
-5.202959850e-02-5.037069321e-02-4.785671085e-02-4.445412755e-02-4.013337195e-02
-3.487044200e-02-2.864882536e-02-2.146169916e-02-1.331411954e-02-4.225445446e-03
 5.772133823e-03 1.662344299e-02 2.802815288e-02 3.987630084e-02 5.213017389e-02
 6.475762278e-02 7.771596313e-02 9.095668793e-02 1.044261307e-01 1.180648431e-01
 1.318067908e-01 1.455788910e-01 1.593009681e-01 1.728863716e-01 1.862433404e-01
 1.992769837e-01 2.118918449e-01 2.239944339e-01 2.354956567e-01 2.463122755e-01
 2.563678026e-01 2.655923367e-01 2.739227712e-01 2.813032866e-01 2.876882553e-01
 9.764451534e-02 9.664551914e-02 9.059679508e-02 8.312771469e-02 7.563637942e-02
 6.816986948e-02 6.075635925e-02 5.340201035e-02 4.610171169e-02 3.884416074e-02
 3.161454946e-02 2.439630777e-02 1.717229933e-02 9.925976396e-03 2.722922480e-03
-4.375551827e-03-1.131086331e-02-1.802739128e-02-2.447250672e-02-3.059646674e-02
-3.635218367e-02-4.169492051e-02-4.658192396e-02-5.097200722e-02-5.482512712e-02
-5.810199678e-02-6.076367944e-02-6.277131289e-02-6.408588588e-02-6.466814876e-02
-6.447868049e-02-6.347814202e-02-6.162775680e-02-5.889007077e-02-5.522997305e-02
-5.061610043e-02-4.502257332e-02-3.843111172e-02-3.083362989e-02-2.223528177e-02
-1.265828311e-02-2.147802850e-03 9.220855311e-03 2.139441296e-02 3.392012045e-02
 4.682311416e-02 6.004023924e-02 7.351918519e-02 8.721045405e-02 1.010636836e-01
 1.150260493e-01 1.290415227e-01 1.430508047e-01 1.569916308e-01 1.707991958e-01
 1.844068319e-01 1.977462620e-01 2.107475698e-01 2.233380973e-01 2.354403585e-01
 2.469686866e-01 2.578252554e-01 2.678971589e-01 2.770573199e-01 2.851725519e-01
 9.733429551e-02 9.603002667e-02 9.018554538e-02 8.293078095e-02 7.554363459e-02
 6.807091832e-02 6.055587530e-02 5.301981792e-02 4.546940699e-02 3.790228441e-02
 3.031044267e-02 2.268228680e-02 1.500382833e-02 7.283484563e-03-4.084000248e-04
-8.005746640e-03-1.544665173e-02-2.267330140e-02-2.963181213e-02-3.627197444e-02
-4.254691303e-02-4.841262847e-02-5.382755026e-02-5.875198916e-02-6.314760447e-02
-6.697688252e-02-7.020263374e-02-7.278759778e-02-7.469403744e-02-7.588357478e-02
-7.631703466e-02-7.595454156e-02-7.475584745e-02-7.268077880e-02-6.969010830e-02
-6.574668735e-02-6.081695110e-02-5.487285554e-02-4.789428413e-02-3.987202421e-02
-3.081125394e-02-2.073569037e-02-9.691813961e-03 2.247555414e-03 1.496482920e-02
 2.837491035e-02 4.204108939e-02 5.593634024e-02 7.002837211e-02 8.428188413e-02
 9.865961224e-02 1.131229401e-01 1.276323497e-01 1.421478838e-01 1.566294432e-01
 1.710367799e-01 1.853289008e-01 1.994625628e-01 2.133891135e-01 2.270490229e-01
 2.403630614e-01 2.532194853e-01 2.654573917e-01 2.768518329e-01 2.871187627e-01
 9.740615636e-02 9.601108730e-02 9.000387788e-02 8.251728117e-02 7.497072220e-02
 6.736488640e-02 5.970232934e-02 5.198568106e-02 4.421428964e-02 3.638361767e-02
 2.848574333e-02 2.051000297e-02 1.244350336e-02 4.320744891e-03-3.784911940e-03
-1.180477906e-02-1.967494749e-02-2.733625844e-02-3.473412618e-02-4.181824252e-02
-4.854216799e-02-5.486281961e-02-6.073992327e-02-6.613537669e-02-7.101263851e-02
-7.533612847e-02-7.907059044e-02-8.218058944e-02-8.463006467e-02-8.638191968e-02
-8.739782125e-02-8.763810992e-02-8.706187457e-02-8.562730998e-02-8.329226822e-02
-8.001513779e-02-7.575608790e-02-7.047869265e-02-6.415197253e-02-5.675292760e-02
-4.826952145e-02-3.870404512e-02-2.807664126e-02-1.642878726e-02-3.826320171e-03
 9.642793797e-03 2.385678515e-02 3.828443959e-02 5.290258303e-02 6.768725812e-02
 8.261456341e-02 9.766148031e-02 1.128067076e-01 1.280313432e-01 1.433196217e-01
 1.586592346e-01 1.740412712e-01 1.894591451e-01 2.049061209e-01 2.203698158e-01
 2.358219773e-01 2.511988282e-01 2.663630247e-01 2.810231149e-01 2.945664227e-01
 9.705743194e-02 9.556487948e-02 8.919517696e-02 8.155141771e-02 7.386390120e-02
 6.611982733e-02 5.831136554e-02 5.043035001e-02 4.246805236e-02 3.441482782e-02
 2.626002394e-02 1.799199358e-02 9.598200209e-03 1.139171072e-03-7.310773246e-03
-1.568190567e-02-2.390945703e-02-3.193373606e-02-3.970001638e-02-4.715827480e-02
-5.426276103e-02-6.097144634e-02-6.724543124e-02-7.304826379e-02-7.834523916e-02
-8.310272545e-02-8.728748560e-02-9.086606652e-02-9.380422533e-02-9.606647491e-02
-9.761571139e-02-9.841299057e-02-9.841748327e-02-9.758655727e-02-9.587617218e-02
-9.324150532e-02-8.963785321e-02-8.502198756e-02-7.935380936e-02-7.259852439e-02
-6.472917646e-02-5.572970212e-02-4.559832066e-02-3.435121849e-02-2.202647179e-02
-8.688066155e-03 5.568616558e-03 2.061196044e-02 3.584136441e-02 5.124120414e-02
 6.679805368e-02 8.250172436e-02 9.834638238e-02 1.143319011e-01 1.304652989e-01
 1.467622519e-01 1.632487476e-01 1.799627244e-01 1.969556361e-01 2.142937034e-01
 2.320581675e-01 2.503436804e-01 2.692494988e-01 2.888267338e-01 3.081660271e-01
 9.568940848e-02 9.403500706e-02 8.771751821e-02 7.997460663e-02 7.219081372e-02
 6.435146183e-02 5.643889681e-02 4.843613878e-02 4.032758996e-02 3.209886700e-02
 2.373640239e-02 1.522712409e-02 6.568003446e-03-2.163043479e-03-1.089147944e-02
-1.954721101e-02-2.806518972e-02-3.638565540e-02-4.445410520e-02-5.222104490e-02
-5.964155868e-02-6.667476892e-02-7.328316569e-02-7.943192124e-02-8.508814126e-02
-9.022011608e-02-9.479659051e-02-9.878611565e-02-1.021563485e-01-1.048735455e-01
-1.069020852e-01-1.082041413e-01-1.087394208e-01-1.084651947e-01-1.073364168e-01
-1.053061485e-01-1.023262143e-01-9.834824502e-02-9.332504869e-02-8.721239120e-02
-7.997135073e-02-7.157099992e-02-6.199172884e-02-5.122905597e-02-3.929789364e-02
-2.623730525e-02-1.211569458e-02 2.964120358e-03 1.886032522e-02 3.492262959e-02
 5.114464834e-02 6.752504408e-02 8.406909555e-02 1.007905826e-01 1.177140847e-01
 1.348777860e-01 1.523369998e-01 1.701688021e-01 1.884785146e-01 2.074088752e-01
 2.271538824e-01 2.479817867e-01 2.702784836e-01 2.946437001e-01 3.199724257e-01
 9.371321648e-02 9.189718962e-02 8.551928401e-02 7.773776352e-02 6.993812323e-02
 6.208378077e-02 5.414029211e-02 4.608090594e-02 3.788477927e-02 2.953481115e-02
 2.101595514e-02 1.231397595e-02 3.452482633e-03-5.488787778e-03-1.443426870e-02
-2.331330068e-02-3.206060454e-02-4.061648622e-02-4.892680049e-02-5.694267899e-02
-6.462009996e-02-7.191930711e-02-7.880416512e-02-8.524137735e-02-9.119976312e-02
-9.664942324e-02-1.015610099e-01-1.059049889e-01-1.096509099e-01-1.127668321e-01
-1.152187288e-01-1.169700921e-01-1.179816052e-01-1.182109416e-01-1.176127940e-01
-1.161390543e-01-1.137393340e-01-1.103616878e-01-1.059537306e-01-1.004641950e-01
-9.384490550e-02-8.605331928e-02-7.705558836e-02-6.683030725e-02-5.537278205e-02
-4.269989580e-02-2.885543741e-02-1.391555741e-02 2.005934250e-03 1.875295863e-02
 3.564473987e-02 5.268358439e-02 6.987955421e-02 8.725281060e-02 1.048363969e-01
 1.226794794e-01 1.408514977e-01 1.594479978e-01 1.785989106e-01 1.984803230e-01
 2.193311751e-01 2.414756268e-01 2.653485835e-01 2.915121019e-01 3.193818033e-01
 9.107826650e-02 8.909957111e-02 8.240504563e-02 7.475682348e-02 6.711543351e-02
 5.938161910e-02 5.150876939e-02 4.347106814e-02 3.525134549e-02 2.683605626e-02
 1.821293309e-02 9.369590320e-03 3.587489482e-04-8.739014156e-03-1.784754544e-02
-2.689585276e-02-3.581858426e-02-4.455622286e-02-5.305504054e-02-6.126681343e-02
-6.914839894e-02-7.666111737e-02-8.377008140e-02-9.044341743e-02-9.665150940e-02
-1.023661271e-01-1.075596809e-01-1.122044176e-01-1.162716895e-01-1.197312996e-01
-1.225508749e-01-1.246953383e-01-1.261265725e-01-1.268030554e-01-1.266797632e-01
-1.257082671e-01-1.238369346e-01-1.210116073e-01-1.171764061e-01-1.122750491e-01
-1.062525958e-01-9.905771911e-02-9.064555913e-02-8.098124713e-02-7.004410774e-02
-5.783246085e-02-4.436905310e-02-2.970686741e-02-1.393500995e-02 2.815709915e-03
 2.036815882e-02 3.802967444e-02 5.580744147e-02 7.371877879e-02 9.179478884e-02
 1.100821048e-01 1.286455244e-01 1.475721747e-01 1.669779718e-01 1.870169640e-01
 2.078954875e-01 2.298936397e-01 2.533991933e-01 2.789569795e-01 3.061717749e-01
 8.609174192e-02 8.347970992e-02 7.795763016e-02 7.112119347e-02 6.391640007e-02
 5.644249916e-02 4.872340709e-02 4.076584429e-02 3.256983310e-02 2.413206361e-02
 1.544749085e-02 6.505916826e-03-2.609527204e-03-1.181828417e-02-2.104401588e-02
-3.021560982e-02-3.926776350e-02-4.814120010e-02-5.678262934e-02-6.514446437e-02
-7.318437099e-02-8.086463809e-02-8.815151453e-02-9.501440078e-02-1.014250517e-01
-1.073567346e-01-1.127834246e-01-1.176789850e-01-1.220164374e-01-1.257672012e-01
-1.289004982e-01-1.313827336e-01-1.331771016e-01-1.342431307e-01-1.345364749e-01
-1.340089291e-01-1.326085180e-01-1.302798688e-01-1.269649863e-01-1.226042882e-01
-1.171381250e-01-1.105088368e-01-1.026633531e-01-9.355651587e-02-8.315507323e-02
-7.144242525e-02-5.842407048e-02-4.413363338e-02-2.863930166e-02-1.205037162e-02
 5.476622842e-03 2.373288758e-02 4.202975333e-02 6.036957726e-02 7.877608389e-02
 9.728527069e-02 1.159438267e-01 1.348099411e-01 1.539551616e-01 1.734667271e-01
 1.934504062e-01 2.140351534e-01 2.353845537e-01 2.577478290e-01 2.811206281e-01
 8.261531591e-02 7.977329940e-02 7.433763891e-02 6.781128794e-02 6.088948995e-02
 5.361993238e-02 4.603723437e-02 3.816058859e-02 2.999883145e-02 2.155428566e-02
 1.282496285e-02 3.826094093e-03-5.355536938e-03-1.463759597e-02-2.394290082e-02
-3.320001438e-02-4.234362766e-02-5.131471530e-02-6.006040424e-02-6.853370368e-02
-7.669299841e-02-8.450146019e-02-9.192629904e-02-9.893803298e-02-1.055095941e-01
-1.116155386e-01-1.172312051e-01-1.223318875e-01-1.268920600e-01-1.308846325e-01
-1.342802793e-01-1.370468587e-01-1.391488612e-01-1.405469626e-01-1.411978155e-01
-1.410537809e-01-1.400630623e-01-1.381699443e-01-1.353153586e-01-1.314377189e-01
-1.264743805e-01-1.203633100e-01-1.130456254e-01-1.044685766e-01-9.458938241e-02
-8.337979019e-02-7.083138824e-02-5.696171150e-02-4.182087630e-02-2.549881861e-02
-8.133070543e-03 1.008221973e-02 2.888357267e-02 4.756253213e-02 6.616829336e-02
 8.473249525e-02 1.032809615e-01 1.218369454e-01 1.404201239e-01 1.590419859e-01
 1.776961684e-01 1.963386834e-01 2.148462236e-01 2.329245210e-01 2.499563247e-01
 8.028736711e-02 7.733684778e-02 7.173504680e-02 6.521594524e-02 5.835723132e-02
 5.116530880e-02 4.365069047e-02 3.582147136e-02 2.768203802e-02 1.923310570e-02
 1.047222223e-02 1.436844119e-03-7.786250673e-03-1.711462997e-02-2.647110261e-02
-3.578436747e-02-4.498937353e-02-5.402744934e-02-6.284620613e-02-7.139921188e-02
-7.964552194e-02-8.754904568e-02-9.507784247e-02-1.022033244e-01-1.088994294e-01
-1.151418015e-01-1.209069043e-01-1.261712164e-01-1.309104860e-01-1.350989044e-01
-1.387084424e-01-1.417082697e-01-1.440640986e-01-1.457377970e-01-1.466870308e-01
-1.468649954e-01-1.462204605e-01-1.446978599e-01-1.422377825e-01-1.387776881e-01
-1.342531741e-01-1.285994798e-01-1.217538118e-01-1.136581451e-01-1.042627916e-01
-9.353078157e-02-8.144288510e-02-6.800335646e-02-5.324608088e-02-3.724050149e-02
-2.009640448e-02-1.965139061e-03 1.696774364e-02 3.579784185e-02 5.447855964e-02
 7.299453765e-02 9.133845568e-02 1.095007136e-01 1.274624765e-01 1.451881081e-01
 1.626150608e-01 1.796395332e-01 1.960980743e-01 2.117509097e-01 2.262845784e-01
 7.829008996e-02 7.523098588e-02 6.969270855e-02 6.315822899e-02 5.630660802e-02
 4.913777485e-02 4.165059701e-02 3.384403139e-02 2.571621723e-02 1.726367325e-02
 8.480459452e-03-5.777606275e-04-9.825256653e-03-1.918047853e-02-2.856694907e-02
-3.791395947e-02-4.715699703e-02-5.623790249e-02-6.510480493e-02-7.371181250e-02
-8.201855421e-02-8.998958021e-02-9.759360552e-02-1.048027873e-01-1.115918532e-01
-1.179372966e-01-1.238164902e-01-1.292068958e-01-1.340852380e-01-1.384267956e-01
-1.422046423e-01-1.453890204e-01-1.479467750e-01-1.498408467e-01-1.510298997e-01
-1.514680237e-01-1.511047035e-01-1.498848349e-01-1.477491856e-01-1.446349472e-01
-1.404768527e-01-1.352086514e-01-1.287651956e-01-1.210851148e-01-1.121142209e-01
-1.018097028e-01-9.014514834e-02-7.711626589e-02-6.274741888e-02-4.709871113e-02
-3.027374670e-02-1.242871489e-02 6.214770488e-03 2.534506470e-02 4.413738847e-02
 6.261199713e-02 8.076450974e-02 9.857597947e-02 1.160137504e-01 1.330287158e-01
 1.495508850e-01 1.654846221e-01 1.807056218e-01 1.950623691e-01 2.083856761e-01
 7.682071626e-02 7.369691879e-02 6.808887422e-02 6.153433397e-02 5.468434840e-02
 4.752934352e-02 4.006100073e-02 3.227245435e-02 2.415794693e-02 1.571254060e-02
 6.913279649e-03-2.156727947e-03-1.141492650e-02-2.078163438e-02-3.018157929e-02
-3.954488784e-02-4.880770296e-02-5.791239813e-02-6.680759043e-02-7.544784248e-02
-8.379325271e-02-9.180883318e-02-9.946381301e-02-1.067308933e-01-1.135853678e-01
-1.200043634e-01-1.259659082e-01-1.314482093e-01-1.364287436e-01-1.408835799e-01
-1.447866857e-01-1.481091380e-01-1.508187056e-01-1.528792232e-01-1.542502344e-01
-1.548866481e-01-1.547386795e-01-1.537518650e-01-1.518673152e-01-1.490223855e-01
-1.451516002e-01-1.401880533e-01-1.340653896e-01-1.267203689e-01-1.180961430e-01
-1.081463546e-01-9.684002399e-02-8.416724950e-02-7.014552504e-02-5.482659489e-02
-3.830298036e-02-2.071339637e-02-2.244294621e-03 1.687842980e-02 3.568566218e-02
 5.410948768e-02 7.211193442e-02 8.966077864e-02 1.067190319e-01 1.232397556e-01
 1.391633749e-01 1.544166356e-01 1.689136028e-01 1.825591028e-01 1.952554435e-01
 7.567524165e-02 7.250446826e-02 6.681925058e-02 6.027244031e-02 5.344906077e-02
 4.632626101e-02 3.888911009e-02 3.112697974e-02 2.303163148e-02 1.459574606e-02
 5.803429987e-03-3.260903293e-03-1.251469180e-02-2.187865973e-02-3.127802536e-02
-4.064339399e-02-4.991130158e-02-5.902449787e-02-6.793192029e-02-7.658843696e-02
-8.495444059e-02-9.299523383e-02-1.006803587e-01-1.079828367e-01-1.148783341e-01
-1.213443503e-01-1.273593605e-01-1.329019964e-01-1.379502714e-01-1.424808204e-01
-1.464681476e-01-1.498839855e-01-1.526967287e-01-1.548708677e-01-1.563666314e-01
-1.571395695e-01-1.571405381e-01-1.563156247e-01-1.546064168e-01-1.519505829e-01
-1.482827961e-01-1.435360312e-01-1.376435012e-01-1.305411309e-01-1.221707985e-01
-1.124843433e-01-1.014484018e-01-8.905012161e-02-7.530367374e-02-6.025737897e-02
-4.400140420e-02-2.667585388e-02-8.479638025e-03 1.031784341e-02 2.935536765e-02
 4.783583060e-02 6.577415764e-02 8.316244930e-02 9.997776151e-02 1.161852479e-01
 1.317399144e-01 1.465883106e-01 1.606707573e-01 1.739247143e-01 1.862891912e-01
 7.455842942e-02 7.131270319e-02 6.576627493e-02 5.932334810e-02 5.259102210e-02
 4.553924501e-02 3.815651685e-02 3.043641709e-02 2.237324789e-02 1.396086346e-02
 5.189797375e-03-3.855440533e-03-1.309227850e-02-2.244153991e-02-3.182859719e-02
-4.118422046e-02-5.044511706e-02-5.955415964e-02-6.846040487e-02-7.711884379e-02
-8.548992872e-02-9.353907406e-02-1.012359336e-01-1.085536107e-01-1.154679283e-01
-1.219565123e-01-1.279980242e-01-1.335713267e-01-1.386546344e-01-1.432248652e-01
-1.472568065e-01-1.507225484e-01-1.535908282e-01-1.558265388e-01-1.573902667e-01
-1.582380384e-01-1.583211124e-01-1.575859636e-01-1.559745818e-01-1.534250081e-01
-1.498721689e-01-1.452492028e-01-1.394893825e-01-1.325285137e-01-1.243081316e-01
-1.147794724e-01-1.039082706e-01-9.168040007e-02-7.810828835e-02-6.323789060e-02
-4.715602100e-02-2.999735624e-02-1.195047237e-02 6.738654803e-03 2.576874383e-02
 4.422071949e-02 6.209158152e-02 7.936983556e-02 9.603495896e-02 1.120579690e-01
 1.274026483e-01 1.420271546e-01 1.558862478e-01 1.689340472e-01 1.811271906e-01
 7.350938767e-02 7.007647306e-02 6.492719054e-02 5.879329517e-02 5.219881609e-02
 4.523084313e-02 3.790882602e-02 3.023724444e-02 2.221503109e-02 1.383826695e-02
 5.099787377e-03-3.915579990e-03-1.312512159e-02-2.244959585e-02-3.181433305e-02
-4.115005955e-02-5.039342120e-02-5.948721990e-02-6.838041544e-02-7.702788711e-02
-8.538998663e-02-9.343200922e-02-1.011234820e-01-1.084374115e-01-1.153495014e-01
-1.218373105e-01-1.278794259e-01-1.334546208e-01-1.385411322e-01-1.431158185e-01
-1.471534967e-01-1.506262869e-01-1.535029560e-01-1.557484865e-01-1.573236138e-01
-1.581844687e-01-1.582824588e-01-1.575642973e-01-1.559721977e-01-1.534444094e-01
-1.499161869e-01-1.453210115e-01-1.395924538e-01-1.326667368e-01-1.244857609e-01
-1.150011495e-01-1.041789800e-01-9.200538695e-02-7.849289477e-02-6.368720531e-02
-4.767426476e-02-3.058679216e-02-1.260960847e-02 6.017501000e-03 2.500055172e-02
 4.340174422e-02 6.121365726e-02 7.842290401e-02 9.500905871e-02 1.109447256e-01
 1.261963844e-01 1.407258809e-01 1.544924974e-01 1.674554050e-01 1.795765162e-01
 7.398479432e-02 7.070012391e-02 6.527934968e-02 5.900690705e-02 5.240951478e-02
 4.547102749e-02 3.818766028e-02 3.055753745e-02 2.257798053e-02 1.424499881e-02
 5.547932815e-03-3.428498982e-03-1.260163914e-02-2.189219184e-02-3.122534975e-02
-4.053163528e-02-4.974745587e-02-5.881534517e-02-6.768397242e-02-7.630791515e-02
-8.464722335e-02-9.266684949e-02-1.003360003e-01-1.076273769e-01-1.145163402e-01
-1.209801212e-01-1.269969791e-01-1.325454116e-01-1.376032978e-01-1.421472281e-01
-1.461517215e-01-1.495886296e-01-1.524264961e-01-1.546300501e-01-1.561598480e-01
-1.569718421e-01-1.570173651e-01-1.562430859e-01-1.545912325e-01-1.520002633e-01
-1.484056711e-01-1.437413394e-01-1.379414946e-01-1.309431344e-01-1.226892397e-01
-1.131327748e-01-1.022414416e-01-9.000331163e-02-7.643318176e-02-6.157940254e-02
-4.553103074e-02-2.842463553e-02-1.045008097e-02 8.146071807e-03 2.706238069e-02
 4.540611804e-02 6.317417324e-02 8.035488427e-02 9.692759067e-02 1.128632575e-01
 1.281255931e-01 1.426727474e-01 1.564594656e-01 1.694398373e-01 1.815705001e-01
 7.466199994e-02 7.143314928e-02 6.604190171e-02 5.976175517e-02 5.316635221e-02
 4.624558985e-02 3.899140283e-02 3.139841557e-02 2.346245386e-02 1.517976355e-02
 6.532947067e-03-2.395190066e-03-1.152250171e-02-2.076964080e-02-3.006150760e-02
-3.932825103e-02-4.850584641e-02-5.753639340e-02-6.636810303e-02-7.495504618e-02
-8.325679600e-02-9.123780578e-02-9.886676073e-02-1.061158031e-01-1.129597649e-01
-1.193753257e-01-1.253401786e-01-1.308322549e-01-1.358288527e-01-1.403059959e-01
-1.442376524e-01-1.475951076e-01-1.503463238e-01-1.524555683e-01-1.538828760e-01
-1.545838118e-01-1.545093656e-01-1.536059380e-01-1.518156976e-01-1.490771770e-01
-1.453261524e-01-1.404971331e-01-1.345252693e-01-1.273488998e-01-1.189128384e-01
-1.091723889e-01-9.809825569e-02-8.568211645e-02-7.194305956e-02-5.693445355e-02
-4.075127095e-02-2.353750914e-02-5.494294688e-03 1.310960297e-02 3.191842511e-02
 5.018309131e-02 6.791666895e-02 8.511056006e-02 1.017415747e-01 1.177747473e-01
 1.331650615e-01 1.478590369e-01 1.617969722e-01 1.749163717e-01 1.871561855e-01
 7.581316680e-02 7.266791910e-02 6.722077727e-02 6.097469479e-02 5.441044644e-02
 4.751959443e-02 4.029794410e-02 3.274231404e-02 2.484965883e-02 1.661615446e-02
 8.036204614e-03-8.309397381e-04-9.901152924e-03-1.909388788e-02-2.833321132e-02
-3.754859418e-02-4.667540640e-02-5.565515533e-02-6.443545967e-02-7.296979427e-02
-8.121705800e-02-8.914105594e-02-9.670976549e-02-1.038946062e-01-1.106696725e-01
-1.170108542e-01-1.228950545e-01-1.282993853e-01-1.332003474e-01-1.375731081e-01
-1.413908005e-01-1.446238607e-01-1.472395062e-01-1.492011845e-01-1.504682451e-01
-1.509956121e-01-1.507337540e-01-1.496287584e-01-1.476226598e-01-1.446541101e-01
-1.406593919e-01-1.355739534e-01-1.293343604e-01-1.218810529e-01-1.131616309e-01
-1.031350493e-01-9.177652001e-02-7.908321917e-02-6.508050859e-02-4.982845858e-02
-3.342795745e-02-1.602519490e-02 2.187807579e-03 2.098166756e-02 3.946321830e-02
 5.757089332e-02 7.526965439e-02 9.252867103e-02 1.093115658e-01 1.255716383e-01
 1.412493885e-01 1.562715918e-01 1.705523133e-01 1.839965284e-01 1.965065598e-01
 7.719729096e-02 7.413620502e-02 6.886170805e-02 6.267176569e-02 5.614536256e-02
 4.928470403e-02 4.209247604e-02 3.457129374e-02 2.672249451e-02 1.854546927e-02
 1.003743801e-02 1.239670208e-03-7.762942929e-03-1.688918471e-02-2.606255189e-02
-3.521198034e-02-4.427230358e-02-5.318446085e-02-6.189544499e-02-7.035804540e-02
-7.853045315e-02-8.637563884e-02-9.386076033e-02-1.009563282e-01-1.076354906e-01
-1.138731539e-01-1.196452305e-01-1.249277592e-01-1.296961904e-01-1.339246184e-01
-1.375851035e-01-1.406470537e-01-1.430765986e-01-1.448362917e-01-1.458845586e-01
-1.461756229e-01-1.456593871e-01-1.442816108e-01-1.419843733e-01-1.387066841e-01
-1.343857795e-01-1.289585978e-01-1.223639622e-01-1.145454496e-01-1.054547876e-01
-9.505621344e-02-8.333156258e-02-7.028607279e-02-5.595503375e-02-4.041075334e-02
-2.376996353e-02-6.201297045e-03 1.206670888e-02 3.073482960e-02 4.908244684e-02
 6.713071465e-02 8.487641066e-02 1.023011506e-01 1.193723902e-01 1.360408217e-01
 1.522361934e-01 1.678627282e-01 1.827960908e-01 1.968850046e-01 2.099606693e-01
 7.919132710e-02 7.625094056e-02 7.105777413e-02 6.491091847e-02 5.840072781e-02
 5.154427141e-02 4.435776174e-02 3.685357049e-02 2.903916873e-02 2.091755718e-02
 1.248795539e-02 3.769634524e-03-5.152197555e-03-1.419629250e-02-2.328609861e-02
-3.235039487e-02-4.132372886e-02-5.014660582e-02-5.876545608e-02-6.713239849e-02
-7.520480454e-02-8.294478059e-02-9.031850100e-02-9.729541838e-02-1.038475633e-01
-1.099486649e-01-1.155734062e-01-1.206965819e-01-1.252923608e-01-1.293335557e-01
-1.327909380e-01-1.356327087e-01-1.378238052e-01-1.393257231e-01-1.400959492e-01
-1.400880069e-01-1.392513663e-01-1.375317127e-01-1.348714530e-01-1.312105805e-01
-1.264879555e-01-1.206429824e-01-1.136179715e-01-1.053610444e-01-9.582977742e-02
-8.499561995e-02-7.284902781e-02-5.940535665e-02-4.471139610e-02-2.885228395e-02
-1.195858978e-02 5.787215196e-03 2.414659038e-02 4.239328578e-02 6.050802022e-02
 7.848445326e-02 9.631735086e-02 1.139966920e-01 1.315023899e-01 1.487974972e-01
 1.658183038e-01 1.824602634e-01 1.985597461e-01 2.138774991e-01 2.281012833e-01
 8.195040375e-02 7.918305695e-02 7.396102697e-02 6.779480726e-02 6.121568382e-02
 5.428646877e-02 4.704927281e-02 3.952607885e-02 3.172704205e-02 2.365548536e-02
 1.531075127e-02 6.686569657e-03-2.135138027e-03-1.107479166e-02-2.005668730e-02
-2.900996059e-02-3.786917776e-02-4.657460004e-02-5.507217348e-02-6.331335753e-02
-7.125470787e-02-7.885735482e-02-8.608636260e-02-9.290999919e-02-9.929899126e-02
-1.052257419e-01-1.106634885e-01-1.155856103e-01-1.199647859e-01-1.237723827e-01
-1.269777715e-01-1.295477450e-01-1.314460933e-01-1.326331645e-01-1.330656707e-01
-1.326965690e-01-1.314752400e-01-1.293477118e-01-1.262574494e-01-1.221462861e-01
-1.169558391e-01-1.106294021e-01-1.031144485e-01-9.436570108e-02-8.434887230e-02
-7.304510474e-02-6.045605615e-02-4.660950229e-02-3.156537935e-02-1.542220265e-02
 1.675952692e-03 1.953078993e-02 3.739987314e-02 5.527785793e-02 7.316561043e-02
 9.107104689e-02 1.090072542e-01 1.269898713e-01 1.450335681e-01 1.631462574e-01
 1.813188791e-01 1.995055079e-01 2.175818384e-01 2.352541536e-01 2.519084811e-01
 8.593342453e-02 8.359612525e-02 7.813219726e-02 7.147074491e-02 6.455229223e-02
 5.740664527e-02 5.004358292e-02 4.246416688e-02 3.466540575e-02 2.664184943e-02
 1.838614419e-02 9.888978675e-03 1.199523686e-03-7.602987345e-03-1.644336991e-02
-2.525113337e-02-3.396095708e-02-4.251293093e-02-5.085259303e-02-5.893073231e-02
-6.670304388e-02-7.412960380e-02-8.117426187e-02-8.780396730e-02-9.398801625e-02
-9.969726205e-02-1.049033776e-01-1.095781177e-01-1.136925817e-01-1.172165424e-01
-1.201178655e-01-1.223619878e-01-1.239114702e-01-1.247257590e-01-1.247609630e-01
-1.239698976e-01-1.223023534e-01-1.197055429e-01-1.161249429e-01-1.115054786e-01
-1.057931036e-01-9.893694520e-02-9.089193493e-02-8.162210882e-02-7.110442966e-02
-5.933324620e-02-4.632516578e-02-3.212405741e-02-1.680563577e-02-4.807790683e-04
 1.670369320e-02 3.399245441e-02 5.138156191e-02 6.887894869e-02 8.650276810e-02
 1.042816564e-01 1.222556531e-01 1.404774785e-01 1.590141356e-01 1.779489070e-01
 1.973840445e-01 2.174450755e-01 2.382921427e-01 2.601704597e-01 2.830737829e-01
 9.051646292e-02 8.875050396e-02 8.266972005e-02 7.530155033e-02 6.797061861e-02
 6.058610231e-02 5.309650674e-02 4.547168314e-02 3.769135475e-02 2.973979339e-02
 2.160327509e-02 1.326869708e-02 4.751038738e-03-3.872680012e-03-1.252869889e-02
-2.114735730e-02-2.966368757e-02-3.801774606e-02-4.615470022e-02-5.402468145e-02
-6.158247218e-02-6.878703088e-02-7.560090721e-02-8.198958635e-02-8.792079985e-02
-9.336373955e-02-9.828837961e-02-1.026647240e-01-1.064621806e-01-1.096488833e-01
-1.121912003e-01-1.140532792e-01-1.151966453e-01-1.155800968e-01-1.151595563e-01
-1.138883233e-01-1.117174104e-01-1.085962504e-01-1.044736505e-01-9.929930419e-02
-9.302549809e-02-8.560958505e-02-7.701679319e-02-6.722373515e-02-5.622242391e-02
-4.402490333e-02-3.066834249e-02-1.622040011e-02-7.841335027e-04 1.549932454e-02
 3.211521730e-02 4.884830862e-02 6.572612375e-02 8.277638257e-02 1.000338197e-01
 1.175450683e-01 1.353731155e-01 1.536024809e-01 1.723460555e-01 1.917546093e-01
 2.120308280e-01 2.334505767e-01 2.563964427e-01 2.814069092e-01 3.080876172e-01
 9.351848066e-02 9.200160950e-02 8.580648154e-02 7.834447175e-02 7.090602070e-02
 6.344611198e-02 5.593026057e-02 4.833046719e-02 4.062438756e-02 3.279362246e-02
 2.482235618e-02 1.669644937e-02 8.403206244e-03 1.122258254e-05-8.407401852e-03
-1.678390056e-02-2.505368553e-02-3.315678984e-02-4.103801399e-02-4.864681512e-02
-5.593703315e-02-6.286644936e-02-6.939624250e-02-7.549034804e-02-8.111483604e-02
-8.623713255e-02-9.082543105e-02-9.484794736e-02-9.827235341e-02-1.010652110e-01
-1.031914651e-01-1.046141610e-01-1.052941158e-01-1.051899120e-01-1.042579487e-01
-1.024527997e-01-9.972778708e-02-9.603585303e-02-9.133084118e-02-8.556913584e-02
-7.871175557e-02-7.072693110e-02-6.159327552e-02-5.130330101e-02-3.986755013e-02
-2.731905319e-02-1.371853519e-02 8.381695952e-04 1.621084101e-02 3.194029257e-02
 4.784248769e-02 6.392111629e-02 8.019004762e-02 9.667268395e-02 1.134039909e-01
 1.304336339e-01 1.478305757e-01 1.656890661e-01 1.841371953e-01 2.033486664e-01
 2.235593349e-01 2.450893670e-01 2.683684528e-01 2.939520180e-01 3.212574422e-01
 9.517738223e-02 9.380389005e-02 8.793190122e-02 8.056448400e-02 7.318793237e-02
 6.579250097e-02 5.835955217e-02 5.087077990e-02 4.330922291e-02 3.565926850e-02
 2.790628746e-02 2.003603056e-02 1.203396823e-02 3.937053960e-03-4.182259552e-03
-1.225529425e-02-2.021754161e-02-2.800892666e-02-3.557385877e-02-4.286114499e-02
-4.982368648e-02-5.641809106e-02-6.260412931e-02-6.834419072e-02-7.360260189e-02
-7.834505290e-02-8.253790438e-02-8.614763618e-02-8.914025128e-02-9.148085117e-02
-9.313324094e-02-9.405966103e-02-9.422071278e-02-9.357538074e-02-9.208136797e-02
-8.969557285e-02-8.637490869e-02-8.207745850e-02-7.676396519e-02-7.039975375e-02
-6.295709312e-02-5.441804975e-02-4.477776960e-02-3.404818475e-02-2.226176858e-02
-9.474162012e-03 4.236838315e-03 1.876212098e-02 3.350236267e-02 4.847045988e-02
 6.364668906e-02 7.902348787e-02 9.460368752e-02 1.104003340e-01 1.264378875e-01
 1.427544802e-01 1.594051123e-01 1.764663756e-01 1.940427125e-01 2.122756541e-01
 2.313575000e-01 2.515540719e-01 2.732475698e-01 2.970309556e-01 3.218035400e-01
 9.627105296e-02 9.506694973e-02 8.926086873e-02 8.203210682e-02 7.480177283e-02
 6.755749136e-02 6.028793007e-02 5.298227817e-02 4.563001171e-02 3.822042048e-02
 3.074236400e-02 2.318409085e-02 1.553320326e-02 7.795074955e-03 4.053171142e-05
-7.662727498e-03-1.525073964e-02-2.266360261e-02-2.984556742e-02-3.674493730e-02
-4.331381246e-02-4.950770736e-02-5.528508127e-02-6.060680002e-02-6.543556601e-02
-6.973534822e-02-7.347081602e-02-7.660680264e-02-7.910788059e-02-8.093795925e-02
-8.206006140e-02-8.243614435e-02-8.202722669e-02-8.079352975e-02-7.869505882e-02
-7.569228858e-02-7.174725085e-02-6.682492048e-02-6.089499965e-02-5.393409356e-02
-4.592830688e-02-3.687626123e-02-2.679274045e-02-1.571306773e-02-3.700171132e-03
 9.146550670e-03 2.274842747e-02 3.658705205e-02 5.065178499e-02 6.493104249e-02
 7.941047847e-02 9.407811612e-02 1.089268029e-01 1.239557564e-01 1.391717941e-01
 1.545907408e-01 1.702389121e-01 1.861545593e-01 2.023894489e-01 2.190100402e-01
 2.360978574e-01 2.537480593e-01 2.720615566e-01 2.910948992e-01 3.099488616e-01
 9.655035287e-02 9.548775107e-02 8.979582787e-02 8.276806772e-02 7.574723661e-02
 6.871241331e-02 6.165950745e-02 5.458762497e-02 4.749451578e-02 4.037540779e-02
 3.322313726e-02 2.602861635e-02 1.878134534e-02 1.146995276e-02 4.149219021e-03
-3.114250954e-03-1.025733259e-02-1.722064987e-02-2.394861914e-02-3.038934991e-02
-3.649438173e-02-4.221837595e-02-4.751865193e-02-5.235474929e-02-5.668791384e-02
-6.048059464e-02-6.369598210e-02-6.629759073e-02-6.824886054e-02-6.951298565e-02
-7.005273551e-02-6.983049214e-02-6.880846620e-02-6.694918871e-02-6.421611458e-02
-6.057470292e-02-5.599371716e-02-5.044689775e-02-4.391505569e-02-3.638839722e-02
-2.786919475e-02-1.837435178e-02-7.938156836e-03 3.389711026e-03 1.553184912e-02
 2.813060768e-02 4.104875773e-02 5.424154922e-02 6.767451763e-02 8.131805062e-02
 9.514498711e-02 1.091304272e-01 1.232521310e-01 1.374911219e-01 1.518321186e-01
 1.662638038e-01 1.807785034e-01 1.953711361e-01 2.100365162e-01 2.247638851e-01
 2.395266443e-01 2.542628646e-01 2.688374817e-01 2.829613686e-01 2.960210443e-01
 9.569133073e-02 9.465110302e-02 8.945734054e-02 8.281251788e-02 7.606015354e-02
 6.925257295e-02 6.243097782e-02 5.561551824e-02 4.881335795e-02 4.202400148e-02
 3.524217010e-02 2.845952101e-02 2.166554704e-02 1.484794356e-02 8.030086756e-03
 1.277388772e-03-5.348452367e-03-1.178921293e-02-1.799003966e-02-2.389931120e-02
-2.946843579e-02-3.465155140e-02-3.940518573e-02-4.368786141e-02-4.745967686e-02
-5.068191886e-02-5.331668630e-02-5.532658845e-02-5.667453259e-02-5.732358247e-02
-5.723701790e-02-5.637851730e-02-5.471256375e-02-5.220507830e-02-4.882433638e-02
-4.454221204e-02-3.933577985e-02-3.318934143e-02-2.609690838e-02-1.806486771e-02
-9.115546010e-03 7.118929643e-04 1.134267077e-02 2.274270356e-02 3.448509052e-02
 4.657243937e-02 5.897166952e-02 7.164517790e-02 8.455433697e-02 9.766022116e-02
 1.109236851e-01 1.243054345e-01 1.377662718e-01 1.512673348e-01 1.647702754e-01
 1.782371700e-01 1.916297674e-01 2.049078047e-01 2.180256546e-01 2.309267372e-01
 2.435344905e-01 2.557393909e-01 2.673820257e-01 2.782380581e-01 2.880227566e-01
 9.533937275e-02 9.471021593e-02 8.935607970e-02 8.257999271e-02 7.584738731e-02
 6.915363669e-02 6.252232939e-02 5.596249551e-02 4.947399348e-02 4.305125028e-02
 3.668543324e-02 3.036584891e-02 2.408087812e-02 1.781877503e-02 1.156875398e-02
 5.396445282e-03-6.403349107e-04-6.485811435e-03-1.208669133e-02-1.739225537e-02
-2.235429175e-02-2.692689933e-02-3.106625378e-02-3.473030403e-02-3.787849098e-02
-4.047143087e-02-4.247070476e-02-4.383867234e-02-4.453838989e-02-4.453367740e-02
-4.378929362e-02-4.227133468e-02-3.994775563e-02-3.678923845e-02-3.277024627e-02
-2.787046134e-02-2.207635716e-02-1.538380608e-02-7.801231928e-03 6.496536080e-04
 9.917497635e-03 1.999494806e-02 3.048702702e-02 4.143008962e-02 5.277212709e-02
 6.447317451e-02 7.649277896e-02 8.878824860e-02 1.013141498e-01 1.140221208e-01
 1.268607229e-01 1.397754848e-01 1.527091861e-01 1.656023264e-01 1.783935726e-01
 1.910205036e-01 2.034196258e-01 2.155261040e-01 2.272725105e-01 2.385861874e-01
 2.493856698e-01 2.595763505e-01 2.690472007e-01 2.776716948e-01 2.853155732e-01
 9.454860538e-02 9.429047257e-02 8.879158646e-02 8.165205270e-02 7.479801774e-02
 6.816887856e-02 6.172828376e-02 5.545223504e-02 4.932133481e-02 4.331784323e-02
 3.742486611e-02 3.162627295e-02 2.590667829e-02 2.025132254e-02 1.464549266e-02
 9.125752375e-03 3.749064403e-03-1.430650125e-03-6.361837499e-03-1.099509560e-02
-1.528306492e-02-1.918032393e-02-2.264323272e-02-2.562976442e-02-2.809930779e-02
-3.001250327e-02-3.133114427e-02-3.201815113e-02-3.203768656e-02-3.135536984e-02
-2.993865870e-02-2.775740996e-02-2.478460036e-02-2.099713124e-02-1.637731120e-02
-1.091459766e-02-4.604583140e-03 2.546727424e-03 1.050857827e-02 1.929069124e-02
 2.854300290e-02 3.830821812e-02 4.854634404e-02 5.922949314e-02 7.032310963e-02
 8.178938925e-02 9.358681738e-02 1.056693345e-01 1.179855466e-01 1.304780394e-01
 1.430828869e-01 1.557294726e-01 1.683408618e-01 1.808346063e-01 1.931243539e-01
 2.051218003e-01 2.167391479e-01 2.278913110e-01 2.384977192e-01 2.484833002e-01
 2.577784657e-01 2.663185000e-01 2.740431726e-01 2.808971703e-01 2.868328691e-01
 9.166616201e-02 9.149008244e-02 8.612258732e-02 7.905440778e-02 7.232021540e-02
 6.590028852e-02 5.975913256e-02 5.386210978e-02 4.817740992e-02 4.267664999e-02
 3.733493388e-02 3.213069960e-02 2.704548463e-02 2.206372656e-02 1.717283763e-02
 1.236406062e-02 7.710150443e-03 3.259615973e-03-9.392340435e-04-4.839115776e-03
-8.394127712e-03-1.155990455e-02-1.429364737e-02-1.655408368e-02-1.830137521e-02
-1.949703135e-02-2.010393143e-02-2.008650824e-02-1.941109821e-02-1.804636791e-02
-1.596378908e-02-1.313861739e-02-9.551085532e-03-5.185175687e-03-3.193093289e-05
 5.897907075e-03 1.260596700e-02 2.011711150e-02 2.813908644e-02 3.671614826e-02
 4.581903666e-02 5.543065071e-02 6.552834064e-02 7.608674467e-02 8.707650006e-02
 9.846356511e-02 1.102082357e-01 1.222639158e-01 1.345756501e-01 1.470786780e-01
 1.596971452e-01 1.723431647e-01 1.849167794e-01 1.973071247e-01 2.093951404e-01
 2.210579365e-01 2.321748435e-01 2.426338941e-01 2.523382306e-01 2.612109184e-01
 2.691977620e-01 2.762674391e-01 2.824096978e-01 2.876320481e-01 2.919559479e-01
 8.703494817e-02 8.693443239e-02 8.140541613e-02 7.451154292e-02 6.807474792e-02
 6.204209104e-02 5.636544526e-02 5.099587515e-02 4.588868096e-02 4.100552574e-02
 3.631473705e-02 3.179074824e-02 2.741318755e-02 2.316588350e-02 1.903573610e-02
 1.501123048e-02 1.114198007e-02 7.476872765e-03 4.063072614e-03 9.463331662e-04
-1.828924287e-03-4.219791386e-03-6.185010541e-03-7.685028482e-03-8.681915700e-03
-9.139126167e-03-9.021507576e-03-8.295820095e-03-6.931668147e-03-4.902388901e-03
-2.183981938e-03 1.242264174e-03 5.378955510e-03 1.024036109e-02 1.586395502e-02
 2.209710330e-02 2.889300883e-02 3.627755865e-02 4.422372580e-02 5.271998048e-02
 6.175268814e-02 7.130800933e-02 8.137027919e-02 9.192124754e-02 1.029389203e-01
 1.143963709e-01 1.262600124e-01 1.384876519e-01 1.510258466e-01 1.638072133e-01
 1.767471135e-01 1.897408664e-01 2.026616037e-01 2.153602839e-01 2.276689559e-01
 2.394083440e-01 2.504002452e-01 2.604825795e-01 2.695245743e-01 2.774384916e-01
 2.841860056e-01 2.897778451e-01 2.942678630e-01 2.977414429e-01 3.003017008e-01
 7.963372767e-02 7.938500494e-02 7.422050089e-02 6.769454479e-02 6.177033111e-02
 5.636101961e-02 5.137448758e-02 4.673202336e-02 4.237147793e-02 3.824577108e-02
 3.432007506e-02 3.056909516e-02 2.697484009e-02 2.352492139e-02 2.021135762e-02
 1.702989079e-02 1.398010738e-02 1.113652997e-02 8.542855270e-03 6.242002826e-03
 4.276557826e-03 2.687473083e-03 1.513591036e-03 7.912528235e-04 5.541775026e-04
 8.352547884e-04 1.667313860e-03 3.081879579e-03 5.105919670e-03 7.753808517e-03
 1.104979869e-02 1.503937226e-02 1.960446127e-02 2.471139282e-02 3.039482236e-02
 3.664888442e-02 4.346567392e-02 5.084330961e-02 5.877666920e-02 6.726112962e-02
 7.629197836e-02 8.586421609e-02 9.597196430e-02 1.066076756e-01 1.177611426e-01
 1.294179857e-01 1.415577233e-01 1.541510671e-01 1.671561748e-01 1.805138737e-01
 1.941414326e-01 2.079252303e-01 2.217128575e-01 2.353065312e-01 2.484619915e-01
 2.608979940e-01 2.723209858e-01 2.824615538e-01 2.911120653e-01 2.981529534e-01
 3.035645485e-01 3.074253500e-01 3.098978400e-01 3.112004399e-01 3.115695715e-01
 6.925824285e-02 6.873147190e-02 6.386673450e-02 5.806515738e-02 5.309246108e-02
 4.870790988e-02 4.474026337e-02 4.108097404e-02 3.766206652e-02 3.444082290e-02
 3.139054030e-02 2.849499136e-02 2.574509941e-02 2.313689329e-02 2.067022026e-02
 1.834787987e-02 1.617480069e-02 1.417276636e-02 1.241659559e-02 1.094350684e-02
 9.797513485e-03 9.017858654e-03 8.640777320e-03 8.698076941e-03 9.211005643e-03
 1.020388026e-02 1.170894690e-02 1.376423799e-02 1.641770080e-02 1.958804950e-02
 2.325573191e-02 2.745317109e-02 3.218039870e-02 3.743648157e-02 4.322692007e-02
 4.955506325e-02 5.642351881e-02 6.383551657e-02 7.179460675e-02 8.030502498e-02
 8.937181532e-02 9.900080413e-02 1.091984585e-01 1.199714690e-01 1.313261539e-01
 1.432673633e-01 1.557967663e-01 1.689103097e-01 1.825941205e-01 1.968183368e-01
 2.115280181e-01 2.266295403e-01 2.419712692e-01 2.573176026e-01 2.723202705e-01
 2.865052521e-01 2.993150055e-01 3.102232814e-01 3.188519180e-01 3.250175416e-01
 3.287296891e-01 3.301850259e-01 3.297601938e-01 3.279610872e-01 3.253044188e-01
 5.409940332e-02 5.269366875e-02 4.876349121e-02 4.504120350e-02 4.200283438e-02
 3.926686943e-02 3.671199828e-02 3.428912163e-02 3.197780624e-02 2.977111563e-02
 2.766925842e-02 2.567659505e-02 2.380015701e-02 2.204898372e-02 2.043391764e-02
 1.896779425e-02 1.766604930e-02 1.654805429e-02 1.563544758e-02 1.496553421e-02
 1.462306269e-02 1.463731658e-02 1.504484750e-02 1.589225791e-02 1.713790931e-02
 1.877839118e-02 2.085028030e-02 2.338004857e-02 2.638413385e-02 2.986121736e-02
 3.381208330e-02 3.824369609e-02 4.316191748e-02 4.857255518e-02 5.448248237e-02
 6.089920923e-02 6.783103943e-02 7.528745383e-02 8.327938616e-02 9.181952477e-02
 1.009227112e-01 1.106062159e-01 1.208900809e-01 1.317973733e-01 1.433544010e-01
 1.555906832e-01 1.685386300e-01 1.822325885e-01 1.967066228e-01 2.119902968e-01
 2.281009853e-01 2.450299710e-01 2.627175450e-01 2.810067832e-01 2.995484471e-01
 3.175937533e-01 3.337754607e-01 3.467370868e-01 3.558672369e-01 3.610123992e-01
 3.622356355e-01 3.598195910e-01 3.544505835e-01 3.474724293e-01 3.402997255e-01
 3.334588557e-02 2.946200594e-02 2.961468324e-02 3.011423163e-02 2.976919897e-02
 2.900585160e-02 2.801532671e-02 2.690114640e-02 2.572919615e-02 2.454642579e-02
 2.338903956e-02 2.228660509e-02 2.126444317e-02 2.034520730e-02 1.955009811e-02
 1.889990643e-02 1.841602474e-02 1.812149212e-02 1.804204658e-02 1.820806973e-02
 1.865466870e-02 1.941099204e-02 2.050232515e-02 2.194869891e-02 2.375849336e-02
 2.594138868e-02 2.851178683e-02 3.148373961e-02 3.486861289e-02 3.867430240e-02
 4.290775210e-02 4.757643864e-02 5.268829688e-02 5.825201422e-02 6.427738070e-02
 7.077554613e-02 7.775931060e-02 8.524347097e-02 9.324523062e-02 1.017846689e-01
 1.108853370e-01 1.205749437e-01 1.308861971e-01 1.418578625e-01 1.535361409e-01
 1.659762114e-01 1.792441607e-01 1.934193373e-01 2.085967660e-01 2.248894870e-01
 2.424300909e-01 2.613700628e-01 2.818761766e-01 3.041246831e-01 3.283108771e-01
 3.547787666e-01 3.784266114e-01 3.944928050e-01 4.041596055e-01 4.080461264e-01
 4.056266546e-01 3.973914981e-01 3.825584054e-01 3.658105135e-01 3.529951572e-01
 1.896850392e-02 1.429515611e-02 1.535713021e-02 1.745277643e-02 1.870736480e-02
 1.936260611e-02 1.960887946e-02 1.958610304e-02 1.939697191e-02 1.911846735e-02
 1.880981587e-02 1.851782203e-02 1.828055084e-02 1.812995970e-02 1.809386723e-02
 1.819745079e-02 1.846441068e-02 1.891787536e-02 1.958099753e-02 2.047722228e-02
 2.162971906e-02 2.305970155e-02 2.478576824e-02 2.682342380e-02 2.918490209e-02
 3.188098222e-02 3.492204472e-02 3.831787780e-02 4.207736626e-02 4.620858282e-02
 5.071936548e-02 5.561797321e-02 6.091349199e-02 6.661623716e-02 7.273814082e-02
 7.929306477e-02 8.629715443e-02 9.376924485e-02 1.017312631e-01 1.102088392e-01
 1.192319766e-01 1.288360059e-01 1.390628666e-01 1.499627531e-01 1.615963280e-01
 1.740379035e-01 1.873796135e-01 2.017371953e-01 2.172581106e-01 2.341326326e-01
 2.526090145e-01 2.730125487e-01 2.957671881e-01 3.214131892e-01 3.506176174e-01
 3.818370700e-01 4.056184590e-01 4.217678308e-01 4.307106137e-01 4.321403503e-01
 4.262799621e-01 4.120461345e-01 3.908469379e-01 3.725417554e-01 3.577560484e-01
 9.157812223e-03 4.090189934e-03 5.359028932e-03 7.880443707e-03 9.761401452e-03
 1.112941373e-02 1.210828219e-02 1.281067077e-02 1.333225332e-02 1.375135221e-02
 1.413104311e-02 1.452201512e-02 1.496540755e-02 1.549526397e-02 1.614050381e-02
 1.692643762e-02 1.787586138e-02 1.900979877e-02 2.034792863e-02 2.190871909e-02
 2.370928228e-02 2.576501109e-02 2.808933146e-02 3.069362231e-02 3.358735889e-02
 3.677860275e-02 4.027444869e-02 4.408136755e-02 4.820545763e-02 5.265281722e-02
 5.742999166e-02 6.254447997e-02 6.800520420e-02 7.382289320e-02 8.001051843e-02
 8.658356220e-02 9.356033802e-02 1.009622961e-01 1.088143587e-01 1.171453968e-01
 1.259888560e-01 1.353836805e-01 1.453755498e-01 1.560186744e-01 1.673782617e-01
 1.795340180e-01 1.925850511e-01 2.066571265e-01 2.219133079e-01 2.385703474e-01
 2.569247186e-01 2.773951590e-01 3.005909920e-01 3.273973167e-01 3.587482572e-01
 3.864012063e-01 4.071547091e-01 4.210453629e-01 4.278680682e-01 4.275870919e-01
 4.189696610e-01 4.013433754e-01 3.823223114e-01 3.663955927e-01 3.529664874e-01
 2.820534864e-03-2.515492495e-03-1.675927313e-03 8.015827625e-04 2.784156241e-03
 4.360076506e-03 5.633387715e-03 6.701103877e-03 7.646535989e-03 8.537712507e-03
 9.428791702e-03 1.036271919e-02 1.137403212e-02 1.249125693e-02 1.373872254e-02
 1.513779443e-02 1.670762151e-02 1.846553013e-02 2.042716928e-02 2.260650881e-02
 2.501574345e-02 2.766519226e-02 3.056326509e-02 3.371653333e-02 3.712993115e-02
 4.080706090e-02 4.475058243e-02 4.896260798e-02 5.344519392e-02 5.820083618e-02
 6.323305517e-02 6.854700297e-02 7.414998859e-02 8.005199581e-02 8.626600355e-02
 9.280826151e-02 9.969836473e-02 1.069593430e-01 1.146177351e-01 1.227036566e-01
 1.312511563e-01 1.402986646e-01 1.498899311e-01 1.600751281e-01 1.709127277e-01
 1.824718118e-01 1.948354840e-01 2.081054747e-01 2.224088013e-01 2.379075140e-01
 2.548140287e-01 2.734174132e-01 2.941366732e-01 3.176786304e-01 3.428207636e-01
 3.638713062e-01 3.799446523e-01 3.907502592e-01 3.961799741e-01 3.953813314e-01
 3.880561292e-01 3.749774694e-01 3.624411821e-01 3.509991169e-01 3.406889737e-01
-1.278253854e-03-6.979902741e-03-6.347443443e-03-4.237285815e-03-2.578704385e-03
-1.219773199e-03-3.035413829e-05 1.089720638e-03 2.211521845e-03 3.383419942e-03
 4.638337065e-03 5.999814253e-03 7.486343384e-03 9.114061482e-03 1.089815050e-02
 1.285329834e-02 1.499358751e-02 1.733209379e-02 1.988040283e-02 2.264819480e-02
 2.564297058e-02 2.886995301e-02 3.233214095e-02 3.603048995e-02 3.996418044e-02
 4.413097724e-02 4.852759093e-02 5.315015465e-02 5.799482018e-02 6.305845827e-02
 6.833948940e-02 7.383878529e-02 7.956048846e-02 8.551266044e-02 9.170767665e-02
 9.816231579e-02 1.048975140e-01 1.119379476e-01 1.193115041e-01 1.270488054e-01
 1.351829022e-01 1.437490582e-01 1.527850181e-01 1.623312533e-01 1.724315137e-01
 1.831334382e-01 1.944890320e-01 2.065547109e-01 2.193905711e-01 2.330569327e-01
 2.476056516e-01 2.630582452e-01 2.793526053e-01 2.962224483e-01 3.128466606e-01
 3.274876177e-01 3.392056227e-01 3.475296199e-01 3.521542847e-01 3.529199958e-01
 3.499514163e-01 3.445145786e-01 3.379917741e-01 3.310793340e-01 3.241923451e-01
-2.413709648e-03-8.489795029e-03-8.622005582e-03-7.499321830e-03-6.773203146e-03
-6.129496265e-03-5.386718549e-03-4.459799733e-03-3.321534023e-03-1.973149832e-03
-4.260511487e-04 1.308216713e-03 3.222747240e-03 5.316754803e-03 7.595036644e-03
 1.006633695e-02 1.274130028e-02 1.563050970e-02 1.874288917e-02 2.208464220e-02
 2.565873042e-02 2.946484648e-02 3.349971771e-02 3.775757551e-02 4.223059863e-02
 4.690929875e-02 5.178282410e-02 5.683930963e-02 6.206649542e-02 6.745266914e-02
 7.298801839e-02 7.866621017e-02 8.448596299e-02 9.045223147e-02 9.657677263e-02
 1.028779969e-01 1.093800664e-01 1.161114797e-01 1.231034845e-01 1.303885281e-01
 1.379991174e-01 1.459669620e-01 1.543225348e-01 1.630947292e-01 1.723104268e-01
 1.819937825e-01 1.921647191e-01 2.028363198e-01 2.140098959e-01 2.256669104e-01
 2.377551049e-01 2.501662076e-01 2.627029419e-01 2.750391066e-01 2.867014408e-01
 2.971353829e-01 3.058433235e-01 3.124711514e-01 3.168278039e-01 3.189014792e-01
 3.188883364e-01 3.171821237e-01 3.142611980e-01 3.105583489e-01 3.064098060e-01
 9.083980112e-04-5.102871917e-03-7.858698256e-03-9.504257701e-03-1.081011817e-02
-1.146160625e-02-1.139325742e-02-1.069767773e-02-9.497988969e-03-7.905073464e-03
-6.006004289e-03-3.861323930e-03-1.506289584e-03 1.045115874e-03 3.794451943e-03
 6.752615795e-03 9.934199043e-03 1.335299574e-02 1.701887138e-02 2.093601972e-02
 2.510252409e-02 2.951098606e-02 3.414983302e-02 3.900471330e-02 4.405946657e-02
 4.929640889e-02 5.469605327e-02 6.023665145e-02 6.589420140e-02 7.164356112e-02
 7.746081799e-02 8.332677186e-02 8.923044056e-02 9.517180920e-02 1.011630744e-01
 1.072280407e-01 1.133997515e-01 1.197168678e-01 1.262196451e-01 1.329466403e-01
 1.399324089e-01 1.472064853e-01 1.547928452e-01 1.627097577e-01 1.709693521e-01
 1.795765758e-01 1.885276139e-01 1.978069246e-01 2.073830068e-01 2.172022462e-01
 2.271809876e-01 2.371961325e-01 2.470766902e-01 2.566009760e-01 2.655067742e-01
 2.735183239e-01 2.803843915e-01 2.859135568e-01 2.899984419e-01 2.926284671e-01
 2.938897610e-01 2.939488590e-01 2.930203676e-01 2.913296521e-01 2.890847623e-01
 5.077218171e-03-1.169307390e-03-7.048937026e-03-1.273438893e-02-1.784930751e-02
-1.951954141e-02-1.958900318e-02-1.860206202e-02-1.690153219e-02-1.472752634e-02
-1.224602386e-02-9.558484890e-03-6.710521411e-03-3.705458948e-03-5.205427296e-04
 2.878409810e-03 6.526044104e-03 1.045014709e-02 1.466716174e-02 1.918008737e-02
 2.397886105e-02 2.904327027e-02 3.434756398e-02 3.986492008e-02 4.556995630e-02
 5.143845081e-02 5.744473636e-02 6.355794519e-02 6.973886490e-02 7.593986392e-02
 8.210976422e-02 8.820288628e-02 9.418858588e-02 1.000578031e-01 1.058259755e-01
 1.115319505e-01 1.172323078e-01 1.229915470e-01 1.288714707e-01 1.349240392e-01
 1.411889493e-01 1.476940066e-01 1.544567198e-01 1.614854932e-01 1.687803417e-01
 1.763325036e-01 1.841235608e-01 1.921235323e-01 2.002885789e-01 2.085578740e-01
 2.168505341e-01 2.250633985e-01 2.330704778e-01 2.407261878e-01 2.478732765e-01
 2.543556094e-01 2.600337565e-01 2.648001313e-01 2.685906589e-01 2.713909447e-01
 2.732357085e-01 2.742016912e-01 2.743953764e-01 2.739384174e-01 2.729544342e-01
 7.288678084e-03 2.296755119e-04-7.459841669e-03-1.618121751e-02-2.582164295e-02
-3.116167523e-02-3.125385940e-02-2.876945399e-02-2.570119500e-02-2.234034427e-02
-1.891419850e-02-1.553508081e-02-1.220034063e-02-8.835484274e-03-5.340872332e-03
-1.620858442e-03 2.403126331e-03 6.787146907e-03 1.156096067e-02 1.672439836e-02
 2.224701084e-02 2.807605639e-02 3.415280953e-02 4.042839259e-02 4.687022418e-02
 5.345859379e-02 6.017724425e-02 6.700032949e-02 7.387676835e-02 8.071806282e-02
 8.740698546e-02 9.383311123e-02 9.992387146e-02 1.056531593e-01 1.110429764e-01
 1.161678284e-01 1.211491823e-01 1.261222959e-01 1.311962456e-01 1.364412010e-01
 1.418962777e-01 1.475802958e-01 1.534987390e-01 1.596476883e-01 1.660153717e-01
 1.725826412e-01 1.793224066e-01 1.861987859e-01 1.931659132e-01 2.001669109e-01
 2.071330547e-01 2.139838487e-01 2.206284404e-01 2.269687057e-01 2.329041660e-01
 2.383386195e-01 2.431875020e-01 2.473849803e-01 2.508893311e-01 2.536858320e-01
 2.557869554e-01 2.572292387e-01 2.580681741e-01 2.583717406e-01 2.582139373e-01
 1.006242540e-02 2.814291278e-03-5.361994728e-03-1.494995411e-02-2.632923611e-02
-3.489571810e-02-3.931010887e-02-3.939887881e-02-3.514152020e-02-2.969946526e-02
-2.495202236e-02-2.098469809e-02-1.750511676e-02-1.417020056e-02-1.070985664e-02
-6.936773658e-03-2.719651209e-03 2.035446698e-03 7.386716083e-03 1.333935000e-02
 1.981505379e-02 2.665285394e-02 3.368970007e-02 4.083599523e-02 4.807314277e-02
 5.542303994e-02 6.292438507e-02 7.061427832e-02 7.849843800e-02 8.645153046e-02
 9.407887608e-02 1.010711864e-01 1.073312983e-01 1.128264591e-01 1.175554395e-01
 1.215990111e-01 1.253001392e-01 1.290933192e-01 1.331352144e-01 1.374558061e-01
 1.420513391e-01 1.469073296e-01 1.520050466e-01 1.573230326e-01 1.628369391e-01
 1.685188115e-01 1.743361652e-01 1.802512109e-01 1.862201244e-01 1.921927035e-01
 1.981123686e-01 2.039167881e-01 2.095392644e-01 2.149109840e-01 2.199638784e-01
 2.246343344e-01 2.288668901e-01 2.326177359e-01 2.358574569e-01 2.385724485e-01
 2.407651395e-01 2.424527407e-01 2.436648309e-01 2.444402277e-01 2.448237687e-01
 1.424716599e-02 7.639652584e-03 3.597766918e-04-7.709912490e-03-1.656914689e-02
-2.599998564e-02-3.430288285e-02-3.849230334e-02-3.809736669e-02-3.273038939e-02
-2.753343433e-02-2.439641207e-02-2.218480594e-02-1.980983652e-02-1.698455028e-02
-1.357275248e-02-9.460458532e-03-4.526068456e-03 1.371300314e-03 8.386264555e-03
 1.657390222e-02 2.513782121e-02 3.340805694e-02 4.143769667e-02 4.936010763e-02
 5.731377006e-02 6.544131041e-02 7.390408963e-02 8.291332424e-02 9.275777638e-02
 1.017677560e-01 1.094185337e-01 1.158938780e-01 1.211014464e-01 1.249958575e-01
 1.273831427e-01 1.288939714e-01 1.312804073e-01 1.342687309e-01 1.377102286e-01
 1.415139735e-01 1.456186622e-01 1.499789655e-01 1.545576900e-01 1.593208760e-01
 1.642349660e-01 1.692649871e-01 1.743735373e-01 1.795202047e-01 1.846613735e-01
 1.897504181e-01 1.947383136e-01 1.995746046e-01 2.042089254e-01 2.085926235e-01
 2.126809657e-01 2.164350152e-01 2.198235244e-01 2.228243202e-01 2.254251838e-01
 2.276239395e-01 2.294279039e-01 2.308527231e-01 2.319208235e-01 2.326595932e-01
 1.960781030e-02 1.410315838e-02 8.196303621e-03 1.884906203e-03-4.745921120e-03
-1.151707210e-02-1.817115396e-02-2.439848147e-02-2.789567783e-02-2.557860129e-02
-2.281410992e-02-2.226038091e-02-2.254175022e-02-2.159045264e-02-1.967099495e-02
-1.685390249e-02-1.309124008e-02-8.272441104e-03-2.207062440e-03 5.464722402e-03
 1.540652663e-02 2.555016056e-02 3.454014286e-02 4.292593524e-02 5.103781819e-02
 5.910627916e-02 6.732820719e-02 7.590905577e-02 8.510110527e-02 9.517484903e-02
 1.043902785e-01 1.121171713e-01 1.185198873e-01 1.235449836e-01 1.270940155e-01
 1.289372742e-01 1.298396289e-01 1.316195279e-01 1.340310425e-01 1.369021982e-01
 1.401279718e-01 1.436423957e-01 1.473994851e-01 1.513620913e-01 1.554961950e-01
 1.597682685e-01 1.641442627e-01 1.685889959e-01 1.730660647e-01 1.775377244e-01
 1.819652170e-01 1.863091439e-01 1.905302107e-01 1.945900470e-01 1.984523386e-01
 2.020839006e-01 2.054558396e-01 2.085446119e-01 2.113327086e-01 2.138091922e-01
 2.159697860e-01 2.178165764e-01 2.193574309e-01 2.206052244e-01 2.215766907e-01
 0.212362170E+01 0.214387655E+01 0.215439224E+01 0.216678739E+01 0.217950487E+01
 0.219682741E+01 0.220869040E+01 0.222180748E+01 0.223427868E+01 0.224845624E+01
 0.226130247E+01 0.227514982E+01 0.228966999E+01 0.230377173E+01 0.231836748E+01
 0.233377981E+01 0.234925318E+01 0.236500883E+01 0.238146210E+01 0.239844561E+01
 0.241579628E+01 0.243364048E+01 0.245225477E+01 0.247151756E+01 0.249138761E+01
 0.251190066E+01 0.253332305E+01 0.255556393E+01 0.257863951E+01 0.260264754E+01
 0.262769270E+01 0.265383792E+01 0.268109989E+01 0.270962524E+01 0.273944473E+01
 0.277066326E+01 0.280336666E+01 0.283781457E+01 0.287402606E+01 0.291219139E+01
 0.295229435E+01 0.299470472E+01 0.303963304E+01 0.308720231E+01 0.313776159E+01
 0.319137287E+01 0.324888039E+01 0.331018543E+01 0.337621999E+01 0.344727421E+01
 0.352424908E+01 0.360773849E+01 0.369908762E+01 0.379934764E+01 0.391004276E+01
 0.403333139E+01 0.417267370E+01 0.433162355E+01 0.451504230E+01 0.473523760E+01
 0.500494909E+01 0.535309744E+01 0.584229755E+01 0.667489433E+01 0.117117310E+02
   92   86
 0.107297301E+01-0.500000007E-01 0.107382083E+01 0.500000007E-01 0.107906246E+01
 0.124694765E+00 0.108735549E+01 0.200000003E+00 0.110378408E+01 0.300000012E+00
 0.111343098E+01 0.349999994E+00 0.113218749E+01 0.438224345E+00 0.114595342E+01
 0.500000000E+00 0.115875006E+01 0.555487871E+00 0.118125749E+01 0.649999976E+00
 0.119351625E+01 0.699999988E+00 0.121187496E+01 0.774669647E+00 0.123264778E+01
 0.850000024E+00 0.124838400E+01 0.899999976E+00 0.126992702E+01 0.952911019E+00
 0.130913520E+01 0.998979688E+00 0.134468746E+01 0.101426411E+01 0.139781249E+01
 0.101311016E+01 0.144200194E+01 0.100242925E+01 0.147749996E+01 0.992117882E+00
 0.153062499E+01 0.972842634E+00 0.157651281E+01 0.951031744E+00 0.161031246E+01
 0.934354424E+00 0.166343749E+01 0.903373718E+00 0.169000006E+01 0.886928499E+00
 0.174081218E+01 0.851755381E+00 0.176968753E+01 0.830833912E+00 0.180784237E+01
 0.800000012E+00 0.184937501E+01 0.765250146E+00 0.187593746E+01 0.740868270E+00
 0.191823173E+01 0.699999988E+00 0.195562506E+01 0.661864161E+00 0.198218751E+01
 0.632279754E+00 0.201010084E+01 0.599243760E+00 0.204847288E+01 0.550000012E+00
 0.208318114E+01 0.500000000E+00 0.211382914E+01 0.451023281E+00 0.214124727E+01
 0.401767612E+00 0.216686296E+01 0.349999994E+00 0.218926859E+01 0.300000012E+00
 0.220930243E+01 0.250000000E+00 0.222668862E+01 0.200000003E+00 0.224781251E+01
 0.117656000E+00 0.225868535E+01 0.500000007E-01 0.226058483E+01-0.500000007E-01
 0.224781251E+01-0.142459542E+00 0.223468280E+01-0.200000003E+00 0.221973681E+01
-0.250000000E+00 0.219468760E+01-0.321270168E+00 0.216812491E+01-0.384962499E+00
 0.214156246E+01-0.441017449E+00 0.211500001E+01-0.491188407E+00 0.208843756E+01
-0.536622286E+00 0.206187510E+01-0.578219414E+00 0.203531241E+01-0.616675675E+00
 0.200874996E+01-0.652440786E+00 0.197017014E+01-0.699999988E+00 0.192933488E+01
-0.747740507E+00 0.190250003E+01-0.777898431E+00 0.187593746E+01-0.806492329E+00
 0.183298719E+01-0.850000024E+00 0.179624999E+01-0.886263549E+00 0.176968753E+01
-0.911245763E+00 0.172502375E+01-0.949999988E+00 0.169000006E+01-0.979722977E+00
 0.166176581E+01-0.100102568E+01 0.161031246E+01-0.103879774E+01 0.158375001E+01
-0.105671000E+01 0.153062499E+01-0.108903241E+01 0.150406253E+01-0.110377049E+01
 0.145093751E+01-0.113059592E+01 0.140300155E+01-0.114999998E+01 0.137125003E+01
-0.116300392E+01 0.131812501E+01-0.117802215E+01 0.126499999E+01-0.118549466E+01
 0.120792997E+01-0.118217671E+01 0.115971565E+01-0.117058766E+01 0.116537952E+01
-0.112991595E+01 0.118201947E+01-0.103771591E+01 0.118573511E+01-0.956671417E+00
 0.118507993E+01-0.926607728E+00 0.117933178E+01-0.831250012E+00 0.116776991E+01
-0.731249988E+00 0.115732944E+01-0.661052108E+00 0.114417207E+01-0.581250012E+00
 0.113108611E+01-0.505607486E+00 0.111803079E+01-0.431250006E+00 0.110482049E+01
-0.353221714E+00 0.109365797E+01-0.281250000E+00 0.108189380E+01-0.185545772E+00
 0.107720637E+01-0.131250009E+00 0.107297301E+01-0.500000007E-01
 0.101600003E+01 0.000000000E+00 0.101600003E+01 0.963999987E+00 0.101600003E+01
 0.967999995E+00 0.101600003E+01 0.100100005E+01 0.101600003E+01 0.101900005E+01
 0.101600003E+01 0.107700002E+01 0.101600003E+01 0.107000005E+01 0.101600003E+01
 0.109599996E+01 0.101600003E+01 0.111300004E+01 0.101600003E+01 0.113800001E+01
 0.101600003E+01 0.114699996E+01 0.101199996E+01 0.116499996E+01 0.100100005E+01
 0.121700001E+01 0.102900004E+01 0.121700001E+01 0.104200006E+01 0.116240001E+01
 0.104600000E+01 0.116237998E+01 0.105599999E+01 0.116260004E+01 0.109700000E+01
 0.116450000E+01 0.110800004E+01 0.116594005E+01 0.111600006E+01 0.116591001E+01
 0.113399994E+01 0.116895998E+01 0.114800000E+01 0.117174995E+01 0.116199994E+01
 0.117556000E+01 0.118099999E+01 0.118299997E+01 0.118200004E+01 0.118350005E+01
 0.118499994E+01 0.118499994E+01 0.119000006E+01 0.118799996E+01 0.119500005E+01
 0.119099998E+01 0.120099998E+01 0.119599998E+01 0.120899999E+01 0.120200002E+01
 0.121500003E+01 0.120799994E+01 0.122200000E+01 0.121399999E+01 0.122800004E+01
 0.122099996E+01 0.123399997E+01 0.123099995E+01 0.123899996E+01 0.123800004E+01
 0.124199998E+01 0.124399996E+01 0.124800003E+01 0.125399995E+01 0.125800002E+01
 0.127800000E+01 0.126300001E+01 0.128999996E+01 0.127999997E+01 0.133099997E+01
 0.127999997E+01 0.134700000E+01 0.127999997E+01 0.134800005E+01 0.130999994E+01
 0.134800005E+01 0.132799995E+01 0.134800005E+01 0.136099994E+01 0.134800005E+01
 0.138000000E+01 0.134800005E+01 0.141900003E+01 0.134800005E+01 0.141900003E+01
 0.130999994E+01 0.137199998E+01 0.130999994E+01 0.137199998E+01 0.129200006E+01
 0.160800004E+01 0.109500003E+01 0.164699996E+01 0.107700002E+01 0.178499997E+01
 0.107700002E+01 0.206999993E+01 0.103999996E+01 0.212800002E+01 0.992999971E+00
 0.224499989E+01 0.708999991E+00 0.232299995E+01 0.518999994E+00 0.237700009E+01
 0.388999999E+00 0.236249995E+01 0.400000006E+00 0.236443496E+01 0.222000003E+00
 0.236496902E+01 0.133000001E+00 0.236532402E+01 0.439999998E-01 0.236512089E+01
-0.439999998E-01 0.236484194E+01-0.133000001E+00 0.236433411E+01-0.222000003E+00
 0.236249995E+01-0.400000006E+00 0.237700009E+01-0.388999999E+00 0.213400006E+01
-0.972999990E+00 0.178600001E+01-0.117400002E+01 0.176800001E+01-0.121099997E+01
 0.176800001E+01-0.125000000E+01 0.168200004E+01-0.125000000E+01 0.137199998E+01
-0.125000000E+01 0.137199998E+01-0.132900000E+01 0.141999996E+01-0.132900000E+01
 0.141999996E+01-0.136300004E+01 0.127300000E+01-0.136300004E+01 0.115300000E+01
-0.136300004E+01 0.101600003E+01-0.122300005E+01 0.101600003E+01-0.122300005E+01
 0.101600003E+01-0.829999983E+00 0.101600003E+01-0.800000012E+00 0.101600003E+01
-0.414999992E+00 0.101600003E+01-0.400000006E+00 0.101600003E+01-0.100000005E-02
 0.101600003E+01 0.000000000E+00
    0 0.169550002E+01    0
 0.000000000E+00 0.103902556E+00 0.147357866E+00 0.180825114E+00 0.209169298E+00
 0.233017147E+00 0.255796492E+00 0.277048767E+00 0.296670616E+00 0.315362692E+00
 0.333046973E+00 0.349896610E+00 0.366146475E+00 0.381781757E+00 0.396853715E+00
 0.411498010E+00 0.425774902E+00 0.439609379E+00 0.453124821E+00 0.466381609E+00
 0.479353487E+00 0.492045492E+00 0.504520714E+00 0.516799450E+00 0.528907418E+00
 0.540803075E+00 0.552545726E+00 0.564167380E+00 0.575636864E+00 0.586985409E+00
 0.598236561E+00 0.609371424E+00 0.620426357E+00 0.631396592E+00 0.642296076E+00
 0.653140068E+00 0.663919747E+00 0.674668908E+00 0.685361385E+00 0.696038246E+00
 0.706690192E+00 0.717341304E+00 0.727989852E+00 0.738628745E+00 0.749300241E+00
 0.759969711E+00 0.770716429E+00 0.781484008E+00 0.792327702E+00 0.803222239E+00
 0.814212263E+00 0.825298429E+00 0.836513042E+00 0.847869873E+00 0.859377742E+00
 0.871077538E+00 0.883013070E+00 0.895212471E+00 0.907693565E+00 0.920623302E+00
 0.934011757E+00 0.948034048E+00 0.962942183E+00 0.979330480E+00 0.100000000E+01
    0
