  EFITD    06/25/2013    #1553283000.0ms  EFIT01   0  65  65
 0.170000005E+01 0.320000005E+01 0.169550002E+01 0.839999974E+00 0.000000000E+00
 0.181703401E+01-0.993397180E-02-0.164753973E+00 0.191796012E-02 0.165798092E+01
 0.102332406E+07-0.164753973E+00 0.000000000E+00 0.181703401E+01 0.000000000E+00
-0.993397180E-02 0.000000000E+00 0.191796012E-02 0.000000000E+00 0.000000000E+00
 0.276459026E+01 0.276702118E+01 0.276935315E+01 0.277158904E+01 0.277373075E+01
 0.277578092E+01 0.277774143E+01 0.277961493E+01 0.278140354E+01 0.278310919E+01
 0.278473425E+01 0.278628087E+01 0.278775167E+01 0.278914785E+01 0.279047251E+01
 0.279172754E+01 0.279291487E+01 0.279403687E+01 0.279509544E+01 0.279609299E+01
 0.279703093E+01 0.279791212E+01 0.279873848E+01 0.279951215E+01 0.280023479E+01
 0.280090904E+01 0.280153656E+01 0.280211926E+01 0.280265999E+01 0.280316019E+01
 0.280362201E+01 0.280404758E+01 0.280443907E+01 0.280479813E+01 0.280512714E+01
 0.280542803E+01 0.280570316E+01 0.280595398E+01 0.280618310E+01 0.280639219E+01
 0.280658340E+01 0.280675888E+01 0.280692053E+01 0.280707049E+01 0.280721068E+01
 0.280734301E+01 0.280746984E+01 0.280759335E+01 0.280771494E+01 0.280783701E+01
 0.280796170E+01 0.280809069E+01 0.280822659E+01 0.280837107E+01 0.280852604E+01
 0.280869341E+01 0.280887580E+01 0.280907488E+01 0.280929255E+01 0.280953121E+01
 0.280979252E+01 0.281007862E+01 0.281039190E+01 0.281073380E+01 0.281110668E+01
 0.958862500E+05 0.933628281E+05 0.908719531E+05 0.884136250E+05 0.859878438E+05
 0.835946094E+05 0.812339141E+05 0.789057656E+05 0.766101719E+05 0.743471250E+05
 0.721166094E+05 0.699186484E+05 0.677532344E+05 0.656203594E+05 0.635200391E+05
 0.614522656E+05 0.594170312E+05 0.574143477E+05 0.554442070E+05 0.535066133E+05
 0.516015625E+05 0.497290625E+05 0.478891094E+05 0.460816992E+05 0.443068359E+05
 0.425645156E+05 0.408547461E+05 0.391775195E+05 0.375328438E+05 0.359207070E+05
 0.343411172E+05 0.327940781E+05 0.312795820E+05 0.297976328E+05 0.283482305E+05
 0.269313711E+05 0.255470586E+05 0.241952930E+05 0.228760742E+05 0.215894004E+05
 0.203352734E+05 0.191136914E+05 0.179246562E+05 0.167681641E+05 0.156442207E+05
 0.145528232E+05 0.134939707E+05 0.124676650E+05 0.114739062E+05 0.105126914E+05
 0.958402344E+04 0.868790039E+04 0.782432520E+04 0.699329492E+04 0.619481152E+04
 0.542887305E+04 0.469548096E+04 0.399463501E+04 0.332633496E+04 0.269058081E+04
 0.208737280E+04 0.151671045E+04 0.978594360E+03 0.473024170E+03 0.000000000E+00
 0.263375759E+01 0.253006458E+01 0.242856574E+01 0.232926059E+01 0.223214912E+01
 0.213723183E+01 0.204450846E+01 0.195397854E+01 0.186564255E+01 0.177950048E+01
 0.169555235E+01 0.161379802E+01 0.153423750E+01 0.145687079E+01 0.138169813E+01
 0.130871916E+01 0.123793411E+01 0.116934276E+01 0.110294533E+01 0.103874183E+01
 0.976732135E+00 0.916916311E+00 0.859294295E+00 0.803866148E+00 0.750631809E+00
 0.699591398E+00 0.650744796E+00 0.604092002E+00 0.559633076E+00 0.517368019E+00
 0.477296829E+00 0.439419448E+00 0.403735936E+00 0.370246291E+00 0.338950455E+00
 0.309848487E+00 0.282940358E+00 0.258226097E+00 0.235705674E+00 0.215379089E+00
 0.197246373E+00 0.181307495E+00 0.167562470E+00 0.156011283E+00 0.146653965E+00
 0.139490470E+00 0.134520844E+00 0.131745070E+00 0.131163135E+00 0.132775038E+00
 0.136580795E+00 0.142580420E+00 0.150773883E+00 0.161161184E+00 0.173742354E+00
 0.188517362E+00 0.205486208E+00 0.224648923E+00 0.246005476E+00 0.269555867E+00
 0.295300126E+00 0.323238254E+00 0.353370190E+00 0.385695994E+00 0.420215607E+00
-0.975211688E+06-0.962717062E+06-0.950222500E+06-0.937727875E+06-0.925233250E+06
-0.912738625E+06-0.900244125E+06-0.887749500E+06-0.875254875E+06-0.862760250E+06
-0.850265688E+06-0.837771062E+06-0.825276500E+06-0.812781875E+06-0.800287250E+06
-0.787792625E+06-0.775298062E+06-0.762803500E+06-0.750308875E+06-0.737814250E+06
-0.725319688E+06-0.712825062E+06-0.700330500E+06-0.687835875E+06-0.675341250E+06
-0.662846625E+06-0.650352062E+06-0.637857500E+06-0.625362875E+06-0.612868250E+06
-0.600373688E+06-0.587879062E+06-0.575384500E+06-0.562889875E+06-0.550395250E+06
-0.537900625E+06-0.525406062E+06-0.512911469E+06-0.500416875E+06-0.487922250E+06
-0.475427688E+06-0.462933062E+06-0.450438469E+06-0.437943875E+06-0.425449250E+06
-0.412954688E+06-0.400460062E+06-0.387965469E+06-0.375470875E+06-0.362976250E+06
-0.350481688E+06-0.337987062E+06-0.325492469E+06-0.312997875E+06-0.300503250E+06
-0.288008688E+06-0.275514062E+06-0.263019469E+06-0.250524875E+06-0.238030266E+06
-0.225535656E+06-0.213041062E+06-0.200546469E+06-0.188051875E+06-0.175557266E+06
 3.058401868e-02 2.814289741e-02 2.566130646e-02 2.309645526e-02 2.042069659e-02
 1.761379652e-02 1.464745030e-02 1.146816928e-02 8.057317697e-03 4.330151714e-03
-2.065177250e-04-6.180190481e-03-1.242927834e-02-1.659272611e-02-1.914655790e-02
-2.028696798e-02-2.005568519e-02-1.840125397e-02-1.514833979e-02-9.916344658e-03
-1.964776777e-03 6.330965087e-03 1.316113025e-02 1.913805306e-02 2.459707856e-02
 2.973416448e-02 3.467464074e-02 3.950462863e-02 4.428629577e-02 4.906532168e-02
 5.385188758e-02 5.865775049e-02 6.349303573e-02 6.835672259e-02 7.324355841e-02
 7.814594358e-02 8.306805789e-02 8.803053945e-02 9.303560853e-02 9.809076786e-02
 1.032063961e-01 1.083922163e-01 1.136537939e-01 1.189904958e-01 1.243949980e-01
 1.298539042e-01 1.353484690e-01 1.408554912e-01 1.463477910e-01 1.517948508e-01
 1.571633816e-01 1.624180377e-01 1.675223410e-01 1.724396050e-01 1.771342158e-01
 1.815729439e-01 1.857260615e-01 1.895687580e-01 1.930819005e-01 1.962528527e-01
 1.990756691e-01 2.015510798e-01 2.036859691e-01 2.054926753e-01 2.069879621e-01
 2.633405849e-02 2.360766754e-02 2.094146982e-02 1.830338314e-02 1.565586776e-02
 1.295966562e-02 1.022315025e-02 7.471550256e-03 4.640877247e-03 1.635842142e-03
-1.834999537e-03-5.867294036e-03-9.804615751e-03-1.274105068e-02-1.455910131e-02
-1.525597833e-02-1.481141150e-02-1.316832379e-02-1.022979431e-02-5.873697810e-03
-9.090191452e-05 6.174693350e-03 1.206532959e-02 1.757350005e-02 2.279384248e-02
 2.781694382e-02 3.271712363e-02 3.755348176e-02 4.237302020e-02 4.721281677e-02
 5.208015442e-02 5.698701739e-02 6.194758043e-02 6.696902961e-02 7.205487788e-02
 7.720559835e-02 8.243185282e-02 8.775578439e-02 9.317868948e-02 9.870339930e-02
 1.043330729e-01 1.100695953e-01 1.159119904e-01 1.218552142e-01 1.278893054e-01
 1.339990199e-01 1.401635408e-01 1.463566273e-01 1.525466442e-01 1.586968601e-01
 1.647658646e-01 1.707084328e-01 1.764765382e-01 1.820209324e-01 1.872929335e-01
 1.922466159e-01 1.968409270e-01 2.010418177e-01 2.048239112e-01 2.081716657e-01
 2.110798955e-01 2.135533988e-01 2.156060636e-01 2.172594965e-01 2.185411155e-01
 2.146875858e-02 1.855408400e-02 1.583732106e-02 1.328022592e-02 1.082614809e-02
 8.568799123e-03 6.476618350e-03 4.493834917e-03 2.577895299e-03 5.885902792e-04
-1.502708183e-03-3.593453206e-03-5.478919484e-03-6.925054826e-03-7.753118873e-03
-7.851617411e-03-7.151918951e-03-5.612441339e-03-3.221434075e-03-2.059670442e-05
 3.856898984e-03 8.184289560e-03 1.273144409e-02 1.735307649e-02 2.198765799e-02
 2.662232518e-02 3.126692772e-02 3.594017401e-02 4.066275805e-02 4.545304179e-02
 5.032202974e-02 5.527999997e-02 6.033786386e-02 6.550455093e-02 7.078723609e-02
 7.619233429e-02 8.172971010e-02 8.741055429e-02 9.324032068e-02 9.922239929e-02
 1.053586900e-01 1.116490364e-01 1.180903316e-01 1.246757209e-01 1.313936710e-01
 1.382271945e-01 1.451532543e-01 1.521419585e-01 1.591561586e-01 1.661511660e-01
 1.730747670e-01 1.798677742e-01 1.864652932e-01 1.927987784e-01 1.987989545e-01
 2.043993473e-01 2.095401585e-01 2.141721547e-01 2.182598859e-01 2.217836380e-01
 2.247403860e-01 2.271429002e-01 2.290178537e-01 2.304028869e-01 2.313432097e-01
 1.552783512e-02 1.243681461e-02 9.836941957e-03 7.667802274e-03 5.820403807e-03
 4.339815117e-03 3.135901876e-03 2.041802276e-03 9.583042702e-04-1.281193690e-04
-1.193215023e-03-2.174129710e-03-2.976875752e-03-3.493891796e-03-3.623880213e-03
-3.284728853e-03-2.418465447e-03-9.930761298e-04 9.947745129e-04 3.515974153e-03
 6.508442573e-03 9.886171669e-03 1.355827227e-02 1.744817756e-02 2.150292695e-02
 2.569227107e-02 3.000305220e-02 3.443317115e-02 3.898679465e-02 4.367095977e-02
 4.849369079e-02 5.346333981e-02 5.858840048e-02 6.387723982e-02 6.933805346e-02
 7.497900724e-02 8.080826700e-02 8.683353662e-02 9.306132793e-02 9.949658811e-02
 1.061423868e-01 1.129995435e-01 1.200659573e-01 1.273357868e-01 1.347984821e-01
 1.424376965e-01 1.502300203e-01 1.581436098e-01 1.661367714e-01 1.741566360e-01
 1.821381450e-01 1.900037378e-01 1.976642609e-01 2.050214708e-01 2.119724452e-01
 2.184159160e-01 2.242595553e-01 2.294276357e-01 2.338672876e-01 2.375526577e-01
 2.404862642e-01 2.426970154e-01 2.442358434e-01 2.451694012e-01 2.455732822e-01
 7.536374964e-03 4.088002257e-03 1.952280756e-03 8.235546993e-04 2.294212172e-04
-5.878572483e-05-2.607607166e-04-4.630108015e-04-6.976702716e-04-9.621588979e-04
-1.228222274e-03-1.447763178e-03-1.558979158e-03-1.493774820e-03-1.185534522e-03
-5.757699255e-04 3.811304923e-04 1.714892453e-03 3.437715583e-03 5.544106476e-03
 8.012829348e-03 1.081144623e-02 1.390277781e-02 1.725143380e-02 2.082845755e-02
 2.461331151e-02 2.859367989e-02 3.276406601e-02 3.712403029e-02 4.167659581e-02
 4.642698914e-02 5.138184875e-02 5.654869229e-02 6.193558127e-02 6.755092740e-02
 7.340332121e-02 7.950136065e-02 8.585345000e-02 9.246742725e-02 9.935026616e-02
 1.065077186e-01 1.139438003e-01 1.216601431e-01 1.296551973e-01 1.379231215e-01
 1.464523077e-01 1.552236825e-01 1.642082483e-01 1.733644307e-01 1.826348007e-01
 1.919426769e-01 2.011892796e-01 2.102523148e-01 2.189877629e-01 2.272361517e-01
 2.348339260e-01 2.416284680e-01 2.474943399e-01 2.523467541e-01 2.561503053e-01
 2.589212060e-01 2.607227564e-01 2.616545558e-01 2.618382275e-01 2.614030242e-01
-5.066048820e-03-1.039359719e-02-9.652949870e-03-7.493437268e-03-5.886844359e-03
-4.612469114e-03-3.607070772e-03-2.829066943e-03-2.238155808e-03-1.789725851e-03
-1.433596481e-03-1.114650164e-03-7.747091004e-04-3.552697599e-04 1.993821643e-04
 9.392023785e-04 1.905973768e-03 3.131671809e-03 4.637694918e-03 6.435049698e-03
 8.525545709e-03 1.090392657e-02 1.356060989e-02 1.648450643e-02 1.966536045e-02
 2.309530601e-02 2.676957287e-02 3.068654612e-02 3.484742343e-02 3.925570101e-02
 4.391666129e-02 4.883694276e-02 5.402419344e-02 5.948685110e-02 6.523397565e-02
 7.127510011e-02 7.762016356e-02 8.427932858e-02 9.126292169e-02 9.858117998e-02
 1.062440276e-01 1.142607704e-01 1.226396114e-01 1.313869059e-01 1.405062377e-01
 1.499968767e-01 1.598516703e-01 1.700540781e-01 1.805737913e-01 1.913608909e-01
 2.023380548e-01 2.133912146e-01 2.243602276e-01 2.350333780e-01 2.451523244e-01
 2.544333935e-01 2.626029849e-01 2.694359422e-01 2.747851014e-01 2.785987258e-01
 2.809262276e-01 2.819082737e-01 2.817502022e-01 2.806841135e-01 2.789358795e-01
-1.437516045e-02-2.077212557e-02-1.869501173e-02-1.420792751e-02-1.077186875e-02
-8.122883737e-03-6.065641530e-03-4.466171842e-03-3.223121166e-03-2.252137288e-03
-1.478179009e-03-8.319969056e-04-2.488499449e-04 3.315487120e-04 9.644546662e-04
 1.699309330e-03 2.579074120e-03 3.639886621e-03 4.910926800e-03 6.414610893e-03
 8.167188615e-03 1.017971896e-02 1.245930884e-02 1.501047146e-02 1.783637330e-02
 2.093986236e-02 2.432416752e-02 2.799332887e-02 3.195237741e-02 3.620735556e-02
 4.076524079e-02 4.563388973e-02 5.082194135e-02 5.633879080e-02 6.219456345e-02
 6.840013713e-02 7.496716827e-02 8.190813661e-02 8.923640847e-02 9.696625173e-02
 1.051129103e-01 1.136925370e-01 1.227221191e-01 1.322192848e-01 1.422017813e-01
 1.526866704e-01 1.636887938e-01 1.752181947e-01 1.872757226e-01 1.998457015e-01
 2.128836811e-01 2.262967229e-01 2.399136424e-01 2.534464002e-01 2.664603591e-01
 2.784041166e-01 2.887306511e-01 2.970128357e-01 3.029851317e-01 3.065587282e-01
 3.078466654e-01 3.071765900e-01 3.050183952e-01 3.018464744e-01 2.980533838e-01
-1.803745143e-02-2.475785837e-02-2.206251398e-02-1.689476520e-02-1.272416674e-02
-9.398046881e-03-6.778428331e-03-4.737724084e-03-3.162567038e-03-1.952948631e-03
-1.020207768e-03-2.851573518e-04 3.233088064e-04 8.691101684e-04 1.409477438e-03
 1.995231956e-03 2.671187278e-03 3.477518912e-03 4.449878819e-03 5.619331263e-03
 7.012445945e-03 8.651573211e-03 1.055522915e-02 1.273876987e-02 1.521509513e-02
 1.799531095e-02 2.108932659e-02 2.450641617e-02 2.825555950e-02 3.234570473e-02
 3.678592294e-02 4.158561304e-02 4.675460234e-02 5.230332166e-02 5.824295804e-02
 6.458562613e-02 7.134458423e-02 7.853445411e-02 8.617150784e-02 9.427398443e-02
 1.028624326e-01 1.119601727e-01 1.215937138e-01 1.317933798e-01 1.425937712e-01
 1.540344656e-01 1.661604196e-01 1.790220737e-01 1.926746666e-01 2.071755677e-01
 2.225771844e-01 2.389095128e-01 2.561377883e-01 2.740632594e-01 2.921108902e-01
 3.087742925e-01 3.227084875e-01 3.332934976e-01 3.401402831e-01 3.430253267e-01
 3.419406116e-01 3.376144469e-01 3.316313028e-01 3.249265552e-01 3.180616796e-01
-1.676304825e-02-2.345043421e-02-2.086349949e-02-1.560906693e-02-1.132527739e-02
-7.912069559e-03-5.251288414e-03-3.220909042e-03-1.705057221e-03-5.984166637e-04
 1.928013371e-04 7.515503094e-04 1.151210396e-03 1.456825295e-03 1.725965762e-03
 2.008829731e-03 2.346725669e-03 2.783013973e-03 3.359584138e-03 4.115335643e-03
 5.085718818e-03 6.302556954e-03 7.792998571e-03 9.580453858e-03 1.168503053e-02
 1.412385330e-02 1.691152714e-02 2.006130852e-02 2.358534560e-02 2.749486640e-02
 3.180052713e-02 3.651278466e-02 4.164220020e-02 4.719972610e-02 5.319701135e-02
 5.964675546e-02 6.656303257e-02 7.396171987e-02 8.186099678e-02 9.028184414e-02
 9.924875945e-02 1.087906212e-01 1.189416945e-01 1.297430098e-01 1.412440836e-01
 1.535052955e-01 1.666008830e-01 1.806232035e-01 1.956887394e-01 2.119465470e-01
 2.295915186e-01 2.488858998e-01 2.702001333e-01 2.941130400e-01 3.211221993e-01
 3.455175459e-01 3.647813201e-01 3.787716329e-01 3.871853352e-01 3.893321157e-01
 3.849990964e-01 3.731558919e-01 3.600525856e-01 3.479828835e-01 3.370696902e-01
-1.119433343e-02-1.770251058e-02-1.534215081e-02-1.035816222e-02-6.444652565e-03
-3.475184552e-03-1.290460466e-03 2.569070493e-04 1.295401482e-03 1.934627537e-03
 2.267896663e-03 2.375326119e-03 2.326722490e-03 2.184138400e-03 2.004290465e-03
 1.841332996e-03 1.693915692e-03 1.620980212e-03 1.675726380e-03 1.906151767e-03
 2.356826328e-03 3.072346561e-03 4.084772896e-03 5.423697643e-03 7.115070708e-03
 9.180144407e-03 1.163398847e-02 1.449289545e-02 1.777149364e-02 2.148203552e-02
 2.563541755e-02 3.024214692e-02 3.531251103e-02 4.085692763e-02 4.688642174e-02
 5.341304466e-02 6.045036763e-02 6.801397353e-02 7.612208277e-02 8.479623497e-02
 9.406213462e-02 1.039507836e-01 1.144997701e-01 1.257551610e-01 1.377739012e-01
 1.506270766e-01 1.644046009e-01 1.792216897e-01 1.952286661e-01 2.126256526e-01
 2.316856086e-01 2.527920008e-01 2.765008807e-01 3.036321104e-01 3.353195190e-01
 3.678162098e-01 3.930031061e-01 4.107762277e-01 4.212917984e-01 4.244318604e-01
 4.191285968e-01 4.047675133e-01 3.839562535e-01 3.663547933e-01 3.516013324e-01
-1.149713411e-03-7.439046632e-03-4.942839965e-03-7.284258027e-04 2.112575807e-03
 3.956864588e-03 5.064995028e-03 5.620369222e-03 5.755189806e-03 5.569287576e-03
 5.141736008e-03 4.537889734e-03 3.813816002e-03 3.019251861e-03 2.199762966e-03
 1.398424502e-03 6.071014795e-04-1.127822179e-04-7.026284002e-04-1.107021817e-03
-1.273799222e-03-1.154249767e-03-7.044419181e-04 1.152688055e-04 1.340071671e-03
 3.000249155e-03 5.084903911e-03 7.623597980e-03 1.063583698e-02 1.413117722e-02
 1.811733469e-02 2.260424942e-02 2.760067955e-02 3.311493993e-02 3.915594146e-02
 4.573352262e-02 5.285900459e-02 6.054573506e-02 6.880969554e-02 7.767017186e-02
 8.715059608e-02 9.727957100e-02 1.080921739e-01 1.196316481e-01 1.319516301e-01
 1.451191306e-01 1.592185348e-01 1.743570864e-01 1.906725466e-01 2.083437592e-01
 2.276051342e-01 2.487657964e-01 2.722322345e-01 2.985301614e-01 3.283185363e-01
 3.621860743e-01 3.909724057e-01 4.115794599e-01 4.242942929e-01 4.292086959e-01
 4.265264273e-01 4.151678681e-01 3.949243128e-01 3.742215633e-01 3.576254249e-01
 1.673041657e-02 1.170979068e-02 1.237527188e-02 1.390270516e-02 1.426454820e-02
 1.401906554e-02 1.337957941e-02 1.245541498e-02 1.131541375e-02 1.000975259e-02
 8.578926325e-03 7.057936396e-03 5.478446372e-03 3.869998269e-03 2.260820940e-03
 6.786174490e-04-8.860572125e-04-2.370401751e-03-3.713060403e-03-4.854847677e-03
-5.739243701e-03-6.312829442e-03-6.525787525e-03-6.332293618e-03-5.691113882e-03
-4.566619173e-03-2.930577844e-03-7.552971365e-04 1.982610673e-03 5.260935053e-03
 9.069868363e-03 1.343084127e-02 1.834857464e-02 2.382545918e-02 2.986737713e-02
 3.647995368e-02 4.367049038e-02 5.144813284e-02 5.982439592e-02 6.881362200e-02
 7.843363285e-02 8.870638162e-02 9.965892136e-02 1.113244444e-01 1.237436533e-01
 1.369663775e-01 1.510535777e-01 1.660796106e-01 1.821350306e-01 1.993290484e-01
 2.177918255e-01 2.376750410e-01 2.591492534e-01 2.823982239e-01 3.076178432e-01
 3.350782394e-01 3.631448746e-01 3.832580447e-01 3.964640498e-01 4.033151567e-01
 4.035701752e-01 3.977559805e-01 3.849856853e-01 3.669118285e-01 3.523828983e-01
 4.224198312e-02 4.057290405e-02 3.593946248e-02 3.161433712e-02 2.825876698e-02
 2.531949431e-02 2.257800661e-02 1.993405446e-02 1.733773388e-02 1.476420835e-02
 1.220264845e-02 9.650737047e-03 7.111571729e-03 4.591626581e-03 2.098917961e-03
-3.596100141e-04-2.786680125e-03-5.117543973e-03-7.289210334e-03-9.240603074e-03
-1.091290545e-02-1.224992704e-02-1.319843531e-02-1.370847225e-02-1.373371389e-02
-1.323189028e-02-1.216523349e-02-1.050065644e-02-8.211597800e-03-5.281343125e-03
-1.697597909e-03 2.548540942e-03 7.406285498e-03 1.285154745e-02 1.890058070e-02
 2.554803342e-02 3.279670700e-02 4.064989462e-02 4.911306500e-02 5.819369480e-02
 6.790160388e-02 7.824925333e-02 8.925208449e-02 1.009288579e-01 1.133019254e-01
 1.263973862e-01 1.402449012e-01 1.548769772e-01 1.703272760e-01 1.866272390e-01
 2.037993670e-01 2.218456566e-01 2.407264411e-01 2.603217959e-01 2.803559899e-01
 3.002323508e-01 3.187438548e-01 3.343005180e-01 3.459515572e-01 3.533973694e-01
 3.566266298e-01 3.558367789e-01 3.515546918e-01 3.449342847e-01 3.376003504e-01
 6.022511423e-02 5.957258493e-02 5.333276838e-02 4.655313492e-02 4.080700129e-02
 3.577795997e-02 3.123867512e-02 2.703537792e-02 2.306606062e-02 1.926296018e-02
 1.558103599e-02 1.199073717e-02 8.473491296e-03 5.019034725e-03 1.624228084e-03
-1.769881696e-03-5.106239580e-03-8.323935792e-03-1.136117708e-02-1.415691618e-02
-1.665177941e-02-1.878859848e-02-2.051272988e-02-2.177222073e-02-2.251797169e-02
-2.270389907e-02-2.228721045e-02-2.122884616e-02-1.949431002e-02-1.705472358e-02
-1.388764661e-02-9.979337454e-03-5.329578649e-03 5.484442227e-05 6.157805678e-03
 1.285714749e-02 2.017864957e-02 2.811384387e-02 3.666286916e-02 4.582531005e-02
 5.560205877e-02 6.599494815e-02 7.700672746e-02 8.864080906e-02 1.009007096e-01
 1.137892008e-01 1.273067296e-01 1.414490938e-01 1.562038660e-01 1.715446860e-01
 1.874230504e-01 2.037557662e-01 2.204069793e-01 2.371632457e-01 2.537028193e-01
 2.695717216e-01 2.842006087e-01 2.970005870e-01 3.074993491e-01 3.154215813e-01
 3.206992149e-01 3.234644830e-01 3.240455985e-01 3.229373693e-01 3.207003772e-01
 7.162608206e-02 7.122609019e-02 6.495425850e-02 5.732664838e-02 5.042965710e-02
 4.415287822e-02 3.837344050e-02 3.298245370e-02 2.789069898e-02 2.302800864e-02
 1.834043860e-02 1.378707960e-02 9.337295778e-03 4.968491383e-03 6.643749075e-04
-3.634796245e-03-7.863928564e-03-1.195821632e-02-1.585393026e-02-1.948912814e-02
-2.280412987e-02-2.574175037e-02-2.824736387e-02-3.026882932e-02-3.175637498e-02
-3.266250715e-02-3.294201940e-02-3.255214542e-02-3.145300224e-02-2.960827202e-02
-2.698625997e-02-2.356146090e-02-1.931659132e-02-1.424441114e-02-8.351459168e-03
-1.664314419e-03 5.786911584e-03 1.382946409e-02 2.249089256e-02 3.175626323e-02
 4.161888734e-02 5.207009614e-02 6.310078502e-02 7.470077276e-02 8.685779572e-02
 9.955614805e-02 1.127747819e-01 1.264846623e-01 1.406453252e-01 1.552001238e-01
 1.700702310e-01 1.851473153e-01 2.002850175e-01 2.152912319e-01 2.299239933e-01
 2.438964546e-01 2.568966746e-01 2.686228752e-01 2.788241208e-01 2.873342633e-01
 2.940900326e-01 2.991348505e-01 3.026087880e-01 3.047247827e-01 3.057310879e-01
 7.957416773e-02 7.929399610e-02 7.274475694e-02 6.470260769e-02 5.721229687e-02
 5.021550879e-02 4.364220425e-02 3.742082044e-02 3.148504347e-02 2.577681839e-02
 2.024694905e-02 1.485444698e-02 9.565368295e-03 4.351538606e-03-8.104384178e-04
-5.964084528e-03-1.103870850e-02-1.596558467e-02-2.067871951e-02-2.511524595e-02
-2.921556681e-02-3.292327374e-02-3.618489206e-02-3.894953802e-02-4.116850346e-02
-4.279487580e-02-4.378326610e-02-4.408962280e-02-4.367136210e-02-4.248770326e-02
-4.050043225e-02-3.767506778e-02-3.398255259e-02-2.940147184e-02-2.392103709e-02
-1.754474081e-02-1.029389165e-02-2.216476481e-03 6.634895690e-03 1.605014130e-02
 2.605138719e-02 3.661385179e-02 4.771888256e-02 5.934597552e-02 7.147169113e-02
 8.406828344e-02 9.710186720e-02 1.105303988e-01 1.243010759e-01 1.383474469e-01
 1.525861621e-01 1.669135988e-01 1.812032908e-01 1.953047514e-01 2.090454400e-01
 2.222369611e-01 2.346862853e-01 2.462110519e-01 2.566560507e-01 2.659073770e-01
 2.739019394e-01 2.806299031e-01 2.861306667e-01 2.904831171e-01 2.937914729e-01
 8.458630741e-02 8.430838585e-02 7.754331082e-02 6.930144876e-02 6.151676923e-02
 5.412770435e-02 4.707612842e-02 4.030676559e-02 3.376924992e-02 2.741850913e-02
 2.121454105e-02 1.512190327e-02 9.108847007e-03 3.145856783e-03-2.797232009e-03
-8.732292801e-03-1.458160300e-02-2.027240023e-02-2.573666722e-02-3.091103211e-02
-3.573654592e-02-4.015831649e-02-4.412494600e-02-4.758793116e-02-5.050097406e-02
-5.281931907e-02-5.449916795e-02-5.549725890e-02-5.577062070e-02-5.527660623e-02
-5.397329107e-02-5.182023719e-02-4.877980426e-02-4.481900483e-02-3.991200402e-02
-3.404336795e-02-2.721193060e-02-1.943553239e-02-1.075536199e-02-1.246928237e-03
 9.001592174e-03 1.976037771e-02 3.102955595e-02 4.278213531e-02 5.498811603e-02
 6.761379540e-02 8.061966300e-02 9.395913780e-02 1.075772643e-01 1.214092001e-01
 1.353787780e-01 1.493972242e-01 1.633626819e-01 1.771608293e-01 1.906669438e-01
 2.037498653e-01 2.162777185e-01 2.281246930e-01 2.391780913e-01 2.493443191e-01
 2.585529089e-01 2.667581439e-01 2.739384174e-01 2.800935507e-01 2.852413058e-01
 8.662407845e-02 8.617958426e-02 7.965286821e-02 7.147051394e-02 6.366904080e-02
 5.615632609e-02 4.887128249e-02 4.177244008e-02 3.482619673e-02 2.800238505e-02
 2.127295732e-02 1.461178809e-02 7.995093241e-03 1.402539900e-03-5.249971524e-03
-1.188438106e-02-1.842327043e-02-2.479299903e-02-3.092503548e-02-3.675638884e-02
-4.222944379e-02-4.729145020e-02-5.189381167e-02-5.599119514e-02-5.954065546e-02
-6.250069290e-02-6.483044475e-02-6.648898125e-02-6.743479520e-02-6.762547791e-02
-6.701783091e-02-6.556819379e-02-6.323332340e-02-5.997180194e-02-5.574600399e-02
-5.052477866e-02-4.428688809e-02-3.702514619e-02-2.875124291e-02-1.950116083e-02
-9.339348413e-03 1.632196130e-03 1.317675225e-02 2.517464571e-02 3.759177774e-02
 5.039575696e-02 6.354570389e-02 7.699507475e-02 9.069189429e-02 1.045781672e-01
 1.185892075e-01 1.326531321e-01 1.466908753e-01 1.606166661e-01 1.743393242e-01
 1.877640486e-01 2.007946670e-01 2.133360654e-01 2.252962291e-01 2.365876734e-01
 2.471281290e-01 2.568406463e-01 2.656536102e-01 2.735023499e-01 2.803319693e-01
 8.597296476e-02 8.503547311e-02 7.899153978e-02 7.154358923e-02 6.409736723e-02
 5.668845028e-02 4.934120178e-02 4.206005484e-02 3.483888507e-02 2.766551636e-02
 2.052409388e-02 1.339653134e-02 6.263400428e-03-8.953498909e-04-8.133566007e-03
-1.535875164e-02-2.248584852e-02-2.943733148e-02-3.614319116e-02-4.254065454e-02
-4.857360572e-02-5.419176072e-02-5.934970081e-02-6.400575489e-02-6.812088192e-02
-7.165752351e-02-7.457862049e-02-7.684662193e-02-7.842275500e-02-7.926650345e-02
-7.933527231e-02-7.858447731e-02-7.696797699e-02-7.443895936e-02-7.095144689e-02
-6.646240503e-02-6.093458086e-02-5.434024334e-02-4.666572064e-02-3.791693598e-02
-2.812575921e-02-1.735766977e-02-5.719825625e-03 6.656491198e-03 1.940978691e-02
 3.254519403e-02 4.601015151e-02 5.975726247e-02 7.373960316e-02 8.790846169e-02
 1.022122949e-01 1.165961623e-01 1.310017258e-01 1.453673840e-01 1.596286893e-01
 1.737186760e-01 1.875679791e-01 2.011044621e-01 2.142517567e-01 2.269269228e-01
 2.390367091e-01 2.504737973e-01 2.611137629e-01 2.708169222e-01 2.794371247e-01
 8.493685722e-02 8.362146467e-02 7.793223858e-02 7.084836066e-02 6.360553205e-02
 5.626506358e-02 4.887642339e-02 4.146399349e-02 3.403593600e-02 2.659047395e-02
 1.911934651e-02 1.160959341e-02 4.043828230e-03-3.601672594e-03-1.133435871e-02
-1.905456930e-02-2.667290904e-02-3.410967439e-02-4.129436612e-02-4.816508293e-02
-5.466765165e-02-6.075461209e-02-6.638398767e-02-7.151799649e-02-7.612177730e-02
-8.016207814e-02-8.360603452e-02-8.642010391e-02-8.856908232e-02-9.001537412e-02
-9.071841836e-02-9.063445032e-02-8.971659094e-02-8.791530132e-02-8.517934382e-02
-8.145740628e-02-7.670025527e-02-7.086392492e-02-6.391364336e-02-5.582891405e-02
-4.660962150e-02-3.628320247e-02-2.491256595e-02-1.260428876e-02 4.763941979e-04
 1.413751394e-02 2.809102833e-02 4.230559990e-02 5.674740300e-02 7.138095796e-02
 8.616951108e-02 1.010753214e-01 1.160599291e-01 1.310843527e-01 1.461092681e-01
 1.610946953e-01 1.759991646e-01 1.907777935e-01 2.053785324e-01 2.197361290e-01
 2.337624282e-01 2.473328561e-01 2.602695525e-01 2.723276913e-01 2.832025588e-01
 8.452551067e-02 8.310140669e-02 7.727819681e-02 7.002179325e-02 6.268124282e-02
 5.526413769e-02 4.777850956e-02 4.023081809e-02 3.262295574e-02 2.495218068e-02
 1.721206680e-02 9.393988177e-03 1.489272108e-03-6.588256918e-03-1.473944262e-02
-2.286875248e-02-3.088817000e-02-3.871884197e-02-4.629147053e-02-5.354599655e-02
-6.043075770e-02-6.690140069e-02-7.291953266e-02-7.845136523e-02-8.346624672e-02
-8.793525398e-02-9.182988107e-02-9.512079507e-02-9.777678549e-02-9.976376593e-02
-1.010441184e-01-1.015761346e-01-1.013137996e-01-1.002068967e-01-9.820156544e-02
-9.524124861e-02-9.126842022e-02-8.622690290e-02-8.006517589e-02-7.274062932e-02
-6.422494352e-02-5.451051146e-02-4.361800104e-02-3.160439804e-02-1.857128739e-02
-4.670095164e-03 9.887366556e-03 2.469215356e-02 3.972054645e-02 5.494890362e-02
 7.035429776e-02 8.591517061e-02 1.016119570e-01 1.174277663e-01 1.333487928e-01
 1.493646204e-01 1.654677689e-01 1.816524267e-01 1.979110986e-01 2.142283171e-01
 2.305685580e-01 2.468537390e-01 2.629209161e-01 2.784394026e-01 2.927595675e-01
 8.382987976e-02 8.230174333e-02 7.613896579e-02 6.875015795e-02 6.130075455e-02
 5.378101021e-02 4.618588835e-02 3.850964829e-02 3.074536845e-02 2.288457379e-02
 1.491707750e-02 6.830984727e-03-1.387062133e-03-9.788759053e-03-1.826408878e-02
-2.671303973e-02-3.504613042e-02-4.318469018e-02-5.106069893e-02-5.861615390e-02
-6.580207497e-02-7.257728279e-02-7.890696079e-02-8.476116508e-02-9.011329710e-02
-9.493862092e-02-9.921284765e-02-1.029108465e-01-1.060054302e-01-1.084663421e-01
-1.102593169e-01-1.113454700e-01-1.116807684e-01-1.112158597e-01-1.098961979e-01
-1.076626033e-01-1.044523120e-01-1.002007648e-01-9.484402090e-02-8.832227439e-02
-8.058436960e-02-7.159348577e-02-6.133411080e-02-4.982011765e-02-3.710377961e-02
-2.328529395e-02-8.522827178e-03 6.958700716e-03 2.265892923e-02 3.856387734e-02
 5.466219783e-02 7.094623148e-02 8.741314709e-02 1.040662378e-01 1.209163517e-01
 1.379834563e-01 1.552981734e-01 1.729034632e-01 1.908559203e-01 2.092266083e-01
 2.281005085e-01 2.475721985e-01 2.677306533e-01 2.885801196e-01 3.090719581e-01
 8.222958446e-02 8.054041117e-02 7.442711294e-02 6.695222855e-02 5.942565948e-02
 5.183395743e-02 4.416099191e-02 3.639122844e-02 2.851017378e-02 2.050398663e-02
 1.235849969e-02 4.057601094e-03-4.420051817e-03-1.307787001e-02-2.180339023e-02
-3.049576655e-02-3.906584531e-02-4.743615538e-02-5.554050207e-02-6.332327425e-02
-7.073830068e-02-7.774752378e-02-8.431955427e-02-9.042805433e-02-9.605018795e-02
-1.011651009e-01-1.057524532e-01-1.097910479e-01-1.132575944e-01-1.161255985e-01
-1.183643714e-01-1.199382097e-01-1.208057329e-01-1.209194809e-01-1.202256978e-01
-1.186645478e-01-1.161706597e-01-1.126742959e-01-1.081031412e-01-1.023850292e-01
-9.545157105e-02-8.724313974e-02-7.771505415e-02-6.684534252e-02-5.464379489e-02
-4.116237164e-02-2.650627866e-02-1.084502414e-02 5.578026175e-03 2.220080048e-02
 3.902006149e-02 5.603813753e-02 7.326456159e-02 9.071805328e-02 1.084289327e-01
 1.264420748e-01 1.448208094e-01 1.636519432e-01 1.830529869e-01 2.031821460e-01
 2.242540419e-01 2.465656251e-01 2.705468833e-01 2.968750596e-01 3.243399858e-01
 8.008545637e-02 7.823640853e-02 7.206572592e-02 6.456041336e-02 5.703017116e-02
 4.943953827e-02 4.175532237e-02 3.395197168e-02 2.600995079e-02 1.791384444e-02
 9.651360102e-03 1.213618205e-03-7.489212789e-03-1.634993404e-02-2.526406571e-02
-3.413496166e-02-4.287627712e-02-5.141296983e-02-5.968133360e-02-6.762835383e-02
-7.521069050e-02-8.239328861e-02-8.914792538e-02-9.545152634e-02-1.012846678e-01
-1.066299826e-01-1.114706546e-01-1.157890707e-01-1.195655614e-01-1.227771863e-01
-1.253967583e-01-1.273918301e-01-1.287240684e-01-1.293485016e-01-1.292131841e-01
-1.282590628e-01-1.264201254e-01-1.236241460e-01-1.197938249e-01-1.148488298e-01
-1.087087095e-01-1.012970209e-01-9.254671633e-02-8.240723610e-02-7.085312903e-02
-5.789439753e-02-4.358811677e-02-2.805085666e-02-1.147075556e-02 5.882273428e-03
 2.341556549e-02 4.113595188e-02 5.905878544e-02 7.721032202e-02 9.563057125e-02
 1.143768579e-01 1.335285008e-01 1.531934887e-01 1.735177934e-01 1.946988404e-01
 2.170045972e-01 2.407991886e-01 2.665728033e-01 2.949612737e-01 3.253214955e-01
 7.732503116e-02 7.531511784e-02 6.884698570e-02 6.147732586e-02 5.411108583e-02
 4.665137827e-02 3.905223310e-02 3.128819540e-02 2.334251627e-02 1.520219445e-02
 6.855779327e-03-1.707693795e-03-1.054320205e-02-1.953402907e-02-2.857270464e-02
-3.756237030e-02-4.641777277e-02-5.506561697e-02-6.344433874e-02-7.150332630e-02
-7.920181751e-02-8.650747687e-02-9.339487553e-02-9.984384477e-02-1.058379114e-01
-1.113627553e-01-1.164046451e-01-1.209491491e-01-1.249798015e-01-1.284769177e-01
-1.314165741e-01-1.337695420e-01-1.355005503e-01-1.365674436e-01-1.369207203e-01
-1.365030408e-01-1.352492571e-01-1.330865771e-01-1.299353838e-01-1.257106960e-01
-1.203242317e-01-1.136879772e-01-1.057186574e-01-9.634400904e-02-8.551077545e-02
-7.319446653e-02-5.941108614e-02-4.423008859e-02-2.778804302e-02-1.030161791e-02
 7.922043093e-03 2.629189752e-02 4.482142255e-02 6.353498995e-02 8.247083426e-02
 1.016834453e-01 1.212467849e-01 1.412594765e-01 1.618520916e-01 1.831980348e-01
 2.055294812e-01 2.291618139e-01 2.545318007e-01 2.822530270e-01 3.118881583e-01
 7.231499255e-02 6.969338655e-02 6.434936821e-02 5.777365714e-02 5.084528401e-02
 4.365405068e-02 3.622133657e-02 2.855293453e-02 2.064830065e-02 1.250318345e-02
 4.110229667e-03-4.541648552e-03-1.346294209e-02-2.253523096e-02-3.165048733e-02
-4.071232677e-02-4.963669553e-02-5.835199356e-02-6.679864973e-02-7.492822409e-02
-8.270227909e-02-9.009083360e-02-9.707088768e-02-1.036247909e-01-1.097385585e-01
-1.154004633e-01-1.205994114e-01-1.253236830e-01-1.295596063e-01-1.332903951e-01
-1.364950240e-01-1.391472965e-01-1.412148774e-01-1.426585317e-01-1.434314102e-01
-1.434785426e-01-1.427364945e-01-1.411333680e-01-1.385892034e-01-1.350168586e-01
-1.303237379e-01-1.244144440e-01-1.171946824e-01-1.085766032e-01-9.848602116e-02
-8.687154949e-02-7.371583581e-02-5.904860795e-02-4.296123236e-02-2.562151104e-02
-7.287304848e-03 1.168335043e-02 3.073383123e-02 4.987669736e-02 6.914122403e-02
 8.856832981e-02 1.082104445e-01 1.281328797e-01 1.484160870e-01 1.691583246e-01
 1.904788911e-01 2.125234008e-01 2.354765832e-01 2.596192658e-01 2.849487066e-01
 6.870961189e-02 6.584401429e-02 6.062689424e-02 5.439157411e-02 4.776244611e-02
 4.078942537e-02 3.350766003e-02 2.593681403e-02 1.808639802e-02 9.959621355e-03
 1.555548748e-03-7.165676914e-03-1.614524424e-02-2.526728064e-02-3.442579508e-02
-4.352626950e-02-5.248654634e-02-6.123695523e-02-6.971994042e-02-7.788909227e-02
-8.570800722e-02-9.314879775e-02-1.001905203e-01-1.068175733e-01-1.130181178e-01
-1.187825128e-01-1.241018996e-01-1.289668232e-01-1.333659738e-01-1.372850090e-01
-1.407055110e-01-1.436039209e-01-1.459506750e-01-1.477093101e-01-1.488356888e-01
-1.492773890e-01-1.489732713e-01-1.478531659e-01-1.458379924e-01-1.428404152e-01
-1.387659311e-01-1.335151196e-01-1.269867122e-01-1.190823391e-01-1.097128987e-01
-9.880688787e-02-8.632098138e-02-7.225278020e-02-5.665541813e-02-3.965346888e-02
-2.145890892e-02-2.385929227e-03 1.713638380e-02 3.660155833e-02 5.604826659e-02
 7.550515980e-02 9.499825537e-02 1.145523861e-01 1.341891438e-01 1.539214551e-01
 1.737425625e-01 1.936038136e-01 2.133680880e-01 2.327069938e-01 2.509309053e-01
 6.629028171e-02 6.331354380e-02 5.795311555e-02 5.174066126e-02 4.518875480e-02
 3.830616176e-02 3.110517561e-02 2.359567955e-02 1.578416675e-02 7.674245164e-03
-7.321562734e-04-9.501203895e-03-1.851560175e-02-2.766325325e-02-3.684089705e-02
-4.595629126e-02-5.492933840e-02-6.369231641e-02-7.218952477e-02-8.037640899e-02
-8.821832389e-02-9.568911046e-02-1.027695388e-01-1.094456986e-01-1.157074422e-01
-1.215468645e-01-1.269568801e-01-1.319298744e-01-1.364564896e-01-1.405244321e-01
-1.441174746e-01-1.472143233e-01-1.497878730e-01-1.518041492e-01-1.532215774e-01
-1.539903432e-01-1.540516615e-01-1.533375382e-01-1.517706215e-01-1.492644101e-01
-1.457242966e-01-1.410490572e-01-1.351336390e-01-1.278731078e-01-1.191682965e-01
-1.089334339e-01-9.710589051e-02-8.365823328e-02-6.861224771e-02-5.205430090e-02
-3.415034339e-02-1.515789051e-02 4.570292309e-03 2.420915291e-02 4.372607172e-02
 6.311034411e-02 8.235579729e-02 1.014521867e-01 1.203784943e-01 1.390948594e-01
 1.575312614e-01 1.755716503e-01 1.930332184e-01 2.096478343e-01 2.250648588e-01
 6.426882744e-02 6.118673086e-02 5.587949604e-02 4.965638742e-02 4.311763123e-02
 3.626438230e-02 2.909717709e-02 2.161679044e-02 1.382337790e-02 5.715986714e-03
-2.707716543e-03-1.149219647e-02-2.051724494e-02-2.967054024e-02-3.884974122e-02
-4.796398804e-02-5.693472922e-02-6.569583714e-02-7.419316471e-02-8.238366991e-02
-9.023416042e-02-9.771984816e-02-1.048228592e-01-1.115306169e-01-1.178342998e-01
-1.237273216e-01-1.292039901e-01-1.342581511e-01-1.388819516e-01-1.430647969e-01
-1.467921734e-01-1.500447392e-01-1.527974010e-01-1.550183296e-01-1.566682458e-01
-1.576996446e-01-1.580561101e-01-1.576718390e-01-1.564714313e-01-1.543699652e-01
-1.512736380e-01-1.470809877e-01-1.416853368e-01-1.349780858e-01-1.268538982e-01
-1.172176227e-01-1.059934497e-01-9.313644469e-02-7.864647359e-02-6.258408725e-02
-4.508794099e-02-2.639261633e-02-6.846851204e-03 1.306551229e-02 3.267339617e-02
 5.198842287e-02 7.100189477e-02 8.969111741e-02 1.080187932e-01 1.259294152e-01
 1.433441937e-01 1.601556987e-01 1.762244403e-01 1.913804859e-01 2.054340392e-01
 6.279601157e-02 5.964978784e-02 5.427655578e-02 4.803378135e-02 4.149647057e-02
 3.465672582e-02 2.750793472e-02 2.004471421e-02 1.226227917e-02 4.155771341e-03
-4.280177876e-03-1.306970604e-02-2.209416404e-02-3.124248050e-02-4.041357338e-02
-4.951791465e-02-5.847827718e-02-6.722985208e-02-7.571972907e-02-8.390605450e-02
-9.175671637e-02-9.924800694e-02-1.063630283e-01-1.130901873e-01-1.194216162e-01
-1.253517270e-01-1.308758557e-01-1.359888911e-01-1.406841576e-01-1.449522972e-01
-1.487801820e-01-1.521499306e-01-1.550380588e-01-1.574144810e-01-1.592418253e-01
-1.604745090e-01-1.610581279e-01-1.609289348e-01-1.600134224e-01-1.582283378e-01
-1.554811597e-01-1.516710967e-01-1.466910392e-01-1.404307485e-01-1.327814460e-01
-1.236422062e-01-1.129286364e-01-1.005838215e-01-8.659170568e-02-7.099257410e-02
-5.389953405e-02-3.551440686e-02-1.613932475e-02 3.822152037e-03 2.345540188e-02
 4.270727932e-02 6.154325604e-02 7.992955297e-02 9.782493860e-02 1.151763052e-01
 1.319161952e-01 1.479618102e-01 1.632161587e-01 1.775720119e-01 1.909191906e-01
 6.168153137e-02 5.848909914e-02 5.304293334e-02 4.680231214e-02 4.028432071e-02
 3.346963972e-02 2.634599619e-02 1.890471205e-02 1.113872044e-02 3.040702548e-03
-5.399116315e-03-1.418709941e-02-2.320525050e-02-3.234368563e-02-4.150261730e-02
-5.059373379e-02-5.954093859e-02-6.828043610e-02-7.676026225e-02-8.493936062e-02
-9.278640151e-02-1.002783775e-01-1.073990539e-01-1.141374558e-01-1.204863638e-01
-1.264408231e-01-1.319968402e-01-1.371500492e-01-1.418945491e-01-1.462218463e-01
-1.501197517e-01-1.535714567e-01-1.565546542e-01-1.590405405e-01-1.609930694e-01
-1.623682231e-01-1.631131470e-01-1.631656587e-01-1.624538749e-01-1.608960330e-01
-1.584008634e-01-1.548684537e-01-1.501920521e-01-1.442608535e-01-1.369644403e-01
-1.281986833e-01-1.178741455e-01-1.059265435e-01-9.232994914e-02-7.711219043e-02
-6.037199870e-02-4.229684919e-02-2.318002470e-02-3.435919527e-03 1.638494059e-02
 3.566842154e-02 5.441790819e-02 7.261782885e-02 9.023862332e-02 1.072388068e-01
 1.235662624e-01 1.391597390e-01 1.539513171e-01 1.678699553e-01 1.808463037e-01
 6.066433340e-02 5.740392953e-02 5.207408965e-02 4.591615498e-02 3.946904838e-02
 3.270862997e-02 2.562657930e-02 1.821888424e-02 1.048252173e-02 2.415161580e-03
-6.030702032e-03-1.481494587e-02-2.382396907e-02-3.295042366e-02-4.209612682e-02
-5.117389560e-02-6.010847166e-02-6.883670390e-02-7.730716467e-02-8.547925949e-02
-9.332202375e-02-1.008128002e-01-1.079356670e-01-1.146799624e-01-1.210387647e-01
-1.270074546e-01-1.325823665e-01-1.377595216e-01-1.425334662e-01-1.468961835e-01
-1.508360207e-01-1.543368250e-01-1.573769450e-01-1.599284410e-01-1.619560719e-01
-1.634167731e-01-1.642586887e-01-1.644207239e-01-1.638320088e-01-1.624118984e-01
-1.600700319e-01-1.567072868e-01-1.522173733e-01-1.464895308e-01-1.394127011e-01
-1.308813095e-01-1.208032891e-01-1.091103777e-01-9.577095509e-02-8.080515265e-02
-6.430169940e-02-4.643518478e-02-2.748160064e-02-7.829171605e-03 1.202041563e-02
 3.129132092e-02 4.997795448e-02 6.806482375e-02 8.552657813e-02 1.023288146e-01
 1.184293330e-01 1.337799281e-01 1.483288109e-01 1.620235741e-01 1.748146713e-01
 5.979461223e-02 5.637428910e-02 5.137684196e-02 4.546785355e-02 3.912292048e-02
 3.242065758e-02 2.537892386e-02 1.800251380e-02 1.029188558e-02 2.246156335e-03
-6.180515978e-03-1.494661719e-02-2.393866144e-02-3.304949403e-02-4.218112305e-02
-5.124650151e-02-6.017047912e-02-6.888996065e-02-7.735352963e-02-8.552058786e-02
-9.336017072e-02-1.008495465e-01-1.079727858e-01-1.147191972e-01-1.210818440e-01
-1.270560920e-01-1.326383352e-01-1.378246397e-01-1.426096261e-01-1.469853818e-01
-1.509404480e-01-1.544588357e-01-1.575191319e-01-1.600936502e-01-1.621475071e-01
-1.636379361e-01-1.645135134e-01-1.647135615e-01-1.641676724e-01-1.627956480e-01
-1.605075896e-01-1.572047770e-01-1.527812779e-01-1.471265703e-01-1.401295811e-01
-1.316844970e-01-1.216985881e-01-1.101024747e-01-9.686270356e-02-8.199678361e-02
-6.558977067e-02-4.781117663e-02-2.893019281e-02-9.326118976e-03 1.050954033e-02
 2.975424752e-02 4.840010405e-02 6.643129885e-02 8.382368088e-02 1.005452499e-01
 1.165572405e-01 1.318158805e-01 1.462747157e-01 1.598871946e-01 1.726099402e-01
 6.033312902e-02 5.705593526e-02 5.178727210e-02 4.572344571e-02 3.935274109e-02
 3.265758604e-02 2.563281730e-02 1.827561483e-02 1.058244891e-02 2.547944896e-03
-5.836619064e-03-1.457142830e-02-2.353946120e-02-3.263166174e-02-4.174889997e-02
-5.080334470e-02-5.971922725e-02-6.843291968e-02-7.689251751e-02-8.505694568e-02
-9.289482236e-02-1.003830135e-01-1.075051874e-01-1.142503023e-01-1.206110865e-01
-1.265826076e-01-1.321609616e-01-1.373419315e-01-1.421198845e-01-1.464866698e-01
-1.504305899e-01-1.539353728e-01-1.569794118e-01-1.595347226e-01-1.615662128e-01
-1.630308628e-01-1.638770401e-01-1.640437841e-01-1.634605527e-01-1.620469391e-01
-1.597129703e-01-1.563599110e-01-1.518819630e-01-1.461689025e-01-1.391101778e-01
-1.306007802e-01-1.205492020e-01-1.088876501e-01-9.558483958e-02-8.066104352e-02
-6.420481205e-02-4.639017209e-02-2.749205567e-02-7.897057571e-03 1.189537719e-02
 3.110807389e-02 4.973603785e-02 6.776435673e-02 8.516826481e-02 1.019139513e-01
 1.179598346e-01 1.332583725e-01 1.477584243e-01 1.614082456e-01 1.741589606e-01
 6.103347614e-02 5.780757964e-02 5.255954340e-02 4.647693038e-02 4.009391740e-02
 3.340000659e-02 2.638661116e-02 1.904768124e-02 1.137817465e-02 3.372997511e-03
-4.973501898e-03-1.367641706e-02-2.261910960e-02-3.169203550e-02-4.079526290e-02
-4.984007031e-02-5.874975771e-02-6.745979935e-02-7.591740787e-02-8.408066630e-02
-9.191736579e-02-9.940361977e-02-1.065223888e-01-1.132619306e-01-1.196143180e-01
-1.255740225e-01-1.311364770e-01-1.362968981e-01-1.410490274e-01-1.453841031e-01
-1.492897570e-01-1.527490914e-01-1.557397246e-01-1.582329720e-01-1.601929367e-01
-1.615757793e-01-1.623289883e-01-1.623908281e-01-1.616899073e-01-1.601451039e-01
-1.576658487e-01-1.541531235e-01-1.495011151e-01-1.436000764e-01-1.363406926e-01
-1.276199967e-01-1.173496097e-01-1.054662168e-01-9.194454551e-02-7.681264728e-02
-6.016885489e-02-4.219943285e-02-2.319546975e-02-3.568117041e-03 1.613628119e-02
 3.530122712e-02 5.393134058e-02 7.201215625e-02 8.951521665e-02 1.064001918e-01
 1.226161718e-01 1.381032616e-01 1.527949274e-01 1.666215658e-01 1.795153022e-01
 6.217098236e-02 5.902071297e-02 5.371539295e-02 4.765672237e-02 4.129277170e-02
 3.461522236e-02 2.761972323e-02 2.030298114e-02 1.266203634e-02 4.693553783e-03
-3.606727812e-03-1.227241009e-02-2.118593082e-02-3.023684956e-02-3.932425007e-02
-4.835831374e-02-5.726119131e-02-6.596714258e-02-7.442217320e-02-8.258318156e-02
-9.041680396e-02-9.789805114e-02-1.050088182e-01-1.117363498e-01-1.180717498e-01
-1.240085140e-01-1.295411587e-01-1.346639246e-01-1.393696070e-01-1.436484158e-01
-1.474869549e-01-1.508672237e-01-1.537656635e-01-1.561523378e-01-1.579900980e-01
-1.592337042e-01-1.598292887e-01-1.597137451e-01-1.588144153e-01-1.570490301e-01
-1.543261856e-01-1.505464315e-01-1.456041932e-01-1.393908560e-01-1.317993402e-01
-1.227304637e-01-1.121015027e-01-9.985691309e-02-8.598159254e-02-7.051603496e-02
-5.357256532e-02-3.535090759e-02-1.614947617e-02 3.633738961e-03 2.308571711e-02
 4.215438291e-02 6.080640107e-02 7.900926471e-02 9.672311693e-02 1.138964072e-01
 1.304634511e-01 1.463435292e-01 1.614419520e-01 1.756539941e-01 1.888720989e-01
 6.352999806e-02 6.045554578e-02 5.530668795e-02 4.929384589e-02 4.295677319e-02
 3.629727662e-02 2.931772172e-02 2.202063426e-02 1.440767199e-02 6.479105912e-03
-1.766492962e-03-1.038671099e-02-1.926312596e-02-2.828471549e-02-3.734972328e-02
-4.636720940e-02-5.525798351e-02-6.395485997e-02-7.240232825e-02-8.055578172e-02
-8.838038146e-02-9.584966302e-02-1.029441506e-01-1.096497327e-01-1.159561574e-01
-1.218556315e-01-1.273413897e-01-1.324063390e-01-1.370419562e-01-1.412370503e-01
-1.449767500e-01-1.482415497e-01-1.510062963e-01-1.532393545e-01-1.549018025e-01
-1.559466422e-01-1.563181877e-01-1.559516191e-01-1.547726989e-01-1.526979208e-01
-1.496350765e-01-1.454846859e-01-1.401420832e-01-1.335010082e-01-1.254584789e-01
-1.159217209e-01-1.048171446e-01-9.210161865e-02-7.777610421e-02-6.190124154e-02
-4.461432248e-02-2.614675462e-02-6.841913797e-03 1.282412466e-02 3.218214214e-02
 5.124515295e-02 7.000572979e-02 8.844249696e-02 1.065195948e-01 1.241832525e-01
 1.413568258e-01 1.579357088e-01 1.737838089e-01 1.887353510e-01 2.026051581e-01
 6.546784937e-02 6.250379980e-02 5.742684752e-02 5.144837499e-02 4.511862248e-02
 3.845312446e-02 3.146680817e-02 2.417133190e-02 1.657434553e-02 8.680449799e-03
 4.931940930e-04-8.067603223e-03-1.689103618e-02-2.586800978e-02-3.489649668e-02
-4.388438910e-02-5.275093019e-02-6.142719090e-02-6.985585392e-02-7.799047232e-02
-8.579435945e-02-9.323930740e-02-1.003040373e-01-1.069727242e-01-1.132334471e-01
-1.190767288e-01-1.244940907e-01-1.294768006e-01-1.340145618e-01-1.380944103e-01
-1.416996121e-01-1.448087394e-01-1.473945975e-01-1.494235098e-01-1.508544087e-01
-1.516381800e-01-1.517171264e-01-1.510245055e-01-1.494846046e-01-1.470128447e-01
-1.435168386e-01-1.388979256e-01-1.330538392e-01-1.258826554e-01-1.172883362e-01
-1.071881354e-01-9.552213550e-02-8.226501942e-02-6.743966043e-02-5.113204569e-02
-3.350583464e-02-1.481385902e-02 4.598453175e-03 2.391703054e-02 4.311065376e-02
 6.216969341e-02 8.108891547e-02 9.985898435e-02 1.184599251e-01 1.368532181e-01
 1.549708247e-01 1.726996601e-01 1.898615062e-01 2.061947286e-01 2.213572264e-01
 6.813551486e-02 6.533065438e-02 6.022366136e-02 5.422249436e-02 4.782152921e-02
 4.107843339e-02 3.403180838e-02 2.670149878e-02 1.909602061e-02 1.121659577e-02
 3.058339469e-03-5.391346291e-03-1.412706263e-02-2.303200960e-02-3.200004995e-02
-4.093636572e-02-4.975795001e-02-5.839375407e-02-6.678433716e-02-7.488111407e-02
-8.264525980e-02-9.004640579e-02-9.706116468e-02-1.036716029e-01-1.098637134e-01
-1.156259328e-01-1.209477335e-01-1.258182377e-01-1.302250177e-01-1.341529191e-01
-1.375829577e-01-1.404913664e-01-1.428486407e-01-1.446186304e-01-1.457579732e-01
-1.462152749e-01-1.459307373e-01-1.448359936e-01-1.428541243e-01-1.399003267e-01
-1.358831078e-01-1.307063103e-01-1.242723316e-01-1.164866909e-01-1.072641313e-01
-9.653683007e-02-8.426462114e-02-7.044725120e-02-5.513856560e-02-3.846175969e-02
-2.062482759e-02-1.934793661e-03 1.718990691e-02 3.625593334e-02 5.530217290e-02
 7.435749471e-02 9.344806522e-02 1.125987321e-01 1.318310499e-01 1.511580050e-01
 1.705731452e-01 1.900291741e-01 2.093922347e-01 2.283419073e-01 2.462053299e-01
 7.196341455e-02 6.955662370e-02 6.422537565e-02 5.776175484e-02 5.103956535e-02
 4.408628121e-02 3.691063821e-02 2.951326221e-02 2.189091593e-02 1.403795648e-02
 5.946894176e-03-2.391246147e-03-1.102051139e-02-1.982674748e-02-2.870461531e-02
-3.755885363e-02-4.630523920e-02-5.487097800e-02-6.319456547e-02-7.122512162e-02
-7.892145216e-02-8.625070751e-02-9.318699688e-02-9.970990568e-02-1.058029234e-01
-1.114519760e-01-1.166440099e-01-1.213656366e-01-1.256018579e-01-1.293349117e-01
-1.325432062e-01-1.352002919e-01-1.372740269e-01-1.387257278e-01-1.395095289e-01
-1.395718455e-01-1.388511658e-01-1.372779310e-01-1.347750276e-01-1.312586963e-01
-1.266401708e-01-1.208284050e-01-1.137336791e-01-1.052729636e-01-9.537677467e-02
-8.399800211e-02-7.112260908e-02-5.678220093e-02-4.106784612e-02-2.414423786e-02
-6.262650713e-03 1.222946681e-02 3.080114536e-02 4.946540296e-02 6.825160980e-02
 8.720050752e-02 1.063639224e-01 1.258061826e-01 1.456062496e-01 1.658602357e-01
 1.866846979e-01 2.082215846e-01 2.306508720e-01 2.542460561e-01 2.790039182e-01
 7.638747245e-02 7.451312989e-02 6.860858202e-02 6.148558110e-02 5.437424406e-02
 4.718998820e-02 3.988490254e-02 3.243099153e-02 2.480959147e-02 1.700662076e-02
 9.010836482e-03 8.140204009e-04-7.667819969e-03-1.633101329e-02-2.507395670e-02
-3.380210698e-02-4.243044183e-02-5.088453740e-02-5.910073593e-02-6.702571362e-02
-7.461558282e-02-8.183470368e-02-8.865435421e-02-9.505116940e-02-1.010057107e-01
-1.065009832e-01-1.115209460e-01-1.160492599e-01-1.200679392e-01-1.235562488e-01
-1.264896244e-01-1.288387477e-01-1.305686235e-01-1.316379607e-01-1.319986284e-01
-1.315952390e-01-1.303651333e-01-1.282386780e-01-1.251400113e-01-1.209884584e-01
-1.157007813e-01-1.091943756e-01-1.013917699e-01-9.222656488e-02-8.165101707e-02
-6.964538991e-02-5.622884631e-02-4.147173464e-02-2.550848573e-02-8.549805731e-03
 9.107565507e-03 2.691321447e-02 4.488132149e-02 6.303658336e-02 8.141720295e-02
 1.000771075e-01 1.190892234e-01 1.385503709e-01 1.585884690e-01 1.793729961e-01
 2.011305392e-01 2.241686285e-01 2.489127815e-01 2.759606540e-01 3.048847914e-01
 7.939177752e-02 7.775288820e-02 7.174266875e-02 6.452933699e-02 5.731131136e-02
 5.004678667e-02 4.270395264e-02 3.525704145e-02 2.768533491e-02 1.997131854e-02
 1.209885720e-02 4.051089287e-03-4.193115514e-03-1.264159940e-02-2.118612640e-02
-2.972890809e-02-3.818259388e-02-4.647047445e-02-5.452641472e-02-6.229435652e-02
-6.972745806e-02-7.678698003e-02-8.344094455e-02-8.966271579e-02-9.542949498e-02
-1.007208824e-01-1.055174768e-01-1.097995266e-01-1.135457158e-01-1.167320013e-01
-1.193306297e-01-1.213091910e-01-1.226299405e-01-1.232491657e-01-1.231168509e-01
-1.221765652e-01-1.203656569e-01-1.176159903e-01-1.138551384e-01-1.090083942e-01
-1.030015796e-01-9.576503932e-02-8.723883331e-02-7.737939060e-02-6.616766751e-02
-5.361858010e-02-3.979172558e-02-2.480254322e-02-8.833741769e-03 7.855130360e-03
 2.472985908e-02 4.179819673e-02 5.907613039e-02 7.659019530e-02 9.438034147e-02
 1.125033796e-01 1.310375482e-01 1.500889808e-01 1.698007733e-01 1.903660595e-01
 2.120465338e-01 2.351973206e-01 2.602959871e-01 2.879613936e-01 3.175644577e-01
 8.120952547e-02 7.971101999e-02 7.400262356e-02 6.687324494e-02 5.970381945e-02
 5.248623341e-02 4.520444572e-02 3.784264624e-02 3.038594872e-02 2.282027528e-02
 1.513202675e-02 7.308005355e-03-6.637558108e-04-8.839583024e-03-1.711999252e-02
-2.540970221e-02-3.362121433e-02-4.167639837e-02-4.950693250e-02-5.705408007e-02
-6.426796317e-02-7.110654563e-02-7.753433287e-02-8.352106810e-02-8.904021978e-02
-9.406765550e-02-9.858019650e-02-1.025543809e-01-1.059652120e-01-1.087851524e-01
-1.109831184e-01-1.125237271e-01-1.133666486e-01-1.134662777e-01-1.127715260e-01
-1.112260818e-01-1.087689996e-01-1.053358614e-01-1.008605808e-01-9.527800977e-02
-8.852751553e-02-8.055765927e-02-7.133215666e-02-6.083714962e-02-4.908961058e-02
-3.614680842e-02-2.211557701e-02-7.159918081e-03 8.487875573e-03 2.434572950e-02
 4.041140527e-02 5.668795854e-02 7.318547368e-02 8.992303908e-02 1.069311649e-01
 1.242546588e-01 1.419563442e-01 1.601220369e-01 1.788673550e-01 1.983477026e-01
 2.187732905e-01 2.404344678e-01 2.637508512e-01 2.893816233e-01 3.161424994e-01
 8.258262277e-02 8.125371486e-02 7.560844719e-02 6.860022247e-02 6.155152619e-02
 5.445443839e-02 4.730211571e-02 4.008758068e-02 3.280311078e-02 2.543975040e-02
 1.798700541e-02 1.043252088e-02 2.761471318e-03-5.045244936e-03-1.297614165e-02
-2.093140408e-02-2.882115915e-02-3.656529635e-02-4.409330338e-02-5.134385079e-02
-5.826406926e-02-6.480854750e-02-7.093819231e-02-7.661887258e-02-8.182013035e-02
-8.651378751e-02-9.067265689e-02-9.426932037e-02-9.727500379e-02-9.965857863e-02
-1.013857946e-01-1.024185568e-01-1.027145386e-01-1.022270620e-01-1.009052694e-01
-9.869464487e-02-9.553821385e-02-9.137816727e-02-8.615832031e-02-7.982742786e-02
-7.234343886e-02-6.367890537e-02-5.382742733e-02-4.281134158e-02-3.069037944e-02
-1.757193916e-02-3.621546552e-03 1.095676795e-02 2.577076294e-02 4.080732539e-02
 5.605531484e-02 7.150725275e-02 8.716068417e-02 1.030194908e-01 1.190952510e-01
 1.354086399e-01 1.519910097e-01 1.688857079e-01 1.861495972e-01 2.038535476e-01
 2.220821679e-01 2.409297228e-01 2.604860663e-01 2.807622552e-01 3.007390499e-01
 8.331684023e-02 8.213931322e-02 7.659778744e-02 6.975520402e-02 6.286886334e-02
 5.593016744e-02 4.894386977e-02 4.191485047e-02 3.484432772e-02 2.772937156e-02
 2.056343108e-02 1.333710551e-02 6.038868800e-03-1.343970303e-03-8.851423860e-03
-1.638989896e-02-2.387192473e-02-3.121776134e-02-3.835597262e-02-4.522338510e-02
-5.176454782e-02-5.793095008e-02-6.367993355e-02-6.897354126e-02-7.377727330e-02
-7.805885375e-02-8.178701997e-02-8.493036777e-02-8.745643497e-02-8.933076262e-02
-9.051631391e-02-9.097293019e-02-9.065727890e-02-8.952292800e-02-8.752095699e-02
-8.460098505e-02-8.071278781e-02-7.580865920e-02-6.984645873e-02-6.279361993e-02
-5.463202298e-02-4.536382109e-02-3.501787782e-02-2.365700528e-02-1.138247084e-02
 1.652794541e-03 1.513109170e-02 2.890289016e-02 4.293222725e-02 5.718926340e-02
 7.164809108e-02 8.628609776e-02 1.010839045e-01 1.160256416e-01 1.310991347e-01
 1.462959498e-01 1.616108716e-01 1.770403534e-01 1.925793290e-01 2.082148194e-01
 2.239140868e-01 2.396026701e-01 2.551230788e-01 2.701529264e-01 2.840523124e-01
 8.318848908e-02 8.207391948e-02 7.696740329e-02 7.040980458e-02 6.369517744e-02
 5.689892918e-02 5.007161200e-02 4.323735833e-02 3.640497476e-02 2.957432345e-02
 2.273973823e-02 1.589199714e-02 9.019552730e-03 2.109359950e-03-4.879388027e-03
-1.190649159e-02-1.888542250e-02-2.573695779e-02-3.238935024e-02-3.877820075e-02
-4.484604299e-02-5.054163933e-02-5.581910163e-02-6.063685566e-02-6.495654583e-02
-6.874196231e-02-7.195795327e-02-7.456947863e-02-7.654075325e-02-7.783461362e-02
-7.841202617e-02-7.823192328e-02-7.725135982e-02-7.542601973e-02-7.271119952e-02
-6.906341016e-02-6.444254518e-02-5.881482363e-02-5.215655267e-02-4.445869476e-02
-3.573226184e-02-2.601472102e-02-1.537503209e-02-3.930289764e-03 8.196273819e-03
 2.066374198e-02 3.346574306e-02 4.656330496e-02 5.991717428e-02 7.348866761e-02
 8.723966777e-02 1.011326313e-01 1.151305139e-01 1.291967928e-01 1.432953477e-01
 1.573900878e-01 1.714437902e-01 1.854159981e-01 1.992592365e-01 2.129126638e-01
 2.262925506e-01 2.392786443e-01 2.516974211e-01 2.633084357e-01 2.738107145e-01
 8.391973376e-02 8.335991204e-02 7.786207646e-02 7.092683017e-02 6.407675892e-02
 5.728337169e-02 5.056156963e-02 4.391574115e-02 3.734257072e-02 3.083391860e-02
 2.437859774e-02 1.796350628e-02 1.157427952e-02 5.195500329e-03-1.189568662e-03
-7.611954119e-03-1.399005111e-02-2.024731785e-02-2.631310187e-02-3.212283924e-02
-3.761785850e-02-4.274489731e-02-4.745539278e-02-5.170465633e-02-5.545098707e-02
-5.865473300e-02-6.127744541e-02-6.328111142e-02-6.462751329e-02-6.527781487e-02
-6.519235671e-02-6.433078647e-02-6.265252829e-02-6.011773646e-02-5.668874830e-02
-5.233208090e-02-4.702124745e-02-4.074024409e-02-3.348775953e-02-2.528226376e-02
-1.616631076e-02-6.220782176e-03 4.479120951e-03 1.559363492e-02 2.714142948e-02
 3.907170892e-02 5.134232342e-02 6.390974671e-02 7.672853768e-02 8.975106478e-02
 1.029273123e-01 1.162048429e-01 1.295288503e-01 1.428423822e-01 1.560865939e-01
 1.692009419e-01 1.821230650e-01 1.947880238e-01 2.071265280e-01 2.190621793e-01
 2.305075079e-01 2.413597107e-01 2.514977455e-01 2.607837319e-01 2.690717578e-01
 8.389168978e-02 8.375631273e-02 7.805423439e-02 7.063797861e-02 6.356026977e-02
 5.674482137e-02 5.014383048e-02 4.372533411e-02 3.746419400e-02 3.133830056e-02
 2.532725222e-02 1.941197366e-02 1.357461326e-02 7.798553444e-03 2.068523085e-03
-3.652106272e-03-9.330760688e-03-1.489364915e-02-2.027200162e-02-2.540203743e-02
-3.022480756e-02-3.468589857e-02-3.873492405e-02-4.232492298e-02-4.541168362e-02
-4.795304686e-02-4.990828782e-02-5.123759061e-02-5.190169066e-02-5.186172202e-02
-5.107929558e-02-4.951697960e-02-4.713913053e-02-4.391326010e-02-3.981184214e-02
-3.481464088e-02-2.891208604e-02-2.210920304e-02-1.442949846e-02-5.925547797e-03
 3.356916830e-03 1.311878674e-02 2.338657156e-02 3.411735222e-02 4.527791962e-02
 5.682947487e-02 6.872989237e-02 8.093313128e-02 9.338851273e-02 1.060401127e-01
 1.188262701e-01 1.316793561e-01 1.445259005e-01 1.572873443e-01 1.698811352e-01
 1.822224259e-01 1.942259967e-01 2.058079988e-01 2.168874145e-01 2.273865938e-01
 2.372312993e-01 2.463499904e-01 2.546738088e-01 2.621377110e-01 2.686836720e-01
 8.146713674e-02 8.142885566e-02 7.585096359e-02 6.847256422e-02 6.147046387e-02
 5.481921881e-02 4.847647995e-02 4.240139574e-02 3.655685112e-02 3.091001138e-02
 2.543228306e-02 2.009899914e-02 1.488904003e-02 9.784400463e-03 4.769753199e-03
-1.680151909e-04-5.058246665e-03-9.834293276e-03-1.443146914e-02-1.878818497e-02
-2.284639701e-02-2.655166388e-02-2.985291556e-02-3.270211816e-02-3.505381197e-02
-3.686469421e-02-3.809326887e-02-3.869963437e-02-3.864542767e-02-3.789399564e-02
-3.641075268e-02-3.416384012e-02-3.112547845e-02-2.727392316e-02-2.259545028e-02
-1.708540693e-02-1.075336710e-02-3.629460000e-03 4.256756511e-03 1.267438568e-02
 2.165033482e-02 3.115156479e-02 4.115526378e-02 5.163361877e-02 6.255593896e-02
 7.388730347e-02 8.558773994e-02 9.761109948e-02 1.099037081e-01 1.224031299e-01
 1.350368261e-01 1.477213502e-01 1.603622139e-01 1.728547812e-01 1.850866377e-01
 1.969414949e-01 2.083044052e-01 2.190675884e-01 2.291361094e-01 2.384322584e-01
 2.468979955e-01 2.544953227e-01 2.612048388e-01 2.670231760e-01 2.719600201e-01
 7.710236311e-02 7.715193182e-02 7.139237225e-02 6.417763233e-02 5.745920539e-02
 5.117928237e-02 4.528507218e-02 3.972285986e-02 3.444352001e-02 2.940483578e-02
 2.457187325e-02 1.991643757e-02 1.541618258e-02 1.105367579e-02 6.815531757e-03
 2.691576723e-03-1.326098223e-03-5.234147422e-03-8.970174938e-03-1.247472409e-02
-1.569136605e-02-1.856675744e-02-2.105056122e-02-2.309523150e-02-2.465576306e-02
-2.568950877e-02-2.615611814e-02-2.601770312e-02-2.523925528e-02-2.378928661e-02
-2.164039388e-02-1.876876131e-02-1.515672542e-02-1.079695299e-02-5.698442925e-03
 1.321656746e-04 6.673261989e-03 1.378014870e-02 2.147375420e-02 2.973063663e-02
 3.853717446e-02 4.787652940e-02 5.773075670e-02 6.807948649e-02 7.889910042e-02
 9.016156942e-02 1.018328667e-01 1.138711870e-01 1.262246370e-01 1.388285458e-01
 1.516026706e-01 1.644484997e-01 1.772472560e-01 1.898598969e-01 2.021299154e-01
 2.138902694e-01 2.249743640e-01 2.352298498e-01 2.445321381e-01 2.527951598e-01
 2.599771321e-01 2.660805881e-01 2.711468041e-01 2.752459049e-01 2.784644961e-01
 6.975807995e-02 6.965626776e-02 6.428074092e-02 5.744041130e-02 5.124031752e-02
 4.558914155e-02 4.038962722e-02 3.555837274e-02 3.102917597e-02 2.675158530e-02
 2.268806100e-02 1.881119795e-02 1.510151755e-02 1.154580433e-02 8.135972545e-03
 4.868424498e-03 1.743938308e-03-1.244389219e-03-4.065518733e-03-6.664001849e-03
-8.986511268e-03-1.098253392e-02-1.260439306e-02-1.380722225e-02-1.454867795e-02
-1.478889212e-02-1.449069474e-02-1.362018753e-02-1.214790996e-02-1.005108748e-02
-7.318133488e-03-3.932396881e-03 1.187488087e-04 4.838549532e-03 1.011809334e-02
 1.598850824e-02 2.245271206e-02 2.949261852e-02 3.709997982e-02 4.526600242e-02
 5.398279428e-02 6.324233115e-02 7.303592563e-02 8.335351944e-02 9.418267757e-02
 1.055072397e-01 1.173055619e-01 1.295479536e-01 1.421934366e-01 1.551851630e-01
 1.684450209e-01 1.818666905e-01 1.953086257e-01 2.085880190e-01 2.214797437e-01
 2.337249219e-01 2.450531721e-01 2.552157640e-01 2.640195489e-01 2.713508606e-01
 2.771862745e-01 2.815912366e-01 2.847073674e-01 2.867269516e-01 2.878592312e-01
 5.926480517e-02 5.887611210e-02 5.381242186e-02 4.772131890e-02 4.250208288e-02
 3.790369630e-02 3.374751285e-02 2.992003411e-02 2.634979598e-02 2.299149334e-02
 1.981643587e-02 1.680689305e-02 1.395272650e-02 1.124937460e-02 8.696683683e-03
 6.298336200e-03 4.061668646e-03 1.997789834e-03 1.149656964e-04-1.555013470e-03
-2.961879596e-03-4.060132429e-03-4.807088524e-03-5.163991358e-03-5.093988031e-03
-4.562413320e-03-3.537067678e-03-1.988554141e-03 1.094521431e-04 2.780421637e-03
 5.955862347e-03 9.669415653e-03 1.393813267e-02 1.876595244e-02 2.414303645e-02
 3.006974794e-02 3.654675931e-02 4.357296973e-02 5.114814267e-02 5.927290022e-02
 6.794884801e-02 7.717851549e-02 8.696508408e-02 9.731204808e-02 1.082225591e-01
 1.196984798e-01 1.317387968e-01 1.443372369e-01 1.574785858e-01 1.711331159e-01
 1.852482855e-01 1.997363865e-01 2.144570798e-01 2.291938365e-01 2.436279058e-01
 2.573264539e-01 2.697808743e-01 2.805104852e-01 2.891687155e-01 2.955850959e-01
 2.997636795e-01 3.018781543e-01 3.022650480e-01 3.013783693e-01 2.996820807e-01
 4.375464842e-02 4.245089740e-02 3.835765272e-02 3.443226963e-02 3.121919930e-02
 2.832477540e-02 2.562452294e-02 2.306775004e-02 2.063293010e-02 1.831223816e-02
 1.610508561e-02 1.401507296e-02 1.204850525e-02 1.021366753e-02 8.520558476e-03
 6.980912294e-03 5.608419422e-03 4.419130273e-03 3.432038706e-03 2.671913011e-03
 2.168355044e-03 1.951959217e-03 2.061307896e-03 2.518736757e-03 3.353117500e-03
 4.590915050e-03 6.255920045e-03 8.368685842e-03 1.094554272e-02 1.399675850e-02
 1.752277464e-02 2.153155953e-02 2.603141963e-02 3.102860227e-02 3.652733937e-02
 4.253260419e-02 4.905016348e-02 5.608659238e-02 6.364977360e-02 7.174922526e-02
 8.039650321e-02 8.960540593e-02 9.939230978e-02 1.097763032e-01 1.207794175e-01
 1.324265450e-01 1.447451264e-01 1.577642858e-01 1.715127826e-01 1.860152632e-01
 2.012851983e-01 2.173123360e-01 2.340401709e-01 2.513239980e-01 2.688449621e-01
 2.859220207e-01 3.013140559e-01 3.137894273e-01 3.227909803e-01 3.281760812e-01
 3.299980760e-01 3.285091519e-01 3.243271708e-01 3.186654150e-01 3.128017783e-01
 2.245034277e-02 1.857971400e-02 1.871208474e-02 1.915227436e-02 1.872332394e-02
 1.786639728e-02 1.677987166e-02 1.557096466e-02 1.430755295e-02 1.303767134e-02
 1.179803070e-02 1.061829552e-02 9.523516521e-03 8.535705507e-03 7.674949244e-03
 6.960289553e-03 6.410452537e-03 6.044493988e-03 5.882371217e-03 5.945471115e-03
 6.256463006e-03 6.838637404e-03 7.715479005e-03 8.908302523e-03 1.043758541e-02
 1.232234202e-02 1.457971521e-02 1.722466201e-02 2.026969194e-02 2.372475713e-02
 2.759771422e-02 3.189650923e-02 3.662926704e-02 4.180421308e-02 4.742988944e-02
 5.351578444e-02 6.007276475e-02 6.711342186e-02 7.465253025e-02 8.270747960e-02
 9.129881859e-02 1.004508510e-01 1.101923734e-01 1.205576360e-01 1.315874904e-01
 1.433308125e-01 1.558462679e-01 1.692043543e-01 1.834896356e-01 1.988028884e-01
 2.152624428e-01 2.330037653e-01 2.521759868e-01 2.729369402e-01 2.954614162e-01
 3.200590312e-01 3.421075046e-01 3.572924137e-01 3.666815460e-01 3.708324432e-01
 3.692657351e-01 3.624219894e-01 3.495894074e-01 3.350058198e-01 3.239634633e-01
 7.734384853e-03 3.054139903e-03 4.116055090e-03 6.196157541e-03 7.414964028e-03
 8.020872250e-03 8.209805936e-03 8.125789464e-03 7.874434814e-03 7.534741424e-03
 7.167266682e-03 6.819588132e-03 6.530034356e-03 6.330319215e-03 6.247453857e-03
 6.305162795e-03 6.524937227e-03 6.926815957e-03 7.529938594e-03 8.352884091e-03
 9.413756430e-03 1.073005423e-02 1.231842488e-02 1.419430599e-02 1.637189090e-02
 1.886404492e-02 2.168224752e-02 2.483662218e-02 2.833604626e-02 3.218843788e-02
 3.640122339e-02 4.098203033e-02 4.593915865e-02 5.128195509e-02 5.702118576e-02
 6.316941977e-02 6.974139810e-02 7.675437629e-02 8.422854543e-02 9.218749404e-02
 1.006587967e-01 1.096748188e-01 1.192737892e-01 1.295012832e-01 1.404122263e-01
 1.520736516e-01 1.645684540e-01 1.780007333e-01 1.925031096e-01 2.082467377e-01
 2.254551649e-01 2.444216907e-01 2.655289173e-01 2.892650366e-01 3.162331283e-01
 3.450347483e-01 3.671082258e-01 3.822764158e-01 3.909221888e-01 3.927652836e-01
 3.880042732e-01 3.756544590e-01 3.569873571e-01 3.409280777e-01 3.280403316e-01
-2.312817611e-03-7.396007888e-03-6.122684106e-03-3.602397628e-03-1.736267353e-03
-3.937929869e-04 5.519968108e-04 1.216738136e-03 1.698692096e-03 2.078322694e-03
 2.420391422e-03 2.776829991e-03 3.189562354e-03 3.692931263e-03 4.315636121e-03
 5.082194693e-03 6.013998296e-03 7.130041253e-03 8.447401226e-03 9.981522337e-03
 1.174635999e-02 1.375440881e-02 1.601670310e-02 1.854279637e-02 2.134081349e-02
 2.441755868e-02 2.777868323e-02 3.142894059e-02 3.537254035e-02 3.961360455e-02
 4.415670782e-02 4.900745302e-02 5.417304486e-02 5.966275185e-02 6.548827887e-02
 7.166411728e-02 7.820776105e-02 8.513993770e-02 9.248478711e-02 1.002701968e-01
 1.085282564e-01 1.172959358e-01 1.266161203e-01 1.365391910e-01 1.471251547e-01
 1.584467739e-01 1.705940515e-01 1.836807132e-01 1.978539228e-01 2.133091390e-01
 2.303137034e-01 2.492454946e-01 2.706551850e-01 2.953437269e-01 3.241578341e-01
 3.496347070e-01 3.688761592e-01 3.819146752e-01 3.885629177e-01 3.887856901e-01
 3.814626336e-01 3.659794927e-01 3.492261171e-01 3.352640867e-01 3.235506415e-01
-8.824544959e-03-1.418174431e-02-1.333965361e-02-1.085902005e-02-8.882900700e-03
-7.321292534e-03-6.068004761e-03-5.023718812e-03-4.102831241e-03-3.235145938e-03
-2.364543499e-03-1.446388196e-03-4.447871761e-04 6.697447971e-04 1.922032796e-03
 3.333414672e-03 4.922447726e-03 6.705283187e-03 8.695835248e-03 1.090583485e-02
 1.334485691e-02 1.602033898e-02 1.893764921e-02 2.210018039e-02 2.550953813e-02
 2.916578576e-02 3.306777403e-02 3.721359372e-02 4.160114378e-02 4.622881114e-02
 5.109623820e-02 5.620513111e-02 6.155999750e-02 6.716872752e-02 7.304306328e-02
 7.919870317e-02 8.565542102e-02 9.243683517e-02 9.957026690e-02 1.070865542e-01
 1.150201261e-01 1.234092265e-01 1.322964728e-01 1.417299807e-01 1.517646909e-01
 1.624646932e-01 1.739062071e-01 1.861817241e-01 1.994060874e-01 2.137253582e-01
 2.293305695e-01 2.464814931e-01 2.655545473e-01 2.871861458e-01 3.102710545e-01
 3.296710253e-01 3.445875645e-01 3.547546268e-01 3.600725532e-01 3.597692251e-01
 3.535729349e-01 3.421668410e-01 3.312385678e-01 3.212878108e-01 3.123492301e-01
-1.305766962e-02-1.878590882e-02-1.815321669e-02-1.604098827e-02-1.438800432e-02
-1.304070931e-02-1.186701283e-02-1.076455414e-02-9.659914300e-03-8.502298966e-03
-7.256372832e-03-5.896276794e-03-4.401404411e-03-2.753809094e-03-9.369215695e-04
 1.064807875e-03 3.265711013e-03 5.678432994e-03 8.313416503e-03 1.117848977e-02
 1.427861117e-02 1.761580445e-02 2.118924260e-02 2.499543875e-02 2.902851999e-02
 3.328055888e-02 3.774200752e-02 4.240226001e-02 4.725046456e-02 5.227654800e-02
 5.747242272e-02 6.283332407e-02 6.835903227e-02 7.405479252e-02 7.993184030e-02
 8.600744605e-02 9.230440855e-02 9.885025024e-02 1.056762040e-01 1.128163263e-01
 1.203066707e-01 1.281848550e-01 1.364900172e-01 1.452629268e-01 1.545464098e-01
 1.643860340e-01 1.748304218e-01 1.859315783e-01 1.977440268e-01 2.103218734e-01
 2.237109244e-01 2.379286140e-01 2.529154420e-01 2.684251368e-01 2.837141156e-01
 2.972331941e-01 3.081334233e-01 3.159840107e-01 3.205068111e-01 3.215579391e-01
 3.192521334e-01 3.147130013e-01 3.091762066e-01 3.032750189e-01 2.973867059e-01
-1.429267228e-02-2.039964870e-02-2.053723484e-02-1.941866800e-02-1.870389283e-02
-1.807668433e-02-1.735345647e-02-1.644678041e-02-1.532678492e-02-1.399174891e-02
-1.244990714e-02-1.070952788e-02-8.774278685e-03-6.641922519e-03-4.305042326e-03
-1.752866898e-03 1.026521553e-03 4.044090398e-03 7.308178581e-03 1.082338672e-02
 1.459004730e-02 1.860420406e-02 2.285792306e-02 2.733973041e-02 3.203501552e-02
 3.692635149e-02 4.199376702e-02 4.721521586e-02 5.256746709e-02 5.802758411e-02
 6.357505918e-02 6.919431686e-02 7.487713546e-02 8.062452823e-02 8.644760400e-02
 9.236727655e-02 9.841278940e-02 1.046195328e-01 1.110264212e-01 1.176735014e-01
 1.246001273e-01 1.318436861e-01 1.394389570e-01 1.474177837e-01 1.558087468e-01
 1.646367610e-01 1.739218235e-01 1.836767793e-01 1.939031482e-01 2.045838833e-01
 2.156708539e-01 2.270649970e-01 2.385866493e-01 2.499401569e-01 2.606983483e-01
 2.703614831e-01 2.784806788e-01 2.847349942e-01 2.889502943e-01 2.911136746e-01
 2.913990021e-01 2.901573479e-01 2.878166735e-01 2.847655416e-01 2.813066840e-01
-1.103012636e-02-1.707408018e-02-1.985000633e-02-2.151503973e-02-2.284536138e-02
-2.352575958e-02-2.348921821e-02-2.282589674e-02-2.165580168e-02-2.008607239e-02
-1.819948293e-02-1.605182141e-02-1.367337164e-02-1.107320935e-02-8.245293051e-03
-5.174992140e-03-1.845018473e-03 1.759862760e-03 5.649569910e-03 9.826902300e-03
 1.428711507e-02 1.901862398e-02 2.400436997e-02 2.922318876e-02 3.465062752e-02
 4.025893658e-02 4.601639882e-02 5.188664049e-02 5.782877654e-02 6.379930675e-02
 6.975607574e-02 7.566373050e-02 8.149942756e-02 8.725709468e-02 9.294947982e-02
 9.860713780e-02 1.042748392e-01 1.100058109e-01 1.158556417e-01 1.218770668e-01
 1.281167269e-01 1.346136332e-01 1.413988024e-01 1.484955251e-01 1.559193283e-01
 1.636776328e-01 1.717686057e-01 1.801788211e-01 1.888796985e-01 1.978221685e-01
 2.069296837e-01 2.160897851e-01 2.251468003e-01 2.338994145e-01 2.421098053e-01
 2.495281696e-01 2.559266388e-01 2.611309886e-01 2.650426626e-01 2.676499486e-01
 2.690283060e-01 2.693256736e-01 2.687333822e-01 2.674530745e-01 2.656710148e-01
-6.903701462e-03-1.318557933e-02-1.910023391e-02-2.482108399e-02-2.997417375e-02
-3.169242293e-02-3.181494772e-02-3.088320978e-02-2.923643030e-02-2.711007744e-02
-2.466426790e-02-2.199343592e-02-1.913535595e-02-1.608532667e-02-1.281306334e-02
-9.278001264e-03-5.440704059e-03-1.270500710e-03 3.249843605e-03 8.121958002e-03
 1.333236508e-02 1.885572635e-02 2.465988696e-02 3.071059473e-02 3.697379678e-02
 4.341451824e-02 4.999291152e-02 5.665881559e-02 6.334748864e-02 6.998005509e-02
 7.647150755e-02 8.274516463e-02 8.874772489e-02 9.445961565e-02 9.989953786e-02
 1.051227897e-01 1.102124229e-01 1.152639166e-01 1.203687191e-01 1.256032586e-01
 1.310253143e-01 1.366751790e-01 1.425783932e-01 1.487484425e-01 1.551884413e-01
 1.618918031e-01 1.688419580e-01 1.760111153e-01 1.833584309e-01 1.908273697e-01
 1.983432025e-01 2.058109641e-01 2.131150961e-01 2.201224267e-01 2.266893238e-01
 2.326732278e-01 2.379466444e-01 2.424107492e-01 2.460059226e-01 2.487172782e-01
 2.505742311e-01 2.516441941e-01 2.520213723e-01 2.518140078e-01 2.511322200e-01
-4.738592543e-03-1.183945313e-02-1.957347989e-02-2.834116668e-02-3.803038597e-02
-4.343392700e-02-4.360649735e-02-4.121248797e-02-3.823794425e-02-3.496922553e-02
-3.162600473e-02-2.830996737e-02-2.500536852e-02-2.162379213e-02-1.805278659e-02
-1.418623701e-02-9.937858209e-03-5.246727262e-03-8.135537792e-05 5.556269083e-03
 1.163025014e-02 1.807974279e-02 2.483732253e-02 3.184659034e-02 3.906888887e-02
 4.647825286e-02 5.404869840e-02 6.173591688e-02 6.945446134e-02 7.705977559e-02
 8.436241746e-02 9.118399769e-02 9.740572423e-02 1.029819325e-01 1.079425663e-01
 1.123998463e-01 1.165396273e-01 1.205695122e-01 1.246564761e-01 1.289070994e-01
 1.333803833e-01 1.381047517e-01 1.430896074e-01 1.483319998e-01 1.538198888e-01
 1.595335156e-01 1.654454768e-01 1.715202928e-01 1.777134836e-01 1.839707196e-01
 1.902271211e-01 1.964073777e-01 2.024269849e-01 2.081950009e-01 2.136186063e-01
 2.186088562e-01 2.230875045e-01 2.269931734e-01 2.302863002e-01 2.329518348e-01
 2.349992096e-01 2.364597023e-01 2.373817861e-01 2.378252745e-01 2.378555834e-01
-2.003264613e-03-9.303335100e-03-1.753622852e-02-2.718453854e-02-3.862792253e-02
-4.727420583e-02-5.178900808e-02-5.200101435e-02-4.789074883e-02-4.261115938e-02
-3.803091124e-02-3.421972692e-02-3.085958399e-02-2.757882886e-02-2.408526465e-02
-2.017694339e-02-1.571242325e-02-1.059022546e-02-4.747503437e-03 1.820014091e-03
 9.023196995e-03 1.668034121e-02 2.460876107e-02 3.271065280e-02 4.097028822e-02
 4.941917211e-02 5.810815841e-02 6.708347797e-02 7.634256035e-02 8.567931503e-02
 9.446851909e-02 1.022201627e-01 1.087771803e-01 1.140844896e-01 1.181371808e-01
 1.210589409e-01 1.233832389e-01 1.257864535e-01 1.285108924e-01 1.316011250e-01
 1.350495666e-01 1.388330311e-01 1.429235339e-01 1.472913325e-01 1.519051790e-01
 1.567318439e-01 1.617350876e-01 1.668748707e-01 1.721064448e-01 1.773800105e-01
 1.826405078e-01 1.878281981e-01 1.928797364e-01 1.977301836e-01 2.023155391e-01
 2.065760195e-01 2.104594111e-01 2.139241099e-01 2.169416249e-01 2.194978893e-01
 2.215933502e-01 2.232418954e-01 2.244687080e-01 2.253074199e-01 2.257971764e-01
 2.157589654e-03-4.516214132e-03-1.186793670e-02-2.001469582e-02-2.895792946e-02
-3.848372400e-02-4.690158740e-02-5.123944581e-02-5.103579164e-02-4.591393471e-02
-4.101544619e-02-3.822933137e-02-3.634246439e-02-3.416088969e-02-3.138429299e-02
-2.787378989e-02-2.350966260e-02-1.815952733e-02-1.166625414e-02-3.854861483e-03
 5.338522606e-03 1.501240581e-02 2.441128343e-02 3.360415250e-02 4.275536537e-02
 5.204112083e-02 6.165146828e-02 7.181248069e-02 8.283390105e-02 9.515149891e-02
 1.061458141e-01 1.149899513e-01 1.219671369e-01 1.269317418e-01 1.298129857e-01
 1.303083599e-01 1.294032484e-01 1.298337430e-01 1.311699152e-01 1.331763268e-01
 1.357075721e-01 1.386653781e-01 1.419784129e-01 1.455908120e-01 1.494551003e-01
 1.535280347e-01 1.577678621e-01 1.621326357e-01 1.665791273e-01 1.710624099e-01
 1.755356491e-01 1.799505502e-01 1.842580438e-01 1.884095371e-01 1.923584193e-01
 1.960617602e-01 1.994821429e-01 2.025893331e-01 2.053613663e-01 2.077854276e-01
 2.098578811e-01 2.115837783e-01 2.129757851e-01 2.140528262e-01 2.148383558e-01
 7.512137759e-03 1.919266768e-03-4.077007063e-03-1.047709957e-02-1.719890535e-02
-2.407055721e-02-3.084466234e-02-3.722353652e-02-4.092323780e-02-3.888718784e-02
-3.650458157e-02-3.649115562e-02-3.732425347e-02-3.667839617e-02-3.486862034e-02
-3.198388219e-02-2.797481418e-02-2.271821909e-02-1.599814370e-02-7.404545322e-03
 3.819297068e-03 1.532813814e-02 2.558865771e-02 3.523492813e-02 4.465670139e-02
 5.413760245e-02 6.393457949e-02 7.433292270e-02 8.570101857e-02 9.844325483e-02
 1.098296791e-01 1.188703179e-01 1.258223653e-01 1.306074560e-01 1.330791861e-01
 1.328858286e-01 1.312268674e-01 1.309439689e-01 1.316496730e-01 1.330683827e-01
 1.350269914e-01 1.374139935e-01 1.401520669e-01 1.431822479e-01 1.464551091e-01
 1.499263197e-01 1.535542309e-01 1.572984755e-01 1.611192077e-01 1.649766266e-01
 1.688309610e-01 1.726425290e-01 1.763723791e-01 1.799827814e-01 1.834382117e-01
 1.867062747e-01 1.897587478e-01 1.925723106e-01 1.951293647e-01 1.974183023e-01
 1.994337142e-01 2.011760175e-01 2.026509792e-01 2.038689256e-01 2.048438191e-01
 0.243674469E+01 0.246276021E+01 0.247565174E+01 0.248923349E+01 0.250838709E+01
 0.251880884E+01 0.252978897E+01 0.253908300E+01 0.254905605E+01 0.255763149E+01
 0.256629682E+01 0.257494164E+01 0.258286929E+01 0.259095478E+01 0.259896088E+01
 0.260676908E+01 0.261490679E+01 0.262323427E+01 0.263129234E+01 0.264016747E+01
 0.264936638E+01 0.265880847E+01 0.266841650E+01 0.267895317E+01 0.269016623E+01
 0.270178795E+01 0.271390939E+01 0.272705936E+01 0.274111557E+01 0.275612354E+01
 0.277177191E+01 0.278853130E+01 0.280655146E+01 0.282581401E+01 0.284624767E+01
 0.286796355E+01 0.289121723E+01 0.291618919E+01 0.294285178E+01 0.297125196E+01
 0.300165081E+01 0.303422451E+01 0.306922531E+01 0.310678864E+01 0.314710617E+01
 0.319048452E+01 0.323735690E+01 0.328799009E+01 0.334300709E+01 0.340262341E+01
 0.346775436E+01 0.353882861E+01 0.361711121E+01 0.370345449E+01 0.379939222E+01
 0.390689206E+01 0.402842188E+01 0.416743755E+01 0.432851028E+01 0.452026749E+01
 0.475550747E+01 0.505638123E+01 0.547823715E+01 0.616723108E+01 0.116806240E+02
   88   86
 0.108069777E+01-0.500000007E-01 0.108071601E+01 0.249999985E-01 0.108472919E+01
 0.100000009E+00 0.109474850E+01 0.200000003E+00 0.110519290E+01 0.275000006E+00
 0.111910605E+01 0.350000024E+00 0.113385201E+01 0.425000012E+00 0.114761698E+01
 0.488235980E+00 0.116735399E+01 0.573970973E+00 0.117974544E+01 0.625000000E+00
 0.119859374E+01 0.698265851E+00 0.121998346E+01 0.774999976E+00 0.123547840E+01
 0.825000048E+00 0.125365067E+01 0.875000000E+00 0.128007913E+01 0.928917766E+00
 0.131812501E+01 0.970498919E+00 0.137124991E+01 0.995682836E+00 0.142437506E+01
 0.998105884E+00 0.147749996E+01 0.990904093E+00 0.153062510E+01 0.977284551E+00
 0.158131266E+01 0.958729506E+00 0.161736274E+01 0.943249226E+00 0.166343760E+01
 0.920805335E+00 0.170328128E+01 0.898485065E+00 0.174312496E+01 0.873284698E+00
 0.178296876E+01 0.845883489E+00 0.182049060E+01 0.816879988E+00 0.185704017E+01
 0.786909819E+00 0.188921881E+01 0.758622706E+00 0.192728806E+01 0.721743822E+00
 0.196427131E+01 0.683995843E+00 0.199546874E+01 0.649444938E+00 0.202357054E+01
 0.615375221E+00 0.205469847E+01 0.573597908E+00 0.208771372E+01 0.524999976E+00
 0.211782193E+01 0.474999994E+00 0.214458370E+01 0.425000012E+00 0.216849232E+01
 0.375000000E+00 0.218987799E+01 0.324999988E+00 0.221002984E+01 0.270855486E+00
 0.223388457E+01 0.192343235E+00 0.225034642E+01 0.125000000E+00 0.225900555E+01
 0.500000045E-01 0.225891256E+01-0.499999970E-01 0.225009155E+01-0.125000000E+00
 0.223272467E+01-0.195959076E+00 0.221148419E+01-0.267339975E+00 0.219079208E+01
-0.324999988E+00 0.217022371E+01-0.375000000E+00 0.214748383E+01-0.425000012E+00
 0.212235785E+01-0.474999994E+00 0.209452534E+01-0.524999976E+00 0.206366920E+01
-0.575000048E+00 0.202956009E+01-0.625000000E+00 0.199549949E+01-0.670658350E+00
 0.196890628E+01-0.704004884E+00 0.194234371E+01-0.735625267E+00 0.190689969E+01
-0.774999976E+00 0.186483121E+01-0.820195436E+00 0.183609378E+01-0.849690318E+00
 0.180491185E+01-0.879258513E+00 0.176043439E+01-0.919739366E+00 0.172984374E+01
-0.946407735E+00 0.169110966E+01-0.976299644E+00 0.165015626E+01-0.100713038E+01
 0.161327291E+01-0.103109241E+01 0.157046878E+01-0.105778956E+01 0.153062510E+01
-0.107887244E+01 0.149078131E+01-0.109894896E+01 0.145093751E+01-0.111563814E+01
 0.139781260E+01-0.113510847E+01 0.135796881E+01-0.114696336E+01 0.131216455E+01
-0.115699625E+01 0.126005828E+01-0.116335940E+01 0.122414792E+01-0.113267803E+01
 0.121778226E+01-0.104999995E+01 0.121189976E+01-0.975000024E+00 0.120386815E+01
-0.899999976E+00 0.119127965E+01-0.803843498E+00 0.118067551E+01-0.735253811E+00
 0.116631842E+01-0.649999976E+00 0.115421200E+01-0.583020151E+00 0.113938081E+01
-0.501035094E+00 0.112750125E+01-0.435865223E+00 0.111274648E+01-0.350000024E+00
 0.110240495E+01-0.283944428E+00 0.109170437E+01-0.200000003E+00 0.108334005E+01
-0.100000001E+00
 0.101600003E+01 0.000000000E+00 0.101600003E+01 0.963999987E+00 0.101600003E+01
 0.967999995E+00 0.101600003E+01 0.100100005E+01 0.101600003E+01 0.101900005E+01
 0.101600003E+01 0.107700002E+01 0.101600003E+01 0.107000005E+01 0.101600003E+01
 0.109599996E+01 0.101600003E+01 0.111300004E+01 0.101600003E+01 0.113800001E+01
 0.101600003E+01 0.114699996E+01 0.101199996E+01 0.116499996E+01 0.100100005E+01
 0.121700001E+01 0.102900004E+01 0.121700001E+01 0.104200006E+01 0.116240001E+01
 0.104600000E+01 0.116237998E+01 0.105599999E+01 0.116260004E+01 0.109700000E+01
 0.116450000E+01 0.110800004E+01 0.116594005E+01 0.111600006E+01 0.116591001E+01
 0.113399994E+01 0.116895998E+01 0.114800000E+01 0.117174995E+01 0.116199994E+01
 0.117556000E+01 0.118099999E+01 0.118299997E+01 0.118200004E+01 0.118350005E+01
 0.118499994E+01 0.118499994E+01 0.119000006E+01 0.118799996E+01 0.119500005E+01
 0.119099998E+01 0.120099998E+01 0.119599998E+01 0.120899999E+01 0.120200002E+01
 0.121500003E+01 0.120799994E+01 0.122200000E+01 0.121399999E+01 0.122800004E+01
 0.122099996E+01 0.123399997E+01 0.123099995E+01 0.123899996E+01 0.123800004E+01
 0.124199998E+01 0.124399996E+01 0.124800003E+01 0.125399995E+01 0.125800002E+01
 0.127800000E+01 0.126300001E+01 0.128999996E+01 0.127999997E+01 0.133099997E+01
 0.127999997E+01 0.134700000E+01 0.127999997E+01 0.134800005E+01 0.130999994E+01
 0.134800005E+01 0.132799995E+01 0.134800005E+01 0.136099994E+01 0.134800005E+01
 0.138000000E+01 0.134800005E+01 0.141900003E+01 0.134800005E+01 0.141900003E+01
 0.130999994E+01 0.137199998E+01 0.130999994E+01 0.137199998E+01 0.129200006E+01
 0.160800004E+01 0.109500003E+01 0.164699996E+01 0.107700002E+01 0.178499997E+01
 0.107700002E+01 0.206999993E+01 0.103999996E+01 0.212800002E+01 0.992999971E+00
 0.224499989E+01 0.708999991E+00 0.232299995E+01 0.518999994E+00 0.237700009E+01
 0.388999999E+00 0.236249995E+01 0.400000006E+00 0.236443496E+01 0.222000003E+00
 0.236496902E+01 0.133000001E+00 0.236532402E+01 0.439999998E-01 0.236512089E+01
-0.439999998E-01 0.236484194E+01-0.133000001E+00 0.236433411E+01-0.222000003E+00
 0.236249995E+01-0.400000006E+00 0.237700009E+01-0.388999999E+00 0.213400006E+01
-0.972999990E+00 0.178600001E+01-0.117400002E+01 0.176800001E+01-0.121099997E+01
 0.176800001E+01-0.125000000E+01 0.168200004E+01-0.125000000E+01 0.137199998E+01
-0.125000000E+01 0.137199998E+01-0.132900000E+01 0.141999996E+01-0.132900000E+01
 0.141999996E+01-0.136300004E+01 0.127300000E+01-0.136300004E+01 0.115300000E+01
-0.136300004E+01 0.101600003E+01-0.122300005E+01 0.101600003E+01-0.122300005E+01
 0.101600003E+01-0.829999983E+00 0.101600003E+01-0.800000012E+00 0.101600003E+01
-0.414999992E+00 0.101600003E+01-0.400000006E+00 0.101600003E+01-0.100000005E-02
 0.101600003E+01 0.000000000E+00
    0 0.169550002E+01    0
 0.000000000E+00 0.109893546E+00 0.155851603E+00 0.191247031E+00 0.219816357E+00
 0.246450782E+00 0.270540297E+00 0.292835832E+00 0.313527822E+00 0.333061606E+00
 0.351604640E+00 0.369234413E+00 0.386095554E+00 0.402387202E+00 0.418022454E+00
 0.433138371E+00 0.447824359E+00 0.462104619E+00 0.475949287E+00 0.489448607E+00
 0.502685547E+00 0.515594721E+00 0.528237700E+00 0.540598392E+00 0.552785993E+00
 0.564753294E+00 0.576496959E+00 0.588060498E+00 0.599497199E+00 0.610743999E+00
 0.621858716E+00 0.632834196E+00 0.643702209E+00 0.654471874E+00 0.665134668E+00
 0.675686479E+00 0.686158299E+00 0.696596265E+00 0.706949711E+00 0.717248559E+00
 0.727498531E+00 0.737715006E+00 0.747906506E+00 0.758086920E+00 0.768254638E+00
 0.778418005E+00 0.788599074E+00 0.798800111E+00 0.809043527E+00 0.819315076E+00
 0.829662681E+00 0.840069950E+00 0.850585938E+00 0.861203194E+00 0.871948242E+00
 0.882853270E+00 0.893940091E+00 0.905255318E+00 0.916814387E+00 0.928735316E+00
 0.941062629E+00 0.953894138E+00 0.967518508E+00 0.982244194E+00 0.100000000E+01
    0
