  EFITD    06/25/2013    #1553313000.0ms  EFIT01   0  65  65
 0.170000005E+01 0.320000005E+01 0.169550002E+01 0.839999974E+00 0.000000000E+00
 0.180540335E+01-0.364211686E-01-0.186022818E+00-0.737186614E-02 0.165829504E+01
 0.102561450E+07-0.186022818E+00 0.000000000E+00 0.180540335E+01 0.000000000E+00
-0.364211686E-01 0.000000000E+00-0.737186614E-02 0.000000000E+00 0.000000000E+00
 0.276886177E+01 0.277125740E+01 0.277355886E+01 0.277576756E+01 0.277788615E+01
 0.277991605E+01 0.278185987E+01 0.278371906E+01 0.278549600E+01 0.278719282E+01
 0.278881097E+01 0.279035282E+01 0.279182005E+01 0.279321480E+01 0.279453897E+01
 0.279579425E+01 0.279698277E+01 0.279810643E+01 0.279916692E+01 0.280016637E+01
 0.280110669E+01 0.280198956E+01 0.280281663E+01 0.280359030E+01 0.280431199E+01
 0.280498385E+01 0.280560732E+01 0.280618477E+01 0.280671787E+01 0.280720830E+01
 0.280765796E+01 0.280806851E+01 0.280844212E+01 0.280878019E+01 0.280908489E+01
 0.280935812E+01 0.280960131E+01 0.280981660E+01 0.281000566E+01 0.281017017E+01
 0.281031203E+01 0.281043315E+01 0.281053543E+01 0.281062055E+01 0.281069016E+01
 0.281074619E+01 0.281079054E+01 0.281082511E+01 0.281085134E+01 0.281087136E+01
 0.281088662E+01 0.281089950E+01 0.281091142E+01 0.281092405E+01 0.281093931E+01
 0.281095910E+01 0.281098557E+01 0.281101990E+01 0.281106400E+01 0.281112003E+01
 0.281118965E+01 0.281127453E+01 0.281137657E+01 0.281149745E+01 0.281163931E+01
 0.969381875E+05 0.941858516E+05 0.914728125E+05 0.887990625E+05 0.861646094E+05
 0.835694453E+05 0.810135703E+05 0.784969844E+05 0.760196953E+05 0.735816875E+05
 0.711829844E+05 0.688235625E+05 0.665034297E+05 0.642225977E+05 0.619810508E+05
 0.597787969E+05 0.576158359E+05 0.554921641E+05 0.534077812E+05 0.513626914E+05
 0.493568945E+05 0.473903867E+05 0.454631680E+05 0.435752422E+05 0.417266094E+05
 0.399172695E+05 0.381472148E+05 0.364164531E+05 0.347249844E+05 0.330728047E+05
 0.314599199E+05 0.298863242E+05 0.283520195E+05 0.268570059E+05 0.254012832E+05
 0.239848535E+05 0.226077129E+05 0.212698633E+05 0.199713066E+05 0.187120391E+05
 0.174920625E+05 0.163113789E+05 0.151699863E+05 0.140678828E+05 0.130050723E+05
 0.119815527E+05 0.109973242E+05 0.100523877E+05 0.914674121E+04 0.828038574E+04
 0.745332227E+04 0.666554980E+04 0.591706836E+04 0.520787793E+04 0.453797852E+04
 0.390737036E+04 0.331605347E+04 0.276402783E+04 0.225129297E+04 0.177784973E+04
 0.134369751E+04 0.948836365E+03 0.593266357E+03 0.276987610E+03 0.000000000E+00
 0.242438030E+01 0.233159685E+01 0.224063301E+01 0.215148807E+01 0.206416225E+01
 0.197865582E+01 0.189496851E+01 0.181310058E+01 0.173305178E+01 0.165482211E+01
 0.157841182E+01 0.150382066E+01 0.143104887E+01 0.136009610E+01 0.129096270E+01
 0.122364855E+01 0.115815353E+01 0.109447765E+01 0.103262115E+01 0.972583830E+00
 0.914365768E+00 0.857966900E+00 0.803387225E+00 0.750626802E+00 0.699685633E+00
 0.650563657E+00 0.603260934E+00 0.557777405E+00 0.514113069E+00 0.472268015E+00
 0.432242185E+00 0.394035578E+00 0.357648164E+00 0.323080003E+00 0.290331066E+00
 0.259401321E+00 0.230290845E+00 0.202999592E+00 0.177527532E+00 0.153874725E+00
 0.132041126E+00 0.112026758E+00 0.938316137E-01 0.774556920E-01 0.628990009E-01
 0.501615331E-01 0.392432883E-01 0.301442724E-01 0.228644796E-01 0.174039099E-01
 0.137625672E-01 0.119404495E-01 0.119375568E-01 0.137538891E-01 0.173894465E-01
 0.228442289E-01 0.301182382E-01 0.392114706E-01 0.501239263E-01 0.628556088E-01
 0.774065182E-01 0.937766507E-01 0.111966006E+00 0.131974593E+00 0.153802410E+00
-0.993115750E+06-0.979038875E+06-0.964961938E+06-0.950885062E+06-0.936808125E+06
-0.922731250E+06-0.908654375E+06-0.894577375E+06-0.880500500E+06-0.866423625E+06
-0.852346750E+06-0.838269750E+06-0.824192875E+06-0.810116000E+06-0.796039062E+06
-0.781962188E+06-0.767885250E+06-0.753808375E+06-0.739731438E+06-0.725654562E+06
-0.711577688E+06-0.697500688E+06-0.683423812E+06-0.669346938E+06-0.655270000E+06
-0.641193125E+06-0.627116188E+06-0.613039312E+06-0.598962375E+06-0.584885500E+06
-0.570808625E+06-0.556731625E+06-0.542654750E+06-0.528577875E+06-0.514500969E+06
-0.500424062E+06-0.486347156E+06-0.472270250E+06-0.458193344E+06-0.444116406E+06
-0.430039531E+06-0.415962625E+06-0.401885719E+06-0.387808812E+06-0.373731875E+06
-0.359655000E+06-0.345578094E+06-0.331501188E+06-0.317424281E+06-0.303347375E+06
-0.289270469E+06-0.275193562E+06-0.261116656E+06-0.247039734E+06-0.232962844E+06
-0.218885938E+06-0.204809031E+06-0.190732125E+06-0.176655219E+06-0.162578297E+06
-0.148501406E+06-0.134424500E+06-0.120347594E+06-0.106270688E+06-0.921937812E+05
 2.969870530e-02 2.821947262e-02 2.679389156e-02 2.536178380e-02 2.385247685e-02
 2.217174508e-02 2.018575557e-02 1.770858094e-02 1.381986868e-02 7.469457109e-03
-1.553605543e-04-9.232006967e-03-1.840702444e-02-2.479263209e-02-2.902047522e-02
-3.136035427e-02-3.188110143e-02-3.052967228e-02-2.709437907e-02-2.110431530e-02
-1.163689792e-02-1.655294560e-03 6.586101837e-03 1.385923289e-02 2.059595287e-02
 2.706251852e-02 3.345012665e-02 3.992218897e-02 4.664754868e-02 5.380656943e-02
 6.050669402e-02 6.646529585e-02 7.179096341e-02 7.643330097e-02 8.036043495e-02
 8.346855640e-02 8.611330390e-02 8.924996108e-02 9.273922443e-02 9.649841487e-02
 1.004792750e-01 1.046518609e-01 1.089942008e-01 1.134861857e-01 1.181066707e-01
 1.228324175e-01 1.276377290e-01 1.324945092e-01 1.373722851e-01 1.422384381e-01
 1.470585465e-01 1.517967880e-01 1.564167291e-01 1.608821452e-01 1.651580036e-01
 1.692117453e-01 1.730142981e-01 1.765412092e-01 1.797735244e-01 1.826983541e-01
 1.853091866e-01 1.876057088e-01 1.895934939e-01 1.912831515e-01 1.926895380e-01
 2.597356401e-02 2.450863272e-02 2.331939898e-02 2.239986882e-02 2.169409767e-02
 2.107105590e-02 1.989172027e-02 1.725227013e-02 1.286743395e-02 6.547630765e-03
-3.083654155e-04-7.326436695e-03-1.386502292e-02-1.889594458e-02-2.233532444e-02
-2.422004938e-02-2.455163747e-02-2.327693067e-02-2.028707974e-02-1.543737948e-02
-8.720545098e-03-1.315269736e-03 5.710768979e-03 1.235517487e-02 1.874872483e-02
 2.502534539e-02 3.131113574e-02 3.773330525e-02 4.443852231e-02 5.158725381e-02
 5.832181871e-02 6.435075402e-02 6.977226585e-02 7.457150519e-02 7.870819420e-02
 8.207275718e-02 8.505293727e-02 8.855661750e-02 9.245420247e-02 9.666233510e-02
 1.011292487e-01 1.058199406e-01 1.107077301e-01 1.157692447e-01 1.209813058e-01
 1.263190955e-01 1.317550540e-01 1.372582167e-01 1.427939087e-01 1.483236551e-01
 1.538054198e-01 1.591940820e-01 1.644424796e-01 1.695025712e-01 1.743272096e-01
 1.788719445e-01 1.830971390e-01 1.869697124e-01 1.904648542e-01 1.935669482e-01
 1.962700635e-01 1.985777020e-01 2.005018145e-01 2.020616233e-01 2.032817900e-01
 2.113100141e-02 1.965523884e-02 1.872501150e-02 1.845667139e-02 1.884563640e-02
 1.843636297e-02 1.682609506e-02 1.388807688e-02 9.527833201e-03 4.752499517e-03
 7.976096094e-05-4.305904265e-03-8.185721934e-03-1.131214667e-02-1.349861920e-02
-1.463396288e-02-1.465357654e-02-1.352127828e-02-1.123401057e-02-7.852151059e-03
-3.547495697e-03 1.393821905e-03 6.683850195e-03 1.214299817e-02 1.769886725e-02
 2.334258147e-02 2.909608930e-02 3.499293327e-02 4.106129333e-02 4.726292193e-02
 5.331615359e-02 5.903566629e-02 6.439428031e-02 6.938391924e-02 7.399990410e-02
 7.826529443e-02 8.240570128e-02 8.673520386e-02 9.131626785e-02 9.614942223e-02
 1.012244672e-01 1.065282673e-01 1.120461151e-01 1.177614108e-01 1.236548796e-01
 1.297035664e-01 1.358800679e-01 1.421515495e-01 1.484792978e-01 1.548181772e-01
 1.611165553e-01 1.673167795e-01 1.733562350e-01 1.791692227e-01 1.846895367e-01
 1.898537427e-01 1.946049035e-01 1.988958865e-01 2.026924789e-01 2.059752792e-01
 2.087403089e-01 2.109984308e-01 2.127734870e-01 2.140995264e-01 2.150177211e-01
 1.448438223e-02 1.274212822e-02 1.181461848e-02 1.176295802e-02 1.234314777e-02
 1.184829138e-02 9.978311136e-03 7.447761483e-03 4.741856828e-03 1.953628380e-03
-7.946986007e-04-3.364118747e-03-5.608559586e-03-7.386235520e-03-8.573943749e-03
-9.076835588e-03-8.831422776e-03-7.806412410e-03-6.005527452e-03-3.472027136e-03
-2.893626224e-04 3.429997945e-03 7.568143308e-03 1.202531718e-02 1.673083007e-02
 2.164063416e-02 2.672782540e-02 3.197043389e-02 3.733759373e-02 4.277703911e-02
 4.821748659e-02 5.359332636e-02 5.886472389e-02 6.401958317e-02 6.907283515e-02
 7.407076657e-02 7.909058779e-02 8.421766758e-02 8.951684088e-02 9.502626956e-02
 1.007651091e-01 1.067406833e-01 1.129524931e-01 1.193940192e-01 1.260531694e-01
 1.329119653e-01 1.399457902e-01 1.471222341e-01 1.543999314e-01 1.617273241e-01
 1.690417230e-01 1.762690842e-01 1.833247095e-01 1.901156902e-01 1.965449005e-01
 2.025168389e-01 2.079444975e-01 2.127562761e-01 2.169018984e-01 2.203562409e-01
 2.231205553e-01 2.252206653e-01 2.267028838e-01 2.276282161e-01 2.280660123e-01
 5.092484411e-03 2.659600228e-03 1.715031103e-03 1.942904433e-03 2.585999202e-03
 2.476213733e-03 1.967137679e-03 1.127087511e-03 3.494568227e-05-1.217510668e-03
-2.527635545e-03-3.786326619e-03-4.883653019e-03-5.715069361e-03-6.187530700e-03
-6.224567536e-03-5.769811571e-03-4.789146129e-03-3.271761816e-03-1.229798188e-03
 1.304373145e-03 4.283871036e-03 7.655247115e-03 1.136628166e-02 1.537115220e-02
 1.963192038e-02 2.411688678e-02 2.879717946e-02 3.364325315e-02 3.862324730e-02
 4.370487854e-02 4.886044934e-02 5.407230556e-02 5.933632702e-02 6.466330588e-02
 7.007825375e-02 7.561684400e-02 8.131910115e-02 8.722253144e-02 9.335774928e-02
 9.974730015e-02 1.064061970e-01 1.133428290e-01 1.205595955e-01 1.280528307e-01
 1.358122528e-01 1.438197941e-01 1.520477086e-01 1.604562402e-01 1.689907759e-01
 1.775787771e-01 1.861271411e-01 1.945210099e-01 2.026253641e-01 2.102909833e-01
 2.173648477e-01 2.237042189e-01 2.291915715e-01 2.337470800e-01 2.373367995e-01
 2.399747670e-01 2.417186201e-01 2.426598519e-01 2.429104447e-01 2.425895780e-01
-9.380053729e-03-1.410946157e-02-1.258872915e-02-9.672246873e-03-7.499253377e-03
-5.935271736e-03-4.923161119e-03-4.377034027e-03-4.200661089e-03-4.294513725e-03
-4.558149260e-03-4.892223515e-03-5.200970918e-03-5.395048298e-03-5.394416861e-03
-5.130909383e-03-4.550201353e-03-3.613020293e-03-2.295470098e-03-5.883476115e-04
 1.504650223e-03 3.969742451e-03 6.786502898e-03 9.931256995e-03 1.337976102e-02
 1.710876450e-02 2.109647729e-02 2.532238327e-02 2.976694144e-02 3.441178799e-02
 3.924077749e-02 4.424164817e-02 4.940791056e-02 5.474024266e-02 6.024703756e-02
 6.594390422e-02 7.185207307e-02 7.799610496e-02 8.440133929e-02 9.109185636e-02
 9.808915108e-02 1.054115146e-01 1.130736768e-01 1.210866198e-01 1.294569969e-01
 1.381862164e-01 1.472688019e-01 1.566897929e-01 1.664210260e-01 1.764156967e-01
 1.866013706e-01 1.968713403e-01 2.070760429e-01 2.170180231e-01 2.264567018e-01
 2.351279110e-01 2.427769750e-01 2.491940707e-01 2.542415559e-01 2.578704357e-01
 2.601253688e-01 2.611358166e-01 2.610912025e-01 2.602060139e-01 2.586891055e-01
-2.053325437e-02-2.662234753e-02-2.401545458e-02-1.898976043e-02-1.514577493e-02
-1.224147435e-02-1.008819696e-02-8.542409167e-03-7.481592242e-03-6.794212386e-03
-6.376089063e-03-6.129418500e-03-5.963020492e-03-5.793168209e-03-5.544638727e-03
-5.151745863e-03-4.559179302e-03-3.722498659e-03-2.608172130e-03-1.193100354e-03
 5.363757955e-04 2.585908864e-03 4.954864737e-03 7.638131268e-03 1.062780339e-02
 1.391445287e-02 1.748799160e-02 2.133828774e-02 2.545570768e-02 2.983171679e-02
 3.445963189e-02 3.933548182e-02 4.445885494e-02 4.983349144e-02 5.546760559e-02
 6.137367710e-02 6.756788492e-02 7.406920940e-02 8.089852333e-02 8.807760477e-02
 9.562853724e-02 1.035732478e-01 1.119332463e-01 1.207293943e-01 1.299816072e-01
 1.397082061e-01 1.499246210e-01 1.606411934e-01 1.718592793e-01 1.835643202e-01
 1.957148165e-01 2.082239091e-01 2.209319472e-01 2.335707396e-01 2.457363904e-01
 2.569170892e-01 2.666049302e-01 2.744029462e-01 2.800637484e-01 2.835038304e-01
 2.848269343e-01 2.843354046e-01 2.824635804e-01 2.796507180e-01 2.762605846e-01
-2.582179941e-02-3.241447359e-02-2.933815308e-02-2.375758626e-02-1.926176250e-02
-1.570760645e-02-1.296123117e-02-1.089237723e-02-9.378954768e-03-8.307746612e-03
-7.574096788e-03-7.081322838e-03-6.740623154e-03-6.470965687e-03-6.199166179e-03
-5.859985016e-03-5.396336317e-03-4.759422503e-03-3.908690065e-03-2.811577637e-03
-1.443044632e-03 2.150825021e-04 2.174917841e-03 4.443564452e-03 7.024899591e-03
 9.920417331e-03 1.312985830e-02 1.665188372e-02 2.048484422e-02 2.462745272e-02
 2.907940932e-02 3.384201974e-02 3.891873360e-02 4.431559145e-02 5.004147440e-02
 5.610819161e-02 6.253039837e-02 6.932538003e-02 7.651284337e-02 8.411470056e-02
 9.215500951e-02 1.006600782e-01 1.096586287e-01 1.191823184e-01 1.292661577e-01
 1.399491131e-01 1.512745768e-01 1.632905155e-01 1.760489196e-01 1.896032989e-01
 2.040022463e-01 2.192730755e-01 2.353824079e-01 2.521438003e-01 2.690206468e-01
 2.846197784e-01 2.976959944e-01 3.076710403e-01 3.141821027e-01 3.170211911e-01
 3.161815703e-01 3.123362064e-01 3.069468737e-01 3.008829951e-01 2.946671546e-01
-2.596067823e-02-3.264181316e-02-2.978433669e-02-2.420032397e-02-1.964579523e-02
-1.602723822e-02-1.323000528e-02-1.113212295e-02-9.614440612e-03-8.565681055e-03
-7.884485647e-03-7.476964500e-03-7.258248050e-03-7.150742691e-03-7.083887234e-03
-6.993017625e-03-6.819630042e-03-6.511507556e-03-6.022751797e-03-5.313740112e-03
-4.351046868e-03-3.107453696e-03-1.562316087e-03 2.970242640e-04 2.483057790e-03
 5.005899817e-03 7.872773334e-03 1.108842436e-02 1.465690508e-02 1.858201437e-02
 2.286768891e-02 2.751861513e-02 3.254069388e-02 3.794144839e-02 4.373033345e-02
 4.991901666e-02 5.652157962e-02 6.355467439e-02 7.103770971e-02 7.899311930e-02
 8.744673431e-02 9.642838687e-02 1.059726849e-01 1.161202490e-01 1.269192100e-01
 1.384273469e-01 1.507149935e-01 1.638689339e-01 1.779979467e-01 1.932408065e-01
 2.097785622e-01 2.278545052e-01 2.478120923e-01 2.701880038e-01 2.954439521e-01
 3.182772398e-01 3.363513052e-01 3.495333791e-01 3.575406671e-01 3.597310483e-01
 3.559066355e-01 3.451055288e-01 3.331295550e-01 3.221095800e-01 3.121600747e-01
-2.165952511e-02-2.824518830e-02-2.569172531e-02-2.043522336e-02-1.628820971e-02
-1.313054282e-02-1.080686972e-02-9.171614423e-03-8.095758967e-03-7.466737181e-03
-7.198045962e-03-7.195041981e-03-7.384449709e-03-7.694053464e-03-8.060805500e-03
-8.420431986e-03-8.713250980e-03-8.884176612e-03-8.882758208e-03-8.663184009e-03
-8.184196427e-03-7.408782840e-03-6.303354166e-03-4.877712112e-03-3.103035502e-03
-9.589235415e-04 1.567717292e-03 4.481350537e-03 7.790135220e-03 1.150160842e-02
 1.562181953e-02 2.015719190e-02 2.511479892e-02 3.050255589e-02 3.632970899e-02
 4.260724783e-02 4.934826866e-02 5.656833202e-02 6.428585947e-02 7.252261043e-02
 8.130437881e-02 9.066183120e-02 1.006317139e-01 1.112584844e-01 1.225964502e-01
 1.347128749e-01 1.476922035e-01 1.616422385e-01 1.767030656e-01 1.930608004e-01
 2.109691352e-01 2.307842970e-01 2.530228198e-01 2.784465849e-01 3.081097305e-01
 3.385299146e-01 3.621606231e-01 3.789052069e-01 3.889082670e-01 3.920592368e-01
 3.873640299e-01 3.742495179e-01 3.551372588e-01 3.390049338e-01 3.255150914e-01
-1.278926153e-02-1.922504604e-02-1.657466404e-02-1.212298498e-02-9.070004337e-03
-7.045371458e-03-5.794539582e-03-5.138152279e-03-4.946109839e-03-5.119215697e-03
-5.578418262e-03-6.255797576e-03-7.092980668e-03-8.038152009e-03-9.031453170e-03
-1.001287997e-02-1.092479657e-02-1.171232015e-02-1.232364681e-02-1.271036547e-02
-1.282779500e-02-1.263546944e-02-1.209803019e-02-1.118717343e-02-9.874325246e-03
-8.133289404e-03-5.940921139e-03-3.336851019e-03-2.933897194e-04 3.203735687e-03
 7.156094071e-03 1.157088485e-02 1.645576209e-02 2.181737311e-02 2.766341157e-02
 3.400302306e-02 4.084724188e-02 4.820932820e-02 5.610515550e-02 6.455375254e-02
 7.357802987e-02 8.320567757e-02 9.347033501e-02 1.044131666e-01 1.160848439e-01
 1.285483092e-01 1.418825090e-01 1.561874598e-01 1.715913415e-01 1.882604063e-01
 2.064123452e-01 2.263342291e-01 2.484036237e-01 2.731088698e-01 3.010621965e-01
 3.328105211e-01 3.598385751e-01 3.792659044e-01 3.913585842e-01 3.962008953e-01
 3.939809501e-01 3.836936653e-01 3.651436269e-01 3.461616039e-01 3.309904933e-01
 3.998467233e-03-1.221757731e-03-4.493565357e-04 1.300025615e-03 1.877007075e-03
 1.822253806e-03 1.339124981e-03 5.317293108e-04-5.337055190e-04-1.808058470e-03
-3.250887850e-03-4.826445598e-03-6.502053700e-03-8.247241378e-03-1.001642458e-02
-1.175495610e-02-1.340872888e-02-1.492475998e-02-1.625171304e-02-1.734035835e-02
-1.814397611e-02-1.861874387e-02-1.872409321e-02-1.842292212e-02-1.768119074e-02
-1.646870561e-02-1.476067863e-02-1.254061330e-02-9.788953699e-03-6.488000508e-03
-2.705815015e-03 1.584126148e-03 6.395218428e-03 1.172563806e-02 1.758015715e-02
 2.396466024e-02 3.088708967e-02 3.835719451e-02 4.638655111e-02 5.498917401e-02
 6.418213248e-02 7.398632914e-02 8.442733437e-02 9.553638101e-02 1.073516160e-01
 1.199195832e-01 1.332970411e-01 1.475531310e-01 1.627718061e-01 1.790543795e-01
 1.965214163e-01 2.153134495e-01 2.355884761e-01 2.575166523e-01 2.812794447e-01
 3.071271479e-01 3.335396051e-01 3.525592089e-01 3.651574850e-01 3.718465567e-01
 3.724009097e-01 3.673089147e-01 3.557448387e-01 3.392434418e-01 3.260286152e-01
 2.825331688e-02 2.628251538e-02 2.186698094e-02 1.786795445e-02 1.478495635e-02
 1.207281090e-02 9.513245896e-03 7.005699910e-03 4.500230774e-03 1.972298138e-03
-5.883437116e-04-3.183216322e-03-5.808261689e-03-8.455754258e-03-1.109607145e-02
-1.368012745e-02-1.615768857e-02-1.847828366e-02-2.059193142e-02-2.244969830e-02
-2.400413528e-02-2.520963177e-02-2.602268755e-02-2.640214749e-02-2.630941756e-02
-2.570889331e-02-2.456856333e-02-2.286062576e-02-2.056148462e-02-1.765423827e-02
-1.413337328e-02-9.990086779e-03-5.221154075e-03 8.564849850e-05 5.951821338e-03
 1.237679832e-02 1.936642639e-02 2.692699432e-02 3.506383672e-02 4.378380626e-02
 5.309572443e-02 6.301093102e-02 7.354360074e-02 8.471109718e-02 9.653407335e-02
 1.090366244e-01 1.222460568e-01 1.361922622e-01 1.509060562e-01 1.664160788e-01
 1.827426106e-01 1.998867244e-01 2.178106755e-01 2.364021391e-01 2.554036677e-01
 2.742596567e-01 2.918468714e-01 3.066860437e-01 3.178920448e-01 3.251849115e-01
 3.285526037e-01 3.281771243e-01 3.245467544e-01 3.187326789e-01 3.122438192e-01
 4.521488398e-02 4.418884963e-02 3.823348135e-02 3.185197711e-02 2.642964944e-02
 2.166141570e-02 1.732638292e-02 1.327471621e-02 9.407042526e-03 5.657537840e-03
 1.982650720e-03-1.646121498e-03-5.246893503e-03-8.830482140e-03-1.237855107e-02
-1.584552787e-02-1.918384433e-02-2.234501764e-02-2.528041601e-02-2.794187143e-02
-3.028208390e-02-3.225492314e-02-3.381564468e-02-3.492106125e-02-3.552972898e-02
-3.560220823e-02-3.510141745e-02-3.399311006e-02-3.224647045e-02-2.983514220e-02
-2.673825435e-02-2.294051088e-02-1.843515970e-02-1.322843973e-02-7.322924677e-03
-8.531362400e-04 6.206067745e-03 1.386243571e-02 2.210641652e-02 3.093606420e-02
 4.035029933e-02 5.034967884e-02 6.093614548e-02 7.211249322e-02 8.388165385e-02
 9.624572098e-02 1.092045903e-01 1.227536872e-01 1.368806213e-01 1.515600532e-01
 1.667459011e-01 1.823597550e-01 1.982741952e-01 2.142895162e-01 2.301053405e-01
 2.452982068e-01 2.593373358e-01 2.716737688e-01 2.818667293e-01 2.896584272e-01
 2.949838936e-01 2.979641259e-01 2.989024520e-01 2.982571423e-01 2.965476811e-01
 5.602828041e-02 5.522247404e-02 4.918833449e-02 4.195962846e-02 3.539457545e-02
 2.938588709e-02 2.381507494e-02 1.857729815e-02 1.358679961e-02 8.776308969e-03
 4.094239790e-03-4.984426778e-04-5.031033419e-03-9.525372647e-03-1.396544836e-02
-1.830589399e-02-2.249965072e-02-2.649889328e-02-3.025573865e-02-3.372270614e-02
-3.685304523e-02-3.960091248e-02-4.192145541e-02-4.377088696e-02-4.510650784e-02
-4.588682204e-02-4.607171565e-02-4.562275112e-02-4.450367391e-02-4.268113896e-02
-4.012566432e-02-3.681292757e-02-3.272571415e-02-2.785644308e-02-2.220973186e-02
-1.581061259e-02-8.683518507e-03-8.725688094e-04 7.509320509e-03 1.647551730e-02
 2.601240203e-02 3.611057252e-02 4.676172510e-02 5.795647204e-02 6.968317926e-02
 8.192664385e-02 9.466642886e-02 1.078745350e-01 1.215121746e-01 1.355254799e-01
 1.498398781e-01 1.643532515e-01 1.789280921e-01 1.933843046e-01 2.074952424e-01
 2.209925056e-01 2.335842997e-01 2.449879944e-01 2.549683452e-01 2.633686364e-01
 2.701278031e-01 2.752839029e-01 2.789649069e-01 2.813665271e-01 2.827175558e-01
 6.363496929e-02 6.292615086e-02 5.660834536e-02 4.894952476e-02 4.177529365e-02
 3.503073379e-02 2.865000814e-02 2.256589197e-02 1.671609282e-02 1.104608458e-02
 5.509731825e-03 6.872901577e-05-5.308453925e-03-1.064777561e-02-1.592547446e-02
-2.109336294e-02-2.610275149e-02-3.090508655e-02-3.545239568e-02-3.969757631e-02
-4.359452054e-02-4.709812254e-02-5.016421527e-02-5.274946243e-02-5.481120571e-02
-5.630741641e-02-5.719666556e-02-5.743826181e-02-5.699252710e-02-5.582131445e-02
-5.388879776e-02-5.116259679e-02-4.761529714e-02-4.322636873e-02-3.798441589e-02
-3.188969567e-02-2.495523915e-02-1.721238904e-02-8.716855198e-03 4.564332776e-04
 1.017022226e-02 2.041630633e-02 3.118372336e-02 4.245503247e-02 5.420833454e-02
 6.641670316e-02 7.904715836e-02 9.205901623e-02 1.054016128e-01 1.190115809e-01
 1.328097880e-01 1.466982365e-01 1.605575681e-01 1.742461026e-01 1.876014769e-01
 2.004464567e-01 2.125994563e-01 2.238884866e-01 2.341667265e-01 2.433256209e-01
 2.513035834e-01 2.580885291e-01 2.637141347e-01 2.682508528e-01 2.717927992e-01
 6.858520955e-02 6.786905974e-02 6.132700294e-02 5.343832076e-02 4.593305662e-02
 3.875754401e-02 3.186062351e-02 2.519295365e-02 1.870900206e-02 1.236761454e-02
 6.132091396e-03-3.000181459e-05-6.147206295e-03-1.224470511e-02-1.828233339e-02
-2.420739643e-02-2.996823750e-02-3.551459312e-02-4.079778120e-02-4.577077553e-02
-5.038810521e-02-5.460569263e-02-5.838057399e-02-6.167060882e-02-6.443419307e-02
-6.662994623e-02-6.821653992e-02-6.915263087e-02-6.939686835e-02-6.890824437e-02
-6.764658540e-02-6.557336450e-02-6.265296042e-02-5.885414034e-02-5.415208265e-02
-4.853073508e-02-4.198550433e-02-3.452678770e-02-2.618348040e-02-1.700550131e-02
-7.066519000e-03 3.384321462e-03 1.434632950e-02 2.578660287e-02 3.767470270e-02
 4.997536913e-02 6.264871359e-02 7.564901561e-02 8.892317861e-02 1.024090126e-01
 1.160337999e-01 1.297131181e-01 1.433502883e-01 1.568369716e-01 1.700550616e-01
 1.828803420e-01 1.951876581e-01 2.068573534e-01 2.177816331e-01 2.278701216e-01
 2.370536774e-01 2.452859581e-01 2.525427938e-01 2.588199377e-01 2.641301155e-01
 7.092431933e-02 7.004873455e-02 6.368382275e-02 5.578970537e-02 4.819500446e-02
 4.082499817e-02 3.363006562e-02 2.657569014e-02 1.963277720e-02 1.277429331e-02
 5.974466912e-03-7.912234869e-04-7.545826025e-03-1.430724841e-02-2.101605758e-02
-2.761473134e-02-3.404819593e-02-4.026407003e-02-4.621269181e-02-5.184696615e-02
-5.712211132e-02-6.199524924e-02-6.642499566e-02-7.037095726e-02-7.379326969e-02
-7.665210217e-02-7.890732586e-02-8.051817864e-02-8.144316077e-02-8.164004236e-02
-8.106618375e-02-7.967901230e-02-7.743699849e-02-7.430084050e-02-7.023525983e-02
-6.521112472e-02-5.920834839e-02-5.221924186e-02-4.425270483e-02-3.533909842e-02
-2.553660050e-02-1.493985113e-02-3.650936298e-03 8.079729043e-03 2.023900673e-02
 3.278247640e-02 4.566740245e-02 5.884865299e-02 7.227632403e-02 8.589472622e-02
 9.964172542e-02 1.134484261e-01 1.272391677e-01 1.409320831e-01 1.544401646e-01
 1.676728874e-01 1.805382222e-01 1.929447800e-01 2.048035860e-01 2.160294205e-01
 2.265411764e-01 2.362621427e-01 2.451201379e-01 2.530490160e-01 2.599919438e-01
 7.098899037e-02 6.968174875e-02 6.368567795e-02 5.634808913e-02 4.896606877e-02
 4.158729315e-02 3.423883021e-02 2.692628466e-02 1.964430511e-02 1.238139160e-02
 5.122433417e-03-2.149822889e-03-9.453915060e-03-1.678360812e-02-2.407178283e-02
-3.125556186e-02-3.827628866e-02-4.507943615e-02-5.161437392e-02-5.783402175e-02
-6.369438022e-02-6.915399432e-02-7.417330146e-02-7.871402055e-02-8.273848891e-02
-8.620908111e-02-8.908759803e-02-9.133485705e-02-9.291029721e-02-9.377188981e-02
-9.387606382e-02-9.317808598e-02-9.163260460e-02-8.919459581e-02-8.582082391e-02
-8.147166669e-02-7.611367106e-02-6.972266734e-02-6.228758022e-02-5.381498113e-02
-4.433413595e-02-3.390216455e-02-2.260793932e-02-1.058316790e-02 2.015344100e-03
 1.496129297e-02 2.822379954e-02 4.176657274e-02 5.554665253e-02 6.951700896e-02
 8.362730592e-02 9.782402962e-02 1.120506600e-01 1.262477785e-01 1.403533816e-01
 1.543030739e-01 1.680300385e-01 1.814643592e-01 1.945316643e-01 2.071504593e-01
 2.192286402e-01 2.306595594e-01 2.413195223e-01 2.510694265e-01 2.597638965e-01
 7.093395293e-02 6.936285645e-02 6.348704547e-02 5.627684668e-02 4.893704131e-02
 4.150499403e-02 3.401772678e-02 2.649295703e-02 1.893512718e-02 1.134036947e-02
 3.699494060e-03-4.000243265e-03-1.177416462e-02-1.958785206e-02-2.736931667e-02
-3.505197912e-02-4.257462919e-02-4.988125712e-02-5.692071840e-02-6.364624947e-02
-7.001487911e-02-7.598672807e-02-8.152427524e-02-8.659158647e-02-9.115352482e-02
-9.517499804e-02-9.862028062e-02-1.014523655e-01-1.036325172e-01-1.051198244e-01
-1.058711186e-01-1.058409289e-01-1.049818397e-01-1.032451242e-01-1.005817726e-01
-9.694406390e-02-9.228754789e-02-8.657379448e-02-7.977374643e-02-7.187175751e-02
-6.287026405e-02-5.279497430e-02-4.170025140e-02-2.967470512e-02-1.684465446e-02
-3.379726317e-03 1.039434131e-02 2.445444465e-02 3.875516355e-02 5.325550959e-02
 6.791627407e-02 8.269891888e-02 9.756523371e-02 1.124771535e-01 1.273966134e-01
 1.422851682e-01 1.571027786e-01 1.718059480e-01 1.863437146e-01 2.006515861e-01
 2.146419436e-01 2.281907052e-01 2.411210388e-01 2.531906664e-01 2.640993893e-01
 7.116222382e-02 6.950119883e-02 6.345086545e-02 5.598897859e-02 4.846235365e-02
 4.086817056e-02 3.320579231e-02 2.547522634e-02 1.767378114e-02 9.795366786e-03
 1.830867375e-03-6.231219508e-03-1.440414879e-02-2.262506261e-02-3.081967868e-02
-3.891952336e-02-4.686211050e-02-5.459081009e-02-6.205454841e-02-6.920728087e-02
-7.600730658e-02-8.241652697e-02-8.839957416e-02-9.392298013e-02-9.895424545e-02
-1.034610271e-01-1.074103191e-01-1.107676998e-01-1.134967133e-01-1.155583411e-01
-1.169106364e-01-1.175085381e-01-1.173039600e-01-1.162461042e-01-1.142821833e-01
-1.113585308e-01-1.074222326e-01-1.024233326e-01-9.631772339e-02-8.907075226e-02
-8.066156507e-02-7.108828425e-02-6.037386507e-02-4.857261106e-02-3.577722237e-02
-2.212676033e-02-7.815578952e-03 6.926638540e-03 2.189513668e-02 3.706464171e-02
 5.241097510e-02 6.791197509e-02 8.354812860e-02 9.930307418e-02 1.151639223e-01
 1.311212927e-01 1.471687555e-01 1.633012593e-01 1.795118451e-01 1.957850158e-01
 2.120845169e-01 2.283306867e-01 2.443583161e-01 2.598361671e-01 2.741270363e-01
 7.095947117e-02 6.920240074e-02 6.279665232e-02 5.516806245e-02 4.748534784e-02
 3.973465413e-02 3.190676868e-02 2.399222553e-02 1.598105580e-02 7.862484083e-03
-3.752184566e-04-8.744673803e-03-1.724712364e-02-2.580214292e-02-3.433447331e-02
-4.277484491e-02-5.106035993e-02-5.913444608e-02-6.694657356e-02-7.445172966e-02
-8.160968125e-02-8.838420361e-02-9.474211931e-02-1.006524265e-01-1.060852781e-01
-1.110111028e-01-1.153996885e-01-1.192193404e-01-1.224361882e-01-1.250134856e-01
-1.269111037e-01-1.280851960e-01-1.284880638e-01-1.280681342e-01-1.267704815e-01
-1.245375350e-01-1.213102117e-01-1.170297936e-01-1.116402149e-01-1.050912365e-01
-9.734237939e-02-8.836768568e-02-7.816150039e-02-6.674493849e-02-5.417307466e-02
-4.054229334e-02-2.599693276e-02-1.073332503e-02 4.994063638e-03 2.091896534e-02
 3.702903166e-02 5.331626907e-02 6.977815926e-02 8.641883731e-02 1.032503024e-01
 1.202937663e-01 1.375809908e-01 1.551558077e-01 1.730752140e-01 1.914100349e-01
 2.102439106e-01 2.296685129e-01 2.497663200e-01 2.705257833e-01 2.908907831e-01
 6.978079677e-02 6.787021458e-02 6.150765345e-02 5.377291143e-02 4.598259181e-02
 3.812215105e-02 3.017403558e-02 2.212116495e-02 1.394759305e-02 5.638298579e-03
-2.821325324e-03-1.144605316e-02-2.020926401e-02-2.902883478e-02-3.782855719e-02
-4.653875157e-02-5.509652197e-02-6.344572455e-02-7.153666019e-02-7.932551205e-02
-8.677359670e-02-9.384656698e-02-1.005133837e-01-1.067453995e-01-1.125153303e-01
-1.177962571e-01-1.225607023e-01-1.267797202e-01-1.304220557e-01-1.334534436e-01
-1.358359158e-01-1.375273764e-01-1.384811848e-01-1.386461109e-01-1.379663646e-01
-1.363820732e-01-1.338301599e-01-1.302455813e-01-1.255633235e-01-1.197209135e-01
-1.126619652e-01-1.043404639e-01-9.472605586e-02-8.381040394e-02-7.161429524e-02
-5.819551274e-02-4.365674034e-02-2.815324254e-02-1.189972274e-02 4.824993666e-03
 2.172753587e-02 3.881038353e-02 5.608405173e-02 7.356911898e-02 9.129812568e-02
 1.093181074e-01 1.276942343e-01 1.465148181e-01 1.658983082e-01 1.860034466e-01
 2.070447505e-01 2.293186635e-01 2.532548010e-01 2.795319259e-01 3.069509268e-01
 6.804733723e-02 6.597946584e-02 5.955257267e-02 5.177018791e-02 4.395033419e-02
 3.605860844e-02 2.806248516e-02 1.993642934e-02 1.166022662e-02 3.216970013e-03
-5.408561788e-03-1.423119567e-02-2.319449931e-02-3.221630305e-02-4.122037068e-02
-5.013715848e-02-5.890417099e-02-6.746593863e-02-7.577373087e-02-8.378499746e-02
-9.146258235e-02-9.877391160e-02-1.056899726e-01-1.121842787e-01-1.182319224e-01
-1.238084584e-01-1.288889647e-01-1.334470659e-01-1.374541372e-01-1.408783644e-01
-1.436840892e-01-1.458312422e-01-1.472748220e-01-1.479645073e-01-1.478447318e-01
-1.468547136e-01-1.449290067e-01-1.419984996e-01-1.379917860e-01-1.328374147e-01
-1.264667660e-01-1.188178435e-01-1.098401845e-01-9.950077534e-02-8.779107779e-02
-7.473505288e-02-6.039785594e-02-4.489486665e-02-2.840026841e-02-1.115427632e-02
 6.532375701e-03 2.437479421e-02 4.238974676e-02 6.060831249e-02 7.907523960e-02
 9.785173088e-02 1.170200706e-01 1.366905123e-01 1.570107788e-01 1.781796366e-01
 2.004661858e-01 2.242356688e-01 2.499796897e-01 2.783361375e-01 3.086674511e-01
 6.571673602e-02 6.349546462e-02 5.676058680e-02 4.909152538e-02 4.140497372e-02
 3.360916674e-02 2.566124313e-02 1.753723808e-02 9.220926091e-03 6.993886782e-04
-8.038662374e-03-1.700437814e-02-2.611227706e-02-3.528069705e-02-4.443367571e-02
-5.350198969e-02-6.242363900e-02-7.114389539e-02-7.961500436e-02-8.779561520e-02
-9.565002471e-02-1.031472534e-01-1.102600917e-01-1.169640422e-01-1.232362837e-01
-1.290545911e-01-1.343963742e-01-1.392376423e-01-1.435521543e-01-1.473104805e-01
-1.504793167e-01-1.530206800e-01-1.548914015e-01-1.560427099e-01-1.564198732e-01
-1.559621990e-01-1.546032876e-01-1.522717029e-01-1.488919854e-01-1.443864405e-01
-1.386775672e-01-1.316913813e-01-1.233618110e-01-1.136361808e-01-1.024819314e-01
-8.989456296e-02-7.590657473e-02-6.059719622e-02-4.410216957e-02-2.662304603e-02
-8.434921503e-03 1.010783296e-02 2.875601128e-02 4.755419120e-02 6.655078381e-02
 8.580575883e-02 1.053965315e-01 1.254241467e-01 1.460211575e-01 1.673626900e-01
 1.896825433e-01 2.132976800e-01 2.386463732e-01 2.663435936e-01 2.959555387e-01
 6.120609865e-02 5.839617550e-02 5.275848135e-02 4.583167285e-02 3.853270039e-02
 3.095999360e-02 2.313703671e-02 1.507002488e-02 6.758272182e-03-1.802556915e-03
-1.061923616e-02-1.967337728e-02-2.887563966e-02-3.814257681e-02-4.739750177e-02
-5.657111108e-02-6.560173631e-02-7.443528622e-02-8.302488923e-02-9.133027494e-02
-9.931699187e-02-1.069555059e-01-1.142201722e-01-1.210882068e-01-1.275385916e-01
-1.335510612e-01-1.391050667e-01-1.441787183e-01-1.487479210e-01-1.527854651e-01
-1.562602222e-01-1.591363102e-01-1.613725573e-01-1.629218608e-01-1.637308598e-01
-1.637396663e-01-1.628819257e-01-1.610852480e-01-1.582719386e-01-1.543604136e-01
-1.492671967e-01-1.429098248e-01-1.352107823e-01-1.261024773e-01-1.155336723e-01
-1.034770682e-01-8.993817866e-02-7.496516407e-02-5.865905061e-02-4.118316248e-02
-2.277038433e-02-3.725228133e-03 1.539686136e-02 3.460468724e-02 5.392353237e-02
 7.339239120e-02 9.306343645e-02 1.130028144e-01 1.332923770e-01 1.540320367e-01
 1.753429174e-01 1.973724365e-01 2.203071713e-01 2.444295138e-01 2.697387934e-01
 5.819909275e-02 5.519516394e-02 4.958782718e-02 4.290338606e-02 3.583932668e-02
 2.843542397e-02 2.072174288e-02 1.271473430e-02 4.421402700e-03-4.157352261e-03
-1.302477997e-02-2.213437483e-02-3.139586747e-02-4.072527587e-02-5.004577339e-02
-5.928824842e-02-6.839147955e-02-7.730205357e-02-8.597388864e-02-9.436772019e-02
-1.024501994e-01-1.101929992e-01-1.175718084e-01-1.245652884e-01-1.311539710e-01
-1.373191923e-01-1.430421472e-01-1.483027637e-01-1.530788541e-01-1.573451310e-01
-1.610724330e-01-1.642268747e-01-1.667691767e-01-1.686540693e-01-1.698297113e-01
-1.702374816e-01-1.698117703e-01-1.684802324e-01-1.661643088e-01-1.627803296e-01
-1.582411826e-01-1.524589062e-01-1.453480721e-01-1.368305534e-01-1.268413514e-01
-1.153361127e-01-1.022997797e-01-8.775674552e-02-7.178182155e-02-5.451163650e-02
-3.615556657e-02-1.700567640e-02 2.554276260e-03 2.207846195e-02 4.157944396e-02
 6.107775122e-02 8.059789240e-02 1.001656130e-01 1.198043600e-01 1.395292580e-01
 1.593357921e-01 1.791776568e-01 1.989200860e-01 2.182372808e-01 2.364426702e-01
 5.620221049e-02 5.310293660e-02 4.732165486e-02 4.062638059e-02 3.360363841e-02
 2.625654079e-02 1.859284937e-02 1.061857585e-02 2.336632926e-03-6.253354717e-03
-1.515494939e-02-2.429887466e-02-3.359553218e-02-4.296155646e-02-5.232074484e-02
-6.160460785e-02-7.075262070e-02-7.971210778e-02-8.843782544e-02-9.689134359e-02
-1.050402746e-01-1.128573343e-01-1.203192845e-01-1.274059564e-01-1.340991259e-01
-1.403814852e-01-1.462356150e-01-1.516429484e-01-1.565828919e-01-1.610317975e-01
-1.649622321e-01-1.683420539e-01-1.711337566e-01-1.732937545e-01-1.747718453e-01
-1.755108386e-01-1.754462421e-01-1.745064259e-01-1.726128906e-01-1.696811765e-01
-1.656223238e-01-1.603451073e-01-1.537590921e-01-1.457790583e-01-1.363305300e-01
-1.253568381e-01-1.128277555e-01-9.874950349e-02-8.317602426e-02-6.622089446e-02
-4.806904122e-02-2.898710594e-02-9.330653585e-03 1.045411266e-02 3.005361743e-02
 4.948382452e-02 6.875054538e-02 8.785012364e-02 1.067659631e-01 1.254616976e-01
 1.438703388e-01 1.618785560e-01 1.793061346e-01 1.958874017e-01 2.112740576e-01
 5.444873497e-02 5.125316232e-02 4.554111883e-02 3.882696107e-02 3.180339932e-02
 2.446951531e-02 1.682317629e-02 8.862540126e-03 5.854542833e-04-8.010803722e-03
-1.693570241e-02-2.609886788e-02-3.541319072e-02-4.479691759e-02-5.417499691e-02
-6.347990036e-02-7.265191525e-02-8.163911849e-02-9.039702266e-02-9.888797998e-02
-1.070803478e-01-1.149476469e-01-1.224675104e-01-1.296206564e-01-1.363898367e-01
-1.427587569e-01-1.487111002e-01-1.542294919e-01-1.592945755e-01-1.638840586e-01
-1.679718941e-01-1.715274304e-01-1.745146215e-01-1.768914759e-01-1.786092520e-01
-1.796121895e-01-1.798370779e-01-1.792132407e-01-1.776627898e-01-1.751013994e-01
-1.714394093e-01-1.665839553e-01-1.604417413e-01-1.529231519e-01-1.439474523e-01
-1.334496140e-01-1.213885695e-01-1.077571586e-01-9.259319305e-02-7.599142939e-02
-5.811532214e-02-3.920727968e-02-1.959518902e-02 3.076806606e-04 1.992984675e-02
 3.925153241e-02 5.825638026e-02 7.692204416e-02 9.521394223e-02 1.130797267e-01
 1.304436475e-01 1.472010463e-01 1.632149071e-01 1.783174723e-01 1.923209727e-01
 5.318359286e-02 4.992892966e-02 4.414955527e-02 3.741512075e-02 3.039023466e-02
 2.306523733e-02 1.543150283e-02 7.481695153e-03-7.907180116e-04-9.392103180e-03
-1.832082495e-02-2.748659998e-02-3.680307046e-02-4.618935660e-02-5.557126924e-02
-6.488202512e-02-7.406261563e-02-8.306175470e-02-9.183552861e-02-1.003468707e-01
-1.085647196e-01-1.164631695e-01-1.240204349e-01-1.312178820e-01-1.380389333e-01
-1.444680244e-01-1.504896134e-01-1.560872048e-01-1.612423211e-01-1.659336984e-01
-1.701363474e-01-1.738207340e-01-1.769520640e-01-1.794895083e-01-1.813856512e-01
-1.825859249e-01-1.830282956e-01-1.826431751e-01-1.813535243e-01-1.790754646e-01
-1.757194549e-01-1.711920202e-01-1.653984934e-01-1.582468152e-01-1.496525109e-01
-1.395452619e-01-1.278769374e-01-1.146312431e-01-9.983484447e-02-8.356932551e-02
-6.598347425e-02-4.730470851e-02-2.784820460e-02-8.022601716e-03 1.166822575e-02
 3.091415390e-02 4.970978945e-02 6.803561747e-02 8.585825562e-02 1.031295657e-01
 1.197855920e-01 1.357463002e-01 1.509169638e-01 1.651922762e-01 1.784636825e-01
 5.220571160e-02 4.890969768e-02 4.305521399e-02 3.632913530e-02 2.932937443e-02
 2.203364298e-02 1.442747563e-02 6.500441115e-03-1.755775418e-03-1.034876145e-02
-1.926751249e-02-2.842280269e-02-3.772907704e-02-4.710616171e-02-5.648046732e-02
-6.578575075e-02-7.496347278e-02-8.396275342e-02-9.274008125e-02-1.012586951e-01
-1.094878986e-01-1.174020767e-01-1.249798089e-01-1.322028190e-01-1.390549093e-01
-1.455209255e-01-1.515858322e-01-1.572336257e-01-1.624464244e-01-1.672036052e-01
-1.714808792e-01-1.752494872e-01-1.784754544e-01-1.811188310e-01-1.831331253e-01
-1.844647080e-01-1.850525141e-01-1.848278046e-01-1.837143451e-01-1.816289723e-01
-1.784824580e-01-1.741814464e-01-1.686308235e-01-1.617374718e-01-1.534150392e-01
-1.435903460e-01-1.322111934e-01-1.192558408e-01-1.047439277e-01-8.874840289e-02
-7.140778005e-02-5.293759331e-02-3.363954648e-02-1.390630379e-02 5.780328531e-03
 2.493997477e-02 4.356580228e-02 6.163985282e-02 7.913302630e-02 9.600524604e-02
 1.122060418e-01 1.276758015e-01 1.423481405e-01 1.561533958e-01 1.690235436e-01
 5.122200772e-02 4.786086082e-02 4.215067253e-02 3.552779183e-02 2.861588448e-02
 2.138732560e-02 1.383212209e-02 5.944617093e-03-2.280591056e-03-1.084955782e-02
-1.974523067e-02-2.887860313e-02-3.816443682e-02-4.752288386e-02-5.688064545e-02
-6.617173553e-02-7.533780485e-02-8.432815224e-02-9.309934825e-02-1.016147509e-01
-1.098437086e-01-1.177607030e-01-1.253443658e-01-1.325764656e-01-1.394409239e-01
-1.459227502e-01-1.520070136e-01-1.576779336e-01-1.629178524e-01-1.677064300e-01
-1.720197052e-01-1.758293062e-01-1.791016608e-01-1.817973107e-01-1.838702559e-01
-1.852674633e-01-1.859284192e-01-1.857850105e-01-1.847616136e-01-1.827756017e-01
-1.797382534e-01-1.755565852e-01-1.701356918e-01-1.633823514e-01-1.552098244e-01
-1.455440074e-01-1.343312114e-01-1.215474308e-01-1.072091833e-01-9.138522297e-02
-7.420871407e-02-5.588845909e-02-3.671788797e-02-1.707964391e-02 2.556249965e-03
 2.162191272e-02 4.010999203e-02 5.800396577e-02 7.527826726e-02 9.189883620e-02
 1.078241616e-01 1.230069175e-01 1.373962760e-01 1.509407461e-01 1.635916978e-01
 5.031053349e-02 4.677063972e-02 4.145184904e-02 3.512451798e-02 2.833899297e-02
 2.118638717e-02 1.368706580e-02 5.845668726e-03-2.339026192e-03-1.087118592e-02
-1.973264292e-02-2.883428521e-02-3.809090331e-02-4.742268473e-02-5.675636977e-02
-6.602594256e-02-7.517298311e-02-8.414667845e-02-9.290344268e-02-1.014064699e-01
-1.096248850e-01-1.175329760e-01-1.251091510e-01-1.323350221e-01-1.391942948e-01
-1.456717551e-01-1.517523974e-01-1.574202180e-01-1.626575291e-01-1.674438417e-01
-1.717551649e-01-1.755630821e-01-1.788340509e-01-1.815286130e-01-1.836009175e-01
-1.849980056e-01-1.856595576e-01-1.855176985e-01-1.844970882e-01-1.825154722e-01
-1.794846505e-01-1.753121018e-01-1.699035764e-01-1.631665826e-01-1.550151408e-01
-1.453759968e-01-1.341963112e-01-1.214529574e-01-1.071631163e-01-9.139610082e-02
-7.428523898e-02-5.603902787e-02-3.694993258e-02-1.739878580e-02 2.147265011e-03
 2.111197263e-02 3.948836029e-02 5.726071447e-02 7.440486550e-02 9.088890254e-02
 1.066743955e-01 1.217180863e-01 1.359741092e-01 1.493966430e-01 1.619429737e-01
 5.092127249e-02 4.755016789e-02 4.192413017e-02 3.542625532e-02 2.862143889e-02
 2.148973756e-02 1.402527653e-02 6.224762183e-03-1.915689325e-03-1.040117443e-02
-1.921886019e-02-2.827985212e-02-3.749899566e-02-4.679641873e-02-5.609869957e-02
-6.533956528e-02-7.446029782e-02-8.340968937e-02-9.214376658e-02-1.006252542e-01
-1.088228300e-01-1.167102903e-01-1.242655739e-01-1.314697862e-01-1.383061707e-01
-1.447590292e-01-1.508128643e-01-1.564512551e-01-1.616559774e-01-1.664061695e-01
-1.706773192e-01-1.744406223e-01-1.776621044e-01-1.803019494e-01-1.823138744e-01
-1.836446673e-01-1.842337549e-01-1.840131432e-01-1.829074919e-01-1.808346957e-01
-1.777069420e-01-1.734324396e-01-1.679179519e-01-1.610724479e-01-1.528119743e-01
-1.430658102e-01-1.317843497e-01-1.189483330e-01-1.045795754e-01-8.875258267e-02
-7.160650194e-02-5.335611105e-02-3.430051357e-02-1.482744887e-02 4.589239601e-03
 2.344447747e-02 4.173222929e-02 5.943640694e-02 7.653142512e-02 9.298309684e-02
 1.087498888e-01 1.237845942e-01 1.380366385e-01 1.514549702e-01 1.639914066e-01
 5.160152912e-02 4.829467461e-02 4.269888252e-02 3.618856147e-02 2.938196994e-02
 2.226724289e-02 1.483430434e-02 7.075805683e-03-1.014407375e-03-9.442408569e-03
-1.820598543e-02-2.721652761e-02-3.638894856e-02-4.564323276e-02-5.490561947e-02
-6.410939246e-02-7.319527864e-02-8.211145550e-02-9.081327915e-02-9.926277399e-02
-1.074278951e-01-1.152817011e-01-1.228013784e-01-1.299672574e-01-1.367617995e-01
-1.431685686e-01-1.491712183e-01-1.547525525e-01-1.598935723e-01-1.645725369e-01
-1.687641740e-01-1.724388003e-01-1.755616367e-01-1.780920476e-01-1.799830049e-01
-1.811805815e-01-1.816236079e-01-1.812435985e-01-1.799650341e-01-1.777058244e-01
-1.743786335e-01-1.698926091e-01-1.641561389e-01-1.570805758e-01-1.485853344e-01
-1.386041641e-01-1.270931661e-01-1.140401438e-01-9.947535396e-02-8.348302543e-02
-6.621309370e-02-4.789200425e-02-2.883138135e-02-9.433475323e-03 9.806430899e-03
 2.854105830e-02 4.676526412e-02 6.446028501e-02 8.159580827e-02 9.813085198e-02
 1.140145808e-01 1.291876137e-01 1.435842514e-01 1.571359634e-01 1.697759330e-01
 5.267154798e-02 4.944900051e-02 4.379077256e-02 3.731803969e-02 3.054878674e-02
 2.347266488e-02 1.608337089e-02 8.375667036e-03 3.448785865e-04-8.013457060e-03
-1.671002433e-02-2.565767244e-02-3.477156535e-02-4.397139326e-02-5.318285525e-02
-6.233854219e-02-7.137840986e-02-8.024977893e-02-8.890713006e-02-9.731153399e-02
-1.054299921e-01-1.132345423e-01-1.207013577e-01-1.278097481e-01-1.345410645e-01
-1.408778429e-01-1.468026042e-01-1.522970498e-01-1.573410034e-01-1.619115621e-01
-1.659822613e-01-1.695222259e-01-1.724954844e-01-1.748602092e-01-1.765682548e-01
-1.775646955e-01-1.777874678e-01-1.771674752e-01-1.756288707e-01-1.730897129e-01
-1.694633961e-01-1.646605581e-01-1.585920453e-01-1.511729509e-01-1.423277110e-01
-1.319968700e-01-1.201451495e-01-1.067709178e-01-9.191693366e-02-7.568155229e-02
-5.822974816e-02-3.980233148e-02-2.072141506e-02-1.388968085e-03 1.759273373e-02
 3.619424254e-02 5.439100415e-02 7.215397060e-02 8.944479376e-02 1.062128395e-01
 1.223933920e-01 1.379069388e-01 1.526603997e-01 1.665509045e-01 1.794728935e-01
 5.385557562e-02 5.071227625e-02 4.523833841e-02 3.883253410e-02 3.211673349e-02
 2.508977242e-02 1.775062084e-02 1.009839773e-02 2.131404122e-03-6.153548136e-03
-1.476172358e-02-2.362904511e-02-3.266869858e-02-4.179907590e-02-5.094481632e-02
-6.003755704e-02-6.901624799e-02-7.782721519e-02-8.642382175e-02-9.476602823e-02
-1.028196290e-01-1.105554402e-01-1.179483607e-01-1.249763742e-01-1.316195279e-01
-1.378589272e-01-1.436757147e-01-1.490501016e-01-1.539604813e-01-1.583824158e-01
-1.622879356e-01-1.656446010e-01-1.684149504e-01-1.705557108e-01-1.720173508e-01
-1.727437079e-01-1.726717800e-01-1.717318594e-01-1.698479354e-01-1.669386029e-01
-1.629186124e-01-1.577010453e-01-1.512005925e-01-1.433377713e-01-1.340444386e-01
-1.232707649e-01-1.109935716e-01-9.722595662e-02-8.202803135e-02-6.551802903e-02
-4.788309336e-02-2.938848548e-02-1.038393285e-02 8.694089949e-03 2.749583498e-02
 4.602425918e-02 6.426881999e-02 8.220718801e-02 9.980338812e-02 1.170039997e-01
 1.337333620e-01 1.498884857e-01 1.653358042e-01 1.799127907e-01 1.934381127e-01
 5.552073196e-02 5.249426141e-02 4.711226001e-02 4.077323899e-02 3.410562128e-02
 2.711824328e-02 1.982020587e-02 1.221838500e-02 4.316109698e-03-3.886834951e-03
-1.239384338e-02-2.116511762e-02-3.011307120e-02-3.915541619e-02-4.821610078e-02
-5.722595006e-02-6.612300128e-02-7.485249639e-02-8.336666226e-02-9.162417054e-02
-9.958944470e-02-1.072318703e-01-1.145248264e-01-1.214447245e-01-1.279699802e-01
-1.340800524e-01-1.397543550e-01-1.449713260e-01-1.497075856e-01-1.539369076e-01
-1.576294452e-01-1.607510298e-01-1.632623821e-01-1.651186198e-01-1.662687361e-01
-1.666553319e-01-1.662146002e-01-1.648764759e-01-1.625653207e-01-1.592010409e-01
-1.547008455e-01-1.489817947e-01-1.419643015e-01-1.335767508e-01-1.237613782e-01
-1.124815047e-01-9.973002225e-02-8.553908765e-02-6.999062747e-02-5.322693661e-02
-3.546044603e-02-1.698149368e-02 1.837341231e-03 2.054343186e-02 3.913182765e-02
 5.760114640e-02 7.594796270e-02 9.416269511e-02 1.122246087e-01 1.300947964e-01
 1.477056444e-01 1.649456620e-01 1.816399843e-01 1.975325793e-01 2.122888565e-01
 5.777900293e-02 5.490468815e-02 4.951553792e-02 4.321779683e-02 3.654877841e-02
 2.955186367e-02 2.225918509e-02 1.468715724e-02 6.842421368e-03-1.274289214e-03
-9.666034020e-03-1.832169667e-02-2.715516090e-02-3.608473763e-02-4.503438994e-02
-5.393454060e-02-6.272250414e-02-7.134255022e-02-7.974570990e-02-8.788927644e-02
-9.573619068e-02-1.032541841e-01-1.104149073e-01-1.171929464e-01-1.235648543e-01
-1.295080781e-01-1.350000948e-01-1.400172859e-01-1.445341408e-01-1.485224217e-01
-1.519502252e-01-1.547813714e-01-1.569747478e-01-1.584837884e-01-1.592560560e-01
-1.592331827e-01-1.583509445e-01-1.565395743e-01-1.537247598e-01-1.498289853e-01
-1.447736174e-01-1.384817958e-01-1.308823228e-01-1.219146773e-01-1.115351766e-01
-9.972443432e-02-8.649600297e-02-7.190580666e-02-5.606211349e-02-3.913500160e-02
-2.136440016e-02-3.065089695e-03 1.525160391e-02 3.358768672e-02 5.195140839e-02
 7.035644352e-02 8.882035315e-02 1.073623821e-01 1.260001808e-01 1.447439045e-01
 1.635854542e-01 1.824772656e-01 2.012877315e-01 2.197034508e-01 2.370672375e-01
 6.092360616e-02 5.838463455e-02 5.292874202e-02 4.632126540e-02 3.943918645e-02
 3.231987357e-02 2.497535385e-02 1.740763336e-02 9.614165872e-03 1.589816529e-03
-6.672300398e-03-1.518028136e-02-2.386601269e-02-3.264859691e-02-4.145224020e-02
-5.020716414e-02-5.885009095e-02-6.732437760e-02-7.557982951e-02-8.357232064e-02
-9.126313776e-02-9.861820936e-02-1.056072414e-01-1.122027859e-01-1.183792353e-01
-1.241118386e-01-1.293757707e-01-1.341451555e-01-1.383921951e-01-1.420863271e-01
-1.451935172e-01-1.476754993e-01-1.494893432e-01-1.505868882e-01-1.509147137e-01
-1.504139304e-01-1.490206420e-01-1.466664821e-01-1.432798803e-01-1.387877762e-01
-1.331179738e-01-1.262026280e-01-1.179822832e-01-1.084114984e-01-9.746511281e-02
-8.514596522e-02-7.149327546e-02-5.659184605e-02-4.058098048e-02-2.366270497e-02
-6.107938942e-03 1.157758664e-02 2.937648073e-02 4.730491713e-02 6.538716704e-02
 8.365731686e-02 1.021608040e-01 1.209562123e-01 1.401172429e-01 1.597351432e-01
 1.799217612e-01 2.008143663e-01 2.225879133e-01 2.455090582e-01 2.695747316e-01
 6.478545070e-02 6.275753677e-02 5.679772794e-02 4.962834343e-02 4.244600609e-02
 3.517558426e-02 2.777527273e-02 2.022068761e-02 1.249509212e-02 4.584984854e-03
-3.522047773e-03-1.183862891e-02-2.033269778e-02-2.892385423e-02-3.753663599e-02
-4.610118270e-02-5.455372483e-02-6.283674389e-02-7.089883834e-02-7.869438827e-02
-8.618290722e-02-9.332838655e-02-1.000984162e-01-1.064632908e-01-1.123950258e-01
-1.178664416e-01-1.228502169e-01-1.273180097e-01-1.312395632e-01-1.345819384e-01
-1.373088807e-01-1.393801719e-01-1.407512426e-01-1.413728148e-01-1.411909163e-01
-1.401470900e-01-1.381789446e-01-1.352210343e-01-1.312065125e-01-1.260691732e-01
-1.197463572e-01-1.121826321e-01-1.033345759e-01-9.317635000e-02-8.170638233e-02
-6.895486265e-02-5.499181524e-02-3.993544728e-02-2.395980619e-02-7.300703321e-03
 9.554250166e-03 2.658599801e-02 4.380724207e-02 6.124070287e-02 7.892102003e-02
 9.689748287e-02 1.152377799e-01 1.340331286e-01 1.534054875e-01 1.735178977e-01
 1.945898384e-01 2.169204354e-01 2.409248650e-01 2.671871185e-01 2.952913046e-01
 6.737820804e-02 6.558399647e-02 5.954681709e-02 5.233045667e-02 4.509557784e-02
 3.780425340e-02 3.042804450e-02 2.294392511e-02 1.533336379e-02 7.580797654e-03
-3.276220523e-04-8.404790424e-03-1.665498689e-02-2.500086464e-02-3.336825222e-02
-4.168762639e-02-4.989490286e-02-5.793178082e-02-6.574567407e-02-7.328940183e-02
-8.052070439e-02-8.740150928e-02-9.389712662e-02-9.997545928e-02-1.056059897e-01
-1.107589453e-01-1.154043749e-01-1.195113435e-01-1.230470836e-01-1.259763539e-01
-1.282607764e-01-1.298584491e-01-1.307235956e-01-1.308064908e-01-1.300535947e-01
-1.284080446e-01-1.258105487e-01-1.222006232e-01-1.175186187e-01-1.117082238e-01
-1.047197953e-01-9.651455283e-02-8.706961572e-02-7.638388127e-02-6.448458135e-02
-5.143429711e-02-3.733804077e-02-2.235083655e-02-6.684268825e-03 9.217611514e-03
 2.533308975e-02 4.166705161e-02 5.823248997e-02 7.505266368e-02 9.216369689e-02
 1.096179858e-01 1.274888217e-01 1.458767802e-01 1.649187207e-01 1.848006546e-01
 2.057760507e-01 2.281904817e-01 2.525102794e-01 2.793416679e-01 3.080746830e-01
 6.886269897e-02 6.721067429e-02 6.148459762e-02 5.438017473e-02 4.723264650e-02
 4.003470391e-02 3.277144954e-02 2.542825788e-02 1.799143106e-02 1.044808142e-02
 2.785713645e-03-5.008248147e-03-1.294699218e-02-2.098271810e-02-2.904071286e-02
-3.705114126e-02-4.494944215e-02-5.267651007e-02-6.017861888e-02-6.740711629e-02
-7.431791723e-02-8.087085932e-02-8.702899516e-02-9.275768697e-02-9.802386165e-02
-1.027950644e-01-1.070387214e-01-1.107212752e-01-1.138075739e-01-1.162602454e-01
-1.180391610e-01-1.191012412e-01-1.194002330e-01-1.188869104e-01-1.175094247e-01
-1.152141541e-01-1.119469106e-01-1.076546386e-01-1.022877917e-01-9.580335021e-02
-8.816861361e-02-7.936571538e-02-6.939709932e-02-5.829147249e-02-4.611022398e-02
-3.295313939e-02-1.896107942e-02-4.324480426e-03 1.056160592e-02 2.568915486e-02
 4.105042666e-02 5.664407834e-02 7.247628272e-02 8.856236190e-02 1.049288958e-01
 1.216164380e-01 1.386831701e-01 1.562097073e-01 1.743057817e-01 1.931198686e-01
 2.128539681e-01 2.337885052e-01 2.563310862e-01 2.811273336e-01 3.070323765e-01
 6.990797073e-02 6.843049824e-02 6.278505921e-02 5.582726747e-02 4.883498698e-02
 4.179954529e-02 3.471335024e-02 2.756907046e-02 2.035914734e-02 1.307533123e-02
 5.708398763e-03-1.751979580e-03-9.317344055e-03-1.697685011e-02-2.465710416e-02
-3.228889406e-02-3.980774060e-02-4.715415090e-02-5.427353829e-02-6.111598760e-02
-6.763577461e-02-7.379077375e-02-7.954179496e-02-8.485180885e-02-8.968517184e-02
-9.400687367e-02-9.778177738e-02-1.009739935e-01-1.035462245e-01-1.054593846e-01
-1.066722125e-01-1.071411967e-01-1.068206728e-01-1.056631804e-01-1.036202535e-01
-1.006434858e-01-9.668618441e-02-9.170550853e-02-8.566521853e-02-7.853911072e-02
-7.031514496e-02-6.100025773e-02-5.062593147e-02-3.925462067e-02-2.698783390e-02
-1.397678815e-02-3.869299544e-04 1.348647755e-02 2.762413025e-02 4.200824723e-02
 5.662361905e-02 7.145911455e-02 8.650882542e-02 1.017732322e-01 1.172604039e-01
 1.329873949e-01 1.489816010e-01 1.652821451e-01 1.819410920e-01 1.990238875e-01
 2.166084349e-01 2.347804606e-01 2.536168993e-01 2.731045783e-01 2.922347188e-01
 7.030221820e-02 6.897537410e-02 6.344997138e-02 5.668594688e-02 4.989450797e-02
 4.306270927e-02 3.619170189e-02 2.928418666e-02 2.234053798e-02 1.535799820e-02
 8.331011049e-03 1.251768786e-03-5.889225751e-03-1.310256310e-02-2.033281140e-02
-2.751185372e-02-3.457585722e-02-4.146546870e-02-4.812573642e-02-5.450586602e-02
-6.055882573e-02-6.624082476e-02-7.151065767e-02-7.632912695e-02-8.065827191e-02
-8.446077257e-02-8.769928664e-02-9.033595026e-02-9.233190864e-02-9.364702553e-02
-9.423979372e-02-9.406739473e-02-9.308608621e-02-9.125188738e-02-8.852162957e-02
-8.485446125e-02-8.021386713e-02-7.457018644e-02-6.790377200e-02-6.020866334e-02
-5.149679258e-02-4.180237651e-02-3.118640557e-02-1.973905414e-02-7.584294770e-03
 4.936099984e-03 1.781076752e-02 3.099439479e-02 4.445085302e-02 5.814901367e-02
 7.206110656e-02 8.616229892e-02 1.004308015e-01 1.148481295e-01 1.293994337e-01
 1.440734416e-01 1.588620842e-01 1.737589240e-01 1.887559295e-01 2.038373053e-01
 2.189676017e-01 2.340701073e-01 2.489865571e-01 2.634004653e-01 2.767041028e-01
 6.977707893e-02 6.850178540e-02 6.342706084e-02 5.699425191e-02 5.043245479e-02
 4.380216822e-02 3.714694083e-02 3.048818558e-02 2.383411303e-02 1.718521677e-02
 1.053720713e-02 3.882697551e-03-2.787865931e-03-9.485796094e-03-1.619304530e-02
-2.284350246e-02-2.937490866e-02-3.572886810e-02-4.185076803e-02-4.768954590e-02
-5.319737643e-02-5.832923949e-02-6.304240227e-02-6.729584932e-02-7.104978710e-02
-7.426506281e-02-7.690270245e-02-7.892355323e-02-8.028802276e-02-8.095593750e-02
-8.088671416e-02-8.003968000e-02-7.837474346e-02-7.585332543e-02-7.243984193e-02
-6.810348481e-02-6.282063574e-02-5.657777190e-02-4.937496781e-02-4.122987390e-02
-3.218218312e-02-2.229756676e-02-1.167721301e-02-4.395041906e-04 1.118810102e-02
 2.318045869e-02 3.550834209e-02 4.813612998e-02 6.102609634e-02 7.413982600e-02
 8.743861318e-02 1.008836851e-01 1.144363731e-01 1.280582845e-01 1.417112947e-01
 1.553571969e-01 1.689568907e-01 1.824682653e-01 1.958425790e-01 2.090185136e-01
 2.219129652e-01 2.344081253e-01 2.463359833e-01 2.574659586e-01 2.675121427e-01
 6.988025457e-02 6.907316297e-02 6.375401467e-02 5.709993839e-02 5.050600320e-02
 4.395696893e-02 3.747124225e-02 3.105566837e-02 2.470929921e-02 1.842649654e-02
 1.219880581e-02 6.016149186e-03-1.323672768e-04-6.257834379e-03-1.237082016e-02
-1.841751114e-02-2.433887310e-02-3.007861227e-02-3.558332473e-02-4.080243781e-02
-4.568801075e-02-5.019442365e-02-5.427799746e-02-5.789658427e-02-6.100919098e-02
-6.357556581e-02-6.555597484e-02-6.691092253e-02-6.760119647e-02-6.758793443e-02
-6.683301926e-02-6.529969722e-02-6.295345724e-02-5.976340547e-02-5.570388213e-02
-5.075661093e-02-4.491319880e-02-3.817846626e-02-3.057419881e-02-2.214267477e-02
-1.295448374e-02-3.088863334e-03 7.235541940e-03 1.801950485e-02 2.921941131e-02
 4.079617560e-02 5.271076784e-02 6.492188573e-02 7.738533616e-02 9.005390853e-02
 1.028772593e-01 1.158020273e-01 1.287720650e-01 1.417287439e-01 1.546114981e-01
 1.673580408e-01 1.799045354e-01 1.921849847e-01 2.041297406e-01 2.156629860e-01
 2.266990542e-01 2.371385396e-01 2.468655258e-01 2.557491362e-01 2.636518478e-01
 6.940247118e-02 6.897836924e-02 6.351025403e-02 5.647920445e-02 4.974373430e-02
 4.324035347e-02 3.693015873e-02 3.078747168e-02 2.479204908e-02 1.892597042e-02
 1.317268237e-02 7.516797166e-03 1.944064628e-03-3.558711382e-03-9.003981948e-03
-1.437295228e-02-1.960962452e-02-2.466026507e-02-2.947334759e-02-3.399949893e-02
-3.819140047e-02-4.200357571e-02-4.539220035e-02-4.831481352e-02-5.073011667e-02
-5.259779096e-02-5.387838185e-02-5.453337729e-02-5.452536419e-02-5.381840467e-02
-5.237866938e-02-5.017533153e-02-4.718173668e-02-4.337690398e-02-3.874762356e-02
-3.329077736e-02-2.701428346e-02-1.994208992e-02-1.211985573e-02-3.601060482e-03
 5.430845544e-03 1.498446427e-02 2.502515167e-02 3.552342579e-02 4.644535482e-02
 5.775395036e-02 6.940872222e-02 8.136486262e-02 9.357233346e-02 1.059752479e-01
 1.185113490e-01 1.311118305e-01 1.437016428e-01 1.562002152e-01 1.685229093e-01
 1.805828065e-01 1.922929138e-01 2.035681456e-01 2.143270969e-01 2.244928032e-01
 2.339928448e-01 2.427588999e-01 2.507265508e-01 2.578361630e-01 2.640357912e-01
 6.679851562e-02 6.646400690e-02 6.112706289e-02 5.416371301e-02 4.754073173e-02
 4.123724997e-02 3.521704674e-02 2.944506519e-02 2.388942614e-02 1.852205396e-02
 1.331872679e-02 8.258913644e-03 3.325493075e-03-1.495524775e-03-6.215177011e-03
-1.084140502e-02-1.532709692e-02-1.962247305e-02-2.367882617e-02-2.744881250e-02
-3.088655695e-02-3.394764289e-02-3.658902273e-02-3.876895830e-02-4.044696689e-02
-4.158383980e-02-4.214180261e-02-4.208479077e-02-4.137887061e-02-3.999286890e-02
-3.789918870e-02-3.507515416e-02-3.150439262e-02-2.717730403e-02-2.209535800e-02
-1.627836376e-02-9.745124727e-03-2.530966187e-03 5.234000273e-03 1.356087718e-02
 2.242493443e-02 3.180694953e-02 4.168390110e-02 5.203018337e-02 6.281661987e-02
 7.400970161e-02 8.557057381e-02 9.745381027e-02 1.096059754e-01 1.219641939e-01
 1.344548911e-01 1.469928622e-01 1.594812572e-01 1.718125343e-01 1.838710308e-01
 1.955371797e-01 2.066929936e-01 2.172284126e-01 2.270472646e-01 2.360719144e-01
 2.442459911e-01 2.515346706e-01 2.579230368e-01 2.634132206e-01 2.680209577e-01
 6.241633743e-02 6.216621399e-02 5.668109655e-02 4.989264160e-02 4.356306419e-02
 3.764034808e-02 3.207690269e-02 2.682435513e-02 2.183872648e-02 1.708257198e-02
 1.252535079e-02 8.142960258e-03 3.916906659e-03-1.665361051e-04-4.117137287e-03
-7.941542193e-03-1.162051503e-02-1.510735229e-02-1.835614443e-02-2.132206783e-02
-2.396150120e-02-2.623204328e-02-2.809255384e-02-2.950319648e-02-3.042556532e-02
-3.082293272e-02-3.066064417e-02-2.990669943e-02-2.853250504e-02-2.651364356e-02
-2.383011207e-02-2.046934888e-02-1.643183827e-02-1.171305776e-02-6.313396152e-03
-3.536538570e-04 6.188499741e-03 1.331430674e-02 2.100497670e-02 2.924877964e-02
 3.803248703e-02 4.734211043e-02 5.716186017e-02 6.747338921e-02 7.825484872e-02
 8.947964013e-02 1.011148468e-01 1.131193191e-01 1.254411787e-01 1.380151659e-01
 1.507595330e-01 1.635732651e-01 1.763341129e-01 1.888985038e-01 2.011045516e-01
 2.127793729e-01 2.237507552e-01 2.338615060e-01 2.429838628e-01 2.510308027e-01
 2.579619884e-01 2.637838423e-01 2.685436010e-01 2.723186910e-01 2.752037644e-01
 5.528596044e-02 5.489822105e-02 4.977327585e-02 4.335020855e-02 3.752747551e-02
 3.221981972e-02 2.733672783e-02 2.280090190e-02 1.855146699e-02 1.454260107e-02
 1.074083429e-02 7.122446317e-03 3.671338316e-03 3.774380893e-04-2.764425706e-03
-5.755259655e-03-8.592249826e-03-1.123736240e-02-1.364784501e-02-1.578228362e-02
-1.760046743e-02-1.906330511e-02-2.013289556e-02-2.077265829e-02-2.094762214e-02
-2.062481828e-02-1.977396198e-02-1.836846396e-02-1.638710126e-02-1.381690893e-02
-1.064114645e-02-6.844909396e-03-2.516567940e-03 2.370177303e-03 7.825531997e-03
 1.383997314e-02 2.041200921e-02 2.754013613e-02 3.522056714e-02 4.344927520e-02
 5.222181976e-02 6.153314933e-02 7.137718797e-02 8.174616098e-02 9.262964129e-02
 1.040132344e-01 1.158766598e-01 1.281912178e-01 1.409162432e-01 1.539945453e-01
 1.673464477e-01 1.808627695e-01 1.943972856e-01 2.077604979e-01 2.207183391e-01
 2.330013812e-01 2.443280369e-01 2.544396222e-01 2.631357312e-01 2.702997029e-01
 2.759096026e-01 2.800370455e-01 2.828334868e-01 2.845036089e-01 2.852696180e-01
 4.520546645e-02 4.454625770e-02 3.971894085e-02 3.401137516e-02 2.912744135e-02
 2.483029105e-02 2.095142566e-02 1.738411561e-02 1.406173315e-02 1.094274875e-02
 8.001649752e-03 5.223541986e-03 2.600936685e-03 1.318175055e-04-2.181472490e-03
-4.332810175e-03-6.312509999e-03-8.107349277e-03-9.672071785e-03-1.097086072e-02
-1.196894050e-02-1.263222005e-02-1.292763092e-02-1.282338705e-02-1.228931919e-02
-1.129726414e-02-9.821595624e-03-7.839818485e-03-5.333064590e-03-2.347701229e-03
 1.143438858e-03 5.152675789e-03 9.677668102e-03 1.472308952e-02 2.029392123e-02
 2.639326453e-02 3.302456066e-02 4.019155353e-02 4.789816961e-02 5.614874139e-02
 6.494814157e-02 7.430177927e-02 8.421550691e-02 9.469526261e-02 1.057465225e-01
 1.173733175e-01 1.295766234e-01 1.423519552e-01 1.556854397e-01 1.695481092e-01
 1.838870496e-01 1.986126155e-01 2.135798782e-01 2.285638750e-01 2.432322502e-01
 2.571326494e-01 2.697328627e-01 2.805300057e-01 2.891619503e-01 2.954516709e-01
 2.994054258e-01 3.012076020e-01 3.012137711e-01 2.999028563e-01 2.977639139e-01
 3.038307652e-02 2.886635065e-02 2.496439032e-02 2.130408399e-02 1.832677610e-02
 1.565504260e-02 1.316851564e-02 1.081865467e-02 8.585520089e-03 6.462710444e-03
 4.451049492e-03 2.555628074e-03 7.843551575e-04-8.526998572e-04-2.343496075e-03
-3.673857544e-03-4.826958757e-03-5.782309920e-03-6.513821427e-03-6.994021125e-03
-7.196824532e-03-7.094221655e-03-6.659565959e-03-5.867567845e-03-4.694748204e-03
-3.119630972e-03-1.123353257e-03 1.309484011e-03 4.189464729e-03 7.519889157e-03
 1.130918972e-02 1.556558721e-02 2.029576711e-02 2.550679632e-02 3.120614961e-02
 3.740165755e-02 4.410184920e-02 5.131625012e-02 5.905561894e-02 6.733223796e-02
 7.616024464e-02 8.555595577e-02 9.553816170e-02 1.061284319e-01 1.173513085e-01
 1.292343587e-01 1.418078989e-01 1.551040709e-01 1.691548079e-01 1.839879453e-01
 1.996198446e-01 2.160422206e-01 2.331984490e-01 2.509394288e-01 2.689329684e-01
 2.864661217e-01 3.022362888e-01 3.149507940e-01 3.240257204e-01 3.293126822e-01
 3.308689594e-01 3.289604783e-01 3.242375255e-01 3.179766536e-01 3.115221858e-01
 1.000176184e-02 6.043123081e-03 6.177992560e-03 6.691713817e-03 6.375668105e-03
 5.651267245e-03 4.707164131e-03 3.645651974e-03 2.532011829e-03 1.412932761e-03
 3.245553235e-04-7.034922601e-04-1.645776560e-03-2.479544841e-03-3.183617489e-03
-3.737504361e-03-4.120670725e-03-4.311959725e-03-4.289329518e-03-4.030415323e-03
-3.513088450e-03-2.715520095e-03-1.616708352e-03-1.968035067e-04 1.562619349e-03
 3.678338137e-03 6.165253930e-03 9.036190808e-03 1.230183989e-02 1.597112603e-02
 2.005284093e-02 2.455577254e-02 2.948880941e-02 3.486135975e-02 4.068364576e-02
 4.696698487e-02 5.372409523e-02 6.096946076e-02 6.871969253e-02 7.699400187e-02
 8.581472188e-02 9.520803392e-02 1.052047238e-01 1.158412546e-01 1.271610260e-01
 1.392159462e-01 1.520682871e-01 1.657929718e-01 1.804799736e-01 1.962365955e-01
 2.131891698e-01 2.314825505e-01 2.512767017e-01 2.727413774e-01 2.960647345e-01
 3.215768337e-01 3.444195986e-01 3.600580096e-01 3.696174026e-01 3.736851811e-01
 3.717569113e-01 3.642950952e-01 3.505496979e-01 3.349771202e-01 3.231433630e-01
-4.095138516e-03-8.837761357e-03-7.796945050e-03-5.699426401e-03-4.432216752e-03
-3.755530575e-03-3.480642568e-03-3.468883922e-03-3.618449206e-03-3.852991853e-03
-4.113761708e-03-4.354351666e-03-4.537095781e-03-4.630521405e-03-4.607487004e-03
-4.443814047e-03-4.117292818e-03-3.607006744e-03-2.892949153e-03-1.955925254e-03
-7.775863050e-04 6.595065352e-04 2.371760551e-03 4.374437500e-03 6.681571715e-03
 9.305926971e-03 1.225900650e-02 1.555113588e-02 1.919166930e-02 2.318935283e-02
 2.755285241e-02 3.229115903e-02 3.741394728e-02 4.293192551e-02 4.885716364e-02
 5.520343781e-02 6.198653951e-02 6.922464818e-02 7.693878561e-02 8.515328914e-02
 9.389655292e-02 1.032019034e-01 1.131087616e-01 1.236643046e-01 1.349255890e-01
 1.469624937e-01 1.598617733e-01 1.737326682e-01 1.887146384e-01 2.049881220e-01
 2.227891833e-01 2.424282730e-01 2.643110752e-01 2.889560759e-01 3.170043826e-01
 3.469923735e-01 3.699208796e-01 3.856084943e-01 3.944604993e-01 3.961817324e-01
 3.909783363e-01 3.778100908e-01 3.580098450e-01 3.409620821e-01 3.272576332e-01
-1.367881801e-02-1.880803891e-02-1.755821891e-02-1.503876969e-02-1.315311994e-02
-1.177451387e-02-1.078002155e-02-1.005780790e-02-9.512936696e-03-9.067732841e-03
-8.659713902e-03-8.238767274e-03-7.764370181e-03-7.203196641e-03-6.527204067e-03
-5.712191574e-03-4.736771341e-03-3.581681056e-03-2.229359932e-03-6.637230399e-04
 1.129949349e-03 3.165062750e-03 5.453739315e-03 8.006854914e-03 1.083410811e-02
 1.394412573e-02 1.734462567e-02 2.104265057e-02 2.504486404e-02 2.935793810e-02
 3.398897871e-02 3.894595802e-02 4.423812404e-02 4.987638071e-02 5.587359890e-02
 6.224494800e-02 6.900813431e-02 7.618371397e-02 8.379539102e-02 9.187050909e-02
 1.004405916e-01 1.095422432e-01 1.192183420e-01 1.295197010e-01 1.405074447e-01
 1.522562951e-01 1.648592204e-01 1.784343719e-01 1.931351572e-01 2.091659158e-01
 2.268068939e-01 2.464552671e-01 2.686917484e-01 2.943646312e-01 3.243771791e-01
 3.508965671e-01 3.708883822e-01 3.843950033e-01 3.912223577e-01 3.913321197e-01
 3.835375607e-01 3.671781421e-01 3.494873643e-01 3.347302973e-01 3.223341703e-01
-1.981441863e-02-2.520499192e-02-2.438301407e-02-2.190848626e-02-1.992543228e-02
-1.834600978e-02-1.706666872e-02-1.599092223e-02-1.503598131e-02-1.413433719e-02
-1.323236246e-02-1.228767447e-02-1.126636844e-02-1.014064159e-02-8.887014352e-03
-7.485121489e-03-5.916969851e-03-4.166540690e-03-2.219607821e-03-6.366458547e-05
 2.312106313e-03 4.916878883e-03 7.758262102e-03 1.084242482e-02 1.417426765e-02
 1.775764115e-02 2.159562148e-02 2.569084615e-02 3.004593030e-02 3.466394171e-02
 3.954892606e-02 4.470643029e-02 5.014403164e-02 5.587173253e-02 6.190229952e-02
 6.825147569e-02 7.493806630e-02 8.198399842e-02 8.941437304e-02 9.725760669e-02
 1.055456549e-01 1.143145561e-01 1.236051619e-01 1.334643513e-01 1.439465880e-01
 1.551162750e-01 1.670507640e-01 1.798447520e-01 1.936163157e-01 2.085160762e-01
 2.247410864e-01 2.425591052e-01 2.623576820e-01 2.847952247e-01 3.087261021e-01
 3.288298249e-01 3.442918658e-01 3.548285663e-01 3.603366017e-01 3.600127697e-01
 3.535740376e-01 3.416676521e-01 3.302218914e-01 3.197704256e-01 3.103610873e-01
-2.372377180e-02-2.947664075e-02-2.885825187e-02-2.675065026e-02-2.509391122e-02
-2.373646200e-02-2.254850045e-02-2.143017389e-02-2.031072043e-02-1.914209127e-02
-1.789173670e-02-1.653655246e-02-1.505858451e-02-1.344233751e-02-1.167337876e-02
-9.737871587e-03-7.622671314e-03-5.315693095e-03-2.806362463e-03-8.596571570e-05
 2.852138598e-03 6.012485828e-03 9.397617541e-03 1.300829370e-02 1.684377156e-02
 2.090210654e-02 2.518050931e-02 2.967576310e-02 3.438474238e-02 3.930505738e-02
 4.443583637e-02 4.977848008e-02 5.533746257e-02 6.112088636e-02 6.714085490e-02
 7.341347635e-02 7.995872945e-02 8.679996431e-02 9.396347404e-02 1.014780030e-01
 1.093744412e-01 1.176857203e-01 1.264469028e-01 1.356955767e-01 1.454721838e-01
 1.558206230e-01 1.667886227e-01 1.784277558e-01 1.907923073e-01 2.039358616e-01
 2.179023176e-01 2.327038050e-01 2.482673526e-01 2.643158138e-01 2.800741196e-01
 2.940361500e-01 3.053269982e-01 3.134827614e-01 3.182115555e-01 3.193751574e-01
 3.171117008e-01 3.125041723e-01 3.067844212e-01 3.006395102e-01 2.944810987e-01
-2.468322590e-02-3.080003895e-02-3.094064258e-02-2.981861867e-02-2.909539640e-02
-2.845693566e-02-2.772198431e-02-2.680556476e-02-2.568045445e-02-2.434789017e-02
-2.281937748e-02-2.110671252e-02-1.921720803e-02-1.715221256e-02-1.490760967e-02
-1.247542631e-02-9.845837019e-03-7.009085268e-03-3.957030363e-03-6.841727300e-04
 2.811876358e-03 6.530404091e-03 1.046793535e-02 1.461871993e-02 1.897520944e-02
 2.352843806e-02 2.826830372e-02 3.318392485e-02 3.826417029e-02 4.349852726e-02
 4.887833446e-02 5.439822376e-02 6.005754694e-02 6.586144120e-02 7.182138413e-02
 7.795496285e-02 8.428506553e-02 9.083853662e-02 9.764469415e-02 1.047338769e-01
 1.121363640e-01 1.198816150e-01 1.279977858e-01 1.365114450e-01 1.454471201e-01
 1.548265666e-01 1.646673828e-01 1.749803424e-01 1.857648194e-01 1.970010102e-01
 2.086367607e-01 2.205669135e-01 2.326033115e-01 2.444404215e-01 2.556429505e-01
 2.657054663e-01 2.741719186e-01 2.807131112e-01 2.851490676e-01 2.874647975e-01
 2.878340781e-01 2.866088152e-01 2.842226923e-01 2.810766399e-01 2.774878740e-01
-2.117704786e-02-2.721411549e-02-2.997664176e-02-3.162266314e-02-3.293132037e-02
-3.359096125e-02-3.353686258e-02-3.286096826e-02-3.168555349e-02-3.012088686e-02
-2.825375088e-02-2.614472620e-02-2.382941730e-02-2.132239006e-02-1.862283796e-02
-1.572070830e-02-1.260226220e-02-9.254517034e-03-5.668320227e-03-1.840054756e-03
 2.227944089e-03 6.528051570e-03 1.104866527e-02 1.577562839e-02 2.069323696e-02
 2.578457445e-02 3.103127331e-02 3.641308472e-02 4.190785810e-02 4.749254510e-02
 5.314537138e-02 5.884899944e-02 6.459378451e-02 7.038028538e-02 7.622037083e-02
 8.213665336e-02 8.816026896e-02 9.432744980e-02 1.006758511e-01 1.072413847e-01
 1.140561700e-01 1.211474985e-01 1.285373867e-01 1.362423748e-01 1.442731321e-01
 1.526335180e-01 1.613189876e-01 1.703138649e-01 1.795873046e-01 1.890877187e-01
 1.987353265e-01 2.084137797e-01 2.179626524e-01 2.271756083e-01 2.358098775e-01
 2.436110675e-01 2.503469884e-01 2.558397353e-01 2.599880695e-01 2.627792060e-01
 2.642890215e-01 2.646677792e-01 2.641110122e-01 2.628266215e-01 2.610081136e-01
-1.683243178e-02-2.309176512e-02-2.897141501e-02-3.464544564e-02-3.974550217e-02
-4.142896831e-02-4.152337462e-02-4.056902975e-02-3.890646249e-02-3.677441925e-02
-3.433822840e-02-3.169934079e-02-2.890389413e-02-2.595612034e-02-2.283439413e-02
-1.950570941e-02-1.593652740e-02-1.210002322e-02-7.980513386e-03-3.575536422e-03
 1.104539493e-03 6.039407104e-03 1.120340265e-02 1.656996831e-02 2.211420052e-02
 2.781270444e-02 3.364116699e-02 3.957080841e-02 4.556538910e-02 5.158105865e-02
 5.757082999e-02 6.349290907e-02 6.931949407e-02 7.504289597e-02 8.067807555e-02
 8.626170456e-02 9.184684604e-02 9.749373794e-02 1.032600179e-01 1.091940477e-01
 1.153325737e-01 1.217012107e-01 1.283158511e-01 1.351838261e-01 1.423044503e-01
 1.496688873e-01 1.572590768e-01 1.650461704e-01 1.729882509e-01 1.810276061e-01
 1.890878826e-01 1.970721036e-01 2.048623711e-01 2.123229653e-01 2.193076015e-01
 2.256712317e-01 2.312841713e-01 2.360458970e-01 2.398957610e-01 2.428187281e-01
 2.448450923e-01 2.460440993e-01 2.465129942e-01 2.463637739e-01 2.457110286e-01
-1.449278183e-02-2.155199274e-02-2.922755107e-02-3.791613877e-02-4.750657082e-02
-5.283226073e-02-5.295651406e-02-5.052556843e-02-4.751383141e-02-4.421108216e-02
-4.084374756e-02-3.752437979e-02-3.425168246e-02-3.095314279e-02-2.753121592e-02
-2.389216423e-02-1.995902695e-02-1.567700319e-02-1.101723406e-02-5.980382208e-03
-5.969835329e-04 5.080422387e-03 1.099340338e-02 1.709326915e-02 2.334752120e-02
 2.973666042e-02 3.624519333e-02 4.284926876e-02 4.950195178e-02 5.612175912e-02
 6.260064989e-02 6.883699447e-02 7.476432621e-02 8.035936207e-02 8.564340323e-02
 9.068644792e-02 9.560190886e-02 1.005158797e-01 1.055298969e-01 1.107091084e-01
 1.160897017e-01 1.216887608e-01 1.275109053e-01 1.335518658e-01 1.398000419e-01
 1.462368667e-01 1.528363824e-01 1.595643759e-01 1.663773805e-01 1.732216626e-01
 1.800324917e-01 1.867343634e-01 1.932421923e-01 1.994642466e-01 2.053067088e-01
 2.106798589e-01 2.155045867e-01 2.197190821e-01 2.232837528e-01 2.261839509e-01
 2.284301370e-01 2.300551832e-01 2.311097533e-01 2.316563427e-01 2.317633480e-01
-1.162707340e-02-1.887604035e-02-2.703797072e-02-3.658949211e-02-4.790583998e-02
-5.642900988e-02-6.083428115e-02-6.095154583e-02-5.676230788e-02-5.139840394e-02
-4.672220349e-02-4.282008484e-02-3.940444067e-02-3.613735735e-02-3.275278583e-02
-2.906625345e-02-2.494853549e-02-2.030730993e-02-1.508558728e-02-9.278743528e-03
-2.964560408e-03 3.697539913e-03 1.054589357e-02 1.749098487e-02 2.451305278e-02
 3.163212165e-02 3.888484091e-02 4.630678892e-02 5.390458554e-02 6.156316400e-02
 6.891720742e-02 7.568081468e-02 8.176513016e-02 8.714111894e-02 9.180888534e-02
 9.584455937e-02 9.956759214e-02 1.033821851e-01 1.074340343e-01 1.117508560e-01
 1.163287386e-01 1.211536080e-01 1.262073070e-01 1.314691305e-01 1.369156688e-01
 1.425201446e-01 1.482516527e-01 1.540743262e-01 1.599467695e-01 1.658216417e-01
 1.716457754e-01 1.773606837e-01 1.829038709e-01 1.882108599e-01 1.932179779e-01
 1.978656352e-01 2.021018416e-01 2.058853358e-01 2.091881335e-01 2.119969577e-01
 2.143134028e-01 2.161528021e-01 2.175420523e-01 2.185168415e-01 2.191185355e-01
-7.383615244e-03-1.401276700e-02-2.129766531e-02-2.935171127e-02-3.817389905e-02
-4.754984379e-02-5.579959601e-02-5.997031555e-02-5.959856510e-02-5.430258811e-02
-4.917483404e-02-4.608754814e-02-4.392119870e-02-4.160217941e-02-3.884709999e-02
-3.552130982e-02-3.151223063e-02-2.669997886e-02-2.094591781e-02-1.409816090e-02
-6.103193853e-03 2.253441373e-03 1.031029318e-02 1.811758056e-02 2.580398880e-02
 3.350247443e-02 4.134900123e-02 4.949624091e-02 5.814277008e-02 6.755895913e-02
 7.619543374e-02 8.356664330e-02 8.984544128e-02 9.494806826e-02 9.883429110e-02
 1.013255119e-01 1.030088887e-01 1.055129617e-01 1.085834056e-01 1.120815650e-01
 1.159220114e-01 1.200466529e-01 1.244121790e-01 1.289828569e-01 1.337261796e-01
 1.386101544e-01 1.436015368e-01 1.486650258e-01 1.537625492e-01 1.588530838e-01
 1.638928950e-01 1.688360125e-01 1.736351699e-01 1.782431453e-01 1.826144308e-01
 1.867070347e-01 1.904843599e-01 1.939169616e-01 1.969837993e-01 1.996730715e-01
 2.019822747e-01 2.039178163e-01 2.054938227e-01 2.067309022e-01 2.076542377e-01
-2.005797811e-03-7.573650219e-03-1.352000888e-02-1.983955130e-02-2.644846216e-02
-3.317567706e-02-3.977462277e-02-4.594579339e-02-4.941335320e-02-4.712606966e-02
-4.439793155e-02-4.385901615e-02-4.415291920e-02-4.324178770e-02-4.138514772e-02
-3.865157068e-02-3.499310836e-02-3.030031547e-02-2.438536100e-02-1.689397357e-02
-7.173173130e-03 2.738737734e-03 1.150477026e-02 1.966349967e-02 2.753680572e-02
 3.534728289e-02 4.328302667e-02 5.153835565e-02 6.035024673e-02 6.997221708e-02
 7.878974825e-02 8.621975034e-02 9.241786599e-02 9.733767062e-02 1.008909568e-01
 1.028670222e-01 1.039784476e-01 1.059156656e-01 1.084498465e-01 1.114198118e-01
 1.147258803e-01 1.183043569e-01 1.221103743e-01 1.261077225e-01 1.302635968e-01
 1.345461160e-01 1.389231235e-01 1.433615834e-01 1.478273869e-01 1.522852778e-01
 1.566990018e-01 1.610317528e-01 1.652467698e-01 1.693081856e-01 1.731819510e-01
 1.768370122e-01 1.802462041e-01 1.833873540e-01 1.862438917e-01 1.888053268e-01
 1.910673678e-01 1.930316687e-01 1.947053075e-01 1.960999817e-01 1.972311586e-01
 0.206783485E+01 0.209324479E+01 0.210840321E+01 0.212501931E+01 0.214714360E+01
 0.216250920E+01 0.217782450E+01 0.219374561E+01 0.220951986E+01 0.222494721E+01
 0.224081588E+01 0.225617504E+01 0.227190661E+01 0.228787279E+01 0.230385637E+01
 0.231962943E+01 0.233601737E+01 0.235276675E+01 0.236930656E+01 0.238638973E+01
 0.240404677E+01 0.242202687E+01 0.244021320E+01 0.245906544E+01 0.247864795E+01
 0.249870801E+01 0.251933908E+01 0.254077840E+01 0.256297898E+01 0.258622718E+01
 0.261011362E+01 0.263504219E+01 0.266114545E+01 0.268858385E+01 0.271703792E+01
 0.274677134E+01 0.277808166E+01 0.281107068E+01 0.284580994E+01 0.288225031E+01
 0.292070174E+01 0.296146178E+01 0.300469470E+01 0.305059910E+01 0.309926724E+01
 0.315126491E+01 0.320685291E+01 0.326645803E+01 0.333055592E+01 0.339978361E+01
 0.347461843E+01 0.355632710E+01 0.364534283E+01 0.374371552E+01 0.385201097E+01
 0.397399855E+01 0.411066628E+01 0.426782942E+01 0.445048475E+01 0.466835403E+01
 0.493485165E+01 0.528280640E+01 0.577172613E+01 0.660384703E+01 0.123434963E+02
   91   86
 0.106971502E+01-0.100000001E+00 0.106802177E+01 0.000000000E+00 0.107238853E+01
 0.100000001E+00 0.107906246E+01 0.168511659E+00 0.108979702E+01 0.250000000E+00
 0.110562503E+01 0.339103490E+00 0.111776984E+01 0.400000006E+00 0.113218749E+01
 0.465893984E+00 0.115175247E+01 0.550000012E+00 0.116403472E+01 0.600000024E+00
 0.118531251E+01 0.683486402E+00 0.120368147E+01 0.750000000E+00 0.121824336E+01
 0.800000012E+00 0.123843753E+01 0.864148617E+00 0.126499999E+01 0.927852690E+00
 0.129156256E+01 0.966902137E+00 0.134337020E+01 0.995552957E+00 0.139515626E+01
 0.998210430E+00 0.144828129E+01 0.990072489E+00 0.149874997E+01 0.975823760E+00
 0.155187511E+01 0.954933822E+00 0.158109379E+01 0.942210019E+00 0.163156247E+01
 0.916688323E+00 0.166078126E+01 0.899836659E+00 0.171186829E+01 0.868420422E+00
 0.174046874E+01 0.848684251E+00 0.179128790E+01 0.811219215E+00 0.182015634E+01
 0.788382947E+00 0.185949194E+01 0.754200101E+00 0.189935815E+01 0.718146920E+00
 0.192640626E+01 0.691596091E+00 0.196162212E+01 0.654512525E+00 0.200495601E+01
 0.605000019E+00 0.203265619E+01 0.570885956E+00 0.205921888E+01 0.534907579E+00
 0.208578134E+01 0.495574296E+00 0.211234379E+01 0.452379882E+00 0.213932252E+01
 0.403931856E+00 0.216597128E+01 0.350353032E+00 0.219232702E+01 0.290137410E+00
 0.221859384E+01 0.219595790E+00 0.223741269E+01 0.157449543E+00 0.224960852E+01
 0.105000004E+00 0.226042652E+01 0.999999978E-02 0.225716949E+01-0.900000036E-01
 0.224908972E+01-0.147001624E+00 0.222592664E+01-0.242162392E+00 0.220942640E+01
-0.295000017E+00 0.219145417E+01-0.344999999E+00 0.217071128E+01-0.397239178E+00
 0.214421868E+01-0.456165612E+00 0.211765623E+01-0.508388281E+00 0.209109378E+01
-0.555035353E+00 0.206453133E+01-0.597162724E+00 0.203016496E+01-0.646191776E+00
 0.199282753E+01-0.695013702E+00 0.195980835E+01-0.735198438E+00 0.193180192E+01
-0.767598748E+00 0.190346158E+01-0.798157394E+00 0.185724711E+01-0.846059680E+00
 0.182693017E+01-0.876158178E+00 0.179890621E+01-0.902052104E+00 0.174843740E+01
-0.945521355E+00 0.172045577E+01-0.968909204E+00 0.168075168E+01-0.998227596E+00
 0.164218760E+01-0.102606630E+01 0.160547650E+01-0.104886103E+01 0.156250000E+01
-0.107525289E+01 0.151697648E+01-0.109856415E+01 0.148247170E+01-0.111638343E+01
 0.142968750E+01-0.113912940E+01 0.140046871E+01-0.115005553E+01 0.134999990E+01
-0.116827393E+01 0.129687500E+01-0.118172944E+01 0.124375010E+01-0.118795907E+01
 0.118693221E+01-0.118142509E+01 0.115409052E+01-0.117422128E+01 0.115888977E+01
-0.114170992E+01 0.116977620E+01-0.105995429E+01 0.117405760E+01-0.959999979E+00
 0.116940188E+01-0.860000014E+00 0.115972137E+01-0.766806006E+00 0.115181303E+01
-0.706113875E+00 0.113724756E+01-0.610000014E+00 0.112846148E+01-0.555000007E+00
 0.111299467E+01-0.459999979E+00 0.110422587E+01-0.405000001E+00 0.109003317E+01
-0.310000002E+00 0.108007848E+01-0.228296533E+00 0.107323587E+01-0.156205624E+00
 0.107001674E+01-0.105000004E+00
 0.101600003E+01 0.000000000E+00 0.101600003E+01 0.963999987E+00 0.101600003E+01
 0.967999995E+00 0.101600003E+01 0.100100005E+01 0.101600003E+01 0.101900005E+01
 0.101600003E+01 0.107700002E+01 0.101600003E+01 0.107000005E+01 0.101600003E+01
 0.109599996E+01 0.101600003E+01 0.111300004E+01 0.101600003E+01 0.113800001E+01
 0.101600003E+01 0.114699996E+01 0.101199996E+01 0.116499996E+01 0.100100005E+01
 0.121700001E+01 0.102900004E+01 0.121700001E+01 0.104200006E+01 0.116240001E+01
 0.104600000E+01 0.116237998E+01 0.105599999E+01 0.116260004E+01 0.109700000E+01
 0.116450000E+01 0.110800004E+01 0.116594005E+01 0.111600006E+01 0.116591001E+01
 0.113399994E+01 0.116895998E+01 0.114800000E+01 0.117174995E+01 0.116199994E+01
 0.117556000E+01 0.118099999E+01 0.118299997E+01 0.118200004E+01 0.118350005E+01
 0.118499994E+01 0.118499994E+01 0.119000006E+01 0.118799996E+01 0.119500005E+01
 0.119099998E+01 0.120099998E+01 0.119599998E+01 0.120899999E+01 0.120200002E+01
 0.121500003E+01 0.120799994E+01 0.122200000E+01 0.121399999E+01 0.122800004E+01
 0.122099996E+01 0.123399997E+01 0.123099995E+01 0.123899996E+01 0.123800004E+01
 0.124199998E+01 0.124399996E+01 0.124800003E+01 0.125399995E+01 0.125800002E+01
 0.127800000E+01 0.126300001E+01 0.128999996E+01 0.127999997E+01 0.133099997E+01
 0.127999997E+01 0.134700000E+01 0.127999997E+01 0.134800005E+01 0.130999994E+01
 0.134800005E+01 0.132799995E+01 0.134800005E+01 0.136099994E+01 0.134800005E+01
 0.138000000E+01 0.134800005E+01 0.141900003E+01 0.134800005E+01 0.141900003E+01
 0.130999994E+01 0.137199998E+01 0.130999994E+01 0.137199998E+01 0.129200006E+01
 0.160800004E+01 0.109500003E+01 0.164699996E+01 0.107700002E+01 0.178499997E+01
 0.107700002E+01 0.206999993E+01 0.103999996E+01 0.212800002E+01 0.992999971E+00
 0.224499989E+01 0.708999991E+00 0.232299995E+01 0.518999994E+00 0.237700009E+01
 0.388999999E+00 0.236249995E+01 0.400000006E+00 0.236443496E+01 0.222000003E+00
 0.236496902E+01 0.133000001E+00 0.236532402E+01 0.439999998E-01 0.236512089E+01
-0.439999998E-01 0.236484194E+01-0.133000001E+00 0.236433411E+01-0.222000003E+00
 0.236249995E+01-0.400000006E+00 0.237700009E+01-0.388999999E+00 0.213400006E+01
-0.972999990E+00 0.178600001E+01-0.117400002E+01 0.176800001E+01-0.121099997E+01
 0.176800001E+01-0.125000000E+01 0.168200004E+01-0.125000000E+01 0.137199998E+01
-0.125000000E+01 0.137199998E+01-0.132900000E+01 0.141999996E+01-0.132900000E+01
 0.141999996E+01-0.136300004E+01 0.127300000E+01-0.136300004E+01 0.115300000E+01
-0.136300004E+01 0.101600003E+01-0.122300005E+01 0.101600003E+01-0.122300005E+01
 0.101600003E+01-0.829999983E+00 0.101600003E+01-0.800000012E+00 0.101600003E+01
-0.414999992E+00 0.101600003E+01-0.400000006E+00 0.101600003E+01-0.100000005E-02
 0.101600003E+01 0.000000000E+00
    0 0.169550002E+01    0
 0.000000000E+00 0.103180528E+00 0.146422625E+00 0.179781348E+00 0.206694633E+00
 0.231862307E+00 0.254784405E+00 0.275927454E+00 0.295720667E+00 0.314365774E+00
 0.332153171E+00 0.349126786E+00 0.365396172E+00 0.381121784E+00 0.396308482E+00
 0.411037385E+00 0.425356776E+00 0.439324737E+00 0.452923208E+00 0.466238201E+00
 0.479290336E+00 0.492070168E+00 0.504626155E+00 0.516954064E+00 0.529127955E+00
 0.541114986E+00 0.552896738E+00 0.564543724E+00 0.576088130E+00 0.587493002E+00
 0.598774731E+00 0.609926224E+00 0.621015191E+00 0.632015467E+00 0.642957449E+00
 0.653794587E+00 0.664588034E+00 0.675338805E+00 0.686047733E+00 0.696725905E+00
 0.707367480E+00 0.718010008E+00 0.728636146E+00 0.739269316E+00 0.749906600E+00
 0.760574520E+00 0.771274328E+00 0.782024801E+00 0.792825103E+00 0.803695202E+00
 0.814634800E+00 0.825700343E+00 0.836853921E+00 0.848177850E+00 0.859622896E+00
 0.871311307E+00 0.883165002E+00 0.895328403E+00 0.907793224E+00 0.920660555E+00
 0.933970630E+00 0.947996914E+00 0.962879956E+00 0.979229450E+00 0.100000000E+01
    0
