  EFITD    06/25/2013    #1553313000.0ms  EFIT01   0  65  65
 0.170000005E+01 0.320000005E+01 0.169550002E+01 0.839999974E+00 0.000000000E+00
 0.181669497E+01-0.139646120E-01-0.193348110E+00-0.164244547E-01 0.165888405E+01
 0.102434862E+07-0.193348110E+00 0.000000000E+00 0.181669497E+01 0.000000000E+00
-0.139646120E-01 0.000000000E+00-0.164244547E-01 0.000000000E+00 0.000000000E+00
 0.276037240E+01 0.276300621E+01 0.276554322E+01 0.276798534E+01 0.277033472E+01
 0.277259350E+01 0.277476358E+01 0.277684689E+01 0.277884531E+01 0.278076077E+01
 0.278259563E+01 0.278435183E+01 0.278603053E+01 0.278763437E+01 0.278916502E+01
 0.279062462E+01 0.279201460E+01 0.279333687E+01 0.279459381E+01 0.279578686E+01
 0.279691792E+01 0.279798865E+01 0.279900122E+01 0.279995751E+01 0.280085897E+01
 0.280170798E+01 0.280250573E+01 0.280325413E+01 0.280395555E+01 0.280461121E+01
 0.280522299E+01 0.280579281E+01 0.280632257E+01 0.280681372E+01 0.280726814E+01
 0.280768776E+01 0.280807447E+01 0.280842996E+01 0.280875587E+01 0.280905366E+01
 0.280932570E+01 0.280957341E+01 0.280979872E+01 0.281000328E+01 0.281018901E+01
 0.281035757E+01 0.281051064E+01 0.281065011E+01 0.281077766E+01 0.281089497E+01
 0.281100416E+01 0.281110668E+01 0.281120420E+01 0.281129885E+01 0.281139183E+01
 0.281148553E+01 0.281158137E+01 0.281168127E+01 0.281178665E+01 0.281189966E+01
 0.281202173E+01 0.281215501E+01 0.281230092E+01 0.281246138E+01 0.281263781E+01
 0.104209219E+06 0.101327078E+06 0.984847500E+05 0.956822188E+05 0.929195000E+05
 0.901965781E+05 0.875134688E+05 0.848701562E+05 0.822666562E+05 0.797029609E+05
 0.771790781E+05 0.746949844E+05 0.722507031E+05 0.698462344E+05 0.674815625E+05
 0.651567031E+05 0.628716406E+05 0.606263906E+05 0.584209414E+05 0.562552969E+05
 0.541294609E+05 0.520434297E+05 0.499972031E+05 0.479907852E+05 0.460241719E+05
 0.440973594E+05 0.422103594E+05 0.403631562E+05 0.385557656E+05 0.367881758E+05
 0.350603906E+05 0.333724141E+05 0.317242441E+05 0.301158789E+05 0.285473164E+05
 0.270185625E+05 0.255296133E+05 0.240804668E+05 0.226711270E+05 0.213015938E+05
 0.199718652E+05 0.186819414E+05 0.174318242E+05 0.162215117E+05 0.150510039E+05
 0.139203027E+05 0.128294062E+05 0.117783164E+05 0.107670312E+05 0.979555078E+04
 0.886387695E+04 0.797200684E+04 0.711994336E+04 0.630768555E+04 0.553523242E+04
 0.480258496E+04 0.410974219E+04 0.345670581E+04 0.284347437E+04 0.227004834E+04
 0.173642798E+04 0.124261292E+04 0.788603210E+03 0.374398926E+03 0.000000000E+00
 0.267881846E+01 0.258355570E+01 0.249008179E+01 0.239839697E+01 0.230850077E+01
 0.222039366E+01 0.213407540E+01 0.204954624E+01 0.196680570E+01 0.188585424E+01
 0.180669165E+01 0.172931802E+01 0.165373325E+01 0.157993746E+01 0.150793052E+01
 0.143771243E+01 0.136928344E+01 0.130264318E+01 0.123779202E+01 0.117472959E+01
 0.111345613E+01 0.105397153E+01 0.996275961E+00 0.940369308E+00 0.886251509E+00
 0.833922625E+00 0.783382654E+00 0.734631598E+00 0.687669456E+00 0.642496228E+00
 0.599111915E+00 0.557516456E+00 0.517709970E+00 0.479692459E+00 0.443463773E+00
 0.409024030E+00 0.376373172E+00 0.345511258E+00 0.316438258E+00 0.289154142E+00
 0.263658941E+00 0.239952669E+00 0.218035311E+00 0.197906852E+00 0.179567322E+00
 0.163016692E+00 0.148254991E+00 0.135282189E+00 0.124098301E+00 0.114703320E+00
 0.107097253E+00 0.101280108E+00 0.972518697E-01 0.950125456E-01 0.945621356E-01
 0.959006399E-01 0.990280509E-01 0.103944376E+00 0.110649616E+00 0.119143769E+00
 0.129426837E+00 0.141498819E+00 0.155359715E+00 0.171009511E+00 0.188448220E+00
-0.104977838E+07-0.103537925E+07-0.102098012E+07-0.100658100E+07-0.992181875E+06
-0.977782812E+06-0.963383688E+06-0.948984562E+06-0.934585438E+06-0.920186312E+06
-0.905787188E+06-0.891388062E+06-0.876988938E+06-0.862589875E+06-0.848190750E+06
-0.833791625E+06-0.819392500E+06-0.804993375E+06-0.790594250E+06-0.776195125E+06
-0.761796000E+06-0.747396875E+06-0.732997750E+06-0.718598625E+06-0.704199500E+06
-0.689800375E+06-0.675401250E+06-0.661002125E+06-0.646603000E+06-0.632203875E+06
-0.617804750E+06-0.603405625E+06-0.589006562E+06-0.574607438E+06-0.560208312E+06
-0.545809188E+06-0.531410062E+06-0.517010938E+06-0.502611812E+06-0.488212719E+06
-0.473813594E+06-0.459414469E+06-0.445015344E+06-0.430616250E+06-0.416217125E+06
-0.401818000E+06-0.387418875E+06-0.373019750E+06-0.358620625E+06-0.344221500E+06
-0.329822375E+06-0.315423250E+06-0.301024125E+06-0.286625031E+06-0.272225906E+06
-0.257826781E+06-0.243427672E+06-0.229028547E+06-0.214629438E+06-0.200230312E+06
-0.185831188E+06-0.171432062E+06-0.157032938E+06-0.142633844E+06-0.128234711E+06
 1.234905608e-02 9.757669643e-03 7.133354433e-03 4.437924363e-03 1.642728690e-03
-1.277830917e-03-4.359525163e-03-7.664057426e-03-1.119872648e-02-1.504024584e-02
-1.976007596e-02-2.605482750e-02-3.264620528e-02-3.694080561e-02-3.945628181e-02
-4.040328413e-02-3.982280940e-02-3.765327483e-02-3.369681537e-02-2.752985805e-02
-1.833333075e-02-8.703685366e-03-6.150551490e-04 6.617682055e-03 1.338102855e-02
 1.991669834e-02 2.640192211e-02 3.299222514e-02 3.985272348e-02 4.716297612e-02
 5.400414020e-02 6.008427963e-02 6.551378965e-02 7.024091482e-02 7.423336804e-02
 7.738526165e-02 8.006161451e-02 8.324199915e-02 8.678307384e-02 9.059910476e-02
 9.463934600e-02 9.887188673e-02 1.032731980e-01 1.078221351e-01 1.124969423e-01
 1.172741055e-01 1.221279353e-01 1.270304769e-01 1.319515705e-01 1.368590146e-01
 1.417188048e-01 1.464956999e-01 1.511537731e-01 1.556573361e-01 1.599719524e-01
 1.640654802e-01 1.679093242e-01 1.714793742e-01 1.747568995e-01 1.777291596e-01
 1.803896129e-01 1.827379167e-01 1.847794354e-01 1.865245104e-01 1.879876852e-01
 7.891467772e-03 5.031521432e-03 2.230816986e-03-5.417829379e-04-3.324329620e-03
-6.157062948e-03-9.018976241e-03-1.186580025e-02-1.476371102e-02-1.781507581e-02
-2.136915550e-02-2.553765476e-02-2.959534898e-02-3.254442662e-02-3.425201029e-02
-3.471108526e-02-3.389532119e-02-3.173772246e-02-2.812714130e-02-2.292408794e-02
-1.611196250e-02-8.717748336e-03-1.671745442e-03 5.031452049e-03 1.151430421e-02
 1.790258288e-02 2.431646734e-02 3.087960184e-02 3.773742914e-02 4.505095631e-02
 5.193821713e-02 5.809874833e-02 6.363235414e-02 6.852339208e-02 7.273046672e-02
 7.614125311e-02 7.915338874e-02 8.269780129e-02 8.664135635e-02 9.089818597e-02
 9.541475773e-02 1.001547128e-01 1.050903723e-01 1.101976484e-01 1.154529378e-01
 1.208311841e-01 1.263048202e-01 1.318430603e-01 1.374115348e-01 1.429721862e-01
 1.484835297e-01 1.539011002e-01 1.591783762e-01 1.642681062e-01 1.691238433e-01
 1.737018228e-01 1.779629886e-01 1.818747222e-01 1.854124963e-01 1.885608733e-01
 1.913138330e-01 1.936746240e-01 1.956549287e-01 1.972734630e-01 1.985543817e-01
 2.815084299e-03-2.274656144e-04-3.072684631e-03-5.762684625e-03-8.356669918e-03
-1.071969606e-02-1.287587173e-02-1.488191728e-02-1.678097993e-02-1.874532923e-02
-2.081406489e-02-2.287379652e-02-2.469745278e-02-2.602560446e-02-2.665948123e-02
-2.647403628e-02-2.539110743e-02-2.336198092e-02-2.037033066e-02-1.645797677e-02
-1.176638715e-02-6.538758520e-03-1.020773314e-03 4.636501893e-03 1.037580706e-02
 1.619546860e-02 2.212070860e-02 2.818650566e-02 3.442149609e-02 4.078594223e-02
 4.699049518e-02 5.284475535e-02 5.832065642e-02 6.340985000e-02 6.810759008e-02
 7.243761420e-02 7.663135976e-02 8.101093769e-02 8.564039320e-02 9.052017331e-02
 9.563972801e-02 1.009855270e-01 1.065424979e-01 1.122937799e-01 1.182199046e-01
 1.242979318e-01 1.305005252e-01 1.367951334e-01 1.431434155e-01 1.495007873e-01
 1.558162868e-01 1.620331407e-01 1.680896431e-01 1.739211380e-01 1.794624925e-01
 1.846513450e-01 1.894315481e-01 1.937567443e-01 1.975931227e-01 2.009213716e-01
 2.037373483e-01 2.060514688e-01 2.078869045e-01 2.092769146e-01 2.102618068e-01
-3.353644628e-03-6.565857679e-03-9.276748635e-03-1.155063882e-02-1.349568181e-02
-1.502106339e-02-1.621377096e-02-1.726680994e-02-1.829538122e-02-1.931326464e-02
-2.029335126e-02-2.116617374e-02-2.182785049e-02-2.215938270e-02-2.204848453e-02
-2.140382305e-02-2.016045898e-02-1.828184538e-02-1.576279104e-02-1.263358817e-02
-8.960573003e-03-4.836246837e-03-3.584961523e-04 4.390179180e-03 9.352223948e-03
 1.449276507e-02 1.979092881e-02 2.522845380e-02 3.077637590e-02 3.638281673e-02
 4.197581485e-02 4.748890549e-02 5.288183689e-02 5.814269930e-02 6.328720599e-02
 6.836315989e-02 7.345002890e-02 7.863554358e-02 8.398633450e-02 8.954167366e-02
 9.532128274e-02 1.013327539e-01 1.075757593e-01 1.140438616e-01 1.207250655e-01
 1.276015192e-01 1.346488297e-01 1.418348849e-01 1.491188407e-01 1.564497650e-01
 1.637658477e-01 1.709940881e-01 1.780512035e-01 1.848457605e-01 1.912823617e-01
 1.972671747e-01 2.027146518e-01 2.075543404e-01 2.117366493e-01 2.152365446e-01
 2.180548161e-01 2.202163637e-01 2.217662334e-01 2.227639854e-01 2.232775986e-01
-1.162531599e-02-1.519137993e-02-1.740406454e-02-1.857711002e-02-1.918919012e-02
-1.945144869e-02-1.960339211e-02-1.973653026e-02-1.988475025e-02-2.004492469e-02
-2.018628642e-02-2.025647089e-02-2.018808015e-02-1.990672573e-02-1.933955774e-02
-1.842259988e-02-1.710602269e-02-1.535750180e-02-1.316410117e-02-1.053253002e-02
-7.487103343e-03-4.064937588e-03-3.091192048e-04 3.738017054e-03 8.039291948e-03
 1.256382093e-02 1.728534326e-02 2.217897773e-02 2.721794695e-02 3.237220272e-02
 3.761060536e-02 4.290626943e-02 4.824222624e-02 5.361519009e-02 5.903695524e-02
 6.453374028e-02 7.014260441e-02 7.590495050e-02 8.185949922e-02 8.803786337e-02
 9.446330369e-02 1.011513472e-01 1.081107706e-01 1.153442115e-01 1.228482053e-01
 1.306126863e-01 1.386197656e-01 1.468420178e-01 1.552401185e-01 1.637600958e-01
 1.723303497e-01 1.808590889e-01 1.892333031e-01 1.973203421e-01 2.049737275e-01
 2.120434195e-01 2.183894217e-01 2.238963246e-01 2.284854501e-01 2.321228981e-01
 2.348215878e-01 2.366372347e-01 2.376588136e-01 2.379956841e-01 2.377645969e-01
-2.465074696e-02-3.013909794e-02-2.937268279e-02-2.713559568e-02-2.545420639e-02
-2.409802005e-02-2.300059609e-02-2.211882919e-02-2.141090855e-02-2.083016187e-02
-2.032366395e-02-1.983288676e-02-1.929575577e-02-1.864966378e-02-1.783493534e-02
-1.679817215e-02-1.549505629e-02-1.389227808e-02-1.196853817e-02-9.714440443e-03
-7.131306455e-03-4.228968173e-03-1.022968441e-03 2.468243241e-03 6.225504912e-03
 1.023018174e-02 1.446447521e-02 1.891118288e-02 2.355344035e-02 2.837501466e-02
 3.336144611e-02 3.850189596e-02 4.379108921e-02 4.923086613e-02 5.483075231e-02
 6.060747802e-02 6.658342481e-02 7.278418541e-02 7.923609763e-02 8.596406132e-02
 9.299025685e-02 1.003334746e-01 1.080088466e-01 1.160275936e-01 1.243965626e-01
 1.331172287e-01 1.421841979e-01 1.515825987e-01 1.612843573e-01 1.712430418e-01
 1.813868284e-01 1.916102022e-01 2.017657459e-01 2.116594315e-01 2.210554779e-01
 2.296955585e-01 2.373306453e-01 2.437551320e-01 2.488336712e-01 2.525170743e-01
 2.548474669e-01 2.559499443e-01 2.560083568e-01 2.552322149e-01 2.538263500e-01
-3.430731222e-02-4.088811576e-02-3.873502463e-02-3.408927470e-02-3.051223420e-02
-2.773063630e-02-2.554224432e-02-2.380832285e-02-2.242383920e-02-2.130118012e-02
-2.036212385e-02-1.953420043e-02-1.874939911e-02-1.794419810e-02-1.706029475e-02
-1.604558155e-02-1.485518925e-02-1.345227845e-02-1.180837117e-02-9.903205559e-03
-7.724092808e-03-5.264860578e-03-2.524525858e-03 4.941067891e-04 3.785728943e-03
 7.343566045e-03 1.116010919e-02 1.522764191e-02 1.953871734e-02 2.408675104e-02
 2.886678651e-02 3.387638927e-02 3.911652416e-02 4.459221661e-02 5.031285435e-02
 5.629203841e-02 6.254698336e-02 6.909763813e-02 7.596568763e-02 8.317366987e-02
 9.074425697e-02 9.869982302e-02 1.070621908e-01 1.158523858e-01 1.250903606e-01
 1.347943246e-01 1.449794769e-01 1.556558162e-01 1.668241918e-01 1.784695983e-01
 1.905499995e-01 2.029784322e-01 2.155960053e-01 2.281379104e-01 2.402085662e-01
 2.513100505e-01 2.609480619e-01 2.687342167e-01 2.744247913e-01 2.779364288e-01
 2.793680429e-01 2.790104449e-01 2.772837281e-01 2.746167183e-01 2.713681757e-01
-3.817895055e-02-4.508941621e-02-4.229435325e-02-3.694077581e-02-3.259969503e-02
-2.911325730e-02-2.633896843e-02-2.414514869e-02-2.241479233e-02-2.104451694e-02
-1.994243078e-02-1.902625710e-02-1.822191104e-02-1.746260747e-02-1.668819785e-02
-1.584476791e-02-1.488466561e-02-1.376702171e-02-1.245744899e-02-1.092783548e-02
-9.155996144e-03-7.125169039e-03-4.823371768e-03-2.242644317e-03 6.218124181e-04
 3.772622207e-03 7.210975047e-03 1.093721762e-02 1.495140977e-02 1.925393008e-02
 2.384607308e-02 2.873064019e-02 3.391247243e-02 3.939890116e-02 4.519997537e-02
 5.132861435e-02 5.780046433e-02 6.463371217e-02 7.184885442e-02 7.946845889e-02
 8.751712739e-02 9.602150321e-02 1.050105989e-01 1.145160794e-01 1.245728582e-01
 1.352195442e-01 1.464990079e-01 1.584583372e-01 1.711483598e-01 1.846210063e-01
 1.989225149e-01 2.140770555e-01 2.300464511e-01 2.466366887e-01 2.633050084e-01
 2.787209749e-01 2.916871011e-01 3.016212285e-01 3.081602752e-01 3.111015558e-01
 3.104492426e-01 3.068482876e-01 3.016804457e-01 2.958130836e-01 2.897747755e-01
-3.700566664e-02-4.388274252e-02-4.119665176e-02-3.574867547e-02-3.128423542e-02
-2.770063654e-02-2.487678453e-02-2.268768847e-02-2.101461962e-02-1.974941418e-02
-1.879497617e-02-1.806553081e-02-1.748504117e-02-1.698647812e-02-1.650999486e-02
-1.600027457e-02-1.540567540e-02-1.468294393e-02-1.379312202e-02-1.270203851e-02
-1.138036326e-02-9.803524241e-03-7.951619104e-03-5.809299182e-03-3.365308978e-03
-6.103198975e-04 2.463487443e-03 5.862584338e-03 9.592467919e-03 1.365837082e-02
 1.806578413e-02 2.282087505e-02 2.793090791e-02 3.340464830e-02 3.925270960e-02
 4.548784345e-02 5.212510377e-02 5.918202177e-02 6.667876244e-02 7.463838160e-02
 8.308722079e-02 9.205541760e-02 1.015777886e-01 1.116949022e-01 1.224547029e-01
 1.339144707e-01 1.461437941e-01 1.592283547e-01 1.732753515e-01 1.884213835e-01
 2.048443407e-01 2.227830440e-01 2.425741255e-01 2.647440135e-01 2.897490859e-01
 3.123627305e-01 3.302963972e-01 3.434168100e-01 3.514416218e-01 3.537359834e-01
 3.501082659e-01 3.395807743e-01 3.278658390e-01 3.170751333e-01 3.073285818e-01
-3.146250173e-02-3.815731779e-02-3.570203856e-02-3.052584827e-02-2.643304691e-02
-2.329535037e-02-2.095087618e-02-1.925002411e-02-1.806272194e-02-1.727880165e-02
-1.679823548e-02-1.653953455e-02-1.642883569e-02-1.640640572e-02-1.642283052e-02
-1.642488688e-02-1.634086668e-02-1.614022255e-02-1.577813923e-02-1.521465369e-02
-1.441402361e-02-1.334461570e-02-1.197940297e-02-1.029761881e-02-8.289437741e-03
-5.940415431e-03-3.236740129e-03-1.671984355e-04 3.276620526e-03 7.102943957e-03
 1.131999027e-02 1.593588106e-02 2.095888928e-02 2.639808320e-02 3.226382658e-02
 3.856817633e-02 4.532521963e-02 5.255139992e-02 6.026589498e-02 6.849110872e-02
 7.725331187e-02 8.658351004e-02 9.651862085e-02 1.071030796e-01 1.183909699e-01
 1.304490864e-01 1.433611512e-01 1.572338939e-01 1.722059697e-01 1.884615719e-01
 2.062519044e-01 2.259300053e-01 2.480086833e-01 2.732460201e-01 3.026936054e-01
 3.329024315e-01 3.563882113e-01 3.730598688e-01 3.830628991e-01 3.862866461e-01
 3.817400038e-01 3.688456714e-01 3.499982953e-01 3.341048360e-01 3.208273053e-01
-2.137905732e-02-2.785397694e-02-2.525380068e-02-2.085621841e-02-1.784898341e-02
-1.584956609e-02-1.459405199e-02-1.389687415e-02-1.362435333e-02-1.367547456e-02
-1.396976225e-02-1.444127876e-02-1.503411308e-02-1.570031419e-02-1.639746875e-02
-1.708567515e-02-1.768631116e-02-1.815559343e-02-1.844933629e-02-1.852450147e-02
-1.833966747e-02-1.785483956e-02-1.703039743e-02-1.582419500e-02-1.428321749e-02
-1.236914936e-02-1.005534641e-02-7.325290702e-03-4.177020863e-03-5.999385030e-04
 3.417219035e-03 7.883659564e-03 1.280641370e-02 1.819316484e-02 2.405269444e-02
 3.039533645e-02 3.723321110e-02 4.458050430e-02 5.245387554e-02 6.087300926e-02
 6.986135244e-02 7.944697142e-02 8.966371417e-02 1.005527973e-01 1.121647507e-01
 1.245621517e-01 1.378233880e-01 1.520476937e-01 1.673622578e-01 1.839320213e-01
 2.019732296e-01 2.217712104e-01 2.437017262e-01 2.682513297e-01 2.960304618e-01
 3.275854290e-01 3.544645607e-01 3.738101721e-01 3.858872056e-01 3.907784522e-01
 3.886684477e-01 3.785557747e-01 3.602423668e-01 3.414997458e-01 3.265378177e-01
-3.333145287e-03-8.517116308e-03-7.782692090e-03-6.113170646e-03-5.617684685e-03
-5.733222701e-03-6.245659664e-03-7.045398466e-03-8.063466288e-03-9.249668568e-03
-1.056366973e-02-1.197106577e-02-1.344146393e-02-1.494762301e-02-1.646513864e-02
-1.793795638e-02-1.931539923e-02-2.054933831e-02-2.159317583e-02-2.240173146e-02
-2.293145284e-02-2.314084210e-02-2.299129218e-02-2.244896069e-02-2.148950100e-02
-2.008206397e-02-1.819341816e-02-1.578681730e-02-1.294906996e-02-9.638695046e-03
-5.831767805e-03-1.517678611e-03 3.299316857e-03 8.624001406e-03 1.446208265e-02
 2.082144096e-02 2.771142125e-02 3.514260799e-02 4.312736169e-02 5.168039724e-02
 6.081940979e-02 7.056576014e-02 8.094531298e-02 9.198944271e-02 1.037362367e-01
 1.162320524e-01 1.295332909e-01 1.437086761e-01 1.588415653e-01 1.750326455e-01
 1.924019158e-01 2.110892534e-01 2.312522084e-01 2.530606985e-01 2.766961455e-01
 3.024082482e-01 3.286888003e-01 3.476375937e-01 3.602191806e-01 3.669413924e-01
 3.675788045e-01 3.626144826e-01 3.512263298e-01 3.349360228e-01 3.219069242e-01
 2.238390595e-02 2.059016749e-02 1.598083787e-02 1.173923258e-02 8.480204269e-03
 5.643723533e-03 3.007621039e-03 4.697253462e-04-2.021031221e-03-4.490366206e-03
-6.949954666e-03-9.403094649e-03-1.184785645e-02-1.427893713e-02-1.668877527e-02
-1.903053001e-02-2.125811763e-02-2.332501672e-02-2.518491820e-02-2.679216862e-02
-2.810217440e-02-2.907183394e-02-2.966000885e-02-2.982807346e-02-2.954019420e-02
-2.876219153e-02-2.746280842e-02-2.561685443e-02-2.321212925e-02-2.022766322e-02
-1.664283127e-02-1.244093385e-02-7.722338662e-03-2.456099261e-03 3.356123809e-03
 9.722370654e-03 1.665014215e-02 2.414460480e-02 3.221193701e-02 4.085982591e-02
 5.009793863e-02 5.993825197e-02 7.039536536e-02 8.148679137e-02 9.323320538e-02
 1.056585759e-01 1.187900379e-01 1.326572597e-01 1.472908705e-01 1.627193540e-01
 1.789630055e-01 1.960230917e-01 2.138624489e-01 2.323698997e-01 2.512903214e-01
 2.700722814e-01 2.876008153e-01 3.024070859e-01 3.136118650e-01 3.209363222e-01
 3.243673444e-01 3.240843415e-01 3.205703795e-01 3.148874640e-01 3.085322976e-01
 4.047835618e-02 3.970453516e-02 3.349433094e-02 2.678973600e-02 2.112480253e-02
 1.618180051e-02 1.173175871e-02 7.619502954e-03 3.741893452e-03 3.017632116e-05
-3.561696270e-03-7.064498961e-03-1.049849764e-02-1.387656666e-02-1.720625535e-02
-2.044758387e-02-2.355636284e-02-2.648727223e-02-2.919458784e-02-3.163273260e-02
-3.375668451e-02-3.552231193e-02-3.688664734e-02-3.780814260e-02-3.824682906e-02
-3.816447407e-02-3.752512485e-02-3.629589081e-02-3.444752842e-02-3.195304424e-02
-2.878950723e-02-2.494129166e-02-2.040493116e-02-1.516542211e-02-9.382328950e-03
-3.010891844e-03 3.960872069e-03 1.152079552e-02 1.966728270e-02 2.839932777e-02
 3.771756962e-02 4.762360454e-02 5.811979622e-02 6.920894980e-02 8.089385927e-02
 9.317640960e-02 1.060563177e-01 1.195289195e-01 1.335818321e-01 1.481898278e-01
 1.633071154e-01 1.788558513e-01 1.947094947e-01 2.106697559e-01 2.264383137e-01
 2.415944934e-01 2.556110024e-01 2.679421902e-01 2.781497240e-01 2.859765887e-01
 2.913571000e-01 2.944100499e-01 2.954350710e-01 2.948857546e-01 2.932764888e-01
 5.198650062e-02 5.146770552e-02 4.521742463e-02 3.765928000e-02 3.083516657e-02
 2.463410050e-02 1.893267222e-02 1.362145692e-02 8.610711433e-03 3.829782596e-03
-7.757716812e-04-5.247415975e-03-9.616514668e-03-1.390668843e-02-1.813568920e-02
-2.226263285e-02-2.624317631e-02-3.003202006e-02-3.358350694e-02-3.685211018e-02
-3.979270533e-02-4.236079380e-02-4.451264441e-02-4.620535299e-02-4.739695415e-02
-4.804651439e-02-4.811438546e-02-4.756254330e-02-4.635504633e-02-4.445858300e-02
-4.184377193e-02-3.848705441e-02-3.437315673e-02-2.949750051e-02-2.387613803e-02
-1.751527190e-02-1.043051854e-02-2.774729393e-03 5.478381179e-03 1.431547757e-02
 2.373063378e-02 3.371575475e-02 4.426206276e-02 5.535926670e-02 6.699492782e-02
 7.915330678e-02 9.181370586e-02 1.049480438e-01 1.185176075e-01 1.324687600e-01
 1.467272937e-01 1.611916423e-01 1.757250428e-01 1.901483834e-01 2.042362094e-01
 2.177214921e-01 2.303138077e-01 2.417316586e-01 2.517403364e-01 2.601830065e-01
 2.669975758e-01 2.722202837e-01 2.759765983e-01 2.784591317e-01 2.798935771e-01
 6.002869457e-02 5.963052064e-02 5.310358852e-02 4.512681812e-02 3.770278394e-02
 3.077343106e-02 2.426891029e-02 1.811780781e-02 1.225394383e-02 6.619431078e-03
 1.165325986e-03-4.148921929e-03-9.356549941e-03-1.448472030e-02-1.955586486e-02
-2.451927029e-02-2.932863310e-02-3.393747658e-02-3.829954565e-02-4.236908257e-02
-4.610099643e-02-4.945089668e-02-5.237508193e-02-5.483045429e-02-5.677444488e-02
-5.816496909e-02-5.896046013e-02-5.912003666e-02-5.860383809e-02-5.737358332e-02
-5.539350212e-02-5.263162032e-02-4.906141013e-02-4.466366395e-02-3.942852467e-02
-3.335541114e-02-2.645869181e-02-1.877585053e-02-1.034500264e-02-1.359286252e-03
 8.202871308e-03 1.831838675e-02 2.897004038e-02 4.013670981e-02 5.179440975e-02
 6.391543150e-02 7.646667957e-02 8.940753341e-02 1.026875675e-01 1.162437052e-01
 1.299971640e-01 1.438504010e-01 1.576845646e-01 1.713584661e-01 1.847102940e-01
 1.975633055e-01 2.097361535e-01 2.210568935e-01 2.313782573e-01 2.405908406e-01
 2.486316860e-01 2.554868162e-01 2.611876428e-01 2.658020854e-01 2.694217563e-01
 6.513971090e-02 6.474484503e-02 5.800227821e-02 4.982065409e-02 4.209468514e-02
 3.476402164e-02 2.777144127e-02 2.106240019e-02 1.458713785e-02 8.301164955e-03
 2.165206708e-03-3.855065908e-03-9.789345786e-03-1.566284895e-02-2.149597742e-02
-2.722232230e-02-3.279307485e-02-3.815983981e-02-4.327518493e-02-4.809284955e-02
-5.256779492e-02-5.665603653e-02-6.031447276e-02-6.350063533e-02-6.617241353e-02
-6.828783453e-02-6.980490685e-02-7.068160176e-02-7.087592036e-02-7.034629583e-02
-6.905212998e-02-6.695476174e-02-6.401868165e-02-6.021309644e-02-5.551394075e-02
-4.990619421e-02-4.338736087e-02-3.597143292e-02-2.769218944e-02-1.861272752e-02
-8.801024407e-03 1.524857711e-03 1.237396523e-02 2.371040732e-02 3.550158441e-02
 4.771362990e-02 6.030797958e-02 7.323972881e-02 8.645622432e-02 9.989568591e-02
 1.134857386e-01 1.271423101e-01 1.407690644e-01 1.542578638e-01 1.674907207e-01
 1.803433001e-01 1.926901489e-01 2.044108659e-01 2.153965533e-01 2.255554050e-01
 2.348163426e-01 2.431307584e-01 2.504719496e-01 2.568330765e-01 2.622241378e-01
 6.730096787e-02 6.674186140e-02 6.022779271e-02 5.209556967e-02 4.434091970e-02
 3.687416762e-02 2.963579819e-02 2.258528955e-02 1.568968035e-02 8.919295855e-03
 2.246381715e-03-4.355273210e-03-1.091053337e-02-1.744327322e-02-2.393830381e-02
-3.033770807e-02-3.658680618e-02-4.263369739e-02-4.842901230e-02-5.392570421e-02
-5.907874927e-02-6.384480000e-02-6.818175316e-02-7.204838097e-02-7.540380955e-02
-7.820713520e-02-8.041709661e-02-8.199183643e-02-8.288872987e-02-8.306457102e-02
-8.247578889e-02-8.107914031e-02-7.883256674e-02-7.569652796e-02-7.163582742e-02
-6.662184000e-02-6.063549221e-02-5.367079377e-02-4.573889077e-02-3.687276691e-02
-2.713118121e-02-1.660934836e-02-5.419303197e-03 6.216465496e-03 1.827296615e-02
 3.072230890e-02 4.352618009e-02 5.664008483e-02 7.001417875e-02 8.359290659e-02
 9.731446207e-02 1.111102700e-01 1.249049902e-01 1.386168599e-01 1.521587670e-01
 1.654397845e-01 1.783671081e-01 1.908482015e-01 2.027924061e-01 2.141123414e-01
 2.247243226e-01 2.345485985e-01 2.435097545e-01 2.515382767e-01 2.585740685e-01
 6.680478156e-02 6.576182693e-02 5.971351638e-02 5.228933692e-02 4.486911744e-02
 3.748890013e-02 3.017307073e-02 2.292623743e-02 1.574260741e-02 8.610447869e-03
 1.514529809e-03-5.562447011e-03-1.263902150e-02-1.973465085e-02-2.680606209e-02
-3.379146755e-02-4.063284397e-02-4.727590829e-02-5.366992578e-02-5.976736546e-02
-6.552350521e-02-7.089591026e-02-7.584387064e-02-8.032780886e-02-8.430865407e-02
-8.774728328e-02-9.060401469e-02-9.283815324e-02-9.440767765e-02-9.526912868e-02
-9.537765384e-02-9.468728304e-02-9.315162152e-02-9.072478116e-02-8.736282587e-02
-8.302576095e-02-7.767996192e-02-7.130137086e-02-6.387919933e-02-5.542017519e-02
-4.595310614e-02-3.553353995e-02-2.424628288e-02-1.221023686e-02 2.211507526e-04
 1.305237599e-02 2.623009682e-02 3.970725834e-02 5.343791842e-02 6.737485528e-02
 8.146833628e-02 9.566561878e-02 1.099107265e-01 1.241445318e-01 1.383049488e-01
 1.523271203e-01 1.661432087e-01 1.796818674e-01 1.928664744e-01 2.056127489e-01
 2.178249657e-01 2.293922007e-01 2.401861250e-01 2.500628829e-01 2.588725686e-01
 6.592020392e-02 6.450922787e-02 5.879246444e-02 5.170728639e-02 4.447053745e-02
 3.714152053e-02 2.976851724e-02 2.237542160e-02 1.497038640e-02 7.551989518e-03
 1.128716540e-04-7.358014118e-03-1.487380173e-02-2.244820632e-02-3.001003340e-02
-3.749466315e-02-4.484176636e-02-5.199548230e-02-5.890427902e-02-6.552059948e-02
-7.180038095e-02-7.770237327e-02-8.318754286e-02-8.821828663e-02-9.275772423e-02
-9.676896781e-02-1.002144814e-01-1.030554771e-01-1.052514017e-01-1.067596823e-01
-1.075354517e-01-1.075316519e-01-1.066993698e-01-1.049884856e-01-1.023487151e-01
-9.873116761e-02-9.409043193e-02-8.838728070e-02-8.159209043e-02-7.368898392e-02
-6.468069553e-02-5.459435657e-02-4.348817095e-02-3.146004677e-02-1.865923777e-02
-5.248059519e-03 8.476821706e-03 2.248438634e-02 3.674132377e-02 5.121295154e-02
 6.586363167e-02 8.065696061e-02 9.555596113e-02 1.105232239e-01 1.255208254e-01
 1.405099481e-01 1.554497182e-01 1.702950001e-01 1.849925518e-01 1.994743347e-01
 2.136479914e-01 2.273831069e-01 2.404953241e-01 2.527347207e-01 2.637946010e-01
 6.561222672e-02 6.409155577e-02 5.823540688e-02 5.096910149e-02 4.362292215e-02
 3.620394692e-02 2.871979773e-02 2.117662877e-02 1.357615553e-02 5.915412679e-03
-1.812552684e-03-9.617904201e-03-1.751346327e-02-2.548232302e-02-3.345070034e-02
-4.135055095e-02-4.911945015e-02-5.670040846e-02-6.404155493e-02-7.109571993e-02
-7.781974226e-02-8.417387307e-02-9.012091160e-02-9.562543035e-02-1.006529480e-01
-1.051690876e-01-1.091387868e-01-1.125256270e-01-1.152911484e-01-1.173943803e-01
-1.187914759e-01-1.194355339e-01-1.192766204e-01-1.182621866e-01-1.163377091e-01
-1.134478450e-01-1.095381081e-01-1.045570448e-01-9.845925868e-02-9.120909870e-02
-8.278517425e-02-7.318582386e-02-6.243518740e-02-5.058975518e-02-3.774432465e-02
-2.403476089e-02-9.647330269e-03 5.012642592e-03 1.992117614e-02 3.505478799e-02
 5.039106309e-02 6.590926647e-02 8.159089088e-02 9.742017090e-02 1.133844852e-01
 1.294743419e-01 1.456829011e-01 1.620041430e-01 1.784293354e-01 1.949400306e-01
 2.114948481e-01 2.280054092e-01 2.442923486e-01 2.600052953e-01 2.744973302e-01
 6.499952078e-02 6.337270141e-02 5.717546120e-02 4.976987839e-02 4.230545089e-02
 3.477252275e-02 2.716607228e-02 1.948042214e-02 1.170881279e-02 3.843054874e-03
-4.126618616e-03-1.221160963e-02-2.042512596e-02-2.871977910e-02-3.702085465e-02
-4.525937140e-02-5.337228626e-02-6.130243838e-02-6.899826974e-02-7.641337067e-02
-8.350584656e-02-9.023755789e-02-9.657330811e-02-1.024799049e-01-1.079253480e-01
-1.128778383e-01-1.173049659e-01-1.211729050e-01-1.244456246e-01-1.270842850e-01
-1.290467381e-01-1.302871108e-01-1.307556480e-01-1.303988099e-01-1.291596591e-01
-1.269785762e-01-1.237944588e-01-1.195465624e-01-1.141768545e-01-1.076332480e-01
-9.987360239e-02-9.087064862e-02-8.061775565e-02-6.913550198e-02-5.647859722e-02
-4.274314642e-02-2.807438374e-02-1.267335564e-02 2.972622402e-03 1.884926111e-02
 3.494540602e-02 5.125398189e-02 6.777311862e-02 8.450731635e-02 1.014688760e-01
 1.186792552e-01 1.361706108e-01 1.539872140e-01 1.721865535e-01 1.908395737e-01
 2.100291699e-01 2.298437059e-01 2.503556013e-01 2.715204358e-01 2.922115028e-01
 6.347874552e-02 6.168932468e-02 5.553483963e-02 4.803617299e-02 4.048542678e-02
 3.286942095e-02 2.517231181e-02 1.737884991e-02 9.474966675e-03 1.447551651e-03
-6.715918891e-03-1.502759568e-02-2.349902317e-02-3.205440193e-02-4.061993584e-02
-4.912703484e-02-5.751296878e-02-6.572106481e-02-7.370053232e-02-8.140604198e-02
-8.879712969e-02-9.583735466e-02-1.024935171e-01-1.087346822e-01-1.145312339e-01
-1.198539436e-01-1.246730611e-01-1.289573908e-01-1.326734424e-01-1.357848644e-01
-1.382515132e-01-1.400292367e-01-1.410692930e-01-1.413182914e-01-1.407183111e-01
-1.392072886e-01-1.367197931e-01-1.331884265e-01-1.285457015e-01-1.227266937e-01
-1.156725138e-01-1.073347554e-01-9.768088907e-02-8.670072258e-02-7.441374660e-02
-6.087728962e-02-4.619508237e-02-3.052553907e-02-1.408887282e-02 2.572534373e-03
 1.945555210e-02 3.656314313e-02 5.390594900e-02 7.150427997e-02 8.939045668e-02
 1.076118499e-01 1.262347698e-01 1.453496814e-01 1.650784612e-01 1.855849773e-01
 2.070912570e-01 2.299050987e-01 2.544750571e-01 2.815159559e-01 3.097854257e-01
 6.141386926e-02 5.946204811e-02 5.324454606e-02 4.570755363e-02 3.814297915e-02
 3.051596507e-02 2.279381454e-02 1.495119184e-02 6.968392059e-03-1.170751289e-03
-9.480545297e-03-1.797463745e-02-2.663732506e-02-3.538901359e-02-4.415517673e-02
-5.286711454e-02-6.146239117e-02-6.988493353e-02-7.808484882e-02-8.601799607e-02
-9.364531934e-02-1.009320915e-01-1.078470275e-01-1.143612862e-01-1.204475537e-01
-1.260790229e-01-1.312284321e-01-1.358671635e-01-1.399643421e-01-1.434860080e-01
-1.463944167e-01-1.486473829e-01-1.501978040e-01-1.509932578e-01-1.509759724e-01
-1.500829011e-01-1.482461691e-01-1.453941017e-01-1.414526105e-01-1.363473833e-01
-1.300067604e-01-1.223657727e-01-1.133709699e-01-1.029866040e-01-9.120190144e-02
-7.803946733e-02-6.356438994e-02-4.789374769e-02-3.120557964e-02-1.374624204e-02
 3.915586509e-03 2.178759128e-02 3.988656029e-02 5.824072659e-02 7.689268887e-02
 9.590303898e-02 1.153552756e-01 1.353626996e-01 1.560782939e-01 1.777089387e-01
 2.005356550e-01 2.249411643e-01 2.514421642e-01 2.807109356e-01 3.120847344e-01
 5.873794481e-02 5.662331730e-02 5.010583997e-02 4.269378260e-02 3.528032824e-02
 2.777037770e-02 2.011879161e-02 1.230048202e-02 4.298774526e-03-3.899448784e-03
-1.230602060e-02-2.093276754e-02-2.973275073e-02-3.862597048e-02-4.753774777e-02
-5.639951676e-02-6.514926255e-02-7.373158634e-02-8.209753782e-02-9.020413458e-02
-9.801369905e-02-1.054930910e-01-1.126127467e-01-1.193457842e-01-1.256669611e-01
-1.315516829e-01-1.369750202e-01-1.419107169e-01-1.463303566e-01-1.502024233e-01
-1.534914672e-01-1.561575830e-01-1.581555605e-01-1.594345421e-01-1.599376798e-01
-1.596020460e-01-1.583588868e-01-1.561341435e-01-1.528495848e-01-1.484245062e-01
-1.427781284e-01-1.358330548e-01-1.275197268e-01-1.177820265e-01-1.065843254e-01
-9.391972423e-02-7.981948555e-02-6.436321139e-02-4.768916219e-02-3.000375815e-02
-1.158886403e-02 6.990693510e-03 2.575017512e-02 4.471625015e-02 6.393001229e-02
 8.344943821e-02 1.033529043e-01 1.237445176e-01 1.447620094e-01 1.665880978e-01
 1.894675195e-01 2.137327194e-01 2.398441434e-01 2.684482932e-01 2.990925312e-01
 5.384774879e-02 5.112772807e-02 4.571028054e-02 3.906954825e-02 3.207565844e-02
 2.481780387e-02 1.731711440e-02 9.579257108e-03 1.603823155e-03-6.612713449e-03
-1.507570781e-02-2.379147708e-02-3.268405050e-02-4.167354852e-02-5.068546534e-02
-5.965156108e-02-6.851032376e-02-7.720708847e-02-8.569382131e-02-9.392861277e-02
-1.018750668e-01-1.095014215e-01-1.167797148e-01-1.236847639e-01-1.301931441e-01
-1.362822354e-01-1.419291496e-01-1.471098363e-01-1.517980695e-01-1.559646130e-01
-1.595763564e-01-1.625955105e-01-1.649790108e-01-1.666778326e-01-1.676365733e-01
-1.677932739e-01-1.670793444e-01-1.654198468e-01-1.627343595e-01-1.589382291e-01
-1.539446115e-01-1.476674080e-01-1.400251091e-01-1.309461743e-01-1.203753874e-01
-1.082819700e-01-9.466891736e-02-7.958356291e-02-6.312878430e-02-4.547411948e-02
-2.686560154e-02-7.632669993e-03 1.169434376e-02 3.113058023e-02 5.070801079e-02
 7.047069073e-02 9.047468752e-02 1.107896566e-01 1.315011978e-01 1.527137160e-01
 1.745539159e-01 1.971763372e-01 2.207767665e-01 2.456518710e-01 2.718015611e-01
 5.035077780e-02 4.739058018e-02 4.208366573e-02 3.576313704e-02 2.905138582e-02
 2.199624293e-02 1.463142596e-02 6.975494791e-03-9.629670531e-04-9.181577712e-03
-1.768199354e-02-2.644943073e-02-3.539836407e-02-4.444822297e-02-5.352436751e-02
-6.255881488e-02-7.149056345e-02-8.026564121e-02-8.883684874e-02-9.716328979e-02
-1.052096635e-01-1.129454672e-01-1.203440577e-01-1.273817271e-01-1.340366304e-01
-1.402878314e-01-1.461142153e-01-1.514936388e-01-1.564018428e-01-1.608116329e-01
-1.646919847e-01-1.680072844e-01-1.707164794e-01-1.727724969e-01-1.741217375e-01
-1.747035980e-01-1.744503826e-01-1.732874066e-01-1.711334586e-01-1.679018736e-01
-1.635021269e-01-1.578423530e-01-1.508328617e-01-1.423908472e-01-1.324463487e-01
-1.209500432e-01-1.078822091e-01-9.326335788e-02-7.716586441e-02-5.972610787e-02
-4.115633667e-02-2.175544575e-02-1.918580150e-03 1.787193865e-02 3.765637428e-02
 5.746562779e-02 7.732823491e-02 9.727163613e-02 1.173200011e-01 1.374884546e-01
 1.577716470e-01 1.781204343e-01 1.983931065e-01 2.182478905e-01 2.369646430e-01
 4.800530523e-02 4.493317008e-02 3.947771341e-02 3.317172080e-02 2.652728930e-02
 1.955191046e-02 1.225650124e-02 4.649433307e-03-3.264589002e-03-1.148440316e-02
-2.001192980e-02-2.880911157e-02-3.779034317e-02-4.687520862e-02-5.598943681e-02
-6.506554037e-02-7.404313982e-02-8.286900818e-02-9.149673581e-02-9.988631308e-02
-1.080034152e-01-1.158185750e-01-1.233063117e-01-1.304440945e-01-1.372113973e-01
-1.435886621e-01-1.495563090e-01-1.550937295e-01-1.601784229e-01-1.647849679e-01
-1.688841581e-01-1.724422872e-01-1.754202247e-01-1.777728498e-01-1.794483364e-01
-1.803877354e-01-1.805246472e-01-1.797852814e-01-1.780886352e-01-1.753473580e-01
-1.714690328e-01-1.663584411e-01-1.599205583e-01-1.520648301e-01-1.427108049e-01
-1.317953318e-01-1.192812547e-01-1.051676273e-01-8.950114250e-02-7.238799334e-02
-5.400476605e-02-3.460607678e-02-1.452470943e-02 5.466146395e-03 2.533803880e-02
 4.508295655e-02 6.469669938e-02 8.417046070e-02 1.034839302e-01 1.225970164e-01
 1.414380223e-01 1.598869562e-01 1.777539551e-01 1.947597265e-01 2.105384171e-01
 4.603694752e-02 4.285873473e-02 3.745417669e-02 3.113373183e-02 2.449762076e-02
 1.754603535e-02 1.027836092e-02 2.694101073e-03-5.207963288e-03-1.343026664e-02
-2.197670937e-02-3.079107404e-02-3.978934884e-02-4.889228567e-02-5.802655220e-02
-6.712549180e-02-7.612949610e-02-8.498607576e-02-9.364961088e-02-1.020808369e-01
-1.102462560e-01-1.181172580e-01-1.256692261e-01-1.328806281e-01-1.397319734e-01
-1.462048292e-01-1.522807777e-01-1.579405367e-01-1.631629616e-01-1.679240763e-01
-1.721963137e-01-1.759475470e-01-1.791403890e-01-1.817313731e-01-1.836704165e-01
-1.849001944e-01-1.853557974e-01-1.849645972e-01-1.836463809e-01-1.813139617e-01
-1.778743565e-01-1.732306033e-01-1.672845036e-01-1.599406600e-01-1.511116326e-01
-1.407247037e-01-1.287303865e-01-1.151124462e-01-9.989950061e-02-8.317771554e-02
-6.510409713e-02-4.591961205e-02-2.596281096e-02-5.686767399e-03 1.428368315e-02
 3.396056592e-02 5.333602428e-02 7.238788903e-02 9.107870609e-02 1.093518883e-01
 1.271263361e-01 1.442909539e-01 1.607008576e-01 1.761792004e-01 1.905282587e-01
 4.460343346e-02 4.135983437e-02 3.588826954e-02 2.954724431e-02 2.291157283e-02
 1.597226784e-02 8.721539751e-03 1.152904471e-03-6.739310920e-03-1.496057957e-02
-2.351668105e-02-3.233795613e-02-4.134214297e-02-5.045133084e-02-5.959323794e-02
-6.870208681e-02-7.771902531e-02-8.659223467e-02-9.527672827e-02-1.037338749e-01
-1.119307727e-01-1.198394597e-01-1.274360120e-01-1.346995831e-01-1.416114569e-01
-1.481539905e-01-1.543097496e-01-1.600603759e-01-1.653857827e-01-1.702631563e-01
-1.746661663e-01-1.785639822e-01-1.819206029e-01-1.846940219e-01-1.868356168e-01
-1.882894784e-01-1.889921278e-01-1.888721436e-01-1.878503561e-01-1.858401895e-01
-1.827487797e-01-1.784785092e-01-1.729296446e-01-1.660039574e-01-1.576096416e-01
-1.476678550e-01-1.361207366e-01-1.229413152e-01-1.081448942e-01-9.180147946e-02
-7.404847443e-02-5.510204285e-02-3.526418656e-02-1.492052805e-02 5.081130657e-03
 2.469275519e-02 4.388218373e-02 6.261652708e-02 8.085440844e-02 9.854166210e-02
 1.156089157e-01 1.319706142e-01 1.475261748e-01 1.621641815e-01 1.757700145e-01
 4.351267219e-02 4.022181034e-02 3.467823565e-02 2.834194526e-02 2.172890306e-02
 1.481785439e-02 7.594761439e-03 4.960685328e-05-7.825324312e-03-1.603670977e-02
-2.459095977e-02-3.340905160e-02-4.240988940e-02-5.151649565e-02-6.065736711e-02
-6.976734847e-02-7.878811657e-02-8.766832948e-02-9.636341035e-02-1.048351303e-01
-1.130509824e-01-1.209834069e-01-1.286089122e-01-1.359070837e-01-1.428596973e-01
-1.494496912e-01-1.556601822e-01-1.614735425e-01-1.668703556e-01-1.718286723e-01
-1.763229817e-01-1.803234518e-01-1.837950647e-01-1.866969466e-01-1.889815181e-01
-1.905940920e-01-1.914722621e-01-1.915457249e-01-1.907362342e-01-1.889579892e-01
-1.861185133e-01-1.821202338e-01-1.768627763e-01-1.702465415e-01-1.621773243e-01
-1.525726169e-01-1.413695514e-01-1.285344660e-01-1.140743047e-01-9.804926068e-02
-8.058613539e-02-6.189156324e-02-4.226411134e-02-2.210479975e-02-1.928533777e-03
 1.770359650e-02 3.679436445e-02 5.532777309e-02 7.327360660e-02 9.058931470e-02
 1.072211936e-01 1.231059730e-01 1.381732970e-01 1.523494720e-01 1.655624956e-01
 4.249574244e-02 3.913544118e-02 3.371361643e-02 2.746989951e-02 2.093865909e-02
 1.409148984e-02 6.917061284e-03-5.909710308e-04-8.437948301e-03-1.662928052e-02
-2.516930178e-02-3.397459537e-02-4.296425730e-02-5.206157267e-02-6.119529158e-02
-7.030046731e-02-7.931899279e-02-8.819967508e-02-9.689807147e-02-1.053761020e-01
-1.136014014e-01-1.215465292e-01-1.291881502e-01-1.365060955e-01-1.434823275e-01
-1.501000524e-01-1.563427150e-01-1.621929705e-01-1.676318794e-01-1.726379097e-01
-1.771860719e-01-1.812470853e-01-1.847865582e-01-1.877642870e-01-1.901334226e-01
-1.918399930e-01-1.928223521e-01-1.930109560e-01-1.923282444e-01-1.906890571e-01
-1.880013645e-01-1.841678619e-01-1.790881157e-01-1.726620197e-01-1.647943407e-01
-1.554008424e-01-1.444160193e-01-1.318026632e-01-1.175629497e-01-1.017510071e-01
-8.448605239e-02-6.596513093e-02-4.647383094e-02-2.639240026e-02-6.194102578e-03
 1.341602672e-02 3.243271261e-02 5.084034055e-02 6.861303002e-02 8.571545035e-02
 1.021041423e-01 1.177293360e-01 1.325374544e-01 1.464741826e-01 1.594882011e-01
 4.158063233e-02 3.804948926e-02 3.298552334e-02 2.702406980e-02 2.062065154e-02
 1.385075785e-02 6.730997935e-03-7.349085063e-04-8.547909558e-03-1.671127230e-02
-2.522747405e-02-3.401247412e-02-4.298501089e-02-5.206813663e-02-6.119040400e-02
-7.028672099e-02-7.929879427e-02-8.817525953e-02-9.687154740e-02-1.053494141e-01
-1.135763526e-01-1.215248257e-01-1.291714013e-01-1.364957988e-01-1.434800029e-01
-1.501071453e-01-1.563606858e-01-1.622233391e-01-1.676762402e-01-1.726979315e-01
-1.772635728e-01-1.813440621e-01-1.849051714e-01-1.879069507e-01-1.903027892e-01
-1.920390129e-01-1.930543035e-01-1.932794154e-01-1.926371753e-01-1.910427213e-01
-1.884044111e-01-1.846251488e-01-1.796047986e-01-1.732433438e-01-1.654455066e-01
-1.561268568e-01-1.452214122e-01-1.326911151e-01-1.185368448e-01-1.028108895e-01
-8.562987298e-02-6.718724221e-02-4.776351899e-02-2.773215994e-02-7.558468264e-03
 1.201432664e-02 3.097893670e-02 4.931952059e-02 6.701146066e-02 8.402186632e-02
 1.003108174e-01 1.158331484e-01 1.305408180e-01 1.443856657e-01 1.573227346e-01
 4.206919670e-02 3.866303712e-02 3.337454796e-02 2.730476484e-02 2.090603858e-02
 1.416518353e-02 7.079437841e-03-3.524385684e-04-8.132411167e-03-1.626349613e-02
-2.474970929e-02-3.350913525e-02-4.246018454e-02-5.152544752e-02-6.063298509e-02
-6.971719861e-02-7.871931791e-02-8.758753538e-02-9.627682716e-02-1.047485322e-01
-1.129697561e-01-1.209125966e-01-1.285532713e-01-1.358711720e-01-1.428479552e-01
-1.494664848e-01-1.557098925e-01-1.615606695e-01-1.669996530e-01-1.720051467e-01
-1.765520871e-01-1.806110740e-01-1.841477305e-01-1.871218085e-01-1.894865632e-01
-1.911880821e-01-1.921649426e-01-1.923477650e-01-1.916593313e-01-1.900148094e-01
-1.873226911e-01-1.834861934e-01-1.784055382e-01-1.719813943e-01-1.641194373e-01
-1.547363698e-01-1.437677592e-01-1.311774254e-01-1.169686168e-01-1.011963412e-01
-8.398050070e-02-6.551845372e-02-4.609556869e-02-2.609127015e-02-5.977379158e-03
 1.354956813e-02 3.248450905e-02 5.081207305e-02 6.850670278e-02 8.553352952e-02
 1.018496528e-01 1.174059659e-01 1.321496218e-01 1.460271180e-01 1.589878500e-01
 4.283840954e-02 3.948528692e-02 3.422679752e-02 2.815414593e-02 2.175898850e-02
 1.503284276e-02 7.969275117e-03 5.642006872e-04-7.185577415e-03-1.528337225e-02
-2.373321354e-02-3.246214613e-02-4.138767719e-02-5.043151975e-02-5.952088907e-02
-6.858939677e-02-7.757752389e-02-8.643274009e-02-9.510933608e-02-1.035680249e-01
-1.117752790e-01-1.197025776e-01-1.273255646e-01-1.346230507e-01-1.415761113e-01
-1.481670439e-01-1.543784440e-01-1.601921767e-01-1.655884981e-01-1.705451310e-01
-1.750363708e-01-1.790321916e-01-1.824975759e-01-1.853916198e-01-1.876669228e-01
-1.892689914e-01-1.901357770e-01-1.901974082e-01-1.893762797e-01-1.875873655e-01
-1.847391427e-01-1.807351857e-01-1.754764915e-01-1.688650250e-01-1.608083844e-01
-1.512260437e-01-1.400572211e-01-1.272704303e-01-1.128747016e-01-9.693203121e-02
-7.957055420e-02-6.099746376e-02-4.151070490e-02-2.150906622e-02-1.502803992e-03
 1.796232164e-02 3.688885272e-02 5.526106060e-02 7.304933667e-02 9.021199495e-02
 1.066965088e-01 1.224410236e-01 1.373768151e-01 1.514319330e-01 1.645361483e-01
 4.412504658e-02 4.085236043e-02 3.555101901e-02 2.950885333e-02 2.313811146e-02
 1.643227786e-02 9.388981387e-03 2.006932162e-03-5.715018138e-03-1.377866231e-02
-2.218698151e-02-3.088091314e-02-3.977660090e-02-4.879456758e-02-5.786095932e-02
-6.690841168e-02-7.587647438e-02-8.471176028e-02-9.336771071e-02-1.018041819e-01
-1.099868566e-01-1.178863868e-01-1.254776120e-01-1.327385306e-01-1.396494210e-01
-1.461916864e-01-1.523471177e-01-1.580966562e-01-1.634196639e-01-1.682929397e-01
-1.726897359e-01-1.765791029e-01-1.799249351e-01-1.826852858e-01-1.848117411e-01
-1.862487793e-01-1.869334579e-01-1.867951155e-01-1.857555360e-01-1.837294102e-01
-1.806253195e-01-1.763474941e-01-1.707983315e-01-1.638820469e-01-1.555096209e-01
-1.456052363e-01-1.341142356e-01-1.210129857e-01-1.063198894e-01-9.010766447e-02
-7.251573354e-02-5.376113579e-02-3.414537385e-02-1.405214891e-02 5.698444322e-03
 2.506029233e-02 4.400228709e-02 6.249241531e-02 8.049032837e-02 9.794323891e-02
 1.147835776e-01 1.309280992e-01 1.462790668e-01 1.607282162e-01 1.741642952e-01
 4.573541135e-02 4.254853725e-02 3.740067035e-02 3.140420094e-02 2.505706437e-02
 1.836380735e-02 1.132985018e-02 3.960382193e-03-3.740947694e-03-1.177268289e-02
-2.013580874e-02-2.879013121e-02-3.765026480e-02-4.663556069e-02-5.567115545e-02
-6.468874961e-02-7.362698019e-02-8.243152499e-02-9.105491638e-02-9.945607185e-02
-1.075996831e-01-1.154554486e-01-1.229971647e-01-1.302018166e-01-1.370485574e-01
-1.435177773e-01-1.495900452e-01-1.552451700e-01-1.604612768e-01-1.652138233e-01
-1.694748551e-01-1.732119918e-01-1.763877571e-01-1.789588481e-01-1.808755100e-01
-1.820809543e-01-1.825110912e-01-1.820943803e-01-1.807520241e-01-1.783986092e-01
-1.749432832e-01-1.702916175e-01-1.643484682e-01-1.570218354e-01-1.482281089e-01
-1.378987879e-01-1.259886920e-01-1.124860197e-01-9.742346406e-02-8.089069277e-02
-6.304697692e-02-4.413381964e-02-2.448739484e-02-4.553839564e-03 1.507789176e-02
 3.441877663e-02 5.346079916e-02 7.218212634e-02 9.054613858e-02 1.084976643e-01
 1.259578466e-01 1.428187788e-01 1.589399725e-01 1.741500348e-01 1.882574260e-01
 4.802194238e-02 4.496027529e-02 3.988507763e-02 3.391243517e-02 2.755560726e-02
 2.083735541e-02 1.377862319e-02 6.395244971e-03-1.302739256e-03-9.310321882e-03
-1.762651652e-02-2.623498626e-02-3.505027294e-02-4.399142414e-02-5.298311636e-02
-6.195643544e-02-7.084928453e-02-7.960653305e-02-8.817975223e-02-9.652686864e-02
-1.046115011e-01-1.124022007e-01-1.198715568e-01-1.269952953e-01-1.337512583e-01
-1.401184648e-01-1.460760534e-01-1.516023576e-01-1.566739678e-01-1.612647772e-01
-1.653451324e-01-1.688810587e-01-1.718334258e-01-1.741573215e-01-1.758014113e-01
-1.767075658e-01-1.768105328e-01-1.760380417e-01-1.743110418e-01-1.715445518e-01
-1.676491499e-01-1.625330001e-01-1.561050862e-01-1.482793987e-01-1.389804929e-01
-1.281505674e-01-1.157579646e-01-1.018071473e-01-8.634975553e-02-6.949600577e-02
-5.142518878e-02-3.239302337e-02-1.273201779e-02 6.836173125e-03 2.628578991e-02
 4.560946673e-02 6.480298936e-02 8.385746181e-02 1.027527899e-01 1.214496940e-01
 1.398783475e-01 1.579222381e-01 1.753973812e-01 1.920333803e-01 2.074762285e-01
 5.118613690e-02 4.830969870e-02 4.319454730e-02 3.715550527e-02 3.067940101e-02
 2.384128422e-02 1.668853313e-02 9.245803580e-03 1.524756895e-03-6.470453460e-03
-1.474026125e-02-2.328790724e-02-3.204058111e-02-4.091776907e-02-4.984420165e-02
-5.875070393e-02-6.757469475e-02-7.626029104e-02-8.475822210e-02-9.302532673e-02
-1.010240614e-01-1.087216586e-01-1.160893440e-01-1.231013387e-01-1.297339499e-01
-1.359645128e-01-1.417704821e-01-1.471284330e-01-1.520131081e-01-1.563965380e-01
-1.602471769e-01-1.635291874e-01-1.662015468e-01-1.682176292e-01-1.695245206e-01
-1.700628102e-01-1.697663814e-01-1.685625762e-01-1.663728505e-01-1.631137133e-01
-1.586985290e-01-1.530399024e-01-1.460533738e-01-1.376618147e-01-1.278016269e-01
-1.164299846e-01-1.035337374e-01-8.913953602e-02-7.332493365e-02-5.622984469e-02
-3.806754574e-02-1.913444698e-02 1.817098237e-04 1.946007460e-02 3.873670846e-02
 5.803990364e-02 7.739624381e-02 9.683142602e-02 1.163681149e-01 1.360202879e-01
 1.557820439e-01 1.756053269e-01 1.953525096e-01 2.146927118e-01 2.329296619e-01
 5.579935759e-02 5.341216177e-02 4.792339355e-02 4.126648605e-02 3.436934203e-02
 2.725225314e-02 1.992169395e-02 1.237722766e-02 4.615044221e-03-3.370807040e-03
-1.158800535e-02-2.004604787e-02-2.870635688e-02-3.748857975e-02-4.631770402e-02
-5.512458831e-02-6.384634972e-02-7.242652774e-02-8.081493527e-02-8.896733820e-02
-9.684488922e-02-1.044133753e-01-1.116424054e-01-1.185045168e-01-1.249741763e-01
-1.310268342e-01-1.366379559e-01-1.417820454e-01-1.464317888e-01-1.505571008e-01
-1.541243643e-01-1.570956409e-01-1.594280452e-01-1.610732079e-01-1.619768441e-01
-1.620785445e-01-1.613118649e-01-1.596046537e-01-1.568799615e-01-1.530573219e-01
-1.480548978e-01-1.417923272e-01-1.341947168e-01-1.251976490e-01-1.147535592e-01
-1.028394699e-01-8.946586400e-02-7.468666136e-02-5.860976875e-02-4.140736908e-02
-2.332483977e-02-4.686756060e-03 1.404991560e-02 3.289994970e-02 5.189363658e-02
 7.107280195e-02 9.049084783e-02 1.102143824e-01 1.303254366e-01 1.509241462e-01
 1.721322536e-01 1.940982640e-01 2.170105278e-01 2.411547303e-01 2.665299177e-01
 6.086910143e-02 5.907888710e-02 5.292779207e-02 4.549521953e-02 3.812328354e-02
 3.071340546e-02 2.320882864e-02 1.557600684e-02 7.792462595e-03-1.589641906e-04
-8.292814717e-03-1.662225276e-02-2.514973655e-02-3.379387408e-02-4.248158634e-02
-5.114442110e-02-5.971948057e-02-6.814978272e-02-7.638426125e-02-8.437751234e-02
-9.208925068e-02-9.948363900e-02-1.065285057e-01-1.131944209e-01-1.194538027e-01
-1.252799630e-01-1.306460798e-01-1.355244219e-01-1.398853362e-01-1.436964571e-01
-1.469219625e-01-1.495218724e-01-1.514514387e-01-1.526607871e-01-1.530946195e-01
-1.526921988e-01-1.513876319e-01-1.491105556e-01-1.457871944e-01-1.413422823e-01
-1.357013583e-01-1.287943274e-01-1.205597222e-01-1.109502167e-01-9.993931651e-02
-8.752912283e-02-7.375908643e-02-5.871532857e-02-4.254022986e-02-2.544097416e-02
-7.695954293e-03 1.021989807e-02 2.832114883e-02 4.663327709e-02 6.519555300e-02
 8.406345546e-02 1.033121496e-01 1.230416596e-01 1.433844566e-01 1.645164639e-01
 1.866734028e-01 2.101756781e-01 2.354671061e-01 2.631710768e-01 2.928490937e-01
 6.421849132e-02 6.268393248e-02 5.640415102e-02 4.885207862e-02 4.133982956e-02
 3.381918371e-02 2.625264041e-02 1.860962063e-02 1.086559240e-02 3.000303172e-03
-5.003836937e-03-1.316297241e-02-2.149274573e-02-2.993844450e-02-3.842661530e-02
-4.688853770e-02-5.526085570e-02-6.348584592e-02-7.151144743e-02-7.929091156e-02
-8.678242564e-02-9.394834936e-02-1.007545441e-01-1.071694195e-01-1.131631285e-01
-1.187065616e-01-1.237705126e-01-1.283247322e-01-1.323371530e-01-1.357730329e-01
-1.385943592e-01-1.407591701e-01-1.422211826e-01-1.429294646e-01-1.428283751e-01
-1.418578029e-01-1.399537325e-01-1.370491982e-01-1.330758333e-01-1.279661357e-01
-1.216563433e-01-1.140903831e-01-1.052246690e-01-9.503400326e-02-8.351838589e-02
-7.071067393e-02-5.668452755e-02-4.156246781e-02-2.552424185e-02-8.813489228e-03
 8.109604940e-03 2.525203303e-02 4.262951761e-02 6.026881188e-02 7.821053267e-02
 9.651272744e-02 1.152555943e-01 1.345482022e-01 1.545379460e-01 1.754242778e-01
 1.974782646e-01 2.210689485e-01 2.466944903e-01 2.750027776e-01 3.053515255e-01
 6.613904983e-02 6.474930048e-02 5.879046768e-02 5.131998658e-02 4.385053366e-02
 3.637124598e-02 2.886201814e-02 2.130299807e-02 1.367568690e-02 5.962971598e-03
-1.851290697e-03-9.782857262e-03-1.784775406e-02-2.602783404e-02-3.424956277e-02
-4.244408756e-02-5.054766685e-02-5.850190297e-02-6.625369191e-02-7.375499606e-02
-8.096235245e-02-8.783626556e-02-9.434047341e-02-1.004411131e-01-1.061058789e-01
-1.113031656e-01-1.160011813e-01-1.201671213e-01-1.237664372e-01-1.267620921e-01
-1.291140467e-01-1.307787150e-01-1.317087263e-01-1.318528354e-01-1.311561167e-01
-1.295603365e-01-1.270050555e-01-1.234288663e-01-1.187713966e-01-1.129760370e-01
-1.059933528e-01-9.778547287e-02-8.833135664e-02-7.763305306e-02-6.572271883e-02
-5.266999453e-02-3.858846426e-02-2.363791317e-02-8.035073057e-03 7.807520218e-03
 2.388614044e-02 4.020272195e-02 5.676659569e-02 7.359651476e-02 9.072300792e-02
 1.081913114e-01 1.260650754e-01 1.444315463e-01 1.634083688e-01 1.831538826e-01
 2.038827240e-01 2.258923650e-01 2.496159375e-01 2.757425606e-01 3.030678928e-01
 6.744511425e-02 6.622715294e-02 6.032921374e-02 5.298856646e-02 4.565222189e-02
 3.830747306e-02 3.094245493e-02 2.354566008e-02 1.610564813e-02 8.610680699e-03
 1.048466191e-03-6.593891419e-03-1.432974264e-02-2.217232808e-02-3.005415201e-02
-3.790722042e-02-4.566790909e-02-5.327741057e-02-6.068182364e-02-6.783191115e-02
-7.468266785e-02-8.119274676e-02-8.732376248e-02-9.303954244e-02-9.830529988e-02
-1.030868739e-01-1.073498875e-01-1.110590473e-01-1.141774654e-01-1.166660637e-01
-1.184831262e-01-1.195840389e-01-1.199211404e-01-1.194439083e-01-1.180994213e-01
-1.158331409e-01-1.125902385e-01-1.083173826e-01-1.029651910e-01-9.649135172e-02
-8.886449784e-02-8.006897569e-02-7.011032104e-02-5.902174860e-02-4.687166959e-02
-3.377363086e-02-1.989959925e-02-5.429039244e-03 9.308904409e-03 2.429965511e-02
 3.953035921e-02 5.499202758e-02 7.068102807e-02 8.660033345e-02 1.027608663e-01
 1.191828102e-01 1.358969957e-01 1.529462487e-01 1.703864336e-01 1.882867068e-01
 2.067280114e-01 2.257971764e-01 2.455669045e-01 2.660009861e-01 2.860144973e-01
 6.790348887e-02 6.682847440e-02 6.104049087e-02 5.389343202e-02 4.675546288e-02
 3.960619494e-02 3.244195133e-02 2.526183985e-02 1.806320995e-02 1.084052958e-02
 3.585545812e-03-3.712312086e-03-1.106564887e-02-1.848926768e-02-2.595148422e-02
-3.338325024e-02-4.072077572e-02-4.790509120e-02-5.488180369e-02-6.160078570e-02
-6.801573187e-02-7.408362627e-02-7.976411283e-02-8.501881361e-02-8.981058002e-02
-9.410281479e-02-9.785874933e-02-1.010408401e-01-1.036102027e-01-1.055261940e-01
-1.067461222e-01-1.072251797e-01-1.069165394e-01-1.057717949e-01-1.037417501e-01
-1.007776111e-01-9.683261812e-02-9.186436236e-02-8.583762497e-02-7.872793823e-02
-7.052575052e-02-6.124116108e-02-5.090881884e-02-3.959291056e-02-2.738882788e-02
-1.442954037e-02-1.140403794e-03 1.249284390e-02 2.642163634e-02 4.060970992e-02
 5.502756685e-02 6.965033710e-02 8.445712179e-02 9.943081439e-02 1.145581752e-01
 1.298296899e-01 1.452388316e-01 1.607802957e-01 1.764464527e-01 1.922204047e-01
 2.080633342e-01 2.238911390e-01 2.395317852e-01 2.546470761e-01 2.686065435e-01
 6.720162183e-02 6.614995003e-02 6.086032093e-02 5.408760533e-02 4.720472917e-02
 4.026770592e-02 3.331952542e-02 2.638084814e-02 1.945865899e-02 1.255184971e-02
 5.654278211e-03-1.243392704e-03-8.152507246e-03-1.508540753e-02-2.205405943e-02
-2.898454666e-02-3.581609204e-02-4.249113053e-02-4.895571992e-02-5.515946075e-02
-6.105522439e-02-6.659871340e-02-7.174791396e-02-7.646253705e-02-8.070339262e-02
-8.443178236e-02-8.760892600e-02-9.019552916e-02-9.215133637e-02-9.343491495e-02
-9.400358796e-02-9.381352365e-02-9.282021224e-02-9.097914398e-02-8.824691176e-02
-8.458279073e-02-7.995077968e-02-7.432225347e-02-6.767936051e-02-6.001894549e-02
-5.135712773e-02-4.173450172e-02-3.122011945e-02-1.992520690e-02-7.968999445e-03
 4.352476448e-03 1.701401919e-02 2.998900786e-02 4.324214533e-02 5.673560500e-02
 7.043106854e-02 8.429038525e-02 9.827582538e-02 1.123500913e-01 1.264761984e-01
 1.406169832e-01 1.547338516e-01 1.687845439e-01 1.827190816e-01 1.964734197e-01
 2.099596560e-01 2.230527997e-01 2.355749309e-01 2.472834289e-01 2.578794360e-01
 6.704010814e-02 6.642335653e-02 6.093842536e-02 5.399680138e-02 4.710856080e-02
 4.026613384e-02 3.349249065e-02 2.679605968e-02 2.017590217e-02 1.362547558e-02
 7.134804036e-03 6.917887367e-04-5.717029795e-03-1.210618671e-02-1.849165931e-02
-2.483491227e-02-3.107490018e-02-3.715488687e-02-4.302162677e-02-4.862494767e-02
-5.391743034e-02-5.885398388e-02-6.339144707e-02-6.748814136e-02-7.110331208e-02
-7.419674098e-02-7.672832906e-02-7.865776122e-02-7.994435728e-02-8.054699004e-02
-8.042430878e-02-7.953506708e-02-7.783888280e-02-7.529723644e-02-7.187485695e-02
-6.754165888e-02-6.227499992e-02-5.606245622e-02-4.890573770e-02-4.082518071e-02
-3.186326101e-02-2.209645882e-02-1.159794256e-02-6.609183620e-04 1.072354056e-02
 2.250530571e-02 3.464104980e-02 4.708879814e-02 5.980461836e-02 7.274185121e-02
 8.585101366e-02 9.907984734e-02 1.123735309e-01 1.256749034e-01 1.389247179e-01
 1.520618796e-01 1.650230289e-01 1.777419597e-01 1.901476979e-01 2.021617293e-01
 2.136941850e-01 2.246397585e-01 2.348752618e-01 2.442614138e-01 2.526518106e-01
 6.638082117e-02 6.614735723e-02 6.050246209e-02 5.316865444e-02 4.613652825e-02
 3.934206069e-02 3.274650127e-02 2.632413246e-02 2.005411498e-02 1.391741447e-02
 7.895909250e-03 1.972282305e-03-3.869873472e-03-9.645877406e-03-1.536957547e-02
-2.105223387e-02-2.662098967e-02-3.202392906e-02-3.721038625e-02-4.213148728e-02
-4.674030095e-02-5.099169165e-02-5.484203994e-02-5.824895948e-02-6.117093563e-02
-6.356706470e-02-6.539683044e-02-6.661997736e-02-6.719662994e-02-6.708739698e-02
-6.625390053e-02-6.465940177e-02-6.226980314e-02-5.905496702e-02-5.499025807e-02
-5.005905777e-02-4.425528646e-02-3.758326918e-02-3.006432578e-02-2.174651995e-02
-1.267309487e-02-3.102531889e-03 6.983792409e-03 1.754498109e-02 2.854764089e-02
 3.995310515e-02 5.171947926e-02 6.380134821e-02 7.614886761e-02 8.870690316e-02
 1.014145017e-01 1.142046526e-01 1.270044148e-01 1.397355944e-01 1.523159146e-01
 1.646605730e-01 1.766841114e-01 1.883021891e-01 1.994328201e-01 2.099971473e-01
 2.199193388e-01 2.291261256e-01 2.375469059e-01 2.451149523e-01 2.517707348e-01
 6.353386492e-02 6.338228285e-02 5.786667764e-02 5.059657991e-02 4.367562383e-02
 3.708289191e-02 3.078112379e-02 2.473398671e-02 1.890812069e-02 1.327371690e-02
 7.804557681e-03 2.477819799e-03-2.726281527e-03-7.824961096e-03-1.283352450e-02
-1.776649803e-02-2.258281223e-02-2.723096870e-02-3.166141361e-02-3.582640737e-02
-3.967993706e-02-4.317748547e-02-4.627585411e-02-4.893288761e-02-5.110732466e-02
-5.275864899e-02-5.384709686e-02-5.433382094e-02-5.418117344e-02-5.335325748e-02
-5.181656033e-02-4.954086989e-02-4.650081694e-02-4.267754406e-02-3.805823624e-02
-3.264226764e-02-2.645320259e-02-1.950262487e-02-1.181126572e-02-3.579528071e-03
 5.214577541e-03 1.454066858e-02 2.437633649e-02 3.469433635e-02 4.546435922e-02
 5.665191263e-02 6.821750104e-02 8.011558652e-02 9.229328483e-02 1.046890020e-01
 1.172311604e-01 1.298373640e-01 1.424141824e-01 1.548581421e-01 1.670578718e-01
 1.788980365e-01 1.902643889e-01 2.010495067e-01 2.111583650e-01 2.205125988e-01
 2.290529907e-01 2.367399484e-01 2.435521185e-01 2.494839281e-01 2.545428276e-01
 5.886448920e-02 5.878928304e-02 5.310158804e-02 4.600372910e-02 3.937981278e-02
 3.317506611e-02 2.733968571e-02 2.182298899e-02 1.657866314e-02 1.156694815e-02
 6.754984614e-03 2.116269665e-03-2.370207803e-03-6.720840000e-03-1.094814762e-02
-1.506127138e-02-1.906593889e-02-2.289872989e-02-2.651265264e-02-2.986222878e-02
-3.290350363e-02-3.559383750e-02-3.789167106e-02-3.975639865e-02-4.114826769e-02
-4.202846065e-02-4.235929623e-02-4.210468754e-02-4.123084992e-02-3.970725089e-02
-3.750749677e-02-3.460894525e-02-3.099695221e-02-2.667437121e-02-2.162870951e-02
-1.584410667e-02-9.512317367e-03-2.588756848e-03 4.931093194e-03 1.302024163e-02
 2.166312560e-02 3.084256500e-02 4.054067284e-02 5.073736608e-02 6.140939146e-02
 7.252912223e-02 8.406306803e-02 9.597005695e-02 1.081990004e-01 1.206862479e-01
 1.333528012e-01 1.461015940e-01 1.588157117e-01 1.713580936e-01 1.835744977e-01
 1.953001618e-01 2.063705474e-01 2.166349143e-01 2.259695530e-01 2.342884243e-01
 2.415487319e-01 2.477510422e-01 2.529339492e-01 2.571643591e-01 2.605254650e-01
 5.132913217e-02 5.109889060e-02 4.578319937e-02 3.905789927e-02 3.295364231e-02
 2.738117985e-02 2.224573307e-02 1.746628061e-02 1.297880523e-02 8.734771982e-03
 4.698285833e-03 8.433244657e-04-2.848488512e-03-6.389551330e-03-9.787457064e-03
-1.304576639e-02-1.616447419e-02-1.914035901e-02-2.189604193e-02-2.438938990e-02
-2.658033744e-02-2.842991427e-02-2.989995107e-02-3.095298074e-02-3.155231476e-02
-3.166222945e-02-3.124835156e-02-3.027834743e-02-2.872320637e-02-2.655980363e-02
-2.377643250e-02-2.034989558e-02-1.625108160e-02-1.162861288e-02-6.436963100e-03
-6.623088848e-04 5.679019727e-03 1.258483157e-02 2.005267330e-02 2.807635628e-02
 3.664927185e-02 4.576416314e-02 5.541290715e-02 6.558585167e-02 7.627093792e-02
 8.745238185e-02 9.910895675e-02 1.112115383e-01 1.237198263e-01 1.365780532e-01
 1.497094333e-01 1.630095840e-01 1.763394773e-01 1.895195544e-01 2.023285925e-01
 2.145121694e-01 2.258043587e-01 2.359603047e-01 2.447894216e-01 2.521788478e-01
 2.581041455e-01 2.626278400e-01 2.658870816e-01 2.680687904e-01 2.693764567e-01
 4.072777554e-02 4.020836577e-02 3.519664705e-02 2.921044268e-02 2.407745272e-02
 1.955043152e-02 1.545352675e-02 1.167525724e-02 8.145757020e-03 4.821075592e-03
 1.673709136e-03-1.313042128e-03-4.148438573e-03-6.836326793e-03-9.376332164e-03
-1.176451333e-02-1.399366558e-02-1.605346240e-02-1.793064922e-02-1.954638585e-02
-2.086933330e-02-2.186693065e-02-2.250639908e-02-2.275526337e-02-2.258165926e-02
-2.195457555e-02-2.084405161e-02-1.922121085e-02-1.705780625e-02-1.432429533e-02
-1.111055817e-02-7.379788440e-03-3.116721287e-03 1.670473488e-03 6.986042485e-03
 1.283460483e-02 1.921792328e-02 2.613844350e-02 3.359895945e-02 4.160226882e-02
 5.015143380e-02 5.924991518e-02 6.890149415e-02 7.911002636e-02 8.987885714e-02
 1.012099832e-01 1.131024957e-01 1.255503148e-01 1.385385692e-01 1.520382017e-01
 1.659977734e-01 1.803314686e-01 1.949018240e-01 2.094966173e-01 2.238033712e-01
 2.373975515e-01 2.497800887e-01 2.604790926e-01 2.691537738e-01 2.756357789e-01
 2.799277306e-01 2.821982503e-01 2.827756703e-01 2.821034491e-01 2.806348801e-01
 2.520290762e-02 2.377775125e-02 1.972163841e-02 1.586723886e-02 1.271505747e-02
 9.874217212e-03 7.220633328e-03 4.704045132e-03 2.303461079e-03 1.166270522e-05
-2.171293832e-03-4.241137300e-03-6.190886255e-03-8.011551574e-03-9.692361578e-03
-1.122063398e-02-1.258133259e-02-1.375615224e-02-1.472181641e-02-1.544666197e-02
-1.590145007e-02-1.605820283e-02-1.588988677e-02-1.537042484e-02-1.447487064e-02
-1.317968313e-02-1.146315224e-02-9.306091815e-03-6.693108007e-03-3.615181893e-03
-7.556448691e-05 3.931913991e-03 8.414089680e-03 1.337594073e-02 1.882348955e-02
 2.476354502e-02 3.120342083e-02 3.815134615e-02 4.561671615e-02 5.361025780e-02
 6.214436144e-02 7.123336196e-02 8.089383692e-02 9.114486724e-02 1.020082533e-01
 1.135085151e-01 1.256726384e-01 1.385292113e-01 1.521065831e-01 1.664290726e-01
 1.815102696e-01 1.973405778e-01 2.138653249e-01 2.309434116e-01 2.482629567e-01
 2.651568651e-01 2.804083824e-01 2.928096652e-01 3.018136621e-01 3.072795272e-01
 3.092578650e-01 3.079940081e-01 3.040916920e-01 2.987387180e-01 2.931863070e-01
 3.939216956e-03-3.099272726e-05 9.590917034e-05 5.660078023e-04 1.709970966e-04
-6.519791787e-04-1.706756186e-03-2.887129784e-03-4.125596024e-03-5.374148488e-03
-6.595894694e-03-7.760849781e-03-8.843535557e-03-9.821411222e-03-1.067373157e-02
-1.138061751e-02-1.192225982e-02-1.227820665e-02-1.242681686e-02-1.234518550e-02
-1.201052777e-02-1.140070520e-02-1.049449202e-02-9.271746501e-03-7.713583764e-03
-5.802564323e-03-3.522940446e-03-8.609564975e-04 2.194798784e-03 5.653120112e-03
 9.520506486e-03 1.380381361e-02 1.851038262e-02 2.364804968e-02 2.922560833e-02
 3.525308520e-02 4.174197465e-02 4.870552197e-02 5.615903810e-02 6.412030011e-02
 7.261000574e-02 8.165238798e-02 9.127590060e-02 1.015142500e-01 1.124074385e-01
 1.240033209e-01 1.363592744e-01 1.495443135e-01 1.636413336e-01 1.787492782e-01
 1.949846447e-01 2.124810964e-01 2.313862443e-01 2.518566847e-01 2.740661502e-01
 2.983204126e-01 3.200881481e-01 3.351390362e-01 3.445201814e-01 3.487769961e-01
 3.474369645e-01 3.409290910e-01 3.285520077e-01 3.144586384e-01 3.038365841e-01
-1.078918576e-02-1.557142660e-02-1.451876573e-02-1.241870038e-02-1.117919199e-02
-1.055280119e-02-1.034454443e-02-1.041109581e-02-1.064728200e-02-1.097432338e-02
-1.133171748e-02-1.167181972e-02-1.195612736e-02-1.215265505e-02-1.223401166e-02
-1.217598654e-02-1.195649896e-02-1.155484002e-02-1.095121354e-02-1.012657396e-02
-9.062760510e-03-7.742660586e-03-6.150326692e-03-4.271062091e-03-2.091469709e-03
 4.005128285e-04 3.215613542e-03 6.363259163e-03 9.851682931e-03 1.368817128e-02
 1.787953824e-02 2.243287116e-02 2.735606208e-02 3.265818954e-02 3.834992275e-02
 4.444381222e-02 5.095459893e-02 5.789951608e-02 6.529861689e-02 7.317519188e-02
 8.155636489e-02 9.047382325e-02 9.996491671e-02 1.100740507e-01 1.208547205e-01
 1.323721707e-01 1.447072476e-01 1.579614580e-01 1.722643375e-01 1.877834499e-01
 2.047380209e-01 2.234164774e-01 2.441958636e-01 2.675583661e-01 2.941003740e-01
 3.224558234e-01 3.442327678e-01 3.592604697e-01 3.679149151e-01 3.699191511e-01
 3.654633760e-01 3.535758257e-01 3.354973197e-01 3.199757636e-01 3.075603843e-01
-2.085217834e-02-2.604050189e-02-2.477976307e-02-2.224689722e-02-2.036921680e-02
-1.901628450e-02-1.806135103e-02-1.738901436e-02-1.690123603e-02-1.651774347e-02
-1.617393270e-02-1.581798308e-02-1.540802419e-02-1.490970887e-02-1.429426111e-02
-1.353701390e-02-1.261636708e-02-1.151307207e-02-1.020980626e-02-8.690943941e-03
-6.942467764e-03-4.951949231e-03-2.708522836e-03-2.028401068e-04 2.573010977e-03
 5.625639111e-03 8.960533887e-03 1.258233003e-02 1.649513841e-02 2.070299536e-02
 2.521037497e-02 3.002277948e-02 3.514727578e-02 4.059295356e-02 4.637130722e-02
 5.249653012e-02 5.898572505e-02 6.585906446e-02 7.314005494e-02 8.085574210e-02
 8.903720975e-02 9.772022814e-02 1.069463044e-01 1.167641580e-01 1.272318661e-01
 1.384198666e-01 1.504154354e-01 1.633289158e-01 1.773033142e-01 1.925288141e-01
 2.092661858e-01 2.278849483e-01 2.489256561e-01 2.731782794e-01 3.014840484e-01
 3.265390396e-01 3.455131054e-01 3.584443927e-01 3.651505709e-01 3.655940890e-01
 3.586668372e-01 3.437510133e-01 3.275888562e-01 3.141552806e-01 3.029149473e-01
-2.736941725e-02-3.283482045e-02-3.201438487e-02-2.952878550e-02-2.754975483e-02
-2.598700300e-02-2.473403513e-02-2.369139716e-02-2.277352661e-02-2.191040851e-02
-2.104619518e-02-2.013657242e-02-1.914595813e-02-1.804515347e-02-1.680956408e-02
-1.541800238e-02-1.385199092e-02-1.209539175e-02-1.013424806e-02-7.956746034e-03
-5.553209223e-03-2.916074591e-03-3.982169437e-05 3.079156624e-03 6.442742422e-03
 1.005135011e-02 1.390426420e-02 1.800006628e-02 2.233717963e-02 2.691450715e-02
 3.173214942e-02 3.679215908e-02 4.209922254e-02 4.766122252e-02 5.348962545e-02
 5.959967524e-02 6.601038575e-02 7.274442911e-02 7.982793450e-02 8.729044348e-02
 9.516485035e-02 1.034877598e-01 1.123000160e-01 1.216476858e-01 1.315835714e-01
 1.421692520e-01 1.534779668e-01 1.655986905e-01 1.786419004e-01 1.927479208e-01
 2.081001699e-01 2.249476612e-01 2.436507195e-01 2.648220062e-01 2.873927951e-01
 3.064035773e-01 3.210942745e-01 3.311989903e-01 3.366199732e-01 3.366072774e-01
 3.308955431e-01 3.200851083e-01 3.097003698e-01 3.002378941e-01 2.917412519e-01
-3.160063922e-02-3.744205832e-02-3.683596849e-02-3.472793847e-02-3.308251500e-02
-3.174468130e-02-3.058135509e-02-2.948970534e-02-2.839633636e-02-2.725081518e-02
-2.601838484e-02-2.467386425e-02-2.319734171e-02-2.157152817e-02-1.978042349e-02
-1.780893840e-02-1.564308442e-02-1.327043399e-02-1.068063639e-02-7.865837775e-03
-4.820928443e-03-1.543609193e-03 1.965705771e-03 5.704098381e-03 9.666429833e-03
 1.384567842e-02 1.823337004e-02 2.282011881e-02 2.759636939e-02 3.255334869e-02
 3.768416494e-02 4.298503697e-02 4.845637456e-02 5.410365388e-02 5.993788317e-02
 6.597560644e-02 7.223847508e-02 7.875251025e-02 8.554719388e-02 9.265463054e-02
 1.001088172e-01 1.079453081e-01 1.162011027e-01 1.249148175e-01 1.341270953e-01
 1.438811123e-01 1.542229950e-01 1.652018428e-01 1.768688560e-01 1.892741323e-01
 2.024583519e-01 2.164322287e-01 2.311268002e-01 2.462823391e-01 2.611753643e-01
 2.744038105e-01 2.851512730e-01 2.929835916e-01 2.976274490e-01 2.989529073e-01
 2.970879674e-01 2.930384278e-01 2.879498899e-01 2.824622393e-01 2.769585550e-01
-3.281012923e-02-3.903488815e-02-3.921052068e-02-3.811193258e-02-3.742093593e-02
-3.681750223e-02-3.611619771e-02-3.522923216e-02-3.412730247e-02-3.280975297e-02
-3.128610924e-02-2.956597321e-02-2.765429392e-02-2.554997616e-02-2.324659191e-02
-2.073416859e-02-1.800139621e-02-1.503771357e-02-1.183499303e-02-8.388649672e-03
-4.698166158e-03-7.671019994e-04 3.397228196e-03 7.784225978e-03 1.238045096e-02
 1.716995612e-02 2.213459276e-02 2.725445107e-02 3.250866383e-02 3.787677735e-02
 4.334063828e-02 4.888668284e-02 5.450809747e-02 6.020652130e-02 6.599280983e-02
 7.188674808e-02 7.791575789e-02 8.411278576e-02 9.051404148e-02 9.715675563e-02
 1.040774956e-01 1.113110483e-01 1.188897938e-01 1.268433481e-01 1.351983249e-01
 1.439776719e-01 1.531996727e-01 1.628754735e-01 1.730050445e-01 1.835699677e-01
 1.945213675e-01 2.057606280e-01 2.171115726e-01 2.282885611e-01 2.388850451e-01
 2.484291643e-01 2.564949095e-01 2.627743483e-01 2.670984864e-01 2.694520652e-01
 2.699955702e-01 2.690554261e-01 2.670344114e-01 2.643049359e-01 2.611617148e-01
-2.947142720e-02-3.563315421e-02-3.848322481e-02-4.020685330e-02-4.159026965e-02
-4.231422395e-02-4.231132194e-02-4.167376459e-02-4.052421823e-02-3.897254169e-02
-3.710406646e-02-3.497690707e-02-3.262340277e-02-3.005437739e-02-2.726523578e-02
-2.424249612e-02-2.096972242e-02-1.743226126e-02-1.362050325e-02-9.531708434e-03
-5.170417484e-03-5.477502709e-04 4.319976084e-03 9.412672371e-03 1.470737159e-02
 2.017831430e-02 2.579640970e-02 3.152859211e-02 3.733794764e-02 4.318538308e-02
 4.903317243e-02 5.484991148e-02 6.061557680e-02 6.632547081e-02 7.199192047e-02
 7.764349133e-02 8.332155645e-02 8.907514811e-02 9.495537728e-02 1.010106802e-01
 1.072838753e-01 1.138107181e-01 1.206196174e-01 1.277316809e-01 1.351607740e-01
 1.429130435e-01 1.509857178e-01 1.593648493e-01 1.680217683e-01 1.769080758e-01
 1.859486997e-01 1.950343549e-01 2.040144801e-01 2.126956582e-01 2.208505571e-01
 2.282408178e-01 2.346489280e-01 2.399078161e-01 2.439218462e-01 2.466778010e-01
 2.482451051e-01 2.487624288e-01 2.484109104e-01 2.473829985e-01 2.458581477e-01
-2.526365593e-02-3.166811168e-02-3.770005330e-02-4.353510588e-02-4.879391193e-02
-5.056966841e-02-5.072740093e-02-4.981680959e-02-4.818291217e-02-4.606588930e-02
-4.362988472e-02-4.097277671e-02-3.813521564e-02-3.511482477e-02-3.188317269e-02
-2.840110287e-02-2.463021874e-02-2.054054476e-02-1.611520723e-02-1.135264616e-02
-6.266108714e-03-8.804476820e-04 4.772910383e-03 1.066072378e-02 1.675035059e-02
 2.300891466e-02 2.939967439e-02 3.587703407e-02 4.238256812e-02 4.884526134e-02
 5.518874526e-02 6.134431809e-02 6.726452708e-02 7.293257117e-02 7.836631685e-02
 8.361679316e-02 8.876012266e-02 9.388359636e-02 9.907068312e-02 1.043910831e-01
 1.098974273e-01 1.156262234e-01 1.216004491e-01 1.278318316e-01 1.343224347e-01
 1.410650909e-01 1.480431408e-01 1.552291662e-01 1.625831425e-01 1.700500548e-01
 1.775574088e-01 1.850133687e-01 1.923065782e-01 1.993090659e-01 2.058830410e-01
 2.118918896e-01 2.172133476e-01 2.217523456e-01 2.254510075e-01 2.282940149e-01
 2.303082794e-01 2.315571606e-01 2.321300805e-01 2.321303189e-01 2.316636592e-01
-2.304888889e-02-3.028463572e-02-3.816208243e-02-4.708645865e-02-5.694355816e-02
-6.245377660e-02-6.265895069e-02-6.026109681e-02-5.727493763e-02-5.399246886e-02
-5.063876882e-02-4.732003808e-02-4.402399808e-02-4.066487774e-02-3.713222593e-02
-3.332141042e-02-2.914718725e-02-2.454934828e-02-1.949677058e-02-1.399143692e-02
-8.068857715e-03-1.789227128e-03 4.780695774e-03 1.158504002e-02 1.858560368e-02
 2.575726807e-02 3.307604417e-02 4.050210491e-02 4.795875400e-02 5.531591550e-02
 6.240293756e-02 6.905921549e-02 7.517825067e-02 8.071985096e-02 8.571229130e-02
 9.025843441e-02 9.452772141e-02 9.870918095e-02 1.029547006e-01 1.073611677e-01
 1.119820178e-01 1.168427169e-01 1.219512373e-01 1.273040622e-01 1.328891814e-01
 1.386872083e-01 1.446715295e-01 1.508077085e-01 1.570527256e-01 1.633540690e-01
 1.696491241e-01 1.758653373e-01 1.819213629e-01 1.877298057e-01 1.932014972e-01
 1.982510090e-01 2.028031349e-01 2.067986727e-01 2.101993263e-01 2.129901052e-01
 2.151794136e-01 2.167967111e-01 2.178880423e-01 2.185105681e-01 2.187270522e-01
-2.025750652e-02-2.769985795e-02-3.608678281e-02-4.590587318e-02-5.754099786e-02
-6.633584946e-02-7.093767822e-02-7.117332518e-02-6.702389568e-02-6.168742478e-02
-5.706094205e-02-5.321963876e-02-4.984800890e-02-4.657679051e-02-4.311553016e-02
-3.926334158e-02-3.487953544e-02-2.986332029e-02-2.415241301e-02-1.774264127e-02
-1.072218455e-02-3.270767629e-03 4.430471919e-03 1.228345744e-02 2.027046308e-02
 2.841991931e-02 3.677932173e-02 4.539253563e-02 5.425931141e-02 6.319469213e-02
 7.163330913e-02 7.913239300e-02 8.555121720e-02 9.084148705e-02 9.500022978e-02
 9.814092517e-02 1.007486731e-01 1.034379154e-01 1.064288095e-01 1.097617447e-01
 1.134294569e-01 1.174102873e-01 1.216779351e-01 1.262042969e-01 1.309597790e-01
 1.359126717e-01 1.410283893e-01 1.462685466e-01 1.515902430e-01 1.569456905e-01
 1.622820497e-01 1.675419509e-01 1.726645827e-01 1.775875688e-01 1.822494715e-01
 1.865928769e-01 1.905675828e-01 1.941334903e-01 1.972630769e-01 1.999425590e-01
 2.021721154e-01 2.039647996e-01 2.053445876e-01 2.063436806e-01 2.069996148e-01
-1.602238417e-02-2.284221724e-02-3.034533933e-02-3.864719719e-02-4.774767160e-02
-5.742986500e-02-6.598062813e-02-7.038748264e-02-7.018272579e-02-6.498370320e-02
-6.000174955e-02-5.715194345e-02-5.522458628e-02-5.303566158e-02-5.028404295e-02
-4.682948440e-02-4.255190492e-02-3.731970116e-02-3.097766824e-02-2.335374057e-02
-1.438586786e-02-4.962624051e-03 4.170222208e-03 1.307717990e-02 2.191533521e-02
 3.085174039e-02 4.006461054e-02 4.976370186e-02 6.023381650e-02 7.187360525e-02
 8.230868727e-02 9.079124033e-02 9.758075327e-02 1.025473177e-01 1.056287289e-01
 1.065522060e-01 1.062131375e-01 1.070952863e-01 1.088085845e-01 1.111389995e-01
 1.139537171e-01 1.171624660e-01 1.206992120e-01 1.245118231e-01 1.285558194e-01
 1.327904463e-01 1.371762007e-01 1.416732967e-01 1.462406516e-01 1.508354545e-01
 1.554130316e-01 1.599272043e-01 1.643310636e-01 1.685780883e-01 1.726235896e-01
 1.764264703e-01 1.799508035e-01 1.831675172e-01 1.860555112e-01 1.886023581e-01
 1.908045113e-01 1.926666796e-01 1.942009926e-01 1.954255998e-01 1.963630468e-01
-1.058184262e-02-1.633543707e-02-2.248540148e-02-2.902554162e-02-3.587189317e-02
-4.285375774e-02-4.972511530e-02-5.618757010e-02-5.992619693e-02-5.783932656e-02
-5.538348109e-02-5.529668182e-02-5.607174709e-02-5.541484058e-02-5.363211036e-02
-5.080842599e-02-4.689336196e-02-4.176454246e-02-3.520895913e-02-2.682334185e-02
-1.586409844e-02-4.640736617e-03 5.335087888e-03 1.468310133e-02 2.378109284e-02
 3.290032223e-02 4.228267819e-02 5.219296366e-02 6.296983361e-02 7.498376071e-02
 8.576033264e-02 9.440416098e-02 1.011517793e-01 1.059351936e-01 1.086246446e-01
 1.089034081e-01 1.078617722e-01 1.080794036e-01 1.092044637e-01 1.109857261e-01
 1.132643446e-01 1.159369797e-01 1.189314425e-01 1.221923977e-01 1.256734431e-01
 1.293330193e-01 1.331319809e-01 1.370323896e-01 1.409966946e-01 1.449872553e-01
 1.489664018e-01 1.528964937e-01 1.567404121e-01 1.604622155e-01 1.640280187e-01
 1.674069166e-01 1.705718637e-01 1.735005677e-01 1.761761904e-01 1.785876006e-01
 1.807296127e-01 1.826026291e-01 1.842122078e-01 1.855683327e-01 1.866844594e-01
 0.201748061E+01 0.204373479E+01 0.205958557E+01 0.207699585E+01 0.209452033E+01
 0.211602163E+01 0.213247585E+01 0.214921999E+01 0.216498947E+01 0.218238854E+01
 0.219814777E+01 0.221454000E+01 0.223161221E+01 0.224763918E+01 0.226403427E+01
 0.228130913E+01 0.229804635E+01 0.231513906E+01 0.233242679E+01 0.235035419E+01
 0.236802101E+01 0.238630962E+01 0.240512776E+01 0.242440629E+01 0.244398785E+01
 0.246416426E+01 0.248502684E+01 0.250675654E+01 0.252880025E+01 0.255172658E+01
 0.257556009E+01 0.260058212E+01 0.262630057E+01 0.265294266E+01 0.268087912E+01
 0.271023512E+01 0.274094296E+01 0.277292824E+01 0.280650258E+01 0.284184527E+01
 0.287917042E+01 0.291854620E+01 0.295994973E+01 0.300387454E+01 0.305049658E+01
 0.310013294E+01 0.315296412E+01 0.320950365E+01 0.327003407E+01 0.333532333E+01
 0.340569687E+01 0.348209333E+01 0.356527376E+01 0.365629101E+01 0.375677133E+01
 0.386810541E+01 0.399284887E+01 0.413491726E+01 0.429829788E+01 0.449034214E+01
 0.472432899E+01 0.502020836E+01 0.542181253E+01 0.607278156E+01 0.929056740E+01
   88   86
 0.107839775E+01-0.500000007E-01 0.107906246E+01 0.323207714E-01 0.108264947E+01
 0.100000001E+00 0.109383750E+01 0.200000003E+00 0.110562503E+01 0.270885348E+00
 0.112081313E+01 0.349999994E+00 0.113240469E+01 0.403878778E+00 0.115405989E+01
 0.500000000E+00 0.116584253E+01 0.550000012E+00 0.118531251E+01 0.630297303E+00
 0.120327377E+01 0.699999988E+00 0.121680367E+01 0.750000000E+00 0.123843753E+01
 0.824788213E+00 0.126499999E+01 0.895516038E+00 0.129156256E+01 0.943992615E+00
 0.131812501E+01 0.973473728E+00 0.137125003E+01 0.994740367E+00 0.142437506E+01
 0.995963931E+00 0.147749996E+01 0.987978756E+00 0.153062499E+01 0.973559141E+00
 0.158375001E+01 0.953057826E+00 0.161031246E+01 0.941419840E+00 0.166343749E+01
 0.915134549E+00 0.169000006E+01 0.899413764E+00 0.174312496E+01 0.867130041E+00
 0.176968753E+01 0.848273873E+00 0.182281256E+01 0.809100628E+00 0.184937501E+01
 0.787364244E+00 0.189151967E+01 0.750000000E+00 0.192906249E+01 0.714931965E+00
 0.195562506E+01 0.687702179E+00 0.198996556E+01 0.649999976E+00 0.203122377E+01
 0.600000024E+00 0.206187510E+01 0.559263468E+00 0.208843756E+01 0.519808531E+00
 0.211500001E+01 0.476016521E+00 0.214156246E+01 0.427114338E+00 0.216812491E+01
 0.372076809E+00 0.219468760E+01 0.309379756E+00 0.221626186E+01 0.250000000E+00
 0.223199463E+01 0.200000003E+00 0.224781251E+01 0.134095058E+00 0.226057887E+01
 0.500000007E-01 0.226092148E+01-0.500000007E-01 0.224781251E+01-0.139534920E+00
 0.223374605E+01-0.200000003E+00 0.221873760E+01-0.250000000E+00 0.219468760E+01
-0.318874896E+00 0.216812491E+01-0.384174526E+00 0.214156246E+01-0.441764355E+00
 0.211500001E+01-0.493178695E+00 0.208843756E+01-0.539495230E+00 0.206187510E+01
-0.581612229E+00 0.203531241E+01-0.620255828E+00 0.200874996E+01-0.655919552E+00
 0.197288823E+01-0.699999988E+00 0.192950261E+01-0.750000000E+00 0.190250003E+01
-0.779206634E+00 0.187593746E+01-0.806343079E+00 0.183022237E+01-0.850000024E+00
 0.179624999E+01-0.881303430E+00 0.176968753E+01-0.903761983E+00 0.171656251E+01
-0.945609331E+00 0.169000006E+01-0.965694487E+00 0.163825834E+01-0.100000000E+01
 0.161031246E+01-0.101796031E+01 0.155718756E+01-0.104675877E+01 0.153062499E+01
-0.106087089E+01 0.147749996E+01-0.108514595E+01 0.143773031E+01-0.110000002E+01
 0.139781249E+01-0.111586118E+01 0.134468746E+01-0.113172984E+01 0.129156256E+01
-0.114295793E+01 0.122887802E+01-0.115013695E+01 0.121290994E+01-0.111071646E+01
 0.121059811E+01-0.104435039E+01 0.120503926E+01-0.949999988E+00 0.119495332E+01
-0.850000024E+00 0.118497658E+01-0.774999976E+00 0.117268205E+01-0.699999988E+00
 0.115964055E+01-0.625000000E+00 0.114582324E+01-0.550000012E+00 0.113195372E+01
-0.474999994E+00 0.111852169E+01-0.399999976E+00 0.110571122E+01-0.324999988E+00
 0.109500885E+01-0.250000000E+00 0.108430314E+01-0.150000006E+00 0.107933950E+01
-0.750000030E-01
 0.101600003E+01 0.000000000E+00 0.101600003E+01 0.963999987E+00 0.101600003E+01
 0.967999995E+00 0.101600003E+01 0.100100005E+01 0.101600003E+01 0.101900005E+01
 0.101600003E+01 0.107700002E+01 0.101600003E+01 0.107000005E+01 0.101600003E+01
 0.109599996E+01 0.101600003E+01 0.111300004E+01 0.101600003E+01 0.113800001E+01
 0.101600003E+01 0.114699996E+01 0.101199996E+01 0.116499996E+01 0.100100005E+01
 0.121700001E+01 0.102900004E+01 0.121700001E+01 0.104200006E+01 0.116240001E+01
 0.104600000E+01 0.116237998E+01 0.105599999E+01 0.116260004E+01 0.109700000E+01
 0.116450000E+01 0.110800004E+01 0.116594005E+01 0.111600006E+01 0.116591001E+01
 0.113399994E+01 0.116895998E+01 0.114800000E+01 0.117174995E+01 0.116199994E+01
 0.117556000E+01 0.118099999E+01 0.118299997E+01 0.118200004E+01 0.118350005E+01
 0.118499994E+01 0.118499994E+01 0.119000006E+01 0.118799996E+01 0.119500005E+01
 0.119099998E+01 0.120099998E+01 0.119599998E+01 0.120899999E+01 0.120200002E+01
 0.121500003E+01 0.120799994E+01 0.122200000E+01 0.121399999E+01 0.122800004E+01
 0.122099996E+01 0.123399997E+01 0.123099995E+01 0.123899996E+01 0.123800004E+01
 0.124199998E+01 0.124399996E+01 0.124800003E+01 0.125399995E+01 0.125800002E+01
 0.127800000E+01 0.126300001E+01 0.128999996E+01 0.127999997E+01 0.133099997E+01
 0.127999997E+01 0.134700000E+01 0.127999997E+01 0.134800005E+01 0.130999994E+01
 0.134800005E+01 0.132799995E+01 0.134800005E+01 0.136099994E+01 0.134800005E+01
 0.138000000E+01 0.134800005E+01 0.141900003E+01 0.134800005E+01 0.141900003E+01
 0.130999994E+01 0.137199998E+01 0.130999994E+01 0.137199998E+01 0.129200006E+01
 0.160800004E+01 0.109500003E+01 0.164699996E+01 0.107700002E+01 0.178499997E+01
 0.107700002E+01 0.206999993E+01 0.103999996E+01 0.212800002E+01 0.992999971E+00
 0.224499989E+01 0.708999991E+00 0.232299995E+01 0.518999994E+00 0.237700009E+01
 0.388999999E+00 0.236249995E+01 0.400000006E+00 0.236443496E+01 0.222000003E+00
 0.236496902E+01 0.133000001E+00 0.236532402E+01 0.439999998E-01 0.236512089E+01
-0.439999998E-01 0.236484194E+01-0.133000001E+00 0.236433411E+01-0.222000003E+00
 0.236249995E+01-0.400000006E+00 0.237700009E+01-0.388999999E+00 0.213400006E+01
-0.972999990E+00 0.178600001E+01-0.117400002E+01 0.176800001E+01-0.121099997E+01
 0.176800001E+01-0.125000000E+01 0.168200004E+01-0.125000000E+01 0.137199998E+01
-0.125000000E+01 0.137199998E+01-0.132900000E+01 0.141999996E+01-0.132900000E+01
 0.141999996E+01-0.136300004E+01 0.127300000E+01-0.136300004E+01 0.115300000E+01
-0.136300004E+01 0.101600003E+01-0.122300005E+01 0.101600003E+01-0.122300005E+01
 0.101600003E+01-0.829999983E+00 0.101600003E+01-0.800000012E+00 0.101600003E+01
-0.414999992E+00 0.101600003E+01-0.400000006E+00 0.101600003E+01-0.100000005E-02
 0.101600003E+01 0.000000000E+00
    0 0.169550002E+01    0
 0.000000000E+00 0.103337765E+00 0.146679759E+00 0.180124670E+00 0.208496198E+00
 0.232357278E+00 0.255350173E+00 0.276597142E+00 0.296465993E+00 0.315234184E+00
 0.333096981E+00 0.350154251E+00 0.366566509E+00 0.382360756E+00 0.397648156E+00
 0.412501663E+00 0.426937670E+00 0.440929234E+00 0.454705596E+00 0.468151003E+00
 0.481257856E+00 0.494128734E+00 0.506823063E+00 0.519308567E+00 0.531539559E+00
 0.543571174E+00 0.555524230E+00 0.567316771E+00 0.578933775E+00 0.590405822E+00
 0.601783216E+00 0.613079429E+00 0.624282837E+00 0.635355949E+00 0.646362305E+00
 0.657317996E+00 0.668217063E+00 0.679054856E+00 0.689834952E+00 0.700594127E+00
 0.711331248E+00 0.722049236E+00 0.732744753E+00 0.743439078E+00 0.754143476E+00
 0.764881968E+00 0.775632381E+00 0.786426425E+00 0.797260523E+00 0.808165252E+00
 0.819136739E+00 0.830201507E+00 0.841377556E+00 0.852669179E+00 0.864121556E+00
 0.875723839E+00 0.887536287E+00 0.899595857E+00 0.911924839E+00 0.924593747E+00
 0.937729836E+00 0.951401353E+00 0.965779305E+00 0.981374621E+00 0.100000000E+01
    0
