  EFITD    06/25/2013    #1553313000.0ms  EFIT01   0  65  65
 0.170000005E+01 0.320000005E+01 0.169550002E+01 0.839999974E+00 0.000000000E+00
 0.182218170E+01-0.435602441E-01-0.180610791E+00-0.481521798E-03 0.165846229E+01
 0.102725294E+07-0.180610791E+00 0.000000000E+00 0.182218170E+01 0.000000000E+00
-0.435602441E-01 0.000000000E+00-0.481521798E-03 0.000000000E+00 0.000000000E+00
 0.275300932E+01 0.275582075E+01 0.275853300E+01 0.276114774E+01 0.276366758E+01
 0.276609397E+01 0.276842952E+01 0.277067566E+01 0.277283478E+01 0.277490878E+01
 0.277689958E+01 0.277880907E+01 0.278063917E+01 0.278239202E+01 0.278406954E+01
 0.278567314E+01 0.278720522E+01 0.278866720E+01 0.279006147E+01 0.279138947E+01
 0.279265332E+01 0.279385495E+01 0.279499578E+01 0.279607821E+01 0.279710340E+01
 0.279807377E+01 0.279899073E+01 0.279985619E+01 0.280067205E+01 0.280144024E+01
 0.280216193E+01 0.280283976E+01 0.280347490E+01 0.280406928E+01 0.280462503E+01
 0.280514336E+01 0.280562615E+01 0.280607557E+01 0.280649328E+01 0.280688047E+01
 0.280723953E+01 0.280757213E+01 0.280787992E+01 0.280816460E+01 0.280842781E+01
 0.280867195E+01 0.280889797E+01 0.280910802E+01 0.280930376E+01 0.280948710E+01
 0.280965948E+01 0.280982304E+01 0.280997920E+01 0.281012964E+01 0.281027675E+01
 0.281042147E+01 0.281056619E+01 0.281071234E+01 0.281086159E+01 0.281101608E+01
 0.281117678E+01 0.281134629E+01 0.281152606E+01 0.281171751E+01 0.281192303E+01
 0.110324812E+06 0.107286312E+06 0.104289547E+06 0.101334516E+06 0.984212266E+05
 0.955496719E+05 0.927198438E+05 0.899317578E+05 0.871854062E+05 0.844807891E+05
 0.818179141E+05 0.791967656E+05 0.766173672E+05 0.740796953E+05 0.715837500E+05
 0.691295547E+05 0.667170938E+05 0.643463594E+05 0.620173711E+05 0.597301133E+05
 0.574845898E+05 0.552808008E+05 0.531187500E+05 0.509984375E+05 0.489198594E+05
 0.468830156E+05 0.448879062E+05 0.429345391E+05 0.410228984E+05 0.391530000E+05
 0.373248359E+05 0.355384062E+05 0.337937148E+05 0.320907559E+05 0.304295352E+05
 0.288100488E+05 0.272322988E+05 0.256962852E+05 0.242020059E+05 0.227494648E+05
 0.213386562E+05 0.199695840E+05 0.186422480E+05 0.173566484E+05 0.161127842E+05
 0.149106553E+05 0.137502627E+05 0.126316055E+05 0.115546836E+05 0.105194980E+05
 0.952604785E+04 0.857433398E+04 0.766435596E+04 0.679611279E+04 0.596960547E+04
 0.518483447E+04 0.444179883E+04 0.374049878E+04 0.308093481E+04 0.246310645E+04
 0.188701355E+04 0.135265662E+04 0.860035339E+03 0.409149811E+03 0.000000000E+00
 0.279879308E+01 0.270336676E+01 0.260968709E+01 0.251775384E+01 0.242756701E+01
 0.233912683E+01 0.225243306E+01 0.216748619E+01 0.208428550E+01 0.200283146E+01
 0.192312407E+01 0.184516323E+01 0.176894879E+01 0.169448102E+01 0.162175977E+01
 0.155078506E+01 0.148155689E+01 0.141407526E+01 0.134834015E+01 0.128435171E+01
 0.122210968E+01 0.116161430E+01 0.110286534E+01 0.104586291E+01 0.990607202E+00
 0.937097967E+00 0.885335267E+00 0.835319102E+00 0.787049472E+00 0.740526438E+00
 0.695749998E+00 0.652719975E+00 0.611436546E+00 0.571899652E+00 0.534109354E+00
 0.498065591E+00 0.463768363E+00 0.431217670E+00 0.400413543E+00 0.371355951E+00
 0.344044924E+00 0.318480432E+00 0.294662476E+00 0.272591054E+00 0.252266228E+00
 0.233687907E+00 0.216856152E+00 0.201770931E+00 0.188432276E+00 0.176840156E+00
 0.166994587E+00 0.158895552E+00 0.152543083E+00 0.147937164E+00 0.145077765E+00
 0.143964931E+00 0.144598648E+00 0.146978915E+00 0.151105717E+00 0.156979054E+00
 0.164598957E+00 0.173965394E+00 0.185078397E+00 0.197937936E+00 0.212544024E+00
-0.108684975E+07-0.107202238E+07-0.105719500E+07-0.104236769E+07-0.102754038E+07
-0.101271300E+07-0.997885625E+06-0.983058250E+06-0.968230875E+06-0.953403625E+06
-0.938576250E+06-0.923748875E+06-0.908921500E+06-0.894094125E+06-0.879266812E+06
-0.864439500E+06-0.849612125E+06-0.834784750E+06-0.819957375E+06-0.805130062E+06
-0.790302750E+06-0.775475375E+06-0.760648000E+06-0.745820625E+06-0.730993312E+06
-0.716165938E+06-0.701338625E+06-0.686511250E+06-0.671683875E+06-0.656856562E+06
-0.642029188E+06-0.627201875E+06-0.612374500E+06-0.597547125E+06-0.582719812E+06
-0.567892438E+06-0.553065062E+06-0.538237750E+06-0.523410375E+06-0.508583031E+06
-0.493755688E+06-0.478928312E+06-0.464101000E+06-0.449273625E+06-0.434446250E+06
-0.419618938E+06-0.404791562E+06-0.389964250E+06-0.375136875E+06-0.360309500E+06
-0.345482188E+06-0.330654812E+06-0.315827469E+06-0.301000125E+06-0.286172750E+06
-0.271345406E+06-0.256518062E+06-0.241690703E+06-0.226863359E+06-0.212036000E+06
-0.197208656E+06-0.182381312E+06-0.167553969E+06-0.152726594E+06-0.137899250E+06
 3.486807644e-02 3.354691714e-02 3.228815645e-02 3.103156202e-02 2.970638126e-02
 2.821845002e-02 2.643422037e-02 2.416854538e-02 2.048984915e-02 1.433832385e-02
 6.943291984e-03-1.841594581e-03-1.070803963e-02-1.685773209e-02-2.090536989e-02
-2.311404794e-02-2.355150692e-02-2.216693573e-02-1.875538938e-02-1.286021248e-02
-3.586356062e-03 6.192167755e-03 1.428912021e-02 2.145413123e-02 2.810713463e-02
 3.450762480e-02 4.084251821e-02 4.727208987e-02 5.396240577e-02 6.109109521e-02
 6.777540594e-02 7.373525202e-02 7.907697558e-02 8.374964446e-02 8.772055060e-02
 9.088604897e-02 9.359687567e-02 9.679675847e-02 1.003481075e-01 1.041695774e-01
 1.082141325e-01 1.124528646e-01 1.168645397e-01 1.214294657e-01 1.261266023e-01
 1.309325397e-01 1.358211935e-01 1.407639384e-01 1.457296312e-01 1.506848335e-01
 1.555942744e-01 1.604212523e-01 1.651283205e-01 1.696783006e-01 1.740352660e-01
 1.781657189e-01 1.820397824e-01 1.856323630e-01 1.889239103e-01 1.919011772e-01
 1.945574135e-01 1.968922317e-01 1.989112645e-01 2.006253898e-01 2.020497322e-01
 3.127754107e-02 2.997210622e-02 2.895287424e-02 2.821407095e-02 2.769992128e-02
 2.727883868e-02 2.630202286e-02 2.385153249e-02 1.964108087e-02 1.348309778e-02
 6.810168736e-03 6.100162864e-06-6.314821076e-03-1.115992293e-02-1.445073262e-02
-1.622486860e-02-1.648496278e-02-1.518016588e-02-1.220524684e-02-7.419932634e-03
-8.170119254e-04 6.460495293e-03 1.337744202e-02 1.993221790e-02 2.625255845e-02
 3.246942908e-02 3.870641813e-02 4.508850724e-02 5.176010355e-02 5.887933075e-02
 6.559810042e-02 7.162787020e-02 7.706518471e-02 8.189478517e-02 8.607634157e-02
 8.950104564e-02 9.255176783e-02 9.612557292e-02 1.000943705e-01 1.043758690e-01
 1.089191213e-01 1.136897057e-01 1.186613664e-01 1.238109097e-01 1.291151494e-01
 1.345490664e-01 1.400846839e-01 1.456904709e-01 1.513309777e-01 1.569668353e-01
 1.625549495e-01 1.680490822e-01 1.734008193e-01 1.785608977e-01 1.834808886e-01
 1.881151646e-01 1.924229860e-01 1.963704079e-01 1.999318600e-01 2.030913085e-01
 2.058425546e-01 2.081891149e-01 2.101432383e-01 2.117245048e-01 2.129582167e-01
 2.655005082e-02 2.523678541e-02 2.447815239e-02 2.439378016e-02 2.498063073e-02
 2.475677058e-02 2.331382036e-02 2.052461728e-02 1.629435830e-02 1.165012736e-02
 7.117316592e-03 2.876843326e-03-8.609362412e-04-3.857930657e-03-5.934721325e-03
-6.984532345e-03-6.945366971e-03-5.782485008e-03-3.493023338e-03-1.354474807e-04
 4.123868886e-03 9.007786401e-03 1.423752494e-02 1.963952370e-02 2.514428273e-02
 3.074398264e-02 3.646074235e-02 4.232786968e-02 4.837328196e-02 5.455916375e-02
 6.060707197e-02 6.633374095e-02 7.171217352e-02 7.673420757e-02 8.139506727e-02
 8.571738750e-02 8.992405981e-02 9.432546049e-02 9.898336232e-02 1.038983241e-01
 1.090603620e-01 1.144565046e-01 1.200721636e-01 1.258907616e-01 1.318928450e-01
 1.380551904e-01 1.443498433e-01 1.507433504e-01 1.571960747e-01 1.636617929e-01
 1.700875610e-01 1.764142662e-01 1.825776696e-01 1.885103285e-01 1.941442788e-01
 1.994144320e-01 2.042622864e-01 2.086394727e-01 2.125107646e-01 2.158561945e-01
 2.186715901e-01 2.209680378e-01 2.227698714e-01 2.241119742e-01 2.250365019e-01
 2.001183294e-02 1.842836104e-02 1.766498946e-02 1.778531261e-02 1.854372211e-02
 1.820340566e-02 1.646118239e-02 1.404724270e-02 1.145669352e-02 8.783327416e-03
 6.148998626e-03 3.690856509e-03 1.551802270e-03-1.301369339e-04-1.235269825e-03
-1.671481295e-03-1.377034700e-03-3.213398741e-04 1.492324867e-03 4.022418987e-03
 7.188495714e-03 1.088202931e-02 1.498926431e-02 1.941408962e-02 2.408859693e-02
 2.897068299e-02 3.403477743e-02 3.925990686e-02 4.461609572e-02 5.005208403e-02
 5.549772084e-02 6.088840216e-02 6.618492305e-02 7.137550414e-02 7.647499442e-02
 8.152929693e-02 8.661482483e-02 9.181611240e-02 9.719736874e-02 1.027964503e-01
 1.086324081e-01 1.147125140e-01 1.210362464e-01 1.275969893e-01 1.343824565e-01
 1.413742900e-01 1.485473365e-01 1.558684558e-01 1.632952094e-01 1.707747877e-01
 1.782428473e-01 1.856233776e-01 1.928295344e-01 1.997658908e-01 2.063328028e-01
 2.124322653e-01 2.179749012e-01 2.228871882e-01 2.271174639e-01 2.306398749e-01
 2.334555387e-01 2.355908900e-01 2.370932847e-01 2.380252182e-01 2.384577841e-01
 1.073208358e-02 8.450709283e-03 7.654366549e-03 8.028211072e-03 8.812795393e-03
 8.825261146e-03 8.429866284e-03 7.697558962e-03 6.708555855e-03 5.555099808e-03
 4.339567386e-03 3.170134267e-03 2.155303024e-03 1.397943241e-03 9.894740069e-04
 1.005047816e-03 1.500214450e-03 2.508887788e-03 4.042349290e-03 6.089611910e-03
 8.620060049e-03 1.158899907e-02 1.494535245e-02 1.863921806e-02 2.262686193e-02
 2.687213756e-02 3.134486079e-02 3.601745516e-02 4.086150974e-02 4.584621638e-02
 5.094023794e-02 5.611672252e-02 6.135864556e-02 6.666234136e-02 7.203885913e-02
 7.751323283e-02 8.312110603e-02 8.890233934e-02 9.489431232e-02 1.011275873e-01
 1.076246873e-01 1.144006550e-01 1.214638948e-01 1.288167536e-01 1.364554316e-01
 1.443693787e-01 1.525400579e-01 1.609390080e-01 1.695254147e-01 1.782432199e-01
 1.870179474e-01 1.957540214e-01 2.043335438e-01 2.126179636e-01 2.204540968e-01
 2.276849300e-01 2.341639996e-01 2.397705913e-01 2.444227338e-01 2.480854839e-01
 2.507730126e-01 2.525443435e-01 2.534930706e-01 2.537340522e-01 2.533894181e-01
-3.604864236e-03-8.177873679e-03-6.537269801e-03-3.511387389e-03-1.230030321e-03
 4.381003673e-04 1.549229142e-03 2.189223189e-03 2.454383299e-03 2.444137353e-03
 2.258589026e-03 1.996516017e-03 1.752962358e-03 1.616502414e-03 1.666481607e-03
 1.970562851e-03 2.582847141e-03 3.542730352e-03 4.874606151e-03 6.588542834e-03
 8.682025596e-03 1.114269253e-02 1.395167783e-02 1.708691753e-02 2.052574791e-02
 2.424642444e-02 2.822855115e-02 3.245288879e-02 3.690106049e-02 4.155577347e-02
 4.640183225e-02 5.142784119e-02 5.662801862e-02 6.200365350e-02 6.756362319e-02
 7.332388312e-02 7.930597663e-02 8.553468436e-02 9.203557670e-02 9.883294255e-02
 1.059485003e-01 1.134007573e-01 1.212046593e-01 1.293713450e-01 1.379075646e-01
 1.468146890e-01 1.560870856e-01 1.657093316e-01 1.756524444e-01 1.858683378e-01
 1.962825656e-01 2.067855000e-01 2.172235548e-01 2.273941040e-01 2.370502353e-01
 2.459209859e-01 2.537450790e-01 2.603072226e-01 2.654660940e-01 2.691711187e-01
 2.714679241e-01 2.724889517e-01 2.724281847e-01 2.715055943e-01 2.699352503e-01
-1.462487876e-02-2.055806853e-02-1.784748398e-02-1.273601409e-02-8.805055171e-03
-5.815003999e-03-3.578914562e-03-1.954331063e-03-8.194486145e-04-6.327877054e-05
 4.178637755e-04 7.213037461e-04 9.377836832e-04 1.150698285e-03 1.435097307e-03
 1.856653369e-03 2.470840933e-03 3.322465578e-03 4.445635714e-03 5.864224862e-03
 7.592823356e-03 9.638115764e-03 1.200056542e-02 1.467624214e-02 1.765850186e-02
 2.093920112e-02 2.450952306e-02 2.836054750e-02 3.248379380e-02 3.687179834e-02
 4.151888192e-02 4.642198235e-02 5.158149078e-02 5.700188875e-02 6.269203126e-02
 6.866498291e-02 7.493744791e-02 8.152893186e-02 8.846075833e-02 9.575518966e-02
 1.034347787e-01 1.115219370e-01 1.200386435e-01 1.290062666e-01 1.384451836e-01
 1.483741254e-01 1.588088721e-01 1.697599888e-01 1.812286973e-01 1.931999624e-01
 2.056309730e-01 2.184323370e-01 2.314399183e-01 2.443782538e-01 2.568329573e-01
 2.682793736e-01 2.781967819e-01 2.861779332e-01 2.919687629e-01 2.954834104e-01
 2.968277633e-01 2.963111997e-01 2.943785787e-01 2.914801240e-01 2.879892886e-01
-1.979298703e-02-2.623201348e-02-2.306096628e-02-1.740549132e-02-1.283522416e-02
-9.208549745e-03-6.392757874e-03-4.258553963e-03-2.684627660e-03-1.558395801e-03
-7.757369895e-04-2.404926490e-04 1.357669826e-04 4.339739680e-04 7.276489050e-04
 1.082451316e-03 1.555941999e-03 2.197497757e-03 3.048387589e-03 4.142017104e-03
 5.504315719e-03 7.154240739e-03 9.104480036e-03 1.136293635e-02 1.393458527e-02
 1.682217047e-02 2.002667636e-02 2.354792878e-02 2.738543227e-02 3.153902292e-02
 3.600946069e-02 4.079901427e-02 4.591200873e-02 5.135530978e-02 5.713856220e-02
 6.327432394e-02 6.977795064e-02 7.666744292e-02 8.396318555e-02 9.168779850e-02
 9.986605495e-02 1.085249633e-01 1.176940873e-01 1.274059117e-01 1.376963407e-01
 1.486053765e-01 1.601774991e-01 1.724618524e-01 1.855116934e-01 1.993818134e-01
 2.141217589e-01 2.297591567e-01 2.462590188e-01 2.634285688e-01 2.807151675e-01
 2.966938317e-01 3.100897968e-01 3.203078508e-01 3.269747496e-01 3.298771381e-01
 3.290094137e-01 3.250598907e-01 3.195218742e-01 3.132889867e-01 3.068992794e-01
-1.981814764e-02-2.634401806e-02-2.339337021e-02-1.774000749e-02-1.311896276e-02
-9.437392466e-03-6.581326015e-03-4.429455381e-03-2.863272093e-03-1.772036310e-03
-1.054639812e-03-6.182676880e-04-3.787718015e-04-2.589913493e-04-1.862592762e-04
-9.495885752e-05 7.402893971e-05 3.735844221e-04 8.505115402e-04 1.545644132e-03
 2.493778942e-03 3.723037196e-03 5.252563395e-03 7.095200010e-03 9.264912456e-03
 1.177357510e-02 1.462987624e-02 1.783947088e-02 2.140756510e-02 2.533928677e-02
 2.963979729e-02 3.431474417e-02 3.937088698e-02 4.481657594e-02 5.066213012e-02
 5.692008883e-02 6.360539049e-02 7.073555142e-02 7.833084464e-02 8.641456813e-02
 9.501346946e-02 1.041583046e-01 1.138847545e-01 1.242345870e-01 1.352572590e-01
 1.470121145e-01 1.595713049e-01 1.730238646e-01 1.874814034e-01 2.030862570e-01
 2.200240940e-01 2.385444343e-01 2.589994967e-01 2.819397748e-01 3.078392148e-01
 3.312543035e-01 3.497880399e-01 3.633036911e-01 3.715103865e-01 3.737486005e-01
 3.698154092e-01 3.587196469e-01 3.464162946e-01 3.350939453e-01 3.248708248e-01
-1.538716629e-02-2.181755379e-02-1.917169988e-02-1.384968683e-02-9.642199613e-03
-6.429152563e-03-4.055450670e-03-2.375947079e-03-1.262323582e-03-6.031384692e-04
-3.078991431e-04-2.878066734e-04-4.703795421e-04-7.920443313e-04-1.172754099e-03
-1.549699577e-03-1.863834565e-03-2.060007304e-03-2.086872002e-03-1.896524802e-03
-1.443629735e-03-6.834071828e-04 3.996653832e-04 1.796840108e-03 3.542414634e-03
 5.661091302e-03 8.168569766e-03 1.106706634e-02 1.436622813e-02 1.807603426e-02
 2.220451832e-02 2.675850131e-02 3.174555302e-02 3.717431426e-02 4.305498302e-02
 4.939960688e-02 5.622232705e-02 6.353969127e-02 7.137109339e-02 7.973930240e-02
 8.867108822e-02 9.819821268e-02 1.083586067e-01 1.191980168e-01 1.307723224e-01
 1.431506276e-01 1.564196050e-01 1.706898808e-01 1.861052811e-01 2.028568089e-01
 2.212048918e-01 2.415153086e-01 2.643185854e-01 2.903975844e-01 3.208357394e-01
 3.520560861e-01 3.763059974e-01 3.934866190e-01 4.037465453e-01 4.069719315e-01
 4.021407366e-01 3.886629343e-01 3.690251410e-01 3.524503410e-01 3.385912776e-01
-6.362861954e-03-1.264062431e-02-9.901291691e-03-5.388294812e-03-2.281029942e-03
-2.085052256e-04 1.084379153e-03 1.777098863e-03 1.999462722e-03 1.850084518e-03
 1.407357282e-03 7.372815162e-04-1.039526833e-04-1.067458536e-03-2.081839135e-03
-3.088205354e-03-4.029919393e-03-4.852732178e-03-5.504966248e-03-5.937749986e-03
-6.105449051e-03-5.966668949e-03-5.486874375e-03-4.635847639e-03-3.380005248e-03
-1.684561023e-03 4.883497604e-04 3.063239623e-03 6.079588085e-03 9.560286067e-03
 1.351350360e-02 1.794035360e-02 2.284808643e-02 2.824401483e-02 3.413736075e-02
 4.053891450e-02 4.746099561e-02 5.491794273e-02 6.292662024e-02 7.150705904e-02
 8.068317920e-02 9.048373997e-02 1.009435579e-01 1.121050417e-01 1.240203455e-01
 1.367541403e-01 1.503874511e-01 1.650229394e-01 1.807921678e-01 1.978657544e-01
 2.164672166e-01 2.368913591e-01 2.595259845e-01 2.848728895e-01 3.135610819e-01
 3.461528122e-01 3.738992810e-01 3.938412666e-01 4.062518775e-01 4.112174213e-01
 4.089307487e-01 3.983586133e-01 3.792995512e-01 3.597984910e-01 3.442141414e-01
 1.060420834e-02 5.549884401e-03 6.412398070e-03 8.215556853e-03 8.836190216e-03
 8.819017559e-03 8.369009942e-03 7.590576075e-03 6.549555343e-03 5.294252187e-03
 3.863945138e-03 2.292806748e-03 6.116232253e-04-1.151301316e-03-2.940463601e-03
-4.703265149e-03-6.387445144e-03-7.941538468e-03-9.315293282e-03-1.046008244e-02
-1.132931188e-02-1.187885553e-02-1.206738967e-02-1.185603626e-02-1.120778918e-02
-1.008860860e-02-8.470028639e-03-6.335172337e-03-3.658243688e-03-4.110326990e-04
 3.387007164e-03 7.684472948e-03 1.251012180e-02 1.786339283e-02 2.375392243e-02
 3.019144386e-02 3.718490154e-02 4.474474490e-02 5.288331583e-02 6.161547452e-02
 7.095925510e-02 8.093652874e-02 9.157384932e-02 1.029035002e-01 1.149647236e-01
 1.278053075e-01 1.414834708e-01 1.560700685e-01 1.716512144e-01 1.883307695e-01
 2.062324286e-01 2.255003303e-01 2.462967038e-01 2.687962055e-01 2.931851447e-01
 3.197206259e-01 3.468406796e-01 3.663692474e-01 3.793042898e-01 3.861716688e-01
 3.867392540e-01 3.815084398e-01 3.696302772e-01 3.526812196e-01 3.391103148e-01
 3.512973711e-02 3.335026652e-02 2.898361348e-02 2.499897033e-02 2.193658240e-02
 1.924720779e-02 1.671104133e-02 1.422632858e-02 1.174192876e-02 9.232017212e-03
 6.684927270e-03 4.097556230e-03 1.472213538e-03-1.185280969e-03-3.837230382e-03
-6.437678821e-03-8.939207532e-03-1.129374653e-02-1.345321909e-02-1.537005603e-02
-1.699759066e-02-1.829037629e-02-1.920441166e-02-1.969724894e-02-1.972818747e-02
-1.925872266e-02-1.825326495e-02-1.667962037e-02-1.450775936e-02-1.171189919e-02
-8.274938911e-03-4.183134530e-03 5.879963282e-04 5.889535882e-03 1.176756620e-02
 1.823400706e-02 2.528623492e-02 3.292972967e-02 4.117001593e-02 5.001485720e-02
 5.947411060e-02 6.956004351e-02 8.028763533e-02 9.167484939e-02 1.037428975e-01
 1.165163815e-01 1.300231516e-01 1.442936510e-01 1.593592912e-01 1.752491444e-01
 1.919838041e-01 2.095640749e-01 2.279509008e-01 2.470285743e-01 2.665324211e-01
 2.858911753e-01 3.039506376e-01 3.191906810e-01 3.307015002e-01 3.381951749e-01
 3.416588902e-01 3.412792683e-01 3.375575542e-01 3.315938413e-01 3.249381781e-01
 5.232377350e-02 5.150567368e-02 4.557800665e-02 3.918797523e-02 3.376972675e-02
 2.901381813e-02 2.469640411e-02 2.066544816e-02 1.681977324e-02 1.309191529e-02
 9.436737746e-03 5.824148189e-03 2.234396758e-03-1.345024095e-03-4.890159704e-03
-8.359663188e-03-1.170972735e-02-1.489507221e-02-1.786969043e-02-2.058738470e-02
-2.300216816e-02-2.506852895e-02-2.674162947e-02-2.797744051e-02-2.873290889e-02
-2.896619588e-02-2.863699570e-02-2.770691365e-02-2.613992244e-02-2.390339412e-02
-2.096956410e-02-1.731666923e-02-1.293157507e-02-7.818878628e-03-1.968636876e-03
 4.562409595e-03 1.167970710e-02 1.941251382e-02 2.775192820e-02 3.669919074e-02
 4.625495523e-02 5.642104149e-02 6.719985604e-02 7.859418541e-02 9.060670435e-02
 1.032391787e-01 1.164910346e-01 1.303571463e-01 1.448243856e-01 1.598662734e-01
 1.754350364e-01 1.914497912e-01 2.077791542e-01 2.242175937e-01 2.404561341e-01
 2.560592294e-01 2.704812884e-01 2.831577659e-01 2.936354280e-01 3.016490638e-01
 3.071314692e-01 3.102065027e-01 3.111853898e-01 3.105385602e-01 3.087994456e-01
 6.327611953e-02 6.268897653e-02 5.669590831e-02 4.945902154e-02 4.289676249e-02
 3.690018877e-02 3.134882450e-02 2.613593638e-02 2.117402293e-02 1.639419049e-02
 1.174330898e-02 7.180852816e-03 2.676066710e-03-1.794326701e-03-6.211850327e-03
-1.053635590e-02-1.472536847e-02-1.873496920e-02-2.252046019e-02-2.603681944e-02
-2.923901379e-02-3.208217025e-02-3.452169150e-02-3.651329130e-02-3.801305220e-02
-3.897750750e-02-3.936381638e-02-3.913003951e-02-3.823558241e-02-3.664194793e-02
-3.431373462e-02-3.121994995e-02-2.733570896e-02-2.264425717e-02-1.713728346e-02
-1.082232408e-02-3.717512591e-03 4.162003286e-03 1.262100879e-02 2.169250138e-02
 3.136172891e-02 4.162211344e-02 5.246416107e-02 6.387704611e-02 7.584767044e-02
 8.835948259e-02 1.013907194e-01 1.149119884e-01 1.288828850e-01 1.432475001e-01
 1.579287499e-01 1.728211641e-01 1.877830327e-01 2.026287168e-01 2.171249390e-01
 2.309954464e-01 2.439399064e-01 2.556675375e-01 2.659360766e-01 2.745840549e-01
 2.815482616e-01 2.868672907e-01 2.906722426e-01 2.931636870e-01 2.945763469e-01
 7.098627090e-02 7.050474733e-02 6.423216313e-02 5.657183751e-02 4.940749332e-02
 4.268288612e-02 3.633069247e-02 3.028213233e-02 2.447338961e-02 1.884850860e-02
 1.335997973e-02 7.968186401e-03 2.640349790e-03-2.650654642e-03-7.882426493e-03
-1.301278267e-02-1.799825951e-02-2.279473096e-02-2.735782973e-02-3.164323792e-02
-3.560683131e-02-3.920471668e-02-4.239317775e-02-4.512860626e-02-4.736739397e-02
-4.906586558e-02-5.018028989e-02-5.066696554e-02-5.048251152e-02-4.958432168e-02
-4.793132469e-02-4.548496753e-02-4.221057892e-02-3.807902336e-02-3.306872025e-02
-2.716839314e-02-2.037946507e-02-1.271986123e-02-4.234213848e-03 5.037375726e-03
 1.486564055e-02 2.527491190e-02 3.623812646e-02 4.773398116e-02 5.973753333e-02
 7.221969962e-02 8.514576405e-02 9.847330302e-02 1.121497005e-01 1.261092573e-01
 1.402700692e-01 1.545308530e-01 1.687684059e-01 1.828364730e-01 1.965676993e-01
 2.097794116e-01 2.222844362e-01 2.339055240e-01 2.444912195e-01 2.539294958e-01
 2.621564567e-01 2.691591978e-01 2.749717832e-01 2.796660960e-01 2.833384573e-01
 7.599578798e-02 7.551320642e-02 6.902217865e-02 6.114324927e-02 5.366092548e-02
 4.651965573e-02 3.966663405e-02 3.305105120e-02 2.662605420e-02 2.034928277e-02
 1.418290474e-02 8.093378507e-03 2.051030053e-03-3.970502876e-03-9.936569259e-03
-1.580091938e-02-2.151753940e-02-2.704092115e-02-3.232625127e-02-3.732947260e-02
-4.200723022e-02-4.631673172e-02-5.021555722e-02-5.366139114e-02-5.661180243e-02
-5.902396515e-02-6.085452437e-02-6.205947697e-02-6.259427965e-02-6.241402030e-02
-6.147395074e-02-5.973017961e-02-5.714076385e-02-5.366714299e-02-4.927602038e-02
-4.394180328e-02-3.764949739e-02-3.039835393e-02-2.220617607e-02-1.311262697e-02
-3.190804273e-03 7.483109832e-03 1.866086014e-02 3.034391254e-02 4.249724373e-02
 5.508415401e-02 6.806409359e-02 8.139014244e-02 9.500733763e-02 1.088511795e-01
 1.228462309e-01 1.369050294e-01 1.509275138e-01 1.648016721e-01 1.784054339e-01
 1.916105151e-01 2.042876780e-01 2.163132876e-01 2.275759429e-01 2.379821688e-01
 2.474602759e-01 2.559620440e-01 2.634620667e-01 2.699553967e-01 2.754546106e-01
 7.832643390e-02 7.769112289e-02 7.139800489e-02 6.353282928e-02 5.598171055e-02
 4.866703227e-02 4.153726250e-02 3.455668315e-02 2.769525722e-02 2.092516609e-02
 1.421990525e-02 7.554210722e-03 9.041421581e-04-5.752934609e-03-1.236424875e-02
-1.887903735e-02-2.524819598e-02-3.142435104e-02-3.736185282e-02-4.301664978e-02
-4.834606871e-02-5.330850184e-02-5.786305666e-02-6.196914613e-02-6.558606774e-02
-6.867263466e-02-7.118680328e-02-7.308544219e-02-7.432413101e-02-7.485726476e-02
-7.463818789e-02-7.361970842e-02-7.175485790e-02-6.899806112e-02-6.530669332e-02
-6.064319238e-02-5.497767031e-02-4.829120636e-02-4.057959840e-02-3.185767308e-02
-2.216403745e-02-1.156429574e-02-1.611821353e-04 1.184775028e-02 2.429316379e-02
 3.713838011e-02 5.034590140e-02 6.387005746e-02 7.765871286e-02 9.165350348e-02
 1.057894975e-01 1.199949384e-01 1.341912150e-01 1.482934058e-01 1.622113287e-01
 1.758511811e-01 1.891176999e-01 2.019162476e-01 2.141546458e-01 2.257446051e-01
 2.366020679e-01 2.466474622e-01 2.558059692e-01 2.640089989e-01 2.711974084e-01
 7.831998169e-02 7.724851370e-02 7.135254145e-02 6.408341229e-02 5.677687004e-02
 4.948107526e-02 4.222362489e-02 3.501023725e-02 2.783547714e-02 2.068767697e-02
 1.355162356e-02 6.410165690e-03-7.545690751e-04-7.954213768e-03-1.512025204e-02
-2.219797671e-02-2.913535200e-02-3.588313982e-02-4.239480570e-02-4.862627015e-02
-5.453554541e-02-6.008229405e-02-6.522730738e-02-6.993196160e-02-7.415769249e-02
-7.786544412e-02-8.101514727e-02-8.356533945e-02-8.547281474e-02-8.669244498e-02
-8.717714995e-02-8.687814325e-02-8.574539423e-02-8.372846246e-02-8.077773452e-02
-7.684612274e-02-7.189131528e-02-6.587863714e-02-5.878452957e-02-5.060072243e-02
-4.133896902e-02-3.103633039e-02-1.976127923e-02-7.619043346e-03 5.259419791e-03
 1.850471273e-02 3.210841492e-02 4.601983353e-02 6.018886343e-02 7.456427813e-02
 8.909271657e-02 1.037180871e-01 1.183813810e-01 1.330207437e-01 1.475716531e-01
 1.619671434e-01 1.761377305e-01 1.900108308e-01 2.035091370e-01 2.165481150e-01
 2.290322632e-01 2.408511341e-01 2.518767416e-01 2.619653940e-01 2.709669769e-01
 7.818477601e-02 7.684486359e-02 7.109767944e-02 6.398794055e-02 5.675217509e-02
 4.942997172e-02 4.205995053e-02 3.466065601e-02 2.723687887e-02 1.978483610e-02
 1.229526568e-02 4.755225033e-03-2.850938123e-03-1.050246228e-02-1.813513041e-02
-2.568954974e-02-3.311070055e-02-4.034762830e-02-4.735307023e-02-5.408304557e-02
-6.049636379e-02-6.655403227e-02-7.221862674e-02-7.745368034e-02-8.222294599e-02
-8.648978174e-02-9.021652490e-02-9.336393327e-02-9.589069337e-02-9.775306284e-02
-9.890466183e-02-9.929645061e-02-9.887694567e-02-9.759272635e-02-9.538933635e-02
-9.221255779e-02-8.801025897e-02-8.273482323e-02-7.634621859e-02-6.881582737e-02
-6.013096869e-02-5.030027032e-02-3.935958445e-02-2.737832442e-02-1.446590386e-02
-7.823992637e-04 1.340387575e-02 2.788455039e-02 4.261764139e-02 5.756284297e-02
 7.268036157e-02 8.793045580e-02 1.032733917e-01 1.186693907e-01 1.340786070e-01
 1.494606435e-01 1.647736281e-01 1.799719334e-01 1.950023621e-01 2.097976804e-01
 2.242668569e-01 2.382813096e-01 2.516581714e-01 2.641474009e-01 2.754396200e-01
 7.835215330e-02 7.693120837e-02 7.102102786e-02 6.367371976e-02 5.627013743e-02
 4.880800098e-02 4.128711671e-02 3.370783105e-02 2.606759407e-02 1.836031117e-02
 1.057668403e-02 2.704772865e-03-5.269642454e-03-1.330075599e-02-2.132267691e-02
-2.927426435e-02-3.709916398e-02-4.474565014e-02-5.216631666e-02-5.931762978e-02
-6.615938991e-02-7.265406847e-02-7.876612246e-02-8.446124941e-02-8.970562369e-02
-9.446515888e-02-9.870480001e-02-1.023878157e-01-1.054752097e-01-1.079252437e-01
-1.096929982e-01-1.107302085e-01-1.109851748e-01-1.104030684e-01-1.089264080e-01
-1.064960361e-01-1.030524820e-01-9.853796661e-02-9.289896488e-02-8.608956635e-02
-7.807566971e-02-6.883993745e-02-5.838767439e-02-4.675338045e-02-3.400791064e-02
-2.026588656e-02-5.691811908e-03 9.510910138e-03 2.495311201e-02 4.060963541e-02
 5.645585060e-02 7.246871293e-02 8.862759173e-02 1.049148813e-01 1.213164404e-01
 1.378217041e-01 1.544231623e-01 1.711147726e-01 1.878884882e-01 2.047275007e-01
 2.215934843e-01 2.384032309e-01 2.549850941e-01 2.709963918e-01 2.857810855e-01
 7.807944715e-02 7.656964660e-02 7.030892372e-02 6.280855834e-02 5.526652932e-02
 4.766882211e-02 4.000608996e-02 3.226869926e-02 2.444652840e-02 1.652868837e-02
 8.503460325e-03 3.584632068e-04-7.918829098e-03-1.625973918e-02-2.459821664e-02
-3.287268057e-02-4.102642834e-02-4.900767282e-02-5.676934123e-02-6.426864862e-02
-7.146654278e-02-7.832702994e-02-8.481644839e-02-9.090265632e-02-9.655421227e-02
-1.017395854e-01-1.064263284e-01-1.105803326e-01-1.141651720e-01-1.171414107e-01
-1.194661185e-01-1.210924685e-01-1.219695285e-01-1.220422089e-01-1.212515682e-01
-1.195353270e-01-1.168289185e-01-1.130669713e-01-1.081854403e-01-1.021243781e-01
-9.483164549e-02-8.626735955e-02-7.640937716e-02-6.525959074e-02-5.285100639e-02
-3.925507516e-02-2.458879165e-02-9.020604193e-03 7.221744861e-03 2.367778309e-02
 4.033422470e-02 5.718196929e-02 7.421727479e-02 9.144309163e-02 1.088704616e-01
 1.265199631e-01 1.444232464e-01 1.626244932e-01 1.811816096e-01 2.001668215e-01
 2.196655124e-01 2.397711277e-01 2.605670094e-01 2.820373476e-01 3.030889630e-01
 7.679551840e-02 7.513499260e-02 6.893093139e-02 6.133900210e-02 5.370809510e-02
 4.602288455e-02 3.826493025e-02 3.041637130e-02 2.246061713e-02 1.438222919e-02
 6.166421808e-03-2.201478463e-03-1.071213558e-02-1.929404959e-02-2.788018063e-02
-3.640844673e-02-4.482200742e-02-5.306927860e-02-6.110371649e-02-6.888342649e-02
-7.637055218e-02-8.353063464e-02-9.033180773e-02-9.674397111e-02-1.027379632e-01
-1.082846597e-01-1.133541614e-01-1.179149672e-01-1.219331995e-01-1.253718734e-01
-1.281903237e-01-1.303436309e-01-1.317822039e-01-1.324516684e-01-1.322927326e-01
-1.312415600e-01-1.292303950e-01-1.261886060e-01-1.220443845e-01-1.167270020e-01
-1.101699397e-01-1.023148447e-01-9.311649948e-02-8.254884183e-02-7.061194628e-02
-5.733978748e-02-4.280862212e-02-2.714546025e-02-1.053629071e-02 6.767420098e-03
 2.426718175e-02 4.196378589e-02 5.986602604e-02 7.799272239e-02 9.637517482e-02
 1.150600314e-01 1.341130883e-01 1.536243707e-01 1.737153232e-01 1.945490837e-01
 2.163466215e-01 2.394135445e-01 2.641932070e-01 2.913869619e-01 3.197579682e-01
 7.490827143e-02 7.309572399e-02 6.683968008e-02 5.921815336e-02 5.158076435e-02
 4.389084503e-02 3.611369431e-02 2.822212130e-02 2.019472420e-02 1.201378834e-02
 3.663622774e-03-4.870689940e-03-1.355448551e-02-2.231600881e-02-3.108795732e-02
-3.980812803e-02-4.841978475e-02-5.687170848e-02-6.511798501e-02-7.311760634e-02
-8.083390445e-02-8.823384345e-02-9.528720379e-02-1.019657776e-01-1.082424596e-01
-1.140903682e-01-1.194819510e-01-1.243881509e-01-1.287775487e-01-1.326156557e-01
-1.358640790e-01-1.384800524e-01-1.404157877e-01-1.416181475e-01-1.420284510e-01
-1.415824592e-01-1.402107924e-01-1.378395557e-01-1.343916655e-01-1.297886372e-01
-1.239530891e-01-1.168123633e-01-1.083028615e-01-9.837569296e-02-8.700342476e-02
-7.418796420e-02-5.996938422e-02-4.443543032e-02-2.773101442e-02-1.006679051e-02
 8.274402469e-03 2.679031715e-02 4.549562559e-02 6.441702694e-02 8.359661698e-02
 1.030949429e-01 1.229954511e-01 1.434110403e-01 1.644937247e-01 1.864484847e-01
 2.095530480e-01 2.341846377e-01 2.608512044e-01 2.902120054e-01 3.216093779e-01
 7.236261666e-02 7.039747387e-02 6.384185702e-02 5.636174604e-02 4.889166728e-02
 4.133329168e-02 3.363993764e-02 2.578544617e-02 1.775228418e-02 9.526636451e-03
 1.096276334e-03-7.550392766e-03-1.635320671e-02-2.524022572e-02-3.414398804e-02
-4.300228506e-02-5.175855756e-02-6.036197022e-02-6.876724213e-02-7.693420351e-02
-8.482725918e-02-9.241462499e-02-9.966757894e-02-1.065595448e-01-1.130652651e-01
-1.191598400e-01-1.248178259e-01-1.300123781e-01-1.347143948e-01-1.388916671e-01
-1.425081342e-01-1.455231756e-01-1.478909850e-01-1.495601237e-01-1.504730731e-01
-1.505661011e-01-1.497693956e-01-1.480074525e-01-1.451999545e-01-1.412632316e-01
-1.361123323e-01-1.296640635e-01-1.218408495e-01-1.125759929e-01-1.018199921e-01
-8.954824507e-02-7.577002794e-02-6.053839624e-02-4.396073520e-02-2.620898746e-02
-7.528594229e-03 1.175534911e-02 3.117151186e-02 5.074347556e-02 7.051439583e-02
 9.054452926e-02 1.109137088e-01 1.317265630e-01 1.531203687e-01 1.752762794e-01
 1.984360814e-01 2.229274958e-01 2.492035627e-01 2.778999209e-01 3.085690141e-01
 6.749848276e-02 6.492065638e-02 5.952291936e-02 5.285342038e-02 4.582792521e-02
 3.854135051e-02 3.101622313e-02 2.325851843e-02 1.526771300e-02 7.039925549e-03
-1.430703094e-03-1.014197432e-02-1.901740581e-02-2.798424289e-02-3.697458282e-02
-4.592607170e-02-5.478226393e-02-6.349267811e-02-7.201255858e-02-8.030249178e-02
-8.832778782e-02-9.605777264e-02-1.034649611e-01-1.105242297e-01-1.172118634e-01
-1.235046610e-01-1.293790340e-01-1.348100901e-01-1.397707760e-01-1.442309618e-01
-1.481567770e-01-1.515096724e-01-1.542459130e-01-1.563158482e-01-1.576635391e-01
-1.582263708e-01-1.579349637e-01-1.567134112e-01-1.544798464e-01-1.511475146e-01
-1.466265768e-01-1.408265382e-01-1.336598694e-01-1.250465512e-01-1.149201691e-01
-1.032351479e-01-8.997561783e-02-7.516542822e-02-5.887921154e-02-4.125373438e-02
-2.249897644e-02-2.907980466e-03 1.713450253e-02 3.720552847e-02 5.735921115e-02
 7.764790207e-02 9.813101590e-02 1.188795939e-01 1.399796754e-01 1.615353972e-01
 1.836725026e-01 2.065438628e-01 2.303425968e-01 2.553609610e-01 2.815986574e-01
 6.408511102e-02 6.128065288e-02 5.599403754e-02 4.965510219e-02 4.292820022e-02
 3.586157039e-02 2.848963812e-02 2.083136514e-02 1.289540529e-02 4.683959763e-03
-3.805031069e-03-1.254526153e-02-2.145799249e-02-3.046930954e-02-3.951076791e-02
-4.851986468e-02-5.744028091e-02-6.622184813e-02-7.482030988e-02-8.319687843e-02
-9.131765366e-02-9.915286303e-02-1.066760719e-01-1.138633043e-01-1.206921637e-01
-1.271408796e-01-1.331873834e-01-1.388084590e-01-1.439788193e-01-1.486701667e-01
-1.528505534e-01-1.564833969e-01-1.595268995e-01-1.619332731e-01-1.636482626e-01
-1.646106988e-01-1.647522449e-01-1.639974415e-01-1.622640491e-01-1.594638824e-01
-1.555042863e-01-1.502901912e-01-1.437273771e-01-1.357265115e-01-1.262088269e-01
-1.151130199e-01-1.024036929e-01-8.808121830e-02-7.219269127e-02-5.484321341e-02
-3.620637581e-02-1.653171517e-02 3.854762297e-03 2.422723360e-02 4.457499832e-02
 6.491138786e-02 8.525937796e-02 1.056451350e-01 1.260931492e-01 1.466194391e-01
 1.672198772e-01 1.878471822e-01 2.083626539e-01 2.284303308e-01 2.473415434e-01
 6.181569770e-02 5.891031772e-02 5.347653478e-02 4.716127366e-02 4.051405936e-02
 3.354202211e-02 2.625604719e-02 1.866450533e-02 1.077203639e-02 2.579682972e-03
-5.914594978e-03-1.466472354e-02-2.359230071e-02-3.262361512e-02-4.169044644e-02
-5.073056743e-02-5.968799442e-02-6.851296872e-02-7.716172189e-02-8.559603244e-02
-9.378265589e-02-1.016925350e-01-1.093000770e-01-1.165822446e-01-1.235176474e-01
-1.300856769e-01-1.362654865e-01-1.420352459e-01-1.473710686e-01-1.522462964e-01
-1.566305459e-01-1.604890078e-01-1.637815833e-01-1.664622724e-01-1.684784591e-01
-1.697705686e-01-1.702715605e-01-1.699069291e-01-1.685948819e-01-1.662469655e-01
-1.627692282e-01-1.580641270e-01-1.520333290e-01-1.445814669e-01-1.356214881e-01
-1.250810325e-01-1.129107922e-01-9.909419715e-02-8.365861326e-02-6.668757647e-02
-4.833357409e-02-2.883091383e-02-8.508861065e-03 1.219171379e-02 3.267479315e-02
 5.296590924e-02 7.307384908e-02 9.299578518e-02 1.127151325e-01 1.321948469e-01
 1.513662785e-01 1.701129079e-01 1.882491857e-01 2.055012286e-01 2.215098441e-01
 5.988422036e-02 5.688084662e-02 5.151599273e-02 4.519829527e-02 3.857288137e-02
 3.163997456e-02 2.439878136e-02 1.684863493e-02 8.988128044e-03 8.144871681e-04
-7.677087560e-03-1.642519794e-02-2.535281703e-02-3.438731283e-02-4.346128926e-02
-5.251316726e-02-6.148750708e-02-7.033504546e-02-7.901248336e-02-8.748207986e-02
-9.571110457e-02-1.036710739e-01-1.113369912e-01-1.186865270e-01-1.256990731e-01
-1.323548108e-01-1.386339366e-01-1.445155740e-01-1.499770433e-01-1.549928635e-01
-1.595340520e-01-1.635671407e-01-1.670535505e-01-1.699487567e-01-1.722017378e-01
-1.737543195e-01-1.745408922e-01-1.744880974e-01-1.735150367e-01-1.715336144e-01
-1.684497148e-01-1.641647220e-01-1.585781276e-01-1.515911072e-01-1.431113333e-01
-1.330593228e-01-1.213763207e-01-1.080338210e-01-9.304457158e-02-7.647474110e-02
-5.845621601e-02-3.919770196e-02-1.899197698e-02 1.785879489e-03 2.229285985e-02
 4.248638451e-02 6.234145164e-02 8.183235675e-02 1.009228975e-01 1.195593327e-01
 1.376640052e-01 1.551295072e-01 1.718149483e-01 1.875476688e-01 2.021342963e-01
 5.846853554e-02 5.540775508e-02 4.998435080e-02 4.365859926e-02 3.704849631e-02
 3.014459834e-02 2.293868735e-02 1.542404667e-02 7.595152594e-03-5.525901215e-04
-9.035354480e-03-1.777195930e-02-2.668832615e-02-3.571357578e-02-4.478142783e-02
-5.383107811e-02-6.280764937e-02-7.166232169e-02-8.035218716e-02-8.883984387e-02
-9.709289670e-02-1.050832421e-01-1.127862930e-01-1.201801598e-01-1.272447258e-01
-1.339607835e-01-1.403091401e-01-1.462696940e-01-1.518205404e-01-1.569371223e-01
-1.615914106e-01-1.657510400e-01-1.693785489e-01-1.724306345e-01-1.748575270e-01
-1.766022891e-01-1.776005328e-01-1.777800769e-01-1.770609766e-01-1.753559113e-01
-1.725711226e-01-1.686078459e-01-1.633647531e-01-1.567412615e-01-1.486421973e-01
-1.389839053e-01-1.277018189e-01-1.147598922e-01-1.001615897e-01-8.396215737e-02
-6.628179550e-02-4.731879383e-02-2.736194246e-02-6.802000105e-03 1.385510899e-02
 3.401321173e-02 5.367846787e-02 7.283657044e-02 9.145629406e-02 1.094899252e-01
 1.268728375e-01 1.435233951e-01 1.593445837e-01 1.742283702e-01 1.880632043e-01
 5.736144632e-02 5.426001549e-02 4.877165705e-02 4.246542603e-02 3.589566424e-02
 2.903928235e-02 2.188097686e-02 1.440985873e-02 6.617615931e-03-1.503003063e-03
-9.957078844e-03-1.866795868e-02-2.756139636e-02-3.656678647e-02-4.561822489e-02
-5.465524644e-02-6.362324208e-02-7.247363031e-02-8.116364479e-02-8.965606242e-02
-9.791861475e-02-1.059233472e-01-1.136458665e-01-1.210644394e-01-1.281592399e-01
-1.349113584e-01-1.413019300e-01-1.473112702e-01-1.529179662e-01-1.580980122e-01
-1.628239900e-01-1.670642495e-01-1.707820743e-01-1.739349961e-01-1.764740944e-01
-1.783433855e-01-1.794794202e-01-1.798109263e-01-1.792588532e-01-1.777366400e-01
-1.751511246e-01-1.714038998e-01-1.663935781e-01-1.600190848e-01-1.521840394e-01
-1.428027451e-01-1.318076104e-01-1.191583276e-01-1.048526913e-01-8.893868327e-02
-7.152736187e-02-5.280549824e-02-3.304648027e-02-1.261737198e-02 8.021352813e-03
 2.809009701e-02 4.758440703e-02 6.648822874e-02 8.477354795e-02 1.024005339e-01
 1.193182617e-01 1.354661286e-01 1.507762969e-01 1.651774496e-01 1.785997897e-01
 5.626705661e-02 5.309804529e-02 4.775314033e-02 4.156333953e-02 3.510055691e-02
 2.833263390e-02 2.124657482e-02 1.383523922e-02 6.092800759e-03-1.986574847e-03
-1.040243637e-02-1.907851547e-02-2.794069797e-02-3.691845387e-02-4.594593123e-02
-5.496268719e-02-6.391411275e-02-7.275156677e-02-8.143224567e-02-8.991882950e-02
-9.817896038e-02-1.061846167e-01-1.139113232e-01-1.213373244e-01-1.284427643e-01
-1.352087408e-01-1.416164637e-01-1.476463526e-01-1.532771289e-01-1.584850103e-01
-1.632427871e-01-1.675191224e-01-1.712776721e-01-1.744763255e-01-1.770666540e-01
-1.789931804e-01-1.801929772e-01-1.805953383e-01-1.801218390e-01-1.786865443e-01
-1.761968583e-01-1.725548953e-01-1.676597297e-01-1.614104956e-01-1.537109017e-01
-1.444748789e-01-1.336341202e-01-1.211469322e-01-1.070089489e-01-9.126492590e-02
-7.402136922e-02-5.545867980e-02-3.584155813e-02-1.552561484e-02 5.041982047e-03
 2.500306442e-02 4.434968159e-02 6.306520849e-02 8.112396300e-02 9.849155694e-02
 1.151257977e-01 1.309783757e-01 1.459972262e-01 1.601295173e-01 1.733253002e-01
 5.519729108e-02 5.184284225e-02 4.690529406e-02 4.104842618e-02 3.474944830e-02
 2.808845416e-02 2.108349651e-02 1.373894513e-02 6.054169498e-03-1.974001992e-03
-1.034375466e-02-1.897829212e-02-2.780316770e-02-3.674760088e-02-4.574549198e-02
-5.473615974e-02-6.366471946e-02-7.248224318e-02-8.114562929e-02-8.961723745e-02
-9.786441922e-02-1.058588177e-01-1.135756522e-01-1.209929064e-01-1.280904114e-01
-1.348490566e-01-1.412497908e-01-1.472728103e-01-1.528966725e-01-1.580974013e-01
-1.628476977e-01-1.671160907e-01-1.708661467e-01-1.740557402e-01-1.766364276e-01
-1.785527617e-01-1.797419190e-01-1.801334321e-01-1.796490252e-01-1.782031357e-01
-1.757036150e-01-1.720531881e-01-1.671515703e-01-1.608988345e-01-1.531997025e-01
-1.439693719e-01-1.331408322e-01-1.206739545e-01-1.065658703e-01-9.086288512e-02
-7.367277890e-02-5.517691746e-02-3.564034402e-02-1.541821472e-02 5.043800455e-03
 2.489042096e-02 4.411388934e-02 6.269809604e-02 8.061847091e-02 9.784244746e-02
 1.143306494e-01 1.300385445e-01 1.449188292e-01 1.589241326e-01 1.720102727e-01
 5.557148159e-02 5.234145373e-02 4.719717056e-02 4.126030952e-02 3.499427438e-02
 2.838859148e-02 2.144247480e-02 1.415599231e-02 6.528001279e-03-1.444179099e-03
-9.763250127e-03-1.835176721e-02-2.713490278e-02-3.604151309e-02-4.500509799e-02
-5.396452919e-02-6.286445260e-02-7.165542245e-02-8.029384166e-02-8.874153346e-02
-9.696532041e-02-1.049363166e-01-1.126292124e-01-1.200214550e-01-1.270923615e-01
-1.338222921e-01-1.401916593e-01-1.461801529e-01-1.517658234e-01-1.569241434e-01
-1.616273224e-01-1.658433676e-01-1.695353240e-01-1.726606190e-01-1.751702875e-01
-1.770085394e-01-1.781122088e-01-1.784105003e-01-1.778250784e-01-1.762704402e-01
-1.736547202e-01-1.698812544e-01-1.648508012e-01-1.584648639e-01-1.506302506e-01
-1.412649006e-01-1.303053498e-01-1.177158207e-01-1.034987718e-01-8.770677447e-02
-7.045489550e-02-5.193281546e-02-3.241506219e-02-1.226737257e-02 8.054140955e-03
 2.777870931e-02 4.690165073e-02 6.540768594e-02 8.327127248e-02 1.004575267e-01
 1.169235781e-01 1.326204240e-01 1.474953443e-01 1.614950150e-01 1.745690256e-01
 5.625681207e-02 5.308361724e-02 4.797933251e-02 4.205433279e-02 3.580980375e-02
 2.923850343e-02 2.233524062e-02 1.509713940e-02 7.522296160e-03-3.908553626e-04
-8.657129481e-03-1.719593443e-02-2.593304217e-02-3.479714692e-02-4.372127354e-02
-5.264368653e-02-6.150837615e-02-7.026522607e-02-7.886991650e-02-8.728357404e-02
-9.547230601e-02-1.034064889e-01-1.110600755e-01-1.184097454e-01-1.254340410e-01
-1.321125478e-01-1.384248734e-01-1.443498731e-01-1.498647332e-01-1.549440920e-01
-1.595592201e-01-1.636772603e-01-1.672603339e-01-1.702649593e-01-1.726413220e-01
-1.743327379e-01-1.752753109e-01-1.753976643e-01-1.746210754e-01-1.728598922e-01
-1.700225323e-01-1.660131067e-01-1.607338190e-01-1.540884376e-01-1.459870338e-01
-1.363519877e-01-1.251256615e-01-1.122795865e-01-9.782515466e-02-8.182545006e-02
-6.440763921e-02-4.577518627e-02-2.621900663e-02-6.127529778e-03 1.400183234e-02
 3.358653560e-02 5.262937769e-02 7.111445069e-02 8.901172876e-02 1.062790975e-01
 1.228635013e-01 1.387026161e-01 1.537272930e-01 1.678651869e-01 1.810457557e-01
 5.747222528e-02 5.438374355e-02 4.924245924e-02 4.335847497e-02 3.715157136e-02
 3.061578423e-02 2.374935895e-02 1.655159518e-02 9.021800943e-03 1.158336992e-03
-7.042401470e-03-1.552327629e-02-2.420764044e-02-3.302267194e-02-4.190029204e-02
-5.077783763e-02-5.959844962e-02-6.831118464e-02-7.687087357e-02-8.523780853e-02
-9.337721020e-02-1.012585461e-01-1.088548377e-01-1.161417887e-01-1.230969429e-01
-1.296988130e-01-1.359259337e-01-1.417560428e-01-1.471651495e-01-1.521267146e-01
-1.566107422e-01-1.605830789e-01-1.640045941e-01-1.668305099e-01-1.690097600e-01
-1.704845130e-01-1.711898446e-01-1.710535139e-01-1.699962914e-01-1.679324508e-01
-1.647708714e-01-1.604168862e-01-1.547749192e-01-1.477521211e-01-1.392634362e-01
-1.292377859e-01-1.176260561e-01-1.044103727e-01-8.961479366e-02-7.331679016e-02
-5.565868318e-02-3.685742244e-02-1.721015945e-02 2.908866387e-03 2.269372344e-02
 4.209601134e-02 6.108308583e-02 7.962164283e-02 9.767010808e-02 1.151745319e-01
 1.320661604e-01 1.482606530e-01 1.636592150e-01 1.781526506e-01 1.916287690e-01
 5.900814012e-02 5.600914359e-02 5.102922767e-02 4.519991949e-02 3.902780265e-02
 3.251769394e-02 2.567528561e-02 1.850603707e-02 1.101382542e-02 3.200269770e-03
-4.935498815e-03-1.335494313e-02-2.198043838e-02-3.073830344e-02-3.955968097e-02
-4.838115349e-02-5.714509636e-02-6.579975784e-02-7.429912686e-02-8.260256797e-02
-9.067428857e-02-9.848273546e-02-1.059998050e-01-1.132000238e-01-1.200597137e-01
-1.265560687e-01-1.326662898e-01-1.383666992e-01-1.436318159e-01-1.484335661e-01
-1.527404040e-01-1.565165818e-01-1.597213745e-01-1.623084098e-01-1.642251313e-01
-1.654123217e-01-1.658038795e-01-1.653267592e-01-1.639013290e-01-1.614420712e-01
-1.578589380e-01-1.530593485e-01-1.469511539e-01-1.394466460e-01-1.304677427e-01
-1.199527532e-01-1.078644395e-01-9.419967234e-02-7.900023460e-02-6.236452609e-02
-4.445936158e-02-2.553106286e-02-5.914854817e-03 1.395794377e-02 3.354348987e-02
 5.285133421e-02 7.187191397e-02 9.058162570e-02 1.089419723e-01 1.268958896e-01
 1.443626732e-01 1.612325758e-01 1.773634255e-01 1.925821900e-01 2.066958547e-01
 6.121230125e-02 5.834211409e-02 5.344092101e-02 4.764389619e-02 4.147267714e-02
 3.495000303e-02 2.809684165e-02 2.092911303e-02 1.345695741e-02 5.685458891e-03
-2.384360880e-03-1.073640119e-02-1.929328404e-02-2.798136324e-02-3.673163056e-02
-4.548032582e-02-5.416931957e-02-6.274621934e-02-7.116419077e-02-7.938166708e-02
-8.736181259e-02-9.507191181e-02-1.024825647e-01-1.095669568e-01-1.162999198e-01
-1.226571351e-01-1.286141723e-01-1.341456473e-01-1.392243356e-01-1.438203454e-01
-1.479002833e-01-1.514265537e-01-1.543565691e-01-1.566422135e-01-1.582293063e-01
-1.590572447e-01-1.590588540e-01-1.581605226e-01-1.562826931e-01-1.533408016e-01
-1.492469013e-01-1.439119726e-01-1.372491717e-01-1.291781962e-01-1.196309328e-01
-1.085584089e-01-9.593917429e-02-8.178899437e-02-6.617145985e-02-4.920915514e-02
-3.109452128e-02-1.209962182e-02 7.415991277e-03 2.684487030e-02 4.617346451e-02
 6.539667398e-02 8.450891078e-02 1.034987196e-01 1.223431528e-01 1.410001516e-01
 1.593971848e-01 1.774152368e-01 1.948678643e-01 2.114823163e-01 2.269023061e-01
 6.427872181e-02 6.159593910e-02 5.665975437e-02 5.080582201e-02 4.452662915e-02
 3.789680451e-02 3.096371703e-02 2.375210077e-02 1.627370156e-02 8.532730862e-03
 5.287893582e-04-7.741348818e-03-1.621153764e-02-2.480902895e-02-3.346523643e-02
-4.211649299e-02-5.070446059e-02-5.917625874e-02-6.748434156e-02-7.558622211e-02
-8.344395459e-02-9.102351218e-02-9.829409420e-02-1.052273065e-01-1.117963344e-01
-1.179750413e-01-1.237371415e-01-1.290552914e-01-1.339002550e-01-1.382400841e-01
-1.420393139e-01-1.452583075e-01-1.478525549e-01-1.497721076e-01-1.509612650e-01
-1.513582021e-01-1.508951187e-01-1.494984180e-01-1.470895410e-01-1.435861439e-01
-1.389039904e-01-1.329597086e-01-1.256743670e-01-1.169782877e-01-1.068170071e-01
-9.515855461e-02-8.200196177e-02-6.738676876e-02-5.140300840e-02-3.420086205e-02
-1.599883288e-02 2.911368618e-03 2.187762782e-02 4.089544341e-02 5.996905640e-02
 7.911005616e-02 9.833510965e-02 1.176632941e-01 1.371122748e-01 1.566920280e-01
 1.763932109e-01 1.961646080e-01 2.158656567e-01 2.351623774e-01 2.533549964e-01
 6.876601279e-02 6.657100469e-02 6.127380952e-02 5.481491983e-02 4.812690616e-02
 4.123114049e-02 3.413452208e-02 2.683684044e-02 1.933439076e-02 1.162127964e-02
 3.689841833e-03-4.469473846e-03-1.282286271e-02-2.129791304e-02-2.982666157e-02
-3.834582865e-02-4.679711536e-02-5.512730777e-02-6.328821927e-02-7.123641670e-02
-7.893275470e-02-8.634182811e-02-9.343123436e-02-1.001708284e-01-1.065318882e-01
-1.124862805e-01-1.180056110e-01-1.230603456e-01-1.276190281e-01-1.316474676e-01
-1.351080239e-01-1.379589587e-01-1.401538104e-01-1.416410208e-01-1.423636079e-01
-1.422590911e-01-1.412597448e-01-1.392930746e-01-1.362828910e-01-1.321508586e-01
-1.268188357e-01-1.202118397e-01-1.122623160e-01-1.029151380e-01-9.213406593e-02
-7.990920544e-02-6.626565009e-02-5.127282441e-02-3.505399823e-02-1.779491827e-02
 2.501907293e-04 1.853877865e-02 3.696426004e-02 5.554846302e-02 7.431845367e-02
 9.331034124e-02 1.125718355e-01 1.321644932e-01 1.521659195e-01 1.726724803e-01
 1.938024759e-01 2.157013118e-01 2.385544479e-01 2.626450360e-01 2.879691720e-01
 7.370067388e-02 7.210361212e-02 6.614814699e-02 5.892125145e-02 5.176884308e-02
 4.459271580e-02 3.733634204e-02 2.996624261e-02 2.245994098e-02 1.480028220e-02
 6.972806528e-03-1.035361085e-03-9.232226759e-03-1.754141599e-02-2.589765377e-02
-3.423889726e-02-4.250720516e-02-5.064917728e-02-5.861598253e-02-6.636319309e-02
-7.385039330e-02-8.104062080e-02-8.789972961e-02-9.439560771e-02-1.004974768e-01
-1.061749756e-01-1.113973856e-01-1.161328256e-01-1.203474700e-01-1.240048259e-01
-1.270650178e-01-1.294842958e-01-1.312145144e-01-1.322028339e-01-1.323916018e-01
-1.317185611e-01-1.301171333e-01-1.275174767e-01-1.238477230e-01-1.190359965e-01
-1.130131036e-01-1.057161093e-01-9.709283710e-02-8.710736036e-02-7.574661821e-02
-6.302793324e-02-4.900746047e-02-3.378938138e-02-1.753531396e-02-4.738435964e-04
 1.689453982e-02 3.447532281e-02 5.228099599e-02 7.033547759e-02 8.867532015e-02
 1.073525175e-01 1.264385283e-01 1.460297704e-01 1.662553698e-01 1.872881651e-01
 2.093610168e-01 2.327914834e-01 2.580206692e-01 2.856692076e-01 3.152937591e-01
 7.689148188e-02 7.554959506e-02 6.946811080e-02 6.212821230e-02 5.484522879e-02
 4.757086188e-02 4.026735574e-02 3.290377557e-02 2.545522898e-02 1.790112257e-02
 1.022360288e-02 2.406276762e-03-5.566894542e-03-1.364871673e-02-2.177349292e-02
-2.987907082e-02-3.790730238e-02-4.580428451e-02-5.352039635e-02-6.101009250e-02
-6.823154539e-02-7.514611632e-02-8.171775192e-02-8.791226149e-02-9.369659424e-02
-9.903800488e-02-1.039033607e-01-1.082583219e-01-1.120666489e-01-1.152895540e-01
-1.178851277e-01-1.198078468e-01-1.210083216e-01-1.214330941e-01-1.210248023e-01
-1.197225153e-01-1.174625084e-01-1.141795218e-01-1.098084822e-01-1.042869315e-01
-9.755823761e-02-8.957557380e-02-8.030684292e-02-6.974038482e-02-5.789152533e-02
-4.480935633e-02-3.058386408e-02-1.535376254e-02 6.870821817e-04 1.698620804e-02
 3.355290741e-02 5.038397759e-02 6.748886406e-02 8.488996327e-02 1.026243567e-01
 1.207468808e-01 1.393348128e-01 1.584945470e-01 1.783711612e-01 1.991620213e-01
 2.211362571e-01 2.446608841e-01 2.702314258e-01 2.984919548e-01 3.287925720e-01
 7.861672342e-02 7.741704583e-02 7.165926695e-02 6.440797448e-02 5.717892572e-02
 4.996044934e-02 4.273137078e-02 3.547075391e-02 2.815913409e-02 2.077868581e-02
 1.331279986e-02 5.745552015e-03-1.938929548e-03-9.727347642e-03-1.755448803e-02
-2.535840496e-02-3.308082744e-02-4.066739231e-02-4.806765914e-02-5.523494631e-02
-6.212595478e-02-6.870030612e-02-7.491996884e-02-8.074855804e-02-8.615066111e-02
-9.109114856e-02-9.553437680e-02-9.944358468e-02-1.027802303e-01-1.055034399e-01
-1.075695679e-01-1.089318842e-01-1.095404327e-01-1.093421504e-01-1.082811654e-01
-1.062995419e-01-1.033383980e-01-9.933947772e-02-9.424740076e-02-8.801254630e-02
-8.059468865e-02-7.196755707e-02-6.212406233e-02-5.108244717e-02-3.889268637e-02
-2.564200386e-02-1.145632938e-02 3.488568123e-03 1.871926896e-02 3.422726691e-02
 5.000828952e-02 6.606144458e-02 8.239285648e-02 9.901817888e-02 1.159650981e-01
 1.332763284e-01 1.510133296e-01 1.692614853e-01 1.881372184e-01 2.077981383e-01
 2.284588069e-01 2.504171431e-01 2.741063535e-01 3.002125025e-01 3.275158107e-01
 7.967486978e-02 7.864204794e-02 7.294762880e-02 6.583610922e-02 5.875598267e-02
 5.169192702e-02 4.462932795e-02 3.755428642e-02 3.045357764e-02 2.331426553e-02
 1.612340286e-02 8.867887780e-03 1.534481649e-03-5.889801309e-03-1.334761269e-02
-2.077776939e-02-2.812216431e-02-3.532615677e-02-4.233863950e-02-4.911187291e-02
-5.560117215e-02-6.176447496e-02-6.756177545e-02-7.295454293e-02-7.790506631e-02
-8.237582445e-02-8.632884920e-02-8.972510695e-02-9.252405167e-02-9.468313307e-02
-9.615756571e-02-9.690017253e-02-9.686149657e-02-9.599011391e-02-9.423334897e-02
-9.153826535e-02-8.785316348e-02-8.312959969e-02-7.732506096e-02-7.040621340e-02
-6.235297397e-02-5.316335335e-02-4.285910353e-02-3.149258345e-02-1.915617287e-02
-5.995730404e-03 7.844633423e-03 2.200175636e-02 3.645752743e-02 5.119457468e-02
 6.619818509e-02 8.145740628e-02 9.696645290e-02 1.127260551e-01 1.287449300e-01
 1.450412273e-01 1.616441011e-01 1.785951257e-01 1.959495842e-01 2.137769610e-01
 2.321600467e-01 2.511899173e-01 2.709486187e-01 2.914233804e-01 3.115411401e-01
 7.980588078e-02 7.890550047e-02 7.332666218e-02 6.642833352e-02 5.957478657e-02
 5.273798108e-02 4.590819404e-02 3.908042610e-02 3.224953637e-02 2.540869825e-02
 1.854921319e-02 1.166073140e-02 4.731406923e-03-2.252256731e-03-9.265352041e-03
-1.624609530e-02-2.313637361e-02-2.988145873e-02-3.642983362e-02-4.273297638e-02
-4.874504730e-02-5.442248285e-02-5.972351134e-02-6.460762769e-02-6.903503090e-02
-7.296606898e-02-7.636070251e-02-7.917809486e-02-8.137615025e-02-8.291136473e-02
-8.373862505e-02-8.381141722e-02-8.308210969e-02-8.150263876e-02-7.902548462e-02
-7.560507208e-02-7.119965553e-02-6.577362865e-02-5.930057168e-02-5.176682025e-02
-4.317564517e-02-3.355153650e-02-2.294449881e-02-1.143134758e-02 8.790678112e-04
 1.357151009e-02 2.666379139e-02 4.010371491e-02 5.385177583e-02 6.787499785e-02
 8.214450628e-02 9.663467109e-02 1.113230586e-01 1.261907220e-01 1.412223727e-01
 1.564065814e-01 1.717350781e-01 1.872012913e-01 2.027968466e-01 2.185049057e-01
 2.342876494e-01 2.500632405e-01 2.656630576e-01 2.807496786e-01 2.946742773e-01
 7.864074409e-02 7.773716748e-02 7.268087566e-02 6.621159613e-02 5.967326835e-02
 5.310335010e-02 4.653643817e-02 3.998949379e-02 3.346807882e-02 2.697087452e-02
 2.049229853e-02 1.402407046e-02 7.556239143e-03 1.078050351e-03-5.420946516e-03
-1.187822875e-02-1.823808625e-02-2.444692142e-02-3.045354597e-02-3.620919213e-02
-4.166730121e-02-4.678320512e-02-5.151373520e-02-5.581678823e-02-5.965086445e-02
-6.297466159e-02-6.574663520e-02-6.792473793e-02-6.946616620e-02-7.032735646e-02
-7.046405971e-02-6.983178109e-02-6.838639081e-02-6.608511508e-02-6.288793683e-02
-5.875933170e-02-5.367047340e-02-4.760180041e-02-4.054607078e-02-3.251269460e-02
-2.353262715e-02-1.366225816e-02-2.995380666e-03 8.366588503e-03 2.014586329e-02
 3.231781721e-02 4.485662654e-02 5.772681162e-02 7.088977844e-02 8.430593461e-02
 9.793534875e-02 1.117380336e-01 1.256740540e-01 1.397037208e-01 1.537875533e-01
 1.678858697e-01 1.819578409e-01 1.959592700e-01 2.098386884e-01 2.235309780e-01
 2.369475365e-01 2.499626130e-01 2.623965740e-01 2.740029097e-01 2.844757140e-01
 7.774543762e-02 7.716056705e-02 7.208143175e-02 6.562570482e-02 5.919447541e-02
 5.279723555e-02 4.646211490e-02 4.020057991e-02 3.401419148e-02 2.789873816e-02
 2.184659615e-02 1.584809646e-02 9.892334230e-03 3.967530094e-03-1.939177513e-03
-7.797122002e-03-1.355089620e-02-1.914763264e-02-2.453673258e-02-2.966962755e-02
-3.449955583e-02-3.898128495e-02-4.307079315e-02-4.672496766e-02-4.990126193e-02
-5.255741253e-02-5.465119332e-02-5.614028871e-02-5.698225275e-02-5.713469535e-02
-5.655565485e-02-5.520427227e-02-5.304174125e-02-5.003269389e-02-4.614700004e-02
-4.136203229e-02-3.566518426e-02-2.905654162e-02-2.154864930e-02-1.317376830e-02
-3.994321916e-03 5.926904269e-03 1.633330062e-02 2.723339014e-02 3.858034313e-02
 5.033348128e-02 6.245309860e-02 7.489711046e-02 8.762027323e-02 1.005740613e-01
 1.137066483e-01 1.269630343e-01 1.402852535e-01 1.536127031e-01 1.668825895e-01
 1.800302267e-01 1.929890364e-01 2.056898475e-01 2.180593014e-01 2.300169766e-01
 2.414716184e-01 2.523168325e-01 2.624282837e-01 2.716652453e-01 2.798796892e-01
 7.659611106e-02 7.634249330e-02 7.115498185e-02 6.441012025e-02 5.791937187e-02
 5.163287744e-02 4.552195221e-02 3.956799582e-02 3.375560790e-02 2.807023562e-02
 2.249770239e-02 1.702434197e-02 1.163721923e-02 6.324368995e-03 1.075080479e-03
-4.119435325e-03-9.199513122e-03-1.411496103e-02-1.881705597e-02-2.325840108e-02
-2.739283442e-02-3.117529303e-02-3.456166759e-02-3.750862181e-02-3.997344151e-02
-4.191388935e-02-4.328817874e-02-4.405496269e-02-4.417353868e-02-4.360419139e-02
-4.230887070e-02-4.025211558e-02-3.740227222e-02-3.373304382e-02-2.922600880e-02
-2.387384325e-02-1.768348366e-02-1.068933308e-02-2.912824042e-03 5.612824578e-03
 1.467520557e-02 2.429050207e-02 3.442257643e-02 4.504171759e-02 5.611301959e-02
 6.759838760e-02 7.945625484e-02 9.164062142e-02 1.041000932e-01 1.167771965e-01
 1.296078265e-01 1.425211281e-01 1.554396451e-01 1.682802141e-01 1.809553206e-01
 1.933749020e-01 2.054485381e-01 2.170875072e-01 2.282063812e-01 2.387238741e-01
 2.485628277e-01 2.576497197e-01 2.659146190e-01 2.732921243e-01 2.797245681e-01
 7.356896251e-02 7.338464260e-02 6.832767278e-02 6.166948751e-02 5.531865731e-02
 4.925963283e-02 4.346208274e-02 3.789626062e-02 3.253471851e-02 2.735293657e-02
 2.232947201e-02 1.744591445e-02 1.268669963e-02 8.038869128e-03 3.491788637e-03
-9.632312576e-04-5.309225991e-03-9.482601658e-03-1.343774516e-02-1.712925360e-02
-2.051228844e-02-2.354273945e-02-2.617725357e-02-2.837324329e-02-3.008889221e-02
-3.128325567e-02-3.191639110e-02-3.194958717e-02-3.134556860e-02-3.006898426e-02
-2.808742970e-02-2.537286654e-02-2.190293744e-02-1.766049489e-02-1.263761893e-02
-6.842613686e-03-2.675187425e-04 6.864597090e-03 1.459911652e-02 2.293691412e-02
 3.184514120e-02 4.130161181e-02 5.128154904e-02 6.175820157e-02 7.270140201e-02
 8.407662064e-02 9.584388137e-02 1.079564765e-01 1.203594282e-01 1.329880655e-01
 1.457666755e-01 1.586075276e-01 1.714108884e-01 1.840659529e-01 1.964534521e-01
 2.084499598e-01 2.199334502e-01 2.307897806e-01 2.409187108e-01 2.502387166e-01
 2.586896718e-01 2.662333250e-01 2.728514671e-01 2.785433233e-01 2.833221257e-01
 6.893129647e-02 6.881298125e-02 6.360740215e-02 5.712258816e-02 5.106658489e-02
 4.539102316e-02 4.005221650e-02 3.500583768e-02 3.021161258e-02 2.563528530e-02
 2.124896273e-02 1.703063026e-02 1.296339370e-02 9.034701623e-03 5.235624965e-03
 1.560196397e-03-1.995240804e-03-5.376264919e-03-8.537940681e-03-1.143642049e-02
-1.402839087e-02-1.627134904e-02-1.812362485e-02-1.954443008e-02-2.049403265e-02
-2.093413286e-02-2.082842030e-02-2.014313824e-02-1.884679310e-02-1.690969057e-02
-1.430598088e-02-1.101748087e-02-7.040877827e-03-2.363158157e-03 3.027590923e-03
 8.982470259e-03 1.553328242e-02 2.266689762e-02 3.038103320e-02 3.867045790e-02
 4.752406850e-02 5.692854896e-02 6.686815619e-02 7.732427865e-02 8.827459812e-02
 9.969184548e-02 1.115422249e-01 1.237833872e-01 1.363620013e-01 1.492108852e-01
 1.622459590e-01 1.753633320e-01 1.884372979e-01 2.013202310e-01 2.138456851e-01
 2.258358300e-01 2.371133417e-01 2.475161105e-01 2.569119930e-01 2.652102411e-01
 2.723677754e-01 2.783891559e-01 2.833205462e-01 2.872391045e-01 2.902395427e-01
 6.170141697e-02 6.143798307e-02 5.657417327e-02 5.044062808e-02 4.487672076e-02
 3.980100155e-02 3.512727469e-02 3.078226745e-02 2.670857124e-02 2.286322974e-02
 1.921507157e-02 1.574216411e-02 1.242975239e-02 9.268717840e-03 6.254515611e-03
 3.386469325e-03 6.674091564e-04-1.896351110e-03-4.239535891e-03-6.323082373e-03
-8.105491288e-03-9.547174908e-03-1.060953364e-02-1.125478558e-02-1.144621521e-02
-1.114891283e-02-1.033149473e-02-8.970146999e-03-7.045426406e-03-4.531633109e-03
-1.402409747e-03 2.368508605e-03 6.671121810e-03 1.154418383e-02 1.700048521e-02
 2.302860655e-02 2.962735482e-02 3.679500893e-02 4.453074932e-02 5.283336714e-02
 6.170035526e-02 7.112792134e-02 8.111067861e-02 9.164117277e-02 1.027089879e-01
 1.142994538e-01 1.263917685e-01 1.389563680e-01 1.519514024e-01 1.653178930e-01
 1.789739132e-01 1.928072125e-01 2.066675723e-01 2.203604877e-01 2.336458117e-01
 2.462471128e-01 2.578755617e-01 2.682654858e-01 2.772108316e-01 2.845909595e-01
 2.903820872e-01 2.946558297e-01 2.975654900e-01 2.993189096e-01 3.001416922e-01
 5.166518688e-02 5.113130808e-02 4.654815793e-02 4.110116884e-02 3.644194454e-02
 3.234243020e-02 2.864070237e-02 2.523456700e-02 2.206057310e-02 1.907946914e-02
 1.626738906e-02 1.361063682e-02 1.110253576e-02 8.741582744e-03 6.530368701e-03
 4.475052934e-03 2.585237380e-03 8.741875645e-04-6.406567991e-04-1.913342159e-03
-2.890467178e-03-3.540520789e-03-3.830714617e-03-3.727824660e-03-3.198390827e-03
-2.208236605e-03-7.206203300e-04 1.262538834e-03 3.706525080e-03 6.647402421e-03
 1.010807604e-02 1.409986988e-02 1.861824654e-02 2.366895415e-02 2.925805002e-02
 3.538924828e-02 4.206673056e-02 4.929516464e-02 5.707984045e-02 6.542657316e-02
 7.434158027e-02 8.383134007e-02 9.390250593e-02 1.045616195e-01 1.158145070e-01
 1.276653409e-01 1.401150525e-01 1.531587839e-01 1.667820811e-01 1.809548289e-01
 1.956224144e-01 2.106924802e-01 2.260161638e-01 2.413627803e-01 2.563916743e-01
 2.706396282e-01 2.835618258e-01 2.946434021e-01 3.035131693e-01 3.099892437e-01
 3.140769005e-01 3.159635067e-01 3.160113096e-01 3.147087991e-01 3.125547767e-01
 3.709117323e-02 3.571786731e-02 3.201901913e-02 2.854223177e-02 2.571900934e-02
 2.318578400e-02 2.082700282e-02 1.859638654e-02 1.647523791e-02 1.445789449e-02
 1.254563592e-02 1.074379589e-02 9.060347453e-03 7.505245507e-03 6.090208888e-03
 4.828808829e-03 3.736822866e-03 2.832873724e-03 2.139498480e-03 1.684972667e-03
 1.499964623e-03 1.613210305e-03 2.052344847e-03 2.843984403e-03 4.013407044e-03
 5.583784543e-03 7.574502379e-03 9.997184388e-03 1.285894215e-02 1.617288962e-02
 1.995212771e-02 2.420742996e-02 2.894695476e-02 3.417911008e-02 3.991256654e-02
 4.615621269e-02 5.291959271e-02 6.021324545e-02 6.804899871e-02 7.644022256e-02
 8.540208638e-02 9.495183825e-02 1.051091105e-01 1.158962101e-01 1.273383498e-01
 1.394636631e-01 1.523029953e-01 1.658889353e-01 1.802537292e-01 1.954253316e-01
 2.114198208e-01 2.282280028e-01 2.457911670e-01 2.639560401e-01 2.823821008e-01
 3.003398776e-01 3.164974451e-01 3.295331299e-01 3.388493657e-01 3.442937434e-01
 3.459240794e-01 3.440113962e-01 3.392196000e-01 3.328523338e-01 3.262827098e-01
 1.718211547e-02 1.344299875e-02 1.362843625e-02 1.416974328e-02 1.390770078e-02
 1.324883848e-02 1.237540692e-02 1.138638705e-02 1.034506317e-02 9.296776727e-03
 8.276668377e-03 7.313568145e-03 6.432216149e-03 5.654718261e-03 5.001603626e-03
 4.492674489e-03 4.147717729e-03 3.987118136e-03 4.032321274e-03 4.305982962e-03
 4.831302911e-03 5.631108303e-03 6.727457978e-03 8.141360246e-03 9.892466478e-03
 1.199868228e-02 1.447573211e-02 1.733689941e-02 2.059390768e-02 2.425841615e-02
 2.834189683e-02 3.285538778e-02 3.780962527e-02 4.321555793e-02 4.908475280e-02
 5.542968959e-02 6.226415932e-02 6.960360706e-02 7.746557891e-02 8.587016165e-02
 9.484056383e-02 1.044037938e-01 1.145914719e-01 1.254409105e-01 1.369964182e-01
 1.493108720e-01 1.624477208e-01 1.764832139e-01 1.915088296e-01 2.076337636e-01
 2.249864042e-01 2.437139899e-01 2.639789879e-01 2.859536707e-01 3.098290563e-01
 3.359409571e-01 3.593248725e-01 3.753463328e-01 3.851543069e-01 3.893482685e-01
 3.874126673e-01 3.798198700e-01 3.658035696e-01 3.499167562e-01 3.378459513e-01
 3.348343540e-03-1.153887599e-03-1.042518270e-04 1.955778338e-03 3.213710152e-03
 3.900852986e-03 4.199332558e-03 4.243032541e-03 4.130288027e-03 3.934870474e-03
 3.713564482e-03 3.511236981e-03 3.364311997e-03 3.303244244e-03 3.354324028e-03
 3.541021375e-03 3.884978592e-03 4.406726453e-03 5.126141943e-03 6.062655244e-03
 7.235194091e-03 8.662001230e-03 1.036046073e-02 1.234695036e-02 1.463672984e-02
 1.724384166e-02 2.018110082e-02 2.346021496e-02 2.709214203e-02 3.108754382e-02
 3.545708209e-02 4.021163657e-02 4.536259174e-02 5.092215538e-02 5.690369383e-02
 6.332208961e-02 7.019408047e-02 7.753868401e-02 8.537762612e-02 9.373594820e-02
 1.026426852e-01 1.121318266e-01 1.222435459e-01 1.330258548e-01 1.445367932e-01
 1.568475068e-01 1.700463891e-01 1.842446625e-01 1.995844543e-01 2.162497193e-01
 2.344810665e-01 2.545949519e-01 2.770047784e-01 3.022388816e-01 3.309504092e-01
 3.616420329e-01 3.851177692e-01 4.011909366e-01 4.102746248e-01 4.120672345e-01
 4.067797661e-01 3.933501840e-01 3.731411099e-01 3.557411432e-01 3.417541683e-01
-6.118647289e-03-1.100526843e-02-9.764604270e-03-7.306430954e-03-5.459438544e-03
-4.101264756e-03-3.113244195e-03-2.387453569e-03-1.832312206e-03-1.372927683e-03
-9.490897064e-04-5.125271273e-04-2.420766577e-05 5.479960237e-04 1.231176662e-03
 2.048810478e-03 3.021781566e-03 4.169082735e-03 5.508260801e-03 7.055665366e-03
 8.826554753e-03 1.083512511e-02 1.309451088e-02 1.561680157e-02 1.841307990e-02
 2.149350569e-02 2.486745082e-02 2.854372747e-02 3.253087029e-02 3.683749959e-02
 4.147265106e-02 4.644611478e-02 5.176879466e-02 5.745299906e-02 6.351278722e-02
 6.996426731e-02 7.682584971e-02 8.411863446e-02 9.186673164e-02 1.000978053e-01
 1.088437140e-01 1.181414127e-01 1.280342340e-01 1.385736316e-01 1.498215944e-01
 1.618540287e-01 1.747656167e-01 1.886766851e-01 2.037437409e-01 2.201753557e-01
 2.382576317e-01 2.583960593e-01 2.811833024e-01 3.074844480e-01 3.382191360e-01
 3.653805852e-01 3.858651519e-01 3.997139931e-01 4.067281187e-01 4.068683684e-01
 3.989241421e-01 3.822238147e-01 3.641607165e-01 3.490939438e-01 3.364386559e-01
-1.225656085e-02-1.740774140e-02-1.658963412e-02-1.418416761e-02-1.225119270e-02
-1.070571598e-02-9.447730146e-03-8.384176530e-03-7.435344625e-03-6.536358502e-03
-5.635791924e-03-4.693079740e-03-3.675802145e-03-2.557360334e-03-1.315224101e-03
 7.026397361e-05 1.616627327e-03 3.339664079e-03 5.253643729e-03 7.371391635e-03
 9.704324417e-03 1.226249617e-02 1.505466364e-02 1.808840409e-02 2.137026377e-02
 2.490595542e-02 2.870059758e-02 3.275901452e-02 3.708609194e-02 4.168716818e-02
 4.656848311e-02 5.173759535e-02 5.720381066e-02 6.297853589e-02 6.907555461e-02
 7.551126927e-02 8.230482787e-02 8.947821707e-02 9.705641866e-02 1.050676182e-01
 1.135435402e-01 1.225200444e-01 1.320379674e-01 1.421443671e-01 1.528941542e-01
 1.643525064e-01 1.765980124e-01 1.897270977e-01 2.038602829e-01 2.191514969e-01
 2.358025312e-01 2.540878057e-01 2.744049430e-01 2.974289060e-01 3.219851851e-01
 3.426182270e-01 3.584898114e-01 3.693110347e-01 3.749757409e-01 3.746613264e-01
 3.680778742e-01 3.559031487e-01 3.442066014e-01 3.335315287e-01 3.239241838e-01
-1.624877192e-02-2.176055871e-02-2.115098760e-02-1.910996810e-02-1.750051230e-02
-1.617587730e-02-1.501063351e-02-1.390859298e-02-1.280192006e-02-1.164488867e-02
-1.040681172e-02-9.066125378e-03-7.606156636e-03-6.012481172e-03-4.271548241e-03
-2.370196395e-03-2.957325778e-04 1.963719726e-03 4.418808036e-03 7.078613620e-03
 9.950462729e-03 1.303990372e-02 1.635081694e-02 1.988564059e-02 2.364562638e-02
 2.763114125e-02 3.184198216e-02 3.627773747e-02 4.093821719e-02 4.582398385e-02
 5.093695223e-02 5.628103390e-02 6.186273694e-02 6.769163162e-02 7.378067076e-02
 8.014620095e-02 8.680789173e-02 9.378837794e-02 1.011129618e-01 1.088092923e-01
 1.169071943e-01 1.254386455e-01 1.344379932e-01 1.439423263e-01 1.539919078e-01
 1.646307707e-01 1.759070754e-01 1.878730953e-01 2.005841732e-01 2.140952051e-01
 2.284515500e-01 2.436667383e-01 2.596683800e-01 2.761773467e-01 2.924001217e-01
 3.067692220e-01 3.183865547e-01 3.267806768e-01 3.316532969e-01 3.328601420e-01
 3.305383623e-01 3.258174360e-01 3.199717402e-01 3.136984706e-01 3.074147403e-01
-1.739359461e-02-2.327459119e-02-2.341279015e-02-2.233560942e-02-2.163703367e-02
-2.101308852e-02-2.028854564e-02-1.938191056e-02-1.826804131e-02-1.694954187e-02
-1.543897297e-02-1.374907326e-02-1.188807003e-02-9.858192876e-03-7.656153291e-03
-5.274685100e-03-2.704480197e-03 6.394836237e-05 3.038775641e-03 6.225880235e-03
 9.628403932e-03 1.324677374e-02 1.707906462e-02 2.112150192e-02 2.536894754e-02
 2.981530502e-02 3.445380926e-02 3.927731514e-02 4.427874461e-02 4.945174605e-02
 5.479164794e-02 6.029661372e-02 6.596872211e-02 7.181482762e-02 7.784699649e-02
 8.408230543e-02 9.054221958e-02 9.725148976e-02 1.042370349e-01 1.115266979e-01
 1.191484928e-01 1.271298826e-01 1.354974508e-01 1.442765594e-01 1.534908861e-01
 1.631616205e-01 1.733060181e-01 1.839346290e-01 1.950465739e-01 2.066214979e-01
 2.186062038e-01 2.308932841e-01 2.432902604e-01 2.554837465e-01 2.670258582e-01
 2.773955762e-01 2.861233354e-01 2.928711176e-01 2.974543571e-01 2.998583019e-01
 3.002627492e-01 2.990313768e-01 2.966112494e-01 2.934140265e-01 2.897641063e-01
-1.424003579e-02-2.006932907e-02-2.275397256e-02-2.436373197e-02-2.563987672e-02
-2.627605572e-02-2.620908618e-02-2.553010359e-02-2.436023019e-02-2.280887775e-02
-2.096244693e-02-1.888164133e-02-1.660259999e-02-1.414074004e-02-1.149625145e-02
-8.660050109e-03-5.619198084e-03-2.361217514e-03 1.122923801e-03 4.837159999e-03
 8.779939264e-03 1.294488739e-02 1.732212491e-02 2.189971134e-02 2.666470595e-02
 3.160362691e-02 3.670231253e-02 4.194557294e-02 4.731711373e-02 5.280025676e-02
 5.837959796e-02 6.404347718e-02 6.978652626e-02 7.561161369e-02 8.153072745e-02
 8.756452799e-02 9.374047816e-02 1.000901759e-01 1.066463143e-01 1.134401783e-01
 1.204999015e-01 1.278495789e-01 1.355088353e-01 1.434924603e-01 1.518098116e-01
 1.604638398e-01 1.694492400e-01 1.787495762e-01 1.883331239e-01 1.981469989e-01
 2.081095427e-01 2.181015909e-01 2.279586941e-01 2.374690324e-01 2.463832051e-01
 2.544396222e-01 2.613996565e-01 2.670806348e-01 2.713788152e-01 2.742815912e-01
 2.758675516e-01 2.762916386e-01 2.757553160e-01 2.744720578e-01 2.726404667e-01
-1.026910730e-02-1.634041779e-02-2.206028812e-02-2.759563923e-02-3.257716447e-02
-3.420157358e-02-3.426590562e-02-3.330112249e-02-3.164226562e-02-2.952474542e-02
-2.711210586e-02-2.450536378e-02-2.175133675e-02-1.885570213e-02-1.579861715e-02
-1.254885364e-02-9.074363858e-03-5.349350162e-03-1.358571579e-03 2.900645137e-03
 7.418782450e-03 1.217694953e-02 1.715135202e-02 2.231770009e-02 2.765383944e-02
 3.313988820e-02 3.875628114e-02 4.448071495e-02 5.028556287e-02 5.613752082e-02
 6.200102717e-02 6.784482300e-02 7.364886254e-02 7.940919697e-02 8.514000475e-02
 9.087272733e-02 9.665188193e-02 1.025276408e-01 1.085479409e-01 1.147531271e-01
 1.211739704e-01 1.278319657e-01 1.347402930e-01 1.419045627e-01 1.493230164e-01
 1.569860280e-01 1.648749560e-01 1.729603112e-01 1.811993420e-01 1.895330995e-01
 1.978836805e-01 2.061518878e-01 2.142170370e-01 2.219400406e-01 2.291709483e-01
 2.357609123e-01 2.415769696e-01 2.465160638e-01 2.505162358e-01 2.535623908e-01
 2.556860149e-01 2.569586039e-01 2.574802041e-01 2.573660612e-01 2.567337751e-01
-8.183895610e-03-1.505258121e-02-2.253848501e-02-3.103197180e-02-4.042213038e-02
-4.562021419e-02-4.570240155e-02-4.327303171e-02-4.027554393e-02-3.699535504e-02
-3.365625069e-02-3.037067503e-02-2.713959850e-02-2.389416657e-02-2.054076456e-02
-1.698914543e-02-1.316510886e-02-9.015774354e-03-4.513239954e-03 3.419832792e-04
 5.520648789e-03 1.097235084e-02 1.664103568e-02 2.248009108e-02 2.845876105e-02
 3.455946222e-02 4.076988250e-02 4.707232118e-02 5.343131721e-02 5.978408083e-02
 6.604665518e-02 7.214011252e-02 7.801353931e-02 8.365037292e-02 8.906957507e-02
 9.432888031e-02 9.952066094e-02 1.047472581e-01 1.100911647e-01 1.156055406e-01
 1.213200092e-01 1.272484511e-01 1.333941668e-01 1.397525072e-01 1.463119388e-01
 1.530540437e-01 1.599530578e-01 1.669746786e-01 1.740751863e-01 1.812001765e-01
 1.882839501e-01 1.952496916e-01 2.020105869e-01 2.084730119e-01 2.145410925e-01
 2.201229930e-01 2.251379639e-01 2.295228094e-01 2.332371920e-01 2.362664491e-01
 2.386215925e-01 2.403366864e-01 2.414639443e-01 2.420677245e-01 2.422183007e-01
-5.537457298e-03-1.259815600e-02-2.056404203e-02-2.990495227e-02-4.098995030e-02
-4.933033139e-02-5.362051353e-02-5.369173363e-02-4.952474684e-02-4.420266300e-02
-3.955977783e-02-3.568369150e-02-3.229591250e-02-2.906910330e-02-2.574555762e-02
-2.214655094e-02-1.814697497e-02-1.365763322e-02-8.623646572e-03-3.040713957e-03
 3.016111907e-03 9.393163957e-03 1.593423076e-02 2.255181409e-02 2.922483161e-02
 3.596997261e-02 4.281983897e-02 4.980703443e-02 5.694104731e-02 6.413365155e-02
 7.109592855e-02 7.760196924e-02 8.358300477e-02 8.901770413e-02 9.390773624e-02
 9.831528366e-02 1.024971306e-01 1.067776978e-01 1.112744734e-01 1.160103530e-01
 1.209826395e-01 1.261800081e-01 1.315873116e-01 1.371864676e-01 1.429562569e-01
 1.488716751e-01 1.549030244e-01 1.610153019e-01 1.671674848e-01 1.733123660e-01
 1.793963909e-01 1.853605211e-01 1.911414117e-01 1.966735721e-01 2.018922865e-01
 2.067368627e-01 2.111544013e-01 2.151029706e-01 2.185542136e-01 2.214948684e-01
 2.239268571e-01 2.258661836e-01 2.273407131e-01 2.283872515e-01 2.290484160e-01
-1.507266657e-03-7.958067581e-03-1.506109256e-02-2.292812243e-02-3.155762330e-02
-4.073720053e-02-4.881088808e-02-5.286910757e-02-5.245310441e-02-4.718437791e-02
-4.207425937e-02-3.896514326e-02-3.676973656e-02-3.445106000e-02-3.173276410e-02
-2.848299593e-02-2.459229529e-02-1.994505897e-02-1.440835744e-02-7.837137207e-03
-1.811646798e-04 7.805100642e-03 1.548536122e-02 2.290433086e-02 3.018052690e-02
 3.743454069e-02 4.478675500e-02 5.236855522e-02 6.034611166e-02 6.894141436e-02
 7.691910863e-02 8.389384300e-02 9.000602365e-02 9.518997371e-02 9.941430390e-02
 1.025366783e-01 1.050274074e-01 1.081901193e-01 1.118220761e-01 1.158132032e-01
 1.200958788e-01 1.246239468e-01 1.293624640e-01 1.342816949e-01 1.393534243e-01
 1.445487738e-01 1.498368382e-01 1.551838219e-01 1.605526656e-01 1.659029722e-01
 1.711912304e-01 1.763713956e-01 1.813959628e-01 1.862172782e-01 1.907893419e-01
 1.950696409e-01 1.990211904e-01 2.026141882e-01 2.058275044e-01 2.086493522e-01
 2.110774815e-01 2.131187469e-01 2.147879153e-01 2.161063105e-01 2.170999944e-01
 3.669607220e-03-1.734969439e-03-7.520346437e-03-1.368293446e-02-2.013929188e-02
-2.671822533e-02-3.317334130e-02-3.920600563e-02-4.257160798e-02-4.026133567e-02
-3.750037402e-02-3.686616570e-02-3.705123067e-02-3.609827533e-02-3.425343335e-02
-3.158101067e-02-2.803443000e-02-2.350877784e-02-1.782451943e-02-1.064307615e-02
-1.340103801e-03 8.129044436e-03 1.648032293e-02 2.422597259e-02 3.166896105e-02
 3.901461512e-02 4.643132165e-02 5.408707261e-02 6.218055263e-02 7.092121243e-02
 7.902182639e-02 8.601859957e-02 9.203714877e-02 9.704007953e-02 1.009558290e-01
 1.036147475e-01 1.055863500e-01 1.082232371e-01 1.113432720e-01 1.148191690e-01
 1.185731515e-01 1.225560084e-01 1.267326772e-01 1.310737729e-01 1.355514228e-01
 1.401372105e-01 1.448015124e-01 1.495131403e-01 1.542392075e-01 1.589452922e-01
 1.635956615e-01 1.681537181e-01 1.725827903e-01 1.768468767e-01 1.809118390e-01
 1.847463846e-01 1.883232296e-01 1.916200519e-01 1.946202517e-01 1.973134875e-01
 1.996956319e-01 2.017686814e-01 2.035401464e-01 2.050222605e-01 2.062310278e-01
 0.192754340E+01 0.195437503E+01 0.197132957E+01 0.198996735E+01 0.200876689E+01
 0.203098512E+01 0.204960442E+01 0.206684661E+01 0.208581161E+01 0.210345626E+01
 0.212175512E+01 0.214025450E+01 0.215815997E+01 0.217667246E+01 0.219552422E+01
 0.221407747E+01 0.223306108E+01 0.225241089E+01 0.227188540E+01 0.229144001E+01
 0.231172228E+01 0.233235860E+01 0.235332346E+01 0.237464523E+01 0.239677572E+01
 0.241945410E+01 0.244268036E+01 0.246649981E+01 0.249121404E+01 0.251688194E+01
 0.254333425E+01 0.257064581E+01 0.259904003E+01 0.262866712E+01 0.265946174E+01
 0.269159675E+01 0.272508097E+01 0.276016283E+01 0.279694438E+01 0.283558583E+01
 0.287611532E+01 0.291890717E+01 0.296402884E+01 0.301180100E+01 0.306241059E+01
 0.311616516E+01 0.317350292E+01 0.323473072E+01 0.330045986E+01 0.337108231E+01
 0.344753122E+01 0.353030634E+01 0.362069583E+01 0.371965003E+01 0.382893586E+01
 0.395078611E+01 0.408756828E+01 0.424352741E+01 0.442431784E+01 0.463873196E+01
 0.490011215E+01 0.523742437E+01 0.570845747E+01 0.650303936E+01 0.119995136E+02
   91   86
 0.107557034E+01-0.100000001E+00 0.107397175E+01 0.000000000E+00 0.107854354E+01
 0.911221504E-01 0.108422875E+01 0.150000006E+00 0.109921455E+01 0.250000000E+00
 0.110872746E+01 0.300000012E+00 0.112960351E+01 0.397425205E+00 0.114165592E+01
 0.449999988E+00 0.115875006E+01 0.521569073E+00 0.117839706E+01 0.600000024E+00
 0.119149244E+01 0.649999976E+00 0.121187496E+01 0.724812627E+00 0.123491931E+01
 0.799035430E+00 0.125330734E+01 0.850000024E+00 0.127636099E+01 0.899999976E+00
 0.131301761E+01 0.948875487E+00 0.134468746E+01 0.970606089E+00 0.139781249E+01
 0.980173886E+00 0.145093751E+01 0.975085557E+00 0.150406253E+01 0.961402953E+00
 0.153495395E+01 0.949811459E+00 0.158375001E+01 0.930758536E+00 0.163687503E+01
 0.904219866E+00 0.166343749E+01 0.889541984E+00 0.171656251E+01 0.856946826E+00
 0.174312496E+01 0.838960886E+00 0.179558992E+01 0.800000012E+00 0.182281256E+01
 0.779220104E+00 0.185710919E+01 0.750000000E+00 0.190250003E+01 0.709542990E+00
 0.192906249E+01 0.683771431E+00 0.196162128E+01 0.649999976E+00 0.200592446E+01
 0.600000024E+00 0.203531241E+01 0.564213932E+00 0.206187510E+01 0.528554201E+00
 0.208843756E+01 0.489587665E+00 0.211500502E+01 0.446904004E+00 0.214214516E+01
 0.399004877E+00 0.216843605E+01 0.347234309E+00 0.219468760E+01 0.288853705E+00
 0.222125006E+01 0.220549405E+00 0.224339604E+01 0.150000006E+00 0.225532198E+01
 0.100000001E+00 0.226726198E+01 0.000000000E+00 0.226349235E+01-0.100000001E+00
 0.224781251E+01-0.187060267E+00 0.223161411E+01-0.250000000E+00 0.221566582E+01
-0.300000012E+00 0.219468760E+01-0.358450830E+00 0.216812491E+01-0.422468007E+00
 0.214156246E+01-0.478635132E+00 0.211500001E+01-0.528469920E+00 0.208843756E+01
-0.573193669E+00 0.206187510E+01-0.613794863E+00 0.203456926E+01-0.651906133E+00
 0.199700773E+01-0.699999988E+00 0.195640028E+01-0.748426497E+00 0.192906249E+01
-0.779216886E+00 0.190250003E+01-0.807632744E+00 0.186026073E+01-0.850000024E+00
 0.182281256E+01-0.886378765E+00 0.179624999E+01-0.910651207E+00 0.174992537E+01
-0.949532807E+00 0.171656251E+01-0.976903141E+00 0.168435395E+01-0.100000000E+01
 0.163687503E+01-0.103359306E+01 0.160737777E+01-0.105174923E+01 0.155718756E+01
-0.108136940E+01 0.151956320E+01-0.110000002E+01 0.147749996E+01-0.112127674E+01
 0.142437506E+01-0.114292741E+01 0.139624143E+01-0.115343916E+01 0.134468746E+01
-0.117129183E+01 0.129156256E+01-0.118348491E+01 0.123843753E+01-0.118847394E+01
 0.118278360E+01-0.118075156E+01 0.115369201E+01-0.117388093E+01 0.115875006E+01
-0.114460278E+01 0.117445564E+01-0.104999995E+01 0.117853677E+01-0.949999988E+00
 0.117418563E+01-0.850000024E+00 0.116410017E+01-0.750000000E+00 0.115694380E+01
-0.695860386E+00 0.114265561E+01-0.600000024E+00 0.113218749E+01-0.534518778E+00
 0.111838949E+01-0.449999988E+00 0.110562503E+01-0.369834632E+00 0.109508479E+01
-0.300000012E+00 0.108297467E+01-0.200000003E+00 0.107821953E+01-0.142854273E+00
 0.107557034E+01-0.100000001E+00
 0.101600003E+01 0.000000000E+00 0.101600003E+01 0.963999987E+00 0.101600003E+01
 0.967999995E+00 0.101600003E+01 0.100100005E+01 0.101600003E+01 0.101900005E+01
 0.101600003E+01 0.107700002E+01 0.101600003E+01 0.107000005E+01 0.101600003E+01
 0.109599996E+01 0.101600003E+01 0.111300004E+01 0.101600003E+01 0.113800001E+01
 0.101600003E+01 0.114699996E+01 0.101199996E+01 0.116499996E+01 0.100100005E+01
 0.121700001E+01 0.102900004E+01 0.121700001E+01 0.104200006E+01 0.116240001E+01
 0.104600000E+01 0.116237998E+01 0.105599999E+01 0.116260004E+01 0.109700000E+01
 0.116450000E+01 0.110800004E+01 0.116594005E+01 0.111600006E+01 0.116591001E+01
 0.113399994E+01 0.116895998E+01 0.114800000E+01 0.117174995E+01 0.116199994E+01
 0.117556000E+01 0.118099999E+01 0.118299997E+01 0.118200004E+01 0.118350005E+01
 0.118499994E+01 0.118499994E+01 0.119000006E+01 0.118799996E+01 0.119500005E+01
 0.119099998E+01 0.120099998E+01 0.119599998E+01 0.120899999E+01 0.120200002E+01
 0.121500003E+01 0.120799994E+01 0.122200000E+01 0.121399999E+01 0.122800004E+01
 0.122099996E+01 0.123399997E+01 0.123099995E+01 0.123899996E+01 0.123800004E+01
 0.124199998E+01 0.124399996E+01 0.124800003E+01 0.125399995E+01 0.125800002E+01
 0.127800000E+01 0.126300001E+01 0.128999996E+01 0.127999997E+01 0.133099997E+01
 0.127999997E+01 0.134700000E+01 0.127999997E+01 0.134800005E+01 0.130999994E+01
 0.134800005E+01 0.132799995E+01 0.134800005E+01 0.136099994E+01 0.134800005E+01
 0.138000000E+01 0.134800005E+01 0.141900003E+01 0.134800005E+01 0.141900003E+01
 0.130999994E+01 0.137199998E+01 0.130999994E+01 0.137199998E+01 0.129200006E+01
 0.160800004E+01 0.109500003E+01 0.164699996E+01 0.107700002E+01 0.178499997E+01
 0.107700002E+01 0.206999993E+01 0.103999996E+01 0.212800002E+01 0.992999971E+00
 0.224499989E+01 0.708999991E+00 0.232299995E+01 0.518999994E+00 0.237700009E+01
 0.388999999E+00 0.236249995E+01 0.400000006E+00 0.236443496E+01 0.222000003E+00
 0.236496902E+01 0.133000001E+00 0.236532402E+01 0.439999998E-01 0.236512089E+01
-0.439999998E-01 0.236484194E+01-0.133000001E+00 0.236433411E+01-0.222000003E+00
 0.236249995E+01-0.400000006E+00 0.237700009E+01-0.388999999E+00 0.213400006E+01
-0.972999990E+00 0.178600001E+01-0.117400002E+01 0.176800001E+01-0.121099997E+01
 0.176800001E+01-0.125000000E+01 0.168200004E+01-0.125000000E+01 0.137199998E+01
-0.125000000E+01 0.137199998E+01-0.132900000E+01 0.141999996E+01-0.132900000E+01
 0.141999996E+01-0.136300004E+01 0.127300000E+01-0.136300004E+01 0.115300000E+01
-0.136300004E+01 0.101600003E+01-0.122300005E+01 0.101600003E+01-0.122300005E+01
 0.101600003E+01-0.829999983E+00 0.101600003E+01-0.800000012E+00 0.101600003E+01
-0.414999992E+00 0.101600003E+01-0.400000006E+00 0.101600003E+01-0.100000005E-02
 0.101600003E+01 0.000000000E+00
    0 0.169550002E+01    0
 0.000000000E+00 0.100826502E+00 0.143159315E+00 0.175845250E+00 0.203594148E+00
 0.226905107E+00 0.249459684E+00 0.270249218E+00 0.289848685E+00 0.308197618E+00
 0.325781494E+00 0.342584252E+00 0.358695567E+00 0.374293059E+00 0.389408201E+00
 0.404009938E+00 0.418246716E+00 0.432206869E+00 0.445765346E+00 0.459037572E+00
 0.472058237E+00 0.484903276E+00 0.497466832E+00 0.509820819E+00 0.522013903E+00
 0.534060180E+00 0.545940995E+00 0.557667077E+00 0.569259524E+00 0.580763161E+00
 0.592142463E+00 0.603429198E+00 0.614627719E+00 0.625754058E+00 0.636803925E+00
 0.647801697E+00 0.658733547E+00 0.669639349E+00 0.680504680E+00 0.691355944E+00
 0.702164888E+00 0.712978959E+00 0.723785162E+00 0.734611511E+00 0.745446026E+00
 0.756316543E+00 0.767221272E+00 0.778165817E+00 0.789184451E+00 0.800261974E+00
 0.811444581E+00 0.822717428E+00 0.834130406E+00 0.845668435E+00 0.857374787E+00
 0.869279206E+00 0.881406307E+00 0.893800378E+00 0.906523943E+00 0.919643164E+00
 0.933220565E+00 0.947458744E+00 0.962578714E+00 0.979115844E+00 0.100000000E+01
    0
