  EFITD    06/25/2013    #1553313000.0ms  EFIT01   0  65  65
 0.170000005E+01 0.320000005E+01 0.169550002E+01 0.839999974E+00 0.000000000E+00
 0.182011366E+01-0.419981070E-01-0.178770214E+00 0.119725324E-02 0.165897822E+01
 0.102308650E+07-0.178770214E+00 0.000000000E+00 0.182011366E+01 0.000000000E+00
-0.419981070E-01 0.000000000E+00 0.119725324E-02 0.000000000E+00 0.000000000E+00
 0.275531459E+01 0.275801897E+01 0.276062799E+01 0.276314354E+01 0.276556778E+01
 0.276790237E+01 0.277014947E+01 0.277231097E+01 0.277438879E+01 0.277638483E+01
 0.277830100E+01 0.278013897E+01 0.278190136E+01 0.278358912E+01 0.278520441E+01
 0.278674936E+01 0.278822565E+01 0.278963494E+01 0.279097915E+01 0.279226017E+01
 0.279347992E+01 0.279463959E+01 0.279574156E+01 0.279678750E+01 0.279777908E+01
 0.279871821E+01 0.279960632E+01 0.280044556E+01 0.280123734E+01 0.280198383E+01
 0.280268621E+01 0.280334663E+01 0.280396676E+01 0.280454826E+01 0.280509305E+01
 0.280560255E+01 0.280607867E+01 0.280652332E+01 0.280693769E+01 0.280732393E+01
 0.280768347E+01 0.280801845E+01 0.280833006E+01 0.280862045E+01 0.280889130E+01
 0.280914378E+01 0.280938029E+01 0.280960226E+01 0.280981112E+01 0.281000900E+01
 0.281019735E+01 0.281037807E+01 0.281055260E+01 0.281072307E+01 0.281089067E+01
 0.281105733E+01 0.281122494E+01 0.281139493E+01 0.281156921E+01 0.281174946E+01
 0.281193709E+01 0.281213403E+01 0.281234169E+01 0.281256247E+01 0.281279755E+01
 0.109631922E+06 0.106643547E+06 0.103695672E+06 0.100788266E+06 0.979213594E+05
 0.950949375E+05 0.923090000E+05 0.895635547E+05 0.868586016E+05 0.841941328E+05
 0.815701484E+05 0.789866562E+05 0.764436484E+05 0.739411328E+05 0.714791016E+05
 0.690575625E+05 0.666765078E+05 0.643359453E+05 0.620358672E+05 0.597762812E+05
 0.575571797E+05 0.553785703E+05 0.532404453E+05 0.511428047E+05 0.490856562E+05
 0.470690000E+05 0.450928281E+05 0.431571445E+05 0.412619492E+05 0.394072422E+05
 0.375930234E+05 0.358192891E+05 0.340860469E+05 0.323932949E+05 0.307410273E+05
 0.291292500E+05 0.275579590E+05 0.260271562E+05 0.245368418E+05 0.230870156E+05
 0.216776777E+05 0.203088281E+05 0.189804668E+05 0.176925918E+05 0.164452070E+05
 0.152383086E+05 0.140719004E+05 0.129459785E+05 0.118605459E+05 0.108156006E+05
 0.981114355E+04 0.884717480E+04 0.792369434E+04 0.704070215E+04 0.619819775E+04
 0.539618115E+04 0.463465332E+04 0.391361304E+04 0.323306104E+04 0.259299731E+04
 0.199342163E+04 0.143433398E+04 0.915734619E+03 0.437623260E+03 0.000000000E+00
 0.270884061E+01 0.261615419E+01 0.252518845E+01 0.243594360E+01 0.234841919E+01
 0.226261568E+01 0.217853308E+01 0.209617090E+01 0.201552963E+01 0.193660891E+01
 0.185940886E+01 0.178392971E+01 0.171017134E+01 0.163813353E+01 0.156781650E+01
 0.149922025E+01 0.143234468E+01 0.136718976E+01 0.130375564E+01 0.124204218E+01
 0.118204951E+01 0.112377751E+01 0.106722617E+01 0.101239574E+01 0.959285855E+00
 0.907896757E+00 0.858228385E+00 0.810280740E+00 0.764053822E+00 0.719547629E+00
 0.676762104E+00 0.635697365E+00 0.596353292E+00 0.558730006E+00 0.522827387E+00
 0.488645494E+00 0.456184298E+00 0.425443858E+00 0.396424145E+00 0.369125128E+00
 0.343546867E+00 0.319689304E+00 0.297552466E+00 0.277136356E+00 0.258440942E+00
 0.241466269E+00 0.226212323E+00 0.212679088E+00 0.200866580E+00 0.190774783E+00
 0.182403713E+00 0.175753385E+00 0.170823753E+00 0.167614847E+00 0.166126668E+00
 0.166359201E+00 0.168312460E+00 0.171986431E+00 0.177381143E+00 0.184496582E+00
 0.193332717E+00 0.203889579E+00 0.216167182E+00 0.230165482E+00 0.245884508E+00
-0.107091888E+07-0.105649425E+07-0.104206962E+07-0.102764506E+07-0.101322044E+07
-0.998795875E+06-0.984371250E+06-0.969946625E+06-0.955522062E+06-0.941097438E+06
-0.926672875E+06-0.912248250E+06-0.897823625E+06-0.883399000E+06-0.868974438E+06
-0.854549875E+06-0.840125250E+06-0.825700625E+06-0.811276000E+06-0.796851438E+06
-0.782426812E+06-0.768002250E+06-0.753577688E+06-0.739153062E+06-0.724728500E+06
-0.710303812E+06-0.695879250E+06-0.681454625E+06-0.667030062E+06-0.652605500E+06
-0.638180875E+06-0.623756250E+06-0.609331625E+06-0.594907062E+06-0.580482438E+06
-0.566057875E+06-0.551633250E+06-0.537208625E+06-0.522784062E+06-0.508359469E+06
-0.493934875E+06-0.479510250E+06-0.465085656E+06-0.450661062E+06-0.436236438E+06
-0.421811844E+06-0.407387250E+06-0.392962656E+06-0.378538062E+06-0.364113469E+06
-0.349688875E+06-0.335264250E+06-0.320839656E+06-0.306415062E+06-0.291990469E+06
-0.277565875E+06-0.263141250E+06-0.248716656E+06-0.234292062E+06-0.219867469E+06
-0.205442859E+06-0.191018266E+06-0.176593672E+06-0.162169062E+06-0.147744469E+06
 3.553441912e-02 3.420991823e-02 3.294268996e-02 3.167200834e-02 3.032668866e-02
 2.881218493e-02 2.699458785e-02 2.468820848e-02 2.096698806e-02 1.477575488e-02
 7.322223857e-03-1.556495437e-03-1.052726340e-02-1.674253680e-02-2.082636766e-02
-2.304559574e-02-2.346864529e-02-2.204356715e-02-1.856182143e-02-1.255901717e-02
-3.125047311e-03 6.816915702e-03 1.504302025e-02 2.231501788e-02 2.905912697e-02
 3.553806618e-02 4.194023460e-02 4.842612147e-02 5.516073853e-02 6.231965125e-02
 6.904115528e-02 7.505230606e-02 8.045756817e-02 8.520732075e-02 8.926961571e-02
 9.254307300e-02 9.537059069e-02 9.867494553e-02 1.023218483e-01 1.062321514e-01
 1.103602946e-01 1.146784201e-01 1.191660240e-01 1.238038987e-01 1.285713017e-01
 1.334450096e-01 1.383989751e-01 1.434045136e-01 1.484304070e-01 1.534430683e-01
 1.584070027e-01 1.632852256e-01 1.680400968e-01 1.726341248e-01 1.770311296e-01
 1.811973453e-01 1.851027012e-01 1.887219548e-01 1.920354217e-01 1.950298548e-01
 1.976984739e-01 2.000410855e-01 2.020634562e-01 2.037766874e-01 2.051962018e-01
 3.203316778e-02 3.072549962e-02 2.969646454e-02 2.893947437e-02 2.839843929e-02
 2.794208191e-02 2.692671120e-02 2.444173396e-02 2.020158246e-02 1.401782036e-02
 7.306059357e-03 4.453499569e-04-5.935019348e-03-1.082283724e-02-1.413667109e-02
-1.591377519e-02-1.615622081e-02-1.481196471e-02-1.177386940e-02-6.899316330e-03
-1.811599359e-04 7.217823528e-03 1.424442139e-02 2.089635655e-02 2.730267495e-02
 3.359540179e-02 3.989856690e-02 4.633687437e-02 5.305342004e-02 6.020426750e-02
 6.696139276e-02 7.304352522e-02 7.854562253e-02 8.345317096e-02 8.772699535e-02
 9.126093239e-02 9.442947805e-02 9.810983390e-02 1.021769643e-01 1.065506712e-01
 1.111813337e-01 1.160354465e-01 1.210873947e-01 1.263144314e-01 1.316936165e-01
 1.372001022e-01 1.428059638e-01 1.484795511e-01 1.541852802e-01 1.598835886e-01
 1.655310839e-01 1.710811704e-01 1.764850616e-01 1.816930771e-01 1.866564006e-01
 1.913290322e-01 1.956698895e-01 1.996447742e-01 2.032279521e-01 2.064033151e-01
 2.091647685e-01 2.115159333e-01 2.134693414e-01 2.150449157e-01 2.162683606e-01
 2.741848677e-02 2.610710636e-02 2.533959970e-02 2.523400076e-02 2.578702010e-02
 2.553088032e-02 2.406096831e-02 2.125117928e-02 1.700758375e-02 1.234777365e-02
 7.793739438e-03 3.528675763e-03-2.322855871e-04-3.245790023e-03-5.328480154e-03
-6.371185184e-03-6.310524419e-03-5.111033563e-03-2.769817831e-03 6.535233697e-04
 4.989544861e-03 9.956062771e-03 1.526913978e-02 2.075176314e-02 2.633266523e-02
 3.200321645e-02 3.778516501e-02 4.371166229e-02 4.981072247e-02 5.604609102e-02
 6.214618683e-02 6.793241203e-02 7.337880880e-02 7.847779244e-02 8.322499692e-02
 8.764283359e-02 9.194943309e-02 9.644845873e-02 1.012004986e-01 1.062062904e-01
 1.114561930e-01 1.169376075e-01 1.226362437e-01 1.285357475e-01 1.346168369e-01
 1.408563107e-01 1.472261995e-01 1.536929011e-01 1.602165550e-01 1.667505950e-01
 1.732417047e-01 1.796302497e-01 1.858514100e-01 1.918371320e-01 1.975188702e-01
 2.028309256e-01 2.077142447e-01 2.121200413e-01 2.160128653e-01 2.193725854e-01
 2.221951634e-01 2.244918942e-01 2.262875140e-01 2.276174575e-01 2.285244614e-01
 2.102671377e-02 1.945361681e-02 1.868585125e-02 1.878651232e-02 1.951312646e-02
 1.914664358e-02 1.738768816e-02 1.496021543e-02 1.235546730e-02 9.667617269e-03
 7.019232493e-03 4.548781086e-03 2.401053673e-03 7.161892718e-04-3.842079896e-04
-8.065760485e-04-4.882906796e-04 6.015409017e-04 2.459314419e-03 5.042469595e-03
 8.268845268e-03 1.202770509e-02 1.620298997e-02 2.069660276e-02 2.543916926e-02
 3.038767353e-02 3.551611677e-02 4.080355912e-02 4.622061923e-02 5.171732232e-02
 5.722530559e-02 6.268169731e-02 6.804846227e-02 7.331435382e-02 7.849419117e-02
 8.363308758e-02 8.880602568e-02 9.409587085e-02 9.956561774e-02 1.052524820e-01
 1.111752391e-01 1.173410788e-01 1.237495020e-01 1.303939372e-01 1.372620910e-01
 1.443356276e-01 1.515892595e-01 1.589896083e-01 1.664940119e-01 1.740491390e-01
 1.815901101e-01 1.890402138e-01 1.963117123e-01 2.033083141e-01 2.099293768e-01
 2.160758674e-01 2.216576189e-01 2.266003937e-01 2.308520377e-01 2.343865633e-01
 2.372052073e-01 2.393347919e-01 2.408233434e-01 2.417342067e-01 2.421394438e-01
 1.194214355e-02 9.686360136e-03 8.888673969e-03 9.239798412e-03 9.991866536e-03
 9.976341389e-03 9.555598721e-03 8.801018819e-03 7.793049794e-03 6.624165457e-03
 5.397100002e-03 4.220585804e-03 3.203857690e-03 2.450597007e-03 2.052977215e-03
 2.086726949e-03 2.607702743e-03 3.649801482e-03 5.223935470e-03 7.318400778e-03
 9.901565500e-03 1.292752475e-02 1.634394750e-02 2.009978518e-02 2.415037155e-02
 2.845891565e-02 3.299489245e-02 3.773070127e-02 4.263823107e-02 4.768722132e-02
 5.284706503e-02 5.809159949e-02 6.340436637e-02 6.878200173e-02 7.423552871e-02
 7.978970557e-02 8.547961712e-02 9.134451300e-02 9.742119908e-02 1.037398204e-01
 1.103226393e-01 1.171845421e-01 1.243338883e-01 1.317729950e-01 1.394980848e-01
 1.474985480e-01 1.557557136e-01 1.642409414e-01 1.729130745e-01 1.817155480e-01
 1.905731559e-01 1.993893236e-01 2.080449611e-01 2.164000720e-01 2.242999077e-01
 2.315858155e-01 2.381098568e-01 2.437500805e-01 2.484237552e-01 2.520955801e-01
 2.547799945e-01 2.565367222e-01 2.574606538e-01 2.576678991e-01 2.572822869e-01
-2.109624911e-03-6.613207981e-03-5.014948547e-03-2.057160484e-03 1.678463304e-04
 1.788637019e-03 2.860801760e-03 3.469580784e-03 3.710734425e-03 3.683288582e-03
 3.487098496e-03 3.220836166e-03 2.979549579e-03 2.851871308e-03 2.917198930e-03
 3.243187908e-03 3.883822821e-03 4.878238775e-03 6.250402890e-03 8.009795099e-03
 1.015317626e-02 1.266738772e-02 1.553277206e-02 1.872655377e-02 2.222549543e-02
 2.600741945e-02 3.005168959e-02 3.433900326e-02 3.885108978e-02 4.357089847e-02
 4.848354310e-02 5.357794464e-02 5.884859711e-02 6.429693848e-02 6.993187219e-02
 7.576927543e-02 8.183050901e-02 8.814010769e-02 9.472341835e-02 1.016045511e-01
 1.088051349e-01 1.163436249e-01 1.242349967e-01 1.324904412e-01 1.411168128e-01
 1.501155496e-01 1.594809890e-01 1.691976488e-01 1.792363077e-01 1.895484328e-01
 2.000587583e-01 2.106564790e-01 2.211863548e-01 2.314435244e-01 2.411784679e-01
 2.501174212e-01 2.579964101e-01 2.645978630e-01 2.697789669e-01 2.734886408e-01
 2.757729888e-01 2.767658830e-01 2.766636014e-01 2.756885886e-01 2.740577459e-01
-1.290337276e-02-1.873977855e-02-1.608709991e-02-1.107661799e-02-7.225670852e-03
-4.298795480e-03-2.112032147e-03-5.248808884e-04 5.830691662e-04 1.321753953e-03
 1.794045907e-03 2.096645301e-03 2.319782507e-03 2.546391916e-03 2.851082012e-03
 3.299105447e-03 3.945521079e-03 4.834692460e-03 6.000231020e-03 7.465435658e-03
 9.244245477e-03 1.134265773e-02 1.376051363e-02 1.649346203e-02 1.953454129e-02
 2.287534997e-02 2.650689334e-02 3.042021208e-02 3.460688889e-02 3.905960545e-02
 4.377285391e-02 4.874373972e-02 5.397280678e-02 5.946464092e-02 6.522814929e-02
 7.127637416e-02 7.762599736e-02 8.429646492e-02 9.130906314e-02 9.868606925e-02
 1.064501107e-01 1.146236807e-01 1.232289821e-01 1.322875917e-01 1.418201327e-01
 1.518456638e-01 1.623802632e-01 1.734346747e-01 1.850102842e-01 1.970919222e-01
 2.096363008e-01 2.225529552e-01 2.356756926e-01 2.487258613e-01 2.612845600e-01
 2.728218436e-01 2.828117609e-01 2.908427119e-01 2.966578007e-01 3.001700342e-01
 3.014864922e-01 3.009195328e-01 2.989184856e-01 2.959387600e-01 2.923586369e-01
-1.795067266e-02-2.428069711e-02-2.117200755e-02-1.562270522e-02-1.113839541e-02
-7.579714525e-03-4.815940280e-03-2.719600685e-03-1.170982956e-03-5.889812019e-05
 7.195713697e-04 1.259720186e-03 1.649174374e-03 1.968009630e-03 2.288821619e-03
 2.676503267e-03 3.188007977e-03 3.872201312e-03 4.769856576e-03 5.913810339e-03
 7.329261862e-03 9.034236893e-03 1.104048826e-02 1.335614733e-02 1.598628052e-02
 1.893344708e-02 2.219839580e-02 2.578099817e-02 2.968093380e-02 3.389821947e-02
 3.843376786e-02 4.328997433e-02 4.847128317e-02 5.398463458e-02 5.983971059e-02
 6.604908407e-02 7.262813300e-02 7.959488034e-02 8.696979284e-02 9.477562457e-02
 1.030373350e-01 1.117822602e-01 1.210402921e-01 1.308443695e-01 1.412309408e-01
 1.522406191e-01 1.639185548e-01 1.763146818e-01 1.894830167e-01 2.034791559e-01
 2.183532119e-01 2.341330498e-01 2.507826984e-01 2.681057453e-01 2.855408192e-01
 3.016520739e-01 3.151537180e-01 3.254415691e-01 3.321372867e-01 3.350254297e-01
 3.341022730e-01 3.300620914e-01 3.244080842e-01 3.180468082e-01 3.115251064e-01
-1.794923283e-02-2.436147258e-02-2.146579698e-02-1.591458544e-02-1.137577370e-02
-7.757831365e-03-4.948409274e-03-2.827886259e-03-1.279379823e-03-1.937923953e-04
 5.278995959e-04 9.784256108e-04 1.241248217e-03 1.392336562e-03 1.502159401e-03
 1.635231893e-03 1.850115019e-03 2.199402079e-03 2.729715314e-03 3.481630003e-03
 4.489273299e-03 5.778858904e-03 7.364212070e-03 9.263684042e-03 1.149222255e-02
 1.406076737e-02 1.697655395e-02 2.024591155e-02 2.387479879e-02 2.786866389e-02
 3.223275393e-02 3.697284311e-02 4.209581390e-02 4.761006683e-02 5.352590233e-02
 5.985581130e-02 6.661472470e-02 7.382019609e-02 8.149261773e-02 8.965553343e-02
 9.833598882e-02 1.075652018e-01 1.173793972e-01 1.278210133e-01 1.389402896e-01
 1.507975161e-01 1.634660065e-01 1.770361364e-01 1.916211545e-01 2.073653936e-01
 2.244570404e-01 2.431488484e-01 2.637974620e-01 2.869601250e-01 3.131172061e-01
 3.367579281e-01 3.554581404e-01 3.690792918e-01 3.773267269e-01 3.795327842e-01
 3.754928410e-01 3.641992211e-01 3.516801298e-01 3.401532769e-01 3.297398090e-01
-1.357386541e-02-1.989019848e-02-1.729124039e-02-1.206233911e-02-7.926093414e-03
-4.764221143e-03-2.423929051e-03-7.620000397e-04 3.485934576e-04 1.018949668e-03
 1.328052836e-03 1.374687650e-03 1.230397495e-03 9.589574765e-04 6.294976920e-04
 3.054330591e-04 4.629173782e-05-9.222351946e-05-5.799985956e-05 1.980958041e-04
 7.236585952e-04 1.568139298e-03 2.687146654e-03 4.137353972e-03 5.945425015e-03
 8.129397407e-03 1.069292519e-02 1.364692673e-02 1.700408757e-02 2.077422477e-02
 2.496429719e-02 2.958151698e-02 3.463376686e-02 4.012969881e-02 4.607929662e-02
 5.249432474e-02 5.938873440e-02 6.677905470e-02 7.468482107e-02 8.312909305e-02
 9.213907272e-02 1.017471254e-01 1.119918674e-01 1.229199171e-01 1.345881522e-01
 1.470668614e-01 1.604441702e-01 1.748324931e-01 1.903777868e-01 2.072739303e-01
 2.257850766e-01 2.462821752e-01 2.693033218e-01 2.956424356e-01 3.263987899e-01
 3.579488099e-01 3.824371099e-01 3.997645974e-01 4.100825191e-01 4.132757783e-01
 4.083082974e-01 3.945811391e-01 3.746133745e-01 3.577514887e-01 3.436433673e-01
-4.691381939e-03-1.085660141e-02-8.163985796e-03-3.727296833e-03-6.689965376e-04
 1.375408494e-03 2.656723373e-03 3.351605497e-03 3.588001709e-03 3.463135101e-03
 3.053868189e-03 2.426941879e-03 1.639069989e-03 7.398339221e-04-2.114021918e-04
-1.155136386e-03-2.034031553e-03-2.793095540e-03-3.379911417e-03-3.744971473e-03
-3.842351958e-03-3.631389700e-03-3.081166651e-03-2.153056674e-03-8.071040502e-04
 1.001455588e-03 3.195778932e-03 5.811141804e-03 8.883362636e-03 1.242640801e-02
 1.643788256e-02 2.092499100e-02 2.589630149e-02 3.135885298e-02 3.732078522e-02
 4.379185289e-02 5.078383535e-02 5.831092596e-02 6.639018655e-02 7.504205406e-02
 8.429104835e-02 9.416667372e-02 1.047045961e-01 1.159482300e-01 1.279508173e-01
 1.407783329e-01 1.545132995e-01 1.692601293e-01 1.851525754e-01 2.023639381e-01
 2.211211920e-01 2.417235523e-01 2.645646036e-01 2.901535332e-01 3.191287518e-01
 3.520608842e-01 3.800842464e-01 4.002003968e-01 4.126867652e-01 4.176310897e-01
 4.152289033e-01 4.044328928e-01 3.850386739e-01 3.651993871e-01 3.493324518e-01
 1.198548265e-02 7.022146136e-03 7.873270661e-03 9.651090950e-03 1.026961766e-02
 1.026360691e-02 9.834523313e-03 9.085254744e-03 8.080923930e-03 6.869509351e-03
 5.490242504e-03 3.977675922e-03 2.363180509e-03 6.757981610e-04-1.040756935e-03
-2.733172849e-03-4.348332994e-03-5.833865143e-03-7.138650864e-03-8.213317022e-03
-9.010736831e-03-9.486507624e-03-9.599121287e-03-9.308621287e-03-8.577907458e-03
-7.375547662e-03-5.682555027e-03-3.470851807e-03-7.079667412e-04 2.641069237e-03
 6.472310983e-03 1.082251780e-02 1.571120508e-02 2.113443054e-02 2.709693089e-02
 3.360499442e-02 4.066701606e-02 4.829350859e-02 5.649736524e-02 6.529422849e-02
 7.470302284e-02 8.474655449e-02 9.545242786e-02 1.068539768e-01 1.189915761e-01
 1.319142431e-01 1.456815004e-01 1.603657305e-01 1.760546267e-01 1.928539723e-01
 2.108896375e-01 2.303082645e-01 2.512747645e-01 2.739667892e-01 2.985738516e-01
 3.253571689e-01 3.527343571e-01 3.724198639e-01 3.854255378e-01 3.922847509e-01
 3.927625418e-01 3.873672485e-01 3.752385974e-01 3.579744399e-01 3.441376686e-01
 3.607666492e-02 3.432672843e-02 3.004775196e-02 2.614658698e-02 2.315073460e-02
 2.052159607e-02 1.804384030e-02 1.561803743e-02 1.319450140e-02 1.074845530e-02
 8.269103244e-03 5.754164420e-03 3.206763649e-03 6.335510407e-04-1.938614529e-03
-4.462837242e-03-6.890615448e-03-9.172759950e-03-1.126012579e-02-1.310419478e-02
-1.465752814e-02-1.587409899e-02-1.670949906e-02-1.712103561e-02-1.706818491e-02
-1.651320793e-02-1.542152464e-02-1.376001909e-02-1.149845961e-02-8.613342419e-03
-5.095452536e-03-9.248778224e-04 3.921176307e-03 9.313527495e-03 1.527911518e-02
 2.181891724e-02 2.893802151e-02 3.664251417e-02 4.493999481e-02 5.383963883e-02
 6.335262954e-02 7.349249721e-02 8.427537978e-02 9.572038800e-02 1.078498289e-01
 1.206893548e-01 1.342678517e-01 1.486167610e-01 1.637684703e-01 1.797530055e-01
 1.965917051e-01 2.142859995e-01 2.327967882e-01 2.520074248e-01 2.716501653e-01
 2.911467552e-01 3.093279898e-01 3.246538043e-01 3.362026811e-01 3.436832726e-01
 3.470830321e-01 3.465914428e-01 3.427169025e-01 3.365745544e-01 3.297356367e-01
 5.297531933e-02 5.216775090e-02 4.635747150e-02 4.009573534e-02 3.478690982e-02
 3.012777492e-02 2.589910850e-02 2.195217274e-02 1.818814874e-02 1.454133727e-02
 1.096798200e-02 7.439123001e-03 3.935991786e-03 4.469709238e-04-3.013448091e-03
-6.402699277e-03-9.675635025e-03-1.278563216e-02-1.568542048e-02-1.832770370e-02
-2.066557668e-02-2.265283093e-02-2.424414083e-02-2.539520338e-02-2.606291883e-02
-2.620557696e-02-2.578305081e-02-2.475697361e-02-2.309146710e-02-2.075432986e-02
-1.771812886e-02-1.395937614e-02-9.462158196e-03-4.225499928e-03 1.766117988e-03
 8.345405571e-03 1.552536152e-02 2.330591530e-02 3.168918565e-02 4.067651182e-02
 5.027032271e-02 6.047380716e-02 7.129068673e-02 8.272494376e-02 9.478028119e-02
 1.074593067e-01 1.207621545e-01 1.346842498e-01 1.492128074e-01 1.643215418e-01
 1.799625605e-01 1.960543245e-01 2.124642581e-01 2.289845645e-01 2.453026325e-01
 2.609776855e-01 2.754572630e-01 2.881698608e-01 2.986567020e-01 3.066495657e-01
 3.120808601e-01 3.150767386e-01 3.159530759e-01 3.151870370e-01 3.133197129e-01
 6.375601888e-02 6.317450106e-02 5.729819834e-02 5.020345002e-02 4.376923293e-02
 3.788899258e-02 3.244492039e-02 2.733272687e-02 2.246698737e-02 1.778052188e-02
 1.322159544e-02 8.750808425e-03 4.338334780e-03-3.828204353e-05-4.368453287e-03
-8.610515855e-03-1.272039115e-02-1.665261574e-02-2.036109008e-02-2.379959263e-02
-2.692212537e-02-2.968308330e-02-3.203735873e-02-3.394035995e-02-3.534802049e-02
-3.621685505e-02-3.650406003e-02-3.616771102e-02-3.516723961e-02-3.346408531e-02
-3.102258779e-02-2.781107649e-02-2.380376868e-02-1.898311824e-02-1.334130112e-02
-6.889373530e-03 3.777686507e-04 8.252186701e-03 1.674114540e-02 2.583150193e-02
 3.551812097e-02 4.579464346e-02 5.665337294e-02 6.808477640e-02 8.007670939e-02
 9.261323512e-02 1.056729406e-01 1.192265451e-01 1.332335323e-01 1.476377100e-01
 1.623613387e-01 1.772979647e-01 1.923044324e-01 2.071931362e-01 2.217281163e-01
 2.356299609e-01 2.485949099e-01 2.603288591e-01 2.705869377e-01 2.792062163e-01
 2.861233354e-01 2.913780808e-01 2.951040566e-01 2.975051701e-01 2.988199294e-01
 7.136283070e-02 7.088391483e-02 6.473144889e-02 5.721800774e-02 5.018870160e-02
 4.358877987e-02 3.735267743e-02 3.141341358e-02 2.570883557e-02 2.018441446e-02
 1.479379926e-02 9.498220868e-03 4.265453666e-03-9.312141920e-04-6.075493991e-03
-1.112326235e-02-1.602916420e-02-2.074736729e-02-2.523203567e-02-2.943766303e-02
-3.331919387e-02-3.683205321e-02-3.993208706e-02-4.257542640e-02-4.471834749e-02
-4.631717503e-02-4.732822254e-02-4.770785943e-02-4.741276801e-02-4.640036821e-02
-4.462953657e-02-4.206165671e-02-3.866203129e-02-3.440178186e-02-2.926009521e-02
-2.322714403e-02-1.630600542e-02-8.523622528e-03 1.093219034e-04 9.344200604e-03
 1.916832477e-02 2.956605330e-02 4.052003846e-02 5.200970918e-02 6.401096284e-02
 7.649490237e-02 8.942661434e-02 1.027632728e-01 1.164517477e-01 1.304257214e-01
 1.446024776e-01 1.588797122e-01 1.731329411e-01 1.872144043e-01 2.009548843e-01
 2.141698897e-01 2.266702354e-01 2.382770330e-01 2.488375008e-01 2.582389116e-01
 2.664175034e-01 2.733610868e-01 2.791051865e-01 2.837235332e-01 2.873147130e-01
 7.633130997e-02 7.585030049e-02 6.948081404e-02 6.174820662e-02 5.440069363e-02
 4.738457873e-02 4.064886272e-02 3.414441273e-02 2.782586217e-02 2.165209875e-02
 1.558624674e-02 9.595255367e-03 3.649051767e-03-2.281145193e-03-8.162903599e-03
-1.394711621e-02-1.958563551e-02-2.503126301e-02-3.023782931e-02-3.516021743e-02
-3.975429013e-02-4.397673905e-02-4.778481275e-02-5.113606155e-02-5.398803949e-02
-5.629800633e-02-5.802272633e-02-5.911838636e-02-5.954059958e-02-5.924467742e-02
-5.818605050e-02-5.632111803e-02-5.360829830e-02-5.000963807e-02-4.549274966e-02
-4.003333673e-02-3.361815587e-02-2.624881268e-02-1.794437692e-02-8.754419163e-03
 1.283985563e-03 1.188413799e-02 2.302421816e-02 3.467367589e-02 4.680049419e-02
 5.936715007e-02 7.233146578e-02 8.564531803e-02 9.925286472e-02 1.130888611e-01
 1.270770729e-01 1.411290467e-01 1.551437229e-01 1.690078974e-01 1.825982630e-01
 1.957853138e-01 2.084386498e-01 2.204337418e-01 2.316584885e-01 2.420191765e-01
 2.514443398e-01 2.598863840e-01 2.673209310e-01 2.737443745e-01 2.791708112e-01
 7.868935168e-02 7.805848122e-02 7.187849283e-02 6.415168196e-02 5.672701821e-02
 4.953016341e-02 4.251196235e-02 3.563835472e-02 2.888066508e-02 2.221229300e-02
 1.560804620e-02 9.044297971e-03 2.499565948e-03-4.081699997e-03-1.061787643e-02
-1.705812290e-02-2.335254848e-02-2.945281193e-02-3.531234339e-02-4.088634253e-02
-4.613159597e-02-5.100617185e-02-5.546901748e-02-5.947953835e-02-6.299713999e-02
-6.598079205e-02-6.838868558e-02-7.017791271e-02-7.130438089e-02-7.172276825e-02
-7.138679922e-02-7.024973631e-02-6.826519221e-02-6.538834423e-02-6.157756224e-02
-5.679653957e-02-5.101702362e-02-4.422207922e-02-3.640999272e-02-2.759900689e-02
-1.783065870e-02-7.184027229e-03 4.267437384e-03 1.620494947e-02 2.860289812e-02
 4.141185433e-02 5.458689854e-02 6.808073074e-02 8.184083551e-02 9.580846876e-02
 1.099181175e-01 1.240972355e-01 1.382663548e-01 1.523395479e-01 1.662257314e-01
 1.798302382e-01 1.930570304e-01 2.058108747e-01 2.179993838e-01 2.295341492e-01
 2.403315157e-01 2.503125668e-01 2.594035268e-01 2.675369680e-01 2.746552527e-01
 7.878594846e-02 7.773016393e-02 7.192920893e-02 6.477014720e-02 5.756855384e-02
 5.037467927e-02 4.321676120e-02 3.610102832e-02 2.902255207e-02 2.197027393e-02
 1.492974348e-02 7.884928957e-03 8.197586285e-04-6.308727898e-03-1.340395119e-02
-2.041076496e-02-2.727627009e-02-3.395030648e-02-4.038555175e-02-4.653733969e-02
-5.236330256e-02-5.782293528e-02-6.287700683e-02-6.748700142e-02-7.161453366e-02
-7.522075623e-02-7.826588303e-02-8.070873469e-02-8.250641078e-02-8.361415565e-02
-8.398530632e-02-8.357161283e-02-8.232370019e-02-8.019194007e-02-7.712773979e-02
-7.308524847e-02-6.802365929e-02-6.191005930e-02-5.472302064e-02-4.645677656e-02
-3.712604567e-02-2.677172236e-02-1.546495594e-02-3.322178498e-03 9.533906356e-03
 2.275361493e-02 3.631387651e-02 5.017833039e-02 6.430130452e-02 7.863239944e-02
 9.311778843e-02 1.077005267e-01 1.223206520e-01 1.369153559e-01 1.514192671e-01
 1.657646894e-01 1.798815280e-01 1.936967820e-01 2.071330100e-01 2.201057822e-01
 2.325200737e-01 2.442662716e-01 2.552176118e-01 2.652318776e-01 2.741607428e-01
 7.879877090e-02 7.749308646e-02 7.180345058e-02 6.476631761e-02 5.761059374e-02
 5.037206411e-02 4.308742657e-02 3.577426821e-02 2.843688242e-02 2.107117325e-02
 1.366753504e-02 6.212425418e-03-1.310980413e-03-8.888180368e-03-1.645069756e-02
-2.393636666e-02-3.128824756e-02-3.845403716e-02-4.538556188e-02-5.203828588e-02
-5.837072805e-02-6.434382498e-02-6.992024183e-02-7.506364584e-02-7.973802090e-02
-8.390696347e-02-8.753306419e-02-9.057731926e-02-9.299870580e-02-9.475378692e-02
-9.579659253e-02-9.607857466e-02-9.554889053e-02-9.415493160e-02-9.184321016e-02
-8.856070042e-02-8.425665647e-02-7.888500392e-02-7.240740955e-02-6.479702890e-02
-5.604292452e-02-4.615516216e-02-3.517017141e-02-2.315635234e-02-1.021648012e-02
 3.503555199e-03 1.758417301e-02 3.198549524e-02 4.665221646e-02 6.153763458e-02
 7.659853995e-02 9.179314226e-02 1.070802286e-01 1.224189401e-01 1.377685070e-01
 1.530878246e-01 1.683344096e-01 1.834622175e-01 1.984178573e-01 2.131342143e-01
 2.275207341e-01 2.414497882e-01 2.547400892e-01 2.671437263e-01 2.783542275e-01
 7.905765623e-02 7.767470181e-02 7.181635499e-02 6.452997774e-02 5.719311908e-02
 4.980194569e-02 4.235498235e-02 3.485162556e-02 2.728866041e-02 1.965943351e-02
 1.195398718e-02 4.159105942e-03-3.742481582e-03-1.170636155e-02-1.966383494e-02
-2.755160630e-02-3.531169891e-02-4.289122671e-02-5.024204031e-02-5.732018873e-02
-6.408531964e-02-7.049992681e-02-7.652860880e-02-8.213727176e-02-8.729229122e-02
-9.195978940e-02-9.610486776e-02-9.969098121e-02-1.026793122e-01-1.050283164e-01
-1.066933796e-01-1.076266021e-01-1.077768803e-01-1.070900559e-01-1.055095941e-01
-1.029774472e-01-9.943546355e-02-9.482733160e-02-8.910110593e-02-8.221250027e-02
-7.412897795e-02-6.483465433e-02-5.433613062e-02-4.266923666e-02-2.990682796e-02
-1.616873220e-02-1.634150743e-03 1.350499596e-02 2.888364904e-02 4.447727278e-02
 6.026079878e-02 7.621044666e-02 9.230475873e-02 1.085253060e-01 1.248571873e-01
 1.412891150e-01 1.578128934e-01 1.744219661e-01 1.911078393e-01 2.078534663e-01
 2.246206701e-01 2.413268387e-01 2.578018904e-01 2.737061381e-01 2.883890867e-01
 7.885448635e-02 7.738398015e-02 7.117329538e-02 6.372883916e-02 5.624651164e-02
 4.871178418e-02 4.111474007e-02 3.344529122e-02 2.569303662e-02 1.784713939e-02
 9.896579199e-03 1.831112429e-03-6.391760428e-03-1.467730757e-02-2.295997366e-02
-3.117759712e-02-3.927265853e-02-4.719268158e-02-5.489012972e-02-6.232201308e-02
-6.944928318e-02-7.623606175e-02-8.264888078e-02-8.865579218e-02-9.422554821e-02
-9.932671487e-02-1.039269418e-01-1.079921573e-01-1.114859581e-01-1.143689379e-01
-1.165983081e-01-1.181274801e-01-1.189059168e-01-1.188791245e-01-1.179889739e-01
-1.161742285e-01-1.133715957e-01-1.095172018e-01-1.045485884e-01-9.840757400e-02
-9.104373306e-02-8.241891861e-02-7.251270115e-02-6.132874638e-02-4.890207946e-02
-3.530664742e-02-2.066203952e-02-5.136369728e-03 1.104311273e-02 2.743469551e-02
 4.402507097e-02 6.080482155e-02 7.776969671e-02 9.492202103e-02 1.122721434e-01
 1.298399121e-01 1.476561427e-01 1.657642126e-01 1.842211336e-01 2.030982524e-01
 2.224800587e-01 2.424591780e-01 2.631183863e-01 2.844426036e-01 3.053485751e-01
 7.763099670e-02 7.601031661e-02 6.985472888e-02 6.231552735e-02 5.473965406e-02
 4.711164534e-02 3.941287845e-02 3.162524849e-02 2.373187058e-02 1.571687497e-02
 7.564766333e-03-7.403190248e-04-9.196063504e-03-1.772681810e-02-2.626298554e-02
-3.474076092e-02-4.310213029e-02-5.129478127e-02-5.927179754e-02-6.699117273e-02
-7.441514730e-02-8.150944114e-02-8.824238181e-02-9.458407760e-02-1.005054563e-01
-1.059774309e-01-1.109700352e-01-1.154516637e-01-1.193882599e-01-1.227427348e-01
-1.254743338e-01-1.275381595e-01-1.288848817e-01-1.294604987e-01-1.292064339e-01
-1.280597895e-01-1.259540319e-01-1.228200197e-01-1.185876280e-01-1.131880209e-01
-1.065566093e-01-9.863699973e-02-8.938591182e-02-7.877904922e-02-6.681813300e-02
-5.353859439e-02-3.901779279e-02-2.338328026e-02-6.821330171e-03 1.041641645e-02
 2.784782648e-02 4.547338560e-02 6.330144405e-02 8.135026693e-02 9.965042770e-02
 1.182477921e-01 1.372071952e-01 1.566175520e-01 1.765989214e-01 1.973128617e-01
 2.189782411e-01 2.418979555e-01 2.665114403e-01 2.935139537e-01 3.216790259e-01
 7.580063492e-02 7.402857393e-02 6.781980395e-02 6.024822220e-02 5.266177654e-02
 4.502401873e-02 3.730043024e-02 2.946386300e-02 2.149281651e-02 1.336911973e-02
 5.075757857e-03-3.405753290e-03-1.204294804e-02-2.076098882e-02-2.949035913e-02
-3.816731274e-02-4.673407227e-02-5.513882264e-02-6.333540380e-02-7.128280401e-02
-7.894451916e-02-8.628770709e-02-9.328238666e-02-9.990047663e-02-1.061148942e-01
-1.118986756e-01-1.172240674e-01-1.220617369e-01-1.263799071e-01-1.301437616e-01
-1.333146393e-01-1.358495802e-01-1.377008110e-01-1.388154477e-01-1.391352862e-01
-1.385969520e-01-1.371321529e-01-1.346684843e-01-1.311306059e-01-1.264419854e-01
-1.205274165e-01-1.133163944e-01-1.047474593e-01-9.477365762e-02-8.336921036e-02
-7.053729892e-02-5.631887168e-02-4.080217332e-02-2.413236350e-02-6.520250812e-03
 1.175131463e-02 3.019459732e-02 4.882385954e-02 6.766527891e-02 8.676025271e-02
 1.061685085e-01 1.259724200e-01 1.462836862e-01 1.672527343e-01 1.890825778e-01
 2.120483965e-01 2.365240306e-01 2.630129457e-01 2.921686172e-01 3.233389258e-01
 7.331459969e-02 7.139062136e-02 6.488093734e-02 5.744697154e-02 5.002279580e-02
 4.251095280e-02 3.486534581e-02 2.706035599e-02 1.907913387e-02 1.090916060e-02
 2.541056368e-03-6.072959397e-03-1.484221779e-02-2.369560674e-02-3.256525099e-02
-4.138823599e-02-5.010741204e-02-5.867161974e-02-6.703548133e-02-7.515893131e-02
-8.300658315e-02-9.054689854e-02-9.775134176e-02-1.045934260e-01-1.110478267e-01
-1.170894429e-01-1.226924956e-01-1.278296709e-01-1.324713528e-01-1.365848184e-01
-1.401334703e-01-1.430763602e-01-1.453674585e-01-1.469553411e-01-1.477828324e-01
-1.477868557e-01-1.468986273e-01-1.450440288e-01-1.421445012e-01-1.381183863e-01
-1.328830421e-01-1.263576448e-01-1.184670255e-01-1.091466770e-01-9.834899753e-02
-8.605085313e-02-7.226245850e-02-5.703740194e-02-4.048315436e-02-2.277157828e-02
-4.147916101e-03 1.506313868e-02 3.440312296e-02 5.389524996e-02 7.358201593e-02
 9.352284670e-02 1.137966141e-01 1.345067918e-01 1.557892859e-01 1.778234988e-01
 2.008490413e-01 2.251906544e-01 2.512974143e-01 2.797993422e-01 3.102528453e-01
 6.852289289e-02 6.598880887e-02 6.063067913e-02 5.399874225e-02 4.701107740e-02
 3.976340964e-02 3.227852285e-02 2.456251346e-02 1.661484875e-02 8.431443945e-03
 5.604320904e-06-8.670201525e-03-1.751510985e-02-2.645374835e-02-3.541645035e-02
-4.433967918e-02-5.316626281e-02-6.184536219e-02-7.033217698e-02-7.858742774e-02
-8.657665551e-02-9.426940978e-02-1.016383767e-01-1.086584181e-01-1.153056920e-01
-1.215566993e-01-1.273873448e-01-1.327721626e-01-1.376833618e-01-1.420901567e-01
-1.459579170e-01-1.492476016e-01-1.519150138e-01-1.539103687e-01-1.551778316e-01
-1.556552947e-01-1.552742422e-01-1.539600790e-01-1.516326219e-01-1.482072175e-01
-1.435963511e-01-1.377121508e-01-1.304696500e-01-1.217914224e-01-1.116132289e-01
-9.989131987e-02-8.661102504e-02-7.179685682e-02-5.552353337e-02-3.792753816e-02
-1.921833679e-02 3.117151791e-04 2.027904242e-02 4.027258605e-02 6.034529582e-02
 8.054864407e-02 1.009412408e-01 1.215933412e-01 1.425900608e-01 1.640345156e-01
 1.860513091e-01 2.087918520e-01 2.324476540e-01 2.573083639e-01 2.833736837e-01
 6.518958509e-02 6.243435293e-02 5.717568845e-02 5.086154491e-02 4.416294023e-02
 3.712696582e-02 2.978749759e-02 2.216316201e-02 1.426233351e-02 6.086904556e-03
-2.365577500e-03-1.107621379e-02-1.996408030e-02-2.895319462e-02-3.797343746e-02
-4.696111381e-02-5.585916340e-02-6.461708248e-02-7.319059223e-02-8.154105395e-02
-8.963478357e-02-9.744222462e-02-1.049370617e-01-1.120952815e-01-1.188942492e-01
-1.253117770e-01-1.313252151e-01-1.369106025e-01-1.420418024e-01-1.466896683e-01
-1.508213729e-01-1.543996036e-01-1.573819518e-01-1.597202867e-01-1.613603234e-01
-1.622411758e-01-1.622952670e-01-1.614482701e-01-1.596196145e-01-1.567231715e-01
-1.526686698e-01-1.473637819e-01-1.407170594e-01-1.326420456e-01-1.230625212e-01
-1.119193286e-01-9.917866439e-02-8.484180272e-02-6.895606965e-02-5.162627995e-02
-3.302542120e-02-1.340241916e-02 6.917163730e-03 2.721858397e-02 4.749149829e-02
 6.774912775e-02 8.801422268e-02 1.083126292e-01 1.286685467e-01 1.490978450e-01
 1.695963889e-01 1.901172549e-01 2.105229795e-01 2.304804921e-01 2.492872924e-01
 6.298160553e-02 6.012678891e-02 5.471676216e-02 4.842087999e-02 4.179567099e-02
 3.484772146e-02 2.758751810e-02 2.002310194e-02 1.215883531e-02 3.995487932e-03
-4.469227046e-03-1.319635287e-02-2.210547216e-02-3.112098202e-02-4.017310962e-02
-4.919851944e-02-5.814054608e-02-6.694915891e-02-7.558057457e-02-8.399675786e-02
-9.216466546e-02-1.000554711e-01-1.076436490e-01-1.149060726e-01-1.218210533e-01
-1.283674836e-01-1.345238388e-01-1.402674317e-01-1.455734372e-01-1.504141539e-01
-1.547582448e-01-1.585699618e-01-1.618084759e-01-1.644272655e-01-1.663735360e-01
-1.675878316e-01-1.680037379e-01-1.675477624e-01-1.661396623e-01-1.636929810e-01
-1.601161957e-01-1.553145647e-01-1.491927058e-01-1.416583508e-01-1.326272190e-01
-1.220295355e-01-1.098178923e-01-9.597688913e-02-8.053430915e-02-6.357333064e-02
-4.524559155e-02-2.578415535e-02-5.516796838e-03 1.511775702e-02 3.553233668e-02
 5.575209856e-02 7.578568161e-02 9.563029557e-02 1.152694672e-01 1.346664876e-01
 1.537533700e-01 1.724146008e-01 1.904662699e-01 2.076369524e-01 2.235706002e-01
 6.109908223e-02 5.814637616e-02 5.280541256e-02 4.650413617e-02 3.989649191e-02
 3.298263252e-02 2.576167323e-02 1.823283173e-02 1.039453782e-02 2.243745606e-03
-6.224791519e-03-1.495649386e-02-2.387216501e-02-3.289727122e-02-4.196291417e-02
-5.100646615e-02-5.997189879e-02-6.880970299e-02-7.747665048e-02-8.593518287e-02
-9.415280819e-02-1.021012366e-01-1.097555608e-01-1.170932949e-01-1.240934879e-01
-1.307358146e-01-1.369996369e-01-1.428632289e-01-1.483027935e-01-1.532918066e-01
-1.578001082e-01-1.617932618e-01-1.652317941e-01-1.680705547e-01-1.702581644e-01
-1.717364788e-01-1.724403352e-01-1.722973138e-01-1.712279469e-01-1.691461205e-01
-1.659600735e-01-1.615740359e-01-1.558905840e-01-1.488140523e-01-1.402552575e-01
-1.301374733e-01-1.184041500e-01-1.050282419e-01-9.002309293e-02-7.345459610e-02
-5.545366555e-02-3.622762114e-02-1.606767625e-02 4.652626347e-03 2.509874851e-02
 4.522873461e-02 6.501794606e-02 8.444102108e-02 1.034621522e-01 1.220281646e-01
 1.400621682e-01 1.574577391e-01 1.740753204e-01 1.897438318e-01 2.042717040e-01
 5.973000824e-02 5.672051013e-02 5.131953955e-02 4.500758648e-02 3.841143847e-02
 3.152194619e-02 2.433117107e-02 1.683262549e-02 9.020915255e-03 8.914268692e-04
-7.575645112e-03-1.630280167e-02-2.521378174e-02-3.423586115e-02-4.330135137e-02
-5.234849080e-02-6.132188067e-02-7.017254084e-02-7.885766029e-02-8.734009415e-02
-9.558770061e-02-1.035725921e-01-1.112702414e-01-1.186585948e-01-1.257171929e-01
-1.324262619e-01-1.387657374e-01-1.447145939e-01-1.502497792e-01-1.553455889e-01
-1.599728167e-01-1.640979648e-01-1.676826030e-01-1.706827134e-01-1.730480343e-01
-1.747216135e-01-1.756393611e-01-1.757299751e-01-1.749148220e-01-1.731085032e-01
-1.702195853e-01-1.661521345e-01-1.608079672e-01-1.540897638e-01-1.459056437e-01
-1.361748874e-01-1.248353496e-01-1.118526608e-01-9.723103046e-02-8.102552593e-02
-6.335529685e-02-4.441700131e-02-2.449745871e-02-3.985249437e-03 1.661635377e-02
 3.671739250e-02 5.632410198e-02 7.542243600e-02 9.398159385e-02 1.119544357e-01
 1.292770207e-01 1.458685696e-01 1.616330445e-01 1.764634401e-01 1.902493536e-01
 5.867181718e-02 5.562257767e-02 5.015443265e-02 4.385847971e-02 3.729774803e-02
 3.045007214e-02 2.330101468e-02 1.584038697e-02 8.060416207e-03-4.565552808e-05
-8.492060937e-03-1.720043086e-02-2.609466761e-02-3.510251641e-02-4.415678978e-02
-5.319617316e-02-6.216563657e-02-7.101649791e-02-7.970616221e-02-8.819770068e-02
-9.645915031e-02-1.044627801e-01-1.121842414e-01-1.196017265e-01-1.266949922e-01
-1.334445179e-01-1.398306489e-01-1.458326727e-01-1.514280438e-01-1.565915495e-01
-1.612945497e-01-1.655041873e-01-1.691827774e-01-1.722870171e-01-1.747674793e-01
-1.765680313e-01-1.776255071e-01-1.778693795e-01-1.772218794e-01-1.755983084e-01
-1.729077995e-01-1.690547466e-01-1.639409065e-01-1.574685276e-01-1.495445371e-01
-1.400863379e-01-1.290288866e-01-1.163336784e-01-1.019993573e-01-8.607377857e-02
-6.866697967e-02-4.996399581e-02-3.023616597e-02-9.848361835e-03 1.074122638e-02
 3.075912222e-02 5.020121485e-02 6.905184686e-02 8.728349209e-02 1.048568562e-01
 1.217216700e-01 1.378180385e-01 1.530788690e-01 1.674336344e-01 1.808133125e-01
 5.763467029e-02 5.451925099e-02 4.919253290e-02 4.300609604e-02 3.654357418e-02
 2.977544069e-02 2.269037254e-02 1.528219134e-02 7.545584347e-03-5.250358954e-04
-8.939061314e-03-1.761808619e-02-2.648601308e-02-3.547065705e-02-4.450493306e-02
-5.352761596e-02-6.248374283e-02-7.132464647e-02-8.000774682e-02-8.849605918e-02
-9.675759077e-02-1.047645658e-01-1.124925911e-01-1.199198216e-01-1.270260364e-01
-1.337917298e-01-1.401973218e-01-1.462221891e-01-1.518439502e-01-1.570375413e-01
-1.617745757e-01-1.660225093e-01-1.697438955e-01-1.728959084e-01-1.754294783e-01
-1.772889793e-01-1.784116924e-01-1.787276715e-01-1.781596988e-01-1.766236424e-01
-1.740291864e-01-1.702811867e-01-1.652818620e-01-1.589336544e-01-1.511435807e-01
-1.418287158e-01-1.309233010e-01-1.183874756e-01-1.042177826e-01-8.845889568e-02
-7.121627033e-02-5.266857147e-02-3.307837248e-02-1.279904973e-02 7.724557072e-03
 2.763976902e-02 4.693906754e-02 6.560629606e-02 8.361629397e-02 1.009352207e-01
 1.175214797e-01 1.333274245e-01 1.483016014e-01 1.623918861e-01 1.755488962e-01
 5.665230379e-02 5.335889384e-02 4.842574522e-02 4.255056754e-02 3.623350710e-02
 2.955802716e-02 2.254296467e-02 1.519287564e-02 7.507017348e-03-5.180817680e-04
-8.890949190e-03-1.753269322e-02-2.636690438e-02-3.532119468e-02-4.432831332e-02
-5.332685634e-02-6.226167828e-02-7.108388096e-02-7.975063473e-02-8.822470158e-02
-9.647380561e-02-1.044699103e-01-1.121883467e-01-1.196070239e-01-1.267054528e-01
-1.334639490e-01-1.398626566e-01-1.458808184e-01-1.514958739e-01-1.566826105e-01
-1.614125371e-01-1.656529754e-01-1.693664789e-01-1.725101024e-01-1.750348359e-01
-1.768850684e-01-1.779982001e-01-1.783044338e-01-1.777267605e-01-1.761813462e-01
-1.735783219e-01-1.698230505e-01-1.648184061e-01-1.584677100e-01-1.506789029e-01
-1.413702220e-01-1.304772347e-01-1.179615259e-01-1.038211286e-01-8.810216933e-02
-7.091140747e-02-5.242845044e-02-3.291622177e-02-1.272764057e-02 7.693961263e-03
 2.749809250e-02 4.667745531e-02 6.521643698e-02 8.309099823e-02 1.002691388e-01
 1.167120710e-01 1.323759258e-01 1.472140104e-01 1.611795723e-01 1.742289960e-01
 5.713288486e-02 5.398208648e-02 4.880296439e-02 4.281034321e-02 3.650330752e-02
 2.986759692e-02 2.290043607e-02 1.560067758e-02 7.966211997e-03-6.738118827e-06
-8.332702331e-03-1.693130471e-02-2.572572790e-02-3.464337811e-02-4.361674935e-02
-5.258413404e-02-6.148996949e-02-7.028494030e-02-7.892573625e-02-8.737462759e-02
-9.559886903e-02-1.035699025e-01-1.112625971e-01-1.186543405e-01-1.257241964e-01
-1.324519515e-01-1.388173401e-01-1.447990686e-01-1.503741145e-01-1.555168182e-01
-1.601981670e-01-1.643850654e-01-1.680395752e-01-1.711183190e-01-1.735718548e-01
-1.753441989e-01-1.763724089e-01-1.765864342e-01-1.759092063e-01-1.742568910e-01
-1.715398729e-01-1.676641405e-01-1.625334471e-01-1.560524553e-01-1.481311023e-01
-1.386902183e-01-1.276687086e-01-1.150324196e-01-1.007845551e-01-8.497746289e-02
-6.772513688e-02-4.921551794e-02-2.972109988e-02-9.605454281e-03 1.067759749e-02
 3.036137298e-02 4.944163561e-02 6.790361553e-02 8.572230488e-02 1.028634310e-01
 1.192847565e-01 1.349379420e-01 1.497709900e-01 1.637312174e-01 1.767688543e-01
 5.782838911e-02 5.473608896e-02 4.959188774e-02 4.360015690e-02 3.730370849e-02
 3.069361486e-02 2.376302890e-02 1.650783047e-02 8.925512433e-03 1.015040441e-03
-7.263641804e-03-1.581407152e-02-2.456217818e-02-3.343611211e-02-4.236828163e-02
-5.129653215e-02-6.016471982e-02-6.892286986e-02-7.752700150e-02-8.593867719e-02
-9.412445128e-02-1.020550653e-01-1.097046733e-01-1.170499474e-01-1.240692362e-01
-1.307415962e-01-1.370459944e-01-1.429604143e-01-1.484609991e-01-1.535213292e-01
-1.581115872e-01-1.621977985e-01-1.657412201e-01-1.686976105e-01-1.710166931e-01
-1.726417542e-01-1.735091209e-01-1.735482216e-01-1.726815104e-01-1.708251089e-01
-1.678895950e-01-1.637816429e-01-1.584063470e-01-1.516704708e-01-1.434870213e-01
-1.337810457e-01-1.224970594e-01-1.096080095e-01-9.512587637e-02-7.911342382e-02
-6.169677526e-02-4.307775199e-02-2.354537137e-02-3.486016300e-03 1.660528220e-02
 3.614922613e-02 5.514901131e-02 7.358921319e-02 9.144040942e-02 1.086610854e-01
 1.251989305e-01 1.409923881e-01 1.559731364e-01 1.700696945e-01 1.832123250e-01
 5.899384618e-02 5.598583072e-02 5.079448223e-02 4.484086484e-02 3.857978806e-02
 3.200368583e-02 2.510908060e-02 1.789343543e-02 1.035412773e-02 2.487210790e-03
-5.714445375e-03-1.419940684e-02-2.288899198e-02-3.170887753e-02-4.058992490e-02
-4.946880788e-02-5.828841031e-02-6.699784100e-02-7.555221021e-02-8.391223103e-02
-9.204353392e-02-9.991598129e-02-1.075028032e-01-1.147797629e-01-1.217242181e-01
-1.283142716e-01-1.345278621e-01-1.403419375e-01-1.457315683e-01-1.506692171e-01
-1.551238894e-01-1.590604782e-01-1.624390483e-01-1.652141511e-01-1.673343629e-01
-1.687418520e-01-1.693720222e-01-1.691534817e-01-1.680082083e-01-1.658521593e-01
-1.625963598e-01-1.581485868e-01-1.524159461e-01-1.453084052e-01-1.367435306e-01
-1.266526878e-01-1.149885729e-01-1.017345488e-01-8.691512048e-02-7.060746849e-02
-5.295297876e-02-3.416723013e-02-1.454578154e-02 5.538905505e-03 2.528516576e-02
 4.464525729e-02 6.358708441e-02 8.207792044e-02 1.000767872e-01 1.175304204e-01
 1.343709081e-01 1.505148411e-01 1.658644974e-01 1.803118140e-01 1.937458515e-01
 6.039958447e-02 5.747684836e-02 5.245388299e-02 4.655779153e-02 4.033634439e-02
 3.379221633e-02 2.692859620e-02 1.974851638e-02 1.225357875e-02 4.443285521e-03
-3.685149830e-03-1.210060902e-02-2.072384953e-02-2.947962657e-02-3.829786927e-02
-4.711437225e-02-5.587112159e-02-6.451632082e-02-7.300414890e-02-8.129431307e-02
-8.935144544e-02-9.714434296e-02-1.046451330e-01-1.118284240e-01-1.186704114e-01
-1.251479685e-01-1.312377453e-01-1.369154006e-01-1.421546340e-01-1.469264627e-01
-1.511984915e-01-1.549341083e-01-1.580918580e-01-1.606248915e-01-1.624803841e-01
-1.635992080e-01-1.639156640e-01-1.633575559e-01-1.618464738e-01-1.592985541e-01
-1.556257606e-01-1.507377923e-01-1.445449591e-01-1.369619966e-01-1.279131770e-01
-1.173388362e-01-1.052033082e-01-9.150446951e-02-7.628460228e-02-5.964202061e-02
-4.174302518e-02-2.283295430e-02-3.245472908e-03 1.659015752e-02 3.613410145e-02
 5.539623275e-02 7.436734438e-02 9.302426875e-02 1.113290191e-01 1.292251945e-01
 1.466328949e-01 1.634435654e-01 1.795164049e-01 1.946800947e-01 2.087435573e-01
 6.240352616e-02 5.960276723e-02 5.466141552e-02 4.880836233e-02 4.260317981e-02
 3.606352955e-02 2.920607850e-02 2.204349265e-02 1.458346844e-02 6.829091813e-03
-1.220742823e-03-9.559225291e-03-1.810522564e-02-2.678301185e-02-3.552225605e-02
-4.425837100e-02-5.293278396e-02-6.149294227e-02-6.989215314e-02-7.808910310e-02
-8.604729921e-02-9.373433888e-02-1.011210755e-01-1.081807762e-01-1.148882285e-01
-1.212188229e-01-1.271477193e-01-1.326489598e-01-1.376945972e-01-1.422540098e-01
-1.462930441e-01-1.497734040e-01-1.526519507e-01-1.548801661e-01-1.564037353e-01
-1.571621895e-01-1.570888907e-01-1.561110616e-01-1.541503519e-01-1.511237621e-01
-1.469451785e-01-1.415275633e-01-1.347862482e-01-1.266429573e-01-1.170314848e-01
-1.059044600e-01-9.324166924e-02-7.905980945e-02-6.342317909e-02-4.645507783e-02
-2.834867872e-02-9.376253001e-03 1.010501944e-02 2.949338406e-02 4.877614975e-02
 6.794867665e-02 8.700564504e-02 1.059357449e-01 1.247162893e-01 1.433055401e-01
 1.616317034e-01 1.795767844e-01 1.969561726e-01 2.134996653e-01 2.288544178e-01
 6.516558677e-02 6.253778189e-02 5.757013708e-02 5.169435591e-02 4.541831464e-02
 3.880518675e-02 3.189687058e-02 2.471537888e-02 1.727127843e-02 9.568946436e-03
 1.610136009e-03-6.643605419e-03-1.509534009e-02-2.367359772e-02-3.230977803e-02
-4.093981534e-02-4.950497299e-02-5.795214698e-02-6.623378396e-02-7.430751622e-02
-8.213564008e-02-8.968439698e-02-9.692319483e-02-1.038237438e-01-1.103591993e-01
-1.165032461e-01-1.222292632e-01-1.275094450e-01-1.323139966e-01-1.366103739e-01
-1.403625011e-01-1.435301900e-01-1.460685134e-01-1.479272842e-01-1.490507424e-01
-1.493773758e-01-1.488398463e-01-1.473654360e-01-1.448767483e-01-1.412927806e-01
-1.365309656e-01-1.305095702e-01-1.231513917e-01-1.143882945e-01-1.041671485e-01
-9.245702624e-02-7.925774157e-02-6.460947543e-02-4.860323668e-02-3.139122203e-02
-1.319618151e-02 5.681792274e-03 2.460662648e-02 4.357732460e-02 6.259907037e-02
 8.168341219e-02 1.008466408e-01 1.201073527e-01 1.394827962e-01 1.589826196e-01
 1.785973608e-01 1.982761472e-01 2.178796083e-01 2.370768934e-01 2.551748753e-01
 6.914804131e-02 6.695015728e-02 6.172829866e-02 5.535478517e-02 4.873992130e-02
 4.191097617e-02 3.487680107e-02 2.763804980e-02 2.019143105e-02 1.253105793e-02
 4.648500122e-03-3.468511393e-03-1.178501919e-02-2.022663876e-02-2.872376889e-02
-3.721184283e-02-4.563158378e-02-5.392917246e-02-6.205609441e-02-6.996882707e-02
-7.762830704e-02-8.499926329e-02-9.204945713e-02-9.874884039e-02-1.050686985e-01
-1.109807864e-01-1.164564639e-01-1.214658692e-01-1.259771287e-01-1.299556047e-01
-1.333632022e-01-1.361577958e-01-1.382926553e-01-1.397160888e-01-1.403712034e-01
-1.401958466e-01-1.391228139e-01-1.370804459e-01-1.339935511e-01-1.297850311e-01
-1.243780255e-01-1.176989228e-01-1.096813604e-01-1.002712846e-01-8.943317086e-02
-7.715749741e-02-6.346929073e-02-4.843753576e-02-3.218479455e-02-1.489629131e-02
 3.172894474e-03 2.138725668e-02 3.975150734e-02 5.827848241e-02 7.699051499e-02
 9.592093527e-02 1.151155680e-01 1.346344203e-01 1.545537710e-01 1.749685854e-01
 1.959956884e-01 2.177788317e-01 2.405015081e-01 2.644439340e-01 2.896022201e-01
 7.367783785e-02 7.204190642e-02 6.621724367e-02 5.915030465e-02 5.212930217e-02
 4.506469518e-02 3.790543228e-02 3.062139079e-02 2.319212817e-02 1.560163777e-02
 7.835889235e-03-1.182138221e-04-8.261756040e-03-1.652438194e-02-2.483823150e-02
-3.313930333e-02-4.136820883e-02-4.947054759e-02-5.739684775e-02-6.510236114e-02
-7.254654169e-02-7.969245315e-02-8.650603890e-02-9.295526147e-02-9.900934994e-02
-1.046379060e-01-1.098100767e-01-1.144937575e-01-1.186548620e-01-1.222565696e-01
-1.252587438e-01-1.276173741e-01-1.292841733e-01-1.302063018e-01-1.303263009e-01
-1.295821667e-01-1.279079765e-01-1.252345443e-01-1.214909106e-01-1.166061834e-01
-1.105122119e-01-1.031470671e-01-9.445946664e-02-8.441419899e-02-7.299864292e-02
-6.023019552e-02-4.616459459e-02-3.090468235e-02-1.460891496e-02 2.501473529e-03
 1.982076280e-02 3.735285252e-02 5.510977656e-02 7.311370969e-02 9.139930457e-02
 1.100168005e-01 1.290359944e-01 1.485516578e-01 1.686911136e-01 1.896251440e-01
 2.115839720e-01 2.348819226e-01 2.599555552e-01 2.874193192e-01 3.168339133e-01
 7.663999498e-02 7.524897903e-02 6.931418180e-02 6.215615571e-02 5.503061414e-02
 4.789311439e-02 4.070935771e-02 3.345130011e-02 2.609634213e-02 1.862568408e-02
 1.102288067e-02 3.272793721e-03-4.639115185e-03-1.266624872e-02-2.074114792e-02
-2.879992314e-02-3.678292781e-02-4.463509098e-02-5.230595171e-02-5.974944308e-02
-6.692343950e-02-7.378921658e-02-8.031070232e-02-8.645375818e-02-9.218535572e-02
-9.747277200e-02-1.022827998e-01-1.065810025e-01-1.103309840e-01-1.134938076e-01
-1.160273924e-01-1.178861260e-01-1.190205812e-01-1.193773746e-01-1.188993528e-01
-1.175259203e-01-1.151938662e-01-1.118385345e-01-1.073955894e-01-1.018033624e-01
-9.500604868e-02-8.695763350e-02-7.762679458e-02-6.700263917e-02-5.510122329e-02
-4.197251797e-02-2.770768479e-02-1.244712248e-02 3.612515284e-03 1.992191374e-02
 3.647906706e-02 5.328856036e-02 7.036338747e-02 8.772719651e-02 1.054170653e-01
 1.234872118e-01 1.420138776e-01 1.611021161e-01 1.808952987e-01 2.015886456e-01
 2.234484851e-01 2.468381524e-01 2.722481489e-01 3.003160954e-01 3.303976655e-01
 7.827058434e-02 7.702013850e-02 7.140170038e-02 6.433822215e-02 5.727602541e-02
 5.020501465e-02 4.310628772e-02 3.596118838e-02 2.875235677e-02 2.146377414e-02
 1.408039778e-02 6.587638985e-03-1.029199455e-03-8.757187054e-03-1.652943902e-02
-2.428228408e-02-3.195589036e-02-3.949458525e-02-4.684694856e-02-5.396559089e-02
-6.080678105e-02-6.732991338e-02-7.349687070e-02-7.927124202e-02-8.461767435e-02
-8.950103074e-02-9.388570487e-02-9.773490578e-02-1.010100469e-01-1.036701947e-01
-1.056716666e-01-1.069677249e-01-1.075084507e-01-1.072408929e-01-1.061094105e-01
-1.040563732e-01-1.010233015e-01-9.695245326e-02-9.178902954e-02-8.548405766e-02
-7.799802721e-02-6.930539012e-02-5.939991772e-02-4.830081016e-02-3.605921194e-02
-2.276388370e-02-8.542882279e-03 6.425538100e-03 2.167452872e-02 3.719355911e-02
 5.297626182e-02 6.902195513e-02 8.533727378e-02 1.019381434e-01 1.188521832e-01
 1.361216158e-01 1.538072228e-01 1.719934046e-01 1.907952726e-01 2.103689015e-01
 2.309267968e-01 2.527641058e-01 2.763099968e-01 3.022436798e-01 3.293558955e-01
 7.932282239e-02 7.823855430e-02 7.268710434e-02 6.576317549e-02 5.884937942e-02
 5.193264410e-02 4.500079155e-02 3.804222122e-02 3.104574978e-02 2.400017157e-02
 1.689401083e-02 9.715385735e-03 2.452048706e-03-4.908259027e-03-1.230840571e-02
-1.968538761e-02-2.697946690e-02-3.413460404e-02-4.109856486e-02-4.782278091e-02
-5.426199734e-02-6.037378684e-02-6.611795723e-02-7.145591080e-02-7.634992898e-02
-8.076252043e-02-8.465575427e-02-8.799063414e-02-9.072662890e-02-9.282120317e-02
-9.422959387e-02-9.490465373e-02-9.479700774e-02-9.385536611e-02-9.202720970e-02
-8.925988525e-02-8.550199866e-02-8.070553839e-02-7.482848316e-02-6.783807278e-02
-5.971497297e-02-5.045805499e-02-4.009016603e-02-2.866498195e-02-1.627634093e-02
-3.071501851e-03 1.080189552e-02 2.498849295e-02 3.946896270e-02 5.422477424e-02
 6.924022734e-02 8.450382948e-02 1.000094116e-01 1.157574207e-01 1.317562014e-01
 1.480234861e-01 1.645878851e-01 1.814903468e-01 1.987854987e-01 2.165422142e-01
 2.348426878e-01 2.537776232e-01 2.734295130e-01 2.937882543e-01 3.137927353e-01
 7.955067605e-02 7.860285044e-02 7.316638529e-02 6.644631922e-02 5.974736065e-02
 5.304655805e-02 4.633782059e-02 3.961877152e-02 3.288619965e-02 2.613477781e-02
 1.935702935e-02 1.254362334e-02 5.683599506e-03-1.235732343e-03-8.190663531e-03
-1.511803176e-02-2.195823006e-02-2.865514532e-02-3.515607119e-02-4.141156003e-02
-4.737506807e-02-5.300255865e-02-5.825196952e-02-6.308262795e-02-6.745466590e-02
-7.132843882e-02-7.466392964e-02-7.742033154e-02-7.955560088e-02-8.102623373e-02
-8.178718388e-02-8.179195970e-02-8.099301159e-02-7.934235036e-02-7.679261267e-02
-7.329843193e-02-6.881831586e-02-6.331706047e-02-5.676876009e-02-4.916045070e-02
-4.049631953e-02-3.080210276e-02-2.012941614e-02-8.557286114e-03 3.802939318e-03
 1.654295996e-02 2.967885323e-02 4.315831885e-02 5.694133788e-02 7.099425793e-02
 8.528748155e-02 9.979474545e-02 1.144930422e-01 1.293628812e-01 1.443884969e-01
 1.595579982e-01 1.748626977e-01 1.902957112e-01 2.058485001e-01 2.215042710e-01
 2.372257411e-01 2.529322207e-01 2.684571743e-01 2.834669352e-01 2.973174751e-01
 7.862140983e-02 7.768816501e-02 7.274619490e-02 6.641878933e-02 6.000299752e-02
 5.354352668e-02 4.707770795e-02 4.062391818e-02 3.418868035e-02 2.777145244e-02
 2.136731334e-02 1.496859547e-02 8.565912023e-03 2.148996107e-03-4.292258061e-03
-1.069707330e-02-1.700817049e-02-2.317056991e-02-2.913189307e-02-3.484237939e-02
-4.025467485e-02-4.532353580e-02-5.000536889e-02-5.425781384e-02-5.803922564e-02
-6.130820885e-02-6.402320415e-02-6.614214927e-02-6.762225926e-02-6.841993332e-02
-6.849096715e-02-6.779085100e-02-6.627547741e-02-6.390215456e-02-6.063096598e-02
-5.642658100e-02-5.126047134e-02-4.511355609e-02-3.797927126e-02-2.986797504e-02
-2.081185207e-02-1.086889580e-02-1.344447373e-04 1.128635183e-02 2.312389761e-02
 3.535260633e-02 4.794574901e-02 6.086715683e-02 7.407753170e-02 8.753655851e-02
 1.012035832e-01 1.150378510e-01 1.289987117e-01 1.430457979e-01 1.571389735e-01
 1.712380350e-01 1.853017509e-01 1.992856711e-01 2.131383419e-01 2.267949879e-01
 2.401677668e-01 2.531321943e-01 2.655104995e-01 2.770585418e-01 2.874731719e-01
 7.808861136e-02 7.751896232e-02 7.248081267e-02 6.608867645e-02 5.973161012e-02
 5.341100320e-02 4.715170339e-02 4.096372798e-02 3.484798223e-02 2.880003303e-02
 2.281227335e-02 1.687521860e-02 1.097826287e-02 5.110051483e-03-7.416733424e-04
-6.549228914e-03-1.225615013e-02-1.780856401e-02-2.315485477e-02-2.824549191e-02
-3.303287178e-02-3.747107834e-02-4.151556268e-02-4.512283206e-02-4.825008288e-02
-5.085488036e-02-5.289488286e-02-5.432768911e-02-5.511077493e-02-5.520167574e-02
-5.455837026e-02-5.313993990e-02-5.090759322e-02-4.782599956e-02-4.386517033e-02
-3.900274262e-02-3.322652355e-02-2.653725818e-02-1.894854195e-02-1.049405150e-02
-1.237612567e-03 8.754532784e-03 1.923262142e-02 3.020353615e-02 4.162054509e-02
 5.344266444e-02 6.562967598e-02 7.813885063e-02 9.092423320e-02 1.039365008e-01
 1.171229631e-01 1.304277331e-01 1.437918842e-01 1.571539193e-01 1.704501659e-01
 1.836151928e-01 1.965818256e-01 2.092804909e-01 2.216377705e-01 2.335735559e-01
 2.449972630e-01 2.558035851e-01 2.658696771e-01 2.750566304e-01 2.832184434e-01
 7.720762491e-02 7.698322088e-02 7.182309031e-02 6.511336565e-02 5.866780877e-02
 5.243253708e-02 4.637589306e-02 4.047730565e-02 3.472016752e-02 2.908921614e-02
 2.356990986e-02 1.814844832e-02 1.281194203e-02 7.548598573e-03 2.348026959e-03
-2.798033878e-03-7.832461968e-03-1.270510908e-02-1.736648567e-02-2.176821791e-02
-2.586321533e-02-2.960562147e-02-3.295069188e-02-3.585460782e-02-3.827429563e-02
-4.016726837e-02-4.149153829e-02-4.220559448e-02-4.226852953e-02-4.164045677e-02
-4.028315097e-02-3.816106170e-02-3.524253145e-02-3.150136769e-02-2.691940032e-02
-2.148970962e-02-1.521983929e-02-8.144742809e-03-2.875759965e-04 8.315254003e-03
 1.745721325e-02 2.715305239e-02 3.736671805e-02 4.806821048e-02 5.922235548e-02
 7.079067081e-02 8.273109794e-02 9.499696642e-02 1.075361148e-01 1.202901527e-01
 1.331939399e-01 1.461754441e-01 1.591559947e-01 1.720511317e-01 1.847720295e-01
 1.972274482e-01 2.093259543e-01 2.209780812e-01 2.320980728e-01 2.426046431e-01
 2.524212003e-01 2.614752948e-01 2.696982920e-01 2.770265937e-01 2.834044695e-01
 7.439412177e-02 7.424592972e-02 6.921472400e-02 6.258267909e-02 5.626378208e-02
 5.024104193e-02 4.448273778e-02 3.895794228e-02 3.363834321e-02 2.849882469e-02
 2.351756766e-02 1.867594570e-02 1.395828743e-02 9.351556189e-03 4.844906274e-03
 4.289770732e-04-3.868691623e-03-7.999482565e-03-1.191546489e-02-1.556959189e-02
-1.891585439e-02-2.190924808e-02-2.450572327e-02-2.666214854e-02-2.833632007e-02
-2.948702686e-02-3.007416055e-02-3.005880304e-02-2.940331399e-02-2.807196043e-02
-2.603203617e-02-2.325535193e-02-1.971956156e-02-1.540781278e-02-1.031272206e-02
-4.443138838e-03 2.207009587e-03 9.418332018e-03 1.723507233e-02 2.565742843e-02
 3.465290740e-02 4.419926926e-02 5.427164584e-02 6.484311819e-02 7.588324696e-02
 8.735712618e-02 9.922429919e-02 1.114373654e-01 1.239405423e-01 1.366681010e-01
 1.495430321e-01 1.624761522e-01 1.753660142e-01 1.880998760e-01 2.005565464e-01
 2.126106024e-01 2.241382748e-01 2.350239754e-01 2.451665550e-01 2.544842660e-01
 2.629173696e-01 2.704286873e-01 2.770018280e-01 2.826380730e-01 2.873530090e-01
 6.994729489e-02 6.987039745e-02 6.469027698e-02 5.822779983e-02 5.219658092e-02
 4.654784873e-02 4.123751819e-02 3.622085601e-02 3.145726025e-02 2.691221423e-02
 2.255766280e-02 1.837151498e-02 1.433692314e-02 1.044151932e-02 6.676797755e-03
 3.037685994e-03-4.775112029e-04-3.821112448e-03-6.947410759e-03-9.811274707e-03
-1.236887090e-02-1.457718946e-02-1.639399305e-02-1.777797192e-02-1.868902519e-02
-1.908876188e-02-1.894109324e-02-1.821256429e-02-1.687059551e-02-1.488458738e-02
-1.222818810e-02-8.883023635e-03-4.845523741e-03-1.034016022e-04 5.353537388e-03
 1.138036698e-02 1.800797693e-02 2.522321418e-02 3.302360699e-02 4.140375927e-02
 5.035254732e-02 5.985662341e-02 6.990019977e-02 8.046455681e-02 9.152720869e-02
 1.030606031e-01 1.150305271e-01 1.273940504e-01 1.400970072e-01 1.530711204e-01
 1.662308276e-01 1.794703752e-01 1.926617324e-01 2.056545317e-01 2.182791829e-01
 2.303545773e-01 2.417002320e-01 2.521513104e-01 2.615738213e-01 2.698761821e-01
 2.770157456e-01 2.829985619e-01 2.878734767e-01 2.917208970e-01 2.946391702e-01
 6.289917231e-02 6.268183142e-02 5.784529075e-02 5.173158273e-02 4.618687555e-02
 4.113017768e-02 3.647565469e-02 3.215028346e-02 2.809680626e-02 2.427232824e-02
 2.064571157e-02 1.719506085e-02 1.390569191e-02 1.076863334e-02 7.779587992e-03
 4.938288592e-03 2.248166362e-03-2.836961066e-04-2.596973907e-03-4.647459835e-03
-6.396686658e-03-7.805339061e-03-8.834169246e-03-9.444545954e-03-9.599076584e-03
-9.262790903e-03-8.405867964e-03-7.010381203e-03-5.049680360e-03-2.495813882e-03
 6.777527742e-04 4.496232141e-03 8.853630163e-03 1.378770638e-02 1.931076497e-02
 2.541166358e-02 3.208923340e-02 3.934179246e-02 4.716854170e-02 5.556830019e-02
 6.453863531e-02 7.407582551e-02 8.417455852e-02 9.482742101e-02 1.060240120e-01
 1.177496165e-01 1.299832314e-01 1.426949501e-01 1.558423042e-01 1.693653911e-01
 1.831808090e-01 1.971742064e-01 2.111924589e-01 2.250371277e-01 2.384631485e-01
 2.511884570e-01 2.629182637e-01 2.733816504e-01 2.823687196e-01 2.897569835e-01
 2.955232263e-01 2.997418642e-01 3.025708199e-01 3.042238355e-01 3.049328327e-01
 5.305103958e-02 5.256894976e-02 4.801348597e-02 4.258210212e-02 3.793467209e-02
 3.384492919e-02 3.015224636e-02 2.675523609e-02 2.359088883e-02 2.062017284e-02
 1.781932265e-02 1.517466735e-02 1.267953496e-02 1.033239998e-02 8.135776035e-03
 6.095595192e-03 4.220838193e-03 2.523208037e-03 1.016421476e-03-2.119506244e-04
-1.154068508e-03-1.772989286e-03-2.032742137e-03-1.897730515e-03-1.332061365e-03
-2.980594290e-04 1.247527543e-03 3.230027389e-03 5.691875238e-03 8.662253618e-03
 1.216099504e-02 1.619812846e-02 2.076904103e-02 2.587935328e-02 3.153508529e-02
 3.774004057e-02 4.449851438e-02 5.181530491e-02 5.969586223e-02 6.814617664e-02
 7.717265189e-02 8.678201586e-02 9.698118269e-02 1.077769697e-01 1.191754937e-01
 1.311812252e-01 1.437953115e-01 1.570131183e-01 1.708200872e-01 1.851857901e-01
 2.000547349e-01 2.153329104e-01 2.308684886e-01 2.464259267e-01 2.616573274e-01
 2.760893106e-01 2.891650200e-01 3.003582954e-01 3.092901409e-01 3.157750964e-01
 3.198194504e-01 3.216158152e-01 3.215356469e-01 3.200795054e-01 3.177586794e-01
 3.869121522e-02 3.737829998e-02 3.370150179e-02 3.022754192e-02 2.740159631e-02
 2.486430481e-02 2.250178717e-02 2.026841976e-02 1.814573072e-02 1.612810232e-02
 1.421675365e-02 1.241693180e-02 1.073652226e-02 9.185399860e-03 7.775225211e-03
 6.519543938e-03 5.434186198e-03 4.538086709e-03 3.854904789e-03 3.416439984e-03
 3.249348141e-03 3.381449962e-03 3.840604797e-03 4.654012620e-03 5.847491324e-03
 7.444254588e-03 9.462208487e-03 1.190727577e-02 1.479403861e-02 1.813836209e-02
 2.195440978e-02 2.625346184e-02 3.104406409e-02 3.633490205e-02 4.213490710e-02
 4.845320433e-02 5.529958382e-02 6.268483400e-02 7.062105089e-02 7.912189513e-02
 8.820286393e-02 9.788160771e-02 1.081782281e-01 1.191155612e-01 1.307194680e-01
 1.430188417e-01 1.560453773e-01 1.698325574e-01 1.844136566e-01 1.998175532e-01
 2.160610557e-01 2.331351340e-01 2.509802580e-01 2.694400549e-01 2.881666720e-01
 3.064141870e-01 3.228202462e-01 3.360327482e-01 3.454408050e-01 3.508892059e-01
 3.524375558e-01 3.503639102e-01 3.453480899e-01 3.387249410e-01 3.319000006e-01
 1.905076206e-02 1.539724320e-02 1.556723937e-02 1.607133262e-02 1.578167267e-02
 1.510071289e-02 1.420913171e-02 1.320504211e-02 1.215112396e-02 1.109224930e-02
 1.006318070e-02 9.092452005e-03 8.204573765e-03 7.421498187e-03 6.763674319e-03
 6.250912324e-03 5.903117824e-03 5.740939174e-03 5.786255933e-03 6.062192842e-03
 6.591645069e-03 7.397274487e-03 8.501218632e-03 9.924717247e-03 1.168766804e-02
 1.380810607e-02 1.630169898e-02 1.918171346e-02 2.246133983e-02 2.615364827e-02
 3.027120978e-02 3.482589871e-02 3.982909769e-02 4.529228061e-02 5.122745037e-02
 5.764747411e-02 6.456647813e-02 7.200022042e-02 7.996659726e-02 8.848605305e-02
 9.758223593e-02 1.072826311e-01 1.176194921e-01 1.286309063e-01 1.403621286e-01
 1.528672874e-01 1.662112623e-01 1.804721653e-01 1.957437694e-01 2.121379822e-01
 2.297864705e-01 2.488402724e-01 2.694661319e-01 2.918409109e-01 3.161606789e-01
 3.427698612e-01 3.665882945e-01 3.828736544e-01 3.928022981e-01 3.969882727e-01
 3.949042857e-01 3.870340586e-01 3.725936413e-01 3.562428951e-01 3.438017368e-01
 5.420627072e-03 1.016431139e-03 2.039804822e-03 4.045024049e-03 5.259255413e-03
 5.910888314e-03 6.179858930e-03 6.198476534e-03 6.063925102e-03 5.849112757e-03
 5.610172637e-03 5.391480867e-03 5.229105707e-03 5.153262522e-03 5.190106574e-03
 5.363074597e-03 5.693871994e-03 6.203182973e-03 6.911107805e-03 7.837312296e-03
 9.000901133e-03 1.042031962e-02 1.211323403e-02 1.409638859e-02 1.638546214e-02
 1.899496280e-02 2.193822525e-02 2.522761561e-02 2.887500077e-02 3.289203346e-02
 3.729031980e-02 4.208159074e-02 4.727794603e-02 5.289220810e-02 5.893826485e-02
 6.543141603e-02 7.238876820e-02 7.982966304e-02 8.777614683e-02 9.625361115e-02
 1.052914932e-01 1.149242967e-01 1.251928508e-01 1.361460388e-01 1.478430331e-01
 1.603564620e-01 1.737766415e-01 1.882173270e-01 2.038239539e-01 2.207848132e-01
 2.393463552e-01 2.598326504e-01 2.826672196e-01 3.083913922e-01 3.376744092e-01
 3.689847589e-01 3.929118514e-01 4.092653692e-01 4.184686542e-01 4.202132225e-01
 4.147150815e-01 4.008873105e-01 3.801243007e-01 3.622392118e-01 3.478500843e-01
-3.905489575e-03-8.686963469e-03-7.473779377e-03-5.072813481e-03-3.273923416e-03
-1.956506399e-03-1.003528247e-03-3.085323842e-04 2.188363578e-04 6.524882047e-04
 1.051872387e-03 1.464688219e-03 1.929554273e-03 2.478318755e-03 3.137911670e-03
 3.931750543e-03 4.880757071e-03 6.004049443e-03 7.319380529e-03 8.843370713e-03
 1.059160754e-02 1.257868763e-02 1.481823251e-02 1.732290536e-02 2.010445110e-02
 2.317377366e-02 2.654107474e-02 3.021607921e-02 3.420831636e-02 3.852741420e-02
 4.318339378e-02 4.818694666e-02 5.354975909e-02 5.928479508e-02 6.540663540e-02
 7.193177938e-02 7.887892425e-02 8.626940101e-02 9.412750602e-02 1.024811044e-01
 1.113622934e-01 1.208083928e-01 1.308632791e-01 1.415791214e-01 1.530189961e-01
 1.652601957e-01 1.783992946e-01 1.925592721e-01 2.079000324e-01 2.246349454e-01
 2.430567443e-01 2.635804415e-01 2.868127823e-01 3.136398196e-01 3.450039029e-01
 3.727124333e-01 3.935905695e-01 4.076813161e-01 4.147815108e-01 4.148512483e-01
 4.066510499e-01 3.894926012e-01 3.709413707e-01 3.554581702e-01 3.424445093e-01
-9.956438094e-03-1.499716379e-02-1.419614628e-02-1.184358262e-02-9.955980815e-03
-8.449748158e-03-7.226527669e-03-6.194751710e-03-5.275941920e-03-4.406189546e-03
-3.534787102e-03-2.621693769e-03-1.634857850e-03-5.479254760e-04 6.614915910e-04
 2.013002755e-03 3.524174914e-03 5.210943054e-03 7.087811828e-03 9.167939425e-03
 1.146318670e-02 1.398416050e-02 1.674029231e-02 1.973995753e-02 2.299061790e-02
 2.649901994e-02 3.027141094e-02 3.431382403e-02 3.863240406e-02 4.323373362e-02
 4.812523723e-02 5.331554264e-02 5.881484598e-02 6.463526189e-02 7.079105079e-02
 7.729891688e-02 8.417808264e-02 9.145052731e-02 9.914112091e-02 1.072779298e-01
 1.158925965e-01 1.250210255e-01 1.347042322e-01 1.449896693e-01 1.559329480e-01
 1.676002145e-01 1.800714284e-01 1.934448779e-01 2.078436017e-01 2.234247774e-01
 2.403945625e-01 2.590334415e-01 2.797475457e-01 3.032268286e-01 3.282709420e-01
 3.493040204e-01 3.654705882e-01 3.764748275e-01 3.822085261e-01 3.818306923e-01
 3.750450611e-01 3.625393510e-01 3.505204320e-01 3.395453691e-01 3.296625912e-01
-1.389706694e-02-1.929073967e-02-1.869287528e-02-1.669514365e-02-1.512140781e-02
-1.382777002e-02-1.269118860e-02-1.161725074e-02-1.053932309e-02-9.412450716e-03
-8.206421509e-03-6.899968255e-03-5.476613529e-03-3.922065720e-03-2.222857438e-03
-3.658545902e-04 1.661680872e-03 3.871764289e-03 6.275296211e-03 8.881744929e-03
 1.169896964e-02 1.473320927e-02 1.798920520e-02 2.147042193e-02 2.517931536e-02
 2.911761589e-02 3.328663483e-02 3.768759221e-02 4.232199490e-02 4.719208553e-02
 5.230137706e-02 5.765517429e-02 6.326110661e-02 6.912952662e-02 7.527378201e-02
 8.171029389e-02 8.845845610e-02 9.554043412e-02 1.029808894e-01 1.108068377e-01
 1.190474629e-01 1.277342886e-01 1.369013339e-01 1.465855688e-01 1.568273753e-01
 1.676711142e-01 1.791655123e-01 1.913636029e-01 2.043215930e-01 2.180953324e-01
 2.327308208e-01 2.482413799e-01 2.645520568e-01 2.813757658e-01 2.979010344e-01
 3.125346303e-01 3.243591487e-01 3.328913748e-01 3.378261924e-01 3.390173316e-01
 3.366068304e-01 3.317421079e-01 3.257216811e-01 3.192610443e-01 3.127885461e-01
-1.504308823e-02-2.079849318e-02-2.093228325e-02-1.987703517e-02-1.919319294e-02
-1.858295500e-02-1.787461527e-02-1.698832214e-02-1.589946076e-02-1.461061183e-02
-1.313413493e-02-1.148257032e-02-9.664028883e-03-7.680727635e-03-5.529431161e-03
-3.202943364e-03-6.919850712e-04 2.013000660e-03 4.920403007e-03 8.036494255e-03
 1.136501040e-02 1.490719244e-02 1.866214722e-02 2.262736671e-02 2.679922059e-02
 3.117337264e-02 3.574506193e-02 4.050939158e-02 4.546166956e-02 5.059799179e-02
 5.591603369e-02 6.141598523e-02 6.710148603e-02 7.298035920e-02 7.906490564e-02
 8.537184447e-02 9.192168713e-02 9.873790294e-02 1.058458760e-01 1.132719889e-01
 1.210428253e-01 1.291847080e-01 1.377232820e-01 1.466832310e-01 1.560877711e-01
 1.659578383e-01 1.763104647e-01 1.871559918e-01 1.984932423e-01 2.103011459e-01
 2.225250900e-01 2.350551337e-01 2.476943731e-01 2.601226866e-01 2.718830109e-01
 2.824440300e-01 2.913267612e-01 2.981861532e-01 3.028337061e-01 3.052543998e-01
 3.056315780e-01 3.043361008e-01 3.018242419e-01 2.985166907e-01 2.947455645e-01
-1.197647769e-02-1.768169180e-02-2.030875348e-02-2.188388444e-02-2.313235775e-02
-2.375378832e-02-2.368625440e-02-2.301919088e-02-2.187147737e-02-2.035055682e-02
-1.854136400e-02-1.650367305e-02-1.427320298e-02-1.186534856e-02-9.280528873e-03
-6.509997882e-03-3.541123588e-03-3.615862806e-04 3.037710441e-03 6.661038846e-03
 1.050747558e-02 1.457156613e-02 1.884462684e-02 2.331619151e-02 2.797510847e-02
 3.281003609e-02 3.780939057e-02 4.296103492e-02 4.825218767e-02 5.366995931e-02
 5.920273438e-02 6.484219432e-02 7.058544457e-02 7.643668354e-02 8.240789920e-02
 8.851847053e-02 9.479359537e-02 1.012620032e-01 1.079533398e-01 1.148960441e-01
 1.221158206e-01 1.296347827e-01 1.374710798e-01 1.456383467e-01 1.541451663e-01
 1.629938036e-01 1.721783429e-01 1.816816926e-01 1.914712489e-01 2.014928758e-01
 2.116631120e-01 2.218602151e-01 2.319162786e-01 2.416151166e-01 2.507022321e-01
 2.589108348e-01 2.659974694e-01 2.717758417e-01 2.761400938e-01 2.790774703e-01
 2.806682587e-01 2.810707092e-01 2.804906368e-01 2.791462839e-01 2.772408128e-01
-8.106498979e-03-1.404923759e-02-1.964896359e-02-2.506908774e-02-2.994702756e-02
-3.153343499e-02-3.159047291e-02-3.063884005e-02-2.900722250e-02-2.692672238e-02
-2.455811016e-02-2.200097404e-02-1.930184662e-02-1.646694168e-02-1.347742043e-02
-1.030315924e-02-6.913083140e-03-3.282048274e-03 6.049535004e-04 4.750836641e-03
 9.146792814e-03 1.377503760e-02 1.861317083e-02 2.363851294e-02 2.883076295e-02
 3.417228907e-02 3.964644670e-02 4.523486644e-02 5.091507733e-02 5.666007847e-02
 6.244112551e-02 6.823319197e-02 7.402085513e-02 7.980232686e-02 8.559118956e-02
 9.141568840e-02 9.731509537e-02 1.033334360e-01 1.095127314e-01 1.158884168e-01
 1.224875748e-01 1.293291301e-01 1.364245415e-01 1.437782645e-01 1.513877064e-01
 1.592426896e-01 1.673239470e-01 1.756013483e-01 1.840312630e-01 1.925536394e-01
 2.010890394e-01 2.095363438e-01 2.177725136e-01 2.256557196e-01 2.330330610e-01
 2.397528887e-01 2.456795722e-01 2.507081628e-01 2.547755837e-01 2.578665614e-01
 2.600134313e-01 2.612893581e-01 2.617968023e-01 2.616535425e-01 2.609800696e-01
-6.078823935e-03-1.280287374e-02-2.013267018e-02-2.845101990e-02-3.764905035e-02
-4.273629934e-02-4.280669615e-02-4.041415453e-02-3.746461868e-02-3.423829377e-02
-3.095521405e-02-2.772658691e-02-2.455457486e-02-2.137298323e-02-1.809123345e-02
-1.462183520e-02-1.089276746e-02-6.852638908e-03-2.474250738e-03 2.242080634e-03
 7.268219255e-03 1.255554613e-02 1.804997399e-02 2.370660380e-02 2.949602716e-02
 3.540198505e-02 4.141412675e-02 4.751844332e-02 5.368631706e-02 5.986613035e-02
 6.598830968e-02 7.198749483e-02 7.782201469e-02 8.347926289e-02 8.897669613e-02
 9.436458349e-02 9.972251207e-02 1.051384285e-01 1.106832922e-01 1.164029241e-01
 1.223228723e-01 1.284549832e-01 1.348016113e-01 1.413576901e-01 1.481116116e-01
 1.550448537e-01 1.621314883e-01 1.693369746e-01 1.766169965e-01 1.839164943e-01
 1.911687553e-01 1.982956976e-01 2.052090317e-01 2.118134946e-01 2.180114836e-01
 2.237095684e-01 2.288255244e-01 2.332951576e-01 2.370774746e-01 2.401577532e-01
 2.425474823e-01 2.442816496e-01 2.454137951e-01 2.460098863e-01 2.461419553e-01
-3.498072736e-03-1.040936261e-02-1.820824482e-02-2.735550143e-02-3.821296990e-02
-4.637854546e-02-5.057165027e-02-5.062649399e-02-4.652399197e-02-4.128766060e-02
-3.671687096e-02-3.289901465e-02-2.956357971e-02-2.639248222e-02-2.313526347e-02
-1.961818151e-02-1.571963355e-02-1.135300286e-02-6.465062033e-03-1.051668893e-03
 4.814460874e-03 1.098445803e-02 1.730675995e-02 2.369591780e-02 3.013037518e-02
 3.662484884e-02 4.320939630e-02 4.991468787e-02 5.675175041e-02 6.364835799e-02
 7.036142051e-02 7.670095563e-02 8.261018991e-02 8.807231486e-02 9.308978170e-02
 9.771634638e-02 1.021709442e-01 1.067299023e-01 1.114936024e-01 1.164819300e-01
 1.216927394e-01 1.271162778e-01 1.327389479e-01 1.385441273e-01 1.445117593e-01
 1.506176144e-01 1.568325907e-01 1.631219089e-01 1.694445759e-01 1.757530272e-01
 1.819933206e-01 1.881056726e-01 1.940259039e-01 1.996876150e-01 2.050250620e-01
 2.099767327e-01 2.144888639e-01 2.185189873e-01 2.220384330e-01 2.250339389e-01
 2.275076807e-01 2.294763029e-01 2.309684604e-01 2.320219725e-01 2.326806188e-01
 4.403795174e-04-5.871180445e-03-1.282220334e-02-2.052237093e-02-2.897000499e-02
-3.795640171e-02-4.585700482e-02-4.981771857e-02-4.938771948e-02-4.419472069e-02
-3.915192932e-02-3.606572002e-02-3.387798369e-02-3.158265725e-02-2.891017124e-02
-2.573159896e-02-2.194030769e-02-1.742419414e-02-1.205478981e-02-5.692220293e-03
 1.711477060e-03 9.426667355e-03 1.683740690e-02 2.398494259e-02 3.098099679e-02
 3.793808818e-02 4.496672004e-02 5.218506604e-02 5.973947048e-02 6.782257557e-02
 7.538773865e-02 8.210972697e-02 8.810929209e-02 9.333152324e-02 9.775028378e-02
 1.012449414e-01 1.042154059e-01 1.077696905e-01 1.117360145e-01 1.160213202e-01
 1.205685139e-01 1.253384799e-01 1.303010881e-01 1.354300231e-01 1.406995058e-01
 1.460823119e-01 1.515487134e-01 1.570656300e-01 1.625964344e-01 1.681008041e-01
 1.735351533e-01 1.788531840e-01 1.840069294e-01 1.889483035e-01 1.936307847e-01
 1.980113834e-01 2.020526826e-01 2.057246268e-01 2.090058923e-01 2.118847370e-01
 2.143591940e-01 2.164364457e-01 2.181318700e-01 2.194674015e-01 2.204699367e-01
 5.503665190e-03 2.206864592e-04-5.436186213e-03-1.146382280e-02-1.778008789e-02
-2.421623468e-02-3.052945435e-02-3.642554209e-02-3.970173001e-02-3.740524873e-02
-3.465668857e-02-3.397723660e-02-3.409983963e-02-3.313153237e-02-3.130862489e-02
-2.869240940e-02-2.523750812e-02-2.084253915e-02-1.533431187e-02-8.386281319e-03
 6.038330612e-04 9.746260010e-03 1.779918186e-02 2.525515482e-02 3.240364045e-02
 3.943834454e-02 4.651496559e-02 5.378510803e-02 6.142400950e-02 6.961429119e-02
 7.726541907e-02 8.398522437e-02 8.988113701e-02 9.492114186e-02 9.904364496e-02
 1.021036580e-01 1.045845300e-01 1.076355428e-01 1.111024767e-01 1.148782521e-01
 1.188980937e-01 1.231212318e-01 1.275182962e-01 1.320638657e-01 1.367327571e-01
 1.414985359e-01 1.463328898e-01 1.512055695e-01 1.560842991e-01 1.609349102e-01
 1.657218188e-01 1.704084128e-01 1.749578565e-01 1.793339700e-01 1.835023314e-01
 1.874314249e-01 1.910937577e-01 1.944669038e-01 1.975342333e-01 2.002854049e-01
 2.027165443e-01 2.048299015e-01 2.066333741e-01 2.081396878e-01 2.093653977e-01
 0.194386244E+01 0.197083366E+01 0.198757637E+01 0.200594974E+01 0.202555585E+01
 0.204626131E+01 0.206368256E+01 0.208016920E+01 0.209726906E+01 0.211487722E+01
 0.213119245E+01 0.214849591E+01 0.216569996E+01 0.218243647E+01 0.219985890E+01
 0.221750641E+01 0.223506069E+01 0.225299764E+01 0.227137566E+01 0.229014587E+01
 0.230903482E+01 0.232860160E+01 0.234864068E+01 0.236928725E+01 0.239034796E+01
 0.241214561E+01 0.243473911E+01 0.245821929E+01 0.248223948E+01 0.250716925E+01
 0.253319907E+01 0.256035757E+01 0.258844709E+01 0.261766338E+01 0.264823771E+01
 0.268028450E+01 0.271380401E+01 0.274886250E+01 0.278561330E+01 0.282433367E+01
 0.286512804E+01 0.290808392E+01 0.295344138E+01 0.300150776E+01 0.305246830E+01
 0.310666370E+01 0.316435790E+01 0.322615457E+01 0.329230070E+01 0.336361670E+01
 0.344048953E+01 0.352409363E+01 0.361479330E+01 0.371474648E+01 0.382459450E+01
 0.394707751E+01 0.408465576E+01 0.424127293E+01 0.442230892E+01 0.463764524E+01
 0.490002060E+01 0.523691082E+01 0.570725679E+01 0.650314713E+01 0.126384382E+02
   90   86
 0.107486308E+01-0.100000001E+00 0.107325578E+01 0.000000000E+00 0.107832038E+01
 0.100000001E+00 0.108312058E+01 0.150000006E+00 0.109752190E+01 0.250000000E+00
 0.110734797E+01 0.302732795E+00 0.112767124E+01 0.400000006E+00 0.113904154E+01
 0.449999988E+00 0.115867758E+01 0.532174349E+00 0.117582762E+01 0.600000024E+00
 0.118919182E+01 0.650416017E+00 0.121187496E+01 0.731800377E+00 0.123356330E+01
 0.800000012E+00 0.125204563E+01 0.850000024E+00 0.127566409E+01 0.899999976E+00
 0.131376839E+01 0.949493766E+00 0.134468746E+01 0.969805360E+00 0.139781249E+01
 0.979113281E+00 0.145093751E+01 0.973878980E+00 0.150406253E+01 0.959897101E+00
 0.153133297E+01 0.949674368E+00 0.158375001E+01 0.929264784E+00 0.163687503E+01
 0.902434945E+00 0.166343749E+01 0.887809634E+00 0.171656251E+01 0.854814351E+00
 0.174312496E+01 0.836839080E+00 0.179236388E+01 0.800000012E+00 0.182281256E+01
 0.776688337E+00 0.185407043E+01 0.750000000E+00 0.190250003E+01 0.706604242E+00
 0.192906249E+01 0.680829704E+00 0.195880735E+01 0.649999976E+00 0.200322628E+01
 0.600000024E+00 0.203531241E+01 0.560976863E+00 0.206187510E+01 0.525271416E+00
 0.208843756E+01 0.486249775E+00 0.211500001E+01 0.443481177E+00 0.214156246E+01
 0.396369874E+00 0.216812491E+01 0.344094872E+00 0.219468760E+01 0.285252988E+00
 0.222125006E+01 0.216801599E+00 0.224212527E+01 0.150000006E+00 0.225405979E+01
 0.100000001E+00 0.226597905E+01 0.000000000E+00 0.226211643E+01-0.100000001E+00
 0.224781251E+01-0.180330113E+00 0.222994566E+01-0.250000000E+00 0.221382308E+01
-0.300000012E+00 0.219468760E+01-0.353228003E+00 0.216812491E+01-0.417034775E+00
 0.214156246E+01-0.472997010E+00 0.211500001E+01-0.522637129E+00 0.208843756E+01
-0.567159414E+00 0.206187510E+01-0.607519627E+00 0.202890754E+01-0.652615070E+00
 0.199145877E+01-0.699999988E+00 0.195791936E+01-0.739581168E+00 0.192906249E+01
-0.771949887E+00 0.189723516E+01-0.805188537E+00 0.185554636E+01-0.846916258E+00
 0.182296014E+01-0.878610730E+00 0.179179013E+01-0.906444371E+00 0.174925542E+01
-0.943010330E+00 0.171656251E+01-0.969655871E+00 0.167141652E+01-0.100292921E+01
 0.163687503E+01-0.102687812E+01 0.159387612E+01-0.105347276E+01 0.155718756E+01
-0.107497048E+01 0.151070309E+01-0.109861851E+01 0.147749996E+01-0.111494231E+01
 0.142437506E+01-0.113731503E+01 0.138463807E+01-0.115174508E+01 0.134468746E+01
-0.116597033E+01 0.129156256E+01-0.117911053E+01 0.123843753E+01-0.118486166E+01
 0.118179488E+01-0.117655396E+01 0.116009831E+01-0.115556824E+01 0.116301358E+01
-0.110984552E+01 0.117498648E+01-0.101249993E+01 0.117612064E+01-0.912500024E+00
 0.117160010E+01-0.825000048E+00 0.116049719E+01-0.725000024E+00 0.115210938E+01
-0.664907038E+00 0.113837039E+01-0.575000048E+00 0.112554693E+01-0.494964004E+00
 0.111404812E+01-0.424999982E+00 0.110029244E+01-0.335914016E+00 0.109149027E+01
-0.274111569E+00 0.108063078E+01-0.174999997E+00 0.809036374E+00-0.112500004E+00
 0.101600003E+01 0.000000000E+00 0.101600003E+01 0.963999987E+00 0.101600003E+01
 0.967999995E+00 0.101600003E+01 0.100100005E+01 0.101600003E+01 0.101900005E+01
 0.101600003E+01 0.107700002E+01 0.101600003E+01 0.107000005E+01 0.101600003E+01
 0.109599996E+01 0.101600003E+01 0.111300004E+01 0.101600003E+01 0.113800001E+01
 0.101600003E+01 0.114699996E+01 0.101199996E+01 0.116499996E+01 0.100100005E+01
 0.121700001E+01 0.102900004E+01 0.121700001E+01 0.104200006E+01 0.116240001E+01
 0.104600000E+01 0.116237998E+01 0.105599999E+01 0.116260004E+01 0.109700000E+01
 0.116450000E+01 0.110800004E+01 0.116594005E+01 0.111600006E+01 0.116591001E+01
 0.113399994E+01 0.116895998E+01 0.114800000E+01 0.117174995E+01 0.116199994E+01
 0.117556000E+01 0.118099999E+01 0.118299997E+01 0.118200004E+01 0.118350005E+01
 0.118499994E+01 0.118499994E+01 0.119000006E+01 0.118799996E+01 0.119500005E+01
 0.119099998E+01 0.120099998E+01 0.119599998E+01 0.120899999E+01 0.120200002E+01
 0.121500003E+01 0.120799994E+01 0.122200000E+01 0.121399999E+01 0.122800004E+01
 0.122099996E+01 0.123399997E+01 0.123099995E+01 0.123899996E+01 0.123800004E+01
 0.124199998E+01 0.124399996E+01 0.124800003E+01 0.125399995E+01 0.125800002E+01
 0.127800000E+01 0.126300001E+01 0.128999996E+01 0.127999997E+01 0.133099997E+01
 0.127999997E+01 0.134700000E+01 0.127999997E+01 0.134800005E+01 0.130999994E+01
 0.134800005E+01 0.132799995E+01 0.134800005E+01 0.136099994E+01 0.134800005E+01
 0.138000000E+01 0.134800005E+01 0.141900003E+01 0.134800005E+01 0.141900003E+01
 0.130999994E+01 0.137199998E+01 0.130999994E+01 0.137199998E+01 0.129200006E+01
 0.160800004E+01 0.109500003E+01 0.164699996E+01 0.107700002E+01 0.178499997E+01
 0.107700002E+01 0.206999993E+01 0.103999996E+01 0.212800002E+01 0.992999971E+00
 0.224499989E+01 0.708999991E+00 0.232299995E+01 0.518999994E+00 0.237700009E+01
 0.388999999E+00 0.236249995E+01 0.400000006E+00 0.236443496E+01 0.222000003E+00
 0.236496902E+01 0.133000001E+00 0.236532402E+01 0.439999998E-01 0.236512089E+01
-0.439999998E-01 0.236484194E+01-0.133000001E+00 0.236433411E+01-0.222000003E+00
 0.236249995E+01-0.400000006E+00 0.237700009E+01-0.388999999E+00 0.213400006E+01
-0.972999990E+00 0.178600001E+01-0.117400002E+01 0.176800001E+01-0.121099997E+01
 0.176800001E+01-0.125000000E+01 0.168200004E+01-0.125000000E+01 0.137199998E+01
-0.125000000E+01 0.137199998E+01-0.132900000E+01 0.141999996E+01-0.132900000E+01
 0.141999996E+01-0.136300004E+01 0.127300000E+01-0.136300004E+01 0.115300000E+01
-0.136300004E+01 0.101600003E+01-0.122300005E+01 0.101600003E+01-0.122300005E+01
 0.101600003E+01-0.829999983E+00 0.101600003E+01-0.800000012E+00 0.101600003E+01
-0.414999992E+00 0.101600003E+01-0.400000006E+00 0.101600003E+01-0.100000005E-02
 0.101600003E+01 0.000000000E+00
    0 0.169550002E+01    0
 0.000000000E+00 0.100976363E+00 0.143378407E+00 0.176112443E+00 0.203546047E+00
 0.227205351E+00 0.249800295E+00 0.270613104E+00 0.290154696E+00 0.308617145E+00
 0.326115847E+00 0.342932194E+00 0.359076619E+00 0.374592513E+00 0.389679730E+00
 0.404334098E+00 0.418515623E+00 0.432381690E+00 0.445968181E+00 0.459235579E+00
 0.472211838E+00 0.484946758E+00 0.497538894E+00 0.509872496E+00 0.522021174E+00
 0.534000576E+00 0.545849860E+00 0.557575583E+00 0.569135845E+00 0.580572009E+00
 0.591936052E+00 0.603204906E+00 0.614369988E+00 0.625471354E+00 0.636485815E+00
 0.647462547E+00 0.658395827E+00 0.669272959E+00 0.680107474E+00 0.690948248E+00
 0.701758027E+00 0.712559462E+00 0.723354876E+00 0.734179139E+00 0.745008111E+00
 0.755878568E+00 0.766788900E+00 0.777750432E+00 0.788761973E+00 0.799869418E+00
 0.811051369E+00 0.822361648E+00 0.833763540E+00 0.845351458E+00 0.857073069E+00
 0.869009316E+00 0.881163955E+00 0.893592715E+00 0.906340778E+00 0.919513702E+00
 0.933145106E+00 0.947409213E+00 0.962576866E+00 0.979151249E+00 0.100000000E+01
    0
