  EFITD    06/25/2013    #1553313000.0ms  EFIT01   0  65  65
 0.170000005E+01 0.320000005E+01 0.169550002E+01 0.839999974E+00 0.000000000E+00
 0.182235396E+01-0.412431881E-01-0.185363829E+00-0.477185100E-02 0.165871763E+01
 0.102715256E+07-0.185363829E+00 0.000000000E+00 0.182235396E+01 0.000000000E+00
-0.412431881E-01 0.000000000E+00-0.477185100E-02 0.000000000E+00 0.000000000E+00
 0.275277495E+01 0.275551128E+01 0.275815368E+01 0.276070428E+01 0.276316476E+01
 0.276553726E+01 0.276782393E+01 0.277002597E+01 0.277214575E+01 0.277418447E+01
 0.277614474E+01 0.277802801E+01 0.277983594E+01 0.278157067E+01 0.278323340E+01
 0.278482628E+01 0.278635120E+01 0.278780961E+01 0.278920341E+01 0.279053426E+01
 0.279180384E+01 0.279301381E+01 0.279416633E+01 0.279526258E+01 0.279630423E+01
 0.279729342E+01 0.279823160E+01 0.279912019E+01 0.279996133E+01 0.280075622E+01
 0.280150700E+01 0.280221486E+01 0.280288196E+01 0.280350947E+01 0.280409932E+01
 0.280465317E+01 0.280517244E+01 0.280565906E+01 0.280611444E+01 0.280654025E+01
 0.280693817E+01 0.280730987E+01 0.280765724E+01 0.280798125E+01 0.280828428E+01
 0.280856705E+01 0.280883217E+01 0.280908060E+01 0.280931425E+01 0.280953479E+01
 0.280974340E+01 0.280994225E+01 0.281013274E+01 0.281031632E+01 0.281049490E+01
 0.281067014E+01 0.281084323E+01 0.281101608E+01 0.281119061E+01 0.281136775E+01
 0.281154990E+01 0.281173778E+01 0.281193376E+01 0.281213903E+01 0.281235552E+01
 0.111112539E+06 0.108099586E+06 0.105127164E+06 0.102195273E+06 0.993039141E+05
 0.964530938E+05 0.936428125E+05 0.908730625E+05 0.881438438E+05 0.854551562E+05
 0.828070000E+05 0.801993828E+05 0.776323047E+05 0.751057578E+05 0.726197422E+05
 0.701742656E+05 0.677693125E+05 0.654049062E+05 0.630810273E+05 0.607976875E+05
 0.585548750E+05 0.563526016E+05 0.541908594E+05 0.520696523E+05 0.499889805E+05
 0.479488398E+05 0.459492344E+05 0.439901641E+05 0.420716289E+05 0.401936250E+05
 0.383561562E+05 0.365592188E+05 0.348028203E+05 0.330869570E+05 0.314116211E+05
 0.297768242E+05 0.281825586E+05 0.266288281E+05 0.251156328E+05 0.236429727E+05
 0.222108438E+05 0.208192500E+05 0.194681895E+05 0.181576641E+05 0.168876738E+05
 0.156582158E+05 0.144692920E+05 0.133209033E+05 0.122130479E+05 0.111457266E+05
 0.101189395E+05 0.913268652E+04 0.818696826E+04 0.728178320E+04 0.641713232E+04
 0.559301562E+04 0.480943311E+04 0.406638477E+04 0.336387036E+04 0.270189014E+04
 0.208044409E+04 0.149953186E+04 0.959153809E+03 0.459309875E+03 0.000000000E+00
 0.271591997E+01 0.262611580E+01 0.253792524E+01 0.245134854E+01 0.236638546E+01
 0.228303623E+01 0.220130086E+01 0.212117887E+01 0.204267097E+01 0.196577668E+01
 0.189049602E+01 0.181682920E+01 0.174477613E+01 0.167433691E+01 0.160551131E+01
 0.153829932E+01 0.147270131E+01 0.140871692E+01 0.134634626E+01 0.128558934E+01
 0.122644627E+01 0.116891682E+01 0.111300111E+01 0.105869913E+01 0.100601101E+01
 0.954936564E+00 0.905475855E+00 0.857628882E+00 0.811395645E+00 0.766776145E+00
 0.723770440E+00 0.682378411E+00 0.642600179E+00 0.604435682E+00 0.567884862E+00
 0.532947779E+00 0.499624521E+00 0.467914939E+00 0.437819123E+00 0.409337044E+00
 0.382468700E+00 0.357214123E+00 0.333573252E+00 0.311546147E+00 0.291132778E+00
 0.272333115E+00 0.255147219E+00 0.239575073E+00 0.225616649E+00 0.213271990E+00
 0.202541038E+00 0.193423867E+00 0.185920417E+00 0.180030704E+00 0.175754711E+00
 0.173092499E+00 0.172043994E+00 0.172609255E+00 0.174788237E+00 0.178580970E+00
 0.183987454E+00 0.191007659E+00 0.199641615E+00 0.209889308E+00 0.221750736E+00
-0.107501688E+07-0.106065075E+07-0.104628456E+07-0.103191844E+07-0.101755225E+07
-0.100318619E+07-0.988820000E+06-0.974453875E+06-0.960087750E+06-0.945721562E+06
-0.931355438E+06-0.916989312E+06-0.902623125E+06-0.888257000E+06-0.873890875E+06
-0.859524688E+06-0.845158625E+06-0.830792438E+06-0.816426312E+06-0.802060125E+06
-0.787694000E+06-0.773327875E+06-0.758961750E+06-0.744595625E+06-0.730229438E+06
-0.715863312E+06-0.701497125E+06-0.687131000E+06-0.672764875E+06-0.658398750E+06
-0.644032562E+06-0.629666438E+06-0.615300312E+06-0.600934188E+06-0.586568000E+06
-0.572201875E+06-0.557835750E+06-0.543469562E+06-0.529103500E+06-0.514737312E+06
-0.500371156E+06-0.486005031E+06-0.471638875E+06-0.457272750E+06-0.442906594E+06
-0.428540469E+06-0.414174312E+06-0.399808156E+06-0.385442031E+06-0.371075875E+06
-0.356709750E+06-0.342343594E+06-0.327977469E+06-0.313611312E+06-0.299245188E+06
-0.284879031E+06-0.270512875E+06-0.256146734E+06-0.241780609E+06-0.227414469E+06
-0.213048328E+06-0.198682172E+06-0.184316031E+06-0.169949891E+06-0.155583750E+06
 3.084053844e-02 2.948402241e-02 2.819031104e-02 2.690053731e-02 2.554430440e-02
 2.402716316e-02 2.221522667e-02 1.992341317e-02 1.622925326e-02 1.008283161e-02
 2.692733658e-03-6.095027551e-03-1.496893819e-02-2.112579904e-02-2.518044598e-02
-2.739577554e-02-2.783916146e-02-2.645935491e-02-2.305084653e-02-1.715615951e-02
-7.878924720e-03 1.902760938e-03 9.999418631e-03 1.716144383e-02 2.380896732e-02
 3.020134009e-02 3.652510047e-02 4.293991625e-02 4.961094633e-02 5.671468750e-02
 6.337684393e-02 6.932037324e-02 7.465122640e-02 7.931958139e-02 8.329366148e-02
 8.647131920e-02 8.920048922e-02 9.241650999e-02 9.598293155e-02 9.981888533e-02
 1.038772985e-01 1.081290245e-01 1.125525758e-01 1.171280742e-01 1.218344495e-01
 1.266483366e-01 1.315438449e-01 1.364925206e-01 1.414635181e-01 1.464237273e-01
 1.513381749e-01 1.561704874e-01 1.608836502e-01 1.654407680e-01 1.698062569e-01
 1.739469767e-01 1.778332889e-01 1.814402938e-01 1.847486198e-01 1.877450794e-01
 1.904229224e-01 1.927817315e-01 1.948269904e-01 1.965694129e-01 1.980239302e-01
 2.723588422e-02 2.589771338e-02 2.484249882e-02 2.406480350e-02 2.350923419e-02
 2.304503322e-02 2.203033306e-02 1.955723763e-02 1.534136944e-02 9.195627645e-03
 2.532673068e-03-4.269246478e-03-1.059268229e-02-1.544216834e-02-1.873819344e-02
-2.051777951e-02-2.078308538e-02-1.948283985e-02-1.651142351e-02-1.172821503e-02
-5.125938449e-03 2.150747925e-03 9.065123275e-03 1.561536267e-02 2.192908525e-02
 2.813704126e-02 3.436246514e-02 4.072980583e-02 4.738263413e-02 5.447805673e-02
 6.117604300e-02 6.719106436e-02 7.261916250e-02 7.744560391e-02 8.163077384e-02
 8.506714553e-02 8.813431859e-02 9.172134846e-02 9.570124745e-02 9.999236465e-02
 1.045440063e-01 1.093218029e-01 1.142994687e-01 1.194538027e-01 1.247616336e-01
 1.301980019e-01 1.357350945e-01 1.413415521e-01 1.469822079e-01 1.526180208e-01
 1.582062542e-01 1.637011170e-01 1.690546274e-01 1.742179692e-01 1.791431606e-01
 1.837850362e-01 1.881031841e-01 1.920639724e-01 1.956420094e-01 1.988213360e-01
 2.015957534e-01 2.039686441e-01 2.059520185e-01 2.075652182e-01 2.088331580e-01
 2.250394970e-02 2.115807310e-02 2.036148496e-02 2.023226023e-02 2.076694183e-02
 2.050142549e-02 1.903155819e-02 1.623090729e-02 1.200516801e-02 7.368273102e-03
 2.839548048e-03-1.400464098e-03-5.140575580e-03-8.141721599e-03-1.022368763e-02
-1.127911732e-02-1.124559157e-02-1.008807309e-02-7.803520188e-03-4.450375214e-03
-1.952090679e-04 4.684424028e-03 9.909269400e-03 1.530538313e-02 2.080298401e-02
 2.639402449e-02 3.210040554e-02 3.795525432e-02 4.398640990e-02 5.015659705e-02
 5.619011074e-02 6.190556660e-02 6.727642566e-02 7.229483128e-02 7.695622742e-02
 8.128321916e-02 8.549677581e-02 8.990451694e-02 9.456762671e-02 9.948659688e-02
 1.046514213e-01 1.100490838e-01 1.156649739e-01 1.214824840e-01 1.274821907e-01
 1.336409450e-01 1.399309188e-01 1.463188529e-01 1.527654082e-01 1.592246890e-01
 1.656442583e-01 1.719654799e-01 1.781247258e-01 1.840551943e-01 1.896895766e-01
 1.949634403e-01 1.998187900e-01 2.042076737e-01 2.080952078e-01 2.114614397e-01
 2.143021524e-01 2.166281790e-01 2.184634507e-01 2.198423743e-01 2.208065391e-01
 1.597356983e-02 1.435980387e-02 1.356034074e-02 1.363759860e-02 1.434787177e-02
 1.397477183e-02 1.221779454e-02 9.797234088e-03 7.201669272e-03 4.523877054e-03
 1.884882571e-03-5.786282127e-04-2.723834477e-03-4.412546754e-03-5.524812266e-03
-5.968250800e-03-5.680901930e-03-4.632016644e-03-2.824797994e-03-3.008008061e-04
 2.859417582e-03 6.547142752e-03 1.064839121e-02 1.506682392e-02 1.973433234e-02
 2.460866794e-02 2.966418304e-02 3.487993777e-02 4.022617266e-02 4.565211385e-02
 5.108829215e-02 5.647077411e-02 6.176080927e-02 6.694679707e-02 7.204358280e-02
 7.709668577e-02 8.218189329e-02 8.738296479e-02 9.276351333e-02 9.836099297e-02
 1.041942015e-01 1.102702245e-01 1.165884286e-01 1.231421083e-01 1.299189329e-01
 1.369006187e-01 1.440620720e-01 1.513703465e-01 1.587833017e-01 1.662484854e-01
 1.737021357e-01 1.810688972e-01 1.882627457e-01 1.951891929e-01 2.017496228e-01
 2.078469843e-01 2.133928537e-01 2.183143944e-01 2.225603759e-01 2.261050344e-01
 2.289493084e-01 2.311190516e-01 2.326609641e-01 2.336366773e-01 2.341164052e-01
 6.715695374e-03 4.409113433e-03 3.581607249e-03 3.919294104e-03 4.667244852e-03
 4.654201213e-03 4.238308407e-03 3.489014460e-03 2.485476667e-03 1.319128089e-03
 9.173931903e-05-1.088918420e-03-2.114559291e-03-2.882380504e-03-3.300934099e-03
-3.294991795e-03-2.808923600e-03-1.808756497e-03-2.831910970e-04 1.756754471e-03
 4.280379508e-03 7.242858876e-03 1.059295889e-02 1.428060792e-02 1.826192066e-02
 2.250063419e-02 2.696649916e-02 3.163194656e-02 3.646866977e-02 4.144604504e-02
 4.653297737e-02 5.170283094e-02 5.693874881e-02 6.223710999e-02 6.760887802e-02
 7.307889313e-02 7.868243754e-02 8.445902169e-02 9.044563025e-02 9.667248279e-02
 1.031618416e-01 1.099284887e-01 1.169806346e-01 1.243204772e-01 1.319441348e-01
 1.398409754e-01 1.479924768e-01 1.563702822e-01 1.649338305e-01 1.736274064e-01
 1.823771298e-01 1.910882443e-01 1.996439844e-01 2.079072148e-01 2.157264054e-01
 2.229462713e-01 2.294219434e-01 2.350340039e-01 2.397012264e-01 2.433887571e-01
 2.461102456e-01 2.479236871e-01 2.489213347e-01 2.492164075e-01 2.489296198e-01
-7.582025137e-03-1.217126101e-02-1.056372467e-02-7.574500516e-03-5.326792598e-03
-3.688756377e-03-2.604164416e-03-1.987650758e-03-1.743500587e-03-1.772812451e-03
-1.975900494e-03-2.254281892e-03-2.513087587e-03-2.663817955e-03-2.627136651e-03
-2.335355384e-03-1.734340098e-03-7.846757071e-04 5.380237708e-04 2.243780298e-03
 4.329990596e-03 6.784161087e-03 9.587257169e-03 1.271702629e-02 1.615062915e-02
 1.986615732e-02 2.384310402e-02 2.806215733e-02 3.250491992e-02 3.715411201e-02
 4.199457914e-02 4.701494798e-02 5.220945552e-02 5.757933855e-02 6.313336641e-02
 6.888733059e-02 7.486255467e-02 8.108353615e-02 8.757556230e-02 9.436264634e-02
 1.014662236e-01 1.089045182e-01 1.166922376e-01 1.248402670e-01 1.333551705e-01
 1.422381401e-01 1.514833570e-01 1.610753685e-01 1.709851921e-01 1.811649799e-01
 1.915407032e-01 2.020035684e-01 2.124013901e-01 2.225335836e-01 2.321560830e-01
 2.410012335e-01 2.488109618e-01 2.553724051e-01 2.605457008e-01 2.642803490e-01
 2.666207850e-01 2.676971853e-01 2.677005529e-01 2.668479383e-01 2.653509080e-01
-1.857165620e-02-2.451508306e-02-2.183771692e-02-1.676572300e-02-1.287073176e-02
-9.913471527e-03-7.707333192e-03-6.110211834e-03-5.000669044e-03-4.268051591e-03
-3.808936803e-03-3.526160959e-03-3.329025581e-03-3.134084865e-03-2.866212977e-03
-2.459662966e-03-1.858903444e-03-1.019097515e-03 9.386176680e-05 1.503805281e-03
 3.225226188e-03 5.264643580e-03 7.622280158e-03 1.029391401e-02 1.327261701e-02
 1.655001193e-02 2.011708356e-02 2.396475710e-02 2.808442898e-02 3.246855736e-02
 3.711139411e-02 4.200981185e-02 4.716412723e-02 5.257873610e-02 5.826235563e-02
 6.422789395e-02 7.049186528e-02 7.707354426e-02 8.399398625e-02 9.127520025e-02
 9.893944114e-02 1.070088074e-01 1.155049801e-01 1.244489774e-01 1.338608414e-01
 1.437589377e-01 1.541586965e-01 1.650702953e-01 1.764946282e-01 1.884163916e-01
 2.007926106e-01 2.135341465e-01 2.264777571e-01 2.393503934e-01 2.517424822e-01
 2.631368339e-01 2.730200887e-01 2.809898555e-01 2.867946029e-01 2.903487682e-01
 2.917559147e-01 2.913197577e-01 2.894777060e-01 2.866741121e-01 2.832787335e-01
-2.372543886e-02-3.017193638e-02-2.703386731e-02-2.141797915e-02-1.688439958e-02
-1.329179108e-02-1.050776057e-02-8.403366432e-03-6.857643835e-03-5.758301821e-03
-5.001408979e-03-4.490877502e-03-4.138096701e-03-3.861705307e-03-3.587917192e-03
-3.250897396e-03-2.792973537e-03-2.164701931e-03-1.324779121e-03-2.397990611e-04
 1.116109197e-03 2.761723474e-03 4.709337372e-03 6.966217421e-03 9.536861442e-03
 1.242368482e-02 1.562741585e-02 1.914764941e-02 2.298369817e-02 2.713526413e-02
 3.160298988e-02 3.638903424e-02 4.149762541e-02 4.693550244e-02 5.271218717e-02
 5.884007365e-02 6.533434987e-02 7.221279293e-02 7.949554920e-02 8.720494807e-02
 9.536545724e-02 1.040037572e-01 1.131490245e-01 1.228333116e-01 1.330920756e-01
 1.439647675e-01 1.554951966e-01 1.677318662e-01 1.807271242e-01 1.945347488e-01
 2.092031091e-01 2.247583568e-01 2.411637604e-01 2.582244575e-01 2.753878534e-01
 2.912586629e-01 3.045856059e-01 3.147745728e-01 3.214537501e-01 3.244127631e-01
 3.236498833e-01 3.198399842e-01 3.144396842e-01 3.083378077e-01 3.020721674e-01
-2.375065163e-02-3.028321452e-02-2.736411802e-02-2.174945734e-02-1.716452278e-02
-1.351679768e-02-1.069274358e-02-8.571537212e-03-7.035163231e-03-5.973302759e-03
-5.285006482e-03-4.877884407e-03-4.667367321e-03-4.574005492e-03-4.524954129e-03
-4.454421345e-03-4.303188063e-03-4.018319305e-03-3.552939044e-03-2.866080729e-03
-1.922753640e-03-6.947160000e-04 8.367240662e-04 2.682000166e-03 4.854440689e-03
 7.365801372e-03 1.022462267e-02 1.343616284e-02 1.700538397e-02 2.093729191e-02
 2.523695305e-02 2.990989573e-02 3.496276960e-02 4.040381312e-02 4.624323547e-02
 5.249344185e-02 5.916921794e-02 6.628787518e-02 7.386944443e-02 8.193694055e-02
 9.051678330e-02 9.963938594e-02 1.093400046e-01 1.196599230e-01 1.306480169e-01
 1.423629671e-01 1.548761129e-01 1.682754904e-01 1.826714575e-01 1.982047409e-01
 2.150588632e-01 2.334804386e-01 2.538174689e-01 2.766140103e-01 3.023399115e-01
 3.256040215e-01 3.440380394e-01 3.575055003e-01 3.657169044e-01 3.680183291e-01
 3.642100394e-01 3.532992899e-01 3.411810696e-01 3.300270438e-01 3.199569285e-01
-1.933431998e-02-2.577068098e-02-2.315452881e-02-1.786924526e-02-1.369572431e-02
-1.051443629e-02-8.171000518e-03-6.521066185e-03-5.437229760e-03-4.809235688e-03
-4.544863012e-03-4.559985362e-03-4.784981720e-03-5.138038658e-03-5.546589848e-03
-5.947380327e-03-6.281403359e-03-6.493669935e-03-6.532888860e-03-6.350880954e-03
-5.901387893e-03-5.137464497e-03-4.039279185e-03-2.632966964e-03-8.805171237e-04
 1.244830783e-03 3.759494051e-03 6.663716398e-03 9.966961108e-03 1.367945038e-02
 1.780928671e-02 2.236309648e-02 2.734832279e-02 3.277352825e-02 3.864888847e-02
 4.498637840e-02 5.180000886e-02 5.910616368e-02 6.692399085e-02 7.527595013e-02
 8.418852836e-02 9.369311482e-02 1.038272083e-01 1.146361008e-01 1.261750758e-01
 1.385125071e-01 1.517342478e-01 1.659498811e-01 1.813018471e-01 1.979794949e-01
 2.162409872e-01 2.364491969e-01 2.591307759e-01 2.850635946e-01 3.153252304e-01
 3.463670015e-01 3.704938293e-01 3.876092732e-01 3.978615999e-01 4.011373222e-01
 3.964200318e-01 3.831206858e-01 3.637047410e-01 3.473277688e-01 3.336438239e-01
-1.033969503e-02-1.662273519e-02-1.391190942e-02-9.431749582e-03-6.353614852e-03
-4.307871684e-03-3.040496493e-03-2.372917952e-03-2.176134381e-03-2.352277050e-03
-2.823557006e-03-3.525098320e-03-4.401468672e-03-5.403554998e-03-6.448014174e-03
-7.477720268e-03-8.437321521e-03-9.273569100e-03-9.935546666e-03-1.037489809e-02
-1.054625027e-02-1.040831953e-02-9.926942177e-03-9.073719382e-03-7.814235985e-03
-6.110692862e-03-3.918979783e-03-1.334039029e-03 1.688392251e-03 5.173927173e-03
 9.131308645e-03 1.356017031e-02 1.846768335e-02 2.386119589e-02 2.975015342e-02
 3.614551947e-02 4.305952787e-02 5.050629377e-02 5.850240216e-02 6.706757843e-02
 7.622545213e-02 8.600446582e-02 9.643905610e-02 1.075712368e-01 1.194526330e-01
 1.321473271e-01 1.457356066e-01 1.603192538e-01 1.760287136e-01 1.930332631e-01
 2.115547359e-01 2.318858802e-01 2.544120252e-01 2.796319425e-01 3.081711233e-01
 3.405889869e-01 3.681992888e-01 3.880642951e-01 4.004555047e-01 4.054581523e-01
 4.032628834e-01 3.928422928e-01 3.739947975e-01 3.547073901e-01 3.393072188e-01
 6.573121529e-03 1.510811504e-03 2.351920586e-03 4.132501781e-03 4.733947106e-03
 4.698900506e-03 4.231352359e-03 3.435039660e-03 2.375219017e-03 1.099616522e-03
-3.531050461e-04-1.949498546e-03-3.659567097e-03-5.455925595e-03-7.269418333e-03
-9.049068205e-03-1.074419171e-02-1.230476890e-02-1.368183084e-02-1.482784376e-02
-1.569713093e-02-1.624632999e-02-1.643479243e-02-1.622419804e-02-1.557755750e-02
-1.446036343e-02-1.284371968e-02-1.071183477e-02-8.036638610e-03-4.784522578e-03
-9.743713308e-04 3.327468177e-03 8.154236712e-03 1.350532565e-02 1.939164847e-02
 2.582414821e-02 3.281125426e-02 4.036282748e-02 4.849073663e-02 5.720954388e-02
 6.653703749e-02 7.649485767e-02 8.710934222e-02 9.841245413e-02 1.104431227e-01
 1.232486889e-01 1.368868798e-01 1.514279693e-01 1.669573784e-01 1.835781485e-01
 2.014131397e-01 2.206055075e-01 2.413164973e-01 2.637198269e-01 2.880008817e-01
 3.144153357e-01 3.414124250e-01 3.608739376e-01 3.737905920e-01 3.806842864e-01
 3.813239336e-01 3.762065470e-01 3.644883931e-01 3.477339149e-01 3.343319893e-01
 3.101597168e-02 2.921930701e-02 2.485126071e-02 2.086587064e-02 1.779926009e-02
 1.510384586e-02 1.256030239e-02 1.006693766e-02 7.572461385e-03 5.050766282e-03
 2.489796141e-03-1.140471140e-04-2.759051044e-03-5.440112203e-03-8.105888963e-03
-1.071236189e-02-1.321402937e-02-1.556463167e-02-1.771774516e-02-1.962726004e-02
-2.124777809e-02-2.253491059e-02-2.344551682e-02-2.393779531e-02-2.397141233e-02
-2.350798249e-02-2.251183242e-02-2.095046453e-02-1.879282854e-02-1.601146162e-02
-1.258761995e-02-8.505291305e-03-3.731713165e-03 1.563187339e-03 7.432861254e-03
 1.389719360e-02 2.094683051e-02 2.858545259e-02 3.681799024e-02 4.565209895e-02
 5.509765819e-02 6.516695768e-02 7.587492466e-02 8.723943681e-02 9.928155690e-02
 1.120256782e-01 1.254994273e-01 1.397329569e-01 1.547573954e-01 1.706016064e-01
 1.872860044e-01 2.048113793e-01 2.231389731e-01 2.421540022e-01 2.615936399e-01
 2.808907926e-01 2.988992929e-01 3.141095936e-01 3.256180882e-01 3.331384361e-01
 3.366574645e-01 3.363599181e-01 3.327428401e-01 3.268979192e-01 3.203637600e-01
 4.814996570e-02 4.731317237e-02 4.139256477e-02 3.501323611e-02 2.960215323e-02
 2.485086583e-02 2.053614892e-02 1.650628261e-02 1.266018115e-02 8.930322714e-03
 5.271394271e-03 1.653031679e-03-1.944867545e-03-5.535236560e-03-9.080955759e-03
-1.254311204e-02-1.588022150e-02-1.904916391e-02-2.200587280e-02-2.470585890e-02
-2.710459195e-02-2.915777452e-02-3.082154132e-02-3.205260262e-02-3.280841559e-02
-3.304744512e-02-3.272946924e-02-3.181596100e-02-3.027048148e-02-2.805975266e-02
-2.515522204e-02-2.153425850e-02-1.718304120e-02-1.210784540e-02-6.298211869e-03
 2.576486731e-04 7.382400800e-03 1.511574537e-02 2.345050685e-02 3.238945827e-02
 4.193395004e-02 5.208620057e-02 6.284882128e-02 7.422467321e-02 8.621647209e-02
 9.882595390e-02 1.120525226e-01 1.258910447e-01 1.403284222e-01 1.553383172e-01
 1.708732396e-01 1.868527532e-01 2.031463683e-01 2.195498943e-01 2.357563972e-01
 2.513332963e-01 2.657385468e-01 2.784113586e-01 2.889012992e-01 2.969445288e-01
 3.024738133e-01 3.056116402e-01 3.066663742e-01 3.061045408e-01 3.044552505e-01
 5.906437337e-02 5.845943466e-02 5.247570947e-02 4.525548220e-02 3.870793805e-02
 3.272439912e-02 2.718466893e-02 2.198221907e-02 1.702966355e-02 1.225813478e-02
 7.614464033e-03 3.058027010e-03-1.442069304e-03-5.909271073e-03-1.031284593e-02
-1.461560559e-02-1.877780631e-02-2.275800519e-02-2.651366778e-02-3.000163287e-02
-3.317841142e-02-3.600038588e-02-3.842392936e-02-4.040547833e-02-4.190162197e-02
-4.286921024e-02-4.326552153e-02-4.304860160e-02-4.217766225e-02-4.061384499e-02
-3.832119703e-02-3.526788205e-02-3.142773360e-02-2.678181417e-02-2.131725475e-02
-1.503267791e-02-7.948008366e-03-6.897636922e-05 8.382817730e-03 1.744578965e-02
 2.710460685e-02 3.735313937e-02 4.818201810e-02 5.958050489e-02 7.153557986e-02
 8.403077722e-02 9.704444557e-02 1.105473414e-01 1.244992614e-01 1.388446391e-01
 1.535067409e-01 1.683807820e-01 1.833258122e-01 1.981573850e-01 2.126435637e-01
 2.265097648e-01 2.394574434e-01 2.511973679e-01 2.614885569e-01 2.701700628e-01
 2.771785557e-01 2.825516760e-01 2.864189148e-01 2.889787853e-01 2.904637456e-01
 6.674417108e-02 6.624653190e-02 5.998707190e-02 5.234822631e-02 4.520467669e-02
 3.850027546e-02 3.216778114e-02 2.613850310e-02 2.034870535e-02 1.474248245e-02
 9.272367693e-03 3.898775438e-03-1.411049627e-03-6.684190128e-03-1.188735105e-02
-1.698178798e-02-2.192714065e-02-2.668199688e-02-3.120432049e-02-3.545172513e-02
-3.938161954e-02-4.295131192e-02-4.611795023e-02-4.883852974e-02-5.106981844e-02
-5.276831985e-02-5.389034376e-02-5.439211801e-02-5.423007160e-02-5.336132646e-02
-5.174438283e-02-4.934005067e-02-4.611270502e-02-4.203173146e-02-3.707336262e-02
-3.122353554e-02-2.448137663e-02-1.686141826e-02-8.404945023e-03 8.599358844e-04
 1.067694649e-02 2.107588947e-02 3.202859312e-02 4.351379722e-02 5.550664663e-02
 6.797818094e-02 8.089387417e-02 9.421152622e-02 1.078788042e-01 1.218303591e-01
 1.359847188e-01 1.502411067e-01 1.644769758e-01 1.785468459e-01 1.922841817e-01
 2.055072188e-01 2.180295885e-01 2.296747714e-01 2.402917445e-01 2.497685254e-01
 2.580409348e-01 2.650953233e-01 2.709646821e-01 2.757195532e-01 2.794547975e-01
 7.172778994e-02 7.123123109e-02 6.475712359e-02 5.690417439e-02 4.944828525e-02
 4.233391210e-02 3.550823033e-02 2.892043255e-02 2.252369933e-02 1.627574116e-02
 1.013882551e-02 4.079530947e-03-1.931666397e-03-7.920951582e-03-1.384453848e-02
-1.966000348e-02-2.532471344e-02-3.079606593e-02-3.603166342e-02-4.098936170e-02
-4.562727362e-02-4.990365729e-02-5.377678201e-02-5.720471591e-02-6.014516577e-02
-6.255527586e-02-6.439152360e-02-6.560967118e-02-6.616486609e-02-6.601189822e-02
-6.510565430e-02-6.340182573e-02-6.085796282e-02-5.743478611e-02-5.309807137e-02
-4.782097414e-02-4.158694670e-02-3.439306095e-02-2.625406347e-02-1.720512845e-02
-7.314871531e-03 3.354198299e-03 1.452393550e-02 2.619982511e-02 3.834685311e-02
 5.092848465e-02 6.390446424e-02 7.722817361e-02 9.084494412e-02 1.046906114e-01
 1.186901033e-01 1.327563375e-01 1.467897296e-01 1.606786847e-01 1.743016392e-01
 1.875307262e-01 2.002370358e-01 2.122971565e-01 2.235996425e-01 2.340507954e-01
 2.435784191e-01 2.521335781e-01 2.596898377e-01 2.662412822e-01 2.717992961e-01
 7.403557748e-02 7.338815182e-02 6.711400300e-02 5.927920341e-02 5.176025257e-02
 4.447923601e-02 3.738442063e-02 3.043996915e-02 2.361585759e-02 1.688436233e-02
 1.021916233e-02 3.595225513e-03-3.011167981e-03-9.622656740e-03-1.617915370e-02
-2.263398096e-02-2.894163691e-02-3.505777940e-02-4.093918949e-02-4.654366523e-02
-5.182985216e-02-5.675699189e-02-6.128462777e-02-6.537227333e-02-6.897909939e-02
-7.206356525e-02-7.458320260e-02-7.649437338e-02-7.775218040e-02-7.831054926e-02
-7.812242955e-02-7.714030147e-02-7.531693578e-02-7.260648161e-02-6.896603107e-02
-6.435761601e-02-5.875070021e-02-5.212525278e-02-4.447526112e-02-3.581268340e-02
-2.617189661e-02-1.561216358e-02-4.228838254e-03 7.776435465e-03 2.021937817e-02
 3.306373209e-02 4.627272859e-02 5.980109051e-02 7.359696925e-02 8.760224283e-02
 1.017522514e-01 1.159755141e-01 1.301937103e-01 1.443221718e-01 1.582709700e-01
 1.719464511e-01 1.852533817e-01 1.980969906e-01 2.103848308e-01 2.220280766e-01
 2.329419404e-01 2.430459708e-01 2.522642612e-01 2.605271339e-01 2.677743435e-01
 7.400081307e-02 7.291925699e-02 6.704566628e-02 5.981204286e-02 5.254463106e-02
 4.529014602e-02 3.807564080e-02 3.090669401e-02 2.377793007e-02 1.667788997e-02
 9.591704234e-03 2.502806252e-03-4.605641123e-03-1.174901612e-02-1.885001734e-02
-2.585892007e-02-3.272765502e-02-3.941012174e-02-4.586217925e-02-5.204147100e-02
-5.790711939e-02-6.341937929e-02-6.853917986e-02-7.322771102e-02-7.744591683e-02
-8.115407079e-02-8.431136608e-02-8.687552810e-02-8.880258352e-02-9.004672617e-02
-9.056033939e-02-9.029424191e-02-8.919816464e-02-8.722161502e-02-8.431501687e-02
-8.043137938e-02-7.552844286e-02-6.957134604e-02-6.253592670e-02-5.441256613e-02
-4.521067441e-02-3.496361524e-02-2.373464033e-02-1.162191108e-02 1.256476622e-03
 1.450286806e-02 2.811217494e-02 4.203348607e-02 5.621660501e-02 7.061036676e-02
 8.516154438e-02 9.981423616e-02 1.145096496e-01 1.291860789e-01 1.437791437e-01
 1.582218558e-01 1.724446565e-01 1.863746196e-01 1.999339461e-01 2.130372822e-01
 2.255880982e-01 2.374746799e-01 2.485676557e-01 2.587218881e-01 2.677859366e-01
 7.381509244e-02 7.246149331e-02 6.675184518e-02 5.969254300e-02 5.250652507e-02
 4.523459822e-02 3.791582212e-02 3.056900389e-02 2.319919690e-02 1.580287144e-02
 8.371003903e-03 8.908165037e-04-6.653440651e-03-1.423433237e-02-2.179158479e-02
-2.926976047e-02-3.661734983e-02-4.378625005e-02-5.073136091e-02-5.741018802e-02
-6.378237903e-02-6.980925053e-02-7.545321435e-02-8.067722619e-02-8.544424921e-02
-8.971662819e-02-9.345560521e-02-9.662080556e-02-9.916984290e-02-1.010580361e-01
-1.022382155e-01-1.026607752e-01-1.022739112e-01-1.010241210e-01-9.885711223e-02
-9.571904689e-02-9.155827016e-02-8.632765710e-02-7.998750359e-02-7.250909507e-02
-6.387902796e-02-5.410413444e-02-4.321711883e-02-3.128241003e-02-1.840211824e-02
-4.727222957e-03 9.469759651e-03 2.396648936e-02 3.872053325e-02 5.369159952e-02
 6.884007156e-02 8.412645757e-02 9.951124340e-02 1.149548590e-01 1.304175556e-01
 1.458590180e-01 1.612371951e-01 1.765061468e-01 1.916120201e-01 2.064866126e-01
 2.210374027e-01 2.351338416e-01 2.485907227e-01 2.611557841e-01 2.725180387e-01
 7.394952327e-02 7.251451910e-02 6.664695591e-02 5.935885757e-02 5.201354250e-02
 4.460952803e-02 3.714728728e-02 2.962764911e-02 2.204848453e-02 1.440406684e-02
 6.685461383e-03-1.118906657e-03-9.022897109e-03-1.697535068e-02-2.491554059e-02
-3.278668970e-02-4.053601623e-02-4.811456427e-02-5.547691137e-02-6.258077174e-02
-6.938653439e-02-7.585666329e-02-8.195513487e-02-8.764676750e-02-9.289660305e-02
-9.766919911e-02-1.019280627e-01-1.056350172e-01-1.087496877e-01-1.112290695e-01
-1.130272076e-01-1.140950099e-01-1.143802926e-01-1.138279885e-01-1.123807505e-01
-1.099798381e-01-1.065665111e-01-1.020838544e-01-9.647932649e-02-8.970785141e-02
-8.173581213e-02-7.254572213e-02-6.214167550e-02-5.055554211e-02-3.785367683e-02
-2.414406091e-02-9.582120925e-03 5.644621793e-03 2.111480758e-02 3.680425882e-02
 5.268899351e-02 6.874646246e-02 8.495642245e-02 1.013015807e-01 1.177680716e-01
 1.343455017e-01 1.510264426e-01 1.678047329e-01 1.846719384e-01 2.016103864e-01
 2.185800970e-01 2.354948819e-01 2.521782517e-01 2.682810426e-01 2.831453681e-01
 7.365562022e-02 7.213249058e-02 6.592012942e-02 5.848346651e-02 5.100486428e-02
 4.347080737e-02 3.587238491e-02 2.820040099e-02 2.044511959e-02 1.259606332e-02
 4.641960841e-03-3.428980242e-03-1.162831299e-02-1.988479868e-02-2.813781984e-02
-3.633026779e-02-4.440898821e-02-5.232484266e-02-6.003255025e-02-6.749035418e-02
-7.465951145e-02-8.150376379e-02-8.798864484e-02-9.408085048e-02-9.974747151e-02
-1.049553156e-01-1.096702069e-01-1.138562858e-01-1.174754202e-01-1.204866394e-01
-1.228456721e-01-1.245046258e-01-1.254117936e-01-1.255116761e-01-1.247453019e-01
-1.230507419e-01-1.203641668e-01-1.166212633e-01-1.117593050e-01-1.057197973e-01
-9.845194966e-02-8.991691470e-02-8.009289950e-02-6.898102164e-02-5.661188066e-02
-4.305232689e-02-2.841189876e-02-1.284797024e-02 3.426100593e-03 1.992001384e-02
 3.662104532e-02 5.352056772e-02 7.061526924e-02 8.790853620e-02 1.054118127e-01
 1.231461614e-01 1.411436945e-01 1.594490856e-01 1.781206578e-01 1.972308606e-01
 2.168649286e-01 2.371150553e-01 2.580607831e-01 2.796736360e-01 3.008360565e-01
 7.236424834e-02 7.069227844e-02 6.453649700e-02 5.701097846e-02 4.944684729e-02
 4.182906821e-02 3.413952142e-02 2.636066265e-02 1.847621240e-02 1.047099382e-02
 2.330405870e-03-5.960215814e-03-1.438511163e-02-2.287802286e-02-3.137678280e-02
-3.982347250e-02-4.816458002e-02-5.635094643e-02-6.433761865e-02-7.208346575e-02
-7.955069840e-02-8.670431376e-02-9.351138026e-02-9.994035959e-02-1.059603393e-01
-1.115402728e-01-1.166482419e-01-1.212507188e-01-1.253118515e-01-1.287928820e-01
-1.316514760e-01-1.338413954e-01-1.353120655e-01-1.360083818e-01-1.358708590e-01
-1.348358095e-01-1.328361183e-01-1.298022270e-01-1.256637722e-01-1.203517914e-01
-1.138016880e-01-1.059569567e-01-9.677390754e-02-8.622723818e-02-7.431650162e-02
-6.107333675e-02-4.656916484e-02-3.092305362e-02-1.430949289e-02 3.035324160e-03
 2.058432996e-02 3.833865374e-02 5.630743131e-02 7.450991124e-02 9.297794104e-02
 1.117589101e-01 1.309195906e-01 1.505512148e-01 1.707767844e-01 1.917615682e-01
 2.137292176e-01 2.369894087e-01 2.619920671e-01 2.894511521e-01 3.181163073e-01
 7.047578692e-02 6.865298003e-02 6.244625151e-02 5.489281937e-02 4.732429609e-02
 3.970429674e-02 3.199842945e-02 2.417976037e-02 1.622714102e-02 8.123115636e-03
-1.477354963e-04-8.600054309e-03-1.719453931e-02-2.586535737e-02-3.455026075e-02
-4.319119826e-02-5.173463747e-02-6.013161317e-02-6.833758950e-02-7.631211728e-02
-8.401834220e-02-9.142243862e-02-9.849290550e-02-1.051998362e-01-1.115141436e-01
-1.174067855e-01-1.228479668e-01-1.278063506e-01-1.322483569e-01-1.361373812e-01
-1.394332349e-01-1.420915276e-01-1.440632045e-01-1.452942193e-01-1.457253844e-01
-1.452924609e-01-1.439264864e-01-1.415545344e-01-1.381009370e-01-1.334890574e-01
-1.276437789e-01-1.204948351e-01-1.119809449e-01-1.020551771e-01-9.069115669e-02
-7.789044827e-02-6.369072944e-02-4.817457497e-02-3.147829697e-02-1.380000263e-02
 4.594264086e-03 2.317296155e-02 4.195082560e-02 6.095476449e-02 8.022741973e-02
 9.983022511e-02 1.198479235e-01 1.403951347e-01 1.616261750e-01 1.837492436e-01
 2.070464492e-01 2.319013029e-01 2.588305771e-01 2.885056734e-01 3.202609718e-01
 6.793123484e-02 6.595675647e-02 5.945518240e-02 5.204350501e-02 4.464300722e-02
 3.715595230e-02 2.953581139e-02 2.175653540e-02 1.380073279e-02 5.654810462e-03
-2.693059156e-03-1.125368569e-02-1.996500045e-02-2.876109816e-02-3.757956252e-02
-4.636223987e-02-5.505561084e-02-6.361094117e-02-7.198409736e-02-8.013527840e-02
-8.802848309e-02-9.563092887e-02-1.029123887e-01-1.098444164e-01-1.163995489e-01
-1.225505397e-01-1.282694936e-01-1.335271448e-01-1.382919550e-01-1.425294578e-01
-1.462015510e-01-1.492658108e-01-1.516749263e-01-1.533763111e-01-1.543116868e-01
-1.544170827e-01-1.536229253e-01-1.518544406e-01-1.490326524e-01-1.450757235e-01
-1.399010271e-01-1.334280372e-01-1.255820990e-01-1.162992418e-01-1.055322662e-01
-9.325782955e-02-7.948482782e-02-6.426359713e-02-4.769565538e-02-2.994325012e-02
-1.123779267e-02 8.114184253e-03 2.760862000e-02 4.726839438e-02 6.713717431e-02
 8.727622777e-02 1.077667549e-01 1.287151426e-01 1.502609253e-01 1.725882888e-01
 1.959431171e-01 2.206587344e-01 2.471960336e-01 2.762016356e-01 3.072220981e-01
 6.308576465e-02 6.050417945e-02 5.514914915e-02 4.854372516e-02 4.158760980e-02
 3.437344730e-02 2.692315727e-02 1.924249902e-02 1.133084949e-02 3.184241010e-03
-5.203416571e-03-1.382362284e-02-2.260561101e-02-3.148200363e-02-4.038957134e-02
-4.926974326e-02-5.806890503e-02-6.673844904e-02-7.523459941e-02-8.351808786e-02
-9.155364335e-02-9.930941463e-02-1.067562401e-01-1.138669178e-01-1.206154004e-01
-1.269759983e-01-1.329224855e-01-1.384273767e-01-1.434610635e-01-1.479910314e-01
-1.519811153e-01-1.553908437e-01-1.581747383e-01-1.602818370e-01-1.616552174e-01
-1.622318029e-01-1.619421691e-01-1.607110202e-01-1.584575921e-01-1.550968885e-01
-1.505413204e-01-1.447032541e-01-1.374982744e-01-1.288497001e-01-1.186942160e-01
-1.069887131e-01-9.371852875e-02-7.890673727e-02-6.262443960e-02-4.500130564e-02
-2.623602003e-02-6.605963223e-03 1.352343336e-02 3.368616477e-02 5.393937230e-02
 7.433714718e-02 9.494023025e-02 1.158210039e-01 1.370670199e-01 1.587842107e-01
 1.811005622e-01 2.041716427e-01 2.281940728e-01 2.534651756e-01 2.799852192e-01
 5.966112018e-02 5.684928969e-02 5.161530897e-02 4.534774646e-02 3.869374469e-02
 3.170204163e-02 2.440714464e-02 1.682800427e-02 8.973295800e-03 8.452552138e-04
-7.558140904e-03-1.620569825e-02-2.502493188e-02-3.394741938e-02-4.290932417e-02
-5.185180530e-02-6.072120368e-02-6.946906447e-02-7.805192471e-02-8.643098921e-02
-9.457159787e-02-1.024426520e-01-1.100158915e-01-1.172651500e-01-1.241655499e-01
-1.306926906e-01-1.368218064e-01-1.425269395e-01-1.477801055e-01-1.525505334e-01
-1.568038464e-01-1.605013758e-01-1.635994464e-01-1.660487652e-01-1.677939296e-01
-1.687730849e-01-1.689177006e-01-1.681526452e-01-1.663966477e-01-1.635630876e-01
-1.595615000e-01-1.542996317e-01-1.476865113e-01-1.396364421e-01-1.300743073e-01
-1.189420521e-01-1.062066481e-01-9.186917543e-02-7.597488910e-02-5.862363428e-02
-3.997923434e-02-2.027590573e-02 1.824418723e-04 2.064003050e-02 4.108322039e-02
 6.152453274e-02 8.198688179e-02 1.024966985e-01 1.230787486e-01 1.437493861e-01
 1.645044684e-01 1.852961034e-01 2.059835643e-01 2.262258381e-01 2.453032583e-01
 5.738568306e-02 5.447218940e-02 4.909655079e-02 4.285638034e-02 3.628526628e-02
 2.939078584e-02 2.218407579e-02 1.467368752e-02 6.864444353e-03-1.242401893e-03
-9.648664854e-03-1.830519736e-02-2.713985182e-02-3.608436882e-02-4.507505521e-02
-5.405320972e-02-6.296537817e-02-7.176336646e-02-8.040402830e-02-8.884900808e-02
-9.706415981e-02-1.050189734e-01-1.126859188e-01-1.200396493e-01-1.270562261e-01
-1.337122917e-01-1.399842352e-01-1.458473504e-01-1.512750834e-01-1.562380642e-01
-1.607035249e-01-1.646343619e-01-1.679885089e-01-1.707183421e-01-1.727699637e-01
-1.740829200e-01-1.745898128e-01-1.742163152e-01-1.728813648e-01-1.704979539e-01
-1.669741571e-01-1.622151732e-01-1.561259478e-01-1.486149132e-01-1.395989209e-01
-1.290094852e-01-1.168004647e-01-1.029571295e-01-8.750656247e-02-7.052898407e-02
-5.216964334e-02-3.265101835e-02-1.228599343e-02 8.503960446e-03 2.908163331e-02
 4.947400093e-02 6.969012320e-02 8.972702920e-02 1.095677465e-01 1.291745305e-01
 1.484776139e-01 1.673586667e-01 1.856291890e-01 2.030110359e-01 2.191393673e-01
 5.546021089e-02 5.244969204e-02 4.714069143e-02 4.089953005e-02 3.435201943e-02
 2.749843895e-02 2.033812925e-02 1.287055016e-02 5.094516557e-03-2.992283087e-03
-1.139352936e-02-2.004707791e-02-2.888227440e-02-3.783186525e-02-4.683283344e-02
-5.582697690e-02-6.476123631e-02-7.358773798e-02-8.226371557e-02-9.075112641e-02
-9.901624173e-02-1.070290208e-01-1.147624478e-01-1.221918017e-01-1.292938292e-01
-1.360459775e-01-1.424255073e-01-1.484087259e-01-1.539701223e-01-1.590815634e-01
-1.637114882e-01-1.678241491e-01-1.713789105e-01-1.743295342e-01-1.766235381e-01
-1.782018393e-01-1.789982915e-01-1.789395511e-01-1.779453158e-01-1.759288162e-01
-1.727978140e-01-1.684563011e-01-1.628070474e-01-1.557550132e-01-1.472120136e-01
-1.371027231e-01-1.253720969e-01-1.119943038e-01-9.698289633e-02-8.040206134e-02
-6.237794459e-02-4.310877621e-02-2.287111990e-02-2.017089166e-03 1.857868396e-02
 3.886899725e-02 5.882674083e-02 7.842499018e-02 9.762656689e-02 1.163766384e-01
 1.345961690e-01 1.521759331e-01 1.689727753e-01 1.848112494e-01 1.994948685e-01
 5.405154824e-02 5.098358542e-02 4.561740533e-02 3.936924785e-02 3.283826634e-02
 2.601497434e-02 1.889104582e-02 1.145960204e-02 3.714796156e-03-4.348660354e-03
-1.273577660e-02-2.137574553e-02-3.019970097e-02-3.914156184e-02-4.813909531e-02
-5.713465065e-02-6.607554108e-02-7.491421700e-02-8.360815793e-02-9.211957455e-02
-1.004149765e-01-1.084646359e-01-1.162418798e-01-1.237223670e-01-1.308833063e-01
-1.377026737e-01-1.441583782e-01-1.502273977e-01-1.558850259e-01-1.611039788e-01
-1.658536494e-01-1.700993031e-01-1.738014370e-01-1.769149005e-01-1.793884635e-01
-1.811641753e-01-1.821770221e-01-1.823547184e-01-1.816178560e-01-1.798802614e-01
-1.770499498e-01-1.730307043e-01-1.677243412e-01-1.610341221e-01-1.528690308e-01
-1.431497335e-01-1.318157166e-01-1.188340858e-01-1.042098701e-01-8.799739182e-02
-7.031250000e-02-5.134494975e-02-3.137025237e-02-1.076153852e-02 9.995298460e-03
 3.025337867e-02 5.002018809e-02 6.928156316e-02 8.800581098e-02 1.061444134e-01
 1.236315891e-01 1.403843164e-01 1.563039720e-01 1.712806374e-01 1.852009892e-01
 5.295324698e-02 4.984457046e-02 4.441567510e-02 3.818808869e-02 3.169877082e-02
 2.492453717e-02 1.784984395e-02 1.046360563e-02 2.757376758e-03-5.276064854e-03
-1.363514829e-02-2.224995382e-02-3.105207346e-02-3.997586668e-02-4.895946011e-02
-5.794547126e-02-6.688140333e-02-7.571982592e-02-8.441831172e-02-9.293914586e-02
-1.012489349e-01-1.093180329e-01-1.171199009e-01-1.246303767e-01-1.318269074e-01
-1.386877298e-01-1.451910883e-01-1.513143927e-01-1.570333689e-01-1.623213142e-01
-1.671482325e-01-1.714800894e-01-1.752780676e-01-1.784978807e-01-1.810891032e-01
-1.829946935e-01-1.841505170e-01-1.844851822e-01-1.839200556e-01-1.823696792e-01
-1.797425747e-01-1.759428084e-01-1.708720773e-01-1.644330323e-01-1.565334648e-01
-1.470920444e-01-1.360453218e-01-1.233563498e-01-1.090248078e-01-9.309817851e-02
-7.568372786e-02-5.696023256e-02-3.718810901e-02-1.671608724e-02 4.019019660e-03
 2.418619581e-02 4.378039762e-02 6.278499216e-02 8.117123693e-02 9.889845550e-02
 1.159147546e-01 1.321584135e-01 1.475603878e-01 1.620481461e-01 1.755506545e-01
 5.187237635e-02 4.869713634e-02 4.340955988e-02 3.729933873e-02 3.091901913e-02
 2.423564345e-02 1.723551750e-02 9.911092930e-03 2.256385051e-03-5.734414794e-03
-1.405505277e-02-2.263558283e-02-3.140757233e-02-4.030538350e-02-4.926712066e-02
-5.823534727e-02-6.715749204e-02-7.598601282e-02-8.467836678e-02-9.319671988e-02
-1.015075594e-01-1.095811352e-01-1.173908263e-01-1.249124184e-01-1.321233362e-01
-1.390018761e-01-1.455263197e-01-1.516741812e-01-1.574213803e-01-1.627414078e-01
-1.676045358e-01-1.719770283e-01-1.758204401e-01-1.790909171e-01-1.817384958e-01
-1.837066114e-01-1.849316955e-01-1.853429228e-01-1.848622411e-01-1.834047586e-01
-1.808795631e-01-1.771911532e-01-1.722416133e-01-1.659337729e-01-1.581753790e-01
-1.488846838e-01-1.379973739e-01-1.254750788e-01-1.113152578e-01-9.556216002e-02
-7.831847668e-02-5.975659192e-02-4.012813792e-02-1.977021433e-02 8.937821258e-04
 2.095382474e-02 4.040078074e-02 5.921704695e-02 7.737607509e-02 9.484258294e-02
 1.115735173e-01 1.275196373e-01 1.426279396e-01 1.568446755e-01 1.701190472e-01
 5.081017688e-02 4.744999856e-02 4.256824777e-02 3.679515794e-02 3.058462590e-02
 2.401302382e-02 1.709750108e-02 9.842214175e-03 2.246590564e-03-5.692306906e-03
-1.396692544e-02-2.250661515e-02-3.124247305e-02-4.010847583e-02-4.904238507e-02
-5.798643455e-02-6.688771397e-02-7.569837570e-02-8.437550813e-02-9.288097173e-02
-1.011809260e-01-1.092453226e-01-1.170472503e-01-1.245622188e-01-1.317674071e-01
-1.386408806e-01-1.451607198e-01-1.513042748e-01-1.570472866e-01-1.623631418e-01
-1.672220081e-01-1.715900898e-01-1.754289269e-01-1.786946356e-01-1.813372970e-01
-1.833004802e-01-1.845207214e-01-1.849273890e-01-1.844427437e-01-1.829822063e-01
-1.804553270e-01-1.767671406e-01-1.718203723e-01-1.655186415e-01-1.577705741e-01
-1.484954506e-01-1.376300603e-01-1.251372248e-01-1.110155582e-01-9.531042725e-02
-7.812540233e-02-5.963337049e-02-4.008594528e-02-1.981940866e-02 7.446167292e-04
 2.069493197e-02 4.002260417e-02 5.871062353e-02 7.673360407e-02 9.405824542e-02
 1.106443927e-01 1.264467686e-01 1.414172649e-01 1.555078030e-01 1.686734557e-01
 5.116046220e-02 4.791282117e-02 4.285071418e-02 3.701980785e-02 3.085360304e-02
 2.434385754e-02 1.749086939e-02 1.029539574e-02 2.756873844e-03-5.126719363e-03
-1.335152145e-02-2.184644528e-02-3.054209612e-02-3.937193006e-02-4.827317968e-02
-5.718754232e-02-6.606157869e-02-7.484689355e-02-8.350010216e-02-9.198252857e-02
-1.002598554e-01-1.083015129e-01-1.160801128e-01-1.235706806e-01-1.307499260e-01
-1.375954151e-01-1.440847963e-01-1.501949281e-01-1.559011191e-01-1.611762792e-01
-1.659900993e-01-1.703084111e-01-1.740922630e-01-1.772973835e-01-1.798735112e-01
-1.817638427e-01-1.829046607e-01-1.832252145e-01-1.826476455e-01-1.810875237e-01
-1.784547418e-01-1.746549010e-01-1.695917100e-01-1.631700844e-01-1.553005129e-01
-1.459046602e-01-1.349224150e-01-1.223203614e-01-1.081017181e-01-9.231731296e-02
-7.507716119e-02-5.656169727e-02-3.703140840e-02-1.683284529e-02 3.602178767e-03
 2.343932539e-02 4.267352074e-02 6.128916144e-02 7.926029712e-02 9.655153006e-02
 1.131193936e-01 1.289142370e-01 1.438826323e-01 1.579705775e-01 1.711270064e-01
 5.187941343e-02 4.868798330e-02 4.366849735e-02 3.785523400e-02 3.171546385e-02
 2.524308302e-02 1.843402348e-02 1.128631178e-02 3.798631951e-03-4.030557349e-03
-1.220337208e-02-2.065077052e-02-2.930289693e-02-3.809256107e-02-4.695630819e-02
-5.583515391e-02-6.467498094e-02-7.342675328e-02-8.204639703e-02-9.049461037e-02
-9.873641282e-02-1.067405865e-01-1.144790649e-01-1.219262108e-01-1.290580332e-01
-1.358513683e-01-1.422831714e-01-1.483295411e-01-1.539650112e-01-1.591617167e-01
-1.638885885e-01-1.681105793e-01-1.717880070e-01-1.748757660e-01-1.773228347e-01
-1.790717095e-01-1.800580770e-01-1.802106798e-01-1.794513762e-01-1.776957512e-01
-1.748539507e-01-1.708324254e-01-1.655362099e-01-1.588722616e-01-1.507540196e-01
-1.411070675e-01-1.298763603e-01-1.170348600e-01-1.025935560e-01-8.661243320e-02
-6.921220571e-02-5.058577284e-02-3.100928105e-02-1.085285936e-02 9.404988959e-03
 2.911243774e-02 4.827463254e-02 6.687643379e-02 8.488788456e-02 1.022665203e-01
 1.189587787e-01 1.349017024e-01 1.500253677e-01 1.642567217e-01 1.775244325e-01
 5.316479877e-02 5.005820096e-02 4.500883818e-02 3.923700005e-02 3.313411027e-02
 2.669542097e-02 1.992047206e-02 1.280990802e-02 5.364411511e-03-2.416147618e-03
-1.053329743e-02-1.892985031e-02-2.753454819e-02-3.627911955e-02-4.509920254e-02
-5.393500999e-02-6.273169070e-02-7.143947482e-02-8.001358062e-02-8.841394633e-02
-9.660484642e-02-1.045542732e-01-1.122333407e-01-1.196155399e-01-1.266759783e-01
-1.333906054e-01-1.397353411e-01-1.456852853e-01-1.512139291e-01-1.562923193e-01
-1.608882397e-01-1.649655402e-01-1.684833467e-01-1.713954657e-01-1.736497730e-01
-1.751877517e-01-1.759442538e-01-1.758473217e-01-1.748184860e-01-1.727733463e-01
-1.696226001e-01-1.652739197e-01-1.596343964e-01-1.526141465e-01-1.441309154e-01
-1.341161132e-01-1.225221306e-01-1.093310937e-01-9.456484765e-02-7.829567790e-02
-6.065698341e-02-4.185230285e-02-2.216003090e-02-1.928812824e-03 1.797745749e-02
 3.750405833e-02 5.661569163e-02 7.527779043e-02 9.344799072e-02 1.110716462e-01
 1.280793250e-01 1.443858296e-01 1.598914564e-01 1.744859815e-01 1.880561560e-01
 5.482616276e-02 5.181176960e-02 4.691696540e-02 4.119589180e-02 3.512182832e-02
 2.870132215e-02 2.194205299e-02 1.485137269e-02 7.434856612e-03-3.043978941e-04
-8.366008289e-03-1.670939662e-02-2.526198141e-02-3.395456821e-02-4.272206873e-02
-5.150404200e-02-6.024501473e-02-6.889455765e-02-7.740720361e-02-8.574215323e-02
-9.386281669e-02-1.017363369e-01-1.093328595e-01-1.166248620e-01-1.235863566e-01
-1.301921308e-01-1.364168972e-01-1.422344744e-01-1.476170421e-01-1.525342315e-01
-1.569524407e-01-1.608340740e-01-1.641368419e-01-1.668131351e-01-1.688095480e-01
-1.700663865e-01-1.705175340e-01-1.700904071e-01-1.687063426e-01-1.662812829e-01
-1.627271026e-01-1.579535156e-01-1.518708915e-01-1.443940401e-01-1.354470849e-01
-1.249697134e-01-1.129247323e-01-9.930703044e-02-8.415370435e-02-6.755524129e-02
-4.966696352e-02-3.072047979e-02-1.103391312e-02 8.980069309e-03 2.870252170e-02
 4.814561829e-02 6.730036438e-02 8.614309132e-02 1.046349853e-01 1.227184832e-01
 1.403121948e-01 1.573054790e-01 1.735549420e-01 1.888860315e-01 2.031040192e-01
 5.720426515e-02 5.432344601e-02 4.950384423e-02 4.380483553e-02 3.771742061e-02
 3.126849979e-02 2.448258549e-02 1.737826318e-02 9.967646562e-03 2.257257467e-03
-5.750880577e-03-1.403760165e-02-2.253027260e-02-3.115968406e-02-3.986067697e-02
-4.857262969e-02-5.723975226e-02-6.581117213e-02-7.424084097e-02-8.248722553e-02
-9.051293135e-02-9.828411043e-02-1.057698429e-01-1.129414365e-01-1.197716296e-01
-1.262338310e-01-1.323013306e-01-1.379464120e-01-1.431396604e-01-1.478490680e-01
-1.520393640e-01-1.556713134e-01-1.587009877e-01-1.610792279e-01-1.627512127e-01
-1.636561155e-01-1.637269855e-01-1.628908813e-01-1.610694081e-01-1.581796557e-01
-1.541356146e-01-1.488505602e-01-1.422398984e-01-1.342254132e-01-1.247403324e-01
-1.137357950e-01-1.011884883e-01-8.710948378e-02-7.155407965e-02-5.463223904e-02
-3.651942685e-02-1.746795885e-02 2.179079456e-03 2.174770273e-02 4.121926054e-02
 6.058638915e-02 7.984253764e-02 9.897583723e-02 1.179631501e-01 1.367622167e-01
 1.553001106e-01 1.734569967e-01 1.910450161e-01 2.077890635e-01 2.233297825e-01
 6.052245572e-02 5.783938244e-02 5.297632143e-02 4.719116166e-02 4.096392170e-02
 3.437857702e-02 2.748707309e-02 2.031663060e-02 1.288050786e-02 5.183939356e-03
-2.772689564e-03-1.099186204e-02-1.940891705e-02-2.795594558e-02-3.656851873e-02
-4.518637434e-02-5.375378206e-02-6.221966818e-02-7.053753734e-02-7.866519690e-02
-8.656439930e-02-9.420026094e-02-1.015406847e-01-1.085556373e-01-1.152164117e-01
-1.214948446e-01-1.273625195e-01-1.327900440e-01-1.377461106e-01-1.421969235e-01
-1.461053342e-01-1.494302899e-01-1.521261185e-01-1.541421264e-01-1.554221660e-01
-1.559044570e-01-1.555216312e-01-1.542010009e-01-1.518653780e-01-1.484340876e-01
-1.438249797e-01-1.379567981e-01-1.307526082e-01-1.221442819e-01-1.120778769e-01
-1.005202606e-01-8.746671677e-02-7.294935733e-02-5.704572797e-02-3.988673538e-02
-2.166197263e-02-2.618445316e-03 1.649910957e-02 3.567348048e-02 5.490408838e-02
 7.420106977e-02 9.358107299e-02 1.130637079e-01 1.326673925e-01 1.524028480e-01
 1.722612828e-01 1.921916455e-01 2.120526284e-01 2.315076739e-01 2.498507798e-01
 6.541733444e-02 6.326682121e-02 5.795512348e-02 5.147686601e-02 4.478228465e-02
 3.788804263e-02 3.079955466e-02 2.351596206e-02 1.603324525e-02 8.345339447e-03
 4.444804799e-04-7.678997237e-03-1.599148661e-02-2.442530356e-02-3.291680291e-02
-4.140637442e-02-4.983862489e-02-5.816245452e-02-6.633102149e-02-7.430151850e-02
-8.203478903e-02-8.949483186e-02-9.664823115e-02-1.034634709e-01-1.099101901e-01
-1.159584895e-01-1.215780675e-01-1.267375499e-01-1.314036846e-01-1.355406493e-01
-1.391093284e-01-1.420668066e-01-1.443657279e-01-1.459539682e-01-1.467743814e-01
-1.467647254e-01-1.458578855e-01-1.439824551e-01-1.410636753e-01-1.370249391e-01
-1.317899972e-01-1.252858192e-01-1.174463853e-01-1.082175747e-01-9.756292403e-02
-8.547051996e-02-7.196079940e-02-5.709491298e-02-4.098332673e-02-2.379450947e-02
-5.764955655e-03 1.278993860e-02 3.143203631e-02 5.020675808e-02 6.915281713e-02
 8.831270784e-02 1.077381223e-01 1.274934411e-01 1.476586461e-01 1.683322638e-01
 1.896348149e-01 2.117141038e-01 2.347583920e-01 2.590545118e-01 2.845994830e-01
 7.067392021e-02 6.914854795e-02 6.313228607e-02 5.582412705e-02 4.861596599e-02
 4.140269011e-02 3.412333876e-02 2.674170770e-02 1.923357882e-02 1.158066466e-02
 3.767815651e-03-4.218118731e-03-1.238813438e-02-2.066624537e-02-2.899216488e-02
-3.730795160e-02-4.555894807e-02-5.369418487e-02-6.166650355e-02-6.943241507e-02
-7.695178688e-02-8.418741077e-02-9.110440314e-02-9.766957909e-02-1.038507968e-01
-1.096161827e-01-1.149334088e-01-1.197690144e-01-1.240876168e-01-1.278513074e-01
-1.310190260e-01-1.335460693e-01-1.353835911e-01-1.364784241e-01-1.367729604e-01
-1.362052262e-01-1.347094774e-01-1.322168857e-01-1.286569536e-01-1.239592880e-01
-1.180561930e-01-1.108860597e-01-1.023974940e-01-9.255462885e-02-8.134321868e-02
-6.877779216e-02-5.490946770e-02-3.983389586e-02-2.369765937e-02-6.699277088e-03
 1.089856867e-02 2.869392000e-02 4.669630155e-02 6.493297219e-02 8.344481140e-02
 1.022876948e-01 1.215363592e-01 1.412901431e-01 1.616809219e-01 1.828844398e-01
 2.051369250e-01 2.287601680e-01 2.542007565e-01 2.820867598e-01 3.119721115e-01
 7.404167950e-02 7.277767360e-02 6.662058830e-02 5.917965248e-02 5.181764439e-02
 4.448311403e-02 3.713549301e-02 2.974141762e-02 2.227402478e-02 1.471119188e-02
 7.033863571e-03-7.752996171e-04-8.733168244e-03-1.679304987e-02-2.489411272e-02
-3.297839686e-02-4.099119082e-02-4.888128489e-02-5.660099164e-02-6.410598755e-02
-7.135506719e-02-7.830962539e-02-8.493319899e-02-9.119082242e-02-9.704839438e-02
-1.024719551e-01-1.074270606e-01-1.118780300e-01-1.157873571e-01-1.191151068e-01
-1.218183935e-01-1.238509566e-01-1.251629144e-01-1.257006228e-01-1.254068166e-01
-1.242209747e-01-1.220800504e-01-1.189196333e-01-1.146756187e-01-1.092864797e-01
-1.026961729e-01-9.485798329e-02-8.573903888e-02-7.532583922e-02-6.363055110e-02
-5.069822446e-02-3.661511466e-02-2.151975408e-02-5.617706571e-03 1.088740490e-02
 2.763858065e-02 4.464219138e-02 6.191125512e-02 7.947037369e-02 9.735855460e-02
 1.156325713e-01 1.343716234e-01 1.536841244e-01 1.737173498e-01 1.946712434e-01
 2.168181986e-01 2.405296415e-01 2.663071156e-01 2.948029339e-01 3.253635764e-01
 7.583274692e-02 7.470996678e-02 6.888030469e-02 6.152110919e-02 5.420335755e-02
 4.691395536e-02 3.962972388e-02 3.232769668e-02 2.498657256e-02 1.758690923e-02
 1.011077315e-02 2.541117603e-03-5.138877779e-03-1.291424595e-02-2.072437108e-02
-2.851147205e-02-3.622082248e-02-4.380092025e-02-5.120349675e-02-5.838335678e-02
-6.529810280e-02-7.190770656e-02-7.817403972e-02-8.406025171e-02-8.953022212e-02
-9.454788268e-02-9.907659143e-02-1.030785367e-01-1.065141633e-01-1.093417183e-01
-1.115167737e-01-1.129920334e-01-1.137171909e-01-1.136390194e-01-1.127017215e-01
-1.108476371e-01-1.080182493e-01-1.041557193e-01-9.920495003e-02-9.311622381e-02
-8.584859222e-02-7.737393677e-02-6.768178940e-02-5.678483844e-02-4.472459853e-02
-3.157629818e-02-1.745014265e-02-2.499353141e-03 1.275346894e-02 2.833994105e-02
 4.422569275e-02 6.039620191e-02 7.685111463e-02 9.360310435e-02 1.106786728e-01
 1.281203032e-01 1.459898502e-01 1.643734574e-01 1.833885312e-01 2.031939924e-01
 2.240060717e-01 2.461251765e-01 2.699885368e-01 2.962905765e-01 3.238057196e-01
 7.688060403e-02 7.592301071e-02 7.015191764e-02 6.293109804e-02 5.576127768e-02
 4.862492532e-02 4.150507227e-02 3.438563645e-02 2.725147083e-02 2.008804306e-02
 1.288111322e-02 5.616559647e-03-1.719571999e-03-9.140605107e-03-1.658879407e-02
-2.400739305e-02-3.134200349e-02-3.854100779e-02-4.555564746e-02-5.233991891e-02
-5.885029212e-02-6.504533440e-02-7.088525593e-02-7.633139938e-02-8.134561777e-02
-8.588980883e-02-8.992527425e-02-9.341223538e-02-9.630939364e-02-9.857351333e-02
-1.001592055e-01-1.010188311e-01-1.011025682e-01-1.003587767e-01-9.873462468e-02
-9.617704153e-02-9.263418615e-02-8.805730939e-02-8.240319043e-02-7.563719898e-02
-6.773699075e-02-5.869680643e-02-4.853264615e-02-3.728818893e-02-2.504295856e-02
-1.192242000e-02 1.945881639e-03 1.613505743e-02 3.063332289e-02 4.542972520e-02
 6.050748006e-02 7.585209608e-02 9.145472199e-02 1.073139310e-01 1.234370396e-01
 1.398414075e-01 1.565557271e-01 1.736214310e-01 1.910936087e-01 2.090415657e-01
 2.275473773e-01 2.467005700e-01 2.665791810e-01 2.871588171e-01 3.073491156e-01
 7.691299915e-02 7.608183473e-02 7.042541355e-02 6.342496723e-02 5.649131164e-02
 4.959133640e-02 4.271158949e-02 3.584440798e-02 2.898270637e-02 2.211819030e-02
 1.524102222e-02 8.339940570e-03 1.402325579e-03-5.586055573e-03-1.259686053e-02
-1.957207173e-02-2.645706385e-02-3.320010751e-02-3.975212201e-02-4.606648162e-02
-5.209870264e-02-5.780612305e-02-6.314746290e-02-6.808236986e-02-7.257094234e-02
-7.657323778e-02-8.004879951e-02-8.295627683e-02-8.525308222e-02-8.689516038e-02
-8.783693612e-02-8.803140372e-02-8.743046224e-02-8.598550409e-02-8.364839107e-02
-8.037275076e-02-7.611575723e-02-7.084043324e-02-6.451847404e-02-5.713359267e-02
-4.868528619e-02-3.919287026e-02-2.869969979e-02-1.727415621e-02-5.019067321e-03
 7.718135603e-03 2.084690705e-02 3.432294354e-02 4.811169207e-02 6.218317896e-02
 7.650933415e-02 9.106408060e-02 1.058240831e-01 1.207693741e-01 1.358838379e-01
 1.511552930e-01 1.665748656e-01 1.821353883e-01 1.978277564e-01 2.136341631e-01
 2.295152694e-01 2.453868389e-01 2.610764802e-01 2.762426138e-01 2.902381718e-01
 7.552678883e-02 7.467376441e-02 6.956317276e-02 6.302482635e-02 5.643613264e-02
 4.982643574e-02 4.322703183e-02 3.665316850e-02 3.010932542e-02 2.359340526e-02
 1.709919795e-02 1.061789319e-02 4.139115568e-03-2.348188777e-03-8.854471147e-03
-1.531402674e-02-2.167492174e-02-2.788662538e-02-3.390046582e-02-3.966965154e-02
-4.514915496e-02-5.029541254e-02-5.506598577e-02-5.941920355e-02-6.331375241e-02
-6.670831144e-02-6.956117600e-02-7.183002681e-02-7.347173989e-02-7.444232702e-02
-7.469709218e-02-7.419092953e-02-7.287896425e-02-7.071738690e-02-6.766471267e-02
-6.368345022e-02-5.874221027e-02-5.281841755e-02-4.590159655e-02-3.799703345e-02
-2.913022973e-02-1.934989169e-02-8.742420003e-03 2.614194527e-03 1.438790560e-02
 2.656895481e-02 3.912462294e-02 5.201751366e-02 6.520895660e-02 7.865975052e-02
 9.233018756e-02 1.061801910e-01 1.201695427e-01 1.342581362e-01 1.484060138e-01
 1.625730246e-01 1.767178178e-01 1.907955855e-01 2.047541738e-01 2.185275257e-01
 2.320259362e-01 2.451222837e-01 2.576356828e-01 2.693187594e-01 2.798659205e-01
 7.428250462e-02 7.369789481e-02 6.864175946e-02 6.219884008e-02 5.576650053e-02
 4.936255515e-02 4.301816598e-02 3.674617782e-02 3.054878302e-02 2.442205325e-02
 1.835841313e-02 1.234809123e-02 6.379944272e-03 4.417768214e-04-5.479981191e-03
-1.134846080e-02-1.711115614e-02-2.271775901e-02-2.811992913e-02-3.327103704e-02
-3.812592104e-02-4.264058545e-02-4.677195475e-02-5.047756061e-02-5.371527001e-02
-5.644303933e-02-5.861869827e-02-6.019983813e-02-6.114379317e-02-6.140781194e-02
-6.094941124e-02-5.972697586e-02-5.770060048e-02-5.483323708e-02-5.109223351e-02
-4.645115882e-02-4.089197889e-02-3.440834582e-02-2.700942382e-02-1.872250624e-02
-9.605112486e-03 2.995413379e-04 1.068546996e-02 2.157191746e-02 3.291074187e-02
 4.466224089e-02 5.678617954e-02 6.924000382e-02 8.197829872e-02 9.495256841e-02
 1.081110463e-01 1.213987619e-01 1.347576976e-01 1.481271535e-01 1.614441872e-01
 1.746439040e-01 1.876594275e-01 2.004211992e-01 2.128553540e-01 2.248808742e-01
 2.364057600e-01 2.473228425e-01 2.575069964e-01 2.668168843e-01 2.751040757e-01
 7.289469242e-02 7.262351364e-02 6.747492403e-02 6.077612564e-02 5.431513861e-02
 4.804681242e-02 4.194589332e-02 3.599602729e-02 3.018327430e-02 2.449397556e-02
 1.891450025e-02 1.343144570e-02 8.031945676e-03 2.703929786e-03-2.563548507e-03
-7.779629435e-03-1.287941169e-02-1.781436801e-02-2.253782190e-02-2.700431459e-02
-3.116935492e-02-3.498924524e-02-3.842094541e-02-4.142193869e-02-4.395008087e-02
-4.596352577e-02-4.742066935e-02-4.828016832e-02-4.850110039e-02-4.804332554e-02
-4.686813429e-02-4.493917152e-02-4.222352803e-02-3.869302198e-02-3.432629630e-02
-2.911084332e-02-2.304230630e-02-1.613035426e-02-8.408592083e-03 1.020011259e-04
 9.141673334e-03 1.873633452e-02 2.884898335e-02 3.945115209e-02 5.050859228e-02
 6.198374927e-02 7.383532077e-02 8.601743728e-02 9.847885370e-02 1.111622676e-01
 1.240037754e-01 1.369327158e-01 1.498718709e-01 1.627382785e-01 1.754445434e-01
 1.879007220e-01 2.000164241e-01 2.117028385e-01 2.228743285e-01 2.334492207e-01
 2.433498204e-01 2.525020242e-01 2.608351111e-01 2.682830691e-01 2.747874558e-01
 6.971810013e-02 6.950911880e-02 6.449180096e-02 5.788825452e-02 5.157919973e-02
 4.555072635e-02 3.977436200e-02 3.422196209e-02 2.886736207e-02 2.368698455e-02
 1.866005175e-02 1.376855932e-02 8.997172117e-03 4.333047196e-03-2.343136439e-04
-4.713157658e-03-9.094407782e-03-1.329934970e-02-1.728577912e-02-2.101075836e-02
-2.443129569e-02-2.750469744e-02-3.018871136e-02-3.244160488e-02-3.422220424e-02
-3.549000993e-02-3.620535135e-02-3.632950783e-02-3.582477197e-02-3.465500474e-02
-3.278672695e-02-3.019073978e-02-2.684360556e-02-2.272692509e-02-1.783289388e-02
-1.217607036e-02-5.756594241e-03 1.422445290e-03 9.162194096e-03 1.749020070e-02
 2.638046443e-02 3.581543639e-02 4.577264935e-02 5.622682348e-02 6.714870781e-02
 7.850441337e-02 9.025443345e-02 1.023523882e-01 1.147436723e-01 1.273639351e-01
 1.401378214e-01 1.529781073e-01 1.657855213e-01 1.784498096e-01 1.908522546e-01
 2.028699666e-01 2.143813670e-01 2.252726108e-01 2.354435325e-01 2.448125035e-01
 2.533189654e-01 2.609239817e-01 2.676085830e-01 2.733709812e-01 2.782232761e-01
 6.498458236e-02 6.483694166e-02 5.967386439e-02 5.324577168e-02 4.723506048e-02
 4.159445316e-02 3.628138080e-02 3.125259653e-02 2.646879479e-02 2.189650387e-02
 1.750839129e-02 1.328278240e-02 9.202901274e-03 5.256047938e-03 1.432794961e-03
-2.273901599e-03-5.869930610e-03-9.290232323e-03-1.249129791e-02-1.543098409e-02
-1.806714758e-02-2.035827935e-02-2.226354741e-02-2.374283038e-02-2.475691587e-02
-2.526792698e-02-2.523996495e-02-2.463953570e-02-2.343406342e-02-2.159192972e-02
-1.908474974e-02-1.589179225e-02-1.200914942e-02-7.417070214e-03-2.089372836e-03
 3.793148790e-03 1.027740818e-02 1.737271063e-02 2.505608648e-02 3.331613541e-02
 4.213983566e-02 5.151363835e-02 6.142207980e-02 7.184695452e-02 8.276633173e-02
 9.415329248e-02 1.059743464e-01 1.181874797e-01 1.307397038e-01 1.435642838e-01
 1.565776616e-01 1.696766317e-01 1.827363074e-01 1.956100464e-01 2.081325054e-01
 2.201270461e-01 2.314174324e-01 2.418424487e-01 2.512705326e-01 2.596110106e-01
 2.668204904e-01 2.729026079e-01 2.779023647e-01 2.818953991e-01 2.849748135e-01
 5.771259591e-02 5.741877481e-02 5.259245262e-02 4.651373625e-02 4.099386558e-02
 3.595231101e-02 3.130394220e-02 2.697646059e-02 2.291328274e-02 1.907208562e-02
 1.542215608e-02 1.194183156e-02 8.616435342e-03 5.436733365e-03 2.397826640e-03
-5.015797215e-04-3.259570803e-03-5.870924797e-03-8.260437287e-03-1.039269753e-02
-1.222531125e-02-1.371904649e-02-1.483582333e-02-1.553814672e-02-1.578929089e-02
-1.555428468e-02-1.480254810e-02-1.351466775e-02-1.166734472e-02-9.230594151e-03
-6.171605084e-03-2.452880610e-03 1.787653193e-03 6.596591324e-03 1.199115720e-02
 1.795916446e-02 2.450188249e-02 3.162025288e-02 3.931136802e-02 4.757186398e-02
 5.639779195e-02 6.578453630e-02 7.572629303e-02 8.621542901e-02 9.724147618e-02
 1.087898090e-01 1.208396927e-01 1.333617270e-01 1.463142782e-01 1.596387923e-01
 1.732538939e-01 1.870481521e-01 2.008725107e-01 2.145340145e-01 2.277944088e-01
 2.403795421e-01 2.520028353e-01 2.624005973e-01 2.713682353e-01 2.787856162e-01
 2.846284807e-01 2.889671922e-01 2.919529378e-01 2.937908769e-01 2.947039306e-01
 4.767929018e-02 4.711527377e-02 4.256609082e-02 3.716814891e-02 3.254659474e-02
 2.847545967e-02 2.479434013e-02 2.140204236e-02 1.823579334e-02 1.525681466e-02
 1.244156156e-02 9.776524268e-03 7.255115081e-03 4.875815939e-03 2.641134430e-03
 5.571234506e-04-1.366625074e-03-3.116513835e-03-4.673941992e-03-6.007355172e-03
-7.039628457e-03-7.742782589e-03-8.085442707e-03-8.034340106e-03-7.554426789e-03
-6.607531570e-03-5.148269236e-03-3.228432499e-03-8.479716489e-04 2.029948868e-03
 5.429643672e-03 9.363200516e-03 1.382331364e-02 1.881577261e-02 2.434732579e-02
 3.042213619e-02 3.704499081e-02 4.422094673e-02 5.195493251e-02 6.025206670e-02
 6.911783665e-02 7.855812460e-02 8.857911825e-02 9.918696433e-02 1.103871986e-01
 1.221837848e-01 1.345774680e-01 1.475633085e-01 1.611268222e-01 1.752380282e-01
 1.898426861e-01 2.048491836e-01 2.201099247e-01 2.353961617e-01 2.503703237e-01
 2.645733356e-01 2.774652243e-01 2.885355651e-01 2.974162996e-01 3.039267063e-01
 3.080714643e-01 3.100356162e-01 3.101773262e-01 3.089798391e-01 3.069367111e-01
 3.316274658e-02 3.176628798e-02 2.809322067e-02 2.464700863e-02 2.184615098e-02
 1.932970248e-02 1.698278449e-02 1.475942880e-02 1.264111418e-02 1.062230859e-02
 8.704374544e-03 6.892700214e-03 5.195288919e-03 3.622100223e-03 2.184848767e-03
 8.971103234e-04-2.253042185e-04-1.163705601e-03-1.895550638e-03-2.392999362e-03
-2.622499829e-03-2.554360311e-03-2.160557080e-03-1.414138591e-03-2.894309582e-04
 1.236950164e-03 3.183436813e-03 5.556641612e-03 8.366088383e-03 1.162630878e-02
 1.535131503e-02 1.955228671e-02 2.423726022e-02 2.941465378e-02 3.509330004e-02
 4.128223658e-02 4.799114168e-02 5.523056909e-02 6.301214546e-02 7.134890556e-02
 8.025556058e-02 8.974891901e-02 9.984813631e-02 1.105750576e-01 1.219544485e-01
 1.340140104e-01 1.467841119e-01 1.602968574e-01 1.745841056e-01 1.896733940e-01
 2.055806220e-01 2.222965956e-01 2.397631705e-01 2.578284740e-01 2.761552632e-01
 2.940209210e-01 3.101060092e-01 3.231010437e-01 3.324137926e-01 3.378928602e-01
 3.395949304e-01 3.377878368e-01 3.331284821e-01 3.269076645e-01 3.204848468e-01
 1.336053852e-02 9.617039934e-03 9.796858765e-03 1.033723727e-02 1.007789932e-02
 9.422070347e-03 8.550404571e-03 7.561055012e-03 6.516839378e-03 5.462825764e-03
 4.433996044e-03 3.459084313e-03 2.562780865e-03 1.767171663e-03 1.092795399e-03
 5.594916292e-04 1.871230343e-04-3.805063898e-06 8.338160114e-06 2.465166035e-04
 7.346010534e-04 1.495950040e-03 2.552974736e-03 3.926896956e-03 5.637438502e-03
 7.702367380e-03 1.013694704e-02 1.295373961e-02 1.616455615e-02 1.978136040e-02
 2.381592430e-02 2.827948332e-02 3.318284824e-02 3.853701800e-02 4.435360432e-02
 5.064510554e-02 5.742527544e-02 6.470947713e-02 7.251506299e-02 8.086185902e-02
 8.977271616e-02 9.927422553e-02 1.093975306e-01 1.201794297e-01 1.316636354e-01
 1.439023465e-01 1.569582671e-01 1.709067374e-01 1.858382970e-01 2.018609792e-01
 2.191019356e-01 2.377070636e-01 2.578374445e-01 2.796640694e-01 3.033764064e-01
 3.293074667e-01 3.525398076e-01 3.684826791e-01 3.782739639e-01 3.825071156e-01
 3.806706667e-01 3.732316494e-01 3.594301045e-01 3.437752426e-01 3.318992555e-01
-4.074396566e-04-4.910037387e-03-3.871107008e-03-1.821960788e-03-5.718157045e-04
 1.090563310e-04 4.015094019e-04 4.385099164e-04 3.177635372e-04 1.126212446e-04
-1.204030777e-04-3.366071614e-04-4.996537464e-04-5.791198928e-04-5.487024901e-04
-3.848830238e-04-6.593510625e-05 4.287901102e-04 1.119329710e-03 2.025320893e-03
 3.165947739e-03 4.559683613e-03 6.224074401e-03 8.175580762e-03 1.042944659e-02
 1.299960352e-02 1.589866914e-02 1.913813502e-02 2.272885852e-02 2.668149211e-02
 3.100671619e-02 3.571543470e-02 4.081902653e-02 4.632968828e-02 5.226075277e-02
 5.862705410e-02 6.544524431e-02 7.273420691e-02 8.051550388e-02 8.881390840e-02
 9.765815735e-02 1.070818305e-01 1.171246246e-01 1.278339624e-01 1.392672509e-01
 1.514947712e-01 1.646038741e-01 1.787046045e-01 1.939375103e-01 2.104846835e-01
 2.285843641e-01 2.485500723e-01 2.707916796e-01 2.958330810e-01 3.243223429e-01
 3.547772467e-01 3.780894578e-01 3.940745294e-01 4.031416774e-01 4.049914777e-01
 3.998317719e-01 3.866090775e-01 3.666716218e-01 3.495162725e-01 3.357403278e-01
-9.829832241e-03-1.471451484e-02-1.348545589e-02-1.104107220e-02-9.206118993e-03
-7.858969271e-03-6.881672889e-03-6.166923326e-03-5.623618606e-03-5.177209619e-03
-4.767708946e-03-4.346971866e-03-3.876016941e-03-3.322712844e-03-2.659924794e-03
-1.864106744e-03-9.142866475e-04 2.086282766e-04 1.522292616e-03 3.043165896e-03
 4.786606878e-03 6.766883191e-03 8.997159079e-03 1.148949657e-02 1.425489411e-02
 1.730337180e-02 2.064413019e-02 2.428578958e-02 2.823671699e-02 3.250538930e-02
 3.710071743e-02 4.203240201e-02 4.731123894e-02 5.294945836e-02 5.896104127e-02
 6.536199898e-02 7.217065990e-02 7.940799743e-02 8.709798008e-02 9.526805580e-02
 1.039497927e-01 1.131798327e-01 1.230010465e-01 1.334643364e-01 1.446309984e-01
 1.565760523e-01 1.693930626e-01 1.832010150e-01 1.981545538e-01 2.144599706e-01
 2.324002534e-01 2.523767650e-01 2.749766111e-01 3.010576069e-01 3.315330148e-01
 3.584747910e-01 3.788112402e-01 3.925843239e-01 3.995971084e-01 3.998100162e-01
 3.920215964e-01 3.755629957e-01 3.577543795e-01 3.429117799e-01 3.304550350e-01
-1.593516953e-02-2.108253166e-02-2.027466521e-02-1.788330823e-02-1.596368290e-02
-1.443124004e-02-1.318643894e-02-1.213661209e-02-1.120233536e-02-1.031891163e-02
-9.434989654e-03-8.510001935e-03-7.511466276e-03-6.412686780e-03-5.191015545e-03
-3.826675005e-03-2.302027773e-03-6.011771620e-04 1.290222164e-03 3.385041840e-03
 5.694711581e-03 8.229254745e-03 1.099735126e-02 1.400645357e-02 1.726293005e-02
 2.077227831e-02 2.453936636e-02 2.856875211e-02 3.286505118e-02 3.743334860e-02
 4.227963835e-02 4.741127789e-02 5.283739418e-02 5.856924504e-02 6.462052464e-02
 7.100754231e-02 7.774937898e-02 8.486796170e-02 9.238818288e-02 1.003381088e-01
 1.087492928e-01 1.176573411e-01 1.271027476e-01 1.371321231e-01 1.477997750e-01
 1.591701508e-01 1.713208407e-01 1.843470335e-01 1.983676553e-01 2.135345638e-01
 2.300466895e-01 2.481745631e-01 2.683099806e-01 2.911189198e-01 3.154411912e-01
 3.358904421e-01 3.516414165e-01 3.624066114e-01 3.680808544e-01 3.678507507e-01
 3.614292145e-01 3.494719863e-01 3.379790485e-01 3.274900317e-01 3.180526793e-01
-1.990080252e-02-2.540672943e-02-2.480601519e-02-2.277786098e-02-2.118118666e-02
-1.986982487e-02-1.871880144e-02-1.763218828e-02-1.654224470e-02-1.540318504e-02
-1.418416947e-02-1.286341064e-02-1.142397989e-02-9.851198643e-03-8.131270297e-03
-6.250825245e-03-4.197001457e-03-1.957804197e-03 4.774762201e-04 3.117925487e-03
 5.970814731e-03 9.041573852e-03 1.233390905e-02 1.585002244e-02 1.959087886e-02
 2.355651185e-02 2.774634212e-02 3.215955198e-02 3.679554164e-02 4.165446013e-02
 4.673784971e-02 5.204929039e-02 5.759501457e-02 6.338442117e-02 6.943032891e-02
 7.574908435e-02 8.236034214e-02 8.928680420e-02 9.655382484e-02 1.041890830e-01
 1.122223809e-01 1.206856221e-01 1.296129674e-01 1.390412301e-01 1.490103155e-01
 1.595636904e-01 1.707489192e-01 1.826174706e-01 1.952236891e-01 2.086213231e-01
 2.228543162e-01 2.379346043e-01 2.537880540e-01 2.701340318e-01 2.861876488e-01
 3.004223704e-01 3.119520545e-01 3.203070164e-01 3.251914978e-01 3.264649808e-01
 3.242666721e-01 3.196937144e-01 3.139935434e-01 3.078608811e-01 3.017117381e-01
-2.102635615e-02-2.689832076e-02-2.704172023e-02-2.597376518e-02-2.528519928e-02
-2.467317507e-02-2.396302857e-02-2.307334542e-02-2.197871543e-02-2.068128251e-02
-1.919307187e-02-1.752625965e-02-1.568853483e-02-1.368163899e-02-1.150186826e-02
-9.141620249e-03-6.591341458e-03-3.841395257e-03-8.835511399e-04 2.288031857e-03
 5.676366854e-03 9.281673469e-03 1.310173888e-02 1.713242941e-02 2.136818878e-02
 2.580243163e-02 3.042784892e-02 3.523670882e-02 4.022129998e-02 4.537463933e-02
 5.069146678e-02 5.616942421e-02 6.181019172e-02 6.762039661e-02 7.361200452e-02
 7.980218530e-02 8.621257544e-02 9.286823869e-02 9.979633987e-02 1.070250422e-01
 1.145825312e-01 1.224964261e-01 1.307933182e-01 1.394985318e-01 1.486355662e-01
 1.582254320e-01 1.682851017e-01 1.788247973e-01 1.898434013e-01 2.013203800e-01
 2.132026106e-01 2.253833562e-01 2.376718372e-01 2.497585267e-01 2.612023950e-01
 2.714913487e-01 2.801633179e-01 2.868847847e-01 2.914732993e-01 2.939134836e-01
 2.943811119e-01 2.932322621e-01 2.909058928e-01 2.878077328e-01 2.842585444e-01
-1.786267944e-02-2.367986180e-02-2.636026591e-02-2.796963602e-02-2.924899384e-02
-2.989405207e-02-2.984188870e-02-2.918273583e-02-2.803651243e-02-2.651141770e-02
-2.469272166e-02-2.264009416e-02-2.038876526e-02-1.795338467e-02-1.533351187e-02
-1.251958497e-02-9.498339146e-03-6.257118192e-03-2.786855213e-03 9.162800852e-04
 4.850509111e-03 9.009123780e-03 1.338182017e-02 1.795615815e-02 2.271863818e-02
 2.765512094e-02 3.275071084e-02 3.798937425e-02 4.335388169e-02 4.882655665e-02
 5.439102277e-02 6.003475934e-02 6.575175375e-02 7.154455036e-02 7.742514461e-02
 8.341449499e-02 8.954063058e-02 9.583584219e-02 1.023335308e-01 1.090656221e-01
 1.160607636e-01 1.233434230e-01 1.309334487e-01 1.388457417e-01 1.470897496e-01
 1.556683928e-01 1.645763516e-01 1.737972796e-01 1.832996160e-01 1.930308789e-01
 2.029101253e-01 2.128193974e-01 2.225961983e-01 2.320314795e-01 2.408793718e-01
 2.488821298e-01 2.558045387e-01 2.614663839e-01 2.657650113e-01 2.686873376e-01
 2.703101039e-01 2.707852721e-01 2.703108191e-01 2.690968215e-01 2.673392594e-01
-1.388355345e-02-1.993814483e-02-2.564062737e-02-3.115756996e-02-3.612361848e-02
-3.775652125e-02-3.784076124e-02-3.690354899e-02-3.527733684e-02-3.319543600e-02
-3.081959859e-02-2.824929357e-02-2.553002909e-02-2.266641147e-02-1.963776723e-02
-1.641225256e-02-1.295743044e-02-9.247317910e-03-5.266697146e-03-1.013118774e-03
 3.503499553e-03 8.263730444e-03 1.324315928e-02 1.841683872e-02 2.376192622e-02
 2.925779857e-02 3.488400578e-02 4.061716050e-02 4.642825201e-02 5.228232592e-02
 5.814206973e-02 6.397462636e-02 6.975879520e-02 7.549010217e-02 8.118288964e-02
 8.686945587e-02 9.259565175e-02 9.841322899e-02 1.043715775e-01 1.105122417e-01
 1.168668494e-01 1.234574467e-01 1.302975416e-01 1.373929381e-01 1.447419524e-01
 1.523350477e-01 1.601536870e-01 1.681686044e-01 1.763373166e-01 1.846014410e-01
 1.928838044e-01 2.010862976e-01 2.090896666e-01 2.167565376e-01 2.239388824e-01
 2.304898649e-01 2.362781912e-01 2.412020862e-01 2.452001274e-01 2.482570708e-01
 2.504034936e-01 2.517095506e-01 2.522735298e-01 2.522087693e-01 2.516312301e-01
-1.179052703e-02-1.863676123e-02-2.609517239e-02-3.455335274e-02-4.390149191e-02
-4.908790067e-02-4.919573665e-02-4.681076109e-02-4.386238009e-02-4.063360393e-02
-3.734580800e-02-3.410937637e-02-3.092361614e-02-2.771836333e-02-2.439901046e-02
-2.087461576e-02-1.707055606e-02-1.293378882e-02-8.436515927e-03-3.579670331e-03
 1.606763806e-03 7.071412634e-03 1.275721192e-02 1.861668006e-02 2.461838163e-02
 3.074416518e-02 3.698105365e-02 4.331031069e-02 4.969467595e-02 5.606846884e-02
 6.234405562e-02 6.843906641e-02 7.430027425e-02 7.991016656e-02 8.528818935e-02
 9.049405903e-02 9.562348574e-02 1.007825062e-01 1.060565859e-01 1.115006953e-01
 1.171454117e-01 1.230050400e-01 1.290829778e-01 1.353746057e-01 1.418683082e-01
 1.485456973e-01 1.553809941e-01 1.623400897e-01 1.693795025e-01 1.764452606e-01
 1.834722906e-01 1.903845072e-01 1.970960647e-01 2.035143971e-01 2.095447481e-01
 2.150963992e-01 2.200894356e-01 2.244614065e-01 2.281722724e-01 2.312072664e-01
 2.335770130e-01 2.353148460e-01 2.364720106e-01 2.371117920e-01 2.373034358e-01
-9.144806303e-03-1.618279330e-02-2.411982417e-02-3.342223912e-02-4.445660487e-02
-5.276692659e-02-5.705754831e-02-5.716144294e-02-5.305993184e-02-4.781398922e-02
-4.324406758e-02-3.943518549e-02-3.610741347e-02-3.293190524e-02-2.964984626e-02
-2.608190477e-02-2.210263163e-02-1.762262918e-02-1.258702669e-02-6.992006674e-03
-9.139991016e-04 5.491041578e-03 1.206468046e-02 1.871818863e-02 2.543020621e-02
 3.221772239e-02 3.911389410e-02 4.615177959e-02 5.334046483e-02 6.058765575e-02
 6.759269536e-02 7.412049919e-02 8.009938151e-02 8.550702035e-02 9.034503251e-02
 9.467795491e-02 9.877240658e-02 1.029652879e-01 1.073784679e-01 1.120355353e-01
 1.169334799e-01 1.220604554e-01 1.274006963e-01 1.329356432e-01 1.386436820e-01
 1.444994956e-01 1.504733264e-01 1.565301269e-01 1.626290679e-01 1.687231362e-01
 1.747592688e-01 1.806788743e-01 1.864192188e-01 1.919154972e-01 1.971036345e-01
 2.019235790e-01 2.063229531e-01 2.102601826e-01 2.137071043e-01 2.166504562e-01
 2.190918922e-01 2.210470289e-01 2.225431502e-01 2.236164659e-01 2.243088484e-01
-5.126113538e-03-1.156105660e-02-1.864382997e-02-2.648519352e-02-3.508386388e-02
-4.422967881e-02-5.227965862e-02-5.634649098e-02-5.597624928e-02-5.079487339e-02
-4.577940330e-02-4.275964946e-02-4.064513370e-02-3.839167580e-02-3.572315723e-02
-3.250845522e-02-2.863830514e-02-2.399667725e-02-1.844965853e-02-1.185081247e-02
-4.149589222e-03 3.889510175e-03 1.162182353e-02 1.909273118e-02 2.642259188e-02
 3.373415023e-02 4.115039483e-02 4.880617186e-02 5.687281862e-02 6.558003277e-02
 7.364385575e-02 8.066365123e-02 8.678518981e-02 9.194036573e-02 9.609679878e-02
 9.910683334e-02 1.014591753e-01 1.045080498e-01 1.080427021e-01 1.119484529e-01
 1.161546931e-01 1.206131577e-01 1.252873689e-01 1.301464587e-01 1.351614743e-01
 1.403030008e-01 1.455398053e-01 1.508380026e-01 1.561605632e-01 1.614672393e-01
 1.667147428e-01 1.718573868e-01 1.768480241e-01 1.816394329e-01 1.861860305e-01
 1.904456764e-01 1.943816990e-01 1.979645342e-01 2.011731416e-01 2.039957196e-01
 2.064299136e-01 2.084823102e-01 2.101673633e-01 2.115059644e-01 2.125237137e-01
 3.049714724e-05-5.370452534e-03-1.114834938e-02-1.729877107e-02-2.373937145e-02
-3.030174598e-02-3.674337268e-02-4.277004302e-02-4.615581408e-02-4.391676188e-02
-4.124542698e-02-4.070964828e-02-4.099077731e-02-4.010951892e-02-3.831743449e-02
-3.568109125e-02-3.215423226e-02-2.763117477e-02-2.193043195e-02-1.470925752e-02
-5.335330032e-03 4.210405983e-03 1.262714434e-02 2.043390460e-02 2.793790959e-02
 3.534781188e-02 4.283536971e-02 5.057284981e-02 5.876501650e-02 6.762833893e-02
 7.582496852e-02 8.287297189e-02 8.890318871e-02 9.387753904e-02 9.772259742e-02
 1.002629772e-01 1.020908654e-01 1.046115533e-01 1.076355353e-01 1.110299006e-01
 1.147129312e-01 1.186325774e-01 1.227517501e-01 1.270397156e-01 1.314675808e-01
 1.360064447e-01 1.406263113e-01 1.452958584e-01 1.499821991e-01 1.546510309e-01
 1.592667699e-01 1.637930572e-01 1.681934893e-01 1.724323630e-01 1.764757782e-01
 1.802927107e-01 1.838560700e-01 1.871436834e-01 1.901390404e-01 1.928317845e-01
 1.952176988e-01 1.972986460e-01 1.990819126e-01 2.005794495e-01 2.018069774e-01
 0.188562512E+01 0.191228652E+01 0.192896461E+01 0.194774151E+01 0.196670496E+01
 0.198910046E+01 0.200845027E+01 0.202552056E+01 0.204496145E+01 0.206352329E+01
 0.208192253E+01 0.210149956E+01 0.212049103E+01 0.213939309E+01 0.215934730E+01
 0.217887259E+01 0.219843292E+01 0.221889400E+01 0.223956180E+01 0.226030803E+01
 0.228145123E+01 0.230337620E+01 0.232556748E+01 0.234808135E+01 0.237126708E+01
 0.239531946E+01 0.241984081E+01 0.244492912E+01 0.247082019E+01 0.249779844E+01
 0.252566719E+01 0.255429626E+01 0.258390117E+01 0.261484456E+01 0.264711595E+01
 0.268055463E+01 0.271535158E+01 0.275177884E+01 0.278996754E+01 0.282992935E+01
 0.287188554E+01 0.291592789E+01 0.296251202E+01 0.301157689E+01 0.306361961E+01
 0.311865449E+01 0.317738223E+01 0.323994470E+01 0.330700922E+01 0.337900829E+01
 0.345665026E+01 0.354078555E+01 0.363240910E+01 0.373253512E+01 0.384309697E+01
 0.396615696E+01 0.410418177E+01 0.426116419E+01 0.444229603E+01 0.465745974E+01
 0.491907454E+01 0.525595427E+01 0.572580528E+01 0.651511049E+01 0.116846638E+02
   91   86
 0.107721555E+01-0.100000001E+00 0.107580078E+01 0.000000000E+00 0.107906246E+01
 0.685848445E-01 0.108659482E+01 0.150000006E+00 0.110220027E+01 0.250000000E+00
 0.111191344E+01 0.300000012E+00 0.113218749E+01 0.392770737E+00 0.114534950E+01
 0.449999988E+00 0.115875006E+01 0.506146848E+00 0.118201554E+01 0.600000024E+00
 0.119499052E+01 0.649999976E+00 0.121187496E+01 0.713086128E+00 0.123781586E+01
 0.798210144E+00 0.125649703E+01 0.850000024E+00 0.127984786E+01 0.899999976E+00
 0.131612897E+01 0.947725296E+00 0.134468746E+01 0.967821121E+00 0.139781249E+01
 0.979141593E+00 0.145093751E+01 0.975038111E+00 0.150406253E+01 0.962028861E+00
 0.153655601E+01 0.949999988E+00 0.158375001E+01 0.932108760E+00 0.163687503E+01
 0.906257272E+00 0.166343749E+01 0.891564608E+00 0.171656251E+01 0.859622717E+00
 0.174312496E+01 0.841644585E+00 0.179624999E+01 0.803232372E+00 0.182281256E+01
 0.782502770E+00 0.186088932E+01 0.750000000E+00 0.190250003E+01 0.713029981E+00
 0.192906249E+01 0.687228262E+00 0.196503389E+01 0.649999976E+00 0.200841260E+01
 0.601167977E+00 0.203531241E+01 0.568344533E+00 0.206187510E+01 0.532823741E+00
 0.208843756E+01 0.494169414E+00 0.211644554E+01 0.449999988E+00 0.214455175E+01
 0.400000006E+00 0.216962290E+01 0.349999994E+00 0.219468760E+01 0.292927653E+00
 0.222125006E+01 0.223894477E+00 0.224415040E+01 0.150000006E+00 0.225585651E+01
 0.100000001E+00 0.226731873E+01 0.000000000E+00 0.226318169E+01-0.100000001E+00
 0.224781251E+01-0.184568986E+00 0.223091793E+01-0.250000000E+00 0.221488619E+01
-0.300000012E+00 0.219468760E+01-0.356414080E+00 0.216812491E+01-0.420590997E+00
 0.214156246E+01-0.476973653E+00 0.211500001E+01-0.527041197E+00 0.208843756E+01
-0.571983218E+00 0.206187510E+01-0.612769127E+00 0.203424716E+01-0.651450634E+00
 0.199642491E+01-0.699999988E+00 0.195608318E+01-0.748219907E+00 0.192906249E+01
-0.778706610E+00 0.190250003E+01-0.807204425E+00 0.185994518E+01-0.850000024E+00
 0.182281256E+01-0.886149168E+00 0.179624999E+01-0.910522997E+00 0.174952400E+01
-0.949999988E+00 0.171656251E+01-0.977014959E+00 0.168450391E+01-0.100000000E+01
 0.163687503E+01-0.103387034E+01 0.160797191E+01-0.105177426E+01 0.155718756E+01
-0.108192754E+01 0.152094913E+01-0.110000002E+01 0.147749996E+01-0.112228060E+01
 0.142437506E+01-0.114419031E+01 0.139674091E+01-0.115497839E+01 0.134468746E+01
-0.117330515E+01 0.129156256E+01-0.118571877E+01 0.123843753E+01-0.119096553E+01
 0.118128228E+01-0.118314409E+01 0.115068960E+01-0.117600703E+01 0.115875006E+01
-0.114095652E+01 0.117446804E+01-0.104999995E+01 0.117928636E+01-0.949999988E+00
 0.117541516E+01-0.850000024E+00 0.116560984E+01-0.750000000E+00 0.115875006E+01
-0.697239280E+00 0.114428294E+01-0.600000024E+00 0.113218749E+01-0.524527013E+00
 0.111998689E+01-0.449999988E+00 0.110562503E+01-0.359669387E+00 0.109664619E+01
-0.300000012E+00 0.108451736E+01-0.200000003E+00 0.107906246E+01-0.130149066E+00
 0.107721555E+01-0.100000001E+00
 0.101600003E+01 0.000000000E+00 0.101600003E+01 0.963999987E+00 0.101600003E+01
 0.967999995E+00 0.101600003E+01 0.100100005E+01 0.101600003E+01 0.101900005E+01
 0.101600003E+01 0.107700002E+01 0.101600003E+01 0.107000005E+01 0.101600003E+01
 0.109599996E+01 0.101600003E+01 0.111300004E+01 0.101600003E+01 0.113800001E+01
 0.101600003E+01 0.114699996E+01 0.101199996E+01 0.116499996E+01 0.100100005E+01
 0.121700001E+01 0.102900004E+01 0.121700001E+01 0.104200006E+01 0.116240001E+01
 0.104600000E+01 0.116237998E+01 0.105599999E+01 0.116260004E+01 0.109700000E+01
 0.116450000E+01 0.110800004E+01 0.116594005E+01 0.111600006E+01 0.116591001E+01
 0.113399994E+01 0.116895998E+01 0.114800000E+01 0.117174995E+01 0.116199994E+01
 0.117556000E+01 0.118099999E+01 0.118299997E+01 0.118200004E+01 0.118350005E+01
 0.118499994E+01 0.118499994E+01 0.119000006E+01 0.118799996E+01 0.119500005E+01
 0.119099998E+01 0.120099998E+01 0.119599998E+01 0.120899999E+01 0.120200002E+01
 0.121500003E+01 0.120799994E+01 0.122200000E+01 0.121399999E+01 0.122800004E+01
 0.122099996E+01 0.123399997E+01 0.123099995E+01 0.123899996E+01 0.123800004E+01
 0.124199998E+01 0.124399996E+01 0.124800003E+01 0.125399995E+01 0.125800002E+01
 0.127800000E+01 0.126300001E+01 0.128999996E+01 0.127999997E+01 0.133099997E+01
 0.127999997E+01 0.134700000E+01 0.127999997E+01 0.134800005E+01 0.130999994E+01
 0.134800005E+01 0.132799995E+01 0.134800005E+01 0.136099994E+01 0.134800005E+01
 0.138000000E+01 0.134800005E+01 0.141900003E+01 0.134800005E+01 0.141900003E+01
 0.130999994E+01 0.137199998E+01 0.130999994E+01 0.137199998E+01 0.129200006E+01
 0.160800004E+01 0.109500003E+01 0.164699996E+01 0.107700002E+01 0.178499997E+01
 0.107700002E+01 0.206999993E+01 0.103999996E+01 0.212800002E+01 0.992999971E+00
 0.224499989E+01 0.708999991E+00 0.232299995E+01 0.518999994E+00 0.237700009E+01
 0.388999999E+00 0.236249995E+01 0.400000006E+00 0.236443496E+01 0.222000003E+00
 0.236496902E+01 0.133000001E+00 0.236532402E+01 0.439999998E-01 0.236512089E+01
-0.439999998E-01 0.236484194E+01-0.133000001E+00 0.236433411E+01-0.222000003E+00
 0.236249995E+01-0.400000006E+00 0.237700009E+01-0.388999999E+00 0.213400006E+01
-0.972999990E+00 0.178600001E+01-0.117400002E+01 0.176800001E+01-0.121099997E+01
 0.176800001E+01-0.125000000E+01 0.168200004E+01-0.125000000E+01 0.137199998E+01
-0.125000000E+01 0.137199998E+01-0.132900000E+01 0.141999996E+01-0.132900000E+01
 0.141999996E+01-0.136300004E+01 0.127300000E+01-0.136300004E+01 0.115300000E+01
-0.136300004E+01 0.101600003E+01-0.122300005E+01 0.101600003E+01-0.122300005E+01
 0.101600003E+01-0.829999983E+00 0.101600003E+01-0.800000012E+00 0.101600003E+01
-0.414999992E+00 0.101600003E+01-0.400000006E+00 0.101600003E+01-0.100000005E-02
 0.101600003E+01 0.000000000E+00
    0 0.169550002E+01    0
 0.000000000E+00 0.999777243E-01 0.141971812E+00 0.174389839E+00 0.201917470E+00
 0.225035369E+00 0.247424990E+00 0.268080980E+00 0.287527680E+00 0.305771619E+00
 0.323237717E+00 0.339979082E+00 0.355975807E+00 0.371480286E+00 0.386550784E+00
 0.401087940E+00 0.415266484E+00 0.429164648E+00 0.442729771E+00 0.455948085E+00
 0.468940556E+00 0.481755674E+00 0.494343311E+00 0.506667078E+00 0.518854737E+00
 0.530908406E+00 0.542815328E+00 0.554545343E+00 0.566157222E+00 0.577672899E+00
 0.589113474E+00 0.600414813E+00 0.611650646E+00 0.622819901E+00 0.633928657E+00
 0.644972861E+00 0.655960321E+00 0.666912079E+00 0.677856028E+00 0.688766003E+00
 0.699656665E+00 0.710525930E+00 0.721425354E+00 0.732316911E+00 0.743251622E+00
 0.754195988E+00 0.765196681E+00 0.776233733E+00 0.787341714E+00 0.798530877E+00
 0.809807420E+00 0.821192324E+00 0.832700014E+00 0.844347239E+00 0.856163263E+00
 0.868187249E+00 0.880431890E+00 0.892949820E+00 0.905772507E+00 0.919025958E+00
 0.932726145E+00 0.947085917E+00 0.962336779E+00 0.978981972E+00 0.100000000E+01
    0
