  EFITD    06/25/2013    #1553513000.0ms  EFIT01   0  65  65
 0.170000005E+01 0.320000005E+01 0.169550002E+01 0.839999974E+00 0.000000000E+00
 0.181756032E+01-0.406297520E-01-0.161266267E+00 0.141312378E-01 0.165790117E+01
 0.101960088E+07-0.161266267E+00 0.000000000E+00 0.181756032E+01 0.000000000E+00
-0.406297520E-01 0.000000000E+00 0.141312378E-01 0.000000000E+00 0.000000000E+00
 0.275897145E+01 0.276196241E+01 0.276483226E+01 0.276758361E+01 0.277021933E+01
 0.277274179E+01 0.277515388E+01 0.277745819E+01 0.277965760E+01 0.278175449E+01
 0.278375149E+01 0.278565121E+01 0.278745604E+01 0.278916860E+01 0.279079151E+01
 0.279232764E+01 0.279377890E+01 0.279514790E+01 0.279643726E+01 0.279764938E+01
 0.279878664E+01 0.279985142E+01 0.280084658E+01 0.280177450E+01 0.280263686E+01
 0.280343676E+01 0.280417633E+01 0.280485797E+01 0.280548429E+01 0.280605745E+01
 0.280657983E+01 0.280705404E+01 0.280748224E+01 0.280786657E+01 0.280820990E+01
 0.280851436E+01 0.280878210E+01 0.280901551E+01 0.280921745E+01 0.280938959E+01
 0.280953503E+01 0.280965543E+01 0.280975342E+01 0.280983114E+01 0.280989122E+01
 0.280993605E+01 0.280996752E+01 0.280998850E+01 0.281000090E+01 0.281000733E+01
 0.281000996E+01 0.281001139E+01 0.281001377E+01 0.281001949E+01 0.281003094E+01
 0.281005049E+01 0.281008005E+01 0.281012249E+01 0.281017995E+01 0.281025457E+01
 0.281034946E+01 0.281046581E+01 0.281060696E+01 0.281077480E+01 0.281097150E+01
 0.102448578E+06 0.994268438E+05 0.964502344E+05 0.935187266E+05 0.906323359E+05
 0.877910469E+05 0.849948750E+05 0.822438047E+05 0.795378516E+05 0.768770078E+05
 0.742612656E+05 0.716906406E+05 0.691651328E+05 0.666847188E+05 0.642494297E+05
 0.618592422E+05 0.595141680E+05 0.572142031E+05 0.549593477E+05 0.527496055E+05
 0.505849688E+05 0.484654453E+05 0.463910312E+05 0.443617266E+05 0.423775312E+05
 0.404384492E+05 0.385444727E+05 0.366956094E+05 0.348918555E+05 0.331332109E+05
 0.314196758E+05 0.297512520E+05 0.281279375E+05 0.265497344E+05 0.250166406E+05
 0.235286562E+05 0.220857832E+05 0.206880195E+05 0.193353652E+05 0.180278203E+05
 0.167653887E+05 0.155480645E+05 0.143758516E+05 0.132487480E+05 0.121667539E+05
 0.111298711E+05 0.101380977E+05 0.919143555E+04 0.828988184E+04 0.743343848E+04
 0.662210547E+04 0.585588281E+04 0.513477002E+04 0.445876709E+04 0.382787427E+04
 0.324209180E+04 0.270141895E+04 0.220585645E+04 0.175540393E+04 0.135006152E+04
 0.989829102E+03 0.674706726E+03 0.404694397E+03 0.179792175E+03 0.000000000E+00
 0.307328272E+01 0.295300078E+01 0.283512068E+01 0.271964264E+01 0.260656619E+01
 0.249589181E+01 0.238761902E+01 0.228174806E+01 0.217827892E+01 0.207721162E+01
 0.197854614E+01 0.188228250E+01 0.178842068E+01 0.169696057E+01 0.160790241E+01
 0.152124596E+01 0.143699145E+01 0.135513866E+01 0.127568781E+01 0.119863868E+01
 0.112399137E+01 0.105174589E+01 0.981902182E+00 0.914460301E+00 0.849420309E+00
 0.786782086E+00 0.726545691E+00 0.668711066E+00 0.613278329E+00 0.560247362E+00
 0.509618163E+00 0.461390883E+00 0.415565372E+00 0.372141689E+00 0.331119806E+00
 0.292499751E+00 0.256281495E+00 0.222465083E+00 0.191050470E+00 0.162037671E+00
 0.135426700E+00 0.111217536E+00 0.894101858E-01 0.700046644E-01 0.530009493E-01
 0.383990556E-01 0.261989757E-01 0.164007135E-01 0.900427252E-02 0.400964171E-02
 0.141682848E-02 0.122583285E-02 0.343664736E-02 0.804928690E-02 0.150637440E-01
 0.244800076E-01 0.362980962E-01 0.505179986E-01 0.671397150E-01 0.861632526E-01
 0.107588604E+00 0.131415769E+00 0.157644749E+00 0.186275557E+00 0.217308164E+00
-0.111088150E+07-0.109441950E+07-0.107795738E+07-0.106149538E+07-0.104503325E+07
-0.102857125E+07-0.101210912E+07-0.995647125E+06-0.979185000E+06-0.962722938E+06
-0.946260875E+06-0.929798812E+06-0.913336750E+06-0.896874688E+06-0.880412625E+06
-0.863950562E+06-0.847488500E+06-0.831026438E+06-0.814564375E+06-0.798102312E+06
-0.781640250E+06-0.765178188E+06-0.748716125E+06-0.732254062E+06-0.715792000E+06
-0.699329938E+06-0.682867875E+06-0.666405750E+06-0.649943750E+06-0.633481625E+06
-0.617019562E+06-0.600557500E+06-0.584095438E+06-0.567633375E+06-0.551171312E+06
-0.534709250E+06-0.518247219E+06-0.501785125E+06-0.485323062E+06-0.468861000E+06
-0.452398938E+06-0.435936875E+06-0.419474812E+06-0.403012750E+06-0.386550688E+06
-0.370088625E+06-0.353626562E+06-0.337164500E+06-0.320702438E+06-0.304240375E+06
-0.287778281E+06-0.271316219E+06-0.254854172E+06-0.238392109E+06-0.221930031E+06
-0.205467969E+06-0.189005906E+06-0.172543844E+06-0.156081781E+06-0.139619719E+06
-0.123157648E+06-0.106695578E+06-0.902335234E+05-0.737714531E+05-0.573093906E+05
 4.735194519e-02 4.592020437e-02 4.452569038e-02 4.310216010e-02 4.157761484e-02
 3.986028582e-02 3.782038018e-02 3.527543694e-02 3.132620454e-02 2.494143881e-02
 1.725140586e-02 8.042367175e-03-1.286573941e-03-7.758176420e-03-1.202142611e-02
-1.435341127e-02-1.482475176e-02-1.338082179e-02-9.803771041e-03-3.608749481e-03
 6.154419389e-03 1.643381268e-02 2.490767278e-02 3.237138316e-02 3.926992789e-02
 4.587738961e-02 5.238985643e-02 5.897357315e-02 6.579835713e-02 7.304385304e-02
 7.983679324e-02 8.590024710e-02 9.133931994e-02 9.610219300e-02 1.001546755e-01
 1.033924371e-01 1.061623916e-01 1.094005331e-01 1.129715815e-01 1.167970896e-01
 1.208333373e-01 1.250547320e-01 1.294429302e-01 1.339804232e-01 1.386476457e-01
 1.434220076e-01 1.482779235e-01 1.531868428e-01 1.581176072e-01 1.630366147e-01
 1.679082662e-01 1.726955324e-01 1.773606092e-01 1.818659157e-01 1.861751676e-01
 1.902545094e-01 1.940738261e-01 1.976078153e-01 2.008368522e-01 2.037476748e-01
 2.063336521e-01 2.085946649e-01 2.105365992e-01 2.121706903e-01 2.135125101e-01
 4.394704849e-02 4.250923917e-02 4.132983088e-02 4.039824009e-02 3.965676203e-02
 3.897580504e-02 3.773298860e-02 3.504835814e-02 3.064103611e-02 2.432128973e-02
 1.743981428e-02 1.035723183e-02 3.744002664e-03-1.335446839e-03-4.791611806e-03
-6.660717539e-03-6.943360902e-03-5.584327504e-03-2.471308922e-03 2.544791205e-03
 9.471480735e-03 1.709472761e-02 2.431483194e-02 3.112924471e-02 3.767239675e-02
 4.408160597e-02 5.048545823e-02 5.701259524e-02 6.380976737e-02 7.103635371e-02
 7.785304636e-02 8.397469670e-02 8.949739486e-02 9.440593421e-02 9.866001457e-02
 1.021514535e-01 1.052599177e-01 1.088753790e-01 1.128716469e-01 1.171684042e-01
 1.217166707e-01 1.264839768e-01 1.314458549e-01 1.365806311e-01 1.418663114e-01
 1.472787410e-01 1.527904570e-01 1.583702713e-01 1.639828086e-01 1.695885956e-01
 1.751443148e-01 1.806033999e-01 1.859169602e-01 1.910352707e-01 1.959093958e-01
 2.004932463e-01 2.047457099e-01 2.086325437e-01 2.121281028e-01 2.152163386e-01
 2.178913504e-01 2.201569825e-01 2.220259607e-01 2.235184908e-01 2.246604413e-01
 3.946913406e-02 3.802183643e-02 3.709533811e-02 3.680020571e-02 3.713010624e-02
 3.667085245e-02 3.503049165e-02 3.208523989e-02 2.774312161e-02 2.298258618e-02
 1.830981486e-02 1.391290408e-02 1.001957804e-02 6.887191907e-03 4.709571600e-03
 3.602255136e-03 3.632340813e-03 4.837336950e-03 7.220449857e-03 1.071945392e-02
 1.515733264e-02 2.023930475e-02 2.566872351e-02 3.126054257e-02 3.694007546e-02
 4.269796610e-02 4.855650291e-02 5.454984307e-02 6.070695072e-02 6.699151546e-02
 7.312837243e-02 7.893647254e-02 8.438948542e-02 8.947958797e-02 9.420222044e-02
 9.858000278e-02 1.028342620e-01 1.072732583e-01 1.119588912e-01 1.168925762e-01
 1.220653653e-01 1.274654269e-01 1.330793053e-01 1.388914287e-01 1.448832005e-01
 1.510320902e-01 1.573106498e-01 1.636856943e-01 1.701176763e-01 1.765602678e-01
 1.829602420e-01 1.892580092e-01 1.953887194e-01 2.012841851e-01 2.068756670e-01
 2.120973468e-01 2.168900073e-01 2.212048620e-01 2.250065207e-01 2.282750309e-01
 2.310066819e-01 2.332131416e-01 2.349196076e-01 2.361618876e-01 2.369830757e-01
 3.326019645e-02 3.156452999e-02 3.065000102e-02 3.057501838e-02 3.110272251e-02
 3.057676926e-02 2.870652080e-02 2.618644014e-02 2.348896675e-02 2.070688829e-02
 1.796281710e-02 1.539743878e-02 1.315975934e-02 1.139504090e-02 1.022967789e-02
 9.760928340e-03 1.005373616e-02 1.113988645e-02 1.301512867e-02 1.563455164e-02
 1.891193725e-02 2.273129299e-02 2.697112784e-02 3.152877465e-02 3.633161634e-02
 4.133464769e-02 4.651076719e-02 5.183841661e-02 5.728771165e-02 6.280794740e-02
 6.832984090e-02 7.378959656e-02 7.914864272e-02 8.439552784e-02 8.954527229e-02
 9.464365244e-02 9.976682812e-02 1.049990430e-01 1.104045138e-01 1.160214245e-01
 1.218693405e-01 1.279562116e-01 1.342822313e-01 1.408414841e-01 1.476222873e-01
 1.546068788e-01 1.617704928e-01 1.690802425e-01 1.764937937e-01 1.839581281e-01
 1.914085746e-01 1.987684220e-01 2.059498727e-01 2.128563225e-01 2.193867713e-01
 2.254418135e-01 2.309308946e-01 2.357795835e-01 2.399358600e-01 2.433739901e-01
 2.460958362e-01 2.481289506e-01 2.495221645e-01 2.503395677e-01 2.506537437e-01
 2.441495843e-02 2.206602134e-02 2.114588022e-02 2.135024406e-02 2.194846794e-02
 2.180974185e-02 2.127908170e-02 2.042427659e-02 1.932354271e-02 1.806807891e-02
 1.676025055e-02 1.550931484e-02 1.442574151e-02 1.361483894e-02 1.317039691e-02
 1.316941343e-02 1.366842818e-02 1.470130961e-02 1.627816632e-02 1.838572882e-02
 2.099014446e-02 2.404287271e-02 2.748885751e-02 3.127452731e-02 3.535313159e-02
 3.968625143e-02 4.424217716e-02 4.899242520e-02 5.390816927e-02 5.895854533e-02
 6.411236525e-02 6.934303045e-02 7.463379204e-02 7.998116314e-02 8.539632708e-02
 9.090438485e-02 9.654098749e-02 1.023460627e-01 1.083571091e-01 1.146049500e-01
 1.211124882e-01 1.278952062e-01 1.349620521e-01 1.423158944e-01 1.499534845e-01
 1.578647792e-01 1.660316586e-01 1.744259745e-01 1.830071062e-01 1.917188764e-01
 2.004864067e-01 2.092132866e-01 2.177802473e-01 2.260468006e-01 2.338573039e-01
 2.410520464e-01 2.474821210e-01 2.530249655e-01 2.575977743e-01 2.611658573e-01
 2.637448311e-01 2.653959990e-01 2.662157416e-01 2.663217783e-01 2.658386528e-01
 1.068976056e-02 6.145247258e-03 7.608033717e-03 1.040991675e-02 1.249321364e-02
 1.398690231e-02 1.494653709e-02 1.545603201e-02 1.560967881e-02 1.550528314e-02
 1.524182502e-02 1.491742954e-02 1.462681126e-02 1.445835177e-02 1.449115388e-02
 1.479245909e-02 1.541566756e-02 1.639912650e-02 1.776580326e-02 1.952399872e-02
 2.166917920e-02 2.418686450e-02 2.705611475e-02 3.025295772e-02 3.375308216e-02
 3.753340244e-02 4.157251120e-02 4.585048556e-02 5.034853891e-02 5.504918098e-02
 5.993715674e-02 6.500111520e-02 7.023537159e-02 7.564129680e-02 8.122784644e-02
 8.701108396e-02 9.301261604e-02 9.925734997e-02 1.057710052e-01 1.125781015e-01
 1.197006851e-01 1.271576285e-01 1.349643171e-01 1.431324035e-01 1.516691893e-01
 1.605766416e-01 1.698496342e-01 1.794733405e-01 1.894192100e-01 1.996394992e-01
 2.100597173e-01 2.205696553e-01 2.310141623e-01 2.411876470e-01 2.508386672e-01
 2.596906424e-01 2.674767971e-01 2.739776671e-01 2.790501118e-01 2.826441824e-01
 2.848084867e-01 2.856805921e-01 2.854603529e-01 2.843731344e-01 2.826369703e-01
 1.656244276e-04-5.673808046e-03-3.153155325e-03 1.691530226e-03 5.398245994e-03
 8.200151846e-03 1.027943380e-02 1.177517883e-02 1.280646864e-02 1.348193549e-02
 1.390319131e-02 1.416574512e-02 1.435848698e-02 1.456270833e-02 1.485111378e-02
 1.528705843e-02 1.592386141e-02 1.680435240e-02 1.796083525e-02 1.941556670e-02
 2.118178457e-02 2.326518297e-02 2.566559426e-02 2.837863006e-02 3.139718249e-02
 3.471266106e-02 3.831586242e-02 4.219761491e-02 4.634926468e-02 5.076326430e-02
 5.543389171e-02 6.035809964e-02 6.553632021e-02 7.097306848e-02 7.667724043e-02
 8.266196400e-02 8.894400299e-02 9.554293007e-02 1.024802178e-01 1.097782925e-01
 1.174599901e-01 1.255480498e-01 1.340648532e-01 1.430323124e-01 1.524713635e-01
 1.624014825e-01 1.728392690e-01 1.837961972e-01 1.952745616e-01 2.072604746e-01
 2.197123319e-01 2.325417697e-01 2.455847263e-01 2.585633397e-01 2.710550427e-01
 2.825207710e-01 2.924256325e-01 3.003539145e-01 3.060483932e-01 3.094235659e-01
 3.105910122e-01 3.098730445e-01 3.077301979e-01 3.046234846e-01 3.009309471e-01
-4.712082446e-03-1.102231815e-02-8.036735468e-03-2.644469962e-03 1.704060007e-03
 5.147377029e-03 7.815376855e-03 9.834552184e-03 1.132343803e-02 1.239174232e-02
 1.314064581e-02 1.366441697e-02 1.404887624e-02 1.437093876e-02 1.469874382e-02
 1.509330515e-02 1.560854353e-02 1.629100740e-02 1.717972010e-02 1.830637269e-02
 1.969587989e-02 2.136731520e-02 2.333489805e-02 2.560809627e-02 2.819257230e-02
 3.109126538e-02 3.430530429e-02 3.783475980e-02 4.167930409e-02 4.583885521e-02
 5.031422898e-02 5.510773510e-02 6.022374704e-02 6.566914171e-02 7.145356387e-02
 7.758955657e-02 8.409246057e-02 9.098026156e-02 9.827339649e-02 1.059945822e-01
 1.141687632e-01 1.228232384e-01 1.319879293e-01 1.416958421e-01 1.519835442e-01
 1.628918201e-01 1.744661778e-01 1.867571175e-01 1.998195052e-01 2.137102783e-01
 2.284819633e-01 2.441663742e-01 2.607350051e-01 2.780057490e-01 2.954366803e-01
 3.115319014e-01 3.249635696e-01 3.351444602e-01 3.417038620e-01 3.444228768e-01
 3.432824910e-01 3.390024900e-01 3.331689537e-01 3.266735077e-01 3.200441301e-01
-4.628717899e-03-1.101049036e-02-8.223207667e-03-2.816156484e-03 1.600361662e-03
 5.117992405e-03 7.848968729e-03 9.912634268e-03 1.142524183e-02 1.249404158e-02
 1.321246289e-02 1.367767900e-02 1.397283748e-02 1.416896004e-02 1.432286575e-02
 1.449232269e-02 1.473214757e-02 1.509237848e-02 1.561739761e-02 1.634562388e-02
 1.730978303e-02 1.853821427e-02 2.005875483e-02 2.189094573e-02 2.404924855e-02
 2.654473297e-02 2.938625403e-02 3.258082643e-02 3.613423556e-02 4.005163163e-02
 4.433820397e-02 4.899971932e-02 5.404303968e-02 5.947652459e-02 6.531041116e-02
 7.155707479e-02 7.823131233e-02 8.535045385e-02 9.293467551e-02 1.010072157e-01
 1.095948741e-01 1.187286004e-01 1.284443438e-01 1.387843192e-01 1.497985721e-01
 1.615472734e-01 1.741036177e-01 1.875580549e-01 2.020239383e-01 2.176460326e-01
 2.346132547e-01 2.531798184e-01 2.737048864e-01 2.967492938e-01 3.227913976e-01
 3.463202715e-01 3.648913801e-01 3.783693612e-01 3.864643574e-01 3.885111511e-01
 3.843002617e-01 3.728652000e-01 3.602427840e-01 3.486345410e-01 3.381513655e-01
-2.577541163e-04-6.537104957e-03-4.033824895e-03 1.064629760e-03 5.094490014e-03
 8.174250834e-03 1.045686286e-02 1.208666712e-02 1.319364458e-02 1.389548182e-02
 1.421317831e-02 1.430810336e-02 1.425213926e-02 1.411624346e-02 1.389140356e-02
 1.364566013e-02 1.344070677e-02 1.333259977e-02 1.337157749e-02 1.360127330e-02
 1.405704487e-02 1.476248354e-02 1.578622125e-02 1.714598015e-02 1.885867864e-02
 2.093925327e-02 2.340276167e-02 2.626101300e-02 2.952367067e-02 3.319883719e-02
 3.729408234e-02 4.181695729e-02 4.677533731e-02 5.217791349e-02 5.803463235e-02
 6.435710192e-02 7.115899026e-02 7.845641673e-02 8.626843989e-02 9.461753070e-02
 1.035303697e-01 1.130387038e-01 1.231806129e-01 1.340021491e-01 1.455596387e-01
 1.579228491e-01 1.711793542e-01 1.854408830e-01 2.008526474e-01 2.176074237e-01
 2.359677106e-01 2.563015819e-01 2.791418433e-01 3.052722812e-01 3.357742131e-01
 3.670472503e-01 3.913005590e-01 4.084286690e-01 4.185785651e-01 4.216371179e-01
 4.165837765e-01 4.028367400e-01 3.829037547e-01 3.660493195e-01 3.519286811e-01
 8.533720858e-03 2.407629974e-03 5.006900057e-03 9.328830987e-03 1.230076700e-02
 1.428364683e-02 1.552667376e-02 1.620623469e-02 1.645075157e-02 1.635768637e-02
 1.600155048e-02 1.545850746e-02 1.479287073e-02 1.406253688e-02 1.323967986e-02
 1.238889620e-02 1.157204993e-02 1.084775478e-02 1.027091872e-02 9.892392904e-03
 9.758882225e-03 9.913625196e-03 1.039923448e-02 1.124838553e-02 1.248450670e-02
 1.411892194e-02 1.618465409e-02 1.869430393e-02 2.165917680e-02 2.508668974e-02
 2.898494340e-02 3.336203098e-02 3.822526336e-02 4.358208925e-02 4.944085702e-02
 5.581114814e-02 6.270425767e-02 7.013366371e-02 7.811556011e-02 8.666945994e-02
 9.581893682e-02 1.055925637e-01 1.160251051e-01 1.271591038e-01 1.390469670e-01
 1.517538130e-01 1.653612256e-01 1.799726188e-01 1.957204342e-01 2.127761841e-01
 2.313644290e-01 2.517807484e-01 2.744134367e-01 2.997640967e-01 3.284609914e-01
 3.610643744e-01 3.887903094e-01 4.086662531e-01 4.209653735e-01 4.257754087e-01
 4.232926965e-01 4.124846458e-01 3.931540251e-01 3.733790517e-01 3.575375080e-01
 2.498746105e-02 2.004294842e-02 2.082720213e-02 2.252880856e-02 2.309564129e-02
 2.305617183e-02 2.261081524e-02 2.186312713e-02 2.087968774e-02 1.971049793e-02
 1.839755103e-02 1.698020101e-02 1.549559552e-02 1.397939399e-02 1.238574646e-02
 1.077493001e-02 9.206994437e-03 7.740825415e-03 6.433392409e-03 5.339212250e-03
 4.509978928e-03 3.994333092e-03 3.837526077e-03 4.080067854e-03 4.757326562e-03
 5.899726413e-03 7.534544449e-03 9.680780582e-03 1.234650519e-02 1.552218944e-02
 1.921893656e-02 2.344815247e-02 2.821331471e-02 3.351796418e-02 3.936777264e-02
 4.576876760e-02 5.272828415e-02 6.025546417e-02 6.836169958e-02 7.706114650e-02
 8.637129515e-02 9.631362557e-02 1.069144979e-01 1.182061061e-01 1.302277744e-01
 1.430275291e-01 1.566638649e-01 1.712080538e-01 1.867466271e-01 2.033838928e-01
 2.212438583e-01 2.404708564e-01 2.612269521e-01 2.836863399e-01 3.080346584e-01
 3.345283568e-01 3.615984917e-01 3.810389042e-01 3.938509524e-01 4.005633593e-01
 4.009447396e-01 3.955007195e-01 3.833819032e-01 3.661730587e-01 3.523558378e-01
 4.872420430e-02 4.694159701e-02 4.266759008e-02 3.876927122e-02 3.576867282e-02
 3.313677758e-02 3.066322953e-02 2.825208567e-02 2.585669793e-02 2.345533855e-02
 2.104059421e-02 1.861416176e-02 1.618373580e-02 1.376108918e-02 1.128394157e-02
 8.808922023e-03 6.394103169e-03 4.097737838e-03 1.977292122e-03 8.872547187e-05
-1.514032250e-03-2.779477276e-03-3.658896079e-03-4.106782377e-03-4.081150517e-03
-3.543807659e-03-2.460772172e-03-8.035314968e-04 1.449761796e-03 4.313444719e-03
 7.795575075e-03 1.189144421e-02 1.657217555e-02 2.183021046e-02 2.767490409e-02
 3.410543501e-02 4.112355039e-02 4.873261973e-02 5.693760887e-02 6.574547291e-02
 7.516539842e-02 8.520913124e-02 9.589125961e-02 1.072295457e-01 1.192451417e-01
 1.319627315e-01 1.454102993e-01 1.596184671e-01 1.746188402e-01 1.904406846e-01
 2.071045786e-01 2.246112227e-01 2.429211289e-01 2.619178295e-01 2.813351750e-01
 3.005995452e-01 3.185523450e-01 3.336679935e-01 3.450338840e-01 3.523619175e-01
 3.556405306e-01 3.550586700e-01 3.511210978e-01 3.449336886e-01 3.380538523e-01
 6.535946578e-02 6.449954212e-02 5.870879069e-02 5.247512832e-02 4.718433693e-02
 4.253897816e-02 3.832452744e-02 3.439607471e-02 3.065813705e-02 2.704811469e-02
 2.352535911e-02 2.006417513e-02 1.664929092e-02 1.327284891e-02 9.863291867e-03
 6.475987379e-03 3.168298397e-03-1.815613359e-06-2.976835240e-03-5.700425245e-03
-8.117935620e-03-1.017672475e-02-1.182637364e-02-1.301884651e-02-1.370863244e-02
-1.385294460e-02-1.341206022e-02-1.234991476e-02-1.063488238e-02-8.240758441e-03
-5.148039199e-03-1.346244477e-03 3.163727699e-03 8.369805291e-03 1.423946861e-02
 2.071975730e-02 2.781029418e-02 3.550890833e-02 4.381285608e-02 5.272117630e-02
 6.223374978e-02 7.235154510e-02 8.307646215e-02 9.441102296e-02 1.063578278e-01
 1.189186797e-01 1.320931166e-01 1.458761394e-01 1.602547467e-01 1.752025634e-01
 1.906718165e-01 2.065814435e-01 2.227997631e-01 2.391206175e-01 2.552340627e-01
 2.707032859e-01 2.849810123e-01 2.975013256e-01 3.078101873e-01 3.156423569e-01
 3.209316134e-01 3.238037825e-01 3.245726526e-01 3.237118423e-01 3.217581511e-01
 7.595877349e-02 7.531046867e-02 6.944314390e-02 6.237555295e-02 5.596067011e-02
 5.009439588e-02 4.466167092e-02 3.956089169e-02 3.470916301e-02 3.004171886e-02
 2.550914325e-02 2.107432857e-02 1.670975424e-02 1.239533443e-02 8.061528206e-03
 3.765789792e-03-4.331371747e-04-4.476507194e-03-8.306490257e-03-1.186677255e-02
-1.510289405e-02-1.796239428e-02-2.039481327e-02-2.235162444e-02-2.378614992e-02
-2.465352044e-02-2.491075918e-02-2.451703697e-02-2.343418077e-02-2.162746340e-02
-1.906676777e-02-1.572825015e-02-1.159636490e-02-6.666288711e-03-9.473890532e-04
 5.533867516e-03 1.273113117e-02 2.055460215e-02 2.898576111e-02 3.801885620e-02
 4.764384776e-02 5.785141140e-02 6.863180548e-02 7.997411489e-02 9.186536074e-02
 1.042891815e-01 1.172240525e-01 1.306407750e-01 1.444991231e-01 1.587434113e-01
 1.732966304e-01 1.880533993e-01 2.028719336e-01 2.175664753e-01 2.319034934e-01
 2.456063926e-01 2.583746314e-01 2.699172497e-01 2.799922824e-01 2.884388566e-01
 2.951949835e-01 3.003007770e-01 3.038894236e-01 3.061636388e-01 3.073604405e-01
 8.342006803e-02 8.286196738e-02 7.670940459e-02 6.921387464e-02 6.219469011e-02
 5.559842661e-02 4.936109111e-02 4.341731593e-02 3.770655394e-02 3.217573464e-02
 2.677983418e-02 2.148123272e-02 1.624865457e-02 1.105621830e-02 5.848951638e-03
 6.895231199e-04-4.359912127e-03-9.238688275e-03-1.388823427e-02-1.825238764e-02
-2.227746136e-02-2.591214143e-02-2.910723351e-02-3.181533515e-02-3.399050981e-02
-3.558794409e-02-3.656379133e-02-3.687511384e-02-3.648006544e-02-3.533837944e-02
-3.341221809e-02-3.066744842e-02-2.707542852e-02-2.261532284e-02-1.727707684e-02
-1.106491219e-02-4.001520574e-03 3.866886254e-03 1.247006282e-02 2.168672718e-02
 3.147909790e-02 4.183152318e-02 5.272523686e-02 6.413888931e-02 7.604830712e-02
 8.842501789e-02 1.012346894e-01 1.144351959e-01 1.279742420e-01 1.417864263e-01
 1.557902396e-01 1.698847115e-01 1.839469224e-01 1.978310049e-01 2.113698423e-01
 2.243811935e-01 2.366783321e-01 2.480846643e-01 2.584495842e-01 2.676622272e-01
 2.756601572e-01 2.824320793e-01 2.880139351e-01 2.924795151e-01 2.959271073e-01
 8.827732503e-02 8.770611882e-02 8.132560551e-02 7.359731197e-02 6.624495238e-02
 5.921587348e-02 5.246006325e-02 4.592930898e-02 3.957906365e-02 3.336885571e-02
 2.726221457e-02 2.122610062e-02 1.522974670e-02 9.242284112e-03 3.237689380e-03
-2.713740338e-03-8.545336314e-03-1.419403218e-02-1.960042305e-02-2.470870130e-02
-2.946644463e-02-3.382420167e-02-3.773502260e-02-4.115382582e-02-4.403686523e-02
-4.634110630e-02-4.802379385e-02-4.904210567e-02-4.935304075e-02-4.891356081e-02
-4.768109694e-02-4.561442509e-02-4.267505556e-02-3.882919997e-02-3.405033424e-02
-2.832247689e-02-2.164415270e-02-1.403303072e-02-5.530910566e-03 3.790014889e-03
 1.382594369e-02 2.440878376e-02 3.550875559e-02 4.709475487e-02 5.913651735e-02
 7.159869373e-02 8.444072306e-02 9.761576355e-02 1.110692024e-01 1.247371137e-01
 1.385446638e-01 1.524050385e-01 1.662188768e-01 1.798748076e-01 1.932515651e-01
 2.062216699e-01 2.186568826e-01 2.304347456e-01 2.414452434e-01 2.515964508e-01
 2.608185709e-01 2.690652907e-01 2.763132453e-01 2.825596035e-01 2.878188789e-01
 9.056931734e-02 8.983606100e-02 8.362669498e-02 7.588629425e-02 6.843739003e-02
 6.120667979e-02 5.414562672e-02 4.722055048e-02 4.040297121e-02 3.366637975e-02
 2.698552795e-02 2.033669502e-02 1.369849406e-02 6.993112620e-03 2.757427865e-04
-6.381551735e-03-1.290999912e-02-1.924518868e-02-2.532743849e-02-3.110173717e-02
-3.651736304e-02-4.152729362e-02-4.608746991e-02-5.015599728e-02-5.369231105e-02
-5.665639043e-02-5.900801718e-02-6.070621312e-02-6.170884147e-02-6.197243556e-02
-6.145233661e-02-6.010318547e-02-5.787992105e-02-5.473922193e-02-5.064163357e-02
-4.555436969e-02-3.945492208e-02-3.233540058e-02-2.420777082e-02-1.510972995e-02
-5.111009814e-03 5.679212976e-03 1.711157896e-02 2.899101377e-02 4.130201042e-02
 5.400275439e-02 6.705005467e-02 8.039744943e-02 9.399357438e-02 1.077812016e-01
 1.216965243e-01 1.356687844e-01 1.496203393e-01 1.634672433e-01 1.771203279e-01
 1.904869676e-01 2.034732401e-01 2.159860432e-01 2.279351354e-01 2.392342836e-01
 2.498017997e-01 2.595607042e-01 2.684386969e-01 2.763696909e-01 2.832969427e-01
 9.063924849e-02 8.947481960e-02 8.362391591e-02 7.642523199e-02 6.917557865e-02
 6.192428991e-02 5.469889939e-02 4.750515893e-02 4.033771157e-02 3.318499029e-02
 2.603183128e-02 1.886109635e-02 1.165477000e-02 4.347096663e-03-2.977658994e-03
-1.024069171e-02-1.736926474e-02-2.429701388e-02-3.096390516e-02-3.731585294e-02
-4.330407828e-02-4.888430238e-02-5.401576310e-02-5.866023153e-02-6.278096139e-02
-6.634166837e-02-6.930568069e-02-7.163503766e-02-7.328994572e-02-7.422827929e-02
-7.440542430e-02-7.377442718e-02-7.228653133e-02-6.989219040e-02-6.654261798e-02
-6.219208613e-02-5.680093169e-02-5.033943430e-02-4.279264808e-02-3.416612372e-02
-2.449245937e-02-1.383850258e-02-2.312521683e-03 9.927792475e-03 2.266693674e-02
 3.576770797e-02 4.919099808e-02 6.289654225e-02 7.683971524e-02 9.097233415e-02
 1.052428707e-01 1.195965260e-01 1.339753270e-01 1.483184248e-01 1.625624001e-01
 1.766415238e-01 1.904878914e-01 2.040306926e-01 2.171949744e-01 2.298989296e-01
 2.420502454e-01 2.535420954e-01 2.642500997e-01 2.740340233e-01 2.827464938e-01
 9.064100683e-02 8.922047168e-02 8.346417546e-02 7.636771351e-02 6.914299726e-02
 6.182476506e-02 5.444871262e-02 4.703162611e-02 3.957711905e-02 3.208039701e-02
 2.453114465e-02 1.691519469e-02 9.215671569e-03 1.402862603e-03-6.431060843e-03
-1.420189627e-02-2.183368430e-02-2.925864235e-02-3.641678393e-02-4.325527698e-02
-4.972755909e-02-5.579230189e-02-6.141226739e-02-6.655310094e-02-7.118216157e-02
-7.526732981e-02-7.877594978e-02-8.167383820e-02-8.392447233e-02-8.548830450e-02
-8.632233739e-02-8.637996763e-02-8.561113477e-02-8.396285772e-02-8.138035983e-02
-7.780869305e-02-7.319514453e-02-6.749247760e-02-6.066308171e-02-5.268423632e-02
-4.355431721e-02-3.330000117e-02-2.198414132e-02-9.713872336e-03 3.352062544e-03
 1.699886844e-02 3.094632179e-02 4.517167807e-02 5.963413417e-02 7.429383695e-02
 8.911125362e-02 1.040469930e-01 1.190617681e-01 1.341164410e-01 1.491719484e-01
 1.641890258e-01 1.791271418e-01 1.939425468e-01 2.085844874e-01 2.229891717e-01
 2.370699495e-01 2.507038414e-01 2.637141645e-01 2.758563757e-01 2.868244946e-01
 9.090869129e-02 8.940004557e-02 8.346344531e-02 7.610462606e-02 6.868207455e-02
 6.119145453e-02 5.363081023e-02 4.599898681e-02 3.829215094e-02 3.050285578e-02
 2.261999622e-02 1.462855283e-02 6.508077029e-03-1.728490461e-03-9.984481148e-03
-1.817302965e-02-2.621689066e-02-3.404816240e-02-4.160777107e-02-4.884466529e-02
-5.571480840e-02-6.217999384e-02-6.820657849e-02-7.376413047e-02-7.882415503e-02
-8.335876465e-02-8.733953536e-02-9.073635936e-02-9.351648390e-02-9.564368427e-02
-9.707763046e-02-9.777343273e-02-9.768151492e-02-9.674774855e-02-9.491411597e-02
-9.211978316e-02-8.830283582e-02-8.340287209e-02-7.736444473e-02-7.014149427e-02
-6.170308590e-02-5.204020813e-02-4.117376357e-02-2.916342206e-02-1.611695252e-02
-2.199487528e-03 1.235767175e-02 2.725086734e-02 4.237559065e-02 5.770246685e-02
 7.320478559e-02 8.885861933e-02 1.046430990e-01 1.205407977e-01 1.365379691e-01
 1.526246369e-01 1.687940955e-01 1.850415319e-01 2.013607621e-01 2.177380621e-01
 2.341402173e-01 2.504926026e-01 2.666371763e-01 2.822486758e-01 2.966743112e-01
 9.074591100e-02 8.914193511e-02 8.284570277e-02 7.531578094e-02 6.773155928e-02
 6.007836014e-02 5.234617740e-02 4.452479258e-02 3.660360724e-02 2.857145481e-02
 2.041684836e-02 1.212901063e-02 3.641861491e-03-4.947752226e-03-1.354705356e-02
-2.207080834e-02-3.044286557e-02-3.859660774e-02-4.647469893e-02-5.402833968e-02
-6.121624634e-02-6.800338626e-02-7.435964793e-02-8.025840670e-02-8.567514271e-02
-9.058608860e-02-9.496696293e-02-9.879173338e-02-1.020316035e-01-1.046540067e-01
-1.066218540e-01-1.078928486e-01-1.084191427e-01-1.081471518e-01-1.070177704e-01
-1.049670056e-01-1.019271314e-01-9.782859683e-02-9.260268509e-02-8.618524671e-02
-7.852160931e-02-6.957268715e-02-5.932268128e-02-4.778781533e-02-3.502637893e-02
-2.114924043e-02-6.330070086e-03 9.186223149e-03 2.507891133e-02 4.116811231e-02
 5.743959546e-02 7.388399541e-02 9.049769491e-02 1.072839126e-01 1.242538393e-01
 1.414280683e-01 1.588380039e-01 1.765274704e-01 1.945540905e-01 2.129901052e-01
 2.319221795e-01 2.514478564e-01 2.716620266e-01 2.925851345e-01 3.131911159e-01
 8.961114287e-02 8.785378188e-02 8.160158247e-02 7.396355271e-02 6.626871228e-02
 5.850214139e-02 5.064585805e-02 4.268230125e-02 3.459491953e-02 2.636795305e-02
 1.798594743e-02 9.433411062e-03 6.757497322e-04-8.182169870e-03-1.704445481e-02
-2.582504228e-02-3.444821015e-02-4.284857959e-02-5.097064376e-02-5.876792967e-02
-6.620187312e-02-7.324050367e-02-7.985702157e-02-8.602833003e-02-9.173362702e-02
-9.695294499e-02-1.016658843e-01-1.058503091e-01-1.094812602e-01-1.125298887e-01
-1.149625629e-01-1.167400777e-01-1.178170741e-01-1.181416512e-01-1.176552102e-01
-1.162927151e-01-1.139833778e-01-1.106518656e-01-1.062203720e-01-1.006115228e-01
-9.375240654e-02-8.558002114e-02-7.604803145e-02-6.513526291e-02-5.285554007e-02
-3.926884383e-02-2.449296415e-02-8.714769967e-03 7.800403051e-03 2.470285073e-02
 4.177693278e-02 5.902483314e-02 7.645680755e-02 9.409274906e-02 1.119642928e-01
 1.301175505e-01 1.486168504e-01 1.675497890e-01 1.870341897e-01 2.072283030e-01
 2.283459604e-01 2.506823540e-01 2.746633887e-01 3.009562790e-01 3.283588886e-01
 8.793251216e-02 8.602039516e-02 7.970471680e-02 7.201804221e-02 6.429155916e-02
 5.649109185e-02 4.858419672e-02 4.054524004e-02 3.235353157e-02 2.399095707e-02
 1.543951407e-02 6.677827332e-03-2.285826718e-03-1.134444401e-02-2.040140703e-02
-2.937090956e-02-3.817819804e-02-4.675940797e-02-5.506097525e-02-6.303872913e-02
-7.065668702e-02-7.788570225e-02-8.470197767e-02-9.108562022e-02-9.701912105e-02
-1.024859399e-01-1.074691713e-01-1.119502485e-01-1.159077808e-01-1.193164736e-01
-1.221461296e-01-1.243607998e-01-1.259180307e-01-1.267682463e-01-1.268545091e-01
-1.261122525e-01-1.244696826e-01-1.218484491e-01-1.181651130e-01-1.133333296e-01
-1.072670892e-01-9.988529980e-02-9.111772478e-02-8.091273904e-02-6.924671680e-02
-5.613519624e-02-4.164529964e-02-2.590875141e-02-9.134332649e-03 8.381918073e-03
 2.625091374e-02 4.426683486e-02 6.244864315e-02 8.082623780e-02 9.944264591e-02
 1.183574423e-01 1.376514733e-01 1.574335396e-01 1.778496802e-01 1.990965158e-01
 2.214399576e-01 2.452403903e-01 2.709817588e-01 2.992905974e-01 3.295294046e-01
 8.567810804e-02 8.361640573e-02 7.699008286e-02 6.941454113e-02 6.181794778e-02
 5.410987139e-02 4.624852166e-02 3.821070865e-02 2.998099104e-02 2.154774033e-02
 1.290247031e-02 3.968111239e-03-5.151532590e-03-1.435543224e-02-2.354997769e-02
-3.265134990e-02-4.158654809e-02-5.029353872e-02-5.872076005e-02-6.682623178e-02
-7.457634807e-02-8.194447309e-02-8.890948445e-02-9.545423090e-02-1.015640944e-01
-1.072255149e-01-1.124246418e-01-1.171460599e-01-1.213716045e-01-1.250791997e-01
-1.282419264e-01-1.308269799e-01-1.327949464e-01-1.340989918e-01-1.346843988e-01
-1.344881356e-01-1.334389001e-01-1.314574033e-01-1.284572929e-01-1.243467629e-01
-1.190311015e-01-1.124164090e-01-1.044147611e-01-9.495111555e-02-8.397199959e-02
-7.145630568e-02-5.742779002e-02-4.196897149e-02-2.523545362e-02-7.469127886e-03
 1.099176053e-02 2.970832400e-02 4.853560776e-02 6.750662625e-02 8.666479588e-02
 1.060676426e-01 1.257909685e-01 1.459343880e-01 1.666287184e-01 1.880467683e-01
 2.104190737e-01 2.340579182e-01 2.593949437e-01 2.870358229e-01 3.165482581e-01
 8.126793802e-02 7.862200588e-02 7.309409976e-02 6.625191122e-02 5.903332308e-02
 5.154079571e-02 4.379894212e-02 3.581440076e-02 2.758675814e-02 1.911203191e-02
 1.038398687e-02 1.356892288e-03-7.856161334e-03-1.715073548e-02-2.643238194e-02
-3.561767936e-02-4.463468865e-02-5.342283100e-02-6.193228066e-02-7.012297958e-02
-7.796335965e-02-8.542896807e-02-9.250092506e-02-9.916445613e-02-1.054073423e-01
-1.112185419e-01-1.165868193e-01-1.214994639e-01-1.259410679e-01-1.298924685e-01
-1.333296746e-01-1.362228245e-01-1.385354400e-01-1.402235180e-01-1.412348747e-01
-1.415086240e-01-1.409749240e-01-1.395549774e-01-1.371615827e-01-1.337001920e-01
-1.290708631e-01-1.231713966e-01-1.159015894e-01-1.071693823e-01-9.689882398e-02
-8.504016697e-02-7.158213854e-02-5.656607449e-02-4.010119289e-02-2.237987891e-02
-3.690839745e-03 1.557245106e-02 3.492671624e-02 5.433838069e-02 7.383892685e-02
 9.347003698e-02 1.132847890e-01 1.333492696e-01 1.537445933e-01 1.745694131e-01
 1.959430575e-01 2.180104852e-01 2.409551144e-01 2.650549114e-01 2.903077006e-01
 7.841283083e-02 7.559345663e-02 7.006404549e-02 6.343425810e-02 5.643411353e-02
 4.910011590e-02 4.146080464e-02 3.353166580e-02 2.531878836e-02 1.682206616e-02
 8.037298918e-03-1.046333229e-03-1.031427085e-02-1.966118068e-02-2.899254300e-02
-3.822551668e-02-4.728920385e-02-5.612435937e-02-6.468270719e-02-7.292582840e-02
-8.082392812e-02-8.835436404e-02-9.550013393e-02-1.022483781e-01-1.085888892e-01
-1.145126894e-01-1.200106815e-01-1.250724047e-01-1.296848059e-01-1.338311434e-01
-1.374900192e-01-1.406342089e-01-1.432299465e-01-1.452358663e-01-1.466024220e-01
-1.472711265e-01-1.471741199e-01-1.462340355e-01-1.443641782e-01-1.414691806e-01
-1.374466121e-01-1.321893632e-01-1.255894005e-01-1.175431013e-01-1.079584733e-01
-9.676462412e-02-8.392348140e-02-6.944383681e-02-5.339714512e-02-3.593419865e-02
-1.730100811e-02 2.148251515e-03 2.194395475e-02 4.167978093e-02 6.137210503e-02
 8.104290068e-02 1.007172242e-01 1.204209551e-01 1.401774585e-01 1.600016057e-01
 1.798887104e-01 1.997925341e-01 2.195791602e-01 2.389256656e-01 2.571522295e-01
 7.651653886e-02 7.360939682e-02 6.789636612e-02 6.124700606e-02 5.428009480e-02
 4.699701443e-02 3.940416873e-02 3.150630742e-02 2.330468409e-02 1.479588915e-02
 5.969726946e-03-3.150916426e-03-1.245091110e-02-2.182552777e-02-3.118129820e-02
-4.043664038e-02-4.952202365e-02-5.837962031e-02-6.696260720e-02-7.523405552e-02
-8.316563070e-02-9.073619545e-02-9.793026745e-02-1.047365144e-01-1.111463010e-01
-1.171523035e-01-1.227471381e-01-1.279221177e-01-1.326661259e-01-1.369644701e-01
-1.407978088e-01-1.441412419e-01-1.469632983e-01-1.492250860e-01-1.508794576e-01
-1.518703103e-01-1.521320045e-01-1.515890360e-01-1.501559615e-01-1.477379650e-01
-1.442318559e-01-1.395282149e-01-1.335144490e-01-1.260796785e-01-1.171211600e-01
-1.065531448e-01-9.431802481e-02-8.039996773e-02-6.484073400e-02-4.775685444e-02
-2.935682982e-02-9.956014343e-03 1.001371630e-02 3.000335582e-02 4.979781434e-02
 6.940795481e-02 8.883805573e-02 1.080841720e-01 1.271298528e-01 1.459391564e-01
 1.644457579e-01 1.825374216e-01 2.000356466e-01 2.166774273e-01 2.321179956e-01
 7.481431961e-02 7.181307673e-02 6.617717445e-02 5.950835720e-02 5.253921077e-02
 4.526864737e-02 3.769434988e-02 2.981467731e-02 2.162845619e-02 1.313560363e-02
 4.259254783e-03-4.891854245e-03-1.421070192e-02-2.359704487e-02-3.296026215e-02
-4.222083092e-02-5.131090432e-02-6.017413735e-02-6.876502931e-02-7.704791427e-02
-8.499569446e-02-9.258837253e-02-9.981163591e-02-1.066553295e-01-1.131120175e-01
-1.191755906e-01-1.248399690e-01-1.300978512e-01-1.349395812e-01-1.393520385e-01
-1.433176100e-01-1.468131691e-01-1.498092413e-01-1.522689164e-01-1.541472077e-01
-1.553901285e-01-1.559341550e-01-1.557057053e-01-1.546210200e-01-1.525864005e-01
-1.494990736e-01-1.452489048e-01-1.397211552e-01-1.328007430e-01-1.243782714e-01
-1.143581867e-01-1.026694030e-01-8.927844465e-02-7.420496643e-02-5.753912404e-02
-3.945931792e-02-2.024848759e-02-3.060051240e-04 1.984836906e-02 3.968658671e-02
 5.920039862e-02 7.837815583e-02 9.719964117e-02 1.156314835e-01 1.336223334e-01
 1.510974467e-01 1.679533869e-01 1.840546727e-01 1.992353797e-01 2.133098245e-01
 7.357798517e-02 7.052083313e-02 6.481778622e-02 5.812958628e-02 5.115978420e-02
 4.389883205e-02 3.633829206e-02 2.847118862e-02 2.029159665e-02 1.179398596e-02
 2.910800511e-03-6.243912969e-03-1.556228288e-02-2.494476736e-02-3.430191427e-02
-4.355546460e-02-5.263874680e-02-6.149652973e-02-7.008433342e-02-7.836742699e-02
-8.631958067e-02-9.392163903e-02-1.011601090e-01-1.080256179e-01-1.145115569e-01
-1.206126809e-01-1.263237745e-01-1.316385418e-01-1.365483701e-01-1.410412490e-01
-1.451008320e-01-1.487053633e-01-1.518267840e-01-1.544298530e-01-1.564711928e-01
-1.578986049e-01-1.586503088e-01-1.586545110e-01-1.578290164e-01-1.560814977e-01
-1.533100903e-01-1.494049132e-01-1.442505419e-01-1.377298981e-01-1.297298372e-01
-1.201489195e-01-1.089074761e-01-9.596030414e-02-8.131192625e-02-6.503377110e-02
-4.728219658e-02-2.831566148e-02-8.508060127e-03 1.164499205e-02 3.153080121e-02
 5.096343905e-02 6.993317604e-02 8.841912448e-02 1.063877717e-01 1.237914711e-01
 1.405670643e-01 1.566355526e-01 1.719033569e-01 1.862664968e-01 1.996177882e-01
 7.260568440e-02 6.950902194e-02 6.372888386e-02 5.705031008e-02 5.010681227e-02
 4.287598282e-02 3.534359112e-02 2.749954164e-02 1.933589205e-02 1.084535196e-02
 1.972193131e-03-7.170277648e-03-1.647468098e-02-2.584208362e-02-3.518375009e-02
-4.442217574e-02-5.349143222e-02-6.233696640e-02-7.091492414e-02-7.919114828e-02
-8.713989705e-02-9.474252164e-02-1.019859463e-01-1.088612825e-01-1.153623536e-01
-1.214843839e-01-1.272227168e-01-1.325715780e-01-1.375229955e-01-1.420656890e-01
-1.461840719e-01-1.498572826e-01-1.530582309e-01-1.557527333e-01-1.578985751e-01
-1.594448090e-01-1.603309512e-01-1.604865193e-01-1.598306149e-01-1.582721323e-01
-1.557101905e-01-1.520355642e-01-1.471329629e-01-1.408846974e-01-1.331759989e-01
-1.239024773e-01-1.129797474e-01-1.003559455e-01-8.602651209e-02-7.005125284e-02
-5.257242545e-02-3.383220360e-02-1.418691594e-02 5.885156803e-03 2.578603104e-02
 4.514181614e-02 6.394726783e-02 8.218553662e-02 9.982849658e-02 1.168370396e-01
 1.331616342e-01 1.487436742e-01 1.635177732e-01 1.774152964e-01 1.903691739e-01
 7.159523666e-02 6.843107939e-02 6.280274689e-02 5.623074621e-02 4.937687144e-02
 4.221379012e-02 3.473229706e-02 2.692739293e-02 1.879410818e-02 1.032660343e-02
 1.477021957e-03-7.641731296e-03-1.692269370e-02-2.626735717e-02-3.558740020e-02
-4.480570927e-02-5.385670066e-02-6.268610060e-02-7.125030458e-02-7.951531559e-02
-8.745555580e-02-9.505246580e-02-1.022930890e-01-1.091686040e-01-1.156729534e-01
-1.218014732e-01-1.275496483e-01-1.329118758e-01-1.378804147e-01-1.424442530e-01
-1.465881020e-01-1.502915323e-01-1.535278857e-01-1.562634706e-01-1.584566832e-01
-1.600572169e-01-1.610053033e-01-1.612312198e-01-1.606549174e-01-1.591860652e-01
-1.567245871e-01-1.531619430e-01-1.483834237e-01-1.422715336e-01-1.347114444e-01
-1.255980283e-01-1.148454994e-01-1.023995280e-01-8.825197816e-02-7.245764136e-02
-5.515222251e-02-3.656966984e-02-1.705643535e-02 2.920818515e-03 2.277779952e-02
 4.204260185e-02 6.071119010e-02 7.876936346e-02 9.619322419e-02 1.129500344e-01
 1.289993674e-01 1.442948580e-01 1.587865502e-01 1.724237800e-01 1.851586699e-01
 7.063497603e-02 6.728551537e-02 6.206275150e-02 5.579225719e-02 4.906343669e-02
 4.197418690e-02 3.454685211e-02 2.678688988e-02 1.869342849e-02 1.026237383e-02
 1.447530231e-03-7.638362702e-03-1.688857563e-02-2.620480210e-02-3.549887240e-02
-4.469372332e-02-5.372375995e-02-6.253463030e-02-7.108255476e-02-7.933337241e-02
-8.726125956e-02-9.484741092e-02-1.020786166e-01-1.089457795e-01-1.154425964e-01
-1.215641648e-01-1.273057312e-01-1.326614916e-01-1.376235187e-01-1.421806067e-01
-1.463173777e-01-1.500132382e-01-1.532414705e-01-1.559683084e-01-1.581521630e-01
-1.597427130e-01-1.606803089e-01-1.608953476e-01-1.603080332e-01-1.588283330e-01
-1.563566178e-01-1.527849138e-01-1.479991823e-01-1.418829262e-01-1.343223155e-01
-1.252135038e-01-1.144721508e-01-1.020455062e-01-8.792702854e-02-7.217304409e-02
-5.492050201e-02-3.640411794e-02-1.697030291e-02 2.915401012e-03 2.267119661e-02
 4.182536155e-02 6.037415937e-02 7.830402255e-02 9.559226036e-02 1.122080386e-01
 1.281138211e-01 1.432670802e-01 1.576226354e-01 1.711353064e-01 1.837629378e-01
 7.124684006e-02 6.808026135e-02 6.251566857e-02 5.604834110e-02 4.928834736e-02
 4.221371189e-02 3.481791168e-02 2.709738165e-02 1.904801652e-02 1.066442765e-02
 1.894256100e-03-7.150292862e-03-1.636280119e-02-2.564507723e-02-3.490888327e-02
-4.407694191e-02-5.308330804e-02-6.187317520e-02-7.040224969e-02-7.863579690e-02
-8.654738963e-02-9.411761165e-02-1.013326347e-01-1.081827581e-01-1.146610528e-01
-1.207620054e-01-1.264802516e-01-1.318094283e-01-1.367409527e-01-1.412630975e-01
-1.453597695e-01-1.490098238e-01-1.521859020e-01-1.548536271e-01-1.569707692e-01
-1.584864110e-01-1.593403518e-01-1.594625413e-01-1.587727517e-01-1.571808308e-01
-1.545872241e-01-1.508843899e-01-1.459592134e-01-1.396966875e-01-1.319853365e-01
-1.227245107e-01-1.118342131e-01-9.926728159e-02-8.502400666e-02-6.916880608e-02
-5.184775591e-02-3.330537304e-02-1.389799640e-02 5.899307784e-03 2.549577132e-02
 4.451842234e-02 6.296218187e-02 8.081130683e-02 9.804049134e-02 1.146157905e-01
 1.304959953e-01 1.456342638e-01 1.599803865e-01 1.734837294e-01 1.860965341e-01
 7.185373455e-02 6.874993443e-02 6.321097165e-02 5.672299117e-02 4.995451868e-02
 4.289276525e-02 3.552673757e-02 2.784836292e-02 1.985090598e-02 1.152775623e-02
 2.813954605e-03-6.178946234e-03-1.534493733e-02-2.458590269e-02-3.381336108e-02
-4.294954240e-02-5.192781612e-02-6.069256365e-02-6.919860840e-02-7.741025090e-02
-8.530009538e-02-9.284774959e-02-1.000383720e-01-1.068613082e-01-1.133086234e-01
-1.193738505e-01-1.250506490e-01-1.303316206e-01-1.352071911e-01-1.396645755e-01
-1.436866224e-01-1.472510546e-01-1.503293216e-01-1.528859288e-01-1.548774242e-01
-1.562517136e-01-1.569474190e-01-1.568934917e-01-1.560088545e-01-1.542028040e-01
-1.513756365e-01-1.474203467e-01-1.422251165e-01-1.356773674e-01-1.276694238e-01
-1.181062534e-01-1.069154143e-01-9.405962378e-02-7.955154777e-02-6.347034872e-02
-4.597889259e-02-2.733969316e-02-7.926929742e-03 1.176877785e-02 3.114661947e-02
 5.002265424e-02 6.838465482e-02 8.621069044e-02 1.034690142e-01 1.201179996e-01
 1.361065805e-01 1.513753235e-01 1.658587456e-01 1.794884950e-01 1.921980828e-01
 7.280051708e-02 6.977862120e-02 6.416460872e-02 5.771146715e-02 5.097924173e-02
 4.395651072e-02 3.663597628e-02 2.901154011e-02 2.107796632e-02 1.283052191e-02
 4.188897554e-03-4.737662151e-03-1.384414360e-02-2.303253673e-02-3.221390024e-02
-4.130963236e-02-5.025205761e-02-5.898435414e-02-6.746005267e-02-7.564212382e-02
-8.350180835e-02-9.101736546e-02-9.817256778e-02-1.049554050e-01-1.113566011e-01
-1.173682958e-01-1.229827926e-01-1.281912774e-01-1.329827458e-01-1.373428702e-01
-1.412530243e-01-1.446892917e-01-1.476214826e-01-1.500123739e-01-1.518167853e-01
-1.529809833e-01-1.534419656e-01-1.531271935e-01-1.519545019e-01-1.498324722e-01
-1.466613859e-01-1.423351616e-01-1.367441714e-01-1.297797263e-01-1.213400662e-01
-1.113386750e-01-9.971462935e-02-8.644556254e-02-7.156257331e-02-5.516663939e-02
-3.744528815e-02-1.868728921e-02 7.070421707e-04 2.022323199e-02 3.936010227e-02
 5.810208619e-02 7.642934471e-02 9.431415051e-02 1.117183194e-01 1.285910606e-01
 1.448674798e-01 1.604680419e-01 1.752997041e-01 1.892598420e-01 2.022431642e-01
 7.378330082e-02 7.083401084e-02 6.541085988e-02 5.902628228e-02 5.235148966e-02
 4.538351670e-02 3.811940551e-02 3.055678308e-02 2.269342355e-02 1.452746149e-02
 5.985647440e-03-2.851432189e-03-1.187886391e-02-2.099782415e-02-3.011818044e-02
-3.915994987e-02-4.805393517e-02-5.674171075e-02-6.517513096e-02-7.331544161e-02
-8.113215864e-02-8.860177547e-02-9.570634365e-02-1.024320722e-01-1.087679490e-01
-1.147043556e-01-1.202317774e-01-1.253395975e-01-1.300149262e-01-1.342414916e-01
-1.379987001e-01-1.412605196e-01-1.439946890e-01-1.461617947e-01-1.477145702e-01
-1.485971510e-01-1.487446725e-01-1.480829716e-01-1.465287656e-01-1.439901739e-01
-1.403680593e-01-1.355582476e-01-1.294548661e-01-1.219552606e-01-1.129666492e-01
-1.024148911e-01-9.025549144e-02-7.648681849e-02-6.116512045e-02-4.442062229e-02
-2.647299320e-02-7.644152734e-03 1.163460035e-02 3.082463145e-02 4.974858463e-02
 6.839933246e-02 8.676197380e-02 1.048120335e-01 1.225123033e-01 1.398085952e-01
 1.566247046e-01 1.728574336e-01 1.883732527e-01 2.030099183e-01 2.165865749e-01
 7.518189400e-02 7.233913988e-02 6.700832397e-02 6.069925800e-02 5.408596992e-02
 4.717201740e-02 3.996195644e-02 3.245900944e-02 2.466310374e-02 1.656975597e-02
 8.168035187e-03-5.502551794e-04-9.474183433e-03-1.850173436e-02-2.754062228e-02
-3.650901467e-02-4.533588886e-02-5.396093428e-02-6.233402342e-02-7.041437924e-02
-7.816942036e-02-8.557351679e-02-9.260660410e-02-9.925274551e-02-1.054987684e-01
-1.113328487e-01-1.167432815e-01-1.217171773e-01-1.262393296e-01-1.302911341e-01
-1.338495016e-01-1.368859708e-01-1.393657625e-01-1.412469745e-01-1.424798965e-01
-1.430064589e-01-1.427598298e-01-1.416644454e-01-1.396362633e-01-1.365837753e-01
-1.324096322e-01-1.270133555e-01-1.202952340e-01-1.121619046e-01-1.025335938e-01
-9.135360271e-02-7.859974355e-02-6.429784000e-02-4.853666201e-02-3.148313612e-02
-1.339635532e-02 5.361997522e-03 2.432353981e-02 4.316111654e-02 6.187468022e-02
 8.046343178e-02 9.892326593e-02 1.172436252e-01 1.354028285e-01 1.533610970e-01
 1.710500717e-01 1.883578598e-01 2.051095515e-01 2.210495770e-01 2.358444780e-01
 7.706914097e-02 7.436116040e-02 6.902899593e-02 6.279440224e-02 5.621552467e-02
 4.932379350e-02 4.214552417e-02 3.469385952e-02 2.697329596e-02 1.898301207e-02
 1.071903110e-02 2.134447452e-03-6.663570181e-03-1.557428017e-02-2.450528555e-02
-3.337381035e-02-4.210735485e-02-5.064375699e-02-5.893079937e-02-6.692542136e-02
-7.459267974e-02-8.190447092e-02-8.883821964e-02-9.537544847e-02-1.015003920e-01
-1.071986333e-01-1.124558151e-01-1.172563434e-01-1.215822920e-01-1.254122555e-01
-1.287203580e-01-1.314752847e-01-1.336394995e-01-1.351683885e-01-1.360097826e-01
-1.361034364e-01-1.353809237e-01-1.337658465e-01-1.311744750e-01-1.275170594e-01
-1.227001250e-01-1.166295782e-01-1.092154235e-01-1.003779098e-01-9.005560726e-02
-7.821535319e-02-6.486413628e-02-5.006254464e-02-3.393894807e-02-1.670330018e-02
 1.341455034e-03 1.979267038e-02 3.825104237e-02 5.672026798e-02 7.520975173e-02
 9.373341501e-02 1.123083979e-01 1.309531331e-01 1.496842206e-01 1.685106158e-01
 1.874229908e-01 2.063726634e-01 2.252272964e-01 2.436738014e-01 2.610573769e-01
 7.963845134e-02 7.720426470e-02 7.191491127e-02 6.547857821e-02 5.875603855e-02
 5.179111287e-02 4.459781945e-02 3.717899323e-02 2.953264862e-02 2.165449597e-02
 1.353963744e-02 5.125560798e-03-3.509120084e-03-1.226556301e-02-2.105160244e-02
-2.978370897e-02-3.838795424e-02-4.680029303e-02-5.496626347e-02-6.284031272e-02
-7.038483024e-02-7.756891847e-02-8.436711133e-02-9.075799584e-02-9.672279656e-02
-1.022440642e-01-1.073043644e-01-1.118850037e-01-1.159649044e-01-1.195195466e-01
-1.225199029e-01-1.249316335e-01-1.267142743e-01-1.278205514e-01-1.281960011e-01
-1.277787089e-01-1.264994442e-01-1.242821366e-01-1.210450232e-01-1.167024896e-01
-1.111678183e-01-1.043571755e-01-9.619491547e-02-8.662053943e-02-7.559735328e-02
-6.312289089e-02-4.924078658e-02-3.405365348e-02-1.773589104e-02-5.449850578e-04
 1.717073284e-02 3.499213979e-02 5.292520300e-02 7.098392397e-02 8.919130266e-02
 1.075803638e-01 1.261954904e-01 1.450940073e-01 1.643481553e-01 1.840473562e-01
 2.043012977e-01 2.252446115e-01 2.470490485e-01 2.699773014e-01 2.940238714e-01
 8.303865790e-02 8.107790351e-02 7.533598691e-02 6.840924919e-02 6.144315377e-02
 5.437085405e-02 4.715571180e-02 3.977630287e-02 3.221744299e-02 2.446598932e-02
 1.650835387e-02 8.327551186e-03-8.977286052e-05-8.641391993e-03-1.723359339e-02
-2.578151040e-02-3.420958668e-02-4.245173931e-02-5.045112222e-02-5.815948918e-02
-6.553629041e-02-7.254753262e-02-7.916451991e-02-8.536248654e-02-9.111928195e-02
-9.641400725e-02-1.012257412e-01-1.055323184e-01-1.093092039e-01-1.125284433e-01
-1.151577234e-01-1.171595827e-01-1.184907258e-01-1.191015393e-01-1.189358532e-01
-1.179310083e-01-1.160182655e-01-1.131237671e-01-1.091702282e-01-1.040792987e-01
-9.777511656e-02-9.018898010e-02-8.126538992e-02-7.096973062e-02-5.929738283e-02
-4.628417268e-02-3.201781213e-02-1.664937474e-02-4.037974868e-04 1.641233452e-02
 3.340222314e-02 5.056917295e-02 6.792458892e-02 8.548973501e-02 1.032978594e-01
 1.213969663e-01 1.398534328e-01 1.587570310e-01 1.782280803e-01 1.984274834e-01
 2.195718884e-01 2.419564724e-01 2.659909725e-01 2.922519743e-01 3.203215599e-01
 8.534353971e-02 8.360458910e-02 7.779891789e-02 7.084596157e-02 6.385283172e-02
 5.678504705e-02 4.961711913e-02 4.232839867e-02 3.490211070e-02 2.732396312e-02
 1.958133653e-02 1.166356914e-02 3.512766212e-03-4.778203554e-03-1.311875228e-02
-2.142439783e-02-2.961858734e-02-3.763343394e-02-4.540970549e-02-5.289637670e-02
-6.004979461e-02-6.683261693e-02-7.321261615e-02-7.916138321e-02-8.465301245e-02
-8.966282010e-02-9.416608512e-02-9.813685715e-02-1.015469208e-01-1.043647677e-01
-1.065547988e-01-1.080765873e-01-1.088844389e-01-1.089270487e-01-1.081475988e-01
-1.064841151e-01-1.038703620e-01-1.002373472e-01-9.551554918e-02-8.963806182e-02
-8.254481107e-02-7.418805361e-02-6.453910470e-02-5.359646678e-02-4.139506444e-02
-2.801632136e-02-1.359825395e-02 1.655407134e-03 1.746818237e-02 3.350283951e-02
 4.975530505e-02 6.622828543e-02 8.293291926e-02 9.989083558e-02 1.171366796e-01
 1.347215772e-01 1.527176350e-01 1.712242812e-01 1.903771758e-01 2.103608549e-01
 2.314265668e-01 2.539162338e-01 2.782900631e-01 3.051444292e-01 3.338639140e-01
 8.666884899e-02 8.506894112e-02 7.956728339e-02 7.273239642e-02 6.583701819e-02
 5.887492001e-02 5.183282495e-02 4.469764978e-02 3.745689243e-02 3.009834327e-02
 2.260935865e-02 1.497573033e-02 7.179372013e-03-7.753836690e-04-8.793247864e-03
-1.678729802e-02-2.467907965e-02-3.239865601e-02-3.988441080e-02-4.708251357e-02
-5.394613743e-02-6.043448299e-02-6.651160866e-02-7.214523107e-02-7.730546594e-02
-8.196359873e-02-8.609088510e-02-8.965747058e-02-9.263139963e-02-9.497772157e-02
-9.665775299e-02-9.762866050e-02-9.784308076e-02-9.724919498e-02-9.579110146e-02
-9.340960532e-02-9.004372358e-02-8.563265949e-02-8.011880517e-02-7.345160842e-02
-6.559248269e-02-5.652099103e-02-4.624204338e-02-3.479417786e-02-2.225847729e-02
-8.767621592e-03 5.485992879e-03 2.024555765e-02 3.526766226e-02 5.053759739e-02
 6.604576111e-02 8.178878576e-02 9.777092934e-02 1.140058041e-01 1.305185258e-01
 1.473485082e-01 1.645530909e-01 1.822123975e-01 2.004361302e-01 2.193731815e-01
 2.392263263e-01 2.602766156e-01 2.829302847e-01 3.078235090e-01 3.337968886e-01
 8.763976395e-02 8.621143550e-02 8.079335839e-02 7.410638034e-02 6.736873090e-02
 6.057309732e-02 5.371341109e-02 4.678377509e-02 3.977785259e-02 3.268837929e-02
 2.550686523e-02 1.822352782e-02 1.082740631e-02 3.271199763e-03-4.353634082e-03
-1.196178049e-02-1.947494410e-02-2.682228386e-02-3.394044936e-02-4.077319801e-02
-4.727075994e-02-5.338893831e-02-5.908809602e-02-6.433201581e-02-6.908675283e-02
-7.331950963e-02-7.699752599e-02-8.008710295e-02-8.255274594e-02-8.435641974e-02
-8.545704186e-02-8.581021428e-02-8.536820859e-02-8.408035338e-02-8.189383894e-02
-7.875507325e-02-7.461163402e-02-6.941506267e-02-6.312440336e-02-5.571079254e-02
-4.716302082e-02-3.749403358e-02-2.674830705e-02-1.500967611e-02-2.408912871e-03
 1.086812094e-02 2.457097173e-02 3.857989237e-02 5.286744237e-02 6.741036475e-02
 8.218981326e-02 9.719184786e-02 1.124082580e-01 1.278375685e-01 1.434863210e-01
 1.593703628e-01 1.755164862e-01 1.919638515e-01 2.087654620e-01 2.259891182e-01
 2.437171936e-01 2.620438933e-01 2.810632288e-01 3.008043766e-01 3.202892244e-01
 8.804876357e-02 8.677251637e-02 8.147477359e-02 7.497671992e-02 6.843473017e-02
 6.183902919e-02 5.519294739e-02 4.850076884e-02 4.176419601e-02 3.498171642e-02
 2.814915776e-02 2.126062289e-02 1.430989616e-02 7.227468304e-03 7.516078767e-05
-7.064794190e-03-1.411530562e-02-2.100546286e-02-2.767084353e-02-3.405331820e-02
-4.010054097e-02-4.576522484e-02-5.100421980e-02-5.577754602e-02-6.004736200e-02
-6.377696246e-02-6.692983955e-02-6.946884841e-02-7.135549188e-02-7.254946232e-02
-7.300829142e-02-7.268743962e-02-7.154061645e-02-6.952058524e-02-6.658044457e-02
-6.267554313e-02-5.776604265e-02-5.182027817e-02-4.481896758e-02-3.676024824e-02
-2.766551822e-02-1.758601703e-02-6.609622855e-03 5.131254904e-03 1.746038161e-02
 3.015736490e-02 4.320530593e-02 5.656664446e-02 7.020671666e-02 8.409332484e-02
 9.819674492e-02 1.124898791e-01 1.269486547e-01 1.415525228e-01 1.562847346e-01
 1.711326241e-01 1.860871613e-01 2.011416852e-01 2.162889093e-01 2.315149307e-01
 2.467879653e-01 2.620371878e-01 2.771126032e-01 2.917028368e-01 3.051744401e-01
 8.764992654e-02 8.643721789e-02 8.156927675e-02 7.537938654e-02 6.904911250e-02
 6.264228374e-02 5.620352551e-02 4.975497350e-02 4.330557585e-02 3.685658798e-02
 3.040444478e-02 2.394216135e-02 1.745957136e-02 1.094183978e-02 4.349326715e-03
-2.234750893e-03-8.733693510e-03-1.507682819e-02-2.119926922e-02-2.704163268e-02
-3.254958987e-02-3.767324239e-02-4.236640036e-02-4.658575729e-02-5.029001459e-02
-5.343909562e-02-5.599335954e-02-5.791297555e-02-5.915747955e-02-5.968549475e-02
-5.945478380e-02-5.842260271e-02-5.654647946e-02-5.378545448e-02-5.010186508e-02
-4.546381533e-02-3.984826803e-02-3.324494511e-02-2.566088550e-02-1.712568663e-02
-7.696947549e-03 2.533052582e-03 1.343648694e-02 2.481121942e-02 3.661180660e-02
 4.879778251e-02 6.133170798e-02 7.417437434e-02 8.728559315e-02 1.006245464e-01
 1.141499579e-01 1.278203577e-01 1.415943205e-01 1.554307491e-01 1.692889929e-01
 1.831286699e-01 1.969088912e-01 2.105863392e-01 2.241117060e-01 2.374238074e-01
 2.504400611e-01 2.630431354e-01 2.750640213e-01 2.862674594e-01 2.963578403e-01
 8.795827627e-02 8.723387867e-02 8.208516985e-02 7.563506812e-02 6.924874336e-02
 6.290669739e-02 5.662544072e-02 5.041130260e-02 4.426352680e-02 3.817708790e-02
 3.214450181e-02 2.615703829e-02 2.020583302e-02 1.428348850e-02 8.322503418e-03
 2.376227640e-03-3.484145971e-03-9.190862998e-03-1.468018815e-02-1.989259757e-02
-2.477265894e-02-2.926866524e-02-3.333212435e-02-3.691715747e-02-3.997984529e-02
-4.247763753e-02-4.436882213e-02-4.561214894e-02-4.616663978e-02-4.599166662e-02
-4.504730552e-02-4.329511896e-02-4.069931805e-02-3.722847998e-02-3.285782039e-02
-2.757204883e-02-2.136894688e-02-1.426349394e-02-6.292673294e-03 2.478896407e-03
 1.195885427e-02 2.199780941e-02 3.253191337e-02 4.353036731e-02 5.495740101e-02
 6.677454710e-02 7.894103974e-02 9.141320735e-02 1.041442230e-01 1.170839220e-01
 1.301787645e-01 1.433719099e-01 1.566035450e-01 1.698113680e-01 1.829311252e-01
 1.958971322e-01 2.086425126e-01 2.210987359e-01 2.331942469e-01 2.448518723e-01
 2.559849620e-01 2.664932609e-01 2.762595415e-01 2.851509154e-01 2.930270135e-01
 8.765228838e-02 8.731472492e-02 8.201372623e-02 7.517863065e-02 6.863887608e-02
 6.233002990e-02 5.621259660e-02 5.026081204e-02 4.445481300e-02 3.877744451e-02
 3.321319446e-02 2.774792165e-02 2.236869372e-02 1.706341654e-02 1.181968860e-02
 6.596669089e-03 1.460277126e-03-3.524655011e-03-8.295931853e-03-1.279454958e-02
-1.696479507e-02-2.075407282e-02-2.411261015e-02-2.699305490e-02-2.935008146e-02
-3.114002757e-02-3.232064843e-02-3.285101056e-02-3.269163147e-02-3.180489317e-02
-3.015578911e-02-2.771306224e-02-2.445077896e-02-2.035047673e-02-1.540374663e-02
-9.615192190e-03-3.006552346e-03 4.380050115e-03 1.247850247e-02 2.117202617e-02
 3.042227402e-02 4.020743817e-02 5.049712583e-02 6.125983596e-02 7.246127725e-02
 8.406363428e-02 9.602484107e-02 1.082978025e-01 1.208296269e-01 1.335609853e-01
 1.464256197e-01 1.593502611e-01 1.722548604e-01 1.850536764e-01 1.976566911e-01
 2.099717855e-01 2.219071686e-01 2.333736271e-01 2.442865074e-01 2.545665801e-01
 2.641402185e-01 2.729387283e-01 2.808980942e-01 2.879594266e-01 2.940720618e-01
 8.523495495e-02 8.499190956e-02 7.982066274e-02 7.304820418e-02 6.661244482e-02
 6.049259380e-02 5.465292931e-02 4.905914888e-02 4.368039966e-02 3.848984092e-02
 3.346469998e-02 2.858601138e-02 2.383826859e-02 1.920889877e-02 1.468759123e-02
 1.026537176e-02 5.926139187e-03 1.734970603e-03-2.247088589e-03-5.962171126e-03
-9.355287999e-03-1.237417199e-02-1.496911328e-02-1.709279045e-02-1.870011911e-02
-1.974815316e-02-2.019610815e-02-2.000555582e-02-1.914089173e-02-1.757015474e-02
-1.526615955e-02-1.220786944e-02-8.382144384e-03-3.786661197e-03 1.567066996e-03
 7.653931156e-03 1.442389842e-02 2.180513740e-02 2.978276461e-02 3.834056854e-02
 4.745853320e-02 5.711578205e-02 6.728881598e-02 7.795123011e-02 8.907294273e-02
 1.006192118e-01 1.125493720e-01 1.248155609e-01 1.373611391e-01 1.501192153e-01
 1.630112976e-01 1.759463847e-01 1.888208985e-01 2.015198767e-01 2.139197290e-01
 2.258929014e-01 2.373138964e-01 2.480661273e-01 2.580483854e-01 2.671799660e-01
 2.754034996e-01 2.826851904e-01 2.890129685e-01 2.943931222e-01 2.988464236e-01
 8.107095957e-02 8.091514558e-02 7.559841871e-02 6.899529696e-02 6.284275651e-02
 5.709020421e-02 5.169158429e-02 4.660024866e-02 4.177401215e-02 3.717732057e-02
 3.278164193e-02 2.856513113e-02 2.451196872e-02 2.061191201e-02 1.686025038e-02
 1.325872540e-02 9.755523875e-03 6.404285785e-03 3.259600606e-03 3.754371428e-04
-2.195841167e-03-4.403984174e-03-6.201087497e-03-7.541732863e-03-8.383124135e-03
-8.685281500e-03-8.411303163e-03-7.527743466e-03-6.005254108e-03-3.820195794e-03
-9.563392960e-04 2.593778539e-03 6.830005907e-03 1.173718832e-02 1.727048494e-02
 2.341148444e-02 3.016260080e-02 3.751249611e-02 4.545050114e-02 5.396557227e-02
 6.304547936e-02 7.267653942e-02 8.284299076e-02 9.352619946e-02 1.047037095e-01
 1.163479090e-01 1.284242868e-01 1.408893615e-01 1.536880136e-01 1.667506099e-01
 1.799896210e-01 1.932968199e-01 2.065410167e-01 2.195679843e-01 2.322039604e-01
 2.442634106e-01 2.555617392e-01 2.659309506e-01 2.752351165e-01 2.833826542e-01
 2.903327942e-01 2.960954607e-01 3.007248342e-01 3.043077588e-01 3.069494367e-01
 7.421606779e-02 7.392905653e-02 6.896685064e-02 6.271878630e-02 5.705699325e-02
 5.189925060e-02 4.715822637e-02 4.275953397e-02 3.864488378e-02 3.477075696e-02
 3.110589273e-02 2.762882039e-02 2.432590723e-02 2.118993178e-02 1.821911149e-02
 1.541626267e-02 1.278761867e-02 1.030614134e-02 8.023301139e-03 5.990503356e-03
 4.257228691e-03 2.870478667e-03 1.874648617e-03 1.311279600e-03 1.218607882e-03
 1.631041057e-03 2.578603569e-03 4.086774774e-03 6.178062409e-03 8.866417222e-03
 1.215353049e-02 1.602004468e-02 2.046857029e-02 2.550789341e-02 3.113598190e-02
 3.735002130e-02 4.414878786e-02 5.153003335e-02 5.949105322e-02 6.802882254e-02
 7.713980228e-02 8.681967854e-02 9.706290811e-02 1.078620479e-01 1.192067266e-01
 1.310822219e-01 1.434674263e-01 1.563320309e-01 1.696328223e-01 1.833086014e-01
 1.972739100e-01 2.114113271e-01 2.255633920e-01 2.395258993e-01 2.530465722e-01
 2.658349276e-01 2.775876522e-01 2.880263627e-01 2.969360352e-01 3.041924834e-01
 3.097743392e-01 3.137614727e-01 3.163203001e-01 3.176748455e-01 3.180678487e-01
 6.448815763e-02 6.394027919e-02 5.926812813e-02 5.371387675e-02 4.896097630e-02
 4.478040338e-02 4.100951552e-02 3.754562512e-02 3.432495892e-02 3.130813688e-02
 2.847144566e-02 2.580163255e-02 2.329286933e-02 2.094491571e-02 1.876210794e-02
 1.675290614e-02 1.493000798e-02 1.331148390e-02 1.187761500e-02 1.068106480e-02
 9.767627344e-03 9.178616107e-03 8.952720091e-03 9.125790559e-03 9.729491547e-03
 1.079019066e-02 1.232655998e-02 1.434483472e-02 1.687374525e-02 1.992321759e-02
 2.350358479e-02 2.762016281e-02 3.227877989e-02 3.748563677e-02 4.324566573e-02
 4.956328124e-02 5.644298345e-02 6.388942897e-02 7.190762460e-02 8.050304651e-02
 8.968173712e-02 9.945028275e-02 1.098156869e-01 1.207849979e-01 1.323647350e-01
 1.445597708e-01 1.573717147e-01 1.707961708e-01 1.848186255e-01 1.994080842e-01
 2.145077437e-01 2.300209105e-01 2.457911223e-01 2.615753412e-01 2.770143151e-01
 2.916191220e-01 3.048145771e-01 3.160575330e-01 3.249574602e-01 3.313244581e-01
 3.351673484e-01 3.366878629e-01 3.362730443e-01 3.344435096e-01 3.317307532e-01
 5.015750602e-02 4.877721146e-02 4.500038922e-02 4.143149406e-02 3.852393851e-02
 3.591428697e-02 3.348744661e-02 3.119735047e-02 2.902538516e-02 2.696599811e-02
 2.502063476e-02 2.319491282e-02 2.149721608e-02 1.993799582e-02 1.852947846e-02
 1.728552021e-02 1.622154191e-02 1.535423193e-02 1.470038760e-02 1.428642496e-02
 1.414241455e-02 1.429396123e-02 1.477120910e-02 1.560509857e-02 1.682026684e-02
 1.843868569e-02 2.047922462e-02 2.295808680e-02 2.589171007e-02 2.929375879e-02
 3.317612410e-02 3.754912689e-02 4.242238775e-02 4.780527204e-02 5.370703712e-02
 6.013715267e-02 6.710565090e-02 7.462348044e-02 8.270280808e-02 9.135738015e-02
 1.006028801e-01 1.104572639e-01 1.209411621e-01 1.320781410e-01 1.438950151e-01
 1.564218104e-01 1.696915627e-01 1.837392151e-01 1.985995173e-01 2.143026888e-01
 2.308664620e-01 2.482817769e-01 2.664872408e-01 2.853212059e-01 3.044239581e-01
 3.230236769e-01 3.397106230e-01 3.530861437e-01 3.625192642e-01 3.678509593e-01
 3.691450953e-01 3.666917682e-01 3.611972928e-01 3.540456891e-01 3.466943502e-01
 3.046143800e-02 2.671948075e-02 2.684073336e-02 2.730091289e-02 2.696181275e-02
 2.623084188e-02 2.529093996e-02 2.424144372e-02 2.314581536e-02 2.204948105e-02
 2.098766342e-02 1.998928189e-02 1.907917112e-02 1.827951521e-02 1.761083677e-02
 1.709272526e-02 1.674441062e-02 1.658524200e-02 1.663519815e-02 1.691593975e-02
 1.745015569e-02 1.826049201e-02 1.936982945e-02 2.080050297e-02 2.257318236e-02
 2.470682561e-02 2.721870691e-02 3.012464195e-02 3.343939409e-02 3.717660159e-02
 4.134899378e-02 4.596868902e-02 5.104755238e-02 5.659758300e-02 6.263124198e-02
 6.916180998e-02 7.620376348e-02 8.377319574e-02 9.188832343e-02 1.005699784e-01
 1.098422855e-01 1.197334081e-01 1.302764863e-01 1.415108144e-01 1.534831971e-01
 1.662496626e-01 1.798775941e-01 1.944479495e-01 2.100580782e-01 2.268240154e-01
 2.448821515e-01 2.643887997e-01 2.855163217e-01 3.084472716e-01 3.333840370e-01
 3.606824875e-01 3.850832582e-01 4.016771317e-01 4.116829038e-01 4.157380164e-01
 4.132988453e-01 4.048689008e-01 3.896394372e-01 3.724372387e-01 3.592896760e-01
 1.683321595e-02 1.233626064e-02 1.332477666e-02 1.530679129e-02 1.649126783e-02
 1.710917801e-02 1.734248921e-02 1.732498407e-02 1.715489477e-02 1.690588519e-02
 1.663463563e-02 1.638591848e-02 1.619606465e-02 1.609542407e-02 1.611014828e-02
 1.626349427e-02 1.657681167e-02 1.707026362e-02 1.776337624e-02 1.867542230e-02
 1.982546784e-02 2.123224176e-02 2.291402034e-02 2.488842607e-02 2.717215940e-02
 2.978094667e-02 3.272953257e-02 3.603184223e-02 3.970113397e-02 4.375017807e-02
 4.819149524e-02 5.303760991e-02 5.830135569e-02 6.399620324e-02 7.013660669e-02
 7.673834264e-02 8.381892741e-02 9.139807522e-02 9.949824214e-02 1.081452519e-01
 1.173691526e-01 1.272052377e-01 1.376954317e-01 1.488900930e-01 1.608503461e-01
 1.736513972e-01 1.873867810e-01 2.021745741e-01 2.181655765e-01 2.355550379e-01
 2.545982599e-01 2.756305635e-01 2.990897298e-01 3.255345225e-01 3.556554317e-01
 3.878643513e-01 4.124169052e-01 4.291150570e-01 4.383974373e-01 4.399467409e-01
 4.339900315e-01 4.194063544e-01 3.976437151e-01 3.788647056e-01 3.637120128e-01
 7.540404797e-03 2.668866888e-03 3.854623996e-03 6.241057534e-03 8.019760251e-03
 9.312535636e-03 1.023756340e-02 1.090231072e-02 1.139795966e-02 1.179904956e-02
 1.216549147e-02 1.254529692e-02 1.297727134e-02 1.349334419e-02 1.412043534e-02
 1.488188189e-02 1.579847559e-02 1.688920334e-02 1.817175187e-02 1.966281608e-02
 2.137827501e-02 2.333326265e-02 2.554218099e-02 2.801870927e-02 3.077580407e-02
 3.382576257e-02 3.718031198e-02 4.085076600e-02 4.484822229e-02 4.918377846e-02
 5.386876687e-02 5.891506001e-02 6.433533877e-02 7.014340162e-02 7.635445893e-02
 8.298549056e-02 9.005555511e-02 9.758624434e-02 1.056020930e-01 1.141312644e-01
 1.232063100e-01 1.328652203e-01 1.431528479e-01 1.541227996e-01 1.658401191e-01
 1.783847511e-01 1.918568611e-01 2.063840926e-01 2.221326381e-01 2.393241674e-01
 2.582626641e-01 2.793785632e-01 3.032999635e-01 3.309417367e-01 3.632736206e-01
 3.918057978e-01 4.132449031e-01 4.276323617e-01 4.347575307e-01 4.345816374e-01
 4.258276820e-01 4.077928364e-01 3.883185387e-01 3.720283806e-01 3.583051562e-01
 1.549982931e-03-3.576808376e-03-2.801760565e-03-4.593644990e-04 1.412811922e-03
 2.898943610e-03 4.098104779e-03 5.102523603e-03 5.991218146e-03 6.828498561e-03
 7.665330544e-03 8.541888557e-03 9.490258060e-03 1.053675357e-02 1.170368306e-02
 1.301057171e-02 1.447493210e-02 1.611272618e-02 1.793860644e-02 1.996605471e-02
 2.220746689e-02 2.467422932e-02 2.737679705e-02 3.032482043e-02 3.352726996e-02
 3.699260205e-02 4.072893783e-02 4.474428296e-02 4.904677719e-02 5.364494026e-02
 5.854798853e-02 6.376612931e-02 6.931085885e-02 7.519528270e-02 8.143433928e-02
 8.804506809e-02 9.504678845e-02 1.024614125e-01 1.103136390e-01 1.186313778e-01
 1.274462789e-01 1.367944330e-01 1.467174441e-01 1.572636962e-01 1.684903800e-01
 1.804657429e-01 1.932727695e-01 2.070136964e-01 2.218168527e-01 2.378464937e-01
 2.553183138e-01 2.745262086e-01 2.958961129e-01 3.201493323e-01 3.460345566e-01
 3.677326143e-01 3.843447268e-01 3.955681324e-01 4.012912512e-01 4.006397724e-01
 3.933069408e-01 3.800465465e-01 3.673166037e-01 3.556903899e-01 3.452128768e-01
-2.309886739e-03-7.788260933e-03-7.212472148e-03-5.222761072e-03-3.662710544e-03
-2.387673128e-03-1.273944508e-03-2.266158117e-04 8.212516550e-04 1.914744731e-03
 3.084050026e-03 4.350289237e-03 5.729706958e-03 7.236315403e-03 8.883307688e-03
 1.068358868e-02 1.264976710e-02 1.479387470e-02 1.712702215e-02 1.965911500e-02
 2.239871770e-02 2.535305545e-02 2.852816693e-02 3.192911297e-02 3.556025401e-02
 3.942551091e-02 4.352863878e-02 4.787347838e-02 5.246426165e-02 5.730593204e-02
 6.240451336e-02 6.776750833e-02 7.340428233e-02 7.932638377e-02 8.554775268e-02
 9.208483249e-02 9.895656258e-02 1.061843336e-01 1.137918308e-01 1.218050942e-01
 1.302524805e-01 1.391649544e-01 1.485763192e-01 1.585237384e-01 1.690483093e-01
 1.801955700e-01 1.920159757e-01 2.045648843e-01 2.179014385e-01 2.320849448e-01
 2.471655011e-01 2.631607652e-01 2.799996138e-01 2.973959744e-01 3.145066500e-01
 3.296131790e-01 3.417566717e-01 3.504442573e-01 3.553609252e-01 3.563491702e-01
 3.535473645e-01 3.482009768e-01 3.416941166e-01 3.347567320e-01 3.278250396e-01
-3.355488181e-03-9.189659730e-03-9.343737736e-03-8.297479711e-03-7.628969848e-03
-7.038674317e-03-6.354050711e-03-5.494935438e-03-4.436722491e-03-3.182240995e-03
-1.744279056e-03-1.359414309e-04 1.634004992e-03 3.562663216e-03 5.652622320e-03
 7.910537533e-03 1.034531929e-02 1.296638604e-02 1.578226686e-02 1.879968867e-02
 2.202319913e-02 2.545520104e-02 2.909635752e-02 3.294610232e-02 3.700317442e-02
 4.126604274e-02 4.573316872e-02 5.040327087e-02 5.527554452e-02 6.035006046e-02
 6.562828273e-02 7.111369073e-02 7.681244612e-02 8.273385465e-02 8.889061958e-02
 9.529878199e-02 1.019773334e-01 1.089476123e-01 1.162326336e-01 1.238564178e-01
 1.318435073e-01 1.402185261e-01 1.490059495e-01 1.582297981e-01 1.679130495e-01
 1.780767143e-01 1.887383163e-01 1.999087185e-01 2.115871906e-01 2.237527966e-01
 2.363500148e-01 2.492660582e-01 2.622973621e-01 2.751103044e-01 2.872247100e-01
 2.980803251e-01 3.071731925e-01 3.141425550e-01 3.187928498e-01 3.211105466e-01
 3.212919235e-01 3.197320104e-01 3.169137239e-01 3.132782578e-01 3.091710508e-01
-1.520587830e-04-5.922127515e-03-8.581089787e-03-1.017801277e-02-1.144924294e-02
-1.209472585e-02-1.205290575e-02-1.141367294e-02-1.029650215e-02-8.809624240e-03
-7.038960233e-03-5.045448896e-03-2.866098657e-03-5.176292034e-04 1.998282736e-03
 4.689304158e-03 7.567263208e-03 1.064402796e-02 1.392865367e-02 1.742582023e-02
 2.113546617e-02 2.505345270e-02 2.917287126e-02 3.348549455e-02 3.798294440e-02
 4.265728593e-02 4.750109464e-02 5.250720680e-02 5.766858906e-02 6.297858059e-02
 6.843176484e-02 7.402531803e-02 7.976040989e-02 8.564335853e-02 9.168609232e-02
 9.790585190e-02 1.043240950e-01 1.109648347e-01 1.178528219e-01 1.250119358e-01
 1.324640810e-01 1.402284801e-01 1.483211368e-01 1.567543000e-01 1.655356437e-01
 1.746668816e-01 1.841416359e-01 1.939423084e-01 2.040353566e-01 2.143650353e-01
 2.248451561e-01 2.353494912e-01 2.457033396e-01 2.556810379e-01 2.650161386e-01
 2.734290361e-01 2.806647718e-01 2.865287066e-01 2.909113169e-01 2.938008904e-01
 2.952838242e-01 2.955282629e-01 2.947516441e-01 2.931835055e-01 2.910365462e-01
 3.855384653e-03-2.140161581e-03-7.782055531e-03-1.323597878e-02-1.814269647e-02
-1.975617930e-02-1.983952522e-02-1.891444996e-02-1.731070131e-02-1.526066475e-02
-1.292673685e-02-1.041048206e-02-7.760684006e-03-4.985925741e-03-2.069614828e-03
 1.016420894e-03 4.301762208e-03 7.810614072e-03 1.155767217e-02 1.554619893e-02
 1.976836845e-02 2.420793101e-02 2.884445898e-02 3.365762532e-02 3.862993419e-02
 4.374731705e-02 4.899786040e-02 5.436965823e-02 5.984878168e-02 6.541866809e-02
 7.106184959e-02 7.676364481e-02 8.251617104e-02 8.832114935e-02 9.419113398e-02
 1.001489386e-01 1.062251478e-01 1.124536023e-01 1.188666373e-01 1.254917532e-01
 1.323502660e-01 1.394571662e-01 1.468214989e-01 1.544462591e-01 1.623280346e-01
 1.704560667e-01 1.788105518e-01 1.873606294e-01 1.960614920e-01 2.048513144e-01
 2.136479765e-01 2.223467082e-01 2.308196425e-01 2.389190793e-01 2.464855909e-01
 2.533609271e-01 2.594037354e-01 2.645049095e-01 2.685993016e-01 2.716722488e-01
 2.737588286e-01 2.749370337e-01 2.753151357e-01 2.750172913e-01 2.741699815e-01
 5.975925364e-03-7.925350219e-04-8.160213940e-03-1.651031151e-02-2.573493868e-02
-3.084637597e-02-3.093975782e-02-2.856897004e-02-2.564032003e-02-2.243539691e-02
-1.917639561e-02-1.597762853e-02-1.284518559e-02-9.717107750e-03-6.506779231e-03
-3.129993565e-03 4.827913945e-04 4.381338134e-03 8.592155762e-03 1.311531756e-02
 1.792417653e-02 2.297242731e-02 2.820851468e-02 3.358977288e-02 3.908866644e-02
 4.469096288e-02 5.038957298e-02 5.617665872e-02 6.203506142e-02 6.793179363e-02
 7.382121682e-02 7.966047525e-02 8.542315662e-02 9.110303968e-02 9.671484679e-02
 1.022962853e-01 1.079055741e-01 1.136067212e-01 1.194516197e-01 1.254741997e-01
 1.316937208e-01 1.381191313e-01 1.447517425e-01 1.515865028e-01 1.586120278e-01
 1.658102423e-01 1.731552780e-01 1.806124151e-01 1.881366819e-01 1.956717819e-01
 2.031491548e-01 2.104882300e-01 2.175977230e-01 2.243788093e-01 2.307302505e-01
 2.365550399e-01 2.417679131e-01 2.463024855e-01 2.501167655e-01 2.531962395e-01
 2.555538714e-01 2.572271824e-01 2.582729757e-01 2.587609887e-01 2.587669492e-01
 8.620912209e-03 1.673632418e-03-6.156018004e-03-1.532907970e-02-2.620763704e-02
-3.439122811e-02-3.859953210e-02-3.866650164e-02-3.457289562e-02-2.934164181e-02
-2.477343380e-02-2.096028626e-02-1.763957739e-02-1.450205781e-02-1.130419038e-02
-7.876931690e-03-4.102034029e-03 1.045591198e-04 4.794392269e-03 9.971614927e-03
 1.556648873e-02 2.143608592e-02 2.743447572e-02 3.347845376e-02 3.954539448e-02
 4.564691335e-02 5.180920660e-02 5.806006119e-02 6.441338360e-02 7.082375139e-02
 7.712447643e-02 8.318539709e-02 8.896931261e-02 9.446651489e-02 9.968039393e-02
 1.046501994e-01 1.095315218e-01 1.145204157e-01 1.196890473e-01 1.250527501e-01
 1.306110620e-01 1.363575757e-01 1.422822624e-01 1.483716220e-01 1.546082199e-01
 1.609697640e-01 1.674284637e-01 1.739502549e-01 1.804942340e-01 1.870124191e-01
 1.934498250e-01 1.997453123e-01 2.058329284e-01 2.116442323e-01 2.171114236e-01
 2.221710086e-01 2.267675847e-01 2.308575213e-01 2.344116569e-01 2.374168336e-01
 2.398761362e-01 2.418076396e-01 2.432419807e-01 2.442193329e-01 2.447858602e-01
 1.259945706e-02 6.261940114e-03-7.103871321e-04-8.429100737e-03-1.689293608e-02
-2.589236386e-02-3.380154446e-02-3.776495531e-02-3.732910752e-02-3.211869299e-02
-2.704190090e-02-2.390364371e-02-2.166993357e-02-1.936655864e-02-1.672851108e-02
-1.362820528e-02-9.961237200e-03-5.619185511e-03-4.788449733e-04 5.593228154e-03
 1.264205948e-02 1.996891201e-02 2.698294632e-02 3.372039273e-02 4.028332978e-02
 4.677242041e-02 5.328298360e-02 5.991214514e-02 6.677383184e-02 7.401197404e-02
 8.089492470e-02 8.719733357e-02 9.300635755e-02 9.828406572e-02 1.030119732e-01
 1.071048528e-01 1.108445153e-01 1.150123924e-01 1.194887757e-01 1.242099404e-01
 1.291376352e-01 1.342458427e-01 1.395138949e-01 1.449223310e-01 1.504503489e-01
 1.560742408e-01 1.617666185e-01 1.674958766e-01 1.732261181e-01 1.789171994e-01
 1.845251620e-01 1.900030524e-01 1.953019500e-01 2.003726512e-01 2.051674426e-01
 2.096422613e-01 2.137587965e-01 2.174863517e-01 2.208033651e-01 2.236982584e-01
 2.261695713e-01 2.282254398e-01 2.298825085e-01 2.311642021e-01 2.320990562e-01
 1.767357625e-02 1.238728501e-02 6.725496147e-03 6.878584391e-04-5.643120501e-03
-1.209517010e-02-1.842049137e-02-2.431971021e-02-2.758546919e-02-2.525955066e-02
-2.245074138e-02-2.166121081e-02-2.166827209e-02-2.065616660e-02-1.884694397e-02
-1.629715785e-02-1.296257880e-02-8.746252395e-03-3.483176697e-03 3.137777792e-03
 1.169087924e-02 2.036830410e-02 2.798083983e-02 3.499579802e-02 4.168475047e-02
 4.822510108e-02 5.475366861e-02 6.139634550e-02 6.829039752e-02 7.557424158e-02
 8.248566091e-02 8.875119686e-02 9.444628656e-02 9.954563528e-02 1.040018424e-01
 1.077089533e-01 1.110051721e-01 1.146999970e-01 1.186866760e-01 1.228936613e-01
 1.272803843e-01 1.318229288e-01 1.365038157e-01 1.413059831e-01 1.462099850e-01
 1.511932909e-01 1.562301517e-01 1.612918973e-01 1.663471162e-01 1.713620275e-01
 1.763009578e-01 1.811270118e-01 1.858027726e-01 1.902914494e-01 1.945579201e-01
 1.985700727e-01 2.022998780e-01 2.057245672e-01 2.088274062e-01 2.115981877e-01
 2.140333802e-01 2.161358893e-01 2.179144323e-01 2.193827480e-01 2.205585092e-01
 0.220624232E+01 0.223560262E+01 0.225292897E+01 0.227124524E+01 0.229268956E+01
 0.231078339E+01 0.232510519E+01 0.234051800E+01 0.235472298E+01 0.236915302E+01
 0.238293219E+01 0.239561248E+01 0.240908504E+01 0.242188072E+01 0.243399477E+01
 0.244678068E+01 0.245970297E+01 0.247171640E+01 0.248441553E+01 0.249756670E+01
 0.251074648E+01 0.252377701E+01 0.253748918E+01 0.255200124E+01 0.256672001E+01
 0.258171940E+01 0.259757209E+01 0.261419988E+01 0.263168216E+01 0.264965677E+01
 0.266866136E+01 0.268870759E+01 0.271006083E+01 0.273223400E+01 0.275568533E+01
 0.278058314E+01 0.280710125E+01 0.283522344E+01 0.286490607E+01 0.289646554E+01
 0.293014145E+01 0.296617985E+01 0.300465894E+01 0.304568553E+01 0.308974171E+01
 0.313711309E+01 0.318812275E+01 0.324321318E+01 0.330281425E+01 0.336759567E+01
 0.343817043E+01 0.351545668E+01 0.360041618E+01 0.369465446E+01 0.379919291E+01
 0.391738224E+01 0.405099010E+01 0.420522976E+01 0.438562965E+01 0.460133982E+01
 0.486769199E+01 0.521746349E+01 0.571440172E+01 0.656374121E+01 0.153946772E+02
   89   86
 0.106876910E+01-0.100000001E+00 0.106686139E+01 0.000000000E+00 0.107074404E+01
 0.100000001E+00 0.107893431E+01 0.188004032E+00 0.108676004E+01 0.250000000E+00
 0.110266876E+01 0.344799995E+00 0.111331606E+01 0.400000006E+00 0.113218749E+01
 0.487263739E+00 0.114684081E+01 0.550000012E+00 0.116040087E+01 0.604236901E+00
 0.118450463E+01 0.694795072E+00 0.120010436E+01 0.750000000E+00 0.121514237E+01
 0.800000012E+00 0.123843753E+01 0.870213151E+00 0.126499999E+01 0.931505680E+00
 0.129156256E+01 0.970273614E+00 0.134468746E+01 0.997964382E+00 0.139117193E+01
 0.998878241E+00 0.143892765E+01 0.990720391E+00 0.149078131E+01 0.975868702E+00
 0.153925395E+01 0.956462264E+00 0.157710934E+01 0.940226257E+00 0.162359381E+01
 0.915650249E+00 0.165679693E+01 0.897026777E+00 0.170328128E+01 0.867078960E+00
 0.173648429E+01 0.844777524E+00 0.178035116E+01 0.811242044E+00 0.181617188E+01
 0.783342779E+00 0.184497380E+01 0.758356690E+00 0.189205408E+01 0.715433836E+00
 0.192242193E+01 0.686374962E+00 0.194898438E+01 0.658741832E+00 0.199062479E+01
 0.612500012E+00 0.202811861E+01 0.567341089E+00 0.205523443E+01 0.531628430E+00
 0.208179688E+01 0.493348956E+00 0.210835934E+01 0.451392651E+00 0.213492179E+01
 0.405099273E+00 0.216148424E+01 0.353543878E+00 0.218804693E+01 0.295222729E+00
 0.221460938E+01 0.227162778E+00 0.223423719E+01 0.167068928E+00 0.224814343E+01
 0.112500004E+00 0.225997448E+01 0.250000060E-01 0.225985122E+01-0.749999955E-01
 0.225125694E+01-0.145735145E+00 0.223133898E+01-0.231884301E+00 0.221477556E+01
-0.287500024E+00 0.219719505E+01-0.337500006E+00 0.217476559E+01-0.394138336E+00
 0.214820313E+01-0.453447610E+00 0.212164068E+01-0.505770802E+00 0.209507823E+01
-0.552442670E+00 0.206851578E+01-0.594575584E+00 0.203704238E+01-0.639793575E+00
 0.200063944E+01-0.687500000E+00 0.196521723E+01-0.730888188E+00 0.193570316E+01
-0.765011132E+00 0.190889287E+01-0.794026077E+00 0.186539459E+01-0.838645220E+00
 0.183152413E+01-0.872246325E+00 0.180289066E+01-0.898626804E+00 0.175640619E+01
-0.938512862E+00 0.172409797E+01-0.965238214E+00 0.168511581E+01-0.993685484E+00
 0.164787650E+01-0.102001655E+01 0.160685349E+01-0.104524207E+01 0.156900382E+01
-0.106771374E+01 0.151734376E+01-0.109381366E+01 0.148587918E+01-0.110879374E+01
 0.143765628E+01-0.112931859E+01 0.138453126E+01-0.114683068E+01 0.135516500E+01
-0.115611386E+01 0.130484378E+01-0.116961396E+01 0.125171876E+01-0.117756140E+01
 0.119813192E+01-0.117328548E+01 0.118154120E+01-0.111854362E+01 0.118085492E+01
-0.102499998E+01 0.117589045E+01-0.924999952E+00 0.116615331E+01-0.824999988E+00
 0.115859675E+01-0.762499988E+00 0.114512849E+01-0.672880113E+00 0.113546574E+01
-0.610673308E+00 0.112030971E+01-0.516853094E+00 0.110953355E+01-0.449097306E+00
 0.109618390E+01-0.362770021E+00 0.108440816E+01-0.275000006E+00 0.107721019E+01
-0.212500006E+00 0.107057357E+01-0.124712542E+00
 0.101600003E+01 0.000000000E+00 0.101600003E+01 0.963999987E+00 0.101600003E+01
 0.967999995E+00 0.101600003E+01 0.100100005E+01 0.101600003E+01 0.101900005E+01
 0.101600003E+01 0.107700002E+01 0.101600003E+01 0.107000005E+01 0.101600003E+01
 0.109599996E+01 0.101600003E+01 0.111300004E+01 0.101600003E+01 0.113800001E+01
 0.101600003E+01 0.114699996E+01 0.101199996E+01 0.116499996E+01 0.100100005E+01
 0.121700001E+01 0.102900004E+01 0.121700001E+01 0.104200006E+01 0.116240001E+01
 0.104600000E+01 0.116237998E+01 0.105599999E+01 0.116260004E+01 0.109700000E+01
 0.116450000E+01 0.110800004E+01 0.116594005E+01 0.111600006E+01 0.116591001E+01
 0.113399994E+01 0.116895998E+01 0.114800000E+01 0.117174995E+01 0.116199994E+01
 0.117556000E+01 0.118099999E+01 0.118299997E+01 0.118200004E+01 0.118350005E+01
 0.118499994E+01 0.118499994E+01 0.119000006E+01 0.118799996E+01 0.119500005E+01
 0.119099998E+01 0.120099998E+01 0.119599998E+01 0.120899999E+01 0.120200002E+01
 0.121500003E+01 0.120799994E+01 0.122200000E+01 0.121399999E+01 0.122800004E+01
 0.122099996E+01 0.123399997E+01 0.123099995E+01 0.123899996E+01 0.123800004E+01
 0.124199998E+01 0.124399996E+01 0.124800003E+01 0.125399995E+01 0.125800002E+01
 0.127800000E+01 0.126300001E+01 0.128999996E+01 0.127999997E+01 0.133099997E+01
 0.127999997E+01 0.134700000E+01 0.127999997E+01 0.134800005E+01 0.130999994E+01
 0.134800005E+01 0.132799995E+01 0.134800005E+01 0.136099994E+01 0.134800005E+01
 0.138000000E+01 0.134800005E+01 0.141900003E+01 0.134800005E+01 0.141900003E+01
 0.130999994E+01 0.137199998E+01 0.130999994E+01 0.137199998E+01 0.129200006E+01
 0.160800004E+01 0.109500003E+01 0.164699996E+01 0.107700002E+01 0.178499997E+01
 0.107700002E+01 0.206999993E+01 0.103999996E+01 0.212800002E+01 0.992999971E+00
 0.224499989E+01 0.708999991E+00 0.232299995E+01 0.518999994E+00 0.237700009E+01
 0.388999999E+00 0.236249995E+01 0.400000006E+00 0.236443496E+01 0.222000003E+00
 0.236496902E+01 0.133000001E+00 0.236532402E+01 0.439999998E-01 0.236512089E+01
-0.439999998E-01 0.236484194E+01-0.133000001E+00 0.236433411E+01-0.222000003E+00
 0.236249995E+01-0.400000006E+00 0.237700009E+01-0.388999999E+00 0.213400006E+01
-0.972999990E+00 0.178600001E+01-0.117400002E+01 0.176800001E+01-0.121099997E+01
 0.176800001E+01-0.125000000E+01 0.168200004E+01-0.125000000E+01 0.137199998E+01
-0.125000000E+01 0.137199998E+01-0.132900000E+01 0.141999996E+01-0.132900000E+01
 0.141999996E+01-0.136300004E+01 0.127300000E+01-0.136300004E+01 0.115300000E+01
-0.136300004E+01 0.101600003E+01-0.122300005E+01 0.101600003E+01-0.122300005E+01
 0.101600003E+01-0.829999983E+00 0.101600003E+01-0.800000012E+00 0.101600003E+01
-0.414999992E+00 0.101600003E+01-0.400000006E+00 0.101600003E+01-0.100000005E-02
 0.101600003E+01 0.000000000E+00
    0 0.169550002E+01    0
 0.000000000E+00 0.105856657E+00 0.150242269E+00 0.184475929E+00 0.212425366E+00
 0.238034517E+00 0.261397690E+00 0.283218741E+00 0.303386450E+00 0.322494000E+00
 0.340705037E+00 0.357954085E+00 0.374588013E+00 0.390628248E+00 0.406019926E+00
 0.420973986E+00 0.435536921E+00 0.449645400E+00 0.463363260E+00 0.476848215E+00
 0.489979595E+00 0.502809584E+00 0.515414715E+00 0.527813315E+00 0.539979398E+00
 0.551907539E+00 0.563667357E+00 0.575314999E+00 0.586783051E+00 0.598067522E+00
 0.609225929E+00 0.620288372E+00 0.631255805E+00 0.642121196E+00 0.652849793E+00
 0.663516045E+00 0.674132943E+00 0.684681416E+00 0.695172548E+00 0.705605209E+00
 0.716017425E+00 0.726397395E+00 0.736766577E+00 0.747120380E+00 0.757472873E+00
 0.767842650E+00 0.778245389E+00 0.788673699E+00 0.799141049E+00 0.809681475E+00
 0.820287406E+00 0.830990076E+00 0.841796160E+00 0.852752686E+00 0.863830805E+00
 0.875127792E+00 0.886605024E+00 0.898372471E+00 0.910446584E+00 0.922899008E+00
 0.935826540E+00 0.949437618E+00 0.963931024E+00 0.979877770E+00 0.100000000E+01
    0
