  EFITD    06/25/2013    #1553543000.0ms  EFIT01   0  65  65
 0.170000005E+01 0.320000005E+01 0.169550002E+01 0.839999974E+00 0.000000000E+00
 0.180804813E+01-0.390461758E-01-0.162624717E+00 0.118004605E-01 0.166006684E+01
 0.102241106E+07-0.162624717E+00 0.000000000E+00 0.180804813E+01 0.000000000E+00
-0.390461758E-01 0.000000000E+00 0.118004605E-01 0.000000000E+00 0.000000000E+00
 0.277158403E+01 0.277394915E+01 0.277621841E+01 0.277839446E+01 0.278047943E+01
 0.278247523E+01 0.278438449E+01 0.278620863E+01 0.278795028E+01 0.278961110E+01
 0.279119349E+01 0.279269934E+01 0.279413080E+01 0.279549003E+01 0.279677868E+01
 0.279799891E+01 0.279915285E+01 0.280024242E+01 0.280126977E+01 0.280223656E+01
 0.280314493E+01 0.280399704E+01 0.280479431E+01 0.280553937E+01 0.280623388E+01
 0.280687952E+01 0.280747867E+01 0.280803299E+01 0.280854464E+01 0.280901551E+01
 0.280944729E+01 0.280984211E+01 0.281020188E+01 0.281052852E+01 0.281082368E+01
 0.281108975E+01 0.281132841E+01 0.281154156E+01 0.281173110E+01 0.281189919E+01
 0.281204724E+01 0.281217742E+01 0.281229210E+01 0.281239247E+01 0.281248069E+01
 0.281255889E+01 0.281262875E+01 0.281269217E+01 0.281275105E+01 0.281280756E+01
 0.281286335E+01 0.281292033E+01 0.281298041E+01 0.281304574E+01 0.281311798E+01
 0.281319928E+01 0.281329107E+01 0.281339574E+01 0.281351495E+01 0.281365061E+01
 0.281380463E+01 0.281397915E+01 0.281417584E+01 0.281439662E+01 0.281464338E+01
 0.956630703E+05 0.930238047E+05 0.904208672E+05 0.878542812E+05 0.853240156E+05
 0.828300859E+05 0.803724844E+05 0.779512266E+05 0.755662969E+05 0.732177109E+05
 0.709054531E+05 0.686295234E+05 0.663899453E+05 0.641866875E+05 0.620197656E+05
 0.598891797E+05 0.577949297E+05 0.557370117E+05 0.537154258E+05 0.517301797E+05
 0.497812656E+05 0.478686836E+05 0.459924414E+05 0.441525273E+05 0.423489492E+05
 0.405817109E+05 0.388508008E+05 0.371562266E+05 0.354979844E+05 0.338760781E+05
 0.322905098E+05 0.307412715E+05 0.292283691E+05 0.277518027E+05 0.263115664E+05
 0.249076660E+05 0.235401016E+05 0.222088711E+05 0.209139746E+05 0.196554102E+05
 0.184331836E+05 0.172472891E+05 0.160977295E+05 0.149845049E+05 0.139076133E+05
 0.128670576E+05 0.118628350E+05 0.108949473E+05 0.996339355E+04 0.906817383E+04
 0.820928906E+04 0.738673779E+04 0.660052148E+04 0.585063916E+04 0.513709180E+04
 0.445987793E+04 0.381899878E+04 0.321445386E+04 0.264624316E+04 0.211436694E+04
 0.161882483E+04 0.115961719E+04 0.736743774E+03 0.350204773E+03 0.000000000E+00
 0.245853615E+01 0.236211348E+01 0.226766586E+01 0.217519355E+01 0.208469629E+01
 0.199617445E+01 0.190962780E+01 0.182505631E+01 0.174246013E+01 0.166183913E+01
 0.158319330E+01 0.150652266E+01 0.143182743E+01 0.135910726E+01 0.128836226E+01
 0.121959269E+01 0.115279818E+01 0.108797884E+01 0.102513480E+01 0.964265943E+00
 0.905372322E+00 0.848453939E+00 0.793510735E+00 0.740542769E+00 0.689549983E+00
 0.640532434E+00 0.593490124E+00 0.548423052E+00 0.505331159E+00 0.464214504E+00
 0.425073057E+00 0.387906820E+00 0.352715820E+00 0.319499999E+00 0.288259417E+00
 0.258994073E+00 0.231703907E+00 0.206388980E+00 0.183049276E+00 0.161684781E+00
 0.142295510E+00 0.124881454E+00 0.109442607E+00 0.959789827E-01 0.844905823E-01
 0.749773905E-01 0.674394220E-01 0.618766658E-01 0.582891256E-01 0.566768125E-01
 0.570397079E-01 0.593778230E-01 0.636911541E-01 0.699797049E-01 0.782434791E-01
 0.884824619E-01 0.100696668E+00 0.114886083E+00 0.131050721E+00 0.149190575E+00
 0.169305652E+00 0.191395938E+00 0.215461448E+00 0.241502181E+00 0.269518107E+00
-0.975598250E+06-0.962252812E+06-0.948907375E+06-0.935561875E+06-0.922216375E+06
-0.908870938E+06-0.895525438E+06-0.882179938E+06-0.868834500E+06-0.855489000E+06
-0.842143562E+06-0.828798062E+06-0.815452625E+06-0.802107125E+06-0.788761625E+06
-0.775416188E+06-0.762070750E+06-0.748725188E+06-0.735379750E+06-0.722034312E+06
-0.708688812E+06-0.695343312E+06-0.681997875E+06-0.668652375E+06-0.655306938E+06
-0.641961438E+06-0.628615938E+06-0.615270500E+06-0.601925000E+06-0.588579562E+06
-0.575234062E+06-0.561888562E+06-0.548543125E+06-0.535197688E+06-0.521852156E+06
-0.508506688E+06-0.495161219E+06-0.481815750E+06-0.468470281E+06-0.455124812E+06
-0.441779312E+06-0.428433875E+06-0.415088375E+06-0.401742906E+06-0.388397438E+06
-0.375051969E+06-0.361706500E+06-0.348361000E+06-0.335015562E+06-0.321670062E+06
-0.308324594E+06-0.294979125E+06-0.281633656E+06-0.268288188E+06-0.254942703E+06
-0.241597219E+06-0.228251750E+06-0.214906281E+06-0.201560812E+06-0.188215328E+06
-0.174869859E+06-0.161524391E+06-0.148178906E+06-0.134833438E+06-0.121487961E+06
 4.675642028e-02 4.525899142e-02 4.379121214e-02 4.228764027e-02 4.067863896e-02
 3.887644410e-02 3.675667569e-02 3.414333612e-02 3.017392755e-02 2.385654114e-02
 1.625690423e-02 7.146046963e-03-2.088211244e-03-8.497458883e-03-1.272243075e-02
-1.503620297e-02-1.550776232e-02-1.408230234e-02-1.054358017e-02-4.411180504e-03
 5.255784374e-03 1.543773152e-02 2.383769862e-02 3.124352358e-02 3.809643164e-02
 4.466871917e-02 5.115585402e-02 5.772438273e-02 6.454536319e-02 7.180053741e-02
 7.859741896e-02 8.465255052e-02 9.007260203e-02 9.480431676e-02 9.881258756e-02
 1.019907445e-01 1.046926752e-01 1.078733951e-01 1.113945246e-01 1.151756719e-01
 1.191717833e-01 1.233564094e-01 1.277105808e-01 1.322163343e-01 1.368537247e-01
 1.415999085e-01 1.464290321e-01 1.513124108e-01 1.562187225e-01 1.611142308e-01
 1.659632921e-01 1.707287580e-01 1.753728092e-01 1.798577756e-01 1.841473579e-01
 1.882077008e-01 1.920086741e-01 1.955249459e-01 1.987369061e-01 2.016313076e-01
 2.042015046e-01 2.064473927e-01 2.083748579e-01 2.099951655e-01 2.113238722e-01
 4.325724766e-02 4.173680022e-02 4.046316072e-02 3.942494467e-02 3.856563568e-02
 3.775994852e-02 3.641185537e-02 3.367892280e-02 2.928995527e-02 2.305993624e-02
 1.627396047e-02 9.274854325e-03 2.731878310e-03-2.298079664e-03-5.724099465e-03
-7.580350619e-03-7.866146043e-03-6.525815930e-03-3.447355703e-03 1.517541241e-03
 8.377004415e-03 1.593029872e-02 2.308983915e-02 2.985382825e-02 3.635613248e-02
 4.273365438e-02 4.911497235e-02 5.562927946e-02 6.242467090e-02 6.966250390e-02
 7.648511976e-02 8.260068297e-02 8.810659498e-02 9.298683703e-02 9.719983488e-02
 1.006348506e-01 1.036790386e-01 1.072403938e-01 1.111898348e-01 1.154450849e-01
 1.199559048e-01 1.246889532e-01 1.296191365e-01 1.347242892e-01 1.399820894e-01
 1.453680694e-01 1.508546025e-01 1.564102769e-01 1.619996130e-01 1.675830036e-01
 1.731171012e-01 1.785552204e-01 1.838484854e-01 1.889470816e-01 1.938021183e-01
 1.983674616e-01 2.026019841e-01 2.064714879e-01 2.099503130e-01 2.130224705e-01
 2.156820446e-01 2.179328948e-01 2.197878063e-01 2.212669700e-01 2.223962694e-01
 3.871247172e-02 3.717024624e-02 3.613201901e-02 3.570241481e-02 3.587348759e-02
 3.529269993e-02 3.358344734e-02 3.062550165e-02 2.632966079e-02 2.162983082e-02
 1.701115072e-02 1.265867241e-02 8.799416944e-03 5.689953454e-03 3.523735330e-03
 2.416484524e-03 2.435773844e-03 3.619725350e-03 5.972384010e-03 9.432938881e-03
 1.382689923e-02 1.886317320e-02 2.424877509e-02 2.980113775e-02 3.544689342e-02
 4.117733985e-02 4.701507092e-02 5.299438536e-02 5.914412066e-02 6.542648375e-02
 7.155991346e-02 7.735899091e-02 8.279626071e-02 8.786322922e-02 9.255475551e-02
 9.689354151e-02 1.011050716e-01 1.055036187e-01 1.101520360e-01 1.150515005e-01
 1.201926470e-01 1.255632490e-01 1.311494708e-01 1.369354427e-01 1.429023296e-01
 1.490273625e-01 1.552829742e-01 1.616358012e-01 1.680462360e-01 1.744678617e-01
 1.808474213e-01 1.871252805e-01 1.932365447e-01 1.991130561e-01 2.046860605e-01
 2.098897249e-01 2.146648914e-01 2.189627737e-01 2.227479964e-01 2.260007113e-01
 2.287172079e-01 2.309092283e-01 2.326019853e-01 2.338313311e-01 2.346403897e-01
 3.247218579e-02 3.068016469e-02 2.965223044e-02 2.944232151e-02 2.981965244e-02
 2.919778042e-02 2.729518898e-02 2.477238700e-02 2.207945287e-02 1.930552721e-02
 1.656983420e-02 1.401040796e-02 1.177447941e-02 1.000621077e-02 8.831421845e-03
 8.347214200e-03 8.618741296e-03 9.678293020e-03 1.152243838e-02 1.410742197e-02
 1.734852046e-02 2.113145031e-02 2.533639595e-02 2.986206487e-02 3.463680670e-02
 3.961614519e-02 4.477311298e-02 5.008589104e-02 5.552383885e-02 6.103486940e-02
 6.654782593e-02 7.199714333e-02 7.734294981e-02 8.257307112e-02 8.770237863e-02
 9.277714044e-02 9.787467867e-02 1.030805930e-01 1.084600911e-01 1.140518188e-01
 1.198755279e-01 1.259391308e-01 1.322427094e-01 1.387802362e-01 1.455399394e-01
 1.525039226e-01 1.596473157e-01 1.669371575e-01 1.743311137e-01 1.817761213e-01
 1.892074943e-01 1.965485662e-01 2.037115097e-01 2.105997801e-01 2.171123624e-01
 2.231498957e-01 2.286218405e-01 2.334538102e-01 2.375938445e-01 2.410162985e-01
 2.437231243e-01 2.457419932e-01 2.471217960e-01 2.479266673e-01 2.482292950e-01
 2.363333665e-02 2.119703218e-02 2.017446980e-02 2.026332356e-02 2.074664086e-02
 2.053234167e-02 1.994389668e-02 1.904371008e-02 1.790618151e-02 1.661949232e-02
 1.528353803e-02 1.400562003e-02 1.289477013e-02 1.205534488e-02 1.158061810e-02
 1.154743694e-02 1.201249845e-02 1.301007718e-02 1.455088891e-02 1.662242599e-02
 1.919169724e-02 2.221104316e-02 2.562621422e-02 2.938429266e-02 3.343895078e-02
 3.775195405e-02 4.229149967e-02 4.702873528e-02 5.193420872e-02 5.697619542e-02
 6.212253124e-02 6.734564900e-02 7.262796164e-02 7.796546817e-02 8.336907625e-02
 8.886394650e-02 9.448599070e-02 1.002755538e-01 1.062705070e-01 1.125019491e-01
 1.189929470e-01 1.257590503e-01 1.328092068e-01 1.401462853e-01 1.477669775e-01
 1.556612402e-01 1.638108939e-01 1.721877903e-01 1.807513386e-01 1.894454509e-01
 1.981952637e-01 2.069044560e-01 2.154538333e-01 2.237029225e-01 2.314961553e-01
 2.386738211e-01 2.450869679e-01 2.506131530e-01 2.551696301e-01 2.587218583e-01
 2.612856328e-01 2.629224360e-01 2.637289166e-01 2.638227642e-01 2.633286715e-01
 9.955201298e-03 5.341964774e-03 6.699031685e-03 9.387541562e-03 1.136556268e-02
 1.276468392e-02 1.364067197e-02 1.407583896e-02 1.416252088e-02 1.399669144e-02
 1.367575582e-02 1.329656318e-02 1.295291167e-02 1.273263991e-02 1.271466631e-02
 1.296633855e-02 1.354138460e-02 1.447861735e-02 1.580155827e-02 1.751906425e-02
 1.962711848e-02 2.211165056e-02 2.495199069e-02 2.812430635e-02 3.160426393e-02
 3.536860645e-02 3.939562663e-02 4.366491735e-02 4.815709963e-02 5.285397545e-02
 5.773957446e-02 6.280181557e-02 6.803438067e-02 7.343812287e-02 7.902167737e-02
 8.480088413e-02 9.079729766e-02 9.703582525e-02 1.035422683e-01 1.103412062e-01
 1.174547300e-01 1.249017268e-01 1.326976418e-01 1.408540606e-01 1.493783146e-01
 1.582723707e-01 1.675311327e-01 1.771398336e-01 1.870700121e-01 1.972740442e-01
 2.076776028e-01 2.181707025e-01 2.285983562e-01 2.387550920e-01 2.483894676e-01
 2.572247684e-01 2.649940848e-01 2.714780271e-01 2.765335441e-01 2.801108956e-01
 2.822591066e-01 2.831162214e-01 2.828824222e-01 2.817833424e-01 2.800369859e-01
-5.379419308e-04-6.436045282e-03-4.023987334e-03 6.982425693e-04 4.289965145e-03
 6.984088570e-03 8.962336928e-03 1.036309451e-02 1.130458992e-02 1.189460047e-02
 1.223396044e-02 1.241745055e-02 1.253351755e-02 1.266344450e-02 1.288033836e-02
 1.324820705e-02 1.382113062e-02 1.464271639e-02 1.574598253e-02 1.715376601e-02
 1.887965947e-02 2.092941292e-02 2.330262586e-02 2.599451877e-02 2.899753861e-02
 3.230258822e-02 3.589990735e-02 3.977966681e-02 4.393250868e-02 4.835016280e-02
 5.302618816e-02 5.795683712e-02 6.314191222e-02 6.858538836e-02 7.429573685e-02
 8.028572053e-02 8.657186478e-02 9.317359328e-02 1.001122296e-01 1.074101701e-01
 1.150901690e-01 1.231749207e-01 1.316868216e-01 1.406477094e-01 1.500785500e-01
 1.599988192e-01 1.704251617e-01 1.813691556e-01 1.928331852e-01 2.048036456e-01
 2.172391862e-01 2.300519049e-01 2.430782616e-01 2.560408711e-01 2.685171664e-01
 2.799672186e-01 2.898554206e-01 2.977660000e-01 3.034419715e-01 3.067982197e-01
 3.079469800e-01 3.072117567e-01 3.050543964e-01 3.019363284e-01 2.982351780e-01
-5.418394227e-03-1.178499777e-02-8.911670186e-03-3.647237085e-03 5.782723892e-04
 3.902920522e-03 6.456068251e-03 8.363635279e-03 9.743730538e-03 1.070595998e-02
 1.135163568e-02 1.177404169e-02 1.205857471e-02 1.228275802e-02 1.251636166e-02
 1.282208879e-02 1.325539779e-02 1.386418194e-02 1.468861848e-02 1.576128229e-02
 1.710753143e-02 1.874611899e-02 2.069001272e-02 2.294741385e-02 2.552309260e-02
 2.841924317e-02 3.163618222e-02 3.517305478e-02 3.902863711e-02 4.320198670e-02
 4.769308865e-02 5.250348523e-02 5.763683841e-02 6.309940666e-02 6.890031695e-02
 7.505163550e-02 8.156838268e-02 8.846826851e-02 9.577151388e-02 1.035006642e-01
 1.116805673e-01 1.203384101e-01 1.295040548e-01 1.392104477e-01 1.494941562e-01
 1.603959352e-01 1.719613224e-01 1.842408627e-01 1.972895563e-01 2.111645192e-01
 2.259186357e-01 2.415843606e-01 2.581344247e-01 2.753892243e-01 2.928104997e-01
 3.088947833e-01 3.223093152e-01 3.324702978e-01 3.390085697e-01 3.417050838e-01
 3.405385613e-01 3.362320065e-01 3.303825855e-01 3.238787055e-01 3.172449768e-01
-5.367336329e-03-1.180720236e-02-9.133716114e-03-3.858348588e-03 4.293092061e-04
 3.820079379e-03 6.425136235e-03 8.362742141e-03 9.748516604e-03 1.069070771e-02
 1.128852181e-02 1.163195353e-02 1.180211455e-02 1.187141985e-02 1.190293673e-02
 1.195797697e-02 1.209372934e-02 1.236215420e-02 1.280946936e-02 1.347592659e-02
 1.439576969e-02 1.559726615e-02 1.710269041e-02 1.892808825e-02 2.108737826e-02
 2.359147184e-02 2.644824050e-02 2.966309711e-02 3.324061632e-02 3.718500212e-02
 4.150047153e-02 4.619187862e-02 5.126523599e-02 5.672818050e-02 6.259032339e-02
 6.886355579e-02 7.556223124e-02 8.270336688e-02 9.030688554e-02 9.839583188e-02
 1.069968343e-01 1.161407083e-01 1.258633286e-01 1.362068206e-01 1.472212076e-01
 1.589665860e-01 1.715161502e-01 1.849602759e-01 1.994123608e-01 2.150171399e-01
 2.319635451e-01 2.505058050e-01 2.710032165e-01 2.940166593e-01 3.200237453e-01
 3.435197771e-01 3.620597422e-01 3.755091429e-01 3.835792840e-01 3.856061697e-01
 3.813798726e-01 3.699414134e-01 3.573224545e-01 3.457195759e-01 3.352421820e-01
-1.054244000e-03-7.394561078e-03-5.006022751e-03-4.070906652e-05 3.858101321e-03
 6.807188503e-03 8.957102895e-03 1.044896711e-02 1.140785404e-02 1.194266137e-02
 1.214829367e-02 1.210829243e-02 1.189736463e-02 1.158390194e-02 1.119663287e-02
 1.080337167e-02 1.046638004e-02 1.024294272e-02 1.018547546e-02 1.034147199e-02
 1.075339410e-02 1.145852357e-02 1.248879638e-02 1.385318954e-02 1.557773724e-02
 1.768196002e-02 2.017911524e-02 2.307501994e-02 2.637844346e-02 3.009731323e-02
 3.423797339e-02 3.880669549e-02 4.381036758e-02 4.925680906e-02 5.515526980e-02
 6.151684001e-02 6.835477054e-02 7.568487525e-02 8.352593333e-02 9.190025181e-02
 1.008343250e-01 1.103597730e-01 1.205145717e-01 1.313446909e-01 1.429064274e-01
 1.552694291e-01 1.685212255e-01 1.827734709e-01 1.981712282e-01 2.149070352e-01
 2.332429886e-01 2.535465062e-01 2.763490677e-01 3.024322391e-01 3.328735232e-01
 3.640802801e-01 3.882802427e-01 4.053672850e-01 4.154877067e-01 4.185288548e-01
 4.134739935e-01 3.997445703e-01 3.798440397e-01 3.630141914e-01 3.489118814e-01
 7.653077599e-03 1.463276334e-03 3.946060780e-03 8.138539270e-03 1.098468062e-02
 1.284202561e-02 1.395700872e-02 1.450375374e-02 1.460907515e-02 1.437034551e-02
 1.386634447e-02 1.316368952e-02 1.232073829e-02 1.139001455e-02 1.038576663e-02
 9.372197092e-03 8.410879411e-03 7.560377009e-03 6.875908002e-03 6.409032270e-03
 6.207334343e-03 6.314051803e-03 6.767576095e-03 7.600645069e-03 8.843835443e-03
 1.052397210e-02 1.266337186e-02 1.523139141e-02 1.825445704e-02 2.174681053e-02
 2.571156621e-02 3.015390597e-02 3.508066759e-02 4.049808159e-02 4.641379416e-02
 5.283698067e-02 5.977865681e-02 6.725208461e-02 7.527327538e-02 8.386157453e-02
 9.304042161e-02 1.028382555e-01 1.132897660e-01 1.244374290e-01 1.363336146e-01
 1.490433812e-01 1.626483053e-01 1.772516817e-01 1.929858178e-01 2.100220025e-01
 2.285843194e-01 2.489677072e-01 2.715594471e-01 2.968595624e-01 3.254942894e-01
 3.580218554e-01 3.856807649e-01 4.055058956e-01 4.177697003e-01 4.225598872e-01
 4.200729430e-01 4.092798233e-01 3.899847567e-01 3.702456951e-01 3.544296324e-01
 2.397497743e-02 1.895789802e-02 1.963787898e-02 2.122888528e-02 2.168759331e-02
 2.153745107e-02 2.097640373e-02 2.010634169e-02 1.899252832e-02 1.768378355e-02
 1.622066274e-02 1.463918295e-02 1.297260262e-02 1.125234086e-02 9.476584382e-03
 7.704633288e-03 5.995357875e-03 4.406405613e-03 2.993558301e-03 1.810218208e-03
 9.069877560e-04 3.313205088e-04 1.272265508e-04 3.350568586e-04 9.915102273e-04
 2.128914697e-03 3.773905803e-03 5.945101846e-03 8.662395179e-03 1.194191631e-02
 1.573652588e-02 2.005192265e-02 2.490295842e-02 3.028719313e-02 3.621033579e-02
 4.267875478e-02 4.969981685e-02 5.728273839e-02 6.543882936e-02 7.418209314e-02
 8.352987468e-02 9.350356460e-02 1.041294187e-01 1.154396459e-01 1.274735928e-01
 1.402792931e-01 1.539153159e-01 1.684529930e-01 1.839788109e-01 2.005970031e-01
 2.184314579e-01 2.376262248e-01 2.583430111e-01 2.807555497e-01 3.050488830e-01
 3.314787149e-01 3.584800661e-01 3.778682947e-01 3.906423151e-01 3.973295987e-01
 3.976999521e-01 3.922580779e-01 3.801574409e-01 3.629791439e-01 3.491832614e-01
 4.752542451e-02 4.564603418e-02 4.131076857e-02 3.734824061e-02 3.426937014e-02
 3.154875338e-02 2.897694521e-02 2.645796351e-02 2.394462749e-02 2.141428925e-02
 1.885813661e-02 1.627582498e-02 1.367248595e-02 1.105689537e-02 8.411442861e-03
 5.790899042e-03 3.251209157e-03 8.483878337e-04-1.362341223e-03-3.327189712e-03
-4.994279239e-03-6.313987542e-03-7.239205297e-03-7.725547068e-03-7.731578313e-03
-7.219188381e-03-6.154099945e-03-4.506392404e-03-2.250567079e-03 6.323021953e-04
 4.150818102e-03 8.313084021e-03 1.312295347e-02 1.847902313e-02 2.441181615e-02
 3.092385456e-02 3.801584989e-02 4.569233581e-02 5.395789444e-02 6.281917542e-02
 7.228508592e-02 8.236718923e-02 9.308005124e-02 1.044414937e-01 1.164728403e-01
 1.291989237e-01 1.426479816e-01 1.568508446e-01 1.718393266e-01 1.876428723e-01
 2.042822540e-01 2.217583954e-01 2.400320917e-01 2.589872777e-01 2.783586979e-01
 2.975743115e-01 3.154786527e-01 3.305503726e-01 3.418794572e-01 3.491789103e-01
 3.524375260e-01 3.518441021e-01 3.479026854e-01 3.417166471e-01 3.348396719e-01
 6.403970718e-02 6.307678670e-02 5.724181235e-02 5.096706375e-02 4.562002793e-02
 4.090545699e-02 3.661015257e-02 3.258982301e-02 2.874905616e-02 2.502488531e-02
 2.137587965e-02 1.777515002e-02 1.420586091e-02 1.065824833e-02 7.104554679e-03
 3.597235773e-03 1.905752724e-04-3.060569521e-03-6.101696752e-03-8.879326284e-03
-1.134144608e-02-1.343779825e-02-1.512004808e-02-1.634190232e-02-1.705921628e-02
-1.723016053e-02-1.681549847e-02-1.577896997e-02-1.408788003e-02-1.171408407e-02
-8.635184728e-03-4.835239146e-03-3.078188165e-04 4.938510247e-03 1.089867204e-02
 1.747776009e-02 2.464998513e-02 3.242862225e-02 4.080456495e-02 4.977648705e-02
 5.934355780e-02 6.950648874e-02 8.026723564e-02 9.162860364e-02 1.035935804e-01
 1.161643937e-01 1.293410212e-01 1.431189328e-01 1.574855298e-01 1.724148989e-01
 1.878597438e-01 2.037394792e-01 2.199231088e-01 2.362052202e-01 2.522769868e-01
 2.677029669e-01 2.819375992e-01 2.944167554e-01 3.046878576e-01 3.124867380e-01
 3.177478015e-01 3.205968142e-01 3.213472962e-01 3.204719424e-01 3.185066283e-01
 7.458483428e-02 7.383483648e-02 6.792610884e-02 6.082783267e-02 5.436976254e-02
 4.844842851e-02 4.294950888e-02 3.777195886e-02 3.283319995e-02 2.806851454e-02
 2.342828177e-02 1.887493208e-02 1.438025199e-02 9.923223406e-03 5.475651938e-03
 1.090977690e-03-3.176047467e-03-7.270511240e-03-1.113816071e-02-1.472594682e-02
-1.798233762e-02-2.085746452e-02-2.330313809e-02-2.527280152e-02-2.672146261e-02
-2.760566399e-02-2.788355015e-02-2.751507238e-02-2.646239661e-02-2.469058521e-02
-2.216857672e-02-1.887051202e-02-1.477768458e-02-9.880888276e-03-4.182384815e-03
 2.296892926e-03 9.528328665e-03 1.746673137e-02 2.598203160e-02 3.509102017e-02
 4.477941990e-02 5.503813550e-02 6.585804373e-02 7.722902298e-02 8.913892508e-02
 1.015722081e-01 1.145080775e-01 1.279180050e-01 1.417624354e-01 1.559862494e-01
 1.705130935e-01 1.852382421e-01 2.000206709e-01 2.146754712e-01 2.289700359e-01
 2.426288575e-01 2.553525269e-01 2.668512464e-01 2.768840492e-01 2.852909863e-01
 2.920105457e-01 2.970833182e-01 3.006424308e-01 3.028905988e-01 3.040646315e-01
 8.203036338e-02 8.137385547e-02 7.518654317e-02 6.766770780e-02 6.061425805e-02
 5.397332087e-02 4.768155143e-02 4.167424142e-02 3.589137271e-02 3.028031066e-02
 2.479632199e-02 1.940199547e-02 1.406618394e-02 8.763032034e-03 3.474861151e-03
-1.740781707e-03-6.826575845e-03-1.172626950e-02-1.638521813e-02-2.075067908e-02
-2.477190644e-02-2.840008028e-02-3.158813715e-02-3.429050371e-02-3.646283597e-02
-3.806179017e-02-3.904484212e-02-3.937029466e-02-3.899741545e-02-3.788687661e-02
-3.600144759e-02-3.330709040e-02-2.977443859e-02-2.538074926e-02-2.011223324e-02
-1.396697573e-02-6.957207341e-03 8.856612258e-04 9.504213929e-03 1.882347278e-02
 2.868667617e-02 3.909349442e-02 5.002703890e-02 6.146769226e-02 7.339295000e-02
 8.577561378e-02 9.858233482e-02 1.117718220e-01 1.252925098e-01 1.390797347e-01
 1.530526578e-01 1.671109945e-01 1.811326146e-01 1.949723959e-01 2.084640861e-01
 2.214263082e-01 2.336732596e-01 2.450292706e-01 2.553446293e-01 2.645091712e-01
 2.724612057e-01 2.791899443e-01 2.847318351e-01 2.891609073e-01 2.925756574e-01
 8.690866828e-02 8.624424785e-02 7.983531803e-02 7.208891958e-02 6.470806152e-02
 5.764127523e-02 5.083965138e-02 4.425596073e-02 3.784647956e-02 3.157146275e-02
 2.539512329e-02 1.928520575e-02 1.321202330e-02 7.146466989e-03 1.093592495e-03
-4.882669076e-03-1.072121318e-02-1.636376232e-02-2.175494470e-02-2.684228122e-02
-3.157601878e-02-3.590885550e-02-3.979551792e-02-4.319233075e-02-4.605671763e-02
-4.834676906e-02-5.002086610e-02-5.103740096e-02-5.135473236e-02-5.093130469e-02
-4.972606525e-02-4.769922048e-02-4.481337965e-02-4.103514180e-02-3.633716702e-02
-3.070077673e-02-2.411907725e-02-1.660078950e-02-8.174430579e-03 1.108241384e-03
 1.116688270e-02 2.179989964e-02 3.293321654e-02 4.453802854e-02 5.658782274e-02
 6.904851645e-02 8.188030869e-02 9.503709525e-02 1.084649861e-01 1.221007183e-01
 1.358701438e-01 1.496871114e-01 1.634529233e-01 1.770569086e-01 1.903785467e-01
 2.032911330e-01 2.156672627e-01 2.273852974e-01 2.383360565e-01 2.484284788e-01
 2.575935125e-01 2.657856345e-01 2.729821801e-01 2.791810036e-01 2.843970060e-01
 8.926427364e-02 8.844545484e-02 8.220815659e-02 7.445004582e-02 6.697318703e-02
 5.970692635e-02 5.260460824e-02 4.563380778e-02 3.876695037e-02 3.197826445e-02
 2.524313517e-02 1.853847690e-02 1.184360962e-02 5.094928667e-03-1.639186405e-03
-8.293083869e-03-1.480358373e-02-2.111098170e-02-2.715941332e-02-3.289682046e-02
-3.827467561e-02-4.324750230e-02-4.777229950e-02-5.180788413e-02-5.531422794e-02
-5.825180188e-02-6.058102101e-02-6.226174906e-02-6.325300038e-02-6.351283938e-02
-6.299848109e-02-6.166675314e-02-5.947488174e-02-5.638173595e-02-5.234955624e-02
-4.734625667e-02-4.134834930e-02-3.434459493e-02-2.634033561e-02-1.736251824e-02
-7.465682458e-03 3.261159174e-03 1.471146289e-02 2.658758685e-02 3.889388964e-02
 5.158258602e-02 6.460937858e-02 7.792840153e-02 9.148906171e-02 1.052347273e-01
 1.191021502e-01 1.330211312e-01 1.469145715e-01 1.606990993e-01 1.742862165e-01
 1.875839978e-01 2.004992664e-01 2.129397690e-01 2.248160690e-01 2.360429019e-01
 2.465395778e-01 2.562301159e-01 2.650431991e-01 2.729137838e-01 2.797860205e-01
 8.944748342e-02 8.821161091e-02 8.232519776e-02 7.509371638e-02 6.780628115e-02
 6.051499024e-02 5.324840918e-02 4.601287842e-02 3.880349174e-02 3.160908073e-02
 2.441481687e-02 1.720376126e-02 9.957747534e-03 2.638184465e-03-4.676650744e-03
-1.191391237e-02-1.900619268e-02-2.589154243e-02-3.251335025e-02-3.881996498e-02
-4.476417974e-02-5.030255020e-02-5.539460480e-02-6.000201777e-02-6.408777088e-02
-6.761533767e-02-7.054790854e-02-7.284776866e-02-7.447578758e-02-7.539103180e-02
-7.555069029e-02-7.491020858e-02-7.342374325e-02-7.104507089e-02-6.772889942e-02
-6.343276054e-02-5.811957270e-02-5.176084861e-02-4.434075952e-02-3.586093336e-02
-2.634603158e-02-1.584988087e-02-4.461573437e-03 7.682405878e-03 2.042504959e-02
 3.350680321e-02 4.689681530e-02 6.056092307e-02 7.445617765e-02 8.853484690e-02
 1.027456224e-01 1.170339584e-01 1.313422769e-01 1.456101686e-01 1.597747654e-01
 1.737709343e-01 1.875314713e-01 2.009863555e-01 2.140615582e-01 2.266762704e-01
 2.387394607e-01 2.501455545e-01 2.607718110e-01 2.704793513e-01 2.791223824e-01
 8.959876001e-02 8.813051879e-02 8.230760694e-02 7.514886558e-02 6.787115335e-02
 6.050572917e-02 5.308675021e-02 4.563037679e-02 3.814001381e-02 3.061096929e-02
 2.303322963e-02 1.539315656e-02 7.674564607e-03-1.297605340e-04-7.935856469e-03
-1.566646993e-02-2.325128764e-02-3.062685952e-02-3.773627058e-02-4.452859238e-02
-5.095816404e-02-5.698373169e-02-6.256753206e-02-6.767427921e-02-7.227019966e-02
-7.632207125e-02-7.979632914e-02-8.265824616e-02-8.487128466e-02-8.639653027e-02
-8.719238639e-02-8.721445501e-02-8.641570061e-02-8.474698663e-02-8.215800673e-02
-7.859873772e-02-7.402145118e-02-6.838348508e-02-6.165066734e-02-5.380164087e-02
-4.483295232e-02-3.476476669e-02-2.364700846e-02-1.156531740e-02 1.355841639e-03
 1.494655572e-02 2.882586420e-02 4.299045354e-02 5.739071965e-02 7.198347151e-02
 8.672808856e-02 1.015850157e-01 1.165151522e-01 1.314797401e-01 1.464401633e-01
 1.613576710e-01 1.761923134e-01 1.909010112e-01 2.054339051e-01 2.197282165e-01
 2.336987704e-01 2.472243607e-01 2.601306140e-01 2.721754313e-01 2.830552459e-01
 8.994416147e-02 8.839640766e-02 8.239251375e-02 7.496535033e-02 6.748451293e-02
 5.994416028e-02 5.234109610e-02 4.467339069e-02 3.693677858e-02 2.912375331e-02
 2.122356184e-02 1.322216261e-02 5.101278890e-03-3.110980848e-03-1.132700499e-02
-1.946723834e-02-2.746009268e-02-3.524174541e-02-4.275573418e-02-4.995232075e-02
-5.678767711e-02-6.322291493e-02-6.922303885e-02-7.475585490e-02-7.979089022e-02
-8.429832011e-02-8.824796975e-02-9.160839766e-02-9.434606880e-02-9.642471373e-02
-9.780476987e-02-9.844309092e-02-9.829286486e-02-9.730376303e-02-9.542260319e-02
-9.259428084e-02-8.876332641e-02-8.387608081e-02-7.788360864e-02-7.074538618e-02
-6.243395433e-02-5.294045433e-02-4.228105769e-02-3.050422110e-02-1.769874617e-02
-4.003368784e-03 1.038185041e-02 2.522633597e-02 4.028629512e-02 5.553688854e-02
 7.095376402e-02 8.651434630e-02 1.021985635e-01 1.179895550e-01 1.338740140e-01
 1.498423517e-01 1.658882350e-01 1.820072085e-01 1.981936842e-01 2.144346088e-01
 2.306981236e-01 2.469116449e-01 2.629207373e-01 2.784052491e-01 2.927166820e-01
 8.981066197e-02 8.817283809e-02 8.181048930e-02 7.421400398e-02 6.657328457e-02
 5.887297541e-02 5.110234395e-02 4.325052351e-02 3.530639037e-02 2.725840360e-02
 1.909474842e-02 1.080412045e-02 2.337466925e-03-6.213865243e-03-1.476491522e-02
-2.323707566e-02-3.155932575e-02-3.966858983e-02-4.750954360e-02-5.503405258e-02
-6.220031157e-02-6.897185743e-02-7.531645149e-02-8.120492101e-02-8.660998940e-02
-9.150513262e-02-9.586355090e-02-9.965708852e-02-1.028554142e-01-1.054251641e-01
-1.073293090e-01-1.085266843e-01-1.089716330e-01-1.086140350e-01-1.073994413e-01
-1.052697971e-01-1.021644399e-01-9.802176803e-02-9.278156608e-02-8.638811111e-02
-7.879423350e-02-6.996631622e-02-5.989045650e-02-4.857955128e-02-3.608126193e-02
-2.248637751e-02-7.936312817e-03 7.372695487e-03 2.318140492e-02 3.917619213e-02
 5.534456298e-02 7.167808712e-02 8.817367256e-02 1.048348173e-01 1.216729209e-01
 1.387086511e-01 1.559734195e-01 1.735108942e-01 1.913784593e-01 2.096481174e-01
 2.284063548e-01 2.477510124e-01 2.677788138e-01 2.885169089e-01 3.089578450e-01
 8.865831792e-02 8.686999977e-02 8.055701852e-02 7.285710424e-02 6.511125714e-02
 5.730397254e-02 4.941651225e-02 4.143061116e-02 3.332915157e-02 2.509603836e-02
 1.671568118e-02 8.172601461e-03-5.522947758e-04-9.363892488e-03-1.817454025e-02
-2.690474130e-02-3.548355773e-02-4.384865984e-02-5.194597691e-02-5.972903967e-02
-6.715808809e-02-7.419901341e-02-8.082216978e-02-8.700121939e-02-9.271185845e-02
-9.793066978e-02-1.026340127e-01-1.067969278e-01-1.103921831e-01-1.133894175e-01
-1.157543361e-01-1.174481586e-01-1.184270680e-01-1.186420023e-01-1.180385873e-01
-1.165574640e-01-1.141349077e-01-1.107040346e-01-1.061965376e-01-1.005452648e-01
-9.368756413e-02-8.556970954e-02-7.615248859e-02-6.541786343e-02-5.337677523e-02
-4.007782042e-02-2.561626956e-02-1.014290284e-02 6.127662025e-03 2.291105315e-02
 3.986065090e-02 5.697804317e-02 7.427272201e-02 9.176430106e-02 1.094843298e-01
 1.274788082e-01 1.458116621e-01 1.645697504e-01 1.838697344e-01 2.038681209e-01
 2.247763425e-01 2.468860000e-01 2.706172764e-01 2.966274023e-01 3.237272203e-01
 8.691774309e-02 8.497544378e-02 7.860345393e-02 7.086205482e-02 6.309377402e-02
 5.526295677e-02 4.733575508e-02 3.928541020e-02 3.109048307e-02 2.273257822e-02
 1.419407967e-02 5.455289967e-03-3.466046881e-03-1.247336529e-02-2.147840522e-02
-3.040170856e-02-3.917290270e-02-4.773064703e-02-5.602223426e-02-6.400286406e-02
-7.163472474e-02-7.888587564e-02-8.572907001e-02-9.214049578e-02-9.809854627e-02
-1.035826132e-01-1.085719317e-01-1.130444631e-01-1.169759110e-01-1.203387976e-01
-1.231016070e-01-1.252280623e-01-1.266765743e-01-1.273997426e-01-1.273441911e-01
-1.264504790e-01-1.246535406e-01-1.218833923e-01-1.180664226e-01-1.131274030e-01
-1.069922298e-01-9.959174693e-02-9.086661786e-02-8.077356219e-02-6.929282844e-02
-5.643690005e-02-4.226029292e-02-2.686983161e-02-1.043484733e-02 6.804053672e-03
 2.452910505e-02 4.239735752e-02 6.042343751e-02 7.863734663e-02 9.708279371e-02
 1.158195883e-01 1.349281669e-01 1.545162350e-01 1.747280955e-01 1.957577020e-01
 2.178672850e-01 2.414119691e-01 2.668684423e-01 2.948535085e-01 3.247369528e-01
 8.454675227e-02 8.245297521e-02 7.577446103e-02 6.815782934e-02 6.053595245e-02
 5.281427130e-02 4.494838789e-02 3.691351041e-02 2.869310230e-02 2.027460933e-02
 1.164834667e-02 2.755380701e-03-6.311537232e-03-1.546002366e-02-2.460382134e-02
-3.366474062e-02-4.257353395e-02-5.127008632e-02-5.970308185e-02-6.782932580e-02
-7.561278343e-02-8.302345872e-02-9.003619105e-02-9.662941843e-02-1.027838737e-01
-1.084813923e-01-1.137037501e-01-1.184315160e-01-1.226430684e-01-1.263135672e-01
-1.294141561e-01-1.319110692e-01-1.337650567e-01-1.349307448e-01-1.353563070e-01
-1.349831820e-01-1.337461919e-01-1.315739900e-01-1.283899397e-01-1.241135821e-01
-1.186629310e-01-1.119576320e-01-1.039232761e-01-9.449698031e-02-8.363442123e-02
-7.131829858e-02-5.756817758e-02-4.245143384e-02-2.609465644e-02-8.694758639e-03
 9.471204132e-03 2.803806588e-02 4.669054225e-02 6.547584385e-02 8.444246650e-02
 1.036492214e-01 1.231714934e-01 1.431075484e-01 1.635862440e-01 1.847776920e-01
 2.069088370e-01 2.302871197e-01 2.553375959e-01 2.826567590e-01 3.118174672e-01
 7.992493361e-02 7.723245025e-02 7.168319076e-02 6.483821571e-02 5.762623623e-02
 5.014613643e-02 4.242143035e-02 3.445830941e-02 2.625613660e-02 1.781080104e-02
 9.116019122e-03 1.403334318e-04-9.013973176e-03-1.825156063e-02-2.748522162e-02
-3.663679957e-02-4.563763365e-02-5.442855507e-02-6.295942515e-02-7.118844241e-02
-7.908110321e-02-8.660908043e-02-9.374900907e-02-1.004811898e-01-1.067883521e-01
-1.126544327e-01-1.180633530e-01-1.229979619e-01-1.274389476e-01-1.313638538e-01
-1.347462237e-01-1.375547200e-01-1.397523731e-01-1.412959844e-01-1.421355903e-01
-1.422140449e-01-1.414670050e-01-1.398230195e-01-1.372041404e-01-1.335270256e-01
-1.287047267e-01-1.226493791e-01-1.152759045e-01-1.065070555e-01-9.627983719e-02
-8.455351740e-02-7.131923735e-02-5.661074072e-02-4.051597789e-02-2.318808064e-02
-4.853930324e-03 1.418326329e-02 3.329265863e-02 5.247822776e-02 7.176192105e-02
 9.118014574e-02 1.107826456e-01 1.306330562e-01 1.508103460e-01 1.714110076e-01
 1.925520152e-01 2.143757343e-01 2.370623648e-01 2.608854473e-01 2.858421803e-01
 7.680370659e-02 7.391014695e-02 6.841401011e-02 6.183908135e-02 5.488424748e-02
 4.759173468e-02 3.999287635e-02 3.210464865e-02 2.393408865e-02 1.548182033e-02
 6.744263694e-03-2.278615488e-03-1.148285437e-02-2.077204734e-02-3.005862981e-02
-3.926464543e-02-4.832202941e-02-5.717246979e-02-6.576689333e-02-7.406467199e-02
-8.203261346e-02-8.964377642e-02-9.687627107e-02-1.037119552e-01-1.101351902e-01
-1.161316186e-01-1.216869727e-01-1.267859936e-01-1.314113140e-01-1.355425864e-01
-1.391554475e-01-1.422207057e-01-1.447035968e-01-1.465630233e-01-1.477509588e-01
-1.482120603e-01-1.478832960e-01-1.466939747e-01-1.445661336e-01-1.414151937e-01
-1.371516138e-01-1.316829175e-01-1.249171048e-01-1.167670712e-01-1.071565747e-01
-9.602782875e-02-8.335078508e-02-6.913410872e-02-5.343744904e-02-3.638453782e-02
-1.817622222e-02 8.972306969e-04 2.044428326e-02 3.994809091e-02 5.941732973e-02
 7.887033373e-02 9.832996875e-02 1.178205088e-01 1.373640448e-01 1.569744349e-01
 1.766463816e-01 1.963336468e-01 2.159035951e-01 2.350372672e-01 2.530637085e-01
 7.472635806e-02 7.173748314e-02 6.607467681e-02 5.950084329e-02 5.260157958e-02
 4.538092017e-02 3.784725815e-02 3.000680543e-02 2.186200023e-02 1.341076940e-02
 4.645145964e-03-4.405524582e-03-1.363687031e-02-2.295286767e-02-3.226663545e-02
-4.150104150e-02-5.058892816e-02-5.947295204e-02-6.810504943e-02-7.644563913e-02
-8.446262777e-02-9.213021398e-02-9.942767024e-02-1.063380912e-01-1.128471494e-01
-1.189418286e-01-1.246093065e-01-1.298358440e-01-1.346057206e-01-1.389002651e-01
-1.426968873e-01-1.459683329e-01-1.486817151e-01-1.507978737e-01-1.522707343e-01
-1.530466974e-01-1.530643851e-01-1.522543430e-01-1.505393088e-01-1.478347629e-01
-1.440500766e-01-1.390904635e-01-1.328597963e-01-1.252647191e-01-1.162201241e-01
-1.056563333e-01-9.352803230e-02-7.982508838e-02-6.458493322e-02-4.790613800e-02
-2.996220626e-02-1.101426966e-02 8.579252288e-03 2.835889719e-02 4.793735221e-02
 6.733287126e-02 8.655175567e-02 1.055902988e-01 1.244318783e-01 1.430404782e-01
 1.613501012e-01 1.792494953e-01 1.965621263e-01 2.130281478e-01 2.283071578e-01
 7.290503383e-02 6.982005388e-02 6.423031539e-02 5.764536932e-02 5.075588822e-02
 4.356122389e-02 3.605956957e-02 2.824957855e-02 2.013000660e-02 1.170007233e-02
 2.901993925e-03-6.168340798e-03-1.541288383e-02-2.473910339e-02-3.406228870e-02
-4.330683872e-02-5.240679905e-02-6.130585074e-02-6.995688379e-02-7.832120359e-02
-8.636759967e-02-9.407113492e-02-1.014119834e-01-1.083741635e-01-1.149442941e-01
-1.211104095e-01-1.268607676e-01-1.321828067e-01-1.370620430e-01-1.414811760e-01
-1.454190612e-01-1.488499343e-01-1.517425627e-01-1.540594250e-01-1.557561755e-01
-1.567808837e-01-1.570737511e-01-1.565667838e-01-1.551838070e-01-1.528410017e-01
-1.494477540e-01-1.449083835e-01-1.391246915e-01-1.319996715e-01-1.234427020e-01
-1.133761778e-01-1.017442197e-01-8.852299303e-02-7.373293489e-02-5.745205656e-02
-3.982958198e-02-2.109811269e-02-1.581761288e-03 1.830355823e-02 3.790666908e-02
 5.720215291e-02 7.617159933e-02 9.479212016e-02 1.130293980e-01 1.308319271e-01
 1.481253505e-01 1.648071259e-01 1.807431877e-01 1.957694143e-01 2.097023427e-01
 7.156834751e-02 6.842499971e-02 6.277187914e-02 5.617367476e-02 4.929260164e-02
 4.211857915e-02 3.464264795e-02 2.685733512e-02 1.875630952e-02 1.033375226e-02
 1.537609147e-03-7.529578637e-03-1.676966995e-02-2.609091438e-02-3.540958464e-02
-4.465101287e-02-5.375009403e-02-6.265127659e-02-7.130812109e-02-7.968259603e-02
-8.774405718e-02-9.546818584e-02-1.028357521e-01-1.098313853e-01-1.164423600e-01
-1.226574108e-01-1.284655482e-01-1.338550299e-01-1.388122886e-01-1.433209777e-01
-1.473610401e-01-1.509078741e-01-1.539314538e-01-1.563956439e-01-1.582574248e-01
-1.594662964e-01-1.599638611e-01-1.596834362e-01-1.585500836e-01-1.564808935e-01
-1.533858329e-01-1.491692066e-01-1.437320560e-01-1.369755715e-01-1.288059652e-01
-1.191409156e-01-1.079177335e-01-9.510356188e-02-8.070730418e-02-6.479302794e-02
-4.749402404e-02-2.902645431e-02-9.700969793e-03 1.006904058e-02 2.976270579e-02
 4.899793863e-02 6.777222455e-02 8.606771380e-02 1.038522869e-01 1.210790575e-01
 1.376855522e-01 1.535934210e-01 1.687100530e-01 1.829324216e-01 1.961544305e-01
 7.050570101e-02 6.732021272e-02 6.159634516e-02 5.501513183e-02 4.817092419e-02
 4.103958607e-02 3.360507265e-02 2.585591562e-02 1.778321527e-02 9.379153140e-03
 6.017193082e-04-8.447149768e-03-1.766973734e-02-2.697475441e-02-3.627895936e-02
-4.550816864e-02-5.459771678e-02-6.349244714e-02-7.214626670e-02-8.052147180e-02
-8.858771622e-02-9.632097930e-02-1.037023067e-01-1.107166559e-01-1.173516512e-01
-1.235963851e-01-1.294403225e-01-1.348721981e-01-1.398789883e-01-1.444449574e-01
-1.485507488e-01-1.521725208e-01-1.552810818e-01-1.578411907e-01-1.598108113e-01
-1.611404866e-01-1.617728621e-01-1.616423279e-01-1.606749594e-01-1.587887406e-01
-1.558943689e-01-1.518965811e-01-1.466963887e-01-1.401944011e-01-1.322954297e-01
-1.229146570e-01-1.119857132e-01-9.947043657e-02-8.537065983e-02-6.974142045e-02
-5.270494521e-02-3.446416929e-02-1.531413291e-02 4.351303447e-03 2.404043078e-02
 4.319423437e-02 6.180658564e-02 7.986035943e-02 9.732735157e-02 1.141684651e-01
 1.303343326e-01 1.457666010e-01 1.604002714e-01 1.741671413e-01 1.870006025e-01
 6.940779090e-02 6.615240872e-02 6.058020145e-02 5.411855131e-02 4.738191143e-02
 4.033720866e-02 3.297133744e-02 2.527705021e-02 1.724825427e-02 8.878665045e-03
 1.332238608e-04-8.886242285e-03-1.808211952e-02-2.736322582e-02-3.664641827e-02
-4.585759714e-02-5.493215472e-02-6.381496042e-02-7.245993614e-02-8.082935959e-02
-8.889287710e-02-9.662643820e-02-1.040111110e-01-1.110318378e-01-1.176763028e-01
-1.239336655e-01-1.297934949e-01-1.352446824e-01-1.402744055e-01-1.448671818e-01
-1.490039229e-01-1.526611745e-01-1.558101475e-01-1.584160477e-01-1.604373604e-01
-1.618252099e-01-1.625228375e-01-1.624653041e-01-1.615793556e-01-1.597836465e-01
-1.569894850e-01-1.531021744e-01-1.480231136e-01-1.416530907e-01-1.338967532e-01
-1.246686950e-01-1.139012799e-01-1.015543640e-01-8.762682229e-02-7.216952741e-02
-5.529917777e-02-3.721156716e-02-1.819271594e-02 1.374618383e-03 2.101160213e-02
 4.007347673e-02 5.855275318e-02 7.643312216e-02 9.368943423e-02 1.102882177e-01
 1.261886656e-01 1.413442641e-01 1.557050198e-01 1.692203730e-01 1.818425506e-01
 6.830666959e-02 6.485348195e-02 5.970868841e-02 5.359203368e-02 4.702051356e-02
 4.008103907e-02 3.279335424e-02 2.516232431e-02 1.718727872e-02 8.864699863e-03
 1.612030319e-04-8.820910938e-03-1.798372343e-02-2.723580413e-02-3.649376333e-02
-4.568323120e-02-5.473931134e-02-6.360656768e-02-7.223859429e-02-8.059733361e-02
-8.865211159e-02-9.637855738e-02-1.037574336e-01-1.107734293e-01-1.174139455e-01
-1.236679181e-01-1.295247227e-01-1.349730790e-01-1.399999857e-01-1.445898563e-01
-1.487235427e-01-1.523774415e-01-1.555227935e-01-1.581248045e-01-1.601419598e-01
-1.615254730e-01-1.622187346e-01-1.621569246e-01-1.612670720e-01-1.594681442e-01
-1.566718966e-01-1.527840793e-01-1.477067620e-01-1.413414478e-01-1.335936785e-01
-1.243790165e-01-1.136308983e-01-1.013103202e-01-8.741724491e-02-7.200357318e-02
-5.518671870e-02-3.716281801e-02-1.821759529e-02 1.267300453e-03 2.081521228e-02
 3.977845982e-02 5.814981088e-02 7.591354847e-02 9.304568917e-02 1.095146313e-01
 1.252823323e-01 1.403059810e-01 1.545402259e-01 1.679397523e-01 1.804623455e-01
 6.871052831e-02 6.539206952e-02 6.001042575e-02 5.379269645e-02 4.724520072e-02
 4.035585001e-02 3.312338889e-02 2.554763854e-02 1.762713678e-02 9.358773939e-03
 7.036814932e-04-8.235540241e-03-1.736066863e-02-2.657989785e-02-3.580937907e-02
-4.497421905e-02-5.400892720e-02-6.285744905e-02-7.147275656e-02-7.981615514e-02
-8.785634488e-02-9.556835890e-02-1.029323712e-01-1.099324971e-01-1.165555939e-01
-1.227900833e-01-1.286248118e-01-1.340480000e-01-1.390461475e-01-1.436032057e-01
-1.476994902e-01-1.513109654e-01-1.544083655e-01-1.569563895e-01-1.589131504e-01
-1.602293700e-01-1.608480811e-01-1.607041955e-01-1.597245187e-01-1.578280032e-01
-1.549265385e-01-1.509264261e-01-1.457305253e-01-1.392416656e-01-1.313672662e-01
-1.220254600e-01-1.111530811e-01-9.871537983e-02-8.471752703e-02-6.921758503e-02
-5.234004557e-02-3.428895772e-02-1.535865944e-02 4.060072359e-03 2.348162793e-02
 4.233853146e-02 6.062485650e-02 7.832462341e-02 9.541240335e-02 1.118541434e-01
 1.276084781e-01 1.426284313e-01 1.568636149e-01 1.702632159e-01 1.827792823e-01
 6.936958432e-02 6.610963494e-02 6.076543778e-02 5.455310270e-02 4.802142456e-02
 4.116248712e-02 3.397042304e-02 2.644178830e-02 1.857408509e-02 1.036466006e-02
 1.763300854e-03-7.127755322e-03-1.621035300e-02-2.539239265e-02-3.458944708e-02
-4.372585937e-02-5.273531005e-02-6.156083941e-02-7.015451044e-02-7.847670466e-02
-8.649524301e-02-9.418425709e-02-1.015230715e-01-1.084949374e-01-1.150858998e-01
-1.212835312e-01-1.270758808e-01-1.324503124e-01-1.373925060e-01-1.418855339e-01
-1.459088624e-01-1.494375616e-01-1.524414271e-01-1.548842639e-01-1.567232460e-01
-1.579082161e-01-1.583813578e-01-1.580768973e-01-1.569210738e-01-1.548325419e-01
-1.517233104e-01-1.475001723e-01-1.420672387e-01-1.353294253e-01-1.271972209e-01
-1.175931990e-01-1.064600572e-01-9.377057850e-02-7.953929901e-02-6.383534521e-02
-4.679596052e-02-2.863930538e-02-9.675305337e-03 9.686896577e-03 2.893478796e-02
 4.767370969e-02 6.589952111e-02 8.359376341e-02 1.007261723e-01 1.172557399e-01
 1.331315637e-01 1.482942253e-01 1.626780033e-01 1.762143523e-01 1.888365000e-01
 7.053566724e-02 6.735920906e-02 6.196689978e-02 5.579309165e-02 4.929735884e-02
 4.247299954e-02 3.531778231e-02 2.783082426e-02 2.001205273e-02 1.186227147e-02
 3.323311452e-03-5.510926712e-03-1.454322040e-02-2.368107252e-02-3.283916414e-02
-4.194077849e-02-5.091843382e-02-5.971401185e-02-6.827839464e-02-7.657081634e-02
-8.455792069e-02-9.221270680e-02-9.951335192e-02-1.064420193e-01-1.129835844e-01
-1.191245392e-01-1.248517707e-01-1.301514804e-01-1.350081861e-01-1.394037157e-01
-1.433163136e-01-1.467197239e-01-1.495824307e-01-1.518669277e-01-1.535290331e-01
-1.545173228e-01-1.547728181e-01-1.542287022e-01-1.528104693e-01-1.504364312e-01
-1.470187604e-01-1.424652487e-01-1.366819292e-01-1.295769215e-01-1.210655123e-01
-1.110769436e-01-9.956278652e-02-8.650712669e-02-7.193824649e-02-5.594133586e-02
-3.867113590e-02-2.036304399e-02-1.340145012e-03 1.798750274e-02 3.697041050e-02
 5.557517707e-02 7.377537340e-02 9.154091775e-02 1.088327989e-01 1.255999207e-01
 1.417771727e-01 1.572847217e-01 1.720292121e-01 1.859075874e-01 1.988140643e-01
 7.197156549e-02 6.888028234e-02 6.365629286e-02 5.753773078e-02 5.107806623e-02
 4.428109527e-02 3.715126216e-02 2.969268523e-02 2.190750837e-02 1.379450131e-02
 5.346867722e-03-3.413244616e-03-1.238253526e-02-2.146521956e-02-3.057388775e-02
-3.963020444e-02-4.856526107e-02-5.731957778e-02-6.584266573e-02-7.409239560e-02
-8.203403652e-02-8.963920921e-02-9.688471258e-02-1.037512794e-01-1.102224216e-01
-1.162831634e-01-1.219189465e-01-1.271145046e-01-1.318527907e-01-1.361140907e-01
-1.398749948e-01-1.431076080e-01-1.457787603e-01-1.478492171e-01-1.492731869e-01
-1.499976814e-01-1.499623209e-01-1.490992010e-01-1.473331004e-01-1.445822418e-01
-1.407594830e-01-1.357743889e-01-1.295362115e-01-1.219579577e-01-1.129620522e-01
-1.024874002e-01-9.049819410e-02-7.699436694e-02-6.202349067e-02-4.569339007e-02
-2.818468772e-02-9.761872701e-03 9.218719788e-03 2.830530889e-02 4.711564630e-02
 6.565301120e-02 8.390645683e-02 1.018530279e-01 1.194560900e-01 1.366616338e-01
 1.533933431e-01 1.695477068e-01 1.849906445e-01 1.995591819e-01 2.130716294e-01
 7.403843105e-02 7.107407600e-02 6.593038887e-02 5.984881148e-02 5.339652300e-02
 4.659398273e-02 3.946021572e-02 3.200955689e-02 2.425073832e-02 1.618744619e-02
 7.819321938e-03-8.645412163e-04-9.761687368e-03-1.877641678e-02-2.782087401e-02
-3.681592271e-02-4.569160193e-02-5.438718945e-02-6.285083294e-02-7.103892416e-02
-7.891521603e-02-8.644971251e-02-9.361758828e-02-1.003979221e-01-1.067724824e-01
-1.127245873e-01-1.182378754e-01-1.232952550e-01-1.278778315e-01-1.319639385e-01
-1.355282366e-01-1.385408640e-01-1.409666389e-01-1.427644342e-01-1.438865811e-01
-1.442784667e-01-1.438783556e-01-1.426173747e-01-1.404200345e-01-1.372050941e-01
-1.328871697e-01-1.273789853e-01-1.205948740e-01-1.124553084e-01-1.028929055e-01
-9.185998887e-02-7.933773845e-02-6.534689665e-02-4.995945841e-02-3.331091255e-02
-1.561169792e-02 2.843569964e-03 2.167103440e-02 4.038965702e-02 5.899287388e-02
 7.747828215e-02 9.584159404e-02 1.140724048e-01 1.321491748e-01 1.500321627e-01
 1.676529199e-01 1.848991066e-01 2.015950829e-01 2.174840719e-01 2.322309464e-01
 7.692214847e-02 7.413807511e-02 6.895923615e-02 6.283679605e-02 5.629287288e-02
 4.939762503e-02 4.219666496e-02 3.471374512e-02 2.696008235e-02 1.893994398e-02
 1.065431163e-02 2.061099745e-03-6.744135637e-03-1.566841453e-02-2.462467737e-02
-3.353361413e-02-4.232452065e-02-5.093556270e-02-5.931353197e-02-6.741327047e-02
-7.519681752e-02-8.263240755e-02-8.969330043e-02-9.635663033e-02-1.026021689e-01
-1.084111482e-01-1.137650982e-01-1.186447665e-01-1.230290532e-01-1.268940866e-01
-1.302122325e-01-1.329514384e-01-1.350743473e-01-1.365377456e-01-1.372921616e-01
-1.372814327e-01-1.364427507e-01-1.347068995e-01-1.319989264e-01-1.282393634e-01
-1.233461499e-01-1.172374114e-01-1.098353118e-01-1.010710970e-01-9.089161456e-02
-7.926722616e-02-6.620126218e-02-5.174061283e-02-3.598706052e-02-1.910845749e-02
-1.348433900e-03 1.696697250e-02 3.530293331e-02 5.366134644e-02 7.204978168e-02
 9.048110247e-02 1.089720055e-01 1.275408566e-01 1.462043822e-01 1.649716944e-01
 1.838335693e-01 2.027412206e-01 2.215617597e-01 2.399806231e-01 2.573397458e-01
 8.113656193e-02 7.881584018e-02 7.332614064e-02 6.664052606e-02 5.971401185e-02
 5.257248133e-02 4.522409290e-02 3.766880557e-02 2.990249172e-02 2.191825584e-02
 1.370644569e-02 5.253334530e-03-3.419236280e-03-1.221538708e-02-2.104681171e-02
-2.983334288e-02-3.850335255e-02-4.699383676e-02-5.525016040e-02-6.322549284e-02
-7.088001817e-02-7.817994058e-02-8.509638160e-02-9.160421044e-02-9.768088162e-02
-1.033052281e-01-1.084563285e-01-1.131124571e-01-1.172500104e-01-1.208425835e-01
-1.238601282e-01-1.262681484e-01-1.280270517e-01-1.290916800e-01-1.294108629e-01
-1.289273798e-01-1.275780350e-01-1.252942234e-01-1.220029369e-01-1.176283434e-01
-1.120941117e-01-1.053267568e-01-9.725990891e-02-8.783994615e-02-7.703288645e-02
-6.483262032e-02-5.127035826e-02-3.642491624e-02-2.043314651e-02-3.499510931e-03
 1.409661304e-02 3.180614486e-02 4.963542521e-02 6.759849936e-02 8.571831882e-02
 1.040279567e-01 1.225720271e-01 1.414082497e-01 1.606093943e-01 1.802655607e-01
 2.004871964e-01 2.214098126e-01 2.432061583e-01 2.661404014e-01 2.902070284e-01
 8.585507423e-02 8.412915468e-02 7.798744738e-02 7.054889947e-02 6.317555159e-02
 5.577069521e-02 4.827873781e-02 4.066653177e-02 3.291143477e-02 2.499566227e-02
 1.690359414e-02 8.620338514e-03 1.207541936e-04-8.502167650e-03-1.716169529e-02
-2.577818930e-02-3.427974507e-02-4.260247201e-02-5.069037154e-02-5.849488452e-02
-6.597416848e-02-7.309219241e-02-7.981766015e-02-8.612290770e-02-9.198273718e-02
-9.737325460e-02-1.022708118e-01-1.066508666e-01-1.104870811e-01-1.137503311e-01
-1.164079681e-01-1.184231043e-01-1.197540089e-01-1.203538105e-01-1.201702207e-01
-1.191456690e-01-1.172177270e-01-1.143199354e-01-1.103831977e-01-1.053378657e-01
-9.911656380e-02-9.165802598e-02-8.291195333e-02-7.284505665e-02-6.144826859e-02
-4.874500632e-02-3.480029106e-02-1.973028295e-02-3.711282974e-03 1.301289722e-02
 2.991150692e-02 4.698961973e-02 6.426007301e-02 8.174531162e-02 9.947957098e-02
 1.175117642e-01 1.359091699e-01 1.547625363e-01 1.741932482e-01 1.943634301e-01
 2.154911458e-01 2.378733307e-01 2.619220614e-01 2.882169783e-01 3.163381517e-01
 8.885198087e-02 8.737856895e-02 8.111211658e-02 7.356826216e-02 6.607577950e-02
 5.858647078e-02 5.106263980e-02 4.347325489e-02 3.579326347e-02 2.800213173e-02
 2.008273639e-02 1.202127896e-02 3.754231613e-03-4.633856937e-03-1.305985451e-02
-2.144536376e-02-2.971845679e-02-3.781440482e-02-4.567580298e-02-5.325224623e-02
-6.049970537e-02-6.737969071e-02-7.385823876e-02-7.990486920e-02-8.549144864e-02
-9.059111029e-02-9.517714381e-02-9.922202677e-02-1.026964709e-01-1.055685803e-01
-1.078031138e-01-1.093609184e-01-1.101985127e-01-1.102678552e-01-1.095163971e-01
-1.078874245e-01-1.053208411e-01-1.017544121e-01-9.712561965e-02-9.137422591e-02
-8.444571495e-02-7.629567385e-02-6.689515710e-02-5.623709783e-02-4.434354603e-02
-3.127348796e-02-1.713084057e-02-2.072946634e-03 1.368233934e-02 2.965211123e-02
 4.583544284e-02 6.223770604e-02 7.887230814e-02 9.576281905e-02 1.129455715e-01
 1.304731816e-01 1.484191865e-01 1.668843776e-01 1.860058159e-01 2.059696019e-01
 2.270286977e-01 2.495271116e-01 2.739276886e-01 3.008300364e-01 3.296157420e-01
 9.038053453e-02 8.904581517e-02 8.310731500e-02 7.565907389e-02 6.823124737e-02
 6.081148237e-02 5.337776989e-02 4.590824246e-02 3.838247806e-02 3.078158200e-02
 2.308758348e-02 1.528221276e-02 7.344421931e-03-7.261318387e-04-8.842037059e-03
-1.692311652e-02-2.489624731e-02-3.269540891e-02-4.026158154e-02-4.754237458e-02
-5.449143425e-02-6.106764451e-02-6.723419577e-02-7.295757532e-02-7.820650190e-02
-8.295089751e-02-8.716088533e-02-9.080580622e-02-9.385339171e-02-9.626904130e-02
-9.801514447e-02-9.905072302e-02-9.933111817e-02-9.880807251e-02-9.742999077e-02
-9.514267743e-02-9.189049155e-02-8.761801571e-02-8.227249235e-02-7.580690086e-02
-6.818398088e-02-5.938114971e-02-4.939639568e-02-3.825495765e-02-2.601654269e-02
-1.278185938e-02 1.304157893e-03 1.604258642e-02 3.102698363e-02 4.624772817e-02
 6.169930845e-02 7.738171518e-02 9.330201894e-02 1.094762236e-01 1.259315163e-01
 1.427091807e-01 1.598682106e-01 1.774903089e-01 1.956866533e-01 2.146076411e-01
 2.344575673e-01 2.555193305e-01 2.782014310e-01 3.031434715e-01 3.291804492e-01
 9.122306854e-02 9.005499631e-02 8.418330550e-02 7.688412070e-02 6.961896271e-02
 6.237064302e-02 5.512257665e-02 4.785904661e-02 4.056522250e-02 3.322676942e-02
 2.582956478e-02 1.835967042e-02 1.080399100e-02 3.121335059e-03-4.607883748e-03
-1.230599545e-02-1.990040392e-02-2.732454054e-02-3.451812267e-02-4.142694920e-02
-4.800240323e-02-5.420074984e-02-5.998226628e-02-6.531033665e-02-7.015046477e-02
-7.446931303e-02-7.823377103e-02-8.141013235e-02-8.396332711e-02-8.585631102e-02
-8.704962581e-02-8.750113845e-02-8.716603369e-02-8.599711955e-02-8.394546062e-02
-8.096148819e-02-7.699657232e-02-7.200524956e-02-6.594809145e-02-5.879534408e-02
-5.053138360e-02-4.116000980e-02-3.071064129e-02-1.924553141e-02-6.868939381e-03
 6.260610186e-03 1.997002587e-02 3.395973518e-02 4.821071401e-02 6.270523369e-02
 7.742854208e-02 9.237003326e-02 1.075243205e-01 1.228924170e-01 1.384830624e-01
 1.543140709e-01 1.704139858e-01 1.868235320e-01 2.035970539e-01 2.208035290e-01
 2.385263145e-01 2.568603456e-01 2.759001255e-01 2.956741452e-01 3.151988983e-01
 9.110394865e-02 9.006467462e-02 8.431467414e-02 7.724440843e-02 7.022749633e-02
 6.323117018e-02 5.624187738e-02 4.925177991e-02 4.225362465e-02 3.523891419e-02
 2.819751389e-02 2.111761644e-02 1.398552395e-02 6.784545723e-03-4.707831831e-04
-7.700605318e-03-1.483154856e-02-2.179636247e-02-2.853370085e-02-3.498781845e-02
-4.110806808e-02-4.684827477e-02-5.216595903e-02-5.702150613e-02-6.137731671e-02
-6.519692391e-02-6.844422221e-02-7.108273357e-02-7.307500392e-02-7.438217849e-02
-7.496373355e-02-7.477749139e-02-7.377982885e-02-7.192637771e-02-6.917297840e-02
-6.547723711e-02-6.080055982e-02-5.511084571e-02-4.838583246e-02-4.061711952e-02
-3.181470558e-02-2.201194502e-02-1.127049513e-02 3.168145195e-04 1.262151357e-02
 2.527127787e-02 3.827636316e-02 5.158961192e-02 6.517402083e-02 7.899804413e-02
 9.303372353e-02 1.072562188e-01 1.216438040e-01 1.361781955e-01 1.508448422e-01
 1.656330377e-01 1.805355251e-01 1.955471337e-01 2.106618285e-01 2.258665115e-01
 2.411298752e-01 2.563810349e-01 2.714692056e-01 2.860812843e-01 2.995806932e-01
 8.961623162e-02 8.856042475e-02 8.335315436e-02 7.674908638e-02 7.008796185e-02
 6.339718401e-02 5.670660734e-02 5.003064498e-02 4.337329045e-02 3.673213720e-02
 3.010073863e-02 2.347006090e-02 1.682955772e-02 1.016825531e-02 3.461030545e-03
-3.219089005e-03-9.801857173e-03-1.622126624e-02-2.241603844e-02-2.832963690e-02
-3.390995786e-02-3.910883516e-02-4.388141632e-02-4.818546399e-02-5.198062211e-02
-5.522773042e-02-5.788815022e-02-5.992323905e-02-6.129394099e-02-6.196054071e-02
-6.188265234e-02-6.101952493e-02-5.933056399e-02-5.677634850e-02-5.332002789e-02
-4.892924801e-02-4.357863218e-02-3.725297004e-02-2.995099872e-02-2.168976702e-02
-1.250960864e-02-2.478607465e-03 8.297396824e-03 1.969154552e-02 3.147329390e-02
 4.361568391e-02 5.609131977e-02 6.886502355e-02 8.189898729e-02 9.515449405e-02
 1.085924730e-01 1.221737638e-01 1.358593404e-01 1.496104747e-01 1.633888334e-01
 1.771561652e-01 1.908734590e-01 2.044989765e-01 2.179846466e-01 2.312699854e-01
 2.442727089e-01 2.568750978e-01 2.689072192e-01 2.801323533e-01 2.902528048e-01
 8.825797588e-02 8.746699244e-02 8.233244717e-02 7.584441453e-02 6.935845315e-02
 6.289255619e-02 5.647712573e-02 5.012454838e-02 4.383678362e-02 3.760980070e-02
 3.143598884e-02 2.530558035e-02 1.920744032e-02 1.312932838e-02 7.057366893e-03
 1.011684304e-03-4.937970079e-03-1.072652079e-02-1.629320160e-02-2.158133127e-02
-2.653801627e-02-3.111375496e-02-3.526194766e-02-3.893835098e-02-4.210054129e-02
-4.470735416e-02-4.671845958e-02-4.809402674e-02-4.879450798e-02-4.878069460e-02
-4.801397026e-02-4.645688459e-02-4.407407716e-02-4.083358869e-02-3.670864552e-02
-3.167988360e-02-2.573801950e-02-1.888752356e-02-1.115072612e-02-2.571785590e-03
 6.775109097e-03 1.680442691e-02 2.729276940e-02 3.824119270e-02 4.960559681e-02
 6.134635583e-02 7.342427224e-02 8.579774946e-02 9.842213243e-02 1.112495586e-01
 1.242289245e-01 1.373059899e-01 1.504236609e-01 1.635223776e-01 1.765405834e-01
 1.894151568e-01 2.020814717e-01 2.144729346e-01 2.265193760e-01 2.381444275e-01
 2.492617220e-01 2.597704530e-01 2.695524693e-01 2.784731686e-01 2.863903642e-01
 8.677211404e-02 8.629187942e-02 8.108101785e-02 7.436338067e-02 6.787164509e-02
 6.156237423e-02 5.541120097e-02 4.940225929e-02 4.352189600e-02 3.775674850e-02
 3.209346160e-02 2.651896328e-02 2.102079056e-02 1.558740065e-02 1.020867378e-02
 4.867936485e-03-3.724667476e-04-5.451533012e-03-1.031074859e-02-1.489449665e-02
-1.915009692e-02-2.302763052e-02-2.647965215e-02-2.946084365e-02-3.192766011e-02
-3.383802250e-02-3.515107930e-02-3.582713753e-02-3.582770750e-02-3.511583060e-02
-3.365661204e-02-3.141815215e-02-2.837279439e-02-2.449876256e-02-1.978237741e-02
-1.422046870e-02-7.821417414e-03-6.106630899e-04 7.363401819e-03 1.604227349e-02
 2.523783222e-02 3.495912626e-02 4.517094046e-02 5.584333092e-02 6.694184989e-02
 7.842893898e-02 9.026349336e-02 1.023999453e-01 1.147873774e-01 1.273688078e-01
 1.400806606e-01 1.528526396e-01 1.656080335e-01 1.782645136e-01 1.907355487e-01
 2.029324025e-01 2.147663385e-01 2.261507511e-01 2.370028496e-01 2.472445220e-01
 2.568022907e-01 2.656068504e-01 2.735925913e-01 2.806986570e-01 2.868717313e-01
 8.354984224e-02 8.313582838e-02 7.806371897e-02 7.145497203e-02 6.513155252e-02
 5.907981843e-02 5.327194184e-02 4.768034816e-02 4.227938876e-02 3.704601154e-02
 3.195996210e-02 2.700380422e-02 2.216280438e-02 1.742464490e-02 1.277900673e-02
 8.216676302e-03 3.755912650e-03-5.441469839e-04-4.627054557e-03-8.438836783e-03
-1.192790549e-02-1.504494902e-02-1.774278469e-02-1.997618936e-02-2.170177363e-02
-2.287790179e-02-2.346473746e-02-2.342440188e-02-2.272135392e-02-2.132290602e-02
-1.920005493e-02-1.632881165e-02-1.269180235e-02-8.279450238e-03-3.094103886e-03
 2.842289861e-03 9.509515017e-03 1.686807349e-02 2.478516661e-02 3.327200189e-02
 4.230314866e-02 5.185892060e-02 6.191581115e-02 7.244769484e-02 8.342484385e-02
 9.481304139e-02 1.065726653e-01 1.186572686e-01 1.310121715e-01 1.435730010e-01
 1.562642604e-01 1.689986140e-01 1.816765964e-01 1.941878498e-01 2.064136565e-01
 2.182313353e-01 2.295199633e-01 2.401668131e-01 2.500735819e-01 2.591611147e-01
 2.673721910e-01 2.746717334e-01 2.810452282e-01 2.864954472e-01 2.910391986e-01
 7.879462838e-02 7.844747603e-02 7.324630022e-02 6.682484597e-02 6.081272662e-02
 5.516345799e-02 4.983494431e-02 4.478446394e-02 3.997327387e-02 3.536852077e-02
 3.094359487e-02 2.667769045e-02 2.255513892e-02 1.856475696e-02 1.469937153e-02
 1.095573604e-02 7.322738413e-03 3.852567868e-03 5.971342907e-04-2.392821480e-03
-5.068169441e-03-7.381536532e-03-9.287366644e-03-1.074196305e-02-1.170358714e-02
-1.213265024e-02-1.199205779e-02-1.124771405e-02-9.869197384e-03-7.830461487e-03
-5.110099912e-03-1.694025239e-03 2.420069883e-03 7.234155666e-03 1.274591871e-02
 1.882216148e-02 2.549389936e-02 3.276116028e-02 4.060414433e-02 4.901053756e-02
 5.796661228e-02 6.745797396e-02 7.746842504e-02 8.797919005e-02 9.896790236e-02
 1.104073375e-01 1.222637817e-01 1.344949752e-01 1.470476985e-01 1.598547846e-01
 1.728321910e-01 1.858759075e-01 1.988601238e-01 2.116369754e-01 2.240398526e-01
 2.358908355e-01 2.470127195e-01 2.572439611e-01 2.664534152e-01 2.745520771e-01
 2.814990878e-01 2.873018980e-01 2.920099497e-01 2.957039773e-01 2.984822094e-01
 7.154268026e-02 7.105845213e-02 6.619581580e-02 6.013260782e-02 5.462207645e-02
 4.958403111e-02 4.493383318e-02 4.059966654e-02 3.652545437e-02 3.266946599e-02
 2.900169417e-02 2.550134622e-02 2.215481736e-02 1.895419694e-02 1.589618437e-02
 1.298131328e-02 1.021314412e-02 7.605991792e-03 5.208514631e-03 3.068080638e-03
 1.230301335e-03-2.607360948e-04-1.362597221e-03-2.034679055e-03-2.238442190e-03
-1.937938156e-03-1.100448775e-03 3.025296028e-04 2.293717116e-03 4.887454212e-03
 8.100069128e-03 1.194351725e-02 1.635618508e-02 2.133733965e-02 2.689893171e-02
 3.303106502e-02 3.973313421e-02 4.700382799e-02 5.483927950e-02 6.323531270e-02
 7.218731195e-02 8.169008791e-02 9.173738956e-02 1.023212373e-01 1.134309396e-01
 1.250517070e-01 1.371626854e-01 1.497343183e-01 1.627246886e-01 1.760747582e-01
 1.897023618e-01 2.034947723e-01 2.173011452e-01 2.309258878e-01 2.441276461e-01
 2.566285431e-01 2.681383193e-01 2.783904970e-01 2.871788442e-01 2.943835557e-01
 2.999829054e-01 3.040514588e-01 3.067463040e-01 3.082795739e-01 3.088812530e-01
 6.155246496e-02 6.080521271e-02 5.622604862e-02 5.085049197e-02 4.624648392e-02
 4.218876362e-02 3.851730004e-02 3.513114527e-02 3.196780756e-02 2.898893692e-02
 2.617155202e-02 2.350287326e-02 2.097718790e-02 1.859401911e-02 1.635704190e-02
 1.427356340e-02 1.235439908e-02 1.061421447e-02 9.077527560e-03 7.787801791e-03
 6.784182973e-03 6.105716806e-03 5.789964925e-03 5.872571841e-03 6.387649104e-03
 7.366151549e-03 8.835680783e-03 1.081981137e-02 1.333715115e-02 1.634776406e-02
 1.987868361e-02 2.394289710e-02 2.854046412e-02 3.367372230e-02 3.934679925e-02
 4.556243122e-02 5.232408270e-02 5.963559076e-02 6.750097126e-02 7.592464983e-02
 8.491162211e-02 9.446743131e-02 1.045980752e-01 1.153096631e-01 1.266078055e-01
 1.384965926e-01 1.509770155e-01 1.640442908e-01 1.776839793e-01 1.918659508e-01
 2.065353096e-01 2.215991467e-01 2.369075567e-01 2.522280216e-01 2.672171891e-01
 2.814081311e-01 2.942517400e-01 3.052293658e-01 3.139677346e-01 3.202849329e-01
 3.241881132e-01 3.258686066e-01 3.256941736e-01 3.241600096e-01 3.217716813e-01
 4.709698260e-02 4.553116485e-02 4.183582217e-02 3.841115162e-02 3.563309088e-02
 3.313881531e-02 3.081206419e-02 2.860635333e-02 2.650311962e-02 2.449706383e-02
 2.258997597e-02 2.078782208e-02 1.909931190e-02 1.753523201e-02 1.610823162e-02
 1.483295206e-02 1.372642349e-02 1.280887704e-02 1.210510358e-02 1.164540462e-02
 1.144503616e-02 1.154031232e-02 1.196257118e-02 1.273794193e-02 1.389821898e-02
 1.546594035e-02 1.746138558e-02 1.990141347e-02 2.279811911e-02 2.615680918e-02
 2.998726070e-02 3.429878131e-02 3.909893334e-02 4.439499974e-02 5.019456148e-02
 5.650557578e-02 6.333677471e-02 7.069793344e-02 7.860006392e-02 8.705578744e-02
 9.607959539e-02 1.056882367e-01 1.159010082e-01 1.267400831e-01 1.382306814e-01
 1.504011303e-01 1.632825583e-01 1.769079119e-01 1.913098991e-01 2.065167427e-01
 2.225447446e-01 2.393845320e-01 2.569767237e-01 2.751663923e-01 2.936096489e-01
 3.115699887e-01 3.277032077e-01 3.406755328e-01 3.498848081e-01 3.551786840e-01
 3.566173911e-01 3.544766903e-01 3.494289815e-01 3.427926302e-01 3.359557390e-01
 2.733186074e-02 2.342644706e-02 2.360039018e-02 2.418093383e-02 2.395856939e-02
 2.333721146e-02 2.249721996e-02 2.153666317e-02 2.051849663e-02 1.948808692e-02
 1.848083548e-02 1.752597652e-02 1.664877683e-02 1.587196067e-02 1.521674357e-02
 1.470368076e-02 1.435333863e-02 1.418685820e-02 1.422625314e-02 1.449412201e-02
 1.501228660e-02 1.580441557e-02 1.689384878e-02 1.830280758e-02 2.005267330e-02
 2.216249891e-02 2.464915998e-02 2.752729319e-02 3.080930747e-02 3.450577334e-02
 3.862692416e-02 4.318276793e-02 4.818320274e-02 5.363838375e-02 5.955912918e-02
 6.595724821e-02 7.284590602e-02 8.024001122e-02 8.815662563e-02 9.661544859e-02
 1.056394055e-01 1.152553260e-01 1.254948378e-01 1.363954395e-01 1.480017602e-01
 1.603672802e-01 1.735560596e-01 1.876452714e-01 2.027274072e-01 2.189127058e-01
 2.363306880e-01 2.551296353e-01 2.754727900e-01 2.975330651e-01 3.215020299e-01
 3.477173448e-01 3.711665869e-01 3.871712089e-01 3.968915343e-01 4.009343684e-01
 3.987815380e-01 3.909126520e-01 3.765573204e-01 3.603143990e-01 3.479268253e-01
 1.361212973e-02 8.948119357e-03 1.000105403e-02 1.211134903e-02 1.341508701e-02
 1.414371189e-02 1.447917707e-02 1.455518790e-02 1.447003614e-02 1.429759338e-02
 1.409487147e-02 1.390705816e-02 1.377097890e-02 1.371754333e-02 1.377353724e-02
 1.396294963e-02 1.430793758e-02 1.482950896e-02 1.554792374e-02 1.648285985e-02
 1.765341684e-02 1.907831430e-02 2.077562734e-02 2.276254818e-02 2.505521104e-02
 2.766846679e-02 3.061582707e-02 3.390955180e-02 3.756083548e-02 4.158014804e-02
 4.597771913e-02 5.076393113e-02 5.594964325e-02 6.154656038e-02 6.756757200e-02
 7.402713597e-02 8.094160259e-02 8.832970262e-02 9.621293098e-02 1.046162173e-01
 1.135685667e-01 1.231041253e-01 1.332633495e-01 1.440946907e-01 1.556569189e-01
 1.680220664e-01 1.812796742e-01 1.955424398e-01 2.109542489e-01 2.277011126e-01
 2.460260689e-01 2.662481964e-01 2.887836397e-01 3.141634762e-01 3.430436552e-01
 3.739089668e-01 3.974729776e-01 4.135454297e-01 4.225434363e-01 4.241644740e-01
 4.186253548e-01 4.048590064e-01 3.842460215e-01 3.664701879e-01 3.521440625e-01
 4.281084985e-03-7.584773703e-04 4.973743344e-04 3.013168229e-03 4.911712371e-03
 6.315874867e-03 7.344636600e-03 8.106219582e-03 8.692498319e-03 9.178661741e-03
 9.625229053e-03 1.008079201e-02 1.058471855e-02 1.116948761e-02 1.186255552e-02
 1.268777158e-02 1.366639417e-02 1.481778361e-02 1.615983807e-02 1.770924963e-02
 1.948163100e-02 2.149161696e-02 2.375284210e-02 2.627795003e-02 2.907858044e-02
 3.216541186e-02 3.554825112e-02 3.923622519e-02 4.323803261e-02 4.756226391e-02
 5.221781135e-02 5.721423775e-02 6.256216019e-02 6.827361882e-02 7.436241210e-02
 8.084440976e-02 8.773787320e-02 9.506379068e-02 1.028462723e-01 1.111130565e-01
 1.198962256e-01 1.292330623e-01 1.391674131e-01 1.497514397e-01 1.610480398e-01
 1.731343418e-01 1.861065328e-01 2.000868917e-01 2.152344137e-01 2.317607403e-01
 2.499559075e-01 2.702301741e-01 2.931815684e-01 3.196802735e-01 3.506467938e-01
 3.779873252e-01 3.985600471e-01 4.124021232e-01 4.193118215e-01 4.192523956e-01
 4.110090733e-01 3.939158320e-01 3.754474223e-01 3.600109816e-01 3.470187485e-01
-1.682503498e-03-6.976179779e-03-6.142088212e-03-3.674117848e-03-1.685784664e-03
-9.158323519e-05 1.209271140e-03 2.310541924e-03 3.292531008e-03 4.220585339e-03
 5.146511830e-03 6.111188326e-03 7.147304248e-03 8.281708695e-03 9.537176229e-03
 1.093361340e-02 1.248880848e-02 1.421884261e-02 1.613828726e-02 1.826029457e-02
 2.059664018e-02 2.315776423e-02 2.595284767e-02 2.898988687e-02 3.227584437e-02
 3.581679612e-02 3.961816058e-02 4.368498176e-02 4.802225158e-02 5.263532698e-02
 5.753037706e-02 6.271484494e-02 6.819789857e-02 7.399078459e-02 8.010719717e-02
 8.656344563e-02 9.337867051e-02 1.005749255e-01 1.081773415e-01 1.162143350e-01
 1.247180030e-01 1.337246895e-01 1.432758570e-01 1.534193605e-01 1.642111689e-01
 1.757177263e-01 1.880192757e-01 2.012143135e-01 2.154260874e-01 2.308121473e-01
 2.475791425e-01 2.660086155e-01 2.865086794e-01 3.097694814e-01 3.345941603e-01
 3.554158211e-01 3.713711500e-01 3.821725845e-01 3.877132833e-01 3.871575296e-01
 3.802122176e-01 3.676142097e-01 3.555310667e-01 3.445066214e-01 3.345805705e-01
-5.470375530e-03-1.111783460e-02-1.048305910e-02-8.377103135e-03-6.712231785e-03
-5.339776166e-03-4.132706206e-03-2.993630245e-03-1.853883499e-03-6.672005984e-04
 5.974428495e-04 1.961816568e-03 3.442718647e-03 5.054660141e-03 6.811275147e-03
 8.725826629e-03 1.081114449e-02 1.307929587e-02 1.554116607e-02 1.820613258e-02
 2.108186670e-02 2.417428792e-02 2.748767659e-02 3.102485463e-02 3.478743136e-02
 3.877607733e-02 4.299081862e-02 4.743138701e-02 5.209764838e-02 5.699013919e-02
 6.211070716e-02 6.746314466e-02 7.305385172e-02 7.889231294e-02 8.499142528e-02
 9.136759490e-02 9.804055840e-02 1.050331742e-01 1.123709902e-01 1.200820282e-01
 1.281965524e-01 1.367471218e-01 1.457687467e-01 1.552992910e-01 1.653799862e-01
 1.760560274e-01 1.873769611e-01 1.993967742e-01 2.121729702e-01 2.257631570e-01
 2.402163148e-01 2.555509806e-01 2.717022002e-01 2.884020507e-01 3.048452735e-01
 3.193615675e-01 3.310325146e-01 3.393910825e-01 3.441368043e-01 3.451159298e-01
 3.424555659e-01 3.373683691e-01 3.311910033e-01 3.246131539e-01 3.180464506e-01
-6.361804437e-03-1.236547064e-02-1.247651689e-02-1.134027168e-02-1.059444528e-02
-9.930175729e-03-9.169604629e-03-8.229886182e-03-7.085217163e-03-5.737926811e-03
-4.200541414e-03-2.485897159e-03-6.023909664e-04 1.447557355e-03 3.667069599e-03
 6.063302979e-03 8.645540103e-03 1.142334566e-02 1.440507919e-02 1.759690791e-02
 2.100234292e-02 2.462225035e-02 2.845515497e-02 3.249771893e-02 3.674519807e-02
 4.119178653e-02 4.583091289e-02 5.065551028e-02 5.565845594e-02 6.083326787e-02
 6.617508829e-02 7.168185711e-02 7.735548913e-02 8.320272714e-02 8.923559636e-02
 9.547129273e-02 1.019314528e-01 1.086411700e-01 1.156277284e-01 1.229194775e-01
 1.305449307e-01 1.385321617e-01 1.469083875e-01 1.556996405e-01 1.649304181e-01
 1.746227145e-01 1.847947538e-01 1.954580247e-01 2.066127360e-01 2.182395756e-01
 2.302861363e-01 2.426452041e-01 2.551225722e-01 2.673988044e-01 2.790125608e-01
 2.894244492e-01 2.981499732e-01 3.048429191e-01 3.093159497e-01 3.115563095e-01
 3.117532134e-01 3.102875948e-01 3.076236546e-01 3.041836619e-01 3.002969325e-01
-2.863324014e-03-8.784555830e-03-1.147578005e-02-1.306394860e-02-1.431724895e-02
-1.492908597e-02-1.483635884e-02-1.413052343e-02-1.293312758e-02-1.135408878e-02
-9.480384178e-03-7.373335306e-03-5.069725681e-03-2.585589653e-03 7.834557618e-05
 2.930752700e-03 5.984324031e-03 9.251489304e-03 1.274143625e-02 1.645844616e-02
 2.040147968e-02 2.456477657e-02 2.893912233e-02 3.351319209e-02 3.827458248e-02
 4.321017489e-02 4.830598831e-02 5.354680866e-02 5.891613662e-02 6.439691782e-02
 6.997328252e-02 7.563310862e-02 8.137060702e-02 8.718843013e-02 9.309851378e-02
 9.912167490e-02 1.052857339e-01 1.116227731e-01 1.181660816e-01 1.249475628e-01
 1.319959909e-01 1.393360496e-01 1.469880044e-01 1.549671888e-01 1.632835418e-01
 1.719405353e-01 1.809332669e-01 1.902456582e-01 1.998461485e-01 2.096816301e-01
 2.196697146e-01 2.296895385e-01 2.395736128e-01 2.491052598e-01 2.580285370e-01
 2.660745382e-01 2.729981244e-01 2.786122561e-01 2.828116417e-01 2.855850756e-01
 2.870155871e-01 2.872645855e-01 2.865405679e-01 2.850631475e-01 2.830355167e-01
 1.452246215e-03-4.682914354e-03-1.044100616e-02-1.599367708e-02-2.097816020e-02
-2.259336784e-02-2.264089137e-02-2.165392227e-02-1.996905170e-02-1.782296784e-02
-1.538046170e-02-1.274380740e-02-9.961103089e-03-7.039259188e-03-3.959519789e-03
-6.915047416e-04 2.796285553e-03 6.529452279e-03 1.052340958e-02 1.478136517e-02
 1.929465495e-02 2.404544875e-02 2.901109494e-02 3.416834772e-02 3.949590400e-02
 4.497443140e-02 5.058458075e-02 5.630389601e-02 6.210421398e-02 6.795137376e-02
 7.380875945e-02 7.964403182e-02 8.543629944e-02 9.118106216e-02 9.689239413e-02
 1.026020721e-01 1.083552912e-01 1.142031401e-01 1.201945096e-01 1.263706386e-01
 1.327630877e-01 1.393940002e-01 1.462771446e-01 1.534185708e-01 1.608169079e-01
 1.684627980e-01 1.763377041e-01 1.844120771e-01 1.926427931e-01 2.009702921e-01
 2.093154788e-01 2.175774276e-01 2.256330997e-01 2.333402783e-01 2.405455112e-01
 2.470964044e-01 2.528568208e-01 2.577216029e-01 2.616279125e-01 2.645613551e-01
 2.665552497e-01 2.676841319e-01 2.680514753e-01 2.677758038e-01 2.669778168e-01
 3.785241628e-03-3.133270657e-03-1.065538358e-02-1.917259768e-02-2.857567556e-02
-3.377296776e-02-3.384143114e-02-3.138919175e-02-2.836265042e-02-2.504865080e-02
-2.167261019e-02-1.834891737e-02-1.508075558e-02-1.180150267e-02-8.419506252e-03
-4.846014548e-03-1.007788233e-03 3.147653770e-03 7.648422383e-03 1.249490026e-02
 1.765942387e-02 2.309367433e-02 2.874380164e-02 3.456511348e-02 4.052827135e-02
 4.661656544e-02 5.281801522e-02 5.911465734e-02 6.547004730e-02 7.181957364e-02
 7.807682455e-02 8.416042477e-02 9.001762420e-02 9.563076496e-02 1.010186002e-01
 1.062396169e-01 1.113878340e-01 1.165676340e-01 1.218632907e-01 1.273292154e-01
 1.329959333e-01 1.388779432e-01 1.449790299e-01 1.512949020e-01 1.578142941e-01
 1.645189077e-01 1.713828593e-01 1.783716232e-01 1.854409873e-01 1.925357729e-01
 1.995892525e-01 2.065231353e-01 2.132490128e-01 2.196712196e-01 2.256918848e-01
 2.312171906e-01 2.361646742e-01 2.404700369e-01 2.440924495e-01 2.470174283e-01
 2.492569685e-01 2.508465052e-01 2.518401146e-01 2.523039877e-01 2.523103952e-01
 6.624762435e-03-4.726873594e-04-8.466025814e-03-1.782598719e-02-2.892265096e-02
-3.726353869e-02-4.154210538e-02-4.158948734e-02-3.738645092e-02-3.201936558e-02
-2.732539922e-02-2.339487150e-02-1.995346136e-02-1.667843573e-02-1.331556216e-02
-9.688275866e-03-5.672778003e-03-1.180617721e-03 3.842990845e-03 9.403391741e-03
 1.542847883e-02 2.176946402e-02 2.827514149e-02 3.486144543e-02 4.150918871e-02
 4.823606461e-02 5.507520214e-02 6.205934286e-02 6.919737905e-02 7.639817894e-02
 8.336522430e-02 8.986636996e-02 9.583016485e-02 1.012336537e-01 1.060774922e-01
 1.104244217e-01 1.145363897e-01 1.187448278e-01 1.231698319e-01 1.278350502e-01
 1.327381283e-01 1.378681213e-01 1.432102025e-01 1.487465352e-01 1.544561237e-01
 1.603139490e-01 1.662902236e-01 1.723495871e-01 1.784505248e-01 1.845450550e-01
 1.905787736e-01 1.964915246e-01 2.022187412e-01 2.076936364e-01 2.128501534e-01
 2.176264226e-01 2.219685018e-01 2.258337736e-01 2.291935384e-01 2.320345491e-01
 2.343591899e-01 2.361841947e-01 2.375384271e-01 2.384597957e-01 2.389920652e-01
 1.080828905e-02 4.336023703e-03-2.780877054e-03-1.065630931e-02-1.928935945e-02
-2.846686915e-02-3.652991354e-02-4.056430608e-02-4.010884091e-02-3.478248790e-02
-2.959920838e-02-2.640246600e-02-2.411773242e-02-2.172539383e-02-1.895115711e-02
-1.566340774e-02-1.175332628e-02-7.106608246e-03-1.592301996e-03 4.932317883e-03
 1.251749787e-02 2.042832598e-02 2.804543637e-02 3.541434929e-02 4.265295714e-02
 4.988161102e-02 5.722106621e-02 6.480383873e-02 7.279825211e-02 8.142988384e-02
 8.943374455e-02 9.641406685e-02 1.025126874e-01 1.076606363e-01 1.118240431e-01
 1.148559004e-01 1.172361523e-01 1.202975810e-01 1.238329262e-01 1.277301759e-01
 1.319211274e-01 1.363597661e-01 1.410115063e-01 1.458470523e-01 1.508384198e-01
 1.559567899e-01 1.611710340e-01 1.664470136e-01 1.717471182e-01 1.770302653e-01
 1.822521091e-01 1.873657256e-01 1.923226416e-01 1.970742345e-01 2.015735805e-01
 2.057773322e-01 2.096477896e-01 2.131546438e-01 2.162764817e-01 2.190014273e-01
 2.213274986e-01 2.232618332e-01 2.248198092e-01 2.260233760e-01 2.268993258e-01
 1.609858312e-02 1.070115436e-02 4.923641682e-03-1.234032214e-03-7.688132580e-03
-1.426396985e-02-2.071025595e-02-2.672351524e-02-3.005286306e-02-2.768223360e-02
-2.483560145e-02-2.408203669e-02-2.413859591e-02-2.309113182e-02-2.117746882e-02
-1.845890656e-02-1.488906052e-02-1.036489103e-02-4.710580688e-03 2.405015286e-03
 1.159220189e-02 2.094407938e-02 2.920933068e-02 3.689014912e-02 4.428501055e-02
 5.159771070e-02 5.899679661e-02 6.665173918e-02 7.476400584e-02 8.354623616e-02
 9.168019891e-02 9.868944436e-02 1.046997756e-01 1.096698865e-01 1.135234535e-01
 1.160843298e-01 1.179331467e-01 1.204525754e-01 1.234567538e-01 1.268169731e-01
 1.304558963e-01 1.343256831e-01 1.383926570e-01 1.426284611e-01 1.470056474e-01
 1.514958888e-01 1.560692042e-01 1.606938839e-01 1.653363556e-01 1.699614525e-01
 1.745325923e-01 1.790123880e-01 1.833632886e-01 1.875485480e-01 1.915332079e-01
 1.952853501e-01 1.987771243e-01 2.019858062e-01 2.048945427e-01 2.074928135e-01
 2.097765803e-01 2.117480040e-01 2.134148628e-01 2.147897929e-01 2.158892453e-01
 0.221577048E+01 0.224127698E+01 0.225554132E+01 0.227098489E+01 0.229134846E+01
 0.230579329E+01 0.231894088E+01 0.233295274E+01 0.234562325E+01 0.235886073E+01
 0.237185931E+01 0.238462687E+01 0.239753914E+01 0.241027713E+01 0.242311478E+01
 0.243617821E+01 0.244942331E+01 0.246256447E+01 0.247623730E+01 0.249031806E+01
 0.250452614E+01 0.251936293E+01 0.253456187E+01 0.255039501E+01 0.256658244E+01
 0.258365536E+01 0.260137963E+01 0.261995173E+01 0.263912845E+01 0.265927100E+01
 0.268047905E+01 0.270279026E+01 0.272612548E+01 0.275053978E+01 0.277642727E+01
 0.280372381E+01 0.283252931E+01 0.286292315E+01 0.289509559E+01 0.292920804E+01
 0.296547651E+01 0.300396895E+01 0.304491282E+01 0.308859277E+01 0.313525033E+01
 0.318522000E+01 0.323888707E+01 0.329656458E+01 0.335894561E+01 0.342638302E+01
 0.349991465E+01 0.357990789E+01 0.366798639E+01 0.376487899E+01 0.387287855E+01
 0.399352574E+01 0.413065529E+01 0.428788948E+01 0.447176600E+01 0.469102430E+01
 0.496215916E+01 0.531693792E+01 0.581785250E+01 0.669266510E+01 0.125680170E+02
   90   86
 0.107133913E+01-0.100000001E+00 0.106962073E+01 0.000000000E+00 0.107434332E+01
 0.100000001E+00 0.107971334E+01 0.154421255E+00 0.109291971E+01 0.250000000E+00
 0.110562503E+01 0.319192380E+00 0.112192523E+01 0.400000006E+00 0.113320529E+01
 0.451762944E+00 0.115517843E+01 0.550000012E+00 0.116674161E+01 0.600000024E+00
 0.118531251E+01 0.677832544E+00 0.120390415E+01 0.750000000E+00 0.121743739E+01
 0.800000012E+00 0.123843753E+01 0.871323109E+00 0.126499999E+01 0.937609613E+00
 0.129156256E+01 0.977671027E+00 0.133107781E+01 0.999328017E+00 0.137125003E+01
 0.100533891E+01 0.141507816E+01 0.100015891E+01 0.145093751E+01 0.993342876E+00
 0.150406253E+01 0.977515757E+00 0.155718756E+01 0.955523610E+00 0.158375001E+01
 0.943129063E+00 0.163687503E+01 0.915790796E+00 0.166447127E+01 0.898913026E+00
 0.171656251E+01 0.866256118E+00 0.174312496E+01 0.847070038E+00 0.179624999E+01
 0.807228327E+00 0.182281256E+01 0.785557270E+00 0.186301470E+01 0.750000000E+00
 0.190250003E+01 0.713667095E+00 0.192906249E+01 0.687080503E+00 0.196384120E+01
 0.649999976E+00 0.200702381E+01 0.600000024E+00 0.203531241E+01 0.564632773E+00
 0.206187510E+01 0.528179944E+00 0.208843756E+01 0.488357574E+00 0.211500001E+01
 0.444659293E+00 0.214156246E+01 0.396400541E+00 0.216812491E+01 0.342640907E+00
 0.219468760E+01 0.281784892E+00 0.222125006E+01 0.210442171E+00 0.223934054E+01
 0.150000006E+00 0.225075841E+01 0.100000001E+00 0.226215458E+01 0.000000000E+00
 0.225789094E+01-0.100000001E+00 0.224781251E+01-0.160605371E+00 0.222560573E+01
-0.250000000E+00 0.220953560E+01-0.300000012E+00 0.219139600E+01-0.349999994E+00
 0.216812491E+01-0.407808453E+00 0.214156246E+01-0.465584576E+00 0.211500001E+01
-0.516706109E+00 0.208843756E+01-0.562472880E+00 0.206187510E+01-0.603918016E+00
 0.202919888E+01-0.649999976E+00 0.199080682E+01-0.699999988E+00 0.195562506E+01
-0.742467940E+00 0.192906249E+01-0.773088396E+00 0.190149975E+01-0.802927732E+00
 0.185596311E+01-0.850000024E+00 0.182281256E+01-0.882946432E+00 0.179624999E+01
-0.907551825E+00 0.174780214E+01-0.949190140E+00 0.171656251E+01-0.975362837E+00
 0.168285227E+01-0.100000000E+01 0.163687503E+01-0.103305948E+01 0.160730577E+01
-0.105133080E+01 0.155718756E+01-0.108161449E+01 0.152038062E+01-0.110000002E+01
 0.147749996E+01-0.112212157E+01 0.142437506E+01-0.114418781E+01 0.139781249E+01
-0.115441513E+01 0.134468746E+01-0.117361605E+01 0.129156256E+01-0.118720388E+01
 0.123843753E+01-0.119393420E+01 0.116220093E+01-0.118301022E+01 0.117306590E+01
-0.110000002E+01 0.117750537E+01-0.100000000E+01 0.117398453E+01-0.899999976E+00
 0.116485214E+01-0.800000012E+00 0.115739059E+01-0.739659727E+00 0.114449692E+01
-0.649999976E+00 0.113239515E+01-0.572442293E+00 0.112085319E+01-0.500000000E+00
 0.110650313E+01-0.409305453E+00 0.109736252E+01-0.349999994E+00 0.108388019E+01
-0.250000000E+00 0.107806098E+01-0.193107843E+00 0.107133913E+01-0.100000001E+00
 0.101600003E+01 0.000000000E+00 0.101600003E+01 0.963999987E+00 0.101600003E+01
 0.967999995E+00 0.101600003E+01 0.100100005E+01 0.101600003E+01 0.101900005E+01
 0.101600003E+01 0.107700002E+01 0.101600003E+01 0.107000005E+01 0.101600003E+01
 0.109599996E+01 0.101600003E+01 0.111300004E+01 0.101600003E+01 0.113800001E+01
 0.101600003E+01 0.114699996E+01 0.101199996E+01 0.116499996E+01 0.100100005E+01
 0.121700001E+01 0.102900004E+01 0.121700001E+01 0.104200006E+01 0.116240001E+01
 0.104600000E+01 0.116237998E+01 0.105599999E+01 0.116260004E+01 0.109700000E+01
 0.116450000E+01 0.110800004E+01 0.116594005E+01 0.111600006E+01 0.116591001E+01
 0.113399994E+01 0.116895998E+01 0.114800000E+01 0.117174995E+01 0.116199994E+01
 0.117556000E+01 0.118099999E+01 0.118299997E+01 0.118200004E+01 0.118350005E+01
 0.118499994E+01 0.118499994E+01 0.119000006E+01 0.118799996E+01 0.119500005E+01
 0.119099998E+01 0.120099998E+01 0.119599998E+01 0.120899999E+01 0.120200002E+01
 0.121500003E+01 0.120799994E+01 0.122200000E+01 0.121399999E+01 0.122800004E+01
 0.122099996E+01 0.123399997E+01 0.123099995E+01 0.123899996E+01 0.123800004E+01
 0.124199998E+01 0.124399996E+01 0.124800003E+01 0.125399995E+01 0.125800002E+01
 0.127800000E+01 0.126300001E+01 0.128999996E+01 0.127999997E+01 0.133099997E+01
 0.127999997E+01 0.134700000E+01 0.127999997E+01 0.134800005E+01 0.130999994E+01
 0.134800005E+01 0.132799995E+01 0.134800005E+01 0.136099994E+01 0.134800005E+01
 0.138000000E+01 0.134800005E+01 0.141900003E+01 0.134800005E+01 0.141900003E+01
 0.130999994E+01 0.137199998E+01 0.130999994E+01 0.137199998E+01 0.129200006E+01
 0.160800004E+01 0.109500003E+01 0.164699996E+01 0.107700002E+01 0.178499997E+01
 0.107700002E+01 0.206999993E+01 0.103999996E+01 0.212800002E+01 0.992999971E+00
 0.224499989E+01 0.708999991E+00 0.232299995E+01 0.518999994E+00 0.237700009E+01
 0.388999999E+00 0.236249995E+01 0.400000006E+00 0.236443496E+01 0.222000003E+00
 0.236496902E+01 0.133000001E+00 0.236532402E+01 0.439999998E-01 0.236512089E+01
-0.439999998E-01 0.236484194E+01-0.133000001E+00 0.236433411E+01-0.222000003E+00
 0.236249995E+01-0.400000006E+00 0.237700009E+01-0.388999999E+00 0.213400006E+01
-0.972999990E+00 0.178600001E+01-0.117400002E+01 0.176800001E+01-0.121099997E+01
 0.176800001E+01-0.125000000E+01 0.168200004E+01-0.125000000E+01 0.137199998E+01
-0.125000000E+01 0.137199998E+01-0.132900000E+01 0.141999996E+01-0.132900000E+01
 0.141999996E+01-0.136300004E+01 0.127300000E+01-0.136300004E+01 0.115300000E+01
-0.136300004E+01 0.101600003E+01-0.122300005E+01 0.101600003E+01-0.122300005E+01
 0.101600003E+01-0.829999983E+00 0.101600003E+01-0.800000012E+00 0.101600003E+01
-0.414999992E+00 0.101600003E+01-0.400000006E+00 0.101600003E+01-0.100000005E-02
 0.101600003E+01 0.000000000E+00
    0 0.169550002E+01    0
 0.000000000E+00 0.105411746E+00 0.149550200E+00 0.183579355E+00 0.211013854E+00
 0.236704707E+00 0.259942681E+00 0.281468868E+00 0.301546425E+00 0.320498675E+00
 0.338481486E+00 0.355624557E+00 0.372132272E+00 0.387952507E+00 0.403269023E+00
 0.418133736E+00 0.432510763E+00 0.446516216E+00 0.460202694E+00 0.473560870E+00
 0.486591339E+00 0.499362797E+00 0.511939347E+00 0.524264574E+00 0.536367893E+00
 0.548273444E+00 0.560035825E+00 0.571645319E+00 0.583075643E+00 0.594371736E+00
 0.605560362E+00 0.616639256E+00 0.627592802E+00 0.638479710E+00 0.649259806E+00
 0.659984112E+00 0.670638204E+00 0.681227803E+00 0.691769660E+00 0.702286005E+00
 0.712772191E+00 0.723229170E+00 0.733673394E+00 0.744113803E+00 0.754566908E+00
 0.765032530E+00 0.775539577E+00 0.786066651E+00 0.796659410E+00 0.807296813E+00
 0.818039834E+00 0.828849733E+00 0.839801848E+00 0.850862563E+00 0.862100422E+00
 0.873499990E+00 0.885140359E+00 0.897035897E+00 0.909259379E+00 0.921851635E+00
 0.934926271E+00 0.948685050E+00 0.963290334E+00 0.979458094E+00 0.100000000E+01
    0
