  EFITD    06/25/2013    #1553463000.0ms  EFIT01   0  65  65
 0.170000005E+01 0.320000005E+01 0.169550002E+01 0.839999974E+00 0.000000000E+00
 0.182612038E+01-0.221232027E-01-0.162894905E+00 0.122835273E-01 0.165837967E+01
 0.102050688E+07-0.162894905E+00 0.000000000E+00 0.182612038E+01 0.000000000E+00
-0.221232027E-01 0.000000000E+00 0.122835273E-01 0.000000000E+00 0.000000000E+00
 0.275161052E+01 0.275478339E+01 0.275783563E+01 0.276076984E+01 0.276358843E+01
 0.276629424E+01 0.276888990E+01 0.277137780E+01 0.277376032E+01 0.277604008E+01
 0.277821994E+01 0.278030205E+01 0.278228855E+01 0.278418255E+01 0.278598619E+01
 0.278770161E+01 0.278933144E+01 0.279087830E+01 0.279234433E+01 0.279373169E+01
 0.279504299E+01 0.279628038E+01 0.279744625E+01 0.279854321E+01 0.279957294E+01
 0.280053854E+01 0.280144167E+01 0.280228472E+01 0.280307007E+01 0.280379987E+01
 0.280447674E+01 0.280510259E+01 0.280567956E+01 0.280621028E+01 0.280669665E+01
 0.280714130E+01 0.280754614E+01 0.280791354E+01 0.280824566E+01 0.280854464E+01
 0.280881310E+01 0.280905271E+01 0.280926609E+01 0.280945516E+01 0.280962276E+01
 0.280977011E+01 0.280990052E+01 0.281001544E+01 0.281011724E+01 0.281020832E+01
 0.281029081E+01 0.281036687E+01 0.281043887E+01 0.281050873E+01 0.281057906E+01
 0.281065178E+01 0.281072927E+01 0.281081343E+01 0.281090689E+01 0.281101155E+01
 0.281112981E+01 0.281126404E+01 0.281141591E+01 0.281158805E+01 0.281178260E+01
 0.109648656E+06 0.106493930E+06 0.103384969E+06 0.100321773E+06 0.973043359E+05
 0.943326562E+05 0.914067500E+05 0.885265938E+05 0.856921953E+05 0.829035625E+05
 0.801606875E+05 0.774635781E+05 0.748122188E+05 0.722066250E+05 0.696468047E+05
 0.671327266E+05 0.646644180E+05 0.622418672E+05 0.598650820E+05 0.575340508E+05
 0.552487812E+05 0.530092773E+05 0.508155312E+05 0.486675469E+05 0.465653203E+05
 0.445088555E+05 0.424981484E+05 0.405332070E+05 0.386140234E+05 0.367406016E+05
 0.349129375E+05 0.331310391E+05 0.313948984E+05 0.297045195E+05 0.280598984E+05
 0.264610410E+05 0.249079414E+05 0.234006055E+05 0.219390273E+05 0.205232129E+05
 0.191531562E+05 0.178288613E+05 0.165503281E+05 0.153175527E+05 0.141305400E+05
 0.129892871E+05 0.118937949E+05 0.108440635E+05 0.984009180E+04 0.888188281E+04
 0.796943213E+04 0.710274316E+04 0.628181494E+04 0.550664697E+04 0.477723975E+04
 0.409359326E+04 0.345570703E+04 0.286358154E+04 0.231721655E+04 0.181661243E+04
 0.136176868E+04 0.952685608E+03 0.589363098E+03 0.271801270E+03 0.000000000E+00
 0.325285149E+01 0.313367462E+01 0.301677275E+01 0.290214586E+01 0.278979397E+01
 0.267971706E+01 0.257191539E+01 0.246638870E+01 0.236313701E+01 0.226216006E+01
 0.216345835E+01 0.206703162E+01 0.197287977E+01 0.188100314E+01 0.179140139E+01
 0.170407474E+01 0.161902297E+01 0.153624630E+01 0.145574474E+01 0.137751806E+01
 0.130156636E+01 0.122788978E+01 0.115648818E+01 0.108736157E+01 0.102050996E+01
 0.955933452E+00 0.893631816E+00 0.833605289E+00 0.775853753E+00 0.720377147E+00
 0.667175651E+00 0.616249144E+00 0.567597628E+00 0.521221161E+00 0.477119684E+00
 0.435293198E+00 0.395741761E+00 0.358465314E+00 0.323463857E+00 0.290737450E+00
 0.260286033E+00 0.232109651E+00 0.206208259E+00 0.182581887E+00 0.161230519E+00
 0.142154157E+00 0.125352830E+00 0.110826500E+00 0.985751823E-01 0.885988772E-01
 0.808975771E-01 0.754712969E-01 0.723200291E-01 0.714437664E-01 0.728425235E-01
 0.765162855E-01 0.824650601E-01 0.906888545E-01 0.101187654E+00 0.113961466E+00
 0.129010290E+00 0.146334112E+00 0.165932968E+00 0.187806830E+00 0.211955681E+00
-0.116127838E+07-0.114455350E+07-0.112782875E+07-0.111110388E+07-0.109437912E+07
-0.107765425E+07-0.106092950E+07-0.104420469E+07-0.102747981E+07-0.101075506E+07
-0.994030250E+06-0.977305438E+06-0.960580625E+06-0.943855812E+06-0.927131000E+06
-0.910406188E+06-0.893681375E+06-0.876956562E+06-0.860231750E+06-0.843507000E+06
-0.826782125E+06-0.810057375E+06-0.793332562E+06-0.776607688E+06-0.759882938E+06
-0.743158125E+06-0.726433250E+06-0.709708500E+06-0.692983688E+06-0.676258875E+06
-0.659534062E+06-0.642809250E+06-0.626084438E+06-0.609359625E+06-0.592634812E+06
-0.575910000E+06-0.559185188E+06-0.542460375E+06-0.525735562E+06-0.509010781E+06
-0.492285969E+06-0.475561125E+06-0.458836344E+06-0.442111531E+06-0.425386719E+06
-0.408661938E+06-0.391937094E+06-0.375212281E+06-0.358487469E+06-0.341762688E+06
-0.325037875E+06-0.308313031E+06-0.291588250E+06-0.274863438E+06-0.258138625E+06
-0.241413812E+06-0.224689000E+06-0.207964203E+06-0.191239375E+06-0.174514578E+06
-0.157789766E+06-0.141064953E+06-0.124340148E+06-0.107615336E+06-0.908905234E+05
 3.703617305e-02 3.455419466e-02 3.201718256e-02 2.937717177e-02 2.660263143e-02
 2.366980165e-02 2.054555155e-02 1.716829650e-02 1.351134386e-02 9.472158737e-03
 4.499711562e-03-2.120475750e-03-9.050431661e-03-1.357226912e-02-1.623088308e-02
-1.724904031e-02-1.667148247e-02-1.443530247e-02-1.033448055e-02-3.926042467e-03
 5.648097023e-03 1.566396654e-02 2.405058220e-02 3.152623773e-02 3.849592060e-02
 4.521233588e-02 5.185966566e-02 5.859776214e-02 6.559385359e-02 7.302767783e-02
 7.999698818e-02 8.621443808e-02 9.178667516e-02 9.665952623e-02 1.007974073e-01
 1.040927395e-01 1.069024056e-01 1.101894230e-01 1.138142794e-01 1.176958829e-01
 1.217887625e-01 1.260662377e-01 1.305092126e-01 1.350997239e-01 1.398179531e-01
 1.446411759e-01 1.495437473e-01 1.544972062e-01 1.594704539e-01 1.644300669e-01
 1.693405956e-01 1.741651744e-01 1.788662076e-01 1.834063381e-01 1.877494305e-01
 1.918618381e-01 1.957136244e-01 1.992795765e-01 2.025401890e-01 2.054823041e-01
 2.080993205e-01 2.103911042e-01 2.123635411e-01 2.140278220e-01 2.153994143e-01
 3.285141289e-02 3.007998504e-02 2.735749446e-02 2.464827709e-02 2.191114239e-02
 1.910319179e-02 1.623247191e-02 1.332444046e-02 1.030748338e-02 7.074874360e-03
 3.308040556e-03-1.096292050e-03-5.381706171e-03-8.504379541e-03-1.032701228e-02
-1.084397174e-02-1.002920140e-02-7.813865319e-03-4.082676023e-03 1.309508225e-03
 8.379084989e-03 1.604802161e-02 2.333977073e-02 3.025916778e-02 3.693362698e-02
 4.349359497e-02 5.006281286e-02 5.676722527e-02 6.375309825e-02 7.118099183e-02
 7.818464935e-02 8.446886390e-02 9.013131261e-02 9.515555203e-02 9.949959069e-02
 1.030518487e-01 1.062028110e-01 1.098682359e-01 1.139181182e-01 1.182696968e-01
 1.228725165e-01 1.276931614e-01 1.327065527e-01 1.378906965e-01 1.432233900e-01
 1.486804187e-01 1.542343646e-01 1.598540992e-01 1.655044109e-01 1.711460352e-01
 1.767358482e-01 1.822275519e-01 1.875725389e-01 1.927213073e-01 1.976251751e-01
 2.022383511e-01 2.065198720e-01 2.104357183e-01 2.139603347e-01 2.170778066e-01
 2.197822332e-01 2.220774591e-01 2.239761502e-01 2.254983783e-01 2.266699374e-01
 2.807435393e-02 2.512131631e-02 2.235957794e-02 1.974737085e-02 1.722497493e-02
 1.489529572e-02 1.272686571e-02 1.066209935e-02 8.657682687e-03 6.566211581e-03
 4.362873733e-03 2.169179730e-03 2.228951926e-04-1.204922912e-03-1.906989026e-03
-1.753367716e-03-6.633030716e-04 1.413102378e-03 4.491830710e-03 8.527958766e-03
 1.337213349e-02 1.876838505e-02 2.445819974e-02 3.028232977e-02 3.617987782e-02
 4.214816540e-02 4.821259528e-02 5.440877378e-02 6.076612696e-02 6.724663079e-02
 7.356645912e-02 7.953873277e-02 8.513594419e-02 9.034974128e-02 9.517526627e-02
 9.963574260e-02 1.039588973e-01 1.084619835e-01 1.132087857e-01 1.182008311e-01
 1.234290749e-01 1.288815737e-01 1.345447451e-01 1.404030323e-01 1.464378834e-01
 1.526268721e-01 1.589426994e-01 1.653523892e-01 1.718166173e-01 1.782893538e-01
 1.847176999e-01 1.910424083e-01 1.971989572e-01 2.031195313e-01 2.087357789e-01
 2.139821947e-01 2.187998891e-01 2.231402844e-01 2.269681692e-01 2.302637398e-01
 2.330232561e-01 2.352583557e-01 2.369940877e-01 2.382660806e-01 2.391172200e-01
 2.223124728e-02 1.911702566e-02 1.649462059e-02 1.430120599e-02 1.242654212e-02
 1.092718076e-02 9.713419713e-03 8.611814119e-03 7.520910818e-03 6.431479938e-03
 5.375836510e-03 4.429240245e-03 3.701700363e-03 3.318133298e-03 3.395826556e-03
 4.029770382e-03 5.287096836e-03 7.205090486e-03 9.788142517e-03 1.300347783e-02
 1.678059809e-02 2.102166042e-02 2.562329732e-02 3.049840964e-02 3.558621556e-02
 4.084994644e-02 4.626787454e-02 5.182166025e-02 5.748289824e-02 6.320084631e-02
 6.890510023e-02 7.453058660e-02 8.003801107e-02 8.541591465e-02 9.068000317e-02
 9.587763995e-02 1.010874286e-01 1.063963100e-01 1.118706018e-01 1.175498366e-01
 1.234544516e-01 1.295929402e-01 1.359659135e-01 1.425677836e-01 1.493871808e-01
 1.564066410e-01 1.636016965e-01 1.709398031e-01 1.783789545e-01 1.858665496e-01
 1.933383197e-01 2.007180303e-01 2.079183757e-01 2.148433030e-01 2.213922739e-01
 2.274663895e-01 2.329755723e-01 2.378457487e-01 2.420250773e-01 2.454880178e-01
 2.482364029e-01 2.502976656e-01 2.517203987e-01 2.525683641e-01 2.529137731e-01
 1.432837080e-02 1.087375917e-02 8.747432381e-03 7.639765739e-03 7.073825691e-03
 6.824423093e-03 6.666575558e-03 6.513881031e-03 6.336484104e-03 6.141248159e-03
 5.962688942e-03 5.856964272e-03 5.895216484e-03 6.155302748e-03 6.713022478e-03
 7.634577341e-03 8.971168660e-03 1.075556502e-02 1.300021261e-02 1.569702663e-02
 1.881956682e-02 2.232812531e-02 2.617690898e-02 3.032112867e-02 3.472163901e-02
 3.934619948e-02 4.416778311e-02 4.916127026e-02 5.430008844e-02 5.955470726e-02
 6.489472091e-02 7.029398531e-02 7.573620975e-02 8.121860772e-02 8.675330132e-02
 9.236665815e-02 9.809581190e-02 1.039822772e-01 1.100650206e-01 1.163761020e-01
 1.229394525e-01 1.297713667e-01 1.368814260e-01 1.442730725e-01 1.519435495e-01
 1.598832458e-01 1.680744290e-01 1.764894128e-01 1.850879788e-01 1.938144714e-01
 2.025945485e-01 2.113324106e-01 2.199094296e-01 2.281858772e-01 2.360068858e-01
 2.432135195e-01 2.496574968e-01 2.552168667e-01 2.598091662e-01 2.633999288e-01
 2.660046518e-01 2.676844001e-01 2.685351372e-01 2.686739266e-01 2.682248056e-01
 1.765538706e-03-3.574525937e-03-2.759387717e-03-5.038316012e-04 1.193748903e-03
 2.559013898e-03 3.657917259e-03 4.534746520e-03 5.233117379e-03 5.801774096e-03
 6.295857951e-03 6.776143331e-03 7.306872401e-03 7.952609099e-03 8.774644695e-03
 9.827543981e-03 1.115629543e-02 1.279435307e-02 1.476267073e-02 1.706985943e-02
 1.971348003e-02 2.268239297e-02 2.595972829e-02 2.952582017e-02 3.336054832e-02
 3.744461015e-02 4.175987095e-02 4.628906772e-02 5.101556331e-02 5.592352897e-02
 6.099905446e-02 6.623190641e-02 7.161743194e-02 7.715804875e-02 8.286383748e-02
 8.875203878e-02 9.484551847e-02 1.011704430e-01 1.077537313e-01 1.146210358e-01
 1.217953637e-01 1.292964518e-01 1.371404380e-01 1.453395784e-01 1.539017707e-01
 1.628294587e-01 1.721179783e-01 1.817529351e-01 1.917062849e-01 2.019307613e-01
 2.123524845e-01 2.228620052e-01 2.333050668e-01 2.434771210e-01 2.531279325e-01
 2.619821131e-01 2.697740197e-01 2.762851715e-01 2.813730240e-01 2.849879563e-01
 2.871783376e-01 2.880812287e-01 2.878956497e-01 2.868458629e-01 2.851487994e-01
-7.451210637e-03-1.385566592e-02-1.166358218e-02-7.024523802e-03-3.447527066e-03
-6.633464363e-04 1.527949236e-03 3.264351748e-03 4.651107825e-03 5.776572507e-03
 6.719967816e-03 7.554862648e-03 8.350322954e-03 9.170761332e-03 1.007511653e-02
 1.111578010e-02 1.233759522e-02 1.377714332e-02 1.546245441e-02 1.741320640e-02
 1.964143477e-02 2.215266787e-02 2.494735084e-02 2.802231535e-02 3.137207776e-02
 3.498988599e-02 3.886841610e-02 4.300026596e-02 4.737845808e-02 5.199695006e-02
 5.685141683e-02 6.194010749e-02 6.726468354e-02 7.283090055e-02 7.864886522e-02
 8.473291993e-02 9.110102803e-02 9.777397662e-02 1.047743186e-01 1.121255755e-01
 1.198515072e-01 1.279756874e-01 1.365213096e-01 1.455108523e-01 1.549658328e-01
 1.649062037e-01 1.753489524e-01 1.863059402e-01 1.977798343e-01 2.097571641e-01
 2.221968174e-01 2.350111902e-01 2.480373383e-01 2.609989345e-01 2.734753191e-01
 2.849295437e-01 2.948286235e-01 3.027587533e-01 3.084638119e-01 3.118588030e-01
 3.130548596e-01 3.123732507e-01 3.102728128e-01 3.072125614e-01 3.035682142e-01
-1.093586162e-02-1.764989831e-02-1.481245738e-02-9.464596398e-03-5.124010146e-03
-1.634373446e-03 1.145964954e-03 3.348330501e-03 5.089804996e-03 6.474060472e-03
 7.593347225e-03 8.530327119e-03 9.359409101e-03 1.014758646e-02 1.095487550e-02
 1.183452271e-02 1.283311006e-02 1.399069186e-02 1.534091309e-02 1.691124588e-02
 1.872336864e-02 2.079376020e-02 2.313440852e-02 2.575363964e-02 2.865694836e-02
 3.184774518e-02 3.532800823e-02 3.909885883e-02 4.316115007e-02 4.751607776e-02
 5.216574296e-02 5.711377040e-02 6.236585975e-02 6.793019921e-02 7.381773740e-02
 8.004229516e-02 8.662047237e-02 9.357143939e-02 1.009167731e-01 1.086802036e-01
 1.168876514e-01 1.255672425e-01 1.347496063e-01 1.444683671e-01 1.547605991e-01
 1.656674594e-01 1.772347391e-01 1.895131022e-01 2.025575191e-01 2.164250016e-01
 2.311681509e-01 2.468190640e-01 2.633499503e-01 2.805808187e-01 2.979740202e-01
 3.140366971e-01 3.274445832e-01 3.376147747e-01 3.441787660e-01 3.469184041e-01
 3.458134234e-01 3.415815532e-01 3.358067870e-01 3.293747902e-01 3.228091002e-01
-9.404802695e-03-1.607070863e-02-1.332857087e-02-7.878654636e-03-3.409761470e-03
 1.810881222e-04 3.015447408e-03 5.218918435e-03 6.910905708e-03 8.200080134e-03
 9.183334187e-03 9.946427308e-03 1.056521572e-02 1.110693999e-02 1.163131278e-02
 1.219142880e-02 1.283456013e-02 1.360318717e-02 1.453519799e-02 1.566389017e-02
 1.701801643e-02 1.862192899e-02 2.049586363e-02 2.265639603e-02 2.511719801e-02
 2.788949199e-02 3.098247387e-02 3.440378234e-02 3.816007823e-02 4.225767404e-02
 4.670301452e-02 5.150323734e-02 5.666659772e-02 6.220288202e-02 6.812375784e-02
 7.444299757e-02 8.117672056e-02 8.834353834e-02 9.596479684e-02 1.040648222e-01
 1.126713753e-01 1.218162104e-01 1.315360069e-01 1.418735385e-01 1.528792828e-01
 1.646136343e-01 1.771499813e-01 1.905786246e-01 2.050126940e-01 2.205964625e-01
 2.375180572e-01 2.560305893e-01 2.764915526e-01 2.994590402e-01 3.254087865e-01
 3.488582969e-01 3.673740029e-01 3.808212876e-01 3.889119923e-01 3.909842074e-01
 3.868288696e-01 3.754874468e-01 3.629656732e-01 3.514520824e-01 3.410559297e-01
-3.510500537e-03-9.980153292e-03-7.455798797e-03-2.270345809e-03 1.831104979e-03
 4.978776444e-03 7.336329669e-03 9.055280127e-03 1.026780903e-02 1.108674053e-02
 1.160810515e-02 1.191419177e-02 1.207628846e-02 1.215690468e-02 1.221145689e-02
 1.228938811e-02 1.243447978e-02 1.269048639e-02 1.309905760e-02 1.369872876e-02
 1.452437229e-02 1.560683455e-02 1.697262935e-02 1.864361390e-02 2.063982934e-02
 2.297868393e-02 2.567479201e-02 2.874021977e-02 3.218524903e-02 3.601940349e-02
 4.025176540e-02 4.489133134e-02 4.994754121e-02 5.543073639e-02 6.135248393e-02
 6.772597134e-02 7.456637174e-02 8.189119399e-02 8.972074836e-02 9.807868302e-02
 1.069926396e-01 1.164952293e-01 1.266252100e-01 1.374292076e-01 1.489638984e-01
 1.612991989e-01 1.745226979e-01 1.887459010e-01 2.041134238e-01 2.208171785e-01
 2.391182780e-01 2.593826950e-01 2.821399570e-01 3.081689477e-01 3.385437429e-01
 3.696842790e-01 3.938448727e-01 4.109198451e-01 4.210547805e-01 4.241368175e-01
 4.191515446e-01 4.055211544e-01 3.857389688e-01 3.690147102e-01 3.550055921e-01
 6.942030508e-03 7.083069067e-04 3.378539346e-03 7.786860690e-03 1.080110110e-02
 1.280690916e-02 1.407159306e-02 1.478361338e-02 1.507901493e-02 1.506065205e-02
 1.481003221e-02 1.439449191e-02 1.387167629e-02 1.329254173e-02 1.270359196e-02
 1.214893069e-02 1.164857112e-02 1.125473063e-02 1.101608109e-02 1.097798999e-02
 1.118235663e-02 1.166722737e-02 1.246616989e-02 1.359598245e-02 1.508577075e-02
 1.695951447e-02 1.923619770e-02 2.192947082e-02 2.504949458e-02 2.860792354e-02
 3.261515498e-02 3.708012775e-02 4.201204330e-02 4.742055014e-02 5.331593379e-02
 5.970963836e-02 6.661467999e-02 7.404611260e-02 8.202152699e-02 9.056164324e-02
 9.969110042e-02 1.094393209e-01 1.198417842e-01 1.309415698e-01 1.427914202e-01
 1.554565877e-01 1.690186560e-01 1.835806966e-01 1.992745996e-01 2.162710130e-01
 2.347931415e-01 2.551346719e-01 2.776813805e-01 3.029314280e-01 3.315087557e-01
 3.639695644e-01 3.915814459e-01 4.113889039e-01 4.236629009e-01 4.284901023e-01
 4.260654449e-01 4.153622389e-01 3.961843550e-01 3.765617013e-01 3.608457148e-01
 2.538324706e-02 2.045105025e-02 2.126245759e-02 2.293375693e-02 2.342042513e-02
 2.329540066e-02 2.277853340e-02 2.198285982e-02 2.097976580e-02 1.982141100e-02
 1.854998805e-02 1.720206067e-02 1.581083424e-02 1.440750808e-02 1.302219741e-02
 1.168467198e-02 1.040768065e-02 9.244398214e-03 8.246293291e-03 7.462657057e-03
 6.940172054e-03 6.722443271e-03 6.849432830e-03 7.356733549e-03 8.277835324e-03
 9.642407298e-03 1.147473045e-02 1.378312241e-02 1.656002551e-02 1.982888952e-02
 2.360211127e-02 2.788243257e-02 3.267826140e-02 3.799785301e-02 4.384849221e-02
 5.023845658e-02 5.717718229e-02 6.467558444e-02 7.274658233e-02 8.140560240e-02
 9.067118913e-02 1.005657390e-01 1.111162901e-01 1.223555952e-01 1.343233138e-01
 1.470676214e-01 1.606470346e-01 1.751326472e-01 1.906105578e-01 2.071844488e-01
 2.249774933e-01 2.441329211e-01 2.648114860e-01 2.871858776e-01 3.114400506e-01
 3.378282189e-01 3.647901118e-01 3.841677308e-01 3.969557881e-01 4.036791623e-01
 4.041072428e-01 3.987420797e-01 3.867388964e-01 3.696724176e-01 3.559733331e-01
 5.164270103e-02 5.014794692e-02 4.553376883e-02 4.121642187e-02 3.790130839e-02
 3.502292931e-02 3.235878423e-02 2.980720811e-02 2.731793001e-02 2.486627363e-02
 2.244189940e-02 2.004322968e-02 1.767443866e-02 1.534367166e-02 1.306199376e-02
 1.084281597e-02 8.697162382e-03 6.678436883e-03 4.839439876e-03 3.231704701e-03
 1.905001700e-03 9.069393855e-04 2.826262207e-04 7.440072659e-05 3.217058547e-04
 1.060419483e-03 2.321812324e-03 4.131112248e-03 6.508047227e-03 9.469847195e-03
 1.302534156e-02 1.711670868e-02 2.177230641e-02 2.700196393e-02 3.280303255e-02
 3.918004036e-02 4.613789544e-02 5.368167162e-02 6.181785092e-02 7.055459917e-02
 7.990214974e-02 8.987309039e-02 1.004827023e-01 1.117492616e-01 1.236942932e-01
 1.363426447e-01 1.497223973e-01 1.638640761e-01 1.787991077e-01 1.945564598e-01
 2.111563683e-01 2.285991758e-01 2.468451858e-01 2.657780647e-01 2.851325870e-01
 3.043377995e-01 3.222411871e-01 3.373254240e-01 3.486824334e-01 3.560249507e-01
 3.593405783e-01 3.588162661e-01 3.549529314e-01 3.488490880e-01 3.420521021e-01
 7.018470019e-02 6.974070519e-02 6.347506493e-02 5.664000660e-02 5.087635666e-02
 4.585962743e-02 4.135719314e-02 3.721199185e-02 3.332007676e-02 2.961259894e-02
 2.604396082e-02 2.258431353e-02 1.921472326e-02 1.592394896e-02 1.270599943e-02
 9.557850659e-03 6.497353781e-03 3.578818869e-03 8.559827693e-04-1.618380076e-03
-3.792829113e-03-5.617555697e-03-7.044608705e-03-8.028085344e-03-8.524338715e-03
-8.492325433e-03-7.894110866e-03-6.695503369e-03-4.866703413e-03-2.383340150e-03
 7.708973717e-04 4.600619897e-03 9.109108709e-03 1.428551599e-02 2.004749514e-02
 2.642012760e-02 3.340463340e-02 4.099588841e-02 4.919306189e-02 5.799586326e-02
 6.740517169e-02 7.742279023e-02 8.805123717e-02 9.929350019e-02 1.111524925e-01
 1.236302108e-01 1.367262751e-01 1.504357010e-01 1.647454351e-01 1.796290278e-01
 1.950386614e-01 2.108932585e-01 2.270613760e-01 2.433373779e-01 2.594123781e-01
 2.748513222e-01 2.891091704e-01 3.016223311e-01 3.119382560e-01 3.197921515e-01
 3.251170218e-01 3.280366063e-01 3.288617432e-01 3.280620575e-01 3.261700273e-01
 8.194173872e-02 8.175858110e-02 7.546715438e-02 6.776513159e-02 6.082411110e-02
 5.453122035e-02 4.876076803e-02 4.340150580e-02 3.836243972e-02 3.357220814e-02
 2.897618338e-02 2.453321777e-02 2.021284588e-02 1.599312760e-02 1.185925025e-02
 7.777925581e-03 3.800347215e-03-2.010175376e-05-3.629639046e-03-6.975077558e-03
-1.000437886e-02-1.266694255e-02-1.491372567e-02-1.669729687e-02-1.797185838e-02
-1.869335212e-02-1.881965995e-02-1.831097156e-02-1.713037863e-02-1.524477918e-02
-1.262624282e-02-9.253555909e-03-5.113461521e-03-2.047275775e-04 5.457070190e-03
 1.184860244e-02 1.890457794e-02 2.657197975e-02 3.485604003e-02 4.374585673e-02
 5.323401093e-02 6.331197917e-02 7.397055626e-02 8.519915491e-02 9.698495269e-02
 1.093116999e-01 1.221578941e-01 1.354943812e-01 1.492809206e-01 1.634617895e-01
 1.779599786e-01 1.926701814e-01 2.074507326e-01 2.221162021e-01 2.364334613e-01
 2.501264811e-01 2.628953457e-01 2.744494677e-01 2.845468521e-01 2.930260301e-01
 2.998237908e-01 3.049784005e-01 3.086204529e-01 3.109499216e-01 3.122009635e-01
 9.013468772e-02 9.007685632e-02 8.350156248e-02 7.537690550e-02 6.783032417e-02
 6.080213934e-02 5.422066152e-02 4.801272973e-02 4.211070761e-02 3.645559773e-02
 3.099769354e-02 2.569597214e-02 2.051701024e-02 1.543373242e-02 1.042423025e-02
 5.465936381e-03 6.166826934e-04-4.066505469e-03-8.527856320e-03-1.271320414e-02
-1.657016948e-02-2.004817314e-02-2.309831232e-02-2.567317709e-02-2.772664092e-02
-2.921368554e-02-3.009033576e-02-3.031372651e-02-2.984241582e-02-2.863695472e-02
-2.666082792e-02-2.388173528e-02-2.027336881e-02-1.581782103e-02-1.050841343e-02
-4.352282267e-03 2.624185989e-03 1.037506573e-02 1.880953461e-02 2.783621848e-02
 3.745573014e-02 4.764771461e-02 5.839360878e-02 6.967201084e-02 8.145848662e-02
 9.372443706e-02 1.064355299e-01 1.195496395e-01 1.330144256e-01 1.467644721e-01
 1.607181281e-01 1.747743934e-01 1.888102889e-01 2.026798278e-01 2.162158191e-01
 2.292358279e-01 2.415527701e-01 2.529894710e-01 2.633944452e-01 2.726554275e-01
 2.807082534e-01 2.875394225e-01 2.931823432e-01 2.977081239e-01 3.012122810e-01
 9.528800845e-02 9.523379058e-02 8.843736351e-02 8.011067659e-02 7.226564735e-02
 6.483865529e-02 5.776978284e-02 5.100227147e-02 4.448461160e-02 3.817094862e-02
 3.202085197e-02 2.599890903e-02 2.007413097e-02 1.421929710e-02 8.410209790e-03
 2.648603637e-03-3.002382116e-03-8.482087404e-03-1.373260655e-02-1.869886741e-02
-2.332851477e-02-2.757166140e-02-3.138049319e-02-3.470884264e-02-3.751171380e-02
-3.974485025e-02-4.136437923e-02-4.232660681e-02-4.258801416e-02-4.210547730e-02
-4.083686322e-02-3.874195740e-02-3.578390926e-02-3.193118423e-02-2.716012113e-02
-2.145805955e-02-1.482734084e-02-7.289692294e-03 1.107998192e-03 1.029223949e-02
 2.013683505e-02 3.052838705e-02 4.145538062e-02 5.288630351e-02 6.478862464e-02
 7.712702453e-02 8.986120671e-02 1.029444113e-01 1.163219661e-01 1.299297810e-01
 1.436928958e-01 1.575242281e-01 1.713241488e-01 1.849809140e-01 1.983727664e-01
 2.113715410e-01 2.238481343e-01 2.356788665e-01 2.467521280e-01 2.569740415e-01
 2.662723660e-01 2.745980024e-01 2.819245458e-01 2.882457972e-01 2.935730517e-01
 9.735651314e-02 9.712756425e-02 9.058110416e-02 8.232095838e-02 7.446478307e-02
 6.691634655e-02 5.961210281e-02 5.250919983e-02 4.557317495e-02 3.877325356e-02
 3.208078071e-02 2.546876855e-02 1.891171373e-02 1.238537300e-02 5.866206251e-03
-6.107495283e-04-6.977334619e-03-1.316964440e-02-1.912802085e-02-2.479689196e-02
-3.012442030e-02-3.506201878e-02-3.956372663e-02-4.358552769e-02-4.708466679e-02
-5.001895875e-02-5.234618112e-02-5.402361602e-02-5.500772968e-02-5.525409430e-02
-5.471761525e-02-5.335310847e-02-5.111629516e-02-4.796535149e-02-4.386301339e-02
-3.877939284e-02-3.269552812e-02-2.560770884e-02-1.753250882e-02-8.512328379e-03
 1.377882669e-03 1.202848926e-02 2.326517738e-02 3.497859091e-02 4.713442922e-02
 5.969824642e-02 7.262890041e-02 8.588000387e-02 9.939986467e-02 1.131308675e-01
 1.270089149e-01 1.409629136e-01 1.549148560e-01 1.687802225e-01 1.824691892e-01
 1.958882064e-01 2.089420706e-01 2.215361446e-01 2.335780710e-01 2.449790388e-01
 2.556542754e-01 2.655229867e-01 2.745087743e-01 2.825410068e-01 2.895583212e-01
 9.662253410e-02 9.587857127e-02 8.983863145e-02 8.235001564e-02 7.487117499e-02
 6.743781269e-02 6.007515639e-02 5.278810859e-02 4.557083175e-02 3.841134906e-02
 3.129399568e-02 2.420095541e-02 1.711327583e-02 1.001191046e-02 2.874698956e-03
-4.223245196e-03-1.121086627e-02-1.802218333e-02-2.459655516e-02-3.087850846e-02
-3.681725264e-02-4.236602783e-02-4.748128727e-02-5.212183297e-02-5.624790117e-02
-5.982027575e-02-6.279951334e-02-6.514516473e-02-6.681527197e-02-6.776600331e-02
-6.795153022e-02-6.732422113e-02-6.583531201e-02-6.343585998e-02-6.007848307e-02
-5.571954697e-02-5.032224208e-02-4.386041313e-02-3.632324189e-02-2.772073820e-02
-1.808994077e-02-7.501297165e-03 3.934294917e-03 1.606531069e-02 2.860824019e-02
 4.155263305e-02 5.485126004e-02 6.845824420e-02 8.232688159e-02 9.640830755e-02
 1.106507257e-01 1.249990985e-01 1.393951476e-01 1.537775099e-01 1.680820286e-01
 1.822420806e-01 1.961883903e-01 2.098485231e-01 2.231451571e-01 2.359934896e-01
 2.482973635e-01 2.599450052e-01 2.708062232e-01 2.807339132e-01 2.895736396e-01
 9.547416866e-02 9.432958812e-02 8.867559582e-02 8.158195764e-02 7.432463765e-02
 6.696934253e-02 5.956853926e-02 5.214838311e-02 4.471814260e-02 3.727680072e-02
 2.981678396e-02 2.232604101e-02 1.478886046e-02 7.185266819e-03-4.679569684e-04
-8.087540045e-03-1.559804939e-02-2.293133363e-02-3.002610989e-02-3.682742640e-02
-4.328597710e-02-4.935720563e-02-5.500037223e-02-6.017747149e-02-6.485218555e-02
-6.898883730e-02-7.255139202e-02-7.550258189e-02-7.780312002e-02-7.941111177e-02
-8.028168231e-02-8.036685735e-02-7.961577177e-02-7.797530293e-02-7.539116591e-02
-7.180966437e-02-6.718006730e-02-6.145789847e-02-5.460903794e-02-4.661489651e-02
-3.747852892e-02-2.723168582e-02-1.594272070e-02-3.724985290e-03 9.252870455e-03
 2.275441401e-02 3.659040481e-02 5.072350055e-02 6.511668116e-02 7.973256707e-02
 9.453280270e-02 1.094783768e-01 1.245299131e-01 1.396479160e-01 1.547927707e-01
 1.699245125e-01 1.850015819e-01 1.999788731e-01 2.148036361e-01 2.294091880e-01
 2.437047958e-01 2.575615346e-01 2.707946301e-01 2.831489742e-01 2.943062484e-01
 9.501646459e-02 9.375500679e-02 8.796378970e-02 8.069633693e-02 7.334236056e-02
 6.591085345e-02 5.841117725e-02 5.085092038e-02 4.323282838e-02 3.555467352e-02
 2.781021222e-02 1.999041252e-02 1.208506338e-02 4.046140239e-03-4.039896652e-03
-1.209089719e-02-2.003126964e-02-2.779282257e-02-3.531480953e-02-4.254354909e-02
-4.943165556e-02-5.593712255e-02-6.202222407e-02-6.765233725e-02-7.279480249e-02
-7.741769403e-02-8.148873597e-02-8.497429639e-02-8.783839643e-02-9.004198760e-02
-9.154233336e-02-9.229260683e-02-9.224178642e-02-9.133491665e-02-8.951369673e-02
-8.671767265e-02-8.288606256e-02-7.796031982e-02-7.188758999e-02-6.462521851e-02
-5.614637956e-02-4.644679278e-02-3.555256501e-02-2.352876775e-02-1.048822794e-02
 3.401025198e-03 1.791291311e-02 3.270779178e-02 4.776085168e-02 6.304819882e-02
 7.854412496e-02 9.422434866e-02 1.100674272e-01 1.260554194e-01 1.421742141e-01
 1.584135890e-01 1.747665554e-01 1.912279129e-01 2.077907920e-01 2.244400382e-01
 2.411398590e-01 2.578105927e-01 2.742852569e-01 2.902227640e-01 3.049462736e-01
 9.429138899e-02 9.292018414e-02 8.677773923e-02 7.937294990e-02 7.190588117e-02
 6.436710060e-02 5.675212666e-02 4.905579239e-02 4.127169028e-02 3.339177370e-02
 2.540620975e-02 1.730331406e-02 9.069614112e-03 6.917939172e-04-7.736474741e-03
-1.612981781e-02-2.441142127e-02-3.251307830e-02-4.037492722e-02-4.794486612e-02
-5.517769977e-02-6.203409657e-02-6.847939640e-02-7.448238134e-02-8.001399040e-02
-8.504607528e-02-8.955017477e-02-9.349640459e-02-9.685243666e-02-9.958251566e-02
-1.016467735e-01-1.030005664e-01-1.035941094e-01-1.033723950e-01-1.022754237e-01
-1.002388448e-01-9.719525278e-02-9.307604283e-02-8.781418204e-02-8.134793490e-02
-7.362575829e-02-6.461240351e-02-5.429629236e-02-4.269810766e-02-2.988011576e-02
-1.595576666e-02-1.098596258e-03 1.445003133e-02 3.025063872e-02 4.630250856e-02
 6.258105487e-02 7.907184958e-02 9.576904774e-02 1.126750410e-01 1.298010051e-01
 1.471679807e-01 1.648082733e-01 1.827669442e-01 2.011032104e-01 2.198913246e-01
 2.392200083e-01 2.591885626e-01 2.798918784e-01 3.013426065e-01 3.224644065e-01
 9.265626967e-02 9.111840278e-02 8.502475917e-02 7.752830535e-02 6.997793913e-02
 6.236037239e-02 5.465964973e-02 4.686044902e-02 3.894853219e-02 3.091039509e-02
 2.273250930e-02 1.440030709e-02 5.896414630e-03-2.750393469e-03-1.144551858e-02
-2.010328881e-02-2.864722721e-02-3.701005131e-02-4.513335600e-02-5.296697840e-02
-6.046806648e-02-6.759998947e-02-7.433110476e-02-8.063342422e-02-8.648134768e-02
-9.185031056e-02-9.671550244e-02-1.010507420e-01-1.048273146e-01-1.080129594e-01
-1.105710194e-01-1.124596447e-01-1.136311889e-01-1.140319183e-01-1.136018410e-01
-1.122750118e-01-1.099802405e-01-1.066424027e-01-1.021844968e-01-9.653064609e-02
-8.961011469e-02-8.136275411e-02-7.174574584e-02-6.074190885e-02-4.836948961e-02
-3.469318151e-02-1.983604953e-02-3.991988953e-03 1.256185863e-02 2.946811542e-02
 4.658246413e-02 6.390638649e-02 8.145117760e-02 9.923799336e-02 1.172997728e-01
 1.356841922e-01 1.544576883e-01 1.737107635e-01 1.935653239e-01 2.141852975e-01
 2.357925326e-01 2.586936951e-01 2.833319604e-01 3.104037941e-01 3.386574388e-01
 9.048897028e-02 8.878444880e-02 8.262822032e-02 7.509528100e-02 6.753455102e-02
 5.991042405e-02 5.218961090e-02 4.434648529e-02 3.636129946e-02 2.821813524e-02
 1.990355738e-02 1.140627638e-02 2.683160594e-03-6.171605550e-03-1.506770588e-02
-2.392186783e-02-3.265940771e-02-4.121477902e-02-4.953148589e-02-5.756149814e-02
-6.526434422e-02-7.260603458e-02-7.955770940e-02-8.609443903e-02-9.219373763e-02
-9.783431888e-02-1.029947847e-01-1.076523811e-01-1.117818430e-01-1.153543442e-01
-1.183364987e-01-1.206895262e-01-1.223684847e-01-1.233217046e-01-1.234904677e-01
-1.228089035e-01-1.212042943e-01-1.185979098e-01-1.149063930e-01-1.100440845e-01
-1.039262712e-01-9.647379071e-02-8.761897683e-02-7.731334120e-02-6.553696841e-02
-5.230943114e-02-3.770211339e-02-2.185090445e-02-4.967964720e-03 1.265007537e-02
 3.059664741e-02 4.871609062e-02 6.703721732e-02 8.559382707e-02 1.044308916e-01
 1.236096993e-01 1.432134509e-01 1.633543670e-01 1.841837019e-01 2.059053928e-01
 2.287959009e-01 2.532304227e-01 2.797136009e-01 3.088992834e-01 3.401229084e-01
 8.771757036e-02 8.584766090e-02 7.938030362e-02 7.197809219e-02 6.457526982e-02
 5.707445741e-02 4.942984134e-02 4.161613807e-02 3.361655027e-02 2.541777492e-02
 1.700772159e-02 8.374410681e-03-4.898137413e-04-9.485078976e-03-1.851931028e-02
-2.750925720e-02-3.638114408e-02-4.507086053e-02-5.352366716e-02-6.169356033e-02
-6.954230368e-02-7.703828067e-02-8.415520936e-02-9.087081999e-02-9.716542810e-02
-1.030206755e-01-1.084181592e-01-1.133382171e-01-1.177587509e-01-1.216541454e-01
-1.249941662e-01-1.277431250e-01-1.298590153e-01-1.312927008e-01-1.319874972e-01
-1.318788230e-01-1.308940798e-01-1.289531440e-01-1.259692460e-01-1.218505874e-01
-1.165030077e-01-1.098336726e-01-1.017562598e-01-9.219780564e-02-8.110729605e-02
-6.846628338e-02-5.430093035e-02-3.869536519e-02-2.180482820e-02-3.867146792e-03
 1.479004510e-02 3.360403702e-02 5.258504301e-02 7.175814360e-02 9.116318077e-02
 1.108566448e-01 1.309151649e-01 1.514407247e-01 1.725682616e-01 1.944768131e-01
 2.174058557e-01 2.416803986e-01 2.677502632e-01 2.962471843e-01 3.267197907e-01
 8.267785609e-02 8.018562198e-02 7.486113161e-02 6.825406104e-02 6.128194556e-02
 5.404042453e-02 4.655245692e-02 3.882441297e-02 3.085597418e-02 2.264299616e-02
 1.417811587e-02 5.449745804e-03-3.508427413e-03-1.259532757e-02-2.171875909e-02
-3.079609200e-02-3.975467384e-02-4.853185266e-02-5.707459152e-02-6.533876061e-02
-7.328814268e-02-8.089324832e-02-8.813001961e-02-9.497848153e-02-1.014214084e-01
-1.074429005e-01-1.130271852e-01-1.181572825e-01-1.228139102e-01-1.269742846e-01
-1.306111366e-01-1.336917281e-01-1.361768991e-01-1.380203068e-01-1.391677111e-01
-1.395564973e-01-1.391153485e-01-1.377643645e-01-1.354155093e-01-1.319738030e-01
-1.273393333e-01-1.214101762e-01-1.140869632e-01-1.052787602e-01-9.491106868e-02
-8.293575048e-02-6.934306026e-02-5.417554453e-02-3.754307702e-02-1.963826641e-02
-7.507116534e-04 1.872092485e-02 3.827372938e-02 5.792519450e-02 7.770434767e-02
 9.765186161e-02 1.178208962e-01 1.382785738e-01 1.591079980e-01 1.804107577e-01
 2.023102641e-01 2.249568403e-01 2.485410720e-01 2.733524144e-01 2.993879914e-01
 7.913209498e-02 7.640561461e-02 7.117285579e-02 6.487686932e-02 5.818692595e-02
 5.115051195e-02 4.380198568e-02 3.616067767e-02 2.823606133e-02 2.003189921e-02
 1.154917106e-02 2.746930812e-03-6.274398882e-03-1.541806106e-02-2.459435165e-02
-3.372247145e-02-4.273141921e-02-5.156015977e-02-6.015734002e-02-6.848055124e-02
-7.649535686e-02-8.417411149e-02-9.149464220e-02-9.843892604e-02-1.049917340e-01
-1.111392900e-01-1.168679819e-01-1.221631244e-01-1.270077974e-01-1.313817501e-01
-1.352602839e-01-1.386133581e-01-1.414045095e-01-1.435900927e-01-1.451184750e-01
-1.459293664e-01-1.459533721e-01-1.451118588e-01-1.433170736e-01-1.404729933e-01
-1.364766955e-01-1.312209517e-01-1.245978400e-01-1.165041476e-01-1.068484634e-01
-9.556052834e-02-8.260286599e-02-6.798458099e-02-5.177697912e-02-3.413017839e-02
-1.528900210e-02 4.393996671e-03 2.445192076e-02 4.447565600e-02 6.448342651e-02
 8.449762315e-02 1.045432016e-01 1.246457845e-01 1.448284388e-01 1.651054174e-01
 1.854707301e-01 2.058751434e-01 2.261780351e-01 2.460416406e-01 2.647558153e-01
 7.674874365e-02 7.391164452e-02 6.851796806e-02 6.223102286e-02 5.560541525e-02
 4.864793643e-02 4.136943445e-02 3.377851844e-02 2.588033676e-02 1.767667197e-02
 9.166318923e-03 3.335500951e-04-8.716772310e-03-1.788693666e-02-2.708768100e-02
-3.623924032e-02-4.527188838e-02-5.412599817e-02-6.275167316e-02-7.110799104e-02
-7.916201651e-02-8.688762784e-02-9.426420182e-02-1.012753025e-01-1.079073250e-01
-1.141481772e-01-1.199860275e-01-1.254080385e-01-1.303993016e-01-1.349416375e-01
-1.390125453e-01-1.425843090e-01-1.456229091e-01-1.480871588e-01-1.499279290e-01
-1.510873139e-01-1.514981389e-01-1.510835886e-01-1.497571170e-01-1.474229991e-01
-1.439774036e-01-1.393103302e-01-1.333089173e-01-1.258620024e-01-1.168666705e-01
-1.062368676e-01-9.391444921e-02-7.988253236e-02-6.418111175e-02-4.692392051e-02
-2.831531689e-02-8.664877154e-03 1.160336100e-02 3.192343563e-02 5.206968635e-02
 7.205148041e-02 9.187144786e-02 1.115238667e-01 1.309901774e-01 1.502315998e-01
 1.691779047e-01 1.877109259e-01 2.056436241e-01 2.227007151e-01 2.385216802e-01
 7.472438365e-02 7.178024203e-02 6.644540280e-02 6.014276668e-02 5.352398753e-02
 4.658929259e-02 3.933800757e-02 3.176967055e-02 2.388317324e-02 1.567618921e-02
 7.144846488e-03-1.702984213e-03-1.076410711e-02-1.994202659e-02-2.914866246e-02
-3.830546513e-02-4.734396189e-02-5.620578304e-02-6.484227628e-02-7.321376354e-02
-8.128852397e-02-8.904164284e-02-9.645370394e-02-1.035095006e-01-1.101966873e-01
-1.165044829e-01-1.224224120e-01-1.279391348e-01-1.330412626e-01-1.377122849e-01
-1.419315636e-01-1.456732452e-01-1.489053369e-01-1.515888572e-01-1.536768377e-01
-1.551136076e-01-1.558341682e-01-1.557636708e-01-1.548172235e-01-1.529001892e-01
-1.499089450e-01-1.457326561e-01-1.402558237e-01-1.333626658e-01-1.249428838e-01
-1.148997322e-01-1.031604484e-01-8.968915045e-02-7.450208813e-02-5.768469721e-02
-3.940920159e-02-1.995088905e-02 2.995872055e-04 2.083110251e-02 4.106334969e-02
 6.098330393e-02 8.057615161e-02 9.981896728e-02 1.186755672e-01 1.370912492e-01
 1.549870074e-01 1.722541600e-01 1.887505054e-01 2.043022364e-01 2.187149227e-01
 7.324841619e-02 7.023812830e-02 6.483325362e-02 5.850889161e-02 5.188958347e-02
 4.496627301e-02 3.773113713e-02 3.017770126e-02 2.230028994e-02 1.409333479e-02
 5.550758913e-03-3.301351564e-03-1.236192975e-02-2.153619379e-02-3.073751181e-02
-3.988862410e-02-4.892222583e-02-5.778103322e-02-6.641741097e-02-7.479264587e-02
-8.287592977e-02-9.064324200e-02-9.807604551e-02-1.051600128e-01-1.118837073e-01
-1.182372943e-01-1.242112964e-01-1.297954172e-01-1.349774748e-01-1.397421658e-01
-1.440702230e-01-1.479372978e-01-1.513129771e-01-1.541599929e-01-1.564331800e-01
-1.580787599e-01-1.590336114e-01-1.592247188e-01-1.585688293e-01-1.569726616e-01
-1.543334872e-01-1.505404711e-01-1.454772353e-01-1.390255094e-01-1.310706735e-01
-1.215092093e-01-1.102587134e-01-9.727023542e-02-8.254323900e-02-6.614258885e-02
-4.821649194e-02-2.901373431e-02-8.897669613e-03 1.164639927e-02 3.198567033e-02
 5.187028646e-02 7.128982991e-02 9.022191912e-02 1.086309403e-01 1.264664680e-01
 1.436620057e-01 1.601344645e-01 1.757856756e-01 1.905065328e-01 2.041847110e-01
 7.211928070e-02 6.906120479e-02 6.357929856e-02 5.725896731e-02 5.066159740e-02
 4.376564175e-02 3.655718267e-02 2.902640775e-02 2.116575465e-02 1.296861377e-02
 4.426496569e-03-4.420056473e-03-1.347167231e-02-2.263496816e-02-3.182450309e-02
-4.096403718e-02-4.998715594e-02-5.883736908e-02-6.746774912e-02-7.584021986e-02
-8.392456919e-02-9.169734269e-02-9.914056212e-02-1.062404439e-01-1.129861027e-01
-1.193682998e-01-1.253781915e-01-1.310061961e-01-1.362408251e-01-1.410676986e-01
-1.454684287e-01-1.494196653e-01-1.528921723e-01-1.558498442e-01-1.582488716e-01
-1.600368321e-01-1.611520648e-01-1.615229398e-01-1.610676646e-01-1.596941501e-01
-1.573006362e-01-1.537768543e-01-1.490062624e-01-1.428696066e-01-1.352500319e-01
-1.260402501e-01-1.151520237e-01-1.025283411e-01-8.815788478e-02-7.209189236e-02
-5.446222797e-02-3.549905121e-02-1.554589439e-02 4.931042902e-03 2.534260042e-02
 4.519829154e-02 6.449306756e-02 8.320930600e-02 1.013174057e-01 1.187762022e-01
 1.355336756e-01 1.515282840e-01 1.666914374e-01 1.809511483e-01 1.942370385e-01
 7.105317712e-02 6.792397797e-02 6.257219613e-02 5.634616315e-02 4.983000830e-02
 4.299618676e-02 3.583449870e-02 2.833938226e-02 2.050588652e-02 1.232872531e-02
 3.800613806e-03-5.030740052e-03-1.406651177e-02-2.321393602e-02-3.238816187e-02
-4.151348397e-02-5.052393302e-02-5.936341733e-02-6.798532605e-02-7.635187358e-02
-8.443308622e-02-9.220574051e-02-9.965205938e-02-1.067584828e-01-1.135143638e-01
-1.199107021e-01-1.259389371e-01-1.315898150e-01-1.368522197e-01-1.417121887e-01
-1.461517960e-01-1.501482576e-01-1.536729634e-01-1.566904932e-01-1.591577530e-01
-1.610231847e-01-1.622259468e-01-1.626953632e-01-1.623505056e-01-1.611001492e-01
-1.588433087e-01-1.554702669e-01-1.508648098e-01-1.449074596e-01-1.374806166e-01
-1.284753978e-01-1.178009585e-01-1.053963006e-01-9.124463797e-02-7.538993657e-02
-5.795487389e-02-3.915843740e-02-1.933092251e-02 1.076984685e-03 2.149480209e-02
 4.130601510e-02 6.050551310e-02 7.907798141e-02 9.699822962e-02 1.142318696e-01
 1.307365745e-01 1.464637816e-01 1.613612175e-01 1.753757894e-01 1.884573698e-01
 7.010399550e-02 6.679806113e-02 6.181674078e-02 5.587330833e-02 4.947792739e-02
 4.271503910e-02 3.560352698e-02 2.814785577e-02 2.034725808e-02 1.219838951e-02
 3.695104970e-03-5.113304127e-03-1.412803866e-02-2.325639687e-02-3.241358697e-02
-4.152392223e-02-5.052142963e-02-5.934995040e-02-6.796281040e-02-7.632210106e-02
-8.439774811e-02-9.216638654e-02-9.961014241e-02-1.067153141e-01-1.134711653e-01
-1.198686212e-01-1.258990467e-01-1.315531433e-01-1.368197948e-01-1.416849941e-01
-1.461309493e-01-1.501348615e-01-1.536682397e-01-1.566957831e-01-1.591745913e-01
-1.610532850e-01-1.622712612e-01-1.627581269e-01-1.624332368e-01-1.612057686e-01
-1.589750499e-01-1.556318104e-01-1.510601640e-01-1.451410800e-01-1.377572715e-01
-1.288000941e-01-1.181787774e-01-1.058321744e-01-9.174302965e-02-7.595445216e-02
-5.858768150e-02-3.985960782e-02-2.009760588e-02 2.515345113e-04 2.062234655e-02
 4.037231952e-02 5.949663371e-02 7.798091322e-02 9.580156952e-02 1.129266173e-01
 1.293170303e-01 1.449285448e-01 1.597140431e-01 1.736262888e-01 1.866212785e-01
 7.065229118e-02 6.749539822e-02 6.223547459e-02 5.614048988e-02 4.972909391e-02
 4.298388213e-02 3.590021655e-02 2.847577631e-02 2.070772648e-02 1.259218249e-02
 4.122511484e-03-4.656567704e-03-1.364603825e-02-2.275287919e-02-3.189191222e-02
-4.098701477e-02-4.997175932e-02-5.878951773e-02-6.739312410e-02-7.574417442e-02
-8.381213993e-02-9.157316387e-02-9.900891781e-02-1.061052829e-01-1.128510684e-01
-1.192367747e-01-1.252533942e-01-1.308911741e-01-1.361386329e-01-1.409813613e-01
-1.454010904e-01-1.493747085e-01-1.528732330e-01-1.558609605e-01-1.582945436e-01
-1.601221710e-01-1.612828523e-01-1.617058218e-01-1.613101363e-01-1.600047499e-01
-1.576889753e-01-1.542536914e-01-1.495835185e-01-1.435602754e-01-1.360680163e-01
-1.270000488e-01-1.162683666e-01-1.038153991e-01-8.962842077e-02-7.375603169e-02
-5.632599071e-02-3.756257892e-02-1.780134998e-02 2.502180403e-03 2.277383953e-02
 4.244445637e-02 6.151008606e-02 7.995583117e-02 9.775651246e-02 1.148776710e-01
 1.312769055e-01 1.469057500e-01 1.617119908e-01 1.756428480e-01 1.886484176e-01
 7.138114423e-02 6.828065217e-02 6.304662675e-02 5.693767220e-02 5.052027106e-02
 4.378390685e-02 3.672008216e-02 2.932300977e-02 2.158804983e-02 1.351069380e-02
 5.083395634e-03-3.659852780e-03-1.261949074e-02-2.170178108e-02-3.082074597e-02
-3.989942744e-02-4.887054488e-02-5.767660215e-02-6.626958400e-02-7.461024821e-02
-8.266723156e-02-9.041588753e-02-9.783708304e-02-1.049159244e-01-1.116404757e-01
-1.180004925e-01-1.239861697e-01-1.295870245e-01-1.347907484e-01-1.395821422e-01
-1.439420730e-01-1.478464901e-01-1.512655467e-01-1.541625112e-01-1.564930379e-01
-1.582043171e-01-1.592343450e-01-1.595113575e-01-1.589536220e-01-1.574694216e-01
-1.549577266e-01-1.513094753e-01-1.464100182e-01-1.401426494e-01-1.323940754e-01
-1.230615303e-01-1.120625734e-01-9.934709966e-02-8.491196483e-02-6.881754845e-02
-5.120542273e-02-3.231558576e-02-1.250094548e-02 7.763061672e-03 2.787510492e-02
 4.744581878e-02 6.647175550e-02 8.493478596e-02 1.028044224e-01 1.200387850e-01
 1.365854740e-01 1.523830295e-01 1.673632115e-01 1.814547032e-01 1.945879310e-01
 7.257826626e-02 6.955865771e-02 6.426636875e-02 5.818654224e-02 5.179411545e-02
 4.508053511e-02 3.804144636e-02 3.067361005e-02 2.297408134e-02 1.493941620e-02
 6.565016694e-03-2.134479349e-03-1.105805393e-02-2.011073008e-02-2.920536883e-02
-3.826385736e-02-4.721775278e-02-5.600839481e-02-6.458658725e-02-7.291193306e-02
-8.095191419e-02-8.868076652e-02-9.607823193e-02-1.031283289e-01-1.098180115e-01
-1.161359325e-01-1.220711768e-01-1.276121289e-01-1.327452511e-01-1.374541372e-01
-1.417183578e-01-1.455124915e-01-1.488052607e-01-1.515584290e-01-1.537261754e-01
-1.552540660e-01-1.560786217e-01-1.561266482e-01-1.553152204e-01-1.535516977e-01
-1.507346630e-01-1.467553973e-01-1.415005177e-01-1.348560154e-01-1.267128736e-01
-1.169748157e-01-1.055683866e-01-9.245536476e-02-7.764764130e-02-6.122366711e-02
-4.334554076e-02-2.427447215e-02-4.381534643e-03 1.585103571e-02 3.570820019e-02
 5.515860766e-02 7.417689264e-02 9.273324162e-02 1.107881293e-01 1.282891631e-01
 1.451690346e-01 1.613449007e-01 1.767195016e-01 1.911853254e-01 2.046318948e-01
 7.400857657e-02 7.106976211e-02 6.594513357e-02 5.991687998e-02 5.355683714e-02
 4.686696455e-02 3.984981775e-02 3.250801191e-02 2.484311722e-02 1.685503498e-02
 8.541664109e-03-1.055162065e-04-8.984290063e-03-1.799871586e-02-2.706060745e-02
-3.609066457e-02-4.501914605e-02-5.378602445e-02-6.234068424e-02-7.064130157e-02
-7.865389436e-02-8.635126054e-02-9.371171892e-02-1.007178351e-01-1.073551252e-01
-1.136107817e-01-1.194723994e-01-1.249268129e-01-1.299589425e-01-1.345506608e-01
-1.386798322e-01-1.423192620e-01-1.454357207e-01-1.479890794e-01-1.499314904e-01
-1.512066275e-01-1.517490894e-01-1.514840573e-01-1.503272504e-01-1.481852531e-01
-1.449566036e-01-1.405336708e-01-1.348056346e-01-1.276628971e-01-1.190033406e-01
-1.087405160e-01-9.681425989e-02-8.320361376e-02-6.794194877e-02-5.113363266e-02
-3.297108039e-02-1.375033706e-02 6.117381621e-03 2.610176802e-02 4.578743130e-02
 6.517887861e-02 8.426581323e-02 1.030253991e-01 1.214203611e-01 1.393950880e-01
 1.568705142e-01 1.737388521e-01 1.898601204e-01 2.050638795e-01 2.191599011e-01
 7.604421675e-02 7.322453707e-02 6.817840785e-02 6.218957528e-02 5.584109947e-02
 4.914948344e-02 4.213052616e-02 3.479643911e-02 2.715495043e-02 1.920999959e-02
 1.096315123e-02 2.380882157e-03-6.438326091e-03-1.539926417e-02-2.441322617e-02
-3.339984268e-02-4.228800535e-02-5.101616681e-02-5.953209847e-02-6.779227406e-02
-7.576101273e-02-8.340935409e-02-9.071384370e-02-9.765525907e-02-1.042173356e-01
-1.103853956e-01-1.161451787e-01-1.214815676e-01-1.263774931e-01-1.308127642e-01
-1.347630918e-01-1.381990165e-01-1.410850585e-01-1.433787793e-01-1.450300366e-01
-1.459803134e-01-1.461622119e-01-1.454993337e-01-1.439062804e-01-1.412894726e-01
-1.375483871e-01-1.325778961e-01-1.262718141e-01-1.185277477e-01-1.092540473e-01
-9.837853163e-02-8.585957438e-02-7.169937342e-02-5.595896393e-02-3.877434507e-02
-2.037253790e-02-1.086123986e-03 1.863442175e-02 3.823545948e-02 5.770929530e-02
 7.705341280e-02 9.626387805e-02 1.153306812e-01 1.342322528e-01 1.529279649e-01
 1.713469476e-01 1.893722266e-01 2.068201602e-01 2.234217972e-01 2.388256788e-01
 7.884742320e-02 7.619643211e-02 7.112014294e-02 6.511022151e-02 5.869027972e-02
 5.192138255e-02 4.484455287e-02 3.748107702e-02 2.984046936e-02 2.192501165e-02
 1.373174787e-02 5.250669084e-03-3.480210435e-03-1.236185897e-02-2.130333707e-02
-3.022255190e-02-3.904677927e-02-4.771276191e-02-5.616647005e-02-6.436248124e-02
-7.226312906e-02-7.983738929e-02-8.705972880e-02-9.390877932e-02-1.003660634e-01
-1.064147130e-01-1.120381579e-01-1.172189415e-01-1.219375879e-01-1.261714399e-01
-1.298936307e-01-1.330721676e-01-1.356689483e-01-1.376389861e-01-1.389297247e-01
-1.394804120e-01-1.392219067e-01-1.380766183e-01-1.359588802e-01-1.327760518e-01
-1.284303218e-01-1.228214130e-01-1.158508211e-01-1.074274033e-01-9.747478366e-02
-8.594085276e-02-7.280915976e-02-5.811213702e-02-4.194530845e-02-2.448137105e-02
-5.981706083e-03 1.319823507e-02 3.240635619e-02 5.163479969e-02 7.088854164e-02
 9.018084407e-02 1.095300689e-01 1.289567202e-01 1.484796703e-01 1.681097895e-01
 1.878386587e-01 2.076161206e-01 2.273036391e-01 2.465715855e-01 2.647291720e-01
 8.286818117e-02 8.063674718e-02 7.532575727e-02 6.883010268e-02 6.207413226e-02
 5.508727580e-02 4.787912592e-02 4.045068845e-02 3.279893473e-02 2.491833642e-02
 1.680140756e-02 8.438829333e-03-1.769650844e-04-8.948139846e-03-1.778405719e-02
-2.660216764e-02-3.532869741e-02-4.389891028e-02-5.225697905e-02-6.035544723e-02
-6.815442443e-02-7.562057674e-02-8.272590488e-02-8.944656700e-02-9.576149285e-02
-1.016511694e-01-1.070963368e-01-1.120768040e-01-1.165702641e-01-1.205512136e-01
-1.239899471e-01-1.268515885e-01-1.290952861e-01-1.306734085e-01-1.315310597e-01
-1.316056550e-01-1.308268160e-01-1.291166842e-01-1.263907254e-01-1.225592270e-01
-1.175295711e-01-1.112097576e-01-1.035132036e-01-9.436511248e-02-8.371066302e-02
-7.152497768e-02-5.782496557e-02-4.268239439e-02-2.623771690e-02-8.713374846e-03
 9.574666619e-03 2.820870094e-02 4.692344368e-02 6.575276703e-02 8.473049104e-02
 1.038968489e-01 1.233022213e-01 1.430097371e-01 1.630977839e-01 1.836627126e-01
 2.048219591e-01 2.267193198e-01 2.495376319e-01 2.735556960e-01 2.987688780e-01
 8.750888705e-02 8.584073931e-02 7.992473245e-02 7.273389399e-02 6.556917727e-02
 5.834156275e-02 5.100077391e-02 4.351752251e-02 3.587231040e-02 2.805031277e-02
 2.003924921e-02 1.182895899e-02 3.371252446e-03-5.243388936e-03-1.392696705e-02
-2.259738743e-02-3.118018433e-02-3.960923478e-02-4.782684147e-02-5.578336492e-02
-6.343647838e-02-7.075022161e-02-7.769384980e-02-8.424060792e-02-9.036649764e-02
-9.604895115e-02-1.012656242e-01-1.059931740e-01-1.102061421e-01-1.138758808e-01
-1.169695631e-01-1.194493398e-01-1.212715432e-01-1.223861277e-01-1.227362603e-01
-1.222581565e-01-1.208813041e-01-1.185291633e-01-1.151203737e-01-1.105708480e-01
-1.047967374e-01-9.771861136e-02-8.926705271e-02-7.938980311e-02-6.806050241e-02
-5.528911948e-02-4.113361984e-02-2.571220510e-02-9.215122089e-03 8.085314184e-03
 2.582749911e-02 4.374088719e-02 6.183825806e-02 8.014651388e-02 9.870536625e-02
 1.175694168e-01 1.368119568e-01 1.565304399e-01 1.768541038e-01 1.979548186e-01
 2.200630605e-01 2.434922457e-01 2.686768174e-01 2.962275147e-01 3.257044256e-01
 9.064055979e-02 8.921942115e-02 8.319102973e-02 7.590521872e-02 6.862930208e-02
 6.131944433e-02 5.394231528e-02 4.647103697e-02 3.888412938e-02 3.116369806e-02
 2.329366654e-02 1.525805239e-02 7.038534619e-03-1.351271523e-03-9.819314815e-03
-1.828142628e-02-2.666146308e-02-3.489150107e-02-4.291176796e-02-5.067022890e-02
-5.812190473e-02-6.522794068e-02-7.195452601e-02-7.827171683e-02-8.415216208e-02
-8.956991881e-02-9.449919313e-02-9.891317040e-02-1.027829722e-01-1.060765684e-01
-1.087579578e-01-1.107863411e-01-1.121155024e-01-1.126934513e-01-1.124621928e-01
-1.113579497e-01-1.093117073e-01-1.062504053e-01-1.020987332e-01-9.678181261e-02
-9.022893012e-02-8.237845451e-02-7.318417728e-02-6.262301654e-02-5.070430413e-02
-3.748018295e-02-2.305677719e-02-7.604958955e-03 8.631390519e-03 2.533305436e-02
 4.225556552e-02 5.940337479e-02 7.678999007e-02 9.444060177e-02 1.123944744e-01
 1.307081580e-01 1.494601667e-01 1.687576026e-01 1.887454987e-01 2.096202821e-01
 2.316486835e-01 2.551931739e-01 2.807414234e-01 3.089255691e-01 3.390979767e-01
 9.250500053e-02 9.122820944e-02 8.551687747e-02 7.831941545e-02 7.109583914e-02
 6.383764744e-02 5.652794614e-02 4.915021732e-02 4.168905318e-02 3.413008153e-02
 2.645958588e-02 1.866426505e-02 1.073149405e-02 2.629726892e-03-5.554556381e-03
-1.373870764e-02-2.184630558e-02-2.980818413e-02-3.756269440e-02-4.505545273e-02
-5.223875865e-02-5.907072499e-02-6.551426649e-02-7.153595984e-02-7.710490376e-02
-8.219143748e-02-8.676607907e-02-9.079834819e-02-9.425577521e-02-9.710296988e-02
-9.930083901e-02-1.008059457e-01-1.015701145e-01-1.015402600e-01-1.006584987e-01
-9.886276722e-02-9.608783573e-02-9.226703644e-02-8.733470738e-02-8.122958243e-02
-7.389920950e-02-6.530559808e-02-5.543203652e-02-4.429119080e-02-3.193424270e-02
-1.846085489e-02-4.029944539e-03 1.112898067e-02 2.670560963e-02 4.254398495e-02
 5.863363668e-02 7.497149706e-02 9.156313539e-02 1.084244847e-01 1.255838722e-01
 1.430848241e-01 1.609896272e-01 1.793844998e-01 1.983865052e-01 2.181537151e-01
 2.389007062e-01 2.609244883e-01 2.846543491e-01 3.107639849e-01 3.380340934e-01
 9.387720376e-02 9.277582914e-02 8.712901920e-02 8.005941659e-02 7.296487689e-02
 6.583650410e-02 5.866659060e-02 5.144754797e-02 4.417136312e-02 3.682912886e-02
 2.941072173e-02 2.190459147e-02 1.429738849e-02 6.572880782e-03-1.244827639e-03
-9.070235305e-03-1.682535931e-02-2.443956584e-02-3.184940293e-02-3.899825737e-02
-4.583577812e-02-5.231703818e-02-5.840162188e-02-6.405255198e-02-6.923518330e-02
-7.391607016e-02-7.806191593e-02-8.163855970e-02-8.461001515e-02-8.693774045e-02
-8.857998252e-02-8.949133009e-02-8.962259442e-02-8.892093599e-02-8.733040839e-02
-8.479296416e-02-8.125007898e-02-7.664507627e-02-7.092623413e-02-6.405090541e-02
-5.599053204e-02-4.673684016e-02-3.630884737e-02-2.476053685e-02-1.218891889e-02
 1.259999699e-03 1.538435183e-02 2.981695160e-02 4.455605149e-02 5.957221612e-02
 7.484389842e-02 9.035643935e-02 1.061021164e-01 1.220808625e-01 1.383012533e-01
 1.547818333e-01 1.715524644e-01 1.886558384e-01 2.061488330e-01 2.241033316e-01
 2.426057756e-01 2.617537081e-01 2.816421092e-01 3.022904992e-01 3.226587772e-01
 9.454814345e-02 9.359887987e-02 8.805925399e-02 8.116676658e-02 7.424833626e-02
 6.729240716e-02 6.030233577e-02 5.328242108e-02 4.623389244e-02 3.915417194e-02
 3.203735501e-02 2.487491816e-02 1.765644178e-02 1.037051249e-02 2.995500108e-03
-4.388569854e-03-1.170570124e-02-1.888549514e-02-2.586366050e-02-3.258194774e-02
-3.898772225e-02-4.503328726e-02-5.067504942e-02-5.587257072e-02-6.058755144e-02
-6.478285789e-02-6.842155010e-02-7.146597654e-02-7.387706637e-02-7.561364770e-02
-7.663210481e-02-7.688616216e-02-7.632705569e-02-7.490407676e-02-7.256554067e-02
-6.926033646e-02-6.494013220e-02-5.956232175e-02-5.309383571e-02-4.551582411e-02
-3.682927787e-02-2.706142887e-02-1.627302170e-02-4.564551637e-03 7.911168970e-03
 2.096114680e-02 3.435977548e-02 4.807846993e-02 6.208993867e-02 7.636472583e-02
 9.087426960e-02 1.055923402e-01 1.204958260e-01 1.355653554e-01 1.507855654e-01
 1.661453098e-01 1.816370189e-01 1.972552538e-01 2.129934281e-01 2.288372964e-01
 2.447529286e-01 2.606642246e-01 2.764106691e-01 2.916618288e-01 3.057552874e-01
 9.426210076e-02 9.336365759e-02 8.828686178e-02 8.170954138e-02 7.498755306e-02
 6.819387525e-02 6.137930974e-02 5.456870049e-02 4.777172580e-02 4.098920524e-02
 3.421649709e-02 2.744541503e-02 2.066528238e-02 1.386333909e-02 7.024348713e-03
 1.727169001e-04-6.614938844e-03-1.326814946e-02-1.972217113e-02-2.591766790e-02
-3.180025518e-02-3.731991723e-02-4.243028164e-02-4.708780348e-02-5.125090107e-02
-5.487913266e-02-5.793236941e-02-6.037012488e-02-6.215093657e-02-6.323204190e-02
-6.356921792e-02-6.311688572e-02-6.182872131e-02-5.965852365e-02-5.656174570e-02
-5.249755457e-02-4.743162170e-02-4.133965820e-02-3.421172872e-02-2.605738491e-02
-1.691156253e-02-6.839966867e-03 4.048824776e-03 1.562689431e-02 2.762458287e-02
 4.003809020e-02 5.281996354e-02 6.592778116e-02 7.932104915e-02 9.295942634e-02
 1.068023890e-01 1.208093092e-01 1.349397749e-01 1.491537243e-01 1.634115577e-01
 1.776737571e-01 1.918999404e-01 2.060466856e-01 2.200637162e-01 2.338873893e-01
 2.474309355e-01 2.605703771e-01 2.731269002e-01 2.848524749e-01 2.954361141e-01
 9.478529543e-02 9.442368150e-02 8.899378031e-02 8.207977563e-02 7.524815947e-02
 6.847597659e-02 6.178166345e-02 5.517190695e-02 4.864519462e-02 4.219499603e-02
 3.581175581e-02 2.948414534e-02 2.319987491e-02 1.694636047e-02 1.071140729e-02
 4.474452697e-03-1.694932231e-03-7.729650941e-03-1.356635708e-02-1.914581843e-02
-2.441281267e-02-2.931576222e-02-3.380620107e-02-3.783814982e-02-4.136743397e-02
-4.435106367e-02-4.674661160e-02-4.851173609e-02-4.960387200e-02-4.998012260e-02
-4.959743097e-02-4.841308296e-02-4.638562724e-02-4.347626865e-02-3.965081275e-02
-3.488225862e-02-2.915404737e-02-2.246404812e-02-1.482917462e-02-6.290109362e-03
 3.078963608e-03 1.319317892e-02 2.379379794e-02 3.488933295e-02 4.643448070e-02
 5.839025602e-02 7.071401924e-02 8.336082101e-02 9.628337622e-02 1.094317362e-01
 1.227529943e-01 1.361913234e-01 1.496880651e-01 1.631821543e-01 1.766104996e-01
 1.899083406e-01 2.030091733e-01 2.158441544e-01 2.283403873e-01 2.404180467e-01
 2.519863546e-01 2.629392147e-01 2.731519341e-01 2.824827433e-01 2.907816172e-01
 9.461560845e-02 9.467660636e-02 8.904314041e-02 8.165089786e-02 7.459920645e-02
 6.781356037e-02 6.124815345e-02 5.487295613e-02 4.866464436e-02 4.260287806e-02
 3.666902333e-02 3.084586747e-02 2.511749417e-02 1.946918666e-02 1.388710458e-02
 8.357376792e-03 2.896064427e-03-2.430574736e-03-7.560365368e-03-1.243473869e-02
-1.699844189e-02-2.119922265e-02-2.498744987e-02-2.831568383e-02-3.113822639e-02
-3.341069445e-02-3.508966789e-02-3.613249585e-02-3.649723157e-02-3.614285588e-02
-3.502978384e-02-3.312073648e-02-3.038206697e-02-2.678553015e-02-2.231059223e-02
-1.694743894e-02-1.070044003e-02-3.592374269e-03 4.329294432e-03 1.300668344e-02
 2.222748287e-02 3.200583160e-02 4.230441526e-02 5.309293047e-02 6.433620304e-02
 7.599575073e-02 8.802887052e-02 1.003881767e-01 1.130209267e-01 1.258684099e-01
 1.388654858e-01 1.519403458e-01 1.650148034e-01 1.780050248e-01 1.908229887e-01
 2.033782899e-01 2.155802548e-01 2.273401320e-01 2.385724634e-01 2.491960526e-01
 2.591337562e-01 2.683120370e-01 2.766605914e-01 2.841135859e-01 2.906127274e-01
 9.205626696e-02 9.220810235e-02 8.669714630e-02 7.934182882e-02 7.236627489e-02
 6.574636698e-02 5.944102630e-02 5.341083184e-02 4.762016982e-02 4.203781486e-02
 3.663692251e-02 3.139473498e-02 2.629231475e-02 2.131420560e-02 1.644827984e-02
 1.168593578e-02 7.004425861e-03 2.462335164e-03-1.882568351e-03-5.974251777e-03
-9.758798406e-03-1.318450924e-02-1.620182581e-02-1.876316220e-02-2.082271129e-02
-2.233628929e-02-2.326126397e-02-2.355665341e-02-2.318336815e-02-2.210474014e-02
-2.028730512e-02-1.770213805e-02-1.432656310e-02-1.014610939e-02-5.156708416e-03
 6.313744234e-04 7.191217504e-03 1.448015589e-02 2.235346846e-02 3.082510829e-02
 3.986792266e-02 4.946183413e-02 5.958264321e-02 7.020354271e-02 8.129397780e-02
 9.281882644e-02 1.047372743e-01 1.170016229e-01 1.295558512e-01 1.423342228e-01
 1.552600116e-01 1.682445556e-01 1.811872125e-01 1.939763725e-01 2.064920366e-01
 2.186101675e-01 2.302082628e-01 2.411717474e-01 2.514001429e-01 2.608117759e-01
 2.693463862e-01 2.769657075e-01 2.836514413e-01 2.894027829e-01 2.942328453e-01
 8.755612373e-02 8.779213578e-02 8.208889514e-02 7.489285618e-02 6.819792092e-02
 6.194666028e-02 5.608714372e-02 5.056669191e-02 4.533734545e-02 4.035823420e-02
 3.559594974e-02 3.102402203e-02 2.662207931e-02 2.237497270e-02 1.827200875e-02
 1.430621371e-02 1.047340501e-02 6.780765485e-03 3.283165861e-03 3.416561958e-05
-2.914282493e-03-5.512071308e-03-7.711043116e-03-9.465018287e-03-1.072982419e-02
-1.146339346e-02-1.162601169e-02-1.118075009e-02-1.009406615e-02-8.336493745e-03
-5.883229896e-03-2.716362011e-03 1.172423363e-03 5.779780913e-03 1.109414548e-02
 1.707951725e-02 2.366932668e-02 3.087258153e-02 3.867213428e-02 4.705708474e-02
 5.601397902e-02 6.552829593e-02 7.558342069e-02 8.616001904e-02 9.723500162e-02
 1.087803096e-01 1.207612827e-01 1.331346482e-01 1.458461285e-01 1.588274986e-01
 1.719936877e-01 1.852397770e-01 1.984390169e-01 2.114427686e-01 2.240835875e-01
 2.361827344e-01 2.475620806e-01 2.580588758e-01 2.675404549e-01 2.759158015e-01
 2.831417620e-01 2.892228961e-01 2.942056954e-01 2.981676161e-01 3.012037575e-01
 8.005928993e-02 8.013526350e-02 7.481479645e-02 6.798805296e-02 6.180627644e-02
 5.617851019e-02 5.100789666e-02 4.621166736e-02 4.172449186e-02 3.749695048e-02
 3.349271417e-02 2.968577668e-02 2.605820447e-02 2.259850502e-02 1.930042543e-02
 1.616220921e-02 1.318618190e-02 1.038098987e-02 7.766920608e-03 5.394226871e-03
 3.312046407e-03 1.567609143e-03 2.060321713e-04-7.297864649e-04-1.199336955e-03
-1.164742629e-03-5.913734203e-04 5.511835334e-04 2.287772251e-03 4.635971040e-03
 7.611881942e-03 1.122281421e-02 1.545987185e-02 2.027903683e-02 2.569903433e-02
 3.172045574e-02 3.833502159e-02 4.553893954e-02 5.332742631e-02 6.169591472e-02
 7.063946873e-02 8.015251160e-02 9.022829682e-02 1.008582786e-01 1.120310724e-01
 1.237311065e-01 1.359366924e-01 1.486173719e-01 1.617303044e-01 1.752155721e-01
 1.889901459e-01 2.029406726e-01 2.169156820e-01 2.307193726e-01 2.441102713e-01
 2.568105757e-01 2.685301304e-01 2.790023088e-01 2.880201936e-01 2.954628170e-01
 3.013063371e-01 3.056228161e-01 3.085661530e-01 3.103450537e-01 3.111861646e-01
 6.940585375e-02 6.918414682e-02 6.416864693e-02 5.808581039e-02 5.287960917e-02
 4.829838127e-02 4.416344315e-02 4.036171362e-02 3.682237118e-02 3.350090981e-02
 3.036957048e-02 2.741167694e-02 2.461825870e-02 2.198604308e-02 1.951627806e-02
 1.721414365e-02 1.508860476e-02 1.315269060e-02 1.142649539e-02 9.930960834e-03
 8.712838404e-03 7.814776152e-03 7.276603952e-03 7.135607302e-03 7.426129654e-03
 8.180077188e-03 9.425776079e-03 1.118647307e-02 1.347806677e-02 1.627894677e-02
 1.961454749e-02 2.349901572e-02 2.793787606e-02 3.293097392e-02 3.848259896e-02
 4.459640384e-02 5.127499253e-02 5.852128938e-02 6.633859128e-02 7.473078370e-02
 8.370234072e-02 9.325832874e-02 1.034041941e-01 1.141454354e-01 1.254869848e-01
 1.374321580e-01 1.499810815e-01 1.631281227e-01 1.768579185e-01 1.911394149e-01
 2.059168965e-01 2.210968584e-01 2.365290076e-01 2.519809604e-01 2.671102583e-01
 2.814515233e-01 2.944577634e-01 3.056121469e-01 3.145423234e-01 3.210657835e-01
 3.251880407e-01 3.270974159e-01 3.271576166e-01 3.258589208e-01 3.237021863e-01
 5.371532589e-02 5.256466195e-02 4.851360619e-02 4.459891096e-02 4.139625281e-02
 3.851262107e-02 3.582461551e-02 3.328230977e-02 3.086481430e-02 2.856494114e-02
 2.638275735e-02 2.432258800e-02 2.239153720e-02 2.059878409e-02 1.895530708e-02
 1.747390628e-02 1.616941951e-02 1.505911257e-02 1.416319795e-02 1.350481994e-02
 1.311491895e-02 1.302387472e-02 1.326200273e-02 1.385882869e-02 1.483675838e-02
 1.622125693e-02 1.803449541e-02 2.029485814e-02 2.301629633e-02 2.620782703e-02
 2.988129482e-02 3.404767439e-02 3.871610016e-02 4.389441386e-02 4.959056526e-02
 5.581275374e-02 6.256960332e-02 6.987060606e-02 7.772643119e-02 8.614929765e-02
 9.515328705e-02 1.047546938e-01 1.149722859e-01 1.258276254e-01 1.373452395e-01
 1.495527178e-01 1.624802649e-01 1.761598438e-01 1.906230897e-01 2.058971524e-01
 2.219971716e-01 2.389127463e-01 2.565837801e-01 2.748550773e-01 2.933838367e-01
 3.114371300e-01 3.276784718e-01 3.407816589e-01 3.501473069e-01 3.556226194e-01
 3.572660983e-01 3.553503156e-01 3.505419195e-01 3.441492021e-01 3.375497460e-01
 3.224370629e-02 2.851166762e-02 2.868128568e-02 2.912541851e-02 2.869868651e-02
 2.784293145e-02 2.675734274e-02 2.554965578e-02 2.428810671e-02 2.302102186e-02
 2.178540826e-02 2.061127499e-02 1.952408627e-02 1.854633912e-02 1.769870147e-02
 1.700087450e-02 1.647230051e-02 1.613274403e-02 1.600277424e-02 1.610407233e-02
 1.645968482e-02 1.709295250e-02 1.802685671e-02 1.928338222e-02 2.088279650e-02
 2.284425497e-02 2.518524043e-02 2.792127989e-02 3.106593341e-02 3.463119268e-02
 3.862855956e-02 4.306915030e-02 4.796374589e-02 5.332314223e-02 5.915855244e-02
 6.548204273e-02 7.230687141e-02 7.964790612e-02 8.752205968e-02 9.594882280e-02
 1.049508229e-01 1.145545393e-01 1.247911528e-01 1.356975883e-01 1.473178416e-01
 1.597045511e-01 1.729208976e-01 1.870428920e-01 2.021617293e-01 2.183862031e-01
 2.358440757e-01 2.546816766e-01 2.750602365e-01 2.971503139e-01 3.211410046e-01
 3.473665714e-01 3.708471954e-01 3.869346976e-01 3.967804909e-01 4.009861052e-01
 3.990357518e-01 3.914049566e-01 3.773273826e-01 3.613701165e-01 3.492363691e-01
 1.738227345e-02 1.283262577e-02 1.391546521e-02 1.598398574e-02 1.719184965e-02
 1.778656431e-02 1.796353422e-02 1.786643080e-02 1.760058478e-02 1.724475622e-02
 1.685931720e-02 1.649172418e-02 1.618028432e-02 1.595679298e-02 1.584846713e-02
 1.587937027e-02 1.607146300e-02 1.644537970e-02 1.702095754e-02 1.781756245e-02
 1.885422133e-02 2.014945447e-02 2.172108553e-02 2.358601242e-02 2.576006018e-02
 2.825798094e-02 3.109341674e-02 3.427894041e-02 3.782621399e-02 4.174628854e-02
 4.604998976e-02 5.074826255e-02 5.585246906e-02 6.137472391e-02 6.732822955e-02
 7.372768968e-02 8.058960736e-02 8.793276548e-02 9.577870369e-02 1.041522622e-01
 1.130823046e-01 1.226027459e-01 1.327537000e-01 1.435831934e-01 1.551493704e-01
 1.675235480e-01 1.807942986e-01 1.950731575e-01 2.105025351e-01 2.272666395e-01
 2.456061691e-01 2.658373117e-01 2.883725166e-01 3.137382865e-01 3.425850868e-01
 3.734066486e-01 3.969782591e-01 4.131098390e-01 4.222145677e-01 4.239912033e-01
 4.186542630e-01 4.051432908e-01 3.848289251e-01 3.673288226e-01 3.532508910e-01
 7.175803185e-03 2.216051798e-03 3.498924896e-03 5.997618660e-03 7.842470892e-03
 9.162897244e-03 1.008489076e-02 1.072313916e-02 1.117501594e-02 1.152016129e-02
 1.182259619e-02 1.213361137e-02 1.249461062e-02 1.293956675e-02 1.349699125e-02
 1.419142354e-02 1.504452154e-02 1.607581973e-02 1.730323210e-02 1.874336973e-02
 2.041169815e-02 2.232261747e-02 2.448946238e-02 2.692452632e-02 2.963909507e-02
 3.264354169e-02 3.594745323e-02 3.955982625e-02 4.348932207e-02 4.774457961e-02
 5.233458802e-02 5.726906657e-02 6.255879998e-02 6.821603328e-02 7.425475866e-02
 8.069105446e-02 8.754337579e-02 9.483289719e-02 1.025838852e-01 1.108241677e-01
 1.195858419e-01 1.289061606e-01 1.388287693e-01 1.494055837e-01 1.606990546e-01
 1.727856994e-01 1.857608706e-01 1.997458488e-01 2.148981392e-01 2.314276695e-01
 2.496220320e-01 2.698881626e-01 2.928194106e-01 3.192791939e-01 3.501805365e-01
 3.774829209e-01 3.980643749e-01 4.119607210e-01 4.189707637e-01 4.190572202e-01
 4.110132754e-01 3.941772580e-01 3.759734333e-01 3.607787192e-01 3.480088413e-01
 4.898304469e-04-4.751570523e-03-3.902470460e-03-1.449745265e-03 4.983482067e-04
 2.030525357e-03 3.251405898e-03 4.258732777e-03 5.136594642e-03 5.953749642e-03
 6.764972117e-03 7.613660768e-03 8.534606546e-03 9.556374513e-03 1.070310082e-02
 1.199574023e-02 1.345282141e-02 1.509090327e-02 1.692479476e-02 1.896767877e-02
 2.123116888e-02 2.372539602e-02 2.645909227e-02 2.943971753e-02 3.267362714e-02
 3.616628423e-02 3.992250189e-02 4.394676164e-02 4.824356362e-02 5.281784385e-02
 5.767545104e-02 6.282360852e-02 6.827136874e-02 7.402999699e-02 8.011329919e-02
 8.653780073e-02 9.332291782e-02 1.004910395e-01 1.080676541e-01 1.160814911e-01
 1.245649159e-01 1.335544437e-01 1.430916488e-01 1.532242894e-01 1.640081555e-01
 1.755093485e-01 1.878075302e-01 2.010004669e-01 2.152104378e-01 2.305936962e-01
 2.473553419e-01 2.657747865e-01 2.862572670e-01 3.094881773e-01 3.342776000e-01
 3.550918102e-01 3.710716665e-01 3.819310665e-01 3.875631988e-01 3.871370256e-01
 3.803606629e-01 3.679685891e-01 3.560884893e-01 3.452596366e-01 3.355204165e-01
-3.921198659e-03-9.540511295e-03-8.907764219e-03-6.825763267e-03-5.202129483e-03
-3.886051709e-03-2.748004626e-03-1.687981072e-03-6.347329472e-04 4.604799615e-04
 1.631011721e-03 2.900799504e-03 4.288627300e-03 5.810786039e-03 7.482453249e-03
 9.318163618e-03 1.133172680e-02 1.353586465e-02 1.594180800e-02 1.855895855e-02
 2.139472775e-02 2.445453405e-02 2.774193138e-02 3.125887364e-02 3.500598297e-02
 3.898288310e-02 4.318851978e-02 4.762156308e-02 5.228086933e-02 5.716606230e-02
 6.227818877e-02 6.762044877e-02 7.319882512e-02 7.902266085e-02 8.510493487e-02
 9.146234393e-02 9.811512381e-02 1.050867289e-01 1.124033853e-01 1.200937778e-01
 1.281887740e-01 1.367214471e-01 1.457271874e-01 1.552440673e-01 1.653134227e-01
 1.759803742e-01 1.872942597e-01 1.993087381e-01 2.120808810e-01 2.256677896e-01
 2.401180267e-01 2.554498911e-01 2.715989649e-01 2.882995307e-01 3.047509193e-01
 3.192881942e-01 3.309978545e-01 3.394159973e-01 3.442436159e-01 3.453269303e-01
 3.427908421e-01 3.378437757e-01 3.318157792e-01 3.253905475e-01 3.189758658e-01
-5.361752119e-03-1.136445068e-02-1.149941236e-02-1.040341891e-02-9.709345177e-03
-9.106187150e-03-8.414048702e-03-7.548342459e-03-6.481693126e-03-5.214839242e-03
-3.758598352e-03-2.123963553e-03-3.173979640e-04 1.660610433e-03 3.815001110e-03
 6.154517643e-03 8.689693175e-03 1.143093035e-02 1.438697055e-02 1.756389998e-02
 2.096472494e-02 2.458942682e-02 2.843535878e-02 3.249779716e-02 3.677045554e-02
 4.124592245e-02 4.591595009e-02 5.077178404e-02 5.580464005e-02 6.100646406e-02
 6.637099385e-02 7.189504802e-02 7.757976651e-02 8.343157172e-02 8.946263790e-02
 9.569068998e-02 1.021382809e-01 1.088316515e-01 1.157992855e-01 1.230707467e-01
 1.306756437e-01 1.386429667e-01 1.470006555e-01 1.557752937e-01 1.649916768e-01
 1.746720523e-01 1.848346591e-01 1.954910308e-01 2.066413164e-01 2.182662040e-01
 2.303135246e-01 2.426764816e-01 2.551618218e-01 2.674517035e-01 2.790867984e-01
 2.895301580e-01 2.982992828e-01 3.050496578e-01 3.095944822e-01 3.119207621e-01
 3.122164905e-01 3.108602464e-01 3.083134294e-01 3.049954176e-01 3.012330234e-01
-2.358958824e-03-8.310667239e-03-1.105240546e-02-1.270509046e-02-1.403014455e-02
-1.471582800e-02-1.469722204e-02-1.406592410e-02-1.294368319e-02-1.144005265e-02
-9.640947916e-03-7.605973165e-03-5.369694438e-03-2.945645247e-03-3.320421383e-04
 2.482041018e-03 5.511072930e-03 8.768618107e-03 1.226427220e-02 1.600198075e-02
 1.997968554e-02 2.419007011e-02 2.862196602e-02 3.326189145e-02 3.809516877e-02
 4.310638085e-02 4.827917740e-02 5.359591171e-02 5.903755501e-02 6.458452344e-02
 7.021857053e-02 7.592557371e-02 8.169839531e-02 8.753909916e-02 9.345997125e-02
 9.948295355e-02 1.056376621e-01 1.119583324e-01 1.184804738e-01 1.252380759e-01
 1.322616339e-01 1.395772994e-01 1.472063214e-01 1.551648229e-01 1.634632498e-01
 1.721053720e-01 1.810865253e-01 1.903907359e-01 1.999865919e-01 2.098211795e-01
 2.198123634e-01 2.298398018e-01 2.397366315e-01 2.492871433e-01 2.582364082e-01
 2.663166225e-01 2.732835710e-01 2.789508998e-01 2.832135558e-01 2.860600352e-01
 2.875725329e-01 2.879112959e-01 2.872833014e-01 2.859065235e-01 2.839825749e-01
 1.514006988e-03-4.685235675e-03-1.052995212e-02-1.619162038e-02-2.129718289e-02
-2.299879119e-02-2.312332392e-02-2.221008018e-02-2.059860155e-02-1.852658205e-02
-1.615814492e-02-1.359339524e-02-1.087703370e-02-8.011880331e-03-4.975011572e-03
-1.732349279e-03 1.750434516e-03 5.500640254e-03 9.534105659e-03 1.385315973e-02
 1.844708063e-02 2.329510823e-02 2.837122232e-02 3.364879265e-02 3.910334781e-02
 4.471262917e-02 5.045440793e-02 5.630310997e-02 6.222698465e-02 6.818778068e-02
 7.414460927e-02 8.006136864e-02 8.591451496e-02 9.169852734e-02 9.742825478e-02
 1.031379476e-01 1.088765562e-01 1.146994904e-01 1.206597760e-01 1.268020421e-01
 1.331604123e-01 1.397588253e-01 1.466121972e-01 1.537273377e-01 1.611032635e-01
 1.687308848e-01 1.765917689e-01 1.846564710e-01 1.928819567e-01 2.012087703e-01
 2.095580101e-01 2.178290784e-01 2.258992493e-01 2.336268574e-01 2.408589125e-01
 2.474435121e-01 2.532449365e-01 2.581582367e-01 2.621206045e-01 2.651173472e-01
 2.671812773e-01 2.683862150e-01 2.688346803e-01 2.686441839e-01 2.679343522e-01
 3.475586651e-03-3.538715653e-03-1.118595339e-02-1.986394264e-02-2.946108207e-02
-3.480615094e-02-3.496065363e-02-3.257149085e-02-2.961320616e-02-2.637434192e-02
-2.307978831e-02-1.984019019e-02-1.665202901e-02-1.344054006e-02-1.010623388e-02
-6.553912535e-03-2.705701161e-03 1.493558637e-03 6.072504912e-03 1.102962904e-02
 1.633293368e-02 2.192799747e-02 2.775448188e-02 3.376216814e-02 3.991771489e-02
 4.620167986e-02 5.259987712e-02 5.909165740e-02 6.563623250e-02 7.216207683e-02
 7.857388258e-02 8.478198946e-02 9.072820842e-02 9.639285505e-02 1.017962098e-01
 1.070021093e-01 1.121133491e-01 1.172440350e-01 1.224862710e-01 1.278994679e-01
 1.335169077e-01 1.393545717e-01 1.454168260e-01 1.516996026e-01 1.581915766e-01
 1.648743302e-01 1.717218161e-01 1.786994040e-01 1.857627332e-01 1.928565949e-01
 1.999142766e-01 2.068575770e-01 2.135982215e-01 2.200407535e-01 2.260874808e-01
 2.316447794e-01 2.366302907e-01 2.409797311e-01 2.446521521e-01 2.476328909e-01
 2.499334663e-01 2.515888810e-01 2.526525557e-01 2.531900108e-01 2.532727718e-01
 6.020897534e-03-1.191006857e-03-9.330006316e-03-1.887514815e-02-3.020288236e-02
-3.875198215e-02-4.319619015e-02-4.336435720e-02-3.923691809e-02-3.394673020e-02
-2.935577370e-02-2.554771304e-02-2.223064937e-02-1.906216331e-02-1.577297598e-02
-1.217680890e-02-8.143534884e-03-3.580541117e-03 1.568805659e-03 7.307702675e-03
 1.355515327e-02 2.014669217e-02 2.691544592e-02 3.376806155e-02 4.068223387e-02
 4.767608270e-02 5.478475243e-02 6.204311177e-02 6.946007162e-02 7.693511993e-02
 8.414290845e-02 9.082881361e-02 9.691447765e-02 1.023748145e-01 1.072106808e-01
 1.114909500e-01 1.155027896e-01 1.196094081e-01 1.239423603e-01 1.285274625e-01
 1.333621293e-01 1.384344548e-01 1.437284946e-01 1.492254585e-01 1.549034566e-01
 1.607367396e-01 1.666949242e-01 1.727421880e-01 1.788367033e-01 1.849302202e-01
 1.909681857e-01 1.968903691e-01 2.026321441e-01 2.081267536e-01 2.133081257e-01
 2.181144208e-01 2.224916518e-01 2.263971120e-01 2.298019677e-01 2.326927483e-01
 2.350714952e-01 2.369545996e-01 2.383704036e-01 2.393564135e-01 2.399558276e-01
 9.988361970e-03 3.399014473e-03-3.861842910e-03-1.191074215e-02-2.074800432e-02
-3.015880287e-02-3.846076503e-02-4.269757122e-02-4.240459949e-02-3.719977662e-02
-3.217994422e-02-2.921880968e-02-2.718401887e-02-2.498561703e-02-2.233868465e-02
-1.910903677e-02-1.518436894e-02-1.044452004e-02-4.749955144e-03 2.052480355e-03
 1.001540944e-02 1.833406836e-02 2.633013763e-02 3.405180201e-02 4.162646085e-02
 4.918438569e-02 5.685650557e-02 6.478687376e-02 7.315906882e-02 8.221969008e-02
 9.058235586e-02 9.781350195e-02 1.040689945e-01 1.092739254e-01 1.133919954e-01
 1.162628308e-01 1.184129268e-01 1.213030294e-01 1.247060522e-01 1.284990311e-01
 1.326069534e-01 1.369791478e-01 1.415778250e-01 1.463712603e-01 1.513297856e-01
 1.564232856e-01 1.616196781e-01 1.668841243e-01 1.721785069e-01 1.774613112e-01
 1.826879531e-01 1.878113151e-01 1.927827597e-01 1.975535750e-01 2.020767480e-01
 2.063088119e-01 2.102120072e-01 2.137559056e-01 2.169188708e-01 2.196888775e-01
 2.220636010e-01 2.240499854e-01 2.256629765e-01 2.269241810e-01 2.278600186e-01
 1.513598487e-02 9.626031853e-03 3.715028055e-03-2.598188119e-03-9.230212308e-03
-1.600602083e-02-2.267367393e-02-2.892943472e-02-3.249415010e-02-3.031543642e-02
-2.771551162e-02-2.733596601e-02-2.779772691e-02-2.702345513e-02-2.528183348e-02
-2.264584601e-02-1.906907372e-02-1.444204804e-02-8.575086482e-03-1.108382829e-03
 8.623054251e-03 1.853450947e-02 2.725748159e-02 3.533903882e-02 4.310377687e-02
 5.077299476e-02 5.852968991e-02 6.655818224e-02 7.507820427e-02 8.432216197e-02
 9.284547716e-02 1.001266167e-01 1.063046977e-01 1.113362834e-01 1.151397973e-01
 1.175240278e-01 1.191265956e-01 1.214632094e-01 1.243300587e-01 1.275852621e-01
 1.311428845e-01 1.349492520e-01 1.389666647e-01 1.431640387e-01 1.475119293e-01
 1.519805789e-01 1.565390229e-01 1.611548066e-01 1.657938063e-01 1.704204082e-01
 1.749978215e-01 1.794883311e-01 1.838542670e-01 1.880587190e-01 1.920666248e-01
 1.958459318e-01 1.993686408e-01 2.026119232e-01 2.055587173e-01 2.081983685e-01
 2.105266005e-01 2.125453055e-01 2.142620236e-01 2.156890929e-01 2.168426365e-01
 0.208451509E+01 0.211393833E+01 0.213152099E+01 0.215011001E+01 0.216834998E+01
 0.218961763E+01 0.220735478E+01 0.222279978E+01 0.223864365E+01 0.225461578E+01
 0.226883316E+01 0.228406930E+01 0.229882383E+01 0.231262088E+01 0.232707047E+01
 0.234167886E+01 0.235533357E+01 0.236956930E+01 0.238418007E+01 0.239868569E+01
 0.241305351E+01 0.242790270E+01 0.244338799E+01 0.245893836E+01 0.247488260E+01
 0.249133873E+01 0.250845122E+01 0.252615690E+01 0.254440236E+01 0.256340981E+01
 0.258343816E+01 0.260433269E+01 0.262596059E+01 0.264871192E+01 0.267265892E+01
 0.269790196E+01 0.272447705E+01 0.275241303E+01 0.278192616E+01 0.281323981E+01
 0.284638762E+01 0.288163996E+01 0.291902518E+01 0.295883751E+01 0.300143313E+01
 0.304694653E+01 0.309570074E+01 0.314826941E+01 0.320476127E+01 0.326599741E+01
 0.333234358E+01 0.340464187E+01 0.348382187E+01 0.357080340E+01 0.366753197E+01
 0.377495241E+01 0.389647317E+01 0.403483105E+01 0.419551516E+01 0.438521004E+01
 0.461652327E+01 0.491254663E+01 0.531575823E+01 0.598247433E+01 0.102448215E+02
   88   86
 0.107923520E+01-0.500000007E-01 0.108006680E+01 0.500000007E-01 0.108713949E+01
 0.145326048E+00 0.110068870E+01 0.245000005E+00 0.111020780E+01 0.300000012E+00
 0.112971830E+01 0.395000011E+00 0.114145434E+01 0.448240757E+00 0.115764904E+01
 0.516986787E+00 0.117713547E+01 0.595000029E+00 0.119148266E+01 0.649932265E+00
 0.121057355E+01 0.719754755E+00 0.123373938E+01 0.795000017E+00 0.125212681E+01
 0.848800004E+00 0.127373385E+01 0.899999976E+00 0.130531323E+01 0.949999988E+00
 0.134203124E+01 0.981461406E+00 0.139249992E+01 0.992355466E+00 0.144562507E+01
 0.989128411E+00 0.149778545E+01 0.977076530E+00 0.154921877E+01 0.958850026E+00
 0.157843757E+01 0.947030067E+00 0.163148153E+01 0.922068834E+00 0.166350603E+01
 0.903727233E+00 0.171125007E+01 0.875719786E+00 0.174229717E+01 0.854147255E+00
 0.179093742E+01 0.819391787E+00 0.181750011E+01 0.798133254E+00 0.186790550E+01
 0.754999995E+00 0.189718747E+01 0.728882372E+00 0.192374992E+01 0.702808321E+00
 0.196974397E+01 0.654999971E+00 0.200343752E+01 0.617099106E+00 0.202999997E+01
 0.584391534E+00 0.205725408E+01 0.548098624E+00 0.208697176E+01 0.504999995E+00
 0.211772442E+01 0.454999983E+00 0.214477181E+01 0.405608505E+00 0.216915751E+01
 0.355774581E+00 0.219203138E+01 0.303023487E+00 0.221821952E+01 0.232899055E+00
 0.224009323E+01 0.160000011E+00 0.225136042E+01 0.109999999E+00 0.226224613E+01
 0.113782817E-01 0.225772762E+01-0.850000009E-01 0.224891806E+01-0.144683689E+00
 0.222509742E+01-0.238246337E+00 0.220829034E+01-0.290000021E+00 0.218951583E+01
-0.340000004E+00 0.216800594E+01-0.391661942E+00 0.214421678E+01-0.443155497E+00
 0.211765623E+01-0.494093418E+00 0.208833170E+01-0.543908775E+00 0.205587697E+01
-0.593456924E+00 0.202012110E+01-0.642584801E+00 0.198749995E+01-0.683625698E+00
 0.196079433E+01-0.715310633E+00 0.193276131E+01-0.746535420E+00 0.188696015E+01
-0.794150293E+00 0.185468745E+01-0.826251388E+00 0.182771480E+01-0.851208806E+00
 0.177744877E+01-0.894648433E+00 0.174843740E+01-0.918921232E+00 0.171274948E+01
-0.944999993E+00 0.166875005E+01-0.976831019E+00 0.163835633E+01-0.995414078E+00
 0.158906245E+01-0.102545547E+01 0.154812205E+01-0.104560351E+01 0.150937510E+01
-0.106534958E+01 0.145853519E+01-0.108592486E+01 0.142533720E+01-0.109738660E+01
 0.137656260E+01-0.111444104E+01 0.132609379E+01-0.112771881E+01 0.127197826E+01
-0.113681352E+01 0.124176908E+01-0.114073384E+01 0.122757316E+01-0.105902874E+01
 0.121660578E+01-0.959999979E+00 0.120986819E+01-0.904999971E+00 0.119574559E+01
-0.810000002E+00 0.118623233E+01-0.752831340E+00 0.116940188E+01-0.659778833E+00
 0.115911388E+01-0.605000019E+00 0.114084303E+01-0.509999990E+00 0.113046741E+01
-0.454999983E+00 0.111329508E+01-0.359999985E+00 0.110421598E+01-0.305000007E+00
 0.109106588E+01-0.210000008E+00 0.108208752E+01-0.109999999E+00 0.107962024E+01
-0.573823676E-01
 0.101600003E+01 0.000000000E+00 0.101600003E+01 0.963999987E+00 0.101600003E+01
 0.967999995E+00 0.101600003E+01 0.100100005E+01 0.101600003E+01 0.101900005E+01
 0.101600003E+01 0.107700002E+01 0.101600003E+01 0.107000005E+01 0.101600003E+01
 0.109599996E+01 0.101600003E+01 0.111300004E+01 0.101600003E+01 0.113800001E+01
 0.101600003E+01 0.114699996E+01 0.101199996E+01 0.116499996E+01 0.100100005E+01
 0.121700001E+01 0.102900004E+01 0.121700001E+01 0.104200006E+01 0.116240001E+01
 0.104600000E+01 0.116237998E+01 0.105599999E+01 0.116260004E+01 0.109700000E+01
 0.116450000E+01 0.110800004E+01 0.116594005E+01 0.111600006E+01 0.116591001E+01
 0.113399994E+01 0.116895998E+01 0.114800000E+01 0.117174995E+01 0.116199994E+01
 0.117556000E+01 0.118099999E+01 0.118299997E+01 0.118200004E+01 0.118350005E+01
 0.118499994E+01 0.118499994E+01 0.119000006E+01 0.118799996E+01 0.119500005E+01
 0.119099998E+01 0.120099998E+01 0.119599998E+01 0.120899999E+01 0.120200002E+01
 0.121500003E+01 0.120799994E+01 0.122200000E+01 0.121399999E+01 0.122800004E+01
 0.122099996E+01 0.123399997E+01 0.123099995E+01 0.123899996E+01 0.123800004E+01
 0.124199998E+01 0.124399996E+01 0.124800003E+01 0.125399995E+01 0.125800002E+01
 0.127800000E+01 0.126300001E+01 0.128999996E+01 0.127999997E+01 0.133099997E+01
 0.127999997E+01 0.134700000E+01 0.127999997E+01 0.134800005E+01 0.130999994E+01
 0.134800005E+01 0.132799995E+01 0.134800005E+01 0.136099994E+01 0.134800005E+01
 0.138000000E+01 0.134800005E+01 0.141900003E+01 0.134800005E+01 0.141900003E+01
 0.130999994E+01 0.137199998E+01 0.130999994E+01 0.137199998E+01 0.129200006E+01
 0.160800004E+01 0.109500003E+01 0.164699996E+01 0.107700002E+01 0.178499997E+01
 0.107700002E+01 0.206999993E+01 0.103999996E+01 0.212800002E+01 0.992999971E+00
 0.224499989E+01 0.708999991E+00 0.232299995E+01 0.518999994E+00 0.237700009E+01
 0.388999999E+00 0.236249995E+01 0.400000006E+00 0.236443496E+01 0.222000003E+00
 0.236496902E+01 0.133000001E+00 0.236532402E+01 0.439999998E-01 0.236512089E+01
-0.439999998E-01 0.236484194E+01-0.133000001E+00 0.236433411E+01-0.222000003E+00
 0.236249995E+01-0.400000006E+00 0.237700009E+01-0.388999999E+00 0.213400006E+01
-0.972999990E+00 0.178600001E+01-0.117400002E+01 0.176800001E+01-0.121099997E+01
 0.176800001E+01-0.125000000E+01 0.168200004E+01-0.125000000E+01 0.137199998E+01
-0.125000000E+01 0.137199998E+01-0.132900000E+01 0.141999996E+01-0.132900000E+01
 0.141999996E+01-0.136300004E+01 0.127300000E+01-0.136300004E+01 0.115300000E+01
-0.136300004E+01 0.101600003E+01-0.122300005E+01 0.101600003E+01-0.122300005E+01
 0.101600003E+01-0.829999983E+00 0.101600003E+01-0.800000012E+00 0.101600003E+01
-0.414999992E+00 0.101600003E+01-0.400000006E+00 0.101600003E+01-0.100000005E-02
 0.101600003E+01 0.000000000E+00
    0 0.169550002E+01    0
 0.000000000E+00 0.105209403E+00 0.149346784E+00 0.183418661E+00 0.212327778E+00
 0.236614943E+00 0.260079682E+00 0.281681210E+00 0.301884115E+00 0.321038425E+00
 0.339116991E+00 0.356458932E+00 0.373121381E+00 0.389105678E+00 0.404597580E+00
 0.419621736E+00 0.434202552E+00 0.448350906E+00 0.462215751E+00 0.475732714E+00
 0.488917887E+00 0.501889765E+00 0.514601409E+00 0.527080178E+00 0.539325476E+00
 0.551384687E+00 0.563315213E+00 0.575046599E+00 0.586598516E+00 0.598037720E+00
 0.609342456E+00 0.620532572E+00 0.631635904E+00 0.642600119E+00 0.653488338E+00
 0.664313793E+00 0.675050199E+00 0.685730040E+00 0.696362317E+00 0.706946135E+00
 0.717493415E+00 0.728008032E+00 0.738509715E+00 0.748993397E+00 0.759487331E+00
 0.769998908E+00 0.780510247E+00 0.791071475E+00 0.801649213E+00 0.812309027E+00
 0.823021293E+00 0.833819747E+00 0.844728887E+00 0.855745137E+00 0.866922140E+00
 0.878228128E+00 0.889768839E+00 0.901524127E+00 0.913580418E+00 0.925967991E+00
 0.938797057E+00 0.952189207E+00 0.966283441E+00 0.981685758E+00 0.100000000E+01
    0
