  EFITD    06/25/2013    #1553463000.0ms  EFIT01   0  65  65
 0.170000005E+01 0.320000005E+01 0.169550002E+01 0.839999974E+00 0.000000000E+00
 0.181603408E+01-0.144450553E-01-0.182701647E+00-0.288364198E-02 0.165880263E+01
 0.102333906E+07-0.182701647E+00 0.000000000E+00 0.181603408E+01 0.000000000E+00
-0.144450553E-01 0.000000000E+00-0.288364198E-02 0.000000000E+00 0.000000000E+00
 0.276100039E+01 0.276357460E+01 0.276605511E+01 0.276844358E+01 0.277074242E+01
 0.277295303E+01 0.277507782E+01 0.277711821E+01 0.277907658E+01 0.278095484E+01
 0.278275442E+01 0.278447723E+01 0.278612566E+01 0.278770089E+01 0.278920507E+01
 0.279064012E+01 0.279200768E+01 0.279330969E+01 0.279454756E+01 0.279572344E+01
 0.279683924E+01 0.279789639E+01 0.279889679E+01 0.279984212E+01 0.280073452E+01
 0.280157518E+01 0.280236602E+01 0.280310893E+01 0.280380583E+01 0.280445766E+01
 0.280506706E+01 0.280563545E+01 0.280616426E+01 0.280665541E+01 0.280711079E+01
 0.280753183E+01 0.280792046E+01 0.280827808E+01 0.280860686E+01 0.280890799E+01
 0.280918360E+01 0.280943537E+01 0.280966473E+01 0.280987310E+01 0.281006312E+01
 0.281023550E+01 0.281039286E+01 0.281053591E+01 0.281066704E+01 0.281078792E+01
 0.281089997E+01 0.281100512E+01 0.281110477E+01 0.281120062E+01 0.281129456E+01
 0.281138849E+01 0.281148362E+01 0.281158209E+01 0.281168509E+01 0.281179476E+01
 0.281191254E+01 0.281204033E+01 0.281217957E+01 0.281233239E+01 0.281250000E+01
 0.104755906E+06 0.101857492E+06 0.989991406E+05 0.961808281E+05 0.934025703E+05
 0.906643672E+05 0.879662188E+05 0.853081094E+05 0.826900547E+05 0.801120547E+05
 0.775741016E+05 0.750762031E+05 0.726183438E+05 0.702005469E+05 0.678227969E+05
 0.654851016E+05 0.631874531E+05 0.609298594E+05 0.587123125E+05 0.565348125E+05
 0.543973711E+05 0.522999766E+05 0.502426328E+05 0.482253398E+05 0.462480977E+05
 0.443109062E+05 0.424137656E+05 0.405566797E+05 0.387396406E+05 0.369626484E+05
 0.352257109E+05 0.335288242E+05 0.318719883E+05 0.302552031E+05 0.286784688E+05
 0.271417832E+05 0.256451484E+05 0.241885664E+05 0.227720352E+05 0.213955547E+05
 0.200591230E+05 0.187627422E+05 0.175064141E+05 0.162901348E+05 0.151139072E+05
 0.139777305E+05 0.128816035E+05 0.118255283E+05 0.108095039E+05 0.983352930E+04
 0.889760547E+04 0.800173242E+04 0.714591016E+04 0.633013867E+04 0.555441797E+04
 0.481874805E+04 0.412312891E+04 0.346756030E+04 0.285204248E+04 0.227657520E+04
 0.174115869E+04 0.124579297E+04 0.790477966E+03 0.375213623E+03 0.000000000E+00
 0.257634401E+01 0.248549056E+01 0.239633083E+01 0.230886412E+01 0.222309113E+01
 0.213901138E+01 0.205662537E+01 0.197593260E+01 0.189693308E+01 0.181962705E+01
 0.174401450E+01 0.167009521E+01 0.159786952E+01 0.152733707E+01 0.145849812E+01
 0.139135265E+01 0.132590044E+01 0.126214170E+01 0.120007634E+01 0.113970447E+01
 0.108102596E+01 0.102404094E+01 0.968749166E+00 0.915150881E+00 0.863246024E+00
 0.813034534E+00 0.764516532E+00 0.717691898E+00 0.672560692E+00 0.629122853E+00
 0.587378383E+00 0.547327399E+00 0.508969784E+00 0.472305655E+00 0.437334865E+00
 0.404057503E+00 0.372473538E+00 0.342583001E+00 0.314385891E+00 0.287882149E+00
 0.263071835E+00 0.239954904E+00 0.218531400E+00 0.198801309E+00 0.180764630E+00
 0.164421365E+00 0.149771497E+00 0.136815041E+00 0.125551999E+00 0.115982369E+00
 0.108106136E+00 0.101923332E+00 0.974339247E-01 0.946379229E-01 0.935353339E-01
 0.941261575E-01 0.964103937E-01 0.100388028E+00 0.106059074E+00 0.113423541E+00
 0.122481406E+00 0.133232683E+00 0.145677373E+00 0.159815460E+00 0.175646976E+00
-0.103872875E+07-0.102447362E+07-0.101021850E+07-0.995963375E+06-0.981708312E+06
-0.967453250E+06-0.953198125E+06-0.938943000E+06-0.924687875E+06-0.910432812E+06
-0.896177750E+06-0.881922625E+06-0.867667500E+06-0.853412375E+06-0.839157250E+06
-0.824902188E+06-0.810647125E+06-0.796392000E+06-0.782136875E+06-0.767881750E+06
-0.753626688E+06-0.739371562E+06-0.725116500E+06-0.710861375E+06-0.696606250E+06
-0.682351125E+06-0.668096062E+06-0.653841000E+06-0.639585875E+06-0.625330750E+06
-0.611075625E+06-0.596820562E+06-0.582565500E+06-0.568310375E+06-0.554055250E+06
-0.539800125E+06-0.525545062E+06-0.511289938E+06-0.497034812E+06-0.482779750E+06
-0.468524625E+06-0.454269531E+06-0.440014438E+06-0.425759312E+06-0.411504219E+06
-0.397249125E+06-0.382994031E+06-0.368738938E+06-0.354483812E+06-0.340228688E+06
-0.325973625E+06-0.311718500E+06-0.297463406E+06-0.283208312E+06-0.268953188E+06
-0.254698094E+06-0.240443000E+06-0.226187906E+06-0.211932797E+06-0.197677703E+06
-0.183422594E+06-0.169167500E+06-0.154912391E+06-0.140657281E+06-0.126402188E+06
 2.530364133e-02 2.275066450e-02 2.015386894e-02 1.747002825e-02 1.466926746e-02
 1.172741223e-02 8.610688150e-03 5.258228630e-03 1.652738545e-03-2.295368584e-03
-7.141920272e-03-1.358706970e-02-2.033177763e-02-2.473877743e-02-2.733573690e-02
-2.833790705e-02-2.778790146e-02-2.562393248e-02-2.164545096e-02-1.542213932e-02
-6.121124141e-03 3.615872003e-03 1.178045571e-02 1.906978898e-02 2.587728575e-02
 3.244898468e-02 3.896509111e-02 4.558326304e-02 5.247014761e-02 5.980623513e-02
 6.667165458e-02 7.277342677e-02 7.822059095e-02 8.295919746e-02 8.695460856e-02
 9.009873867e-02 9.275574237e-02 9.590597451e-02 9.940665960e-02 1.031736359e-01
 1.071585119e-01 1.113319099e-01 1.156726182e-01 1.201611906e-01 1.247769967e-01
 1.294971108e-01 1.342960596e-01 1.391458958e-01 1.440162957e-01 1.488747895e-01
 1.536870003e-01 1.584173143e-01 1.630293727e-01 1.674870849e-01 1.717555821e-01
 1.758023798e-01 1.795985252e-01 1.831196547e-01 1.863468736e-01 1.892673373e-01
 1.918745041e-01 1.941680759e-01 1.961535364e-01 1.978414506e-01 1.992465258e-01
 2.095291391e-02 1.811779104e-02 1.533722319e-02 1.257788949e-02 9.800389409e-03
 6.963449530e-03 4.081116524e-03 1.187428832e-03-1.786044217e-03-4.943060689e-03
-8.613716811e-03-1.290429756e-02-1.707918569e-02-2.012465335e-02-2.190656960e-02
-2.241865173e-02-2.163489163e-02-1.948782057e-02-1.586497016e-02-1.062495168e-02
-3.751298413e-03 3.710857593e-03 1.081483532e-02 1.756594703e-02 2.408858016e-02
 3.051038831e-02 3.695311397e-02 4.354161769e-02 5.042223632e-02 5.775651336e-02
 6.466139853e-02 7.083567977e-02 7.637852430e-02 8.127333224e-02 8.547764271e-02
 8.887812495e-02 9.187237173e-02 9.539231658e-02 9.930507839e-02 1.035255492e-01
 1.080013067e-01 1.126972735e-01 1.175870672e-01 1.226476878e-01 1.278564036e-01
 1.331887543e-01 1.386175752e-01 1.441121697e-01 1.496382058e-01 1.551574469e-01
 1.606281400e-01 1.660054326e-01 1.712423861e-01 1.762912273e-01 1.811049879e-01
 1.856394708e-01 1.898551881e-01 1.937192380e-01 1.972068548e-01 2.003025413e-01
 2.030003518e-01 2.053037584e-01 2.072246969e-01 2.087821960e-01 2.100008428e-01
 1.599266939e-02 1.297280658e-02 1.014729030e-02 7.474581711e-03 4.895636812e-03
 2.527260222e-03 3.415548708e-04-1.718261861e-03-3.695109393e-03-5.746709183e-03
-7.904286496e-03-1.005109027e-02-1.195626706e-02-1.335637458e-02-1.404974982e-02
-1.390973479e-02-1.285737567e-02-1.084365882e-02-7.852491923e-03-3.926895093e-03
 7.887792308e-04 6.046732422e-03 1.159668062e-02 1.728462428e-02 2.305200882e-02
 2.889680117e-02 3.484428674e-02 4.092964903e-02 4.718168080e-02 5.356061086e-02
 5.977663398e-02 6.563886255e-02 7.111880183e-02 7.620763779e-02 8.090019226e-02
 8.521986008e-02 8.939817548e-02 9.375767410e-02 9.836275876e-02 1.032143831e-01
 1.083026677e-01 1.136148423e-01 1.191366240e-01 1.248518974e-01 1.307418346e-01
 1.367839873e-01 1.429513395e-01 1.492115855e-01 1.555263698e-01 1.618509591e-01
 1.681341529e-01 1.743186712e-01 1.803423017e-01 1.861396730e-01 1.916449368e-01
 1.967949867e-01 2.015331089e-01 2.058124542e-01 2.095989287e-01 2.128732502e-01
 2.156314850e-01 2.178844362e-01 2.196558714e-01 2.209796309e-01 2.218967080e-01
 9.951254353e-03 6.763182580e-03 4.070215859e-03 1.809300855e-03-1.282652229e-04
-1.670926693e-03-2.906716196e-03-4.016933031e-03-5.108688958e-03-6.193303503e-03
-7.241152227e-03-8.180251345e-03-8.904283866e-03-9.292028844e-03-9.229389951e-03
-8.623745292e-03-7.409423590e-03-5.549680442e-03-3.039694857e-03 8.925897419e-05
 3.769253381e-03 7.905770093e-03 1.239884272e-02 1.716419496e-02 2.214296721e-02
 2.729942463e-02 3.261215985e-02 3.806256130e-02 4.362140596e-02 4.923655838e-02
 5.483576655e-02 6.035225838e-02 6.574549526e-02 7.100332528e-02 7.614128292e-02
 8.120709658e-02 8.628028631e-02 9.144882113e-02 9.677962959e-02 1.023123935e-01
 1.080673262e-01 1.140525714e-01 1.202683598e-01 1.267088056e-01 1.333624423e-01
 1.402118504e-01 1.472329497e-01 1.543938816e-01 1.616537869e-01 1.689616740e-01
 1.762553602e-01 1.834613383e-01 1.904954314e-01 1.972652674e-01 2.036741525e-01
 2.096270919e-01 2.150374502e-01 2.198339403e-01 2.239665240e-01 2.274102867e-01
 2.301664948e-01 2.322609425e-01 2.337397784e-01 2.346637249e-01 2.351018190e-01
 1.831211615e-03-1.706070732e-03-3.908430226e-03-5.085851997e-03-5.713875405e-03
-6.010451820e-03-6.205994636e-03-6.388822105e-03-6.590523757e-03-6.806049496e-03
-7.002869621e-03-7.126970217e-03-7.109406404e-03-6.874417420e-03-6.348017603e-03
-5.465391092e-03-4.176208749e-03-2.448019572e-03-2.681293117e-04 2.356154379e-03
 5.399613641e-03 8.824029937e-03 1.258513983e-02 1.663949341e-02 2.094893530e-02
 2.548178285e-02 3.021115437e-02 3.511168063e-02 4.015618563e-02 4.531430453e-02
 5.055461079e-02 5.584997684e-02 6.118325889e-02 6.655101478e-02 7.196497917e-02
 7.745137811e-02 8.304737508e-02 8.879455924e-02 9.473191947e-02 1.008914113e-01
 1.072967127e-01 1.139638051e-01 1.209019572e-01 1.281142533e-01 1.355977803e-01
 1.433428824e-01 1.513320655e-01 1.595382243e-01 1.679222286e-01 1.764300764e-01
 1.849899143e-01 1.935093105e-01 2.018741369e-01 2.099501044e-01 2.175886333e-01
 2.246373296e-01 2.309540212e-01 2.364216149e-01 2.409607023e-01 2.445375919e-01
 2.471664250e-01 2.489047945e-01 2.498439252e-01 2.500953674e-01 2.497777790e-01
-1.097973250e-02-1.641502418e-02-1.567647979e-02-1.348882169e-02-1.185403764e-02
-1.054531708e-02-9.496839717e-03-8.665131405e-03-8.007689379e-03-7.477045525e-03
-7.019417360e-03-6.575415842e-03-6.082124542e-03-5.476155318e-03-4.697160795e-03
-3.691235557e-03-2.413746202e-03-8.313204162e-04 1.077162451e-03 3.320684889e-03
 5.897336639e-03 8.796568960e-03 1.200206298e-02 1.549459528e-02 1.925427467e-02
 2.326181531e-02 2.749885619e-02 3.194772452e-02 3.659115732e-02 4.141261429e-02
 4.639737308e-02 5.153439939e-02 5.681829154e-02 6.225081533e-02 6.784150004e-02
 7.360712439e-02 7.957020402e-02 8.575654775e-02 9.219273925e-02 9.890401363e-02
 1.059129387e-01 1.132387221e-01 1.208969802e-01 1.288994402e-01 1.372534335e-01
 1.459610462e-01 1.550173759e-01 1.644080877e-01 1.741056740e-01 1.840640604e-01
 1.942115873e-01 2.044424564e-01 2.146080881e-01 2.245120853e-01 2.339147478e-01
 2.425527573e-01 2.501721680e-01 2.565638423e-01 2.615907192e-01 2.652042508e-01
 2.674493194e-01 2.684555054e-01 2.684117556e-01 2.675319314e-01 2.660238147e-01
-2.045979351e-02-2.697212063e-02-2.486279048e-02-2.029496990e-02-1.678552479e-02
-1.406470314e-02-1.193258911e-02-1.025166735e-02-8.917463943e-03-7.842545398e-03
-6.948642433e-03-6.163087673e-03-5.417593755e-03-4.648296162e-03-3.796509700e-03
-2.809798811e-03-1.643065130e-03-2.594375401e-04 1.369341044e-03 3.263138235e-03
 5.434136838e-03 7.887938991e-03 1.062492561e-02 1.364168897e-02 1.693234220e-02
 2.048957348e-02 2.430539578e-02 2.837167680e-02 3.268062323e-02 3.722536564e-02
 4.200074077e-02 4.700417072e-02 5.223653466e-02 5.770285428e-02 6.341256201e-02
 6.937937438e-02 7.562066615e-02 8.215662837e-02 8.900922537e-02 9.620131552e-02
 1.037559509e-01 1.116959602e-01 1.200436205e-01 1.288205385e-01 1.380472183e-01
 1.477425396e-01 1.579224765e-01 1.685978919e-01 1.797706485e-01 1.914268732e-01
 2.035259306e-01 2.159821391e-01 2.286373675e-01 2.412252724e-01 2.533433735e-01
 2.644805312e-01 2.741293907e-01 2.818941772e-01 2.875287831e-01 2.909503579e-01
 2.922629714e-01 2.917695045e-01 2.899044752e-01 2.871056497e-01 2.837344408e-01
-2.422227524e-02-3.105684742e-02-2.831082791e-02-2.304136008e-02-1.877447963e-02
-1.535413414e-02-1.263926923e-02-1.049938425e-02-8.818346076e-03-7.493434474e-03
-6.433238741e-03-5.555747077e-03-4.787120968e-03-4.060513806e-03-3.315463662e-03
-2.497645793e-03-1.558973221e-03-4.584090202e-04 8.378969505e-04 2.357436810e-03
 4.121807404e-03 6.147217471e-03 8.445117623e-03 1.102294400e-02 1.388500072e-02
 1.703344658e-02 2.046905458e-02 2.419181913e-02 2.820150182e-02 3.249824420e-02
 3.708317876e-02 4.195901006e-02 4.713057727e-02 5.260524154e-02 5.839320272e-02
 6.450752914e-02 7.096408308e-02 7.778134197e-02 8.498008549e-02 9.258322418e-02
 1.006157547e-01 1.091047823e-01 1.180797666e-01 1.275729537e-01 1.376198530e-01
 1.482598633e-01 1.595366597e-01 1.714984775e-01 1.841975302e-01 1.976876259e-01
 2.120177746e-01 2.272162735e-01 2.432518899e-01 2.599429488e-01 2.767608762e-01
 2.923053503e-01 3.053275645e-01 3.152568340e-01 3.217343092e-01 3.245519996e-01
 3.236991763e-01 3.198508620e-01 3.144813180e-01 3.084505796e-01 3.022731245e-01
-2.299433202e-02-2.979278937e-02-2.715166844e-02-2.178665996e-02-1.739585400e-02
-1.387743279e-02-1.111130230e-02-8.973448537e-03-7.346029859e-03-6.121764425e-03
-5.204724148e-03-4.509138875e-03-3.960720729e-03-3.492504824e-03-3.043755190e-03
-2.558481181e-03-1.983325463e-03-1.273245784e-03-3.923465847e-04 6.922718603e-04
 2.009274438e-03 3.582749516e-03 5.432155915e-03 7.572384086e-03 1.001421176e-02
 1.276654005e-02 1.583682559e-02 1.923122630e-02 2.295498550e-02 2.701313049e-02
 3.141102195e-02 3.615479916e-02 4.125178605e-02 4.671090469e-02 5.254299194e-02
 5.876105279e-02 6.538042426e-02 7.241894305e-02 7.989710569e-02 8.783835173e-02
 9.626936913e-02 1.052207500e-01 1.147277504e-01 1.248314828e-01 1.355804205e-01
 1.470325887e-01 1.592582911e-01 1.723442376e-01 1.863988787e-01 2.015604675e-01
 2.180092633e-01 2.359875292e-01 2.558372617e-01 2.780928612e-01 3.032125235e-01
 3.259249032e-01 3.439019322e-01 3.570121229e-01 3.649752736e-01 3.671534359e-01
 3.633482456e-01 3.526136875e-01 3.407189846e-01 3.297776580e-01 3.199006021e-01
-1.744058728e-02-2.405574545e-02-2.164040133e-02-1.654265821e-02-1.251841709e-02
-9.440239519e-03-7.147403900e-03-5.491247401e-03-4.342277534e-03-3.590321401e-03
-3.142305650e-03-2.906217938e-03-2.823560499e-03-2.832089085e-03-2.876746934e-03
-2.907825634e-03-2.847137861e-03-2.643466694e-03-2.281217370e-03-1.718063606e-03
-9.174779407e-04 1.522807142e-04 1.518067671e-03 3.200287698e-03 5.208046641e-03
 7.555374876e-03 1.025578938e-02 1.332026068e-02 1.675696671e-02 2.057392150e-02
 2.477918006e-02 2.938083932e-02 3.438739479e-02 3.980827332e-02 4.565421864e-02
 5.193768069e-02 5.867310613e-02 6.587731093e-02 7.356981933e-02 8.177338541e-02
 9.051465988e-02 9.982503951e-02 1.097418219e-01 1.203098744e-01 1.315837502e-01
 1.436307132e-01 1.565350592e-01 1.704040766e-01 1.853770912e-01 2.016389817e-01
 2.194415331e-01 2.391380519e-01 2.612405419e-01 2.865035236e-01 3.159700334e-01
 3.461840749e-01 3.696604371e-01 3.863008618e-01 3.962476552e-01 3.993909061e-01
 3.947459459e-01 3.817470074e-01 3.627977669e-01 3.468008935e-01 3.334223628e-01
-7.388063706e-03-1.378253195e-02-1.122333482e-02-6.895892322e-03-3.946378827e-03
-1.995497383e-03-7.813216071e-04-1.195742589e-04 1.225338201e-04 4.524203541e-05
-2.720237244e-04-7.632551715e-04-1.374312211e-03-2.057612874e-03-2.770936815e-03
-3.476916812e-03-4.088841379e-03-4.561530426e-03-4.854526371e-03-4.926662426e-03
-4.737618379e-03-4.248077050e-03-3.418698208e-03-2.207021229e-03-6.633109297e-04
 1.250982983e-03 3.562552156e-03 6.287879311e-03 9.428691119e-03 1.299523935e-02
 1.699830592e-02 2.144667879e-02 2.634822577e-02 3.171151131e-02 3.754601628e-02
 4.386261106e-02 5.067387223e-02 5.799434707e-02 6.584106386e-02 7.423403859e-02
 8.319704235e-02 9.275847673e-02 1.029525399e-01 1.138207093e-01 1.254138499e-01
 1.377948225e-01 1.510422826e-01 1.652556658e-01 1.805622131e-01 1.971267760e-01
 2.151651084e-01 2.349614948e-01 2.568896413e-01 2.814327776e-01 3.091964126e-01
 3.407211602e-01 3.675629497e-01 3.868646622e-01 3.988890648e-01 4.037192464e-01
 4.015418291e-01 3.913608193e-01 3.729831874e-01 3.541731238e-01 3.391374350e-01
 1.055276208e-02 5.437899381e-03 6.151217036e-03 7.776451297e-03 8.236689493e-03
 8.091015741e-03 7.552424446e-03 6.730038673e-03 5.692565814e-03 4.490022548e-03
 3.162628971e-03 1.744893147e-03 2.675117576e-04-1.241117949e-03-2.753764857e-03
-4.242821597e-03-5.625463091e-03-6.857182831e-03-7.894154638e-03-8.693249896e-03
-9.212448262e-03-9.411422536e-03-9.252471849e-03-8.702537976e-03-7.738178130e-03
-6.328928284e-03-4.441512749e-03-2.038613195e-03 7.923942758e-04 4.092586227e-03
 7.884398103e-03 1.217343844e-02 1.696122438e-02 2.225472033e-02 2.806057781e-02
 3.438715637e-02 4.124415666e-02 4.864246398e-02 5.659472942e-02 6.511597335e-02
 7.422414422e-02 8.394090831e-02 9.429235011e-02 1.053100750e-01 1.170323566e-01
 1.295056641e-01 1.427864730e-01 1.569434106e-01 1.720596850e-01 1.882355511e-01
 2.055902779e-01 2.242626250e-01 2.444086075e-01 2.661960125e-01 2.898037434e-01
 3.154786825e-01 3.417125642e-01 3.606148362e-01 3.731477559e-01 3.798183799e-01
 3.804025054e-01 3.753841817e-01 3.639444113e-01 3.476046920e-01 3.345181942e-01
 3.611327708e-02 3.436251730e-02 2.977176756e-02 2.553192899e-02 2.226708829e-02
 1.942196861e-02 1.677661762e-02 1.423002221e-02 1.173178200e-02 9.256606922e-03
 6.793115288e-03 4.338216968e-03 1.893944689e-03-5.345284590e-04-2.940450097e-03
-5.275561940e-03-7.492339704e-03-9.544692934e-03-1.138744503e-02-1.297624223e-02
-1.426773891e-02-1.521993615e-02-1.579265296e-02-1.594806649e-02-1.565099880e-02
-1.486767456e-02-1.356691122e-02-1.172315888e-02-9.323206730e-03-6.343523040e-03
-2.757532056e-03 1.391511876e-03 6.065004505e-03 1.128894463e-02 1.706000045e-02
 2.338553034e-02 3.027289920e-02 3.772740066e-02 4.575543478e-02 5.436494201e-02
 6.356585026e-02 7.337035239e-02 8.379326761e-02 9.485223144e-02 1.065680385e-01
 1.189646870e-01 1.320692748e-01 1.459113061e-01 1.605211645e-01 1.759268641e-01
 1.921481043e-01 2.091853619e-01 2.270005345e-01 2.454813123e-01 2.643715739e-01
 2.831193805e-01 3.006100059e-01 3.153757453e-01 3.265379667e-01 3.338181973e-01
 3.372035027e-01 3.368735015e-01 3.333115876e-01 3.275789618e-01 3.211711645e-01
 5.411278456e-02 5.337684229e-02 4.719246924e-02 4.050473496e-02 3.485047072e-02
 2.991406620e-02 2.546829544e-02 2.135929838e-02 1.748489216e-02 1.377703808e-02
 1.019023266e-02 6.694112904e-03 3.268714529e-03-9.865398169e-05-3.415473737e-03
-6.638275459e-03-9.724391624e-03-1.262987219e-02-1.531032193e-02-1.772142760e-02
-1.981931925e-02-2.156087570e-02-2.290400863e-02-2.380790561e-02-2.423322201e-02
-2.414222620e-02-2.349936031e-02-2.227206901e-02-2.043147385e-02-1.795123518e-02
-1.481015794e-02-1.099774241e-02-6.504501682e-03-1.312348759e-03 4.423136823e-03
 1.074644644e-02 1.766998321e-02 2.518212795e-02 3.328166902e-02 4.196793959e-02
 5.124185979e-02 6.110526621e-02 7.156069577e-02 8.261106908e-02 9.425924718e-02
 1.065071225e-01 1.193543077e-01 1.327959895e-01 1.468195319e-01 1.613993645e-01
 1.764892638e-01 1.920108199e-01 2.078369707e-01 2.237688303e-01 2.395075858e-01
 2.546322942e-01 2.686155736e-01 2.809118629e-01 2.910828590e-01 2.988716960e-01
 3.042126894e-01 3.072243929e-01 3.082063198e-01 3.076116443e-01 3.059543371e-01
 6.556036323e-02 6.507743895e-02 5.885531008e-02 5.131971836e-02 4.451410472e-02
 3.832839429e-02 3.264015168e-02 2.734086290e-02 2.234162204e-02 1.757249236e-02
 1.297966857e-02 8.522247896e-03 4.169382155e-03-1.020631171e-04-4.309341311e-03
-8.408540860e-03-1.235743985e-02-1.611255854e-02-1.962982118e-02-2.286502346e-02
-2.577415481e-02-2.831363864e-02-3.044047765e-02-3.211238235e-02-3.328789026e-02
-3.392652422e-02-3.398907557e-02-3.343799710e-02-3.223792091e-02-3.035627678e-02
-2.776452899e-02-2.443987504e-02-2.036630735e-02-1.553810574e-02-9.969826788e-03
-3.665958531e-03 3.360840492e-03 1.095974725e-02 1.915714517e-02 2.794015594e-02
 3.730316460e-02 4.723830521e-02 5.773696676e-02 6.878897548e-02 8.038191497e-02
 9.250003099e-02 1.051225364e-01 1.182211936e-01 1.317571104e-01 1.456763446e-01
 1.599044204e-01 1.743393540e-01 1.888440847e-01 2.032390386e-01 2.172985077e-01
 2.307551503e-01 2.433183342e-01 2.547063828e-01 2.646843791e-01 2.730952501e-01
 2.798767388e-01 2.850646377e-01 2.887840867e-01 2.912272215e-01 2.926193476e-01
 7.356192172e-02 7.319886237e-02 6.670100987e-02 5.874940008e-02 5.134781450e-02
 4.443867505e-02 3.795272857e-02 3.181920201e-02 2.597257681e-02 2.035561576e-02
 1.492001582e-02 9.625853971e-03 4.440532997e-03-6.624395610e-04-5.704782903e-03
-1.063368097e-02-1.540529262e-02-1.997521147e-02-2.429887839e-02-2.833188139e-02
-3.203015774e-02-3.535008803e-02-3.824851289e-02-4.068271816e-02-4.261041433e-02
-4.398975149e-02-4.477941990e-02-4.493884742e-02-4.442858323e-02-4.321084917e-02
-4.125043750e-02-3.851586208e-02-3.498082235e-02-3.062608838e-02-2.544149384e-02
-1.942575164e-02-1.259189472e-02-4.975281656e-03 3.389561549e-03 1.231193263e-02
 2.181340009e-02 3.187112510e-02 4.246804118e-02 5.358309299e-02 6.519229710e-02
 7.726790756e-02 8.977672458e-02 1.026780084e-01 1.159211546e-01 1.294428706e-01
 1.431641430e-01 1.569871604e-01 1.707928181e-01 1.844396293e-01 1.977655292e-01
 2.105934620e-01 2.227418721e-01 2.340384573e-01 2.443356514e-01 2.535236478e-01
 2.615389824e-01 2.683671117e-01 2.740388513e-01 2.786213756e-01 2.822056413e-01
 7.864626497e-02 7.828618586e-02 7.157298923e-02 6.341763586e-02 5.571594089e-02
 4.840790480e-02 4.143676534e-02 3.474847972e-02 2.829383872e-02 2.202893794e-02
 1.591510326e-02 9.918639436e-03 4.010549281e-03-1.833591610e-03-7.633167319e-03
-1.332100667e-02-1.885105297e-02-2.417712659e-02-2.925351635e-02-3.403525054e-02
-3.847815841e-02-4.253881425e-02-4.617441446e-02-4.934256524e-02-5.200113356e-02
-5.410805345e-02-5.562128127e-02-5.649878085e-02-5.669868365e-02-5.617967993e-02
-5.490157753e-02-5.282620341e-02-4.991859198e-02-4.614849389e-02-4.149229452e-02
-3.593521565e-02-2.947460860e-02-2.212368511e-02-1.391455159e-02-4.907499067e-03
 4.834298976e-03 1.509420015e-02 2.588143945e-02 3.716000915e-02 4.889723659e-02
 6.105919927e-02 7.360722870e-02 8.649627864e-02 9.967353940e-02 1.130770519e-01
 1.266342551e-01 1.402608752e-01 1.538603455e-01 1.673243642e-01 1.805346906e-01
 1.933667958e-01 2.056949139e-01 2.173983306e-01 2.283677906e-01 2.385108769e-01
 2.477559149e-01 2.560534179e-01 2.633756995e-01 2.697147131e-01 2.750794291e-01
 8.079279959e-02 8.026772738e-02 7.378277183e-02 6.567674875e-02 5.794661865e-02
 5.050307140e-02 4.328701273e-02 3.625837713e-02 2.938468009e-02 2.263676003e-02
 1.598740369e-02 9.410960600e-03 2.883130684e-03-3.619434778e-03-1.007799152e-02
-1.643763669e-02-2.264633030e-02-2.865432203e-02-3.441388160e-02-3.987908363e-02
-4.500558972e-02-4.975034297e-02-5.407123268e-02-5.792676657e-02-6.127568334e-02
-6.407663971e-02-6.628791988e-02-6.786730886e-02-6.877195835e-02-6.895862520e-02
-6.838393211e-02-6.700500101e-02-6.478039920e-02-6.167137623e-02-5.764361098e-02
-5.266937613e-02-4.673036933e-02-3.982099146e-02-3.195219114e-02-2.315584198e-02
-1.348834392e-02-3.041097429e-03 8.080612868e-03 1.965268701e-02 3.165024891e-02
 4.404541478e-02 5.679974705e-02 6.986857951e-02 8.320190012e-02 9.674400091e-02
 1.104328781e-01 1.241998449e-01 1.379694045e-01 1.516596675e-01 1.651833653e-01
 1.784494519e-01 1.913649738e-01 2.038370967e-01 2.157748342e-01 2.270902693e-01
 2.376989126e-01 2.475199103e-01 2.564763427e-01 2.644968033e-01 2.715190351e-01
 8.029227704e-02 7.928305119e-02 7.326275110e-02 6.586334854e-02 5.846628547e-02
 5.110817403e-02 4.381380230e-02 3.658816963e-02 2.942589670e-02 2.231570706e-02
 1.524285972e-02 8.190603927e-03 1.140994835e-03-5.924782716e-03-1.296083909e-02
-1.990888827e-02-2.671374939e-02-3.332332522e-02-3.968841583e-02-4.576247931e-02
-5.150124431e-02-5.686229467e-02-6.180457771e-02-6.628791988e-02-7.027247548e-02
-7.371831685e-02-7.658489794e-02-7.883077860e-02-8.041335642e-02-8.128878474e-02
-8.141207695e-02-8.073747158e-02-7.921903580e-02-7.681168616e-02-7.347256690e-02
-6.916292012e-02-6.385049224e-02-5.751251429e-02-5.013913661e-02-4.173745960e-02
-3.233567625e-02-2.198738232e-02-1.077354699e-02 1.192851691e-03 1.356052235e-02
 2.633419447e-02 3.945999593e-02 5.289055407e-02 6.657971442e-02 8.048006892e-02
 9.454178810e-02 1.087120101e-01 1.229346916e-01 1.371506751e-01 1.512978524e-01
 1.653113812e-01 1.791234910e-01 1.926627606e-01 2.058525681e-01 2.186083347e-01
 2.308337390e-01 2.424167246e-01 2.532268167e-01 2.631171346e-01 2.719336748e-01
 7.941561937e-02 7.803958654e-02 7.234643400e-02 6.528165936e-02 5.806496739e-02
 5.075550079e-02 4.340166599e-02 3.602758795e-02 2.864174172e-02 2.124307677e-02
 1.382467709e-02 6.376020610e-03-1.115374034e-03-8.662294596e-03-1.619252749e-02
-2.364514396e-02-3.096270561e-02-3.809148818e-02-4.498137534e-02-5.158560351e-02
-5.786029994e-02-6.376397610e-02-6.925693154e-02-7.430063188e-02-7.885707915e-02
-8.288817108e-02-8.635514975e-02-8.921810240e-02-9.143552184e-02-9.296405315e-02
-9.375838190e-02-9.377135336e-02-9.295428544e-02-9.125770628e-02-8.863236010e-02
-8.503074944e-02-8.040912449e-02-7.473008335e-02-6.796579063e-02-6.010188162e-02
-5.114203319e-02-4.111332446e-02-3.007251769e-02-1.811426505e-02-5.382442847e-03
 7.969985716e-03 2.164197527e-02 3.560245037e-02 4.981798679e-02 6.425382197e-02
 7.887421548e-02 9.364271164e-02 1.085223705e-01 1.234758198e-01 1.384652853e-01
 1.534521282e-01 1.683958024e-01 1.832516491e-01 1.979668736e-01 2.124741077e-01
 2.266814113e-01 2.404582798e-01 2.536188364e-01 2.659084201e-01 2.770118713e-01
 7.911776006e-02 7.763142884e-02 7.179687917e-02 6.454792619e-02 5.721860752e-02
 4.981597885e-02 4.234773666e-02 3.482021391e-02 2.723538503e-02 1.959059015e-02
 1.187919918e-02 4.091368988e-03-3.785490291e-03-1.173010655e-02-1.967251115e-02
-2.754800767e-02-3.529684246e-02-4.286397249e-02-5.019877106e-02-5.725459009e-02
-6.398826838e-02-7.035948336e-02-7.633011043e-02-8.186346292e-02-8.692362159e-02
-9.147464484e-02-9.547992051e-02-9.890154004e-02-1.016997024e-01-1.038323492e-01
-1.052548289e-01-1.059197485e-01-1.057771593e-01-1.047748774e-01-1.028592438e-01
-9.997621924e-02-9.607303143e-02-9.110033512e-02-8.501499891e-02-7.778369635e-02
-6.938712299e-02-5.982505530e-02-4.912203923e-02-3.733344004e-02-2.455076203e-02
-1.090380922e-02 3.430265933e-03 1.804332435e-02 3.291122615e-02 4.801035672e-02
 6.331823766e-02 7.881411910e-02 9.447951615e-02 1.102987900e-01 1.262595356e-01
 1.423526406e-01 1.585717797e-01 1.749118268e-01 1.913652718e-01 2.079154849e-01
 2.245238125e-01 2.411058247e-01 2.574872971e-01 2.733202577e-01 2.879376113e-01
 7.851864398e-02 7.692542672e-02 7.074750960e-02 6.335674226e-02 5.590603501e-02
 4.838582873e-02 4.079126194e-02 3.311690688e-02 2.535627969e-02 1.750150695e-02
 9.543166496e-03 1.470221905e-03-6.730164867e-03-1.500730775e-02-2.329072356e-02
-3.151487559e-02-3.961933404e-02-4.754875600e-02-5.525263026e-02-6.268490106e-02
-6.980338693e-02-7.656915486e-02-8.294578642e-02-8.889859915e-02-9.439383447e-02
-9.939784557e-02-1.038763821e-01-1.077937931e-01-1.111124083e-01-1.137919649e-01
-1.157891452e-01-1.170572862e-01-1.175462604e-01-1.172026172e-01-1.159699559e-01
-1.137897745e-01-1.106025949e-01-1.063497663e-01-1.009757742e-01-9.443131089e-02
-8.667704463e-02-7.768829167e-02-6.746035814e-02-5.601455271e-02-4.340461642e-02
-2.972328663e-02-1.510942727e-02 2.457592345e-04 1.585260220e-02 3.169666231e-02
 4.776668921e-02 6.405558437e-02 8.056148887e-02 9.728902578e-02 1.142506525e-01
 1.314681768e-01 1.489742845e-01 1.668141186e-01 1.850464791e-01 2.037445009e-01
 2.229945809e-01 2.428912222e-01 2.635189295e-01 2.848625779e-01 3.058144450e-01
 7.701607049e-02 7.525961101e-02 6.912317127e-02 6.163654849e-02 5.409585312e-02
 4.648817331e-02 3.879797459e-02 3.101037070e-02 2.311163396e-02 1.508900337e-02
 6.930343341e-03-1.376024680e-03-9.840899147e-03-1.838696189e-02-2.694470808e-02
-3.544893116e-02-4.383940995e-02-5.206111819e-02-6.006412953e-02-6.780326366e-02
-7.523754239e-02-8.232953399e-02-8.904457092e-02-9.534996748e-02-1.012141556e-01
-1.066058129e-01-1.114930511e-01-1.158426255e-01-1.196191609e-01-1.227845103e-01
-1.252971441e-01-1.271117628e-01-1.281789094e-01-1.284449697e-01-1.278522909e-01
-1.263395995e-01-1.238428503e-01-1.202966124e-01-1.156359240e-01-1.097988114e-01
-1.027296707e-01-9.438340366e-02-8.473055065e-02-7.376321405e-02-6.150189415e-02
-4.800293967e-02-3.336640447e-02-1.774362661e-02-1.343738288e-03 1.528761815e-02
 3.214722872e-02 4.923800379e-02 6.657057256e-02 8.416523039e-02 1.020543128e-01
 1.202852726e-01 1.389245689e-01 1.580630243e-01 1.778230965e-01 1.983694732e-01
 2.199252546e-01 2.427993715e-01 2.674401402e-01 2.945570350e-01 3.228945136e-01
 7.497985661e-02 7.306009531e-02 6.685841084e-02 5.932973698e-02 5.177030712e-02
 4.414585978e-02 3.642427549e-02 2.858072519e-02 2.059591562e-02 1.245398726e-02
 4.140812438e-03-4.357268102e-03-1.301952358e-02-2.177053317e-02-3.053952381e-02
-3.926085308e-02-4.787434638e-02-5.632537231e-02-6.456470490e-02-7.254812121e-02
-8.023591340e-02-8.759212494e-02-9.458382428e-02-1.011802405e-01-1.073518917e-01
-1.130696908e-01-1.183040738e-01-1.230241358e-01-1.271968633e-01-1.307863295e-01
-1.337530911e-01-1.360535622e-01-1.376396120e-01-1.384583265e-01-1.384518147e-01
-1.375575066e-01-1.357086897e-01-1.328353584e-01-1.288658381e-01-1.237287521e-01
-1.173559278e-01-1.096861288e-01-1.006697416e-01-9.027449042e-02-7.849220932e-02
-6.534656882e-02-5.090142041e-02-3.526950628e-02-1.862056926e-02-1.188134542e-03
 1.645346172e-02 3.431190550e-02 5.240395293e-02 7.075770199e-02 8.941547573e-02
 1.084374934e-01 1.279068887e-01 1.479365528e-01 1.686790287e-01 1.903406084e-01
 2.132013142e-01 2.376421094e-01 2.641762495e-01 2.934703827e-01 3.248562217e-01
 7.234787941e-02 7.026538253e-02 6.375952065e-02 5.634981394e-02 4.893401265e-02
 4.141848534e-02 3.375914693e-02 2.593158931e-02 1.791959070e-02 9.710336104e-03
 1.292207860e-03-7.346485741e-03-1.615486480e-02-2.505751140e-02-3.398355842e-02
-4.286742210e-02-5.164920166e-02-6.027480215e-02-6.869574636e-02-7.686883211e-02
-8.475552499e-02-9.232131392e-02-9.953486919e-02-1.063671932e-01-1.127907485e-01
-1.187785119e-01-1.243030727e-01-1.293357760e-01-1.338458657e-01-1.377996206e-01
-1.411598027e-01-1.438847482e-01-1.459280550e-01-1.472379863e-01-1.477573365e-01
-1.474233866e-01-1.461681724e-01-1.439190507e-01-1.405999511e-01-1.361329854e-01
-1.304408461e-01-1.234501302e-01-1.150955558e-01-1.053253040e-01-9.410758317e-02
-8.143823594e-02-6.734941900e-02-5.191888660e-02-3.527939320e-02-1.762727648e-02
 7.708638441e-04 1.934053376e-02 3.809716180e-02 5.706728250e-02 7.629127800e-02
 9.582608938e-02 1.157490239e-01 1.361631304e-01 1.572050154e-01 1.790561676e-01
 2.019596994e-01 2.262459099e-01 2.523723245e-01 2.809814215e-01 3.116180599e-01
 6.752546132e-02 6.484057009e-02 5.942758918e-02 5.277552456e-02 4.576595128e-02
 3.849064931e-02 3.097151592e-02 2.321453393e-02 1.521946397e-02 6.982907653e-03
-1.500282902e-03-1.023592614e-02-1.914595440e-02-2.815514430e-02-3.719273955e-02
-4.619335756e-02-5.509749800e-02-6.385162473e-02-7.240802795e-02-8.072446287e-02
-8.876352757e-02-9.649199247e-02-1.038799882e-01-1.109001040e-01-1.175265387e-01
-1.237341017e-01-1.294973493e-01-1.347896904e-01-1.395824254e-01-1.438440382e-01
-1.475393176e-01-1.506286561e-01-1.530675292e-01-1.548057795e-01-1.557874680e-01
-1.559504420e-01-1.552266181e-01-1.535422504e-01-1.508187801e-01-1.469741464e-01
-1.419248879e-01-1.355888993e-01-1.278893054e-01-1.187593415e-01-1.081485599e-01
-9.603026509e-02-8.241014183e-02-6.733594835e-02-5.090765655e-02-3.328754008e-02
-1.470893435e-02 4.517497029e-03 2.384645119e-02 4.329404980e-02 6.288991868e-02
 8.267562836e-02 1.027052402e-01 1.230468005e-01 1.437845528e-01 1.650215983e-01
 1.868833005e-01 2.095226049e-01 2.331335545e-01 2.580106258e-01 2.841519415e-01
 6.412913650e-02 6.121555343e-02 5.588587373e-02 4.952687770e-02 4.278153181e-02
 3.569515049e-02 2.830029279e-02 2.061487362e-02 1.264702994e-02 4.398719408e-03
-4.132246599e-03-1.292553451e-02-2.189997211e-02-3.097902611e-02-4.009148479e-02
-4.917199910e-02-5.816138163e-02-6.700664759e-02-7.566081733e-02-8.408249915e-02
-9.223532677e-02-1.000872031e-01-1.076095104e-01-1.147762537e-01-1.215631068e-01
-1.279464960e-01-1.339026988e-01-1.394069195e-01-1.444323361e-01-1.489493847e-01
-1.529248357e-01-1.563210338e-01-1.590953320e-01-1.611993611e-01-1.625786424e-01
-1.631722599e-01-1.629127264e-01-1.617262214e-01-1.595331430e-01-1.562491953e-01
-1.517870426e-01-1.460587978e-01-1.389794648e-01-1.304713488e-01-1.204700097e-01
-1.089311689e-01-9.583935887e-02-8.121758699e-02-6.513792276e-02-4.773252457e-02
-2.920407429e-02-9.834993631e-03 1.000549644e-02 2.982334420e-02 4.964338988e-02
 6.949053705e-02 8.939060569e-02 1.093694717e-01 1.294503063e-01 1.496474296e-01
 1.699547470e-01 1.903225183e-01 2.106084824e-01 2.304705381e-01 2.491890341e-01
 6.184358150e-02 5.882021785e-02 5.333171412e-02 4.697649926e-02 4.028732702e-02
 3.327031061e-02 2.593534067e-02 1.828998886e-02 1.033833250e-02 2.081003739e-03
-6.484388374e-03-1.531496644e-02-2.432991937e-02-3.345295787e-02-4.261317104e-02
-5.174561590e-02-6.079161912e-02-6.969881803e-02-7.842095196e-02-8.691743016e-02
-9.515278041e-02-1.030958891e-01-1.107192189e-01-1.179979295e-01-1.249089539e-01
-1.314300746e-01-1.375390291e-01-1.432125270e-01-1.484254003e-01-1.531497836e-01
-1.573541760e-01-1.610027850e-01-1.640546769e-01-1.664632857e-01-1.681757271e-01
-1.691325009e-01-1.692672074e-01-1.685066521e-01-1.667712033e-01-1.639756262e-01
-1.600305140e-01-1.548444629e-01-1.483271122e-01-1.403932869e-01-1.309683919e-01
-1.199951544e-01-1.074418798e-01-9.331192076e-02-7.765428722e-02-6.057465822e-02
-4.224579781e-02-2.291588858e-02-2.912044525e-03 1.717740484e-02 3.712347522e-02
 5.693090335e-02 7.659927011e-02 9.612084925e-02 1.154757291e-01 1.346239746e-01
 1.534940600e-01 1.719660461e-01 1.898503155e-01 2.068677843e-01 2.226529866e-01
 5.989892036e-02 5.676913261e-02 5.133359134e-02 4.495950043e-02 3.827275708e-02
 3.127308935e-02 2.395927906e-02 1.633024774e-02 8.384231478e-03 1.182968263e-04
-8.471913636e-03-1.732626557e-02-2.636545524e-02-3.551428393e-02-4.470270500e-02
-5.386653543e-02-6.294778734e-02-7.189479470e-02-8.066198230e-02-8.920948207e-02
-9.750258923e-02-1.055109948e-01-1.132080555e-01-1.205698401e-01-1.275743246e-01
-1.342003495e-01-1.404268295e-01-1.462317258e-01-1.515912414e-01-1.564788818e-01
-1.608646661e-01-1.647143364e-01-1.679885834e-01-1.706424057e-01-1.726244688e-01
-1.738767475e-01-1.743341088e-01-1.739243120e-01-1.725682914e-01-1.701807678e-01
-1.666714996e-01-1.619471759e-01-1.559142172e-01-1.484825611e-01-1.395708323e-01
-1.291126311e-01-1.170646101e-01-1.034158319e-01-8.819833398e-02-7.149869949e-02
-5.346950889e-02-3.433992341e-02-1.442398597e-02 5.874433555e-03 2.591166086e-02
 4.566185176e-02 6.510485709e-02 8.421532810e-02 1.029556096e-01 1.212697849e-01
 1.390776038e-01 1.562686265e-01 1.726987064e-01 1.881915033e-01 2.025498152e-01
 5.847596005e-02 5.528013408e-02 4.977485910e-02 4.337751865e-02 3.668788075e-02
 2.969662473e-02 2.239555866e-02 1.477778610e-02 6.837207824e-03-1.432114979e-03
-1.003654860e-02-1.890298910e-02-2.795370668e-02-3.711473942e-02-4.631702602e-02
-5.549718440e-02-6.459795684e-02-7.356828451e-02-8.236320317e-02-9.094344079e-02
-9.927488118e-02-1.073278487e-01-1.150763333e-01-1.224971414e-01-1.295689642e-01
-1.362715065e-01-1.425845325e-01-1.484870017e-01-1.539560854e-01-1.589664519e-01
-1.634892821e-01-1.674915850e-01-1.709353328e-01-1.737768650e-01-1.759662330e-01
-1.774466932e-01-1.781543195e-01-1.780179739e-01-1.769593954e-01-1.748936921e-01
-1.717305481e-01-1.673758328e-01-1.617342234e-01-1.547127813e-01-1.462257504e-01
-1.362007558e-01-1.245865598e-01-1.113621667e-01-9.654758126e-02-8.021545410e-02
-6.250323355e-02-4.362482205e-02-2.388064936e-02-3.664867952e-03 1.653138176e-02
 3.627063334e-02 5.555157736e-02 7.435554266e-02 9.264817089e-02 1.103790849e-01
 1.274811029e-01 1.438701004e-01 1.594465077e-01 1.740996838e-01 1.877155602e-01
 5.738113821e-02 5.413718149e-02 4.855658486e-02 4.216262326e-02 3.549397364e-02
 2.852887660e-02 2.125299536e-02 1.365606487e-02 5.730165169e-03-2.531532664e-03
-1.113793626e-02-2.000495605e-02-2.905614302e-02-3.821849078e-02-4.742369801e-02
-5.660899356e-02-6.571762264e-02-7.469899952e-02-8.350856602e-02-9.210744500e-02
-1.004619077e-01-1.085426956e-01-1.163242161e-01-1.237837374e-01-1.309004426e-01
-1.376545727e-01-1.440264881e-01-1.499958187e-01-1.555404514e-01-1.606358290e-01
-1.652539670e-01-1.693627834e-01-1.729252338e-01-1.758986413e-01-1.782341152e-01
-1.798759103e-01-1.807611585e-01-1.808196306e-01-1.799738407e-01-1.781395376e-01
-1.752265841e-01-1.711406857e-01-1.657857299e-01-1.590672433e-01-1.508969367e-01
-1.411987245e-01-1.299162805e-01-1.170219928e-01-1.025274247e-01-8.649493754e-02
-6.904970109e-02-5.039116740e-02-3.080246784e-02-1.065596193e-02 9.587928653e-03
 2.929049730e-02 4.844514281e-02 6.703354418e-02 8.502554148e-02 1.023792997e-01
 1.190419793e-01 1.349510998e-01 1.500370204e-01 1.642266363e-01 1.774485111e-01
 5.633861944e-02 5.302324519e-02 4.756849259e-02 4.126842320e-02 3.468170017e-02
 2.777964436e-02 2.055101469e-02 1.298949681e-02 5.089645740e-03-3.154183971e-03
-1.174762845e-02-2.060336992e-02-2.964494564e-02-3.879951686e-02-4.799900204e-02
-5.718084797e-02-6.628850847e-02-7.527156919e-02-8.408564329e-02-9.269200265e-02
-1.010570675e-01-1.091517434e-01-1.169506311e-01-1.244311780e-01-1.315728128e-01
-1.383560598e-01-1.447615623e-01-1.507692784e-01-1.563575566e-01-1.615021825e-01
-1.661757529e-01-1.703466624e-01-1.739784777e-01-1.770291179e-01-1.794503331e-01
-1.811871082e-01-1.821772158e-01-1.823510528e-01-1.816317737e-01-1.799355894e-01
-1.771727204e-01-1.732489616e-01-1.680679917e-01-1.615346670e-01-1.535595208e-01
-1.440646201e-01-1.329908967e-01-1.203069687e-01-1.060195714e-01-9.018482268e-02
-7.292018086e-02-5.441567674e-02-3.494322300e-02-1.486209314e-02 5.381462164e-03
 2.503795922e-02 4.409876466e-02 6.254622340e-02 8.035352826e-02 9.748506546e-02
 1.138974875e-01 1.295413226e-01 1.443633884e-01 1.583097875e-01 1.713295877e-01
 5.538579077e-02 5.189379305e-02 4.680658132e-02 4.079353809e-02 3.433423489e-02
 2.750816941e-02 2.033291198e-02 1.281241328e-02 4.945675842e-03-3.270762507e-03
-1.184077747e-02-2.067610994e-02-2.970002592e-02-3.883952647e-02-4.802639410e-02
-5.719796568e-02-6.629759073e-02-7.527472079e-02-8.408488333e-02-9.268924594e-02
-1.010541320e-01-1.091503650e-01-1.169524640e-01-1.244378388e-01-1.315858811e-01
-1.383771002e-01-1.447921693e-01-1.508110762e-01-1.564121991e-01-1.615715027e-01
-1.662615985e-01-1.704511046e-01-1.741037369e-01-1.771776378e-01-1.796247661e-01
-1.813903600e-01-1.824124753e-01-1.826218367e-01-1.819418073e-01-1.802889258e-01
-1.775736660e-01-1.737020463e-01-1.685778648e-01-1.621060073e-01-1.541969031e-01
-1.447722614e-01-1.337724626e-01-1.211652309e-01-1.069560051e-01-9.119923413e-02
-7.401019335e-02-5.557625741e-02-3.616617620e-02-1.613545418e-02 4.074182827e-03
 2.368113585e-02 4.267713055e-02 6.104554981e-02 7.876127958e-02 9.579125047e-02
 1.120955795e-01 1.276292801e-01 1.423445940e-01 1.561937034e-01 1.691320539e-01
 5.587172881e-02 5.251248926e-02 4.718052596e-02 4.104436561e-02 3.458349407e-02
 2.778335661e-02 2.064059302e-02 1.315358095e-02 5.319972523e-03-2.863630652e-03
-1.140247844e-02-2.021019720e-02-2.920985967e-02-3.832812607e-02-4.749640450e-02
-5.665164813e-02-6.573680788e-02-7.470099628e-02-8.349933475e-02-9.209267795e-02
-1.004470140e-01-1.085328162e-01-1.163243055e-01-1.237985939e-01-1.309347749e-01
-1.377130747e-01-1.441138983e-01-1.501169503e-01-1.557003856e-01-1.608398408e-01
-1.655077636e-01-1.696724892e-01-1.732974946e-01-1.763407290e-01-1.787539572e-01
-1.804822087e-01-1.814634204e-01-1.816281825e-01-1.808998883e-01-1.791950464e-01
-1.764243096e-01-1.724939644e-01-1.673082411e-01-1.607726514e-01-1.527985036e-01
-1.433086842e-01-1.322449744e-01-1.195770055e-01-1.053124890e-01-8.950866014e-02
-7.228425145e-02-5.383099988e-02-3.442316502e-02-1.442315988e-02 5.720174871e-03
 2.527244203e-02 4.422868788e-02 6.257359684e-02 8.028171211e-02 9.731826931e-02
 1.136405617e-01 1.291997731e-01 1.439434290e-01 1.578184068e-01 1.707744896e-01
 5.659732223e-02 5.329155177e-02 4.798792303e-02 4.184511676e-02 3.538498282e-02
 2.859828249e-02 2.147776634e-02 1.401860267e-02 6.216901820e-03-1.931311795e-03
-1.043072902e-02-1.920378767e-02-2.817281149e-02-3.726373613e-02-4.640728980e-02
-5.553977191e-02-6.460350752e-02-7.354702055e-02-8.232486248e-02-9.089731425e-02
-9.922981262e-02-1.072922945e-01-1.150584370e-01-1.225048006e-01-1.296099424e-01
-1.363535374e-01-1.427154243e-01-1.486747414e-01-1.542090476e-01-1.592934281e-01
-1.638996899e-01-1.679955423e-01-1.715438366e-01-1.745019257e-01-1.768209636e-01
-1.784453690e-01-1.793125868e-01-1.793527603e-01-1.784889698e-01-1.766375601e-01
-1.737093627e-01-1.696110070e-01-1.642476022e-01-1.575260162e-01-1.493595243e-01
-1.396736801e-01-1.284138858e-01-1.155542657e-01-1.011080891e-01-8.513925970e-02
-6.777438521e-02-4.921469465e-02-2.974695154e-02-9.753558785e-03 1.027543284e-02
 2.975650132e-02 4.869383574e-02 6.707250327e-02 8.486333489e-02 1.020250171e-01
 1.185053587e-01 1.342429519e-01 1.491695344e-01 1.632137597e-01 1.763059497e-01
 5.781663209e-02 5.459076539e-02 4.923796654e-02 4.312554747e-02 3.669093922e-02
 2.992671728e-02 2.282958291e-02 1.539728511e-02 7.627750747e-03-4.816647561e-04
-8.934698999e-03-1.766647212e-02-2.659820020e-02-3.565485030e-02-4.476625100e-02
-5.386789888e-02-6.290135533e-02-7.181440294e-02-8.056087792e-02-8.910032362e-02
-9.739745408e-02-1.054214761e-01-1.131453067e-01-1.205447316e-01-1.275975406e-01
-1.342825741e-01-1.405788362e-01-1.464646161e-01-1.519165486e-01-1.569088250e-01
-1.614122838e-01-1.653936505e-01-1.688148230e-01-1.716321409e-01-1.737957746e-01
-1.752492934e-01-1.759292781e-01-1.757652014e-01-1.746796966e-01-1.725890338e-01
-1.694042087e-01-1.650327295e-01-1.593811959e-01-1.523588300e-01-1.438823342e-01
-1.338818669e-01-1.223088279e-01-1.091447622e-01-9.441176057e-02-7.818363607e-02
-6.059712172e-02-4.186167940e-02-2.226521634e-02-2.170735039e-03 1.758227497e-02
 3.694458306e-02 5.588391051e-02 7.436785847e-02 9.235602617e-02 1.097958237e-01
 1.266200244e-01 1.427458972e-01 1.580764055e-01 1.725041270e-01 1.859187037e-01
 5.931709707e-02 5.617437512e-02 5.098085850e-02 4.491727054e-02 3.851114959e-02
 3.176576644e-02 2.468509413e-02 1.727293245e-02 9.531687014e-03 1.461718348e-03
-6.938916631e-03-1.562255900e-02-2.450906485e-02-3.352236003e-02-4.259142280e-02
-5.165097117e-02-6.064181775e-02-6.951098144e-02-7.821149379e-02-8.670209348e-02
-9.494663775e-02-1.029134095e-01-1.105744094e-01-1.179044470e-01-1.248802692e-01
-1.314796507e-01-1.376805007e-01-1.434599459e-01-1.487934440e-01-1.536539197e-01
-1.580109298e-01-1.618299484e-01-1.650715470e-01-1.676907837e-01-1.696365774e-01
-1.708514094e-01-1.712708473e-01-1.708237082e-01-1.694321930e-01-1.670127064e-01
-1.634769887e-01-1.587341428e-01-1.526933610e-01-1.452677846e-01-1.363794506e-01
-1.259657443e-01-1.139871776e-01-1.004365310e-01-8.534933627e-02-6.881517172e-02
-5.098929629e-02-3.210430220e-02-1.248220913e-02 7.449499797e-03 2.707435936e-02
 4.640430212e-02 6.543146819e-02 8.413399011e-02 1.024752334e-01 1.204001606e-01
 1.378302574e-01 1.546582580e-01 1.707446724e-01 1.859194040e-01 1.999925524e-01
 6.145647913e-02 5.843585730e-02 5.331786722e-02 4.728597775e-02 4.088116437e-02
 3.412317857e-02 2.703039162e-02 1.961668581e-02 1.189058833e-02 3.855839139e-03
-4.487850238e-03-1.311537251e-02-2.194577642e-02-3.090256080e-02-3.991432860e-02
-4.891535640e-02-5.784590542e-02-6.665234268e-02-7.528692484e-02-8.370754868e-02
-9.187708795e-02-9.976280481e-02-1.073355824e-01-1.145690531e-01-1.214386970e-01
-1.279209852e-01-1.339924634e-01-1.396288127e-01-1.448040009e-01-1.494894326e-01
-1.536531299e-01-1.572589874e-01-1.602660120e-01-1.626278013e-01-1.642919183e-01
-1.651995778e-01-1.652854830e-01-1.644779146e-01-1.626990438e-01-1.598660350e-01
-1.558922827e-01-1.506896913e-01-1.441717595e-01-1.362576485e-01-1.268774718e-01
-1.159790456e-01-1.035357565e-01-8.955581486e-02-7.409238070e-02-5.725389719e-02
-3.921338916e-02-2.021468617e-02-5.715406733e-04 1.897909492e-02 3.840898722e-02
 5.770963803e-02 7.687614858e-02 9.589913487e-02 1.147581488e-01 1.334137022e-01
 1.517960429e-01 1.697891802e-01 1.872103363e-01 2.037912011e-01 2.191808522e-01
 6.441640109e-02 6.157313287e-02 5.642071366e-02 5.034429580e-02 4.384404421e-02
 3.698833287e-02 2.982138097e-02 2.236615494e-02 1.463333145e-02 6.626509130e-03
-1.654873602e-03-1.021350920e-02-1.897025481e-02-2.785002813e-02-3.678201884e-02
-4.570058733e-02-5.454576015e-02-6.326337904e-02-7.180503011e-02-8.012767136e-02
-8.819317818e-02-9.596765041e-02-1.034206748e-01-1.105244830e-01-1.172531173e-01
-1.235814691e-01-1.294844598e-01-1.349360645e-01-1.399085075e-01-1.443714499e-01
-1.482910812e-01-1.516295671e-01-1.543442011e-01-1.563870013e-01-1.577041745e-01
-1.582359076e-01-1.579162329e-01-1.566733718e-01-1.544303298e-01-1.511059403e-01
-1.466167271e-01-1.408792138e-01-1.338135302e-01-1.253477335e-01-1.154234484e-01
-1.040029600e-01-9.107729793e-02-7.667564601e-02-6.087548658e-02-4.381313920e-02
-2.569383755e-02-6.800943986e-03 1.249562856e-02 3.174946457e-02 5.099747330e-02
 7.026784122e-02 8.958664536e-02 1.089788750e-01 1.284663528e-01 1.480621994e-01
 1.677597314e-01 1.875104010e-01 2.071769834e-01 2.264309227e-01 2.445820719e-01
 6.870985031e-02 6.632283330e-02 6.086139381e-02 5.423075706e-02 4.735181853e-02
 4.024872929e-02 3.292919695e-02 2.539330721e-02 1.763750613e-02 9.655987844e-03
 1.441177912e-03-7.016290445e-03-1.566772349e-02-2.443831787e-02-3.325759619e-02
-4.206003994e-02-5.078550428e-02-5.937939882e-02-6.779258698e-02-7.598111778e-02
-8.390572667e-02-9.153120220e-02-9.882570803e-02-1.057598814e-01-1.123060584e-01
-1.184373647e-01-1.241268218e-01-1.293464899e-01-1.340666264e-01-1.382548809e-01
-1.418755651e-01-1.448888928e-01-1.472504735e-01-1.489108503e-01-1.498150527e-01
-1.499025226e-01-1.491073370e-01-1.473585069e-01-1.445809007e-01-1.406967044e-01
-1.356274486e-01-1.292968243e-01-1.216344982e-01-1.125809327e-01-1.020933837e-01
-9.015304595e-02-7.677330077e-02-6.200890243e-02-4.596553743e-02-2.880924195e-02
-1.077449135e-02 7.830255665e-03 2.653379552e-02 4.534913599e-02 6.430548429e-02
 8.344364911e-02 1.028160006e-01 1.224878728e-01 1.425397694e-01 1.630699635e-01
 1.841978729e-01 2.060691118e-01 2.288685143e-01 2.528769374e-01 2.780914903e-01
 7.352231443e-02 7.171450555e-02 6.562116742e-02 5.825693905e-02 5.093795061e-02
 4.357030243e-02 3.610025719e-02 2.849610522e-02 2.073646709e-02 1.280479692e-02
 4.686673172e-03-3.631638829e-03-1.213648170e-02-2.075500786e-02-2.941785380e-02
-3.805998713e-02-4.662127420e-02-5.504674092e-02-6.328655779e-02-7.129578292e-02
-7.903392613e-02-8.646434546e-02-9.355358779e-02-1.002705246e-01-1.065855920e-01
-1.124698967e-01-1.178943962e-01-1.228290200e-01-1.272418797e-01-1.310985386e-01
-1.343612522e-01-1.369884014e-01-1.389340460e-01-1.401473880e-01-1.405728012e-01
-1.401497275e-01-1.388130635e-01-1.364938915e-01-1.331206560e-01-1.286208928e-01
-1.229236722e-01-1.159629151e-01-1.076815128e-01-9.803652763e-02-8.700539917e-02
-7.459315658e-02-6.084042788e-02-4.583197087e-02-2.970534936e-02-1.265870780e-02
 5.043447018e-03 2.291819640e-02 4.097896069e-02 5.925003067e-02 7.776956260e-02
 9.659187496e-02 1.157908738e-01 1.354650557e-01 1.557449996e-01 1.768040061e-01
 1.988743246e-01 2.222713679e-01 2.474321127e-01 2.749704123e-01 3.044488728e-01
 7.670819014e-02 7.515115291e-02 6.893850863e-02 6.146876514e-02 5.402661115e-02
 4.656584561e-02 3.905080259e-02 3.145243227e-02 2.374744788e-02 1.591661200e-02
 7.943246514e-03-1.877139002e-04-8.490065113e-03-1.690090448e-02-2.535200678e-02
-3.377876803e-02-4.212101549e-02-5.032335967e-02-5.833521113e-02-6.611058116e-02
-7.360768318e-02-8.078832924e-02-8.761727810e-02-9.406149387e-02-1.000893563e-01
-1.056697965e-01-1.107715145e-01-1.153622046e-01-1.194077432e-01-1.228715479e-01
-1.257139295e-01-1.278916001e-01-1.293572783e-01-1.300594807e-01-1.299425364e-01
-1.289468408e-01-1.270094812e-01-1.240652204e-01-1.200481355e-01-1.148936898e-01
-1.085416228e-01-1.009396464e-01-9.204806387e-02-8.184519410e-02-7.033375651e-02
-5.754785240e-02-4.356019199e-02-2.848938853e-02-1.250755601e-02 4.153584130e-03
 2.102993429e-02 3.812760115e-02 5.546140671e-02 7.305719703e-02 9.095467627e-02
 1.092109233e-01 1.279051304e-01 1.471451074e-01 1.670766622e-01 1.878970861e-01
 2.098741233e-01 2.333718836e-01 2.588807046e-01 2.870370150e-01 3.171981573e-01
 7.853196561e-02 7.711879909e-02 7.122513652e-02 6.384260207e-02 5.645166337e-02
 4.904219136e-02 4.159514979e-02 3.409178182e-02 2.651461214e-02 1.884743758e-02
 1.107490622e-02 3.181873355e-03-4.847448319e-03-1.298396196e-02-2.115813084e-02
-2.930494398e-02-3.736390918e-02-4.527915269e-02-5.299932510e-02-6.047737971e-02
-6.767017394e-02-7.453792542e-02-8.104357123e-02-8.715204895e-02-9.282957762e-02
-9.804281592e-02-1.027581617e-01-1.069410145e-01-1.105550528e-01-1.135616824e-01
-1.159194708e-01-1.175838113e-01-1.185066774e-01-1.186365858e-01-1.179188639e-01
-1.162961721e-01-1.137094051e-01-1.100991517e-01-1.054075435e-01-9.958092868e-02
-9.257312119e-02-8.434957266e-02-7.489225268e-02-6.420557201e-02-5.232273787e-02
-3.931258991e-02-2.528532036e-02-1.039407402e-02 5.154798273e-03 2.094709314e-02
 3.697834909e-02 5.324977636e-02 6.977002323e-02 8.655720204e-02 1.036412194e-01
 1.210667565e-01 1.388969868e-01 1.572186351e-01 1.761489809e-01 1.958459169e-01
 2.165234238e-01 2.384776771e-01 2.621379495e-01 2.881819010e-01 3.154014051e-01
 7.978077233e-02 7.853949070e-02 7.270997763e-02 6.546005607e-02 5.820602179e-02
 5.093599111e-02 4.363903031e-02 3.630454838e-02 2.892197482e-02 2.148040757e-02
 1.396835316e-02 6.373733282e-03-1.315835631e-03-9.112140164e-03-1.693989336e-02
-2.473582700e-02-3.244002163e-02-3.999652714e-02-4.735348374e-02-5.446294695e-02
-6.128054112e-02-6.776493788e-02-7.387727499e-02-7.958049327e-02-8.483862877e-02
-8.961612731e-02-9.387712926e-02-9.758483618e-02-1.007009447e-01-1.031851023e-01
-1.049946100e-01-1.060841084e-01-1.064056382e-01-1.059087738e-01-1.045411676e-01
-1.022493839e-01-9.898015857e-02-9.468224645e-02-8.930869401e-02-8.281986415e-02
-7.518714666e-02-6.639732420e-02-5.645780638e-02-4.540252686e-02-3.329899535e-02
-2.025762573e-02-6.444491446e-03 7.970336825e-03 2.265663072e-02 3.759919852e-02
 5.278458446e-02 6.820325553e-02 8.385106921e-02 9.973059595e-02 1.158524156e-01
 1.322365552e-01 1.489138901e-01 1.659276187e-01 1.833344251e-01 2.012050748e-01
 2.196235955e-01 2.386826575e-01 2.584673166e-01 2.789731026e-01 2.991447747e-01
 8.022473752e-02 7.912777364e-02 7.340966165e-02 6.635267287e-02 5.929661542e-02
 5.222268403e-02 4.512829334e-02 3.801339492e-02 3.087604418e-02 2.371137217e-02
 1.651173830e-02 9.267162532e-03 1.965529285e-03-5.407738499e-03-1.281100884e-02
-2.017886005e-02-2.745093033e-02-3.457114846e-02-4.148734361e-02-4.815094173e-02
-5.451656878e-02-6.054155156e-02-6.618539989e-02-7.140921056e-02-7.617499679e-02
-8.044515550e-02-8.418178558e-02-8.734624088e-02-8.989855647e-02-9.179721773e-02
-9.299887717e-02-9.345835447e-02-9.312881529e-02-9.196227789e-02-8.991035819e-02
-8.692549169e-02-8.296256512e-02-7.798111439e-02-7.194805145e-02-6.484104693e-02
-5.665238947e-02-4.739344120e-02-3.709912300e-02-2.583240531e-02-1.368555706e-02
-7.859950420e-04 1.244824380e-02 2.603087574e-02 3.991273791e-02 5.405702442e-02
 6.843373924e-02 8.301757276e-02 9.778722376e-02 1.127253175e-01 1.278184652e-01
 1.430571675e-01 1.584351957e-01 1.739478707e-01 1.895887703e-01 2.053429782e-01
 2.211748064e-01 2.370051444e-01 2.526690662e-01 2.678339481e-01 2.818532884e-01
 7.956057787e-02 7.849270850e-02 7.326342165e-02 6.657116115e-02 5.976362526e-02
 5.289818347e-02 4.601820931e-02 3.914465010e-02 3.228484094e-02 2.543806657e-02
 1.859865896e-02 1.175781153e-02 4.904818255e-03-1.971816411e-03-8.882697672e-03
-1.574696600e-02-2.250800282e-02-2.911150828e-02-3.550604731e-02-4.164305329e-02
-4.747663438e-02-5.296316370e-02-5.806086957e-02-6.272929907e-02-6.692881882e-02
-7.062013447e-02-7.376374304e-02-7.631962001e-02-7.824686915e-02-7.950354367e-02
-8.004665375e-02-7.983234525e-02-7.881636918e-02-7.695482671e-02-7.420524955e-02
-7.052814960e-02-6.588898599e-02-6.026075780e-02-5.362710357e-02-4.598612338e-02
-3.735455871e-02-2.777268924e-02-1.730794832e-02-6.068057846e-03 5.833017640e-03
 1.810380258e-02 3.071863204e-02 4.365044087e-02 5.686349049e-02 7.031950355e-02
 8.397973329e-02 9.780564904e-02 1.117591560e-01 1.258026958e-01 1.398991644e-01
 1.540113091e-01 1.681007743e-01 1.821257025e-01 1.960368156e-01 2.097710371e-01
 2.232416868e-01 2.363248020e-01 2.488423884e-01 2.605492473e-01 2.711402178e-01
 7.946546376e-02 7.884173095e-02 7.340294123e-02 6.652666628e-02 5.970527604e-02
 5.292929709e-02 4.622074589e-02 3.958769143e-02 3.302919120e-02 2.653885260e-02
 2.010699362e-02 1.372187957e-02 7.370467298e-03 1.038623741e-03-5.289406516e-03
-1.156624779e-02-1.773393899e-02-2.373868413e-02-2.952975035e-02-3.505896777e-02
-4.028037190e-02-4.514987767e-02-4.962489754e-02-5.366396159e-02-5.722630769e-02
-6.027150899e-02-6.275916100e-02-6.464867294e-02-6.589908153e-02-6.646913290e-02
-6.631746143e-02-6.540305912e-02-6.368596107e-02-6.112831086e-02-5.769572407e-02
-5.335912108e-02-4.809692875e-02-4.189767316e-02-3.476367891e-02-2.671530843e-02
-1.779415831e-02-8.074417710e-03 2.373745199e-03 1.326461043e-02 2.460607514e-02
 3.634804860e-02 4.844704270e-02 6.086082757e-02 7.354512811e-02 8.645291626e-02
 9.953428805e-02 1.127365902e-01 1.260046065e-01 1.392808110e-01 1.525056809e-01
 1.656178683e-01 1.785539836e-01 1.912478060e-01 2.036284804e-01 2.156176567e-01
 2.271255255e-01 2.380464971e-01 2.482565194e-01 2.576145232e-01 2.659716010e-01
 7.885490358e-02 7.861590385e-02 7.301749289e-02 6.574848294e-02 5.878070742e-02
 5.204983056e-02 4.551677406e-02 3.915564716e-02 3.294560313e-02 2.686772496e-02
 2.090412565e-02 1.503780950e-02 9.252779186e-03 3.534245538e-03-2.130897716e-03
-7.752696052e-03-1.325196773e-02-1.858028211e-02-2.368975431e-02-2.853374928e-02
-3.306704015e-02-3.724576533e-02-4.102720320e-02-4.436954111e-02-4.723161831e-02
-4.957273975e-02-5.135250837e-02-5.253079534e-02-5.306781828e-02-5.292438716e-02
-5.206233263e-02-5.044521391e-02-4.803937674e-02-4.481518641e-02-4.074859992e-02
-3.582351655e-02-3.003420308e-02-2.338507399e-02-1.589694619e-02-7.616338320e-03
 1.415281789e-03 1.094752364e-02 2.099777944e-02 3.152552247e-02 4.249738902e-02
 5.387467891e-02 6.561537087e-02 7.767381519e-02 8.999985456e-02 1.025379747e-01
 1.152267903e-01 1.279987693e-01 1.407804489e-01 1.534931213e-01 1.660539508e-01
 1.783777177e-01 1.903784871e-01 2.019715905e-01 2.130748332e-01 2.236090600e-01
 2.334981859e-01 2.426685840e-01 2.510490716e-01 2.585721612e-01 2.651774287e-01
 7.606367022e-02 7.590860873e-02 7.043977082e-02 6.323421001e-02 5.637645721e-02
 4.984543473e-02 4.360389709e-02 3.761558980e-02 3.184728697e-02 2.626936510e-02
 2.085585147e-02 1.558420714e-02 1.043496188e-02 5.391237326e-03 4.380386963e-04
-4.438998643e-03-9.190815501e-03-1.376826130e-02-1.812430471e-02-2.221344784e-02
-2.599149570e-02-2.941540256e-02-3.244308010e-02-3.503323719e-02-3.714527190e-02
-3.873923421e-02-3.977586329e-02-4.021683335e-02-4.002502561e-02-3.916499019e-02
-3.760345280e-02-3.531035408e-02-3.226047009e-02-2.843504027e-02-2.382132784e-02
-1.841846853e-02-1.224903483e-02-5.324013997e-03 2.337033395e-03 1.054065954e-02
 1.930786297e-02 2.860890701e-02 3.842160851e-02 4.871891811e-02 5.947062001e-02
 7.064221799e-02 8.219408989e-02 9.408050030e-02 1.062482297e-01 1.186352447e-01
 1.311694384e-01 1.437677443e-01 1.563360244e-01 1.687699556e-01 1.809573770e-01
 1.927820742e-01 2.041290551e-01 2.148902118e-01 2.249699682e-01 2.342895418e-01
 2.427895069e-01 2.504301071e-01 2.571899295e-01 2.630633414e-01 2.680578828e-01
 7.145807147e-02 7.138146460e-02 6.574416161e-02 5.871089548e-02 5.214883760e-02
 4.600357264e-02 4.022560269e-02 3.476456553e-02 2.957445197e-02 2.461580187e-02
 1.985603571e-02 1.526892744e-02 1.083373465e-02 6.534351036e-03 2.358600032e-03
-1.702126116e-03-5.652444437e-03-9.422047995e-03-1.296775788e-02-1.624666154e-02
-1.921674237e-02-2.183687501e-02-2.406673320e-02-2.586669102e-02-2.719783597e-02
-2.802211419e-02-2.830265090e-02-2.800431103e-02-2.709448338e-02-2.554377168e-02
-2.332536504e-02-2.041606791e-02-1.680074260e-02-1.248146035e-02-7.445560768e-03
-1.677067019e-03 4.639445804e-03 1.154726930e-02 1.905100420e-02 2.712472901e-02
 3.575342894e-02 4.492039233e-02 5.460806563e-02 6.479661167e-02 7.546292245e-02
 8.657939732e-02 9.811247885e-02 1.100208014e-01 1.222528964e-01 1.347446442e-01
 1.474163681e-01 1.601701826e-01 1.728881001e-01 1.854319274e-01 1.976460814e-01
 2.093644142e-01 2.204211354e-01 2.306642830e-01 2.399693131e-01 2.482496500e-01
 2.554624081e-01 2.616083026e-01 2.667266130e-01 2.708849013e-01 2.741673589e-01
 6.400708854e-02 6.377902627e-02 5.851247534e-02 5.185043812e-02 4.580533132e-02
 4.028862715e-02 3.520629182e-02 3.047793359e-02 2.604003623e-02 2.184445038e-02
 1.785558462e-02 1.404764596e-02 1.040242799e-02 6.907612085e-03 3.555520438e-03
 3.421622096e-04-2.733717440e-03-5.651563406e-03-8.346652612e-03-1.077746321e-02
-1.290510222e-02-1.469182968e-02-1.610055193e-02-1.709471270e-02-1.763834804e-02
-1.769636944e-02-1.723505929e-02-1.622317918e-02-1.463428140e-02-1.245215815e-02
-9.658591822e-03-6.228299811e-03-2.131606918e-03 2.488073660e-03 7.675357629e-03
 1.344415080e-02 1.977918297e-02 2.667876333e-02 3.414090723e-02 4.215998203e-02
 5.072985590e-02 5.984371901e-02 6.949380785e-02 7.967075706e-02 9.036270529e-02
 1.015539914e-01 1.132233441e-01 1.253415197e-01 1.378679127e-01 1.507462263e-01
 1.638989151e-01 1.772206128e-01 1.905708611e-01 2.037684470e-01 2.165900916e-01
 2.287790775e-01 2.400672138e-01 2.502076030e-01 2.590081096e-01 2.663552165e-01
 2.722245157e-01 2.766794562e-01 2.798585892e-01 2.819509506e-01 2.831620574e-01
 5.351316929e-02 5.300003290e-02 4.803675786e-02 4.210950434e-02 3.702940047e-02
 3.255121782e-02 2.850054577e-02 2.476679906e-02 2.128068171e-02 1.799861342e-02
 1.489333063e-02 1.194831356e-02 9.154438972e-03 6.507979706e-03 4.009454977e-03
 1.663057366e-03-5.234238924e-04-2.538101748e-03-4.369299859e-03-5.934933200e-03
-7.205980364e-03-8.151412010e-03-8.739529178e-03-8.938591927e-03-8.717115968e-03
-8.043995127e-03-6.888329983e-03-5.218618549e-03-3.000241704e-03-2.785304096e-04
 2.932863310e-03 6.664213724e-03 1.092823036e-02 1.571631245e-02 2.103254572e-02
 2.688169107e-02 3.326590359e-02 4.018805549e-02 4.765141010e-02 5.565922707e-02
 6.421504170e-02 7.332275063e-02 8.298654854e-02 9.321062267e-02 1.039986461e-01
 1.153528243e-01 1.272723973e-01 1.397512406e-01 1.527743638e-01 1.663123220e-01
 1.803129911e-01 1.946894675e-01 2.093027234e-01 2.239383161e-01 2.382806242e-01
 2.519012094e-01 2.642965019e-01 2.749905586e-01 2.836398482e-01 2.900748253e-01
 2.942985892e-01 2.964817286e-01 2.969558835e-01 2.961689532e-01 2.945786119e-01
 3.813322261e-02 3.672400117e-02 3.271047026e-02 2.889923006e-02 2.578545548e-02
 2.298140153e-02 2.036395669e-02 1.788326167e-02 1.551849581e-02 1.326251402e-02
 1.111540198e-02 9.081442840e-03 7.167635486e-03 5.383005831e-03 3.738405183e-03
 2.246652264e-03 9.230038850e-04-2.139829885e-04-1.141039655e-03-1.826328691e-03
-2.241048962e-03-2.357813995e-03-2.150160028e-03-1.592498971e-03-6.602646317e-04
 6.697821664e-04 2.419013530e-03 4.605881870e-03 7.243620232e-03 1.033477113e-02
 1.388301514e-02 1.789705455e-02 2.238477021e-02 2.735175565e-02 3.280448914e-02
 3.875019401e-02 4.519663006e-02 5.215248466e-02 5.962761492e-02 6.763324142e-02
 7.618223131e-02 8.528940380e-02 9.497181326e-02 1.052490175e-01 1.161432639e-01
 1.276794672e-01 1.398850083e-01 1.527887583e-01 1.664191931e-01 1.808006465e-01
 1.959463805e-01 2.118461728e-01 2.284440398e-01 2.455968112e-01 2.629889846e-01
 2.799469829e-01 2.952432632e-01 3.076596260e-01 3.166444302e-01 3.220560551e-01
 3.239461780e-01 3.225632608e-01 3.185171485e-01 3.130065799e-01 3.072941005e-01
 1.705862954e-02 1.312687621e-02 1.326448657e-02 1.374471653e-02 1.336760446e-02
 1.256679930e-02 1.153687946e-02 1.038319152e-02 9.172698483e-03 7.953025401e-03
 6.760786287e-03 5.625749938e-03 4.573238082e-03 3.625680692e-03 2.803760581e-03
 2.127331216e-03 1.616207301e-03 1.290844753e-03 1.172842691e-03 1.285021659e-03
 1.649970422e-03 2.289552242e-03 3.224697197e-03 4.475252703e-03 6.059820764e-03
 7.995549589e-03 1.029783580e-02 1.297995448e-02 1.605265960e-02 1.952417567e-02
 2.340199426e-02 2.769403532e-02 3.240850940e-02 3.755394369e-02 4.313972592e-02
 4.917639866e-02 5.567595363e-02 6.265212595e-02 7.012073696e-02 7.810004801e-02
 8.661130071e-02 9.567925334e-02 1.053329632e-01 1.156066954e-01 1.265411377e-01
 1.381847560e-01 1.505956650e-01 1.638435721e-01 1.780120581e-01 1.932007074e-01
 2.095264792e-01 2.271233201e-01 2.461387813e-01 2.667289972e-01 2.890671492e-01
 3.134593070e-01 3.353353739e-01 3.504292667e-01 3.597963154e-01 3.639870584e-01
 3.625266552e-01 3.558495641e-01 3.432509005e-01 3.289197385e-01 3.180878758e-01
 2.465811092e-03-2.270217985e-03-1.212430070e-03 8.865550626e-04 2.132590627e-03
 2.771176863e-03 2.995755523e-03 2.948502544e-03 2.733741887e-03 2.429607091e-03
 2.096096985e-03 1.780464081e-03 1.520901220e-03 1.349152531e-03 1.292420318e-03
 1.374773332e-03 1.618187642e-03 2.043280751e-03 2.669762820e-03 3.516587894e-03
 4.601804540e-03 5.942400545e-03 7.554194890e-03 9.451761842e-03 1.164838113e-02
 1.415601000e-02 1.698527113e-02 2.014549449e-02 2.364487387e-02 2.749079838e-02
 3.169048578e-02 3.625157103e-02 4.118252546e-02 4.649299383e-02 5.219416320e-02
 5.829909071e-02 6.482300162e-02 7.178361714e-02 7.920146734e-02 8.710037172e-02
 9.550799429e-02 1.044566035e-01 1.139842123e-01 1.241359562e-01 1.349661350e-01
 1.465409696e-01 1.589423120e-01 1.722729355e-01 1.866637170e-01 2.022837549e-01
 2.193538994e-01 2.381641865e-01 2.590931058e-01 2.826238871e-01 3.093537092e-01
 3.379007578e-01 3.598003387e-01 3.748777807e-01 3.835114241e-01 3.854233325e-01
 3.808085918e-01 3.686919510e-01 3.503289521e-01 3.345429301e-01 3.218901455e-01
-7.499921136e-03-1.263711229e-02-1.137121767e-02-8.841302246e-03-6.960608065e-03
-5.599691533e-03-4.632803611e-03-3.945482895e-03-3.440510016e-03-3.038311377e-03
-2.674864139e-03-2.298831474e-03-1.868748339e-03-1.350595616e-03-7.158661028e-04
 5.989099736e-05 9.981113253e-04 2.117913682e-03 3.436528379e-03 4.969518632e-03
 6.730859168e-03 8.732965216e-03 1.098671369e-02 1.350148488e-02 1.628525555e-02
 1.934471913e-02 2.268548869e-02 2.631235123e-02 3.022962622e-02 3.444163501e-02
 3.895322233e-02 4.377032816e-02 4.890048131e-02 5.435323715e-02 6.014054269e-02
 6.627702713e-02 7.278022170e-02 7.967073470e-02 8.697250485e-02 9.471305460e-02
 1.029239893e-01 1.116416752e-01 1.209082901e-01 1.307733655e-01 1.412958801e-01
 1.525474787e-01 1.646167487e-01 1.776157320e-01 1.916894913e-01 2.070308179e-01
 2.239035517e-01 2.426809371e-01 2.639073730e-01 2.883756161e-01 3.169249892e-01
 3.421798348e-01 3.612769246e-01 3.742495775e-01 3.809125721e-01 3.812303543e-01
 3.740927875e-01 3.588889837e-01 3.424278498e-01 3.287231922e-01 3.172375560e-01
-1.394799538e-02-1.935867220e-02-1.852842793e-02-1.604404114e-02-1.406133361e-02
-1.249069348e-02-1.122647244e-02-1.017005742e-02-9.236653335e-03-8.356923237e-03
-7.475610357e-03-6.548908539e-03-5.541682709e-03-4.425110295e-03-3.174911719e-03
-1.770164585e-03-1.925919933e-04 1.573805464e-03 3.542904509e-03 5.726498086e-03
 8.134301752e-03 1.077396981e-02 1.365117170e-02 1.676970534e-02 2.013169229e-02
 2.373782359e-02 2.758770064e-02 3.168025613e-02 3.601430357e-02 4.058915749e-02
 4.540536553e-02 5.046541989e-02 5.577445030e-02 6.134075299e-02 6.717619300e-02
 7.329635322e-02 7.972058654e-02 8.647187799e-02 9.357671440e-02 1.010650024e-01
 1.089700758e-01 1.173290163e-01 1.261833310e-01 1.355798393e-01 1.455722749e-01
 1.562233567e-01 1.676078141e-01 1.798164845e-01 1.929622144e-01 2.071885765e-01
 2.226834297e-01 2.397021949e-01 2.586150169e-01 2.800484300e-01 3.029128909e-01
 3.221452832e-01 3.369608223e-01 3.470954299e-01 3.524502516e-01 3.522633612e-01
 3.462662697e-01 3.351188898e-01 3.244331479e-01 3.147042990e-01 3.059686422e-01
-1.812786423e-02-2.391120419e-02-2.329267748e-02-2.118175849e-02-1.952866092e-02
-1.817953959e-02-1.700237766e-02-1.589525677e-02-1.478552632e-02-1.362338476e-02
-1.237461530e-02-1.101452671e-02-9.523658082e-03-7.885123603e-03-6.083287764e-03
-4.103369080e-03-1.931611914e-03 4.442590289e-04 3.034534864e-03 5.847104825e-03
 8.887208067e-03 1.215736195e-02 1.565745100e-02 1.938492432e-02 2.333507314e-02
 2.750135399e-02 3.187581524e-02 3.644962609e-02 4.121380672e-02 4.616016150e-02
 5.128236860e-02 5.657716095e-02 6.204542890e-02 6.769303232e-02 7.353129238e-02
 7.957698405e-02 8.585194498e-02 9.238234907e-02 9.919783473e-02 1.063306779e-01
 1.138151586e-01 1.216871589e-01 1.299841553e-01 1.387453675e-01 1.480122209e-01
 1.578288376e-01 1.682426035e-01 1.793041378e-01 1.910666227e-01 2.035826743e-01
 2.168965191e-01 2.310238779e-01 2.459034622e-01 2.612877488e-01 2.764426470e-01
 2.898620367e-01 3.007099032e-01 3.085578084e-01 3.131303787e-01 3.142878413e-01
 3.121468723e-01 3.077973127e-01 3.024463654e-01 2.967241704e-01 2.910065651e-01
-1.931159571e-02-2.547458373e-02-2.563093230e-02-2.452066168e-02-2.381325886e-02
-2.319101058e-02-2.246994525e-02-2.156314626e-02-2.044185251e-02-1.910582557e-02
-1.756497473e-02-1.582931727e-02-1.390424185e-02-1.178911887e-02-9.477970190e-03
-6.961220875e-03-4.227865487e-03-1.267533284e-03 1.927857753e-03 5.362994038e-03
 9.038643911e-03 1.295162365e-02 1.709511317e-02 2.145909518e-02 2.603077888e-02
 3.079493530e-02 3.573417664e-02 4.082938656e-02 4.606052488e-02 5.140794814e-02
 5.685428157e-02 6.238663197e-02 6.799873710e-02 7.369260490e-02 7.947932184e-02
 8.537870646e-02 9.141808748e-02 9.763032198e-02 1.040514261e-01 1.107185334e-01
 1.176682264e-01 1.249353811e-01 1.325526088e-01 1.405499279e-01 1.489543915e-01
 1.577897072e-01 1.670747995e-01 1.768217534e-01 1.870315224e-01 1.976866722e-01
 2.087391913e-01 2.200907469e-01 2.315636575e-01 2.428665459e-01 2.535796762e-01
 2.632130384e-01 2.713257968e-01 2.776021957e-01 2.818703651e-01 2.841169834e-01
 2.845117450e-01 2.833977938e-01 2.811945677e-01 2.782843709e-01 2.749659419e-01
-1.598470472e-02-2.208381519e-02-2.489396557e-02-2.658408508e-02-2.793419734e-02
-2.862701565e-02-2.859575488e-02-2.793238312e-02-2.675925568e-02-2.518607304e-02
-2.329823934e-02-2.115419134e-02-1.878677681e-02-1.620746404e-02-1.341233309e-02
-1.038852613e-02-7.120096125e-03-3.592674388e-03 2.032920311e-04 4.270744510e-03
 8.605571464e-03 1.319727860e-02 1.803031750e-02 2.308546565e-02 2.834068239e-02
 3.377117962e-02 3.934890404e-02 4.504188150e-02 5.081436038e-02 5.662843585e-02
 6.244753674e-02 6.824123859e-02 7.399025559e-02 7.969029993e-02 8.535373956e-02
 9.100882709e-02 9.669641405e-02 1.024648622e-01 1.083646119e-01 1.144436002e-01
 1.207442433e-01 1.273021400e-01 1.341457069e-01 1.412962079e-01 1.487677395e-01
 1.565668285e-01 1.646909863e-01 1.731265783e-01 1.818450987e-01 1.907979399e-01
 1.999094188e-01 2.090686709e-01 2.181222737e-01 2.268721163e-01 2.350844741e-01
 2.425138950e-01 2.489363849e-01 2.541806102e-01 2.581493855e-01 2.608308196e-01
 2.622985840e-01 2.626975179e-01 2.622154355e-01 2.610504925e-01 2.593862414e-01
-1.179769263e-02-1.813714951e-02-2.410556003e-02-2.987746149e-02-3.507529572e-02
-3.680826724e-02-3.693099692e-02-3.599025309e-02-3.432940692e-02-3.218778595e-02
-2.972933277e-02-2.705230191e-02-2.419820987e-02-2.116585150e-02-1.792804338e-02
-1.444677263e-02-1.068451349e-02-6.611790508e-03-2.211820800e-03 2.517327201e-03
 7.563172840e-03 1.290194876e-02 1.850347780e-02 2.433580160e-02 3.036751039e-02
 3.656692430e-02 4.289853200e-02 4.931811616e-02 5.576885492e-02 6.218159199e-02
 6.848188490e-02 7.460274547e-02 8.049792051e-02 8.615113050e-02 9.157997370e-02
 9.683448076e-02 1.019892991e-01 1.071299762e-01 1.123384684e-01 1.176833138e-01
 1.232163534e-01 1.289737523e-01 1.349783838e-01 1.412420571e-01 1.477669775e-01
 1.545462310e-01 1.615632176e-01 1.687905341e-01 1.761879325e-01 1.836998016e-01
 1.912526786e-01 1.987531483e-01 2.060876191e-01 2.131251842e-01 2.197247148e-01
 2.257460952e-01 2.310640514e-01 2.355813980e-01 2.392394543e-01 2.420234084e-01
 2.439620495e-01 2.451214790e-01 2.455942631e-01 2.454868555e-01 2.449077368e-01
-9.592437185e-03-1.675542444e-02-2.455467731e-02-3.339350969e-02-4.315844923e-02
-4.859925807e-02-4.876295850e-02-4.633640498e-02-4.332313687e-02-4.001390189e-02
-3.663338721e-02-3.328862041e-02-2.996931039e-02-2.659226954e-02-2.304960601e-02
-1.923882216e-02-1.507624332e-02-1.050256286e-02-5.486833863e-03-3.037721035e-05
 5.832809955e-03 1.204467565e-02 1.854075491e-02 2.526717260e-02 3.218721598e-02
 3.927686065e-02 4.651308060e-02 5.385727435e-02 6.123473495e-02 6.851847470e-02
 7.554177940e-02 8.214768767e-02 8.823204041e-02 9.375542402e-02 9.874537587e-02
 1.033023447e-01 1.075919345e-01 1.117989868e-01 1.160721481e-01 1.205064654e-01
 1.251545399e-01 1.300416440e-01 1.351759434e-01 1.405542791e-01 1.461649537e-01
 1.519888937e-01 1.579996347e-01 1.641627103e-01 1.704348326e-01 1.767629683e-01
 1.830836236e-01 1.893230677e-01 1.953984797e-01 2.012206614e-01 2.066985071e-01
 2.117447853e-01 2.162826806e-01 2.202519327e-01 2.236137092e-01 2.263532430e-01
 2.284797877e-01 2.300241441e-01 2.310339808e-01 2.315682769e-01 2.316914201e-01
-6.818634458e-03-1.418169122e-02-2.248195000e-02-3.220499307e-02-4.373279214e-02
-5.243472382e-02-5.696491897e-02-5.715033785e-02-5.297143385e-02-4.760808498e-02
-4.294732213e-02-3.906609491e-02-3.565472737e-02-3.235062957e-02-2.886851132e-02
-2.501089685e-02-2.063935995e-02-1.565464586e-02-9.995203465e-03-3.656187095e-03
 3.277240554e-03 1.063074730e-02 1.822861843e-02 2.597603574e-02 3.385642171e-02
 4.189810902e-02 5.014793947e-02 5.864907801e-02 6.740143150e-02 7.622429729e-02
 8.456507325e-02 9.199079871e-02 9.836354852e-02 1.036356017e-01 1.078035533e-01
 1.109778881e-01 1.136323586e-01 1.163673252e-01 1.193981022e-01 1.227645651e-01
 1.264601499e-01 1.304642558e-01 1.347517073e-01 1.392953992e-01 1.440665722e-01
 1.490341127e-01 1.541637629e-01 1.594172716e-01 1.647516191e-01 1.701186001e-01
 1.754647791e-01 1.807319522e-01 1.858583391e-01 1.907804012e-01 1.954356432e-01
 1.997655034e-01 2.037189007e-01 2.072551101e-01 2.103462815e-01 2.129786909e-01
 2.151529193e-01 2.168827206e-01 2.181929350e-01 2.191168219e-01 2.196929753e-01
-2.616070677e-03-9.350569919e-03-1.676344126e-02-2.497133799e-02-3.397449106e-02
-4.355616868e-02-5.201079696e-02-5.634024739e-02-5.607682467e-02-5.083736405e-02
-4.580164701e-02-4.287307709e-02-4.086190462e-02-3.860843182e-02-3.581543267e-02
-3.234381974e-02-2.807502449e-02-2.287975512e-02-1.660600677e-02-9.085476398e-03
-2.570248325e-04 9.014736861e-03 1.800434105e-02 2.677551098e-02 3.548217937e-02
 4.428803176e-02 5.336762592e-02 6.292625517e-02 7.324238867e-02 8.470547199e-02
 9.499508142e-02 1.033797935e-01 1.101121604e-01 1.150640771e-01 1.181735247e-01
 1.191729009e-01 1.189364493e-01 1.198908538e-01 1.216552854e-01 1.240212843e-01
 1.268601120e-01 1.300846487e-01 1.336313784e-01 1.374500841e-01 1.414977014e-01
 1.457343698e-01 1.501212120e-01 1.546186060e-01 1.591854692e-01 1.637786925e-01
 1.683531404e-01 1.728621125e-01 1.772579551e-01 1.814934015e-01 1.855230629e-01
 1.893051267e-01 1.928031147e-01 1.959875226e-01 1.988369823e-01 2.013391256e-01
 2.034904957e-01 2.052962631e-01 2.067690194e-01 2.079274803e-01 2.087949216e-01
 2.776629291e-03-2.876204904e-03-8.928249590e-03-1.537729986e-02-2.213939838e-02
-2.904091403e-02-3.583188355e-02-4.221042618e-02-4.586990923e-02-4.372122884e-02
-4.118416458e-02-4.097072780e-02-4.160706699e-02-4.085584730e-02-3.901319951e-02
-3.616061062e-02-3.224829212e-02-2.715667337e-02-2.067802474e-02-1.241927873e-02
-1.655780477e-03 9.364001453e-03 1.916884817e-02 2.836346067e-02 3.731708229e-02
 4.629531503e-02 5.553519353e-02 6.529611349e-02 7.590942085e-02 8.773717284e-02
 9.836111218e-02 1.069051474e-01 1.135984585e-01 1.183720976e-01 1.210965365e-01
 1.214599460e-01 1.205261126e-01 1.208151653e-01 1.219839081e-01 1.237884685e-01
 1.260759234e-01 1.287477016e-01 1.317353845e-01 1.349861771e-01 1.384554505e-01
 1.421026140e-01 1.458890289e-01 1.497768760e-01 1.537284553e-01 1.577059031e-01
 1.616711020e-01 1.655858606e-01 1.694125533e-01 1.731147021e-01 1.766578257e-01
 1.800105423e-01 1.831453741e-01 1.860397309e-01 1.886765659e-01 1.910446882e-01
 1.931389868e-01 1.949600279e-01 1.965136677e-01 1.978102326e-01 1.988635957e-01
 0.194488454E+01 0.197039914E+01 0.198599815E+01 0.200325990E+01 0.202073169E+01
 0.204225397E+01 0.205849981E+01 0.207597446E+01 0.209198952E+01 0.210960579E+01
 0.212630510E+01 0.214298487E+01 0.216065526E+01 0.217774510E+01 0.219487762E+01
 0.221272373E+01 0.223064613E+01 0.224840879E+01 0.226649570E+01 0.228550243E+01
 0.230445862E+01 0.232365799E+01 0.234328127E+01 0.236389470E+01 0.238467646E+01
 0.240587139E+01 0.242780972E+01 0.245068145E+01 0.247411346E+01 0.249819660E+01
 0.252318621E+01 0.254921961E+01 0.257636213E+01 0.260430813E+01 0.263342333E+01
 0.266389894E+01 0.269586468E+01 0.272925091E+01 0.276404285E+01 0.280063057E+01
 0.283917713E+01 0.287982702E+01 0.292261457E+01 0.296781301E+01 0.301571989E+01
 0.306664324E+01 0.312084436E+01 0.317864847E+01 0.324060869E+01 0.330712819E+01
 0.337899685E+01 0.345666361E+01 0.354147196E+01 0.363374734E+01 0.373593950E+01
 0.384859133E+01 0.397543716E+01 0.411865997E+01 0.428389168E+01 0.447853470E+01
 0.471408367E+01 0.501238060E+01 0.541672897E+01 0.607292366E+01 0.961372948E+01
   88   86
 0.107817960E+01-0.500000007E-01 0.107909679E+01 0.500000007E-01 0.108431804E+01
 0.125000000E+00 0.109665155E+01 0.224999994E+00 0.110817695E+01 0.292823613E+00
 0.112450731E+01 0.375000000E+00 0.113715148E+01 0.433366179E+00 0.115483081E+01
 0.511018991E+00 0.117018676E+01 0.575000048E+00 0.118782854E+01 0.646271586E+00
 0.120602179E+01 0.716114581E+00 0.122274804E+01 0.774999976E+00 0.124345684E+01
 0.842169225E+00 0.126636803E+01 0.899999976E+00 0.129588795E+01 0.949322701E+00
 0.133140624E+01 0.980574131E+00 0.138453126E+01 0.994713068E+00 0.143765628E+01
 0.992942810E+00 0.149078131E+01 0.982977748E+00 0.154390621E+01 0.966722310E+00
 0.158375001E+01 0.950588584E+00 0.162359381E+01 0.933169007E+00 0.167402649E+01
 0.906663716E+00 0.170328128E+01 0.889779091E+00 0.175356591E+01 0.857610047E+00
 0.178296876E+01 0.837092996E+00 0.182708764E+01 0.803588212E+00 0.186265624E+01
 0.774390638E+00 0.189609098E+01 0.744490206E+00 0.193578196E+01 0.706708789E+00
 0.196890628E+01 0.672474921E+00 0.199888182E+01 0.639003694E+00 0.203301120E+01
 0.597487986E+00 0.206531143E+01 0.554494262E+00 0.209500408E+01 0.509988666E+00
 0.212281990E+01 0.463366389E+00 0.214904642E+01 0.414250344E+00 0.217391467E+01
 0.362138987E+00 0.219755030E+01 0.306288838E+00 0.221952200E+01 0.245672822E+00
 0.224046803E+01 0.175000012E+00 0.225258827E+01 0.121670917E+00 0.226414537E+01
 0.249999985E-01 0.226079416E+01-0.750000030E-01 0.224800467E+01-0.153333783E+00
 0.222889805E+01-0.224999994E+00 0.221254921E+01-0.275000006E+00 0.218985486E+01
-0.336332738E+00 0.216574144E+01-0.393507183E+00 0.214050961E+01-0.446938753E+00
 0.211398506E+01-0.497354388E+00 0.208596516E+01-0.545272648E+00 0.205626988E+01
-0.591129124E+00 0.202477956E+01-0.635276079E+00 0.199546874E+01-0.672992826E+00
 0.196410930E+01-0.710790396E+00 0.192906249E+01-0.750441551E+00 0.189231908E+01
-0.789137840E+00 0.186265624E+01-0.818863511E+00 0.182573688E+01-0.853675604E+00
 0.178493762E+01-0.889829397E+00 0.175640631E+01-0.913655877E+00 0.171321535E+01
-0.946788788E+00 0.167671871E+01-0.973610759E+00 0.163687503E+01-0.999534428E+00
 0.159703124E+01-0.102415550E+01 0.155386913E+01-0.104718602E+01 0.151734376E+01
-0.106620574E+01 0.146421874E+01-0.108956003E+01 0.142814910E+01-0.110363078E+01
 0.138453126E+01-0.111984348E+01 0.133140624E+01-0.113503504E+01 0.128007114E+01
-0.114586258E+01 0.123025215E+01-0.115212941E+01 0.121541679E+01-0.110381246E+01
 0.121258140E+01-0.102499998E+01 0.120673668E+01-0.949999988E+00 0.119626880E+01
-0.850000024E+00 0.118614495E+01-0.774999976E+00 0.117351866E+01-0.699999988E+00
 0.116030359E+01-0.625000000E+00 0.114625382E+01-0.550000012E+00 0.113222432E+01
-0.474999994E+00 0.111867082E+01-0.399999976E+00 0.110575676E+01-0.324999988E+00
 0.109501338E+01-0.250000000E+00 0.108437943E+01-0.152159750E+00 0.107913387E+01
-0.750000030E-01
 0.101600003E+01 0.000000000E+00 0.101600003E+01 0.963999987E+00 0.101600003E+01
 0.967999995E+00 0.101600003E+01 0.100100005E+01 0.101600003E+01 0.101900005E+01
 0.101600003E+01 0.107700002E+01 0.101600003E+01 0.107000005E+01 0.101600003E+01
 0.109599996E+01 0.101600003E+01 0.111300004E+01 0.101600003E+01 0.113800001E+01
 0.101600003E+01 0.114699996E+01 0.101199996E+01 0.116499996E+01 0.100100005E+01
 0.121700001E+01 0.102900004E+01 0.121700001E+01 0.104200006E+01 0.116240001E+01
 0.104600000E+01 0.116237998E+01 0.105599999E+01 0.116260004E+01 0.109700000E+01
 0.116450000E+01 0.110800004E+01 0.116594005E+01 0.111600006E+01 0.116591001E+01
 0.113399994E+01 0.116895998E+01 0.114800000E+01 0.117174995E+01 0.116199994E+01
 0.117556000E+01 0.118099999E+01 0.118299997E+01 0.118200004E+01 0.118350005E+01
 0.118499994E+01 0.118499994E+01 0.119000006E+01 0.118799996E+01 0.119500005E+01
 0.119099998E+01 0.120099998E+01 0.119599998E+01 0.120899999E+01 0.120200002E+01
 0.121500003E+01 0.120799994E+01 0.122200000E+01 0.121399999E+01 0.122800004E+01
 0.122099996E+01 0.123399997E+01 0.123099995E+01 0.123899996E+01 0.123800004E+01
 0.124199998E+01 0.124399996E+01 0.124800003E+01 0.125399995E+01 0.125800002E+01
 0.127800000E+01 0.126300001E+01 0.128999996E+01 0.127999997E+01 0.133099997E+01
 0.127999997E+01 0.134700000E+01 0.127999997E+01 0.134800005E+01 0.130999994E+01
 0.134800005E+01 0.132799995E+01 0.134800005E+01 0.136099994E+01 0.134800005E+01
 0.138000000E+01 0.134800005E+01 0.141900003E+01 0.134800005E+01 0.141900003E+01
 0.130999994E+01 0.137199998E+01 0.130999994E+01 0.137199998E+01 0.129200006E+01
 0.160800004E+01 0.109500003E+01 0.164699996E+01 0.107700002E+01 0.178499997E+01
 0.107700002E+01 0.206999993E+01 0.103999996E+01 0.212800002E+01 0.992999971E+00
 0.224499989E+01 0.708999991E+00 0.232299995E+01 0.518999994E+00 0.237700009E+01
 0.388999999E+00 0.236249995E+01 0.400000006E+00 0.236443496E+01 0.222000003E+00
 0.236496902E+01 0.133000001E+00 0.236532402E+01 0.439999998E-01 0.236512089E+01
-0.439999998E-01 0.236484194E+01-0.133000001E+00 0.236433411E+01-0.222000003E+00
 0.236249995E+01-0.400000006E+00 0.237700009E+01-0.388999999E+00 0.213400006E+01
-0.972999990E+00 0.178600001E+01-0.117400002E+01 0.176800001E+01-0.121099997E+01
 0.176800001E+01-0.125000000E+01 0.168200004E+01-0.125000000E+01 0.137199998E+01
-0.125000000E+01 0.137199998E+01-0.132900000E+01 0.141999996E+01-0.132900000E+01
 0.141999996E+01-0.136300004E+01 0.127300000E+01-0.136300004E+01 0.115300000E+01
-0.136300004E+01 0.101600003E+01-0.122300005E+01 0.101600003E+01-0.122300005E+01
 0.101600003E+01-0.829999983E+00 0.101600003E+01-0.800000012E+00 0.101600003E+01
-0.414999992E+00 0.101600003E+01-0.400000006E+00 0.101600003E+01-0.100000005E-02
 0.101600003E+01 0.000000000E+00
    0 0.169550002E+01    0
 0.000000000E+00 0.102261662E+00 0.145164609E+00 0.178274900E+00 0.206372023E+00
 0.230006173E+00 0.252744794E+00 0.273834288E+00 0.293522596E+00 0.312134624E+00
 0.329895228E+00 0.346786439E+00 0.363090813E+00 0.378813356E+00 0.393982649E+00
 0.408749670E+00 0.423125684E+00 0.437073171E+00 0.450750768E+00 0.464154661E+00
 0.477246046E+00 0.490077734E+00 0.502725482E+00 0.515183210E+00 0.527438879E+00
 0.539455473E+00 0.551385581E+00 0.563179076E+00 0.574832082E+00 0.586324930E+00
 0.597709298E+00 0.609023213E+00 0.620270610E+00 0.631403923E+00 0.642435491E+00
 0.653439343E+00 0.664385080E+00 0.675293088E+00 0.686139584E+00 0.696964145E+00
 0.707764387E+00 0.718564987E+00 0.729354739E+00 0.740129948E+00 0.750931740E+00
 0.761759281E+00 0.772616088E+00 0.783514023E+00 0.794465423E+00 0.805474877E+00
 0.816577315E+00 0.827761292E+00 0.839081943E+00 0.850498080E+00 0.862104416E+00
 0.873842001E+00 0.885833383E+00 0.898039520E+00 0.910546601E+00 0.923415780E+00
 0.936729789E+00 0.950612307E+00 0.965208054E+00 0.981062770E+00 0.100000000E+01
    0
