  EFITD    06/25/2013    #1553353000.0ms  EFIT01   0  65  65
 0.170000005E+01 0.320000005E+01 0.169550002E+01 0.839999974E+00 0.000000000E+00
 0.180319715E+01-0.436512604E-01-0.162619814E+00 0.133321388E-01 0.165505075E+01
 0.102075975E+07-0.162619814E+00 0.000000000E+00 0.180319715E+01 0.000000000E+00
-0.436512604E-01 0.000000000E+00 0.133321388E-01 0.000000000E+00 0.000000000E+00
 0.276780963E+01 0.277021503E+01 0.277251506E+01 0.277471232E+01 0.277680874E+01
 0.277880740E+01 0.278071046E+01 0.278252029E+01 0.278423953E+01 0.278587031E+01
 0.278741479E+01 0.278887606E+01 0.279025602E+01 0.279155707E+01 0.279278135E+01
 0.279393148E+01 0.279500961E+01 0.279601812E+01 0.279695940E+01 0.279783535E+01
 0.279864860E+01 0.279940128E+01 0.280009580E+01 0.280073428E+01 0.280131888E+01
 0.280185223E+01 0.280233598E+01 0.280277276E+01 0.280316496E+01 0.280351448E+01
 0.280382347E+01 0.280409455E+01 0.280432963E+01 0.280453110E+01 0.280470109E+01
 0.280484176E+01 0.280495548E+01 0.280504417E+01 0.280511069E+01 0.280515647E+01
 0.280518413E+01 0.280519557E+01 0.280519390E+01 0.280518007E+01 0.280515695E+01
 0.280512691E+01 0.280509186E+01 0.280505419E+01 0.280501604E+01 0.280497956E+01
 0.280494666E+01 0.280492020E+01 0.280490208E+01 0.280489445E+01 0.280489969E+01
 0.280491972E+01 0.280495715E+01 0.280501366E+01 0.280509186E+01 0.280519390E+01
 0.280532217E+01 0.280547833E+01 0.280566502E+01 0.280588436E+01 0.280613852E+01
 0.924386328E+05 0.897873047E+05 0.871742891E+05 0.845995938E+05 0.820632188E+05
 0.795651562E+05 0.771054062E+05 0.746839766E+05 0.723008594E+05 0.699560703E+05
 0.676495859E+05 0.653814219E+05 0.631515781E+05 0.609600508E+05 0.588068320E+05
 0.566919375E+05 0.546153594E+05 0.525770977E+05 0.505771523E+05 0.486155234E+05
 0.466922070E+05 0.448072148E+05 0.429605352E+05 0.411521719E+05 0.393821250E+05
 0.376503984E+05 0.359569844E+05 0.343018867E+05 0.326851113E+05 0.311066484E+05
 0.295665039E+05 0.280646758E+05 0.266011621E+05 0.251759688E+05 0.237890898E+05
 0.224405273E+05 0.211302812E+05 0.198583535E+05 0.186247402E+05 0.174294453E+05
 0.162724688E+05 0.151538066E+05 0.140734609E+05 0.130314326E+05 0.120277217E+05
 0.110623271E+05 0.101352490E+05 0.924648730E+04 0.839604297E+04 0.758391455E+04
 0.681010352E+04 0.607460889E+04 0.537743115E+04 0.471856982E+04 0.409802539E+04
 0.351579785E+04 0.297188672E+04 0.246629224E+04 0.199901477E+04 0.157005396E+04
 0.117940967E+04 0.827082214E+03 0.513071411E+03 0.237377350E+03 0.000000000E+00
 0.247634816E+01 0.237093496E+01 0.226777768E+01 0.216687608E+01 0.206823039E+01
 0.197184062E+01 0.187770677E+01 0.178582883E+01 0.169620669E+01 0.160884047E+01
 0.152373016E+01 0.144087565E+01 0.136027706E+01 0.128193438E+01 0.120584762E+01
 0.113201654E+01 0.106044149E+01 0.991122305E+00 0.924059033E+00 0.859251678E+00
 0.796700060E+00 0.736404419E+00 0.678364694E+00 0.622580767E+00 0.569052756E+00
 0.517780662E+00 0.468764395E+00 0.422004044E+00 0.377499551E+00 0.335250944E+00
 0.295258224E+00 0.257521391E+00 0.222040430E+00 0.188815355E+00 0.157846168E+00
 0.129132852E+00 0.102675416E+00 0.784738660E-01 0.565281995E-01 0.368384086E-01
 0.194045007E-01 0.422647409E-02-0.869567133E-02-0.193619356E-01-0.277723186E-01
-0.339268222E-01-0.378254391E-01-0.394681767E-01-0.388550386E-01-0.359860137E-01
-0.308611076E-01-0.234803203E-01-0.138436528E-01-0.195110450E-02 0.121973259E-01
 0.286016352E-01 0.472618304E-01 0.681779087E-01 0.913498625E-01 0.116777696E+00
 0.144461423E+00 0.174401015E+00 0.206596494E+00 0.241047859E+00 0.277755082E+00
-0.971500062E+06-0.957559250E+06-0.943618438E+06-0.929677562E+06-0.915736750E+06
-0.901795875E+06-0.887855062E+06-0.873914250E+06-0.859973375E+06-0.846032562E+06
-0.832091688E+06-0.818150875E+06-0.804210000E+06-0.790269188E+06-0.776328375E+06
-0.762387500E+06-0.748446688E+06-0.734505812E+06-0.720565000E+06-0.706624188E+06
-0.692683312E+06-0.678742500E+06-0.664801625E+06-0.650860812E+06-0.636919938E+06
-0.622979125E+06-0.609038312E+06-0.595097438E+06-0.581156625E+06-0.567215750E+06
-0.553274938E+06-0.539334125E+06-0.525393250E+06-0.511452438E+06-0.497511625E+06
-0.483570781E+06-0.469629938E+06-0.455689094E+06-0.441748250E+06-0.427807406E+06
-0.413866594E+06-0.399925750E+06-0.385984906E+06-0.372044094E+06-0.358103250E+06
-0.344162406E+06-0.330221594E+06-0.316280750E+06-0.302339906E+06-0.288399062E+06
-0.274458219E+06-0.260517391E+06-0.246576547E+06-0.232635719E+06-0.218694875E+06
-0.204754031E+06-0.190813203E+06-0.176872375E+06-0.162931531E+06-0.148990688E+06
-0.135049859E+06-0.121109016E+06-0.107168180E+06-0.932273438E+05-0.792865078E+05
 4.653064534e-02 4.503959790e-02 4.358277097e-02 4.209466651e-02 4.050491378e-02
 3.872442991e-02 3.662725911e-02 3.403580189e-02 3.008604608e-02 2.378438786e-02
 1.619352214e-02 7.080072537e-03-2.160495147e-03-8.563798852e-03-1.277410239e-02
-1.506606303e-02-1.550916396e-02-1.404844038e-02-1.046663336e-02-4.280906636e-03
 5.454511847e-03 1.570343599e-02 2.415616252e-02 3.160442039e-02 3.849135712e-02
 4.509014264e-02 5.159646645e-02 5.817656964e-02 6.500060111e-02 7.224886864e-02
 7.904221863e-02 8.510182053e-02 9.053341299e-02 9.528487921e-02 9.932196140e-02
 1.025397405e-01 1.052874103e-01 1.085068658e-01 1.120618656e-01 1.158732772e-01
 1.198968291e-01 1.241065338e-01 1.284836829e-01 1.330105066e-01 1.376671493e-01
 1.424308717e-01 1.472758502e-01 1.521733850e-01 1.570920646e-01 1.619981378e-01
 1.668557972e-01 1.716277748e-01 1.762760878e-01 1.807629317e-01 1.850517988e-01
 1.891087592e-01 1.929035187e-01 1.964106560e-01 1.996105462e-01 2.024899423e-01
 2.050422579e-01 2.072674930e-01 2.091717124e-01 2.107663900e-01 2.120673060e-01
 4.309136793e-02 4.158363119e-02 4.032592103e-02 3.930692375e-02 3.846969828e-02
 3.768819198e-02 3.636548296e-02 3.365815058e-02 2.929380164e-02 2.308610827e-02
 1.631846838e-02 9.332811460e-03 2.802404575e-03-2.210068284e-03-5.613269284e-03
-7.441705093e-03-7.694873959e-03-6.317018531e-03-3.195747035e-03 1.817821758e-03
 8.731625043e-03 1.633817330e-02 2.354371175e-02 3.034611233e-02 3.687957302e-02
 4.328121245e-02 4.967959970e-02 5.620354414e-02 6.300024688e-02 7.022976130e-02
 7.704722136e-02 8.316552639e-02 8.868129551e-02 9.357921034e-02 9.781870991e-02
 1.012909338e-01 1.043779477e-01 1.079753265e-01 1.119560152e-01 1.162390634e-01
 1.207750589e-01 1.255311966e-01 1.304827183e-01 1.356076747e-01 1.408838779e-01
 1.462869346e-01 1.517891735e-01 1.573591679e-01 1.629613042e-01 1.685558707e-01
 1.740992367e-01 1.795445681e-01 1.848426908e-01 1.899435371e-01 1.947979182e-01
 1.993595064e-01 2.035869211e-01 2.074458301e-01 2.109104544e-01 2.139647901e-01
 2.166030109e-01 2.188291252e-01 2.206560969e-01 2.221044302e-01 2.232003510e-01
 3.859759122e-02 3.707259521e-02 3.605558351e-02 3.565090895e-02 3.585007414e-02
 3.530011326e-02 3.362362832e-02 3.069947846e-02 2.643762529e-02 2.177104354e-02
 1.718441024e-02 1.286298968e-02 9.034692310e-03 5.957186222e-03 3.824669868e-03
 2.753173467e-03 2.810313366e-03 4.034105688e-03 6.428322755e-03 9.931554087e-03
 1.436812337e-02 1.944514178e-02 2.486784570e-02 3.045249544e-02 3.612514585e-02
 4.187686741e-02 4.773020744e-02 5.371949822e-02 5.987380445e-02 6.615649909e-02
 7.229056209e-02 7.809375226e-02 8.353953809e-02 8.862001449e-02 9.333056211e-02
 9.769394994e-02 1.019328833e-01 1.063575372e-01 1.110301539e-01 1.159520894e-01
 1.211142838e-01 1.265047342e-01 1.321098506e-01 1.379138380e-01 1.438979954e-01
 1.500395536e-01 1.563108712e-01 1.626785100e-01 1.691026688e-01 1.755366623e-01
 1.819269508e-01 1.882135272e-01 1.943311095e-01 2.002110779e-01 2.057842761e-01
 2.109844536e-01 2.157520652e-01 2.200380564e-01 2.238068879e-01 2.270386368e-01
 2.297296673e-01 2.318919003e-01 2.335509062e-01 2.347428948e-01 2.355115265e-01
 3.239577636e-02 3.062569164e-02 2.962549403e-02 2.944868430e-02 2.986349538e-02
 2.928266674e-02 2.742362209e-02 2.494574711e-02 2.229826339e-02 1.956976764e-02
 1.687914878e-02 1.436433941e-02 1.217265241e-02 1.044840459e-02 9.317523800e-03
 8.877106011e-03 9.192156605e-03 1.029470004e-02 1.218089554e-02 1.480643451e-02
 1.808589511e-02 2.190420963e-02 2.614083141e-02 3.069390543e-02 3.549146652e-02
 4.048896208e-02 4.565959051e-02 5.098193884e-02 5.642608926e-02 6.194111705e-02
 6.745733321e-02 7.291058451e-02 7.826204598e-02 8.350021392e-02 8.864019066e-02
 9.372805059e-02 9.884039313e-02 1.040620059e-01 1.094574630e-01 1.150651649e-01
 1.209047660e-01 1.269842237e-01 1.333036870e-01 1.398571432e-01 1.466328651e-01
 1.536129415e-01 1.607723981e-01 1.680781096e-01 1.754874885e-01 1.829471290e-01
 1.903918982e-01 1.977445781e-01 2.049167305e-01 2.118111402e-01 2.183260918e-01
 2.243615389e-01 2.298263460e-01 2.346456498e-01 2.387671322e-01 2.421650440e-01
 2.448414117e-01 2.468241602e-01 2.481627166e-01 2.489218414e-01 2.491749376e-01
 2.357754111e-02 2.116661146e-02 2.018085308e-02 2.031586692e-02 2.085110359e-02
 2.069218457e-02 2.016103826e-02 1.931916550e-02 1.824035496e-02 1.701232977e-02
 1.573463529e-02 1.451429538e-02 1.346010529e-02 1.267617196e-02 1.225548424e-02
 1.227454282e-02 1.278965082e-02 1.383465063e-02 1.541980263e-02 1.753215306e-02
 2.013829350e-02 2.319020592e-02 2.663338184e-02 3.041477688e-02 3.448809311e-02
 3.881528601e-02 4.336491227e-02 4.810864851e-02 5.301773921e-02 5.806129426e-02
 6.320806593e-02 6.843134761e-02 7.371433079e-02 7.905355841e-02 8.446027339e-02
 8.995976299e-02 9.558787942e-02 1.013848037e-01 1.073882580e-01 1.136292368e-01
 1.201307774e-01 1.269084513e-01 1.339712441e-01 1.413220763e-01 1.489576399e-01
 1.568678617e-01 1.650344729e-01 1.734291762e-01 1.820110530e-01 1.907235533e-01
 1.994912922e-01 2.082171142e-01 2.167809308e-01 2.250412107e-01 2.328412682e-01
 2.400202602e-01 2.464282811e-01 2.519419789e-01 2.564780116e-01 2.600016296e-01
 2.625286579e-01 2.641210854e-01 2.648763359e-01 2.649130821e-01 2.643573284e-01
 9.886053391e-03 5.289634690e-03 6.709739100e-03 9.473977610e-03 1.152609847e-02
 1.299905218e-02 1.394880377e-02 1.445763092e-02 1.461772155e-02 1.452482957e-02
 1.427608728e-02 1.396803092e-02 1.369406097e-02 1.354150847e-02 1.358866133e-02
 1.390216872e-02 1.453504711e-02 1.552545093e-02 1.689633355e-02 1.865612902e-02
 2.080056258e-02 2.331548184e-02 2.618031390e-02 2.937145904e-02 3.286494315e-02
 3.663796559e-02 4.066937044e-02 4.493940622e-02 4.942941666e-02 5.412197486e-02
 5.900188163e-02 6.405779719e-02 6.928406656e-02 7.468208671e-02 8.026091754e-02
 8.603669703e-02 9.203118831e-02 9.826942533e-02 1.047772989e-01 1.115794778e-01
 1.186981350e-01 1.261522919e-01 1.339574605e-01 1.421253830e-01 1.506634355e-01
 1.595736593e-01 1.688509583e-01 1.784804016e-01 1.884333491e-01 1.986616701e-01
 2.090903372e-01 2.196083218e-01 2.300593108e-01 2.402361929e-01 2.498856932e-01
 2.587292492e-01 2.664982378e-01 2.729717493e-01 2.780055702e-01 2.815496027e-01
 2.836528420e-01 2.844541371e-01 2.841550708e-01 2.829830050e-01 2.811580598e-01
-6.011119694e-04-6.484107580e-03-3.993238788e-03 8.280731272e-04 4.514327738e-03
 7.300241850e-03 9.368752129e-03 1.085887384e-02 1.188906096e-02 1.256702654e-02
 1.299338043e-02 1.326268911e-02 1.346297842e-02 1.367474440e-02 1.396997087e-02
 1.441139076e-02 1.505185571e-02 1.593392156e-02 1.708979905e-02 1.854182780e-02
 2.030345798e-02 2.238067612e-02 2.477364242e-02 2.747827023e-02 3.048773482e-02
 3.379368410e-02 3.738713637e-02 4.125909135e-02 4.540105909e-02 4.980560392e-02
 5.446710065e-02 5.938255042e-02 6.455242634e-02 6.998129189e-02 7.567810267e-02
 8.165602386e-02 8.793193102e-02 9.452550113e-02 1.014583036e-01 1.087529436e-01
 1.164323762e-01 1.245195419e-01 1.330370158e-01 1.420069039e-01 1.514503956e-01
 1.613871455e-01 1.718340069e-01 1.828026623e-01 1.942954659e-01 2.062985748e-01
 2.187699974e-01 2.316206694e-01 2.446851581e-01 2.576833069e-01 2.701894343e-01
 2.816607058e-01 2.915585935e-01 2.994644046e-01 3.051189780e-01 3.084362447e-01
 3.095287085e-01 3.087210059e-01 3.064771891e-01 3.032622039e-01 2.994577289e-01
-5.438660737e-03-1.178664993e-02-8.823922835e-03-3.448711243e-03 8.843162796e-04
 4.314456135e-03 6.972065195e-03 8.983758278e-03 1.046786364e-02 1.153361704e-02
 1.228159014e-02 1.280572265e-02 1.319145877e-02 1.351520605e-02 1.384439599e-02
 1.423920039e-02 1.475290302e-02 1.543169282e-02 1.631452516e-02 1.743325219e-02
 1.881314628e-02 2.047374658e-02 2.242967486e-02 2.469070628e-02 2.726274915e-02
 3.014891781e-02 3.335050121e-02 3.686777875e-02 4.070061818e-02 4.484909028e-02
 4.931410030e-02 5.409801006e-02 5.920521542e-02 6.464259326e-02 7.041981071e-02
 7.654940337e-02 8.304674923e-02 8.992991596e-02 9.721943736e-02 1.049381495e-01
 1.131111830e-01 1.217660457e-01 1.309329420e-01 1.406451613e-01 1.509396881e-01
 1.618577689e-01 1.734454036e-01 1.857536286e-01 1.988379657e-01 2.127560079e-01
 2.275607437e-01 2.432842404e-01 2.598973811e-01 2.772154510e-01 2.946903110e-01
 3.108183444e-01 3.242640793e-01 3.344339132e-01 3.409534395e-01 3.436025977e-01
 3.423639834e-01 3.379619122e-01 3.319896460e-01 3.253484964e-01 3.185733259e-01
-5.312188994e-03-1.172906347e-02-8.961717598e-03-3.568715183e-03 8.347035036e-04
 4.340595566e-03 7.061514072e-03 9.116975591e-03 1.062316075e-02 1.168678608e-02
 1.239961479e-02 1.286025625e-02 1.315230876e-02 1.334677078e-02 1.349953469e-02
 1.366616320e-02 1.390034426e-02 1.425174437e-02 1.476485934e-02 1.547854953e-02
 1.642629690e-02 1.763777062e-02 1.914128661e-02 2.095668577e-02 2.309856936e-02
 2.557798289e-02 2.840364538e-02 3.158299252e-02 3.512218222e-02 3.902658448e-02
 4.330144823e-02 4.795253277e-02 5.298662186e-02 5.841199309e-02 6.423880160e-02
 7.047937810e-02 7.714845985e-02 8.426341414e-02 9.184446186e-02 9.991496056e-02
 1.085018814e-01 1.176364124e-01 1.273548305e-01 1.376997828e-01 1.487218291e-01
 1.604817808e-01 1.730536968e-01 1.865289658e-01 2.010222077e-01 2.166797370e-01
 2.336924225e-01 2.523169518e-01 2.729159296e-01 2.960552871e-01 3.222183585e-01
 3.458450735e-01 3.644711971e-01 3.779603839e-01 3.860202432e-01 3.879798651e-01
 3.836288452e-01 3.719886541e-01 3.591502607e-01 3.473368883e-01 3.366618156e-01
-9.001059807e-04-7.212062832e-03-4.726973362e-03 3.589342523e-04 4.376719240e-03
 7.445186377e-03 9.717671201e-03 1.133901626e-02 1.244003139e-02 1.314007398e-02
 1.344249584e-02 1.352646295e-02 1.346323639e-02 1.332570799e-02 1.310498174e-02
 1.285717543e-02 1.264355984e-02 1.252083760e-02 1.254013646e-02 1.274584606e-02
 1.317362487e-02 1.385427918e-02 1.485459600e-02 1.619245298e-02 1.788489893e-02
 1.994634978e-02 2.238914557e-02 2.522786148e-02 2.847311646e-02 3.213322908e-02
 3.621558845e-02 4.072749987e-02 4.567660391e-02 5.107132345e-02 5.692138895e-02
 6.323823333e-02 7.003539801e-02 7.732892781e-02 8.513788134e-02 9.348481148e-02
 1.023965403e-01 1.119050533e-01 1.220487505e-01 1.328741908e-01 1.444382668e-01
 1.568115652e-01 1.700826138e-01 1.843644828e-01 1.998039782e-01 2.165960521e-01
 2.350060791e-01 2.554061711e-01 2.783347964e-01 3.045842946e-01 3.352478147e-01
 3.666911423e-01 3.910478354e-01 4.082126915e-01 4.183351099e-01 4.213013351e-01
 4.160808325e-01 4.020856023e-01 3.818475604e-01 3.647227883e-01 3.503631651e-01
 7.931868546e-03 1.774604898e-03 4.357271362e-03 8.667146787e-03 1.162688248e-02
 1.359767187e-02 1.482888684e-02 1.549702231e-02 1.573045179e-02 1.562610269e-02
 1.525661536e-02 1.469881460e-02 1.401530206e-02 1.325858012e-02 1.246057730e-02
 1.161334570e-02 1.078655198e-02 1.004321687e-02 9.441104718e-03 9.033199400e-03
 8.868093602e-03 8.991225623e-03 9.446588345e-03 1.026839018e-02 1.148238312e-02
 1.310424507e-02 1.513463911e-02 1.761716977e-02 2.056085318e-02 2.397202142e-02
 2.785719745e-02 3.222379833e-02 3.707870096e-02 4.242880270e-02 4.828204587e-02
 5.464768782e-02 6.153678149e-02 6.896264851e-02 7.694140077e-02 8.549255878e-02
 9.463977814e-02 1.044118181e-01 1.148437560e-01 1.259785593e-01 1.378692538e-01
 1.505816877e-01 1.641984880e-01 1.788243055e-01 1.945931911e-01 2.116787881e-01
 2.303082943e-01 2.507807910e-01 2.734891176e-01 2.989406288e-01 3.277708888e-01
 3.605467677e-01 3.883984983e-01 4.083251059e-01 4.206034839e-01 4.253228009e-01
 4.226819277e-01 4.116383791e-01 3.919932246e-01 3.719049394e-01 3.557950258e-01
 2.443035506e-02 1.945458911e-02 2.022123896e-02 2.191011794e-02 2.246399969e-02
 2.241114341e-02 2.195196040e-02 2.119012363e-02 2.019239776e-02 1.900896803e-02
 1.768213511e-02 1.625215076e-02 1.475771796e-02 1.323769335e-02 1.163685042e-02
 1.001121104e-02 8.420756087e-03 6.925730966e-03 5.584861152e-03 4.454426933e-03
 3.587760963e-03 3.034960479e-03 2.842405112e-03 3.051410662e-03 3.697741078e-03
 4.811399616e-03 6.417108234e-03 8.537190035e-03 1.118214615e-02 1.434604451e-02
 1.803209074e-02 2.225302346e-02 2.701278217e-02 3.231343627e-02 3.816006705e-02
 4.455827177e-02 5.151506886e-02 5.903938040e-02 6.714243442e-02 7.583828270e-02
 8.514440060e-02 9.508237988e-02 1.056787744e-01 1.169661358e-01 1.289842725e-01
 1.417818069e-01 1.554181278e-01 1.699654907e-01 1.855116785e-01 2.021625042e-01
 2.200437784e-01 2.393019348e-01 2.601013780e-01 2.826189697e-01 3.070430160e-01
 3.336336911e-01 3.608074188e-01 3.802779019e-01 3.930573463e-01 3.996806443e-01
 3.999150395e-01 3.942717612e-01 3.818937540e-01 3.643821180e-01 3.503030837e-01
 4.820561782e-02 4.639042169e-02 4.210234806e-02 3.819344565e-02 3.517987207e-02
 3.253312409e-02 3.004318476e-02 2.761452273e-02 2.520097047e-02 2.278138697e-02
 2.034911513e-02 1.790687442e-02 1.546370797e-02 1.303309016e-02 1.053723693e-02
 8.034716360e-03 5.585438572e-03 3.249590751e-03 1.086584409e-03-8.457897347e-04
-2.491984982e-03-3.799172118e-03-4.717667121e-03-5.201380700e-03-5.208145827e-03
-4.699965939e-03-3.643255681e-03-2.009309828e-03 2.240148169e-04 3.071333515e-03
 6.540530361e-03 1.062883995e-02 1.531246305e-02 2.057134546e-02 2.641679533e-02
 3.284754604e-02 3.986500949e-02 4.747247696e-02 5.567457527e-02 6.447800249e-02
 7.389180362e-02 8.392766118e-02 9.460026771e-02 1.059275791e-01 1.179310679e-01
 1.306358874e-01 1.440705508e-01 1.582664102e-01 1.732558310e-01 1.890688986e-01
 2.057271153e-01 2.232318670e-01 2.415441275e-01 2.605471909e-01 2.799733281e-01
 2.992442846e-01 3.171910942e-01 3.322742879e-01 3.435733318e-01 3.507984579e-01
 3.539391458e-01 3.531872034e-01 3.490535021e-01 3.426558375e-01 3.355678916e-01
 6.488845497e-02 6.399474293e-02 5.819196999e-02 5.194853246e-02 4.664364830e-02
 4.198065773e-02 3.774571791e-02 3.379460424e-02 3.003253601e-02 2.639769390e-02
 2.285027876e-02 1.936556026e-02 1.592933573e-02 1.253490895e-02 9.094848298e-03
 5.667514168e-03 2.313080942e-03-9.078451549e-04-3.935311455e-03-6.710818503e-03
-9.177885018e-03-1.128242165e-02-1.297298539e-02-1.420095656e-02-1.492067054e-02
-1.508957148e-02-1.466845628e-02-1.362192072e-02-1.191910263e-02-9.534604847e-03
-6.449616980e-03-2.653850010e-03 1.852209796e-03 7.056981325e-03 1.293292642e-02
 1.941754110e-02 2.650976926e-02 3.420920670e-02 4.251138866e-02 5.141491443e-02
 6.091931090e-02 7.102537155e-02 8.173493296e-02 9.305058420e-02 1.049751043e-01
 1.175105423e-01 1.306568086e-01 1.444092840e-01 1.587553918e-01 1.736691147e-01
 1.891029477e-01 2.049757987e-01 2.211556435e-01 2.374352813e-01 2.535027862e-01
 2.689183056e-01 2.831303477e-01 2.955688238e-01 3.057765067e-01 3.134870827e-01
 3.186351657e-01 3.213491738e-01 3.219474852e-01 3.209097981e-01 3.187793791e-01
 7.555847615e-02 7.487475127e-02 6.899217516e-02 6.191190705e-02 5.547888577e-02
 4.958958179e-02 4.412971064e-02 3.899848834e-02 3.411390260e-02 2.941204235e-02
 2.484437637e-02 2.037467808e-02 1.597633772e-02 1.163022313e-02 7.251499686e-03
 2.901224885e-03-1.358389738e-03-5.465361755e-03-9.358933195e-03-1.298023015e-02
-1.627265476e-02-1.918207295e-02-2.165684476e-02-2.364776470e-02-2.510798536e-02
-2.599293925e-02-2.626038156e-02-2.587059513e-02-2.478682436e-02-2.297597006e-02
-2.040964738e-02-1.706564985e-02-1.292983815e-02-7.998345420e-03-2.280675806e-03
 4.196844064e-03 1.139176451e-02 1.922455616e-02 2.765642293e-02 3.668549657e-02
 4.630069807e-02 5.649270117e-02 6.725155562e-02 7.856626064e-02 9.042391926e-02
 1.028083339e-01 1.156981960e-01 1.290645450e-01 1.428674012e-01 1.570511907e-01
 1.715389341e-01 1.862251014e-01 2.009674907e-01 2.155796587e-01 2.298269272e-01
 2.434313893e-01 2.560909390e-01 2.675134242e-01 2.774561942e-01 2.857586145e-01
 2.923599780e-01 2.973028123e-01 3.007234335e-01 3.028284907e-01 3.038590550e-01
 8.310885727e-02 8.251463622e-02 7.634444535e-02 6.883135438e-02 6.178713590e-02
 5.515928566e-02 4.888485372e-02 4.289958999e-02 3.714401275e-02 3.156605735e-02
 2.612156421e-02 2.077366412e-02 1.549168769e-02 1.025036164e-02 4.980596714e-03
-2.506174496e-04-5.377022084e-03-1.033417974e-02-1.506014075e-02-1.949581131e-02
-2.358506247e-02-2.727466077e-02-3.051403537e-02-3.325497732e-02-3.545128927e-02
-3.705848753e-02-3.803355992e-02-3.833490610e-02-3.792249039e-02-3.675823286e-02
-3.480678797e-02-3.203668073e-02-2.842194028e-02-2.394415997e-02-1.859520376e-02
-1.238031220e-02-5.321578123e-03 2.537277061e-03 1.112954691e-02 2.034635842e-02
 3.012708388e-02 4.046055675e-02 5.132653937e-02 6.270337850e-02 7.456703484e-02
 8.688928932e-02 9.963603318e-02 1.127653420e-01 1.262250990e-01 1.399500221e-01
 1.538585871e-01 1.678497791e-01 1.818005443e-01 1.955646873e-01 2.089748234e-01
 2.218483984e-01 2.339985371e-01 2.452487946e-01 2.554492056e-01 2.644901276e-01
 2.723109424e-01 2.789028883e-01 2.843049467e-01 2.885941863e-01 2.918723524e-01
 8.808290958e-02 8.747594804e-02 8.107423037e-02 7.332049310e-02 6.593218446e-02
 5.885850638e-02 5.205125734e-02 4.546387494e-02 3.905320913e-02 3.277997673e-02
 2.660863847e-02 2.050673030e-02 1.444333605e-02 8.385621943e-03 2.297023078e-03
-3.746683011e-03-9.674142115e-03-1.541812718e-02-2.091554180e-02-2.610737458e-02
-3.093850799e-02-3.535736352e-02-3.931542113e-02-4.276665673e-02-4.566695541e-02
-4.797352850e-02-4.964446276e-02-5.063835159e-02-5.091417953e-02-5.043140426e-02
-4.915039614e-02-4.703325778e-02-4.404505342e-02-4.015560448e-02-3.534180671e-02
-2.959057689e-02-2.290239930e-02-1.529553533e-02-6.810561754e-03 2.484134864e-03
 1.249018684e-02 2.305553854e-02 3.412224352e-02 4.566127434e-02 5.764389038e-02
 7.003534585e-02 8.279540390e-02 9.587748349e-02 1.092271432e-01 1.227805838e-01
 1.364630759e-01 1.501878351e-01 1.638555527e-01 1.773549616e-01 1.905649304e-01
 2.033583671e-01 2.156075984e-01 2.271911651e-01 2.380004376e-01 2.479455322e-01
 2.569590807e-01 2.649979591e-01 2.720422149e-01 2.780928016e-01 2.831680179e-01
 9.053757042e-02 8.976934105e-02 8.353006840e-02 7.574939728e-02 6.824583560e-02
 6.095020846e-02 5.381710455e-02 4.681504518e-02 3.991720080e-02 3.309840709e-02
 2.633477934e-02 1.960428804e-02 1.288831886e-02 6.079019513e-03-7.498722407e-04
-7.523310836e-03-1.416872442e-02-2.061776444e-02-2.680702507e-02-3.267815337e-02
-3.817756474e-02-4.325594008e-02-4.786751047e-02-5.196926743e-02-5.552016944e-02
-5.848031119e-02-6.081025302e-02-6.247039139e-02-6.342058629e-02-6.361994892e-02
-6.302698702e-02-6.160001084e-02-5.929806456e-02-5.608224124e-02-5.191763490e-02
-4.677589238e-02-4.063843936e-02-3.350045159e-02-2.537548169e-02-1.630068570e-02
-6.342287175e-03 4.398351535e-03 1.578383707e-02 2.760017663e-02 3.983598948e-02
 5.244807154e-02 6.539303064e-02 7.862458378e-02 9.209158272e-02 1.057368666e-01
 1.194967255e-01 1.333004981e-01 1.470707059e-01 1.607235968e-01 1.741704047e-01
 1.873191595e-01 2.000769079e-01 2.123519778e-01 2.240560651e-01 2.351055592e-01
 2.454221547e-01 2.549327910e-01 2.635698915e-01 2.712724209e-01 2.779886723e-01
 9.084077924e-02 8.965049684e-02 8.374793082e-02 7.647295296e-02 6.913358718e-02
 6.178592145e-02 5.446016416e-02 4.716342688e-02 3.989119828e-02 3.263253346e-02
 2.537275851e-02 1.809509657e-02 1.078163181e-02 3.350328421e-03-4.108046181e-03
-1.150918473e-02-1.877537370e-02-2.583570220e-02-3.262603655e-02-3.908869624e-02
-4.517185688e-02-5.082876980e-02-5.601682886e-02-6.069654971e-02-6.483056396e-02
-6.838262081e-02-7.131664455e-02-7.359597087e-02-7.518269122e-02-7.603720576e-02
-7.611808181e-02-7.538214326e-02-7.378497720e-02-7.128191739e-02-6.782945246e-02
-6.338733435e-02-5.792136863e-02-5.140692368e-02-4.383327067e-02-3.520875052e-02
-2.556664869e-02-1.497167349e-02-3.526725108e-03 8.619134314e-03 2.127139829e-02
 3.426571563e-02 4.756507650e-02 6.113076210e-02 7.491849363e-02 8.888012171e-02
 1.029640585e-01 1.171154752e-01 1.312764734e-01 1.453863382e-01 1.593820155e-01
 1.731983721e-01 1.867684871e-01 2.000230253e-01 2.128891945e-01 2.252882123e-01
 2.371319234e-01 2.483187020e-01 2.587307692e-01 2.682353258e-01 2.766930759e-01
 9.117040038e-02 8.975784481e-02 8.387381583e-02 7.662564516e-02 6.926095486e-02
 6.180766597e-02 5.429885164e-02 4.675010219e-02 3.916436806e-02 3.153645620e-02
 2.385568060e-02 1.610740274e-02 8.273905143e-03 3.123456554e-04-7.679109927e-03
-1.561055984e-02-2.340074256e-02-3.097702935e-02-3.827510774e-02-4.523836449e-02
-5.181704834e-02-5.796725303e-02-6.364976615e-02-6.882888824e-02-7.347123325e-02
-7.754457742e-02-8.101675659e-02-8.385469019e-02-8.602358401e-02-8.748628199e-02
-8.820284158e-02-8.813033998e-02-8.722309023e-02-8.543315530e-02-8.271136135e-02
-7.900889218e-02-7.427949458e-02-6.848246604e-02-6.158645451e-02-5.357419699e-02
-4.444808140e-02-3.423656151e-02-2.300102822e-02-1.084269863e-02 2.091805683e-03
 1.560614537e-02 2.940189652e-02 4.346148670e-02 5.774158984e-02 7.220125943e-02
 8.680046350e-02 1.014995351e-01 1.162589937e-01 1.310396045e-01 1.458022892e-01
 1.605079919e-01 1.751166880e-01 1.895855516e-01 2.038655877e-01 2.178956866e-01
 2.315935642e-01 2.448425740e-01 2.574751079e-01 2.692584395e-01 2.799006104e-01
 9.165170789e-02 9.015696496e-02 8.407459408e-02 7.652994990e-02 6.893306971e-02
 6.127606705e-02 5.355419964e-02 4.576440156e-02 3.790154308e-02 2.995726652e-02
 2.191984281e-02 1.377379987e-02 5.490369629e-03-2.921663923e-03-1.135983318e-02
-1.973161101e-02-2.795439959e-02-3.595536202e-02-4.367099702e-02-5.104640499e-02
-5.803428590e-02-6.459379196e-02-7.068925351e-02-7.628881186e-02-8.136314154e-02
-8.588413894e-02-8.982371539e-02-9.315271676e-02-9.583994746e-02-9.785135835e-02
-9.914944321e-02-9.969282150e-02-9.943611920e-02-9.833019227e-02-9.632267058e-02
-9.335909784e-02-8.938457072e-02-8.434611559e-02-7.819591463e-02-7.089536637e-02
-6.242019683e-02-5.276661366e-02-4.195830971e-02-3.005428240e-02-1.715709269e-02
-3.421396948e-03 1.093726978e-02 2.564720996e-02 4.056580737e-02 5.566473305e-02
 7.091758400e-02 8.630034328e-02 1.017917991e-01 1.173740402e-01 1.330327243e-01
 1.487572640e-01 1.645404398e-01 1.803770065e-01 1.962608993e-01 2.121792585e-01
 2.281013131e-01 2.439576536e-01 2.596004307e-01 2.747222781e-01 2.886979878e-01
 9.162924439e-02 9.004006535e-02 8.358110487e-02 7.584983855e-02 6.807225943e-02
 6.023191661e-02 5.231719464e-02 4.431645200e-02 3.621790931e-02 2.800950594e-02
 1.967917010e-02 1.121595595e-02 2.537959488e-03-6.252754945e-03-1.505778544e-02
-2.378626168e-02-3.235665336e-02-4.069736600e-02-4.874660820e-02-5.645169690e-02
-6.376808137e-02-7.065807283e-02-7.708948106e-02-8.303423971e-02-8.846694231e-02
-9.336350113e-02-9.769985825e-02-1.014507934e-01-1.045888439e-01-1.070834175e-01
-1.088999733e-01-1.099994853e-01-1.103380471e-01-1.098667979e-01-1.085321382e-01
-1.062764227e-01-1.030390561e-01-9.875836968e-02-9.337408096e-02-8.683077991e-02
-7.908236980e-02-7.009765506e-02-5.986703932e-02-4.841036722e-02-3.578557819e-02
-2.209778875e-02-7.507850416e-03 7.761257235e-03 2.341949008e-02 3.925090283e-02
 5.524120480e-02 7.138054073e-02 8.766447753e-02 1.040951386e-01 1.206823736e-01
 1.374450773e-01 1.544126123e-01 1.716263592e-01 1.891411096e-01 2.070259750e-01
 2.253643423e-01 2.442509383e-01 2.637801468e-01 2.839814126e-01 3.038877845e-01
 9.056507796e-02 8.882003278e-02 8.240628988e-02 7.455824316e-02 6.665834785e-02
 5.869083479e-02 5.063665286e-02 4.247714207e-02 3.419472650e-02 2.577270009e-02
 1.719475538e-02 8.444678038e-03-5.266342778e-04-9.607854299e-03-1.869679987e-02
-2.770142443e-02-3.654042631e-02-4.514335096e-02-5.345020443e-02-6.141061708e-02
-6.898275763e-02-7.613200694e-02-8.282952011e-02-8.905072510e-02-9.477389604e-02
-9.997868538e-02-1.046448201e-01-1.087508351e-01-1.122729480e-01-1.151840240e-01
-1.174527630e-01-1.190428957e-01-1.199127138e-01-1.200146824e-01-1.192954332e-01
-1.176960394e-01-1.151526868e-01-1.115980148e-01-1.069629565e-01-1.011795849e-01
-9.418483824e-02-8.592538536e-02-7.636379451e-02-6.548594683e-02-5.330969393e-02
-3.989444301e-02-2.535109781e-02-9.851605631e-03 6.362922490e-03 2.297703736e-02
 3.973902762e-02 5.664987117e-02 7.371824980e-02 9.096240997e-02 1.084119678e-01
 1.261104643e-01 1.441188008e-01 1.625200808e-01 1.814262867e-01 2.009878606e-01
 2.214082330e-01 2.429681271e-01 2.660720050e-01 2.913518846e-01 3.176628947e-01
 8.892134577e-02 8.701685071e-02 8.053610474e-02 7.263388485e-02 6.469525397e-02
 5.668498203e-02 4.856953770e-02 4.032231122e-02 3.192171454e-02 2.334865928e-02
 1.458388660e-02 5.603917409e-03-3.594077891e-03-1.289583556e-02-2.219800651e-02
-3.140854836e-02-4.044699669e-02-4.924435169e-02-5.774253607e-02-6.589351594e-02
-7.365807146e-02-8.100443333e-02-8.790678531e-02-9.434377402e-02-1.002969518e-01
-1.057493538e-01-1.106841266e-01-1.150832623e-01-1.189263910e-01-1.221897230e-01
-1.248451546e-01-1.268593520e-01-1.281931847e-01-1.288011223e-01-1.286310256e-01
-1.276240647e-01-1.257151514e-01-1.228336394e-01-1.189048663e-01-1.138521582e-01
-1.076000035e-01-1.000781655e-01-9.122715890e-02-8.100510389e-02-6.939604133e-02
-5.641959235e-02-4.214167967e-02-2.668565325e-02-1.024293806e-02 6.918206811e-03
 2.444757335e-02 4.209893569e-02 5.988812074e-02 7.784359902e-02 9.600662440e-02
 1.144340336e-01 1.332027018e-01 1.524159461e-01 1.722123921e-01 1.927786022e-01
 2.143668383e-01 2.373187542e-01 2.620928586e-01 2.892823517e-01 3.182808459e-01
 8.667223901e-02 8.461412042e-02 7.780853659e-02 7.001709193e-02 6.220673770e-02
 5.428462103e-02 4.620802030e-02 3.795326129e-02 2.950456180e-02 2.085012756e-02
 1.198168844e-02 2.805707045e-03-6.568504032e-03-1.603363454e-02-2.548969910e-02
-3.484674916e-02-4.402612150e-02-5.296067148e-02-6.159437820e-02-6.988142431e-02
-7.778500766e-02-8.527594805e-02-9.233112633e-02-9.893196821e-02-1.050629094e-01
-1.107099578e-01-1.158592552e-01-1.204958409e-01-1.246024296e-01-1.281583160e-01
-1.311384141e-01-1.335122734e-01-1.352434605e-01-1.362888366e-01-1.365980357e-01
-1.361133903e-01-1.347698271e-01-1.324954480e-01-1.292123497e-01-1.248383671e-01
-1.192894503e-01-1.124832034e-01-1.043436304e-01-9.480728954e-02-8.383114636e-02
-7.140190154e-02-5.754688382e-02-4.234597459e-02-2.594382130e-02-8.561239578e-03
 9.495660663e-03 2.783016488e-02 4.623972625e-02 6.476332247e-02 8.344496787e-02
 1.023401842e-01 1.215211824e-01 1.410824209e-01 1.611479521e-01 1.818815470e-01
 2.035017014e-01 2.263042927e-01 2.506982982e-01 2.772575915e-01 3.055714667e-01
 8.218681812e-02 7.952619344e-02 7.385656238e-02 6.681658328e-02 5.938839540e-02
 5.168028548e-02 4.371835291e-02 3.550967202e-02 2.705385722e-02 1.834677346e-02
 9.381981567e-03 9.805703303e-05-9.384691715e-03-1.895480789e-02-2.851112932e-02
-3.796395659e-02-4.723562673e-02-5.626045540e-02-6.498417258e-02-7.336293906e-02
-8.136206865e-02-8.895459026e-02-9.611969441e-02-1.028411910e-01-1.091059595e-01
-1.149025112e-01-1.202195659e-01-1.250447929e-01-1.293635666e-01-1.331579238e-01
-1.364054978e-01-1.390786022e-01-1.411433965e-01-1.425591856e-01-1.432777941e-01
-1.432432234e-01-1.423914284e-01-1.406505108e-01-1.379413158e-01-1.341786534e-01
-1.292731464e-01-1.231342703e-01-1.156743616e-01-1.068141982e-01-9.649015218e-02
-8.466308564e-02-7.132901996e-02-5.653113127e-02-4.037265852e-02-2.302924916e-02
-4.759022035e-03 1.409279183e-02 3.298180923e-02 5.191742629e-02 7.092408091e-02
 9.003875405e-02 1.093105152e-01 1.288014203e-01 1.485880017e-01 1.687636077e-01
 1.894411147e-01 2.107578218e-01 2.328873724e-01 2.560931742e-01 2.803727984e-01
 7.932890952e-02 7.649699599e-02 7.080633938e-02 6.396716088e-02 5.675239116e-02
 4.919812456e-02 4.133313522e-02 3.317296505e-02 2.472350374e-02 1.598419994e-02
 6.950284354e-03-2.402643673e-03-1.195236016e-02-2.158614434e-02-3.120251931e-02
-4.071224108e-02-5.003863573e-02-5.911736190e-02-6.789572537e-02-7.633160055e-02
-8.439211547e-02-9.205216914e-02-9.929288924e-02-1.061000377e-01-1.124625355e-01
-1.183709204e-01-1.238160655e-01-1.287878156e-01-1.332738400e-01-1.372584999e-01
-1.407217979e-01-1.436384767e-01-1.459771693e-01-1.476995051e-01-1.487595588e-01
-1.491032839e-01-1.486681998e-01-1.473833472e-01-1.451695859e-01-1.419405043e-01
-1.376039386e-01-1.320643574e-01-1.252265275e-01-1.170003191e-01-1.073074117e-01
-9.608961642e-02-8.331924677e-02-6.901122630e-02-5.323665589e-02-3.613701463e-02
-1.793786883e-02 1.039289404e-03 2.036795765e-02 3.962363303e-02 5.882067233e-02
 7.797943801e-02 9.712346643e-02 1.162771285e-01 1.354624778e-01 1.546935141e-01
 1.739656329e-01 1.932348609e-01 2.123740315e-01 2.310767323e-01 2.486980557e-01
 7.742539793e-02 7.450434566e-02 6.861583889e-02 6.174861640e-02 5.456012115e-02
 4.705081135e-02 3.922658041e-02 3.109168448e-02 2.264671028e-02 1.388716698e-02
 4.800769035e-03-4.600004759e-03-1.419182587e-02-2.386236191e-02-3.351110965e-02
-4.305007681e-02-5.240397528e-02-6.150994077e-02-7.031679153e-02-7.878393680e-02
-8.688005805e-02-9.458161145e-02-1.018712819e-01-1.087364107e-01-1.151675135e-01
-1.211567968e-01-1.266968101e-01-1.317791939e-01-1.363934129e-01-1.405257732e-01
-1.441582888e-01-1.472677737e-01-1.498249620e-01-1.517936736e-01-1.531300545e-01
-1.537820697e-01-1.536890119e-01-1.527812928e-01-1.509806365e-01-1.482006609e-01
-1.443480402e-01-1.393247247e-01-1.330308765e-01-1.253694296e-01-1.162521169e-01
-1.056073606e-01-9.339021891e-02-7.959425449e-02-6.426524371e-02-4.751585424e-02
-2.954027429e-02-1.062698476e-02 8.832901716e-03 2.834514156e-02 4.764822870e-02
 6.675577909e-02 8.567318320e-02 1.043972373e-01 1.229125559e-01 1.411851197e-01
 1.591520160e-01 1.767067164e-01 1.936799288e-01 2.098221332e-01 2.248063087e-01
 7.568571717e-02 7.266757637e-02 6.686103344e-02 5.997058004e-02 5.277553946e-02
 4.527455196e-02 3.746485338e-02 2.934442461e-02 2.091188356e-02 1.216732338e-02
 3.016622737e-03-6.425318774e-03-1.604455337e-02-2.573382668e-02-3.539577499e-02
-4.494464397e-02-5.430694297e-02-6.342136860e-02-7.223816961e-02-8.071808517e-02
-8.883108199e-02-9.655485302e-02-1.038732827e-01-1.107749268e-01-1.172515154e-01
-1.232964844e-01-1.289037019e-01-1.340660900e-01-1.387746036e-01-1.430170238e-01
-1.467769444e-01-1.500328779e-01-1.527572721e-01-1.549157649e-01-1.564663947e-01
-1.573588997e-01-1.575342715e-01-1.569245160e-01-1.554525197e-01-1.530326158e-01
-1.495715082e-01-1.449700743e-01-1.391261369e-01-1.319385469e-01-1.233127490e-01
-1.131682992e-01-1.014482751e-01-8.813086152e-02-7.324280590e-02-5.687416717e-02
-3.919325024e-02-2.045998536e-02-1.035194029e-03 1.861751266e-02 3.795831278e-02
 5.697504058e-02 7.565520704e-02 9.397920221e-02 1.119153053e-01 1.294147670e-01
 1.464067101e-01 1.627929807e-01 1.784450412e-01 1.932055354e-01 2.068983167e-01
 7.441176474e-02 7.133468240e-02 6.545637548e-02 5.854386836e-02 5.134579912e-02
 4.385202006e-02 3.605350107e-02 2.794271894e-02 1.951327920e-02 1.075920649e-02
 1.595833921e-03-7.855286822e-03-1.747889258e-02-2.716830000e-02-3.682732210e-02
-4.637149721e-02-5.572859943e-02-6.483850628e-02-7.365255803e-02-8.213250339e-02
-9.024922550e-02-9.798130393e-02-1.053134874e-01-1.122351512e-01-1.187388748e-01
-1.248189434e-01-1.304701120e-01-1.356862634e-01-1.404593438e-01-1.447781771e-01
-1.486275643e-01-1.519872397e-01-1.548309922e-01-1.571258307e-01-1.588312685e-01
-1.598985046e-01-1.602700502e-01-1.598792374e-01-1.586502790e-01-1.564984173e-01
-1.533309221e-01-1.490485966e-01-1.435483396e-01-1.367269158e-01-1.284862310e-01
-1.187404394e-01-1.074250117e-01-9.450796992e-02-8.000313491e-02-6.398482621e-02
-4.660320655e-02-2.809854597e-02-8.812563494e-03 1.080583688e-02 3.020252846e-02
 4.914698005e-02 6.763248146e-02 8.564032614e-02 1.031392068e-01 1.200841144e-01
 1.364151686e-01 1.520574093e-01 1.669220030e-01 1.809102595e-01 1.939204633e-01
 7.339096814e-02 7.027165592e-02 6.431077421e-02 5.740746111e-02 5.023580790e-02
 4.277207330e-02 3.500111774e-02 2.691216581e-02 1.849666238e-02 9.746703319e-03
 5.906718434e-04-8.850502782e-03-1.846193336e-02-2.813748084e-02-3.778166696e-02
-4.731081426e-02-5.665348098e-02-6.575027853e-02-7.455321401e-02-8.302468061e-02
-9.113610536e-02-9.886658192e-02-1.062013432e-01-1.131302491e-01-1.196463183e-01
-1.257443428e-01-1.314195246e-01-1.366663724e-01-1.414773613e-01-1.458420157e-01
-1.497458220e-01-1.531692892e-01-1.560870856e-01-1.584671587e-01-1.602699757e-01
-1.614478230e-01-1.619442403e-01-1.616936773e-01-1.606213152e-01-1.586433649e-01
-1.556677520e-01-1.515956819e-01-1.463239938e-01-1.397487223e-01-1.317701787e-01
-1.222998202e-01-1.112690195e-01-9.864004701e-02-8.441910148e-02-6.867086142e-02
-5.153382570e-02-3.323487192e-02-1.410097070e-02 5.434616003e-03 2.483466268e-02
 4.370095208e-02 6.202831119e-02 7.980066538e-02 9.699121863e-02 1.135626733e-01
 1.294678450e-01 1.446509510e-01 1.590497196e-01 1.725988537e-01 1.852345914e-01
 7.230242342e-02 6.911141425e-02 6.331150979e-02 5.652072653e-02 4.944333062e-02
 4.205035046e-02 3.433203697e-02 2.628303133e-02 1.789795235e-02 9.170425124e-03
 3.782084968e-05-9.379336610e-03-1.896657795e-02-2.861820348e-02-3.823917732e-02
-4.774625227e-02-5.706837773e-02-6.614650041e-02-7.493292540e-02-8.339023590e-02
-9.149007499e-02-9.921167791e-02-1.065403670e-01-1.134661064e-01-1.199820414e-01
-1.260830462e-01-1.317645162e-01-1.370210052e-01-1.418452561e-01-1.462269723e-01
-1.501519382e-01-1.536009759e-01-1.565491259e-01-1.589647084e-01-1.608087122e-01
-1.620339453e-01-1.625845134e-01-1.623954773e-01-1.613926589e-01-1.594928950e-01
-1.566047519e-01-1.526299417e-01-1.474657059e-01-1.410082579e-01-1.331578195e-01
-1.238252446e-01-1.129407659e-01-1.004647613e-01-8.640061319e-02-7.080909610e-02
-5.382359400e-02-3.566449881e-02-1.665084064e-02 2.793637803e-03 2.214306220e-02
 4.091756418e-02 5.911222473e-02 7.671273500e-02 9.369578958e-02 1.100297347e-01
 1.256756783e-01 1.405891925e-01 1.547223926e-01 1.680268645e-01 1.804568768e-01
 7.124391943e-02 6.785380840e-02 6.248431653e-02 5.601356179e-02 4.906846955e-02
 4.175331816e-02 3.409190103e-02 2.608999051e-02 1.774655469e-02 9.057066403e-03
-3.868681233e-05-9.420404211e-03-1.897390932e-02-2.859376371e-02-3.818514198e-02
-4.766491055e-02-5.696206540e-02-6.601753086e-02-7.478349656e-02-8.322241157e-02
-9.130570292e-02-9.901237488e-02-1.063275188e-01-1.132408381e-01-1.197452024e-01
-1.258352548e-01-1.315060854e-01-1.367520988e-01-1.415657401e-01-1.459365636e-01
-1.498501301e-01-1.532871127e-01-1.562224030e-01-1.586242765e-01-1.604535729e-01
-1.616631150e-01-1.621970534e-01-1.619904935e-01-1.609694511e-01-1.590510309e-01
-1.561441869e-01-1.521511674e-01-1.469698846e-01-1.404974759e-01-1.326352060e-01
-1.232952923e-01-1.124094725e-01-9.993986785e-02-8.589170873e-02-7.032765448e-02
-5.338281393e-02-3.527900949e-02-1.633606106e-02 3.022365505e-03 2.227159031e-02
 4.093875363e-02 5.901899561e-02 7.649833709e-02 9.335429221e-02 1.095567793e-01
 1.250693649e-01 1.398509294e-01 1.538579166e-01 1.670468152e-01 1.793770343e-01
 7.183292508e-02 6.863451004e-02 6.290024519e-02 5.621947348e-02 4.924080148e-02
 4.194101319e-02 3.431322798e-02 2.635357529e-02 1.805753075e-02 9.419133887e-03
 3.722724505e-04-8.963414468e-03-1.847415417e-02-2.805471793e-02-3.761029243e-02
-4.705761746e-02-5.632540956e-02-6.535420567e-02-7.409573346e-02-8.251190931e-02
-9.057357907e-02-9.825916588e-02-1.055531353e-01-1.124445722e-01-1.189257205e-01
-1.249905899e-01-1.306336671e-01-1.358487010e-01-1.406275332e-01-1.449590623e-01
-1.488282233e-01-1.522150636e-01-1.550938189e-01-1.574321389e-01-1.591902524e-01
-1.603203863e-01-1.607661992e-01-1.604623646e-01-1.593346000e-01-1.572999209e-01
-1.542674303e-01-1.501399428e-01-1.448163539e-01-1.381953806e-01-1.301806867e-01
-1.206876412e-01-1.096522808e-01-9.704208374e-02-8.286884427e-02-6.720291078e-02
-5.018805712e-02-3.205537423e-02-1.313419454e-02 6.142587401e-03 2.524164505e-02
 4.378565028e-02 6.176858023e-02 7.917445153e-02 9.597823024e-02 1.121467128e-01
 1.276397407e-01 1.424118131e-01 1.564142704e-01 1.695980728e-01 1.819169968e-01
 7.239027321e-02 6.925644726e-02 6.354768574e-02 5.684395507e-02 4.985601455e-02
 4.257037863e-02 3.497530520e-02 2.706203610e-02 1.882310957e-02 1.025106292e-02
 1.266895328e-03-8.010446094e-03-1.746763662e-02-2.699960209e-02-3.651140630e-02
-4.591939598e-02-5.515170842e-02-6.414815784e-02-7.285962999e-02-8.124712110e-02
-8.928055316e-02-9.693734348e-02-1.042010039e-01-1.110596061e-01-1.175043881e-01
-1.235283762e-01-1.291250437e-01-1.342871040e-01-1.390053779e-01-1.432676911e-01
-1.470579058e-01-1.503549218e-01-1.531319022e-01-1.553553045e-01-1.569842696e-01
-1.579699218e-01-1.582549065e-01-1.577730477e-01-1.564493626e-01-1.542005390e-01
-1.509357989e-01-1.465586275e-01-1.409694999e-01-1.340696663e-01-1.257665902e-01
-1.159811541e-01-1.046566218e-01-9.176978469e-02-7.734389603e-02-6.146281213e-02
-4.428555816e-02-2.605956793e-02-7.130562328e-03 1.205346826e-02 3.095153905e-02
 4.936163500e-02 6.727232784e-02 8.466226608e-02 1.015003994e-01 1.177460849e-01
 1.333495826e-01 1.482530981e-01 1.623929739e-01 1.757028848e-01 1.881182492e-01
 7.328256965e-02 7.023164630e-02 6.444059312e-02 5.777283758e-02 5.082371458e-02
 4.358100891e-02 3.603676707e-02 2.818419971e-02 2.001727931e-02 1.153005753e-02
 2.626093104e-03-6.576536689e-03-1.596532576e-02-2.543546446e-02-3.489177302e-02
-4.424996302e-02-5.343725532e-02-6.239235774e-02-7.106494159e-02-7.941471785e-02
-8.741025627e-02-9.502761811e-02-1.022489294e-01-1.090609133e-01-1.154534146e-01
-1.214180738e-01-1.269469559e-01-1.320313513e-01-1.366606355e-01-1.408211142e-01
-1.444951594e-01-1.476601213e-01-1.502874941e-01-1.523422301e-01-1.537818462e-01
-1.545559764e-01-1.546058208e-01-1.538640708e-01-1.522549242e-01-1.496946514e-01
-1.460928321e-01-1.413541734e-01-1.353815645e-01-1.280803084e-01-1.193637773e-01
-1.091610342e-01-9.742623568e-02-8.414995670e-02-6.937222183e-02-5.319650844e-02
-3.580363095e-02-1.746382378e-02 1.455248683e-03 2.048732154e-02 3.915575147e-02
 5.744247139e-02 7.532677799e-02 9.278097004e-02 1.097674444e-01 1.262365878e-01
 1.421251148e-01 1.573556215e-01 1.718376577e-01 1.854714900e-01 1.981548816e-01
 7.418020815e-02 7.120089233e-02 6.560986489e-02 5.901458859e-02 5.212811008e-02
 4.494677484e-02 3.746692464e-02 2.968582697e-02 2.160157263e-02 1.321407501e-02
 4.414027091e-03-4.690132570e-03-1.398893166e-02-2.337802388e-02-3.276162595e-02
-4.205435514e-02-5.118208379e-02-6.008200347e-02-6.870215386e-02-7.700056583e-02
-8.494406939e-02-9.250699729e-02-9.966969490e-02-1.064171270e-01-1.127373576e-01
-1.186202392e-01-1.240560263e-01-1.290342063e-01-1.335422248e-01-1.375645548e-01
-1.410815567e-01-1.440685987e-01-1.464952379e-01-1.483243704e-01-1.495116204e-01
-1.500047892e-01-1.497435272e-01-1.486592442e-01-1.466753930e-01-1.437082738e-01
-1.396683604e-01-1.344626993e-01-1.279981881e-01-1.201862246e-01-1.109489277e-01
-1.002271771e-01-8.799038827e-02-7.424818724e-02-5.906333402e-02-4.256538674e-02
-2.496370487e-02-6.557961460e-03 1.225603558e-02 3.099284135e-02 4.946945608e-02
 6.767943501e-02 8.560820669e-02 1.032317206e-01 1.205135733e-01 1.374008805e-01
 1.538194716e-01 1.696689278e-01 1.848194599e-01 1.991133988e-01 2.123751044e-01
 7.547589391e-02 7.260359079e-02 6.710880995e-02 6.059592217e-02 5.377967656e-02
 4.666187987e-02 3.924565390e-02 3.153303266e-02 2.352270111e-02 1.520822942e-02
 6.574670319e-03-2.390577225e-03-1.156871021e-02-2.085078135e-02-3.013826907e-02
-3.934374079e-02-4.839118198e-02-5.721588060e-02-6.576391309e-02-7.399128377e-02
-8.186272532e-02-8.935043961e-02-9.643262625e-02-1.030920893e-01-1.093147174e-01
-1.150881499e-01-1.204004511e-01-1.252388358e-01-1.295884997e-01-1.334315687e-01
-1.367460787e-01-1.395050734e-01-1.416757405e-01-1.432187110e-01-1.440874934e-01
-1.442279965e-01-1.435782909e-01-1.420688033e-01-1.396227628e-01-1.361572444e-01
-1.315850168e-01-1.258171201e-01-1.187667772e-01-1.103545427e-01-1.005150750e-01
-8.920560777e-02-7.641614228e-02-6.218121946e-02-4.659267887e-02-2.981251664e-02
-1.208448224e-02 6.257483270e-03 2.478622273e-02 4.319390655e-02 6.147937477e-02
 7.964131236e-02 9.767539799e-02 1.155711263e-01 1.333072186e-01 1.508448273e-01
 1.681174636e-01 1.850162745e-01 2.013712972e-01 2.169342041e-01 2.313810736e-01
 7.723300159e-02 7.449257374e-02 6.899847090e-02 6.257582456e-02 5.581005663e-02
 4.872927070e-02 4.135861248e-02 3.371049836e-02 2.578874119e-02 1.759164408e-02
 9.113971144e-03 2.997932606e-04-8.735401556e-03-1.788396202e-02-2.704738453e-02
-3.613742068e-02-4.507666454e-02-5.379862338e-02-6.224732101e-02-7.037648559e-02
-7.814849913e-02-8.553307503e-02-9.250590950e-02-9.904722124e-02-1.051403508e-01
-1.107703149e-01-1.159225330e-01-1.205815747e-01-1.247299835e-01-1.283471882e-01
-1.314085424e-01-1.338844597e-01-1.357395649e-01-1.369321197e-01-1.374134570e-01
-1.371277571e-01-1.360119432e-01-1.339961290e-01-1.310043037e-01-1.269558668e-01
-1.217677370e-01-1.153576374e-01-1.076484174e-01-9.857383370e-02-8.808586746e-02
-7.616364211e-02-6.282383949e-02-4.813230783e-02-3.221613541e-02-1.527515706e-02
 2.408705652e-03 2.046615630e-02 3.852646053e-02 5.659345537e-02 7.467620820e-02
 9.278814495e-02 1.109457389e-01 1.291667819e-01 1.474672705e-01 1.658558100e-01
 1.843232214e-01 2.028221190e-01 2.212238908e-01 2.392243594e-01 2.561874390e-01
 7.961016893e-02 7.712783664e-02 7.171908766e-02 6.512907892e-02 5.824212357e-02
 5.110614002e-02 4.373657703e-02 3.613691404e-02 2.830565721e-02 2.023934387e-02
 1.193500496e-02 3.302934580e-03-5.553113762e-03-1.453017350e-02-2.353121899e-02
-3.246781975e-02-4.126143456e-02-4.984381795e-02-5.815682188e-02-6.615173072e-02
-7.378826290e-02-8.103334159e-02-8.785977960e-02-9.424486756e-02-1.001689360e-01
-1.056140065e-01-1.105624810e-01-1.149958745e-01-1.188937128e-01-1.222324148e-01
-1.249844208e-01-1.271173209e-01-1.285931021e-01-1.293677092e-01-1.293906420e-01
-1.286048144e-01-1.269468665e-01-1.243477240e-01-1.207338423e-01-1.160290912e-01
-1.101574674e-01-1.030468792e-01-9.463413060e-02-8.487129211e-02-7.373348624e-02
-6.122806668e-02-4.740499705e-02-3.236781433e-02-1.628442109e-02 6.035997067e-04
 1.797478646e-02 3.544185683e-02 5.301110819e-02 7.069645077e-02 8.852035552e-02
 1.065150052e-01 1.247235090e-01 1.432015151e-01 1.620191485e-01 1.812632531e-01
 2.010403275e-01 2.214810401e-01 2.427521795e-01 2.651088536e-01 2.885456085e-01
 8.287663013e-02 8.086930215e-02 7.501158118e-02 6.794163585e-02 6.082510948e-02
 5.359619856e-02 4.621910304e-02 3.867293894e-02 3.094272688e-02 2.301519364e-02
 1.487593073e-02 6.505520083e-03-2.109546214e-03-1.086048968e-02-1.964782923e-02
-2.838148549e-02-3.698119149e-02-4.537667334e-02-5.350740626e-02-6.132199243e-02
-6.877724081e-02-7.583699375e-02-8.247085661e-02-8.865278214e-02-9.435978532e-02
-9.957048297e-02-1.042638794e-01-1.084181294e-01-1.120094210e-01-1.150109842e-01
-1.173921674e-01-1.191177219e-01-1.201472059e-01-1.204345748e-01-1.199280620e-01
-1.185703054e-01-1.162989289e-01-1.130475253e-01-1.087473929e-01-1.033298969e-01
-9.672981501e-02-8.888979256e-02-7.976585627e-02-6.933439523e-02-5.760016665e-02
-4.460553452e-02-3.044023179e-02-1.525111962e-02 7.491281722e-04 1.727574132e-02
 3.396253288e-02 5.081317574e-02 6.783909351e-02 8.506119996e-02 1.025119647e-01
 1.202380881e-01 1.383041292e-01 1.567973644e-01 1.758346260e-01 1.955723166e-01
 2.162207663e-01 2.380667329e-01 2.615081072e-01 2.871048748e-01 3.144507706e-01
 8.506485820e-02 8.328016102e-02 7.736044377e-02 7.027100027e-02 6.313685328e-02
 5.592371151e-02 4.860632867e-02 4.116425663e-02 3.358075395e-02 2.584145404e-02
 1.793354377e-02 9.846228175e-03 1.518711913e-03-6.950793322e-03-1.546635572e-02
-2.393844724e-02-3.228591010e-02-4.043672606e-02-4.832806438e-02-5.590579659e-02
-6.312367320e-02-6.994224340e-02-7.632762194e-02-8.225018531e-02-8.768326044e-02
-9.260177612e-02-9.698105603e-02-1.007956490e-01-1.040182337e-01-1.066187173e-01
-1.085634530e-01-1.098145768e-01-1.103295833e-01-1.100611910e-01-1.089573801e-01
-1.069619432e-01-1.040153950e-01-1.000565141e-01-9.502449632e-02-8.886205405e-02
-8.151935041e-02-7.295901328e-02-6.316231936e-02-5.213636532e-02-3.992221504e-02
-2.660359070e-02-1.231548376e-02 2.748249099e-03 1.832919568e-02 3.411601484e-02
 5.010506511e-02 6.629921496e-02 8.270947635e-02 9.935697168e-02 1.162754670e-01
 1.335146576e-01 1.511446536e-01 1.692621112e-01 1.879988760e-01 2.075342983e-01
 2.281125635e-01 2.500658333e-01 2.738410830e-01 3.000173569e-01 3.279961944e-01
 8.627318591e-02 8.462741226e-02 7.901765406e-02 7.205238938e-02 6.502423435e-02
 5.792699009e-02 5.074731261e-02 4.347202554e-02 3.608852997e-02 2.858446538e-02
 2.094700187e-02 1.316168252e-02 5.210067146e-03-2.902614418e-03-1.107557956e-02
-1.921688952e-02-2.724358253e-02-3.508172184e-02-4.266619310e-02-4.994017631e-02
-5.685434863e-02-6.336588413e-02-6.943728030e-02-7.503513992e-02-8.012891561e-02
-8.468964696e-02-8.868881315e-02-9.209722281e-02-9.488407522e-02-9.701608866e-02
-9.845687449e-02-9.916646034e-02-9.910109639e-02-9.821335226e-02-9.645250440e-02
-9.376545995e-02-9.009819478e-02-8.539774269e-02-7.961507142e-02-7.270866632e-02
-6.464920193e-02-5.542503670e-02-4.504873604e-02-3.356427327e-02-2.105470747e-02
-7.650034502e-03 6.465918384e-03 2.105184272e-02 3.588270023e-02 5.094436556e-02
 6.622760743e-02 8.172917366e-02 9.745320678e-02 1.134128645e-01 1.296324879e-01
 1.461503059e-01 1.630220115e-01 1.803254932e-01 1.981674582e-01 2.166927457e-01
 2.360986769e-01 2.566587329e-01 2.787679434e-01 3.030440211e-01 3.283592463e-01
 8.712290227e-02 8.565060049e-02 8.012715727e-02 7.331600785e-02 6.645421684e-02
 5.953404307e-02 5.254904926e-02 4.549302533e-02 3.835941851e-02 3.114080057e-02
 2.382854372e-02 1.641264558e-02 8.881584741e-03 1.186563401e-03-6.574639585e-03
-1.431169920e-02-2.194202505e-02-2.939101681e-02-3.659202531e-02-4.348600283e-02
-5.002082139e-02-5.615040287e-02-6.183368340e-02-6.703346968e-02-7.171531022e-02
-7.584634423e-02-7.939421386e-02-8.232612908e-02-8.460801095e-02-8.620379120e-02
-8.707495779e-02-8.718034625e-02-8.647616208e-02-8.491640538e-02-8.245372027e-02
-7.904070616e-02-7.463187724e-02-6.918626279e-02-6.267081201e-02-5.506461114e-02
-4.636401311e-02-3.658855334e-02-2.578748949e-02-1.404651068e-02-1.493370160e-03
 1.169430744e-02 2.528032660e-02 3.915368021e-02 5.328781158e-02 6.766007841e-02
 8.225201815e-02 9.704983979e-02 1.120453104e-01 1.272366643e-01 1.426300108e-01
 1.582404673e-01 1.740939170e-01 1.902283430e-01 2.066953480e-01 2.235610932e-01
 2.409062237e-01 2.588233352e-01 2.774057686e-01 2.966860831e-01 3.157169819e-01
 8.739715815e-02 8.607709408e-02 8.067744970e-02 7.406315207e-02 6.740757823e-02
 6.069964543e-02 5.394182727e-02 4.713793844e-02 4.028944671e-02 3.339482471e-02
 2.645014226e-02 1.945022307e-02 1.239055302e-02 5.181714427e-03-2.091078553e-03
-9.343091398e-03-1.649406180e-02-2.346988767e-02-3.020318784e-02-3.663326055e-02
-4.270560667e-02-4.837122932e-02-5.358572677e-02-5.830832943e-02-6.250086427e-02
-6.612677127e-02-6.915017962e-02-7.153507322e-02-7.324464619e-02-7.424081862e-02
-7.448399812e-02-7.393310964e-02-7.254604250e-02-7.028036565e-02-6.709466130e-02
-6.295029819e-02-5.781392753e-02-5.166057125e-02-4.447750747e-02-3.626893461e-02
-2.706132084e-02-1.690947264e-02-5.903144367e-03 5.824467633e-03 1.810779981e-02
 3.074023314e-02 4.370464012e-02 5.696460232e-02 7.048620284e-02 8.423775434e-02
 9.818984568e-02 1.123155504e-01 1.265908480e-01 1.409950852e-01 1.555114239e-01
 1.701269448e-01 1.848324835e-01 1.996212453e-01 2.144860923e-01 2.294136882e-01
 2.443735898e-01 2.592978477e-01 2.740418315e-01 2.883040607e-01 3.014670908e-01
 8.683304489e-02 8.557221293e-02 8.061324805e-02 7.432226837e-02 6.789405644e-02
 6.139043719e-02 5.485536158e-02 4.831072316e-02 4.176538065e-02 3.522057086e-02
 2.867266349e-02 2.211446501e-02 1.553503796e-02 8.917211555e-03 2.224848140e-03
-4.453284200e-03-1.103631314e-02-1.745009609e-02-2.362681180e-02-2.950461581e-02
-3.502719849e-02-4.014315084e-02-4.480522498e-02-4.896952212e-02-5.259463191e-02
-5.564082786e-02-5.806932598e-02-5.984167010e-02-6.091929227e-02-6.126326323e-02
-6.083439291e-02-5.959355086e-02-5.750245973e-02-5.452489108e-02-5.062840879e-02
-4.578661919e-02-3.998210654e-02-3.320991248e-02-2.548163757e-02-1.683012024e-02
-7.314182818e-03 2.975934418e-03 1.391902007e-02 2.527985722e-02 3.705491498e-02
 4.920110852e-02 6.167995930e-02 7.445205003e-02 8.747728169e-02 1.007149965e-01
 1.141240448e-01 1.276630759e-01 1.412906796e-01 1.549658179e-01 1.686478555e-01
 1.822965741e-01 1.958713681e-01 2.093295008e-01 2.226226628e-01 2.356912196e-01
 2.484551370e-01 2.608008087e-01 2.725644112e-01 2.835177183e-01 2.933734655e-01
 8.694037050e-02 8.615689725e-02 8.094155043e-02 7.441754639e-02 6.795331091e-02
 6.153177842e-02 5.517052487e-02 4.887640476e-02 4.264895990e-02 3.648339212e-02
 3.037236445e-02 2.430730872e-02 1.827965863e-02 1.228289120e-02 6.234731991e-03
 2.084517619e-04-5.722281057e-03-1.148680598e-02-1.701875590e-02-2.225642651e-02
-2.714266069e-02-3.162449598e-02-3.565261886e-02-3.918078542e-02-4.216516763e-02
-4.456377402e-02-4.633593187e-02-4.744192958e-02-4.784283042e-02-4.750054702e-02
-4.637821391e-02-4.444091022e-02-4.165682197e-02-3.799885511e-02-3.344680741e-02
-2.799005434e-02-2.163087018e-02-1.438806858e-02-6.300732959e-03 2.566083102e-03
 1.212091744e-02 2.221987210e-02 3.279571980e-02 4.381466657e-02 5.524510518e-02
 6.705028564e-02 7.919021696e-02 9.162163734e-02 1.042979509e-01 1.171691418e-01
 1.301817000e-01 1.432788074e-01 1.564006209e-01 1.694848090e-01 1.824671626e-01
 1.952821910e-01 2.078634202e-01 2.201430500e-01 2.320507318e-01 2.435110211e-01
 2.544397712e-01 2.647398710e-01 2.742981911e-01 2.829865217e-01 2.906696200e-01
 8.645988256e-02 8.606028557e-02 8.069927245e-02 7.380279154e-02 6.719928980e-02
 6.082557887e-02 5.464307964e-02 4.862664267e-02 4.275681451e-02 3.701671585e-02
 3.139102831e-02 2.586569451e-02 2.042758465e-02 1.506358199e-02 9.757848457e-03
 4.469933454e-03-7.247921312e-04-5.756784230e-03-1.056105923e-02-1.507672481e-02
-1.924670860e-02-2.301747911e-02-2.633871324e-02-2.916290052e-02-3.144498169e-02
-3.314198926e-02-3.421282396e-02-3.461816162e-02-3.432055563e-02-3.328483924e-02
-3.147883341e-02-2.887441404e-02-2.544901706e-02-2.118763886e-02-1.608531736e-02
-1.015003398e-02-3.406776814e-03 4.097999074e-03 1.230098680e-02 2.109093405e-02
 3.042289987e-02 4.027577862e-02 5.061898381e-02 6.142084301e-02 7.264775038e-02
 8.426253498e-02 9.622362256e-02 1.084842160e-01 1.209915802e-01 1.336863935e-01
 1.465023160e-01 1.593658626e-01 1.721967906e-01 1.849090457e-01 1.974124163e-01
 2.096147239e-01 2.214242816e-01 2.327524573e-01 2.435154766e-01 2.536356151e-01
 2.630412877e-01 2.716664374e-01 2.794502079e-01 2.863372862e-01 2.922805846e-01
 8.387880772e-02 8.357159793e-02 7.834285498e-02 7.151558250e-02 6.502562761e-02
 5.885254592e-02 5.296093225e-02 4.731673747e-02 4.188930243e-02 3.665202484e-02
 3.158243746e-02 2.666217275e-02 2.187690139e-02 1.721667871e-02 1.267729141e-02
 8.180232719e-03 3.785718931e-03-4.451346467e-04-4.452195950e-03-8.177381940e-03
-1.156517584e-02-1.456280798e-02-1.712025888e-02-1.919016801e-02-2.072775364e-02
-2.169076726e-02-2.203954570e-02-2.173720859e-02-2.075004578e-02-1.904821396e-02
-1.660681516e-02-1.340725645e-02-9.438844398e-03-4.701177124e-03 7.929753046e-04
 7.017546333e-03 1.392640546e-02 2.141568810e-02 2.949541248e-02 3.814773262e-02
 4.735099152e-02 5.708361790e-02 6.732176244e-02 7.803893089e-02 8.920517564e-02
 1.007859409e-01 1.127407774e-01 1.250218898e-01 1.375726610e-01 1.503260136e-01
 1.632031351e-01 1.761125326e-01 1.889500171e-01 2.015998513e-01 2.139377296e-01
 2.258353829e-01 2.371668369e-01 2.478154004e-01 2.576802373e-01 2.666817009e-01
 2.747640014e-01 2.818956971e-01 2.880675197e-01 2.932889163e-01 2.975839972e-01
 7.954344898e-02 7.932243496e-02 7.395066321e-02 6.729817390e-02 6.109980121e-02
 5.530476570e-02 4.986674711e-02 4.473882169e-02 3.987860307e-02 3.525036201e-02
 3.082549758e-02 2.658205107e-02 2.250395156e-02 1.858012751e-02 1.480334904e-02
 1.116818190e-02 7.635218091e-03 4.261425231e-03 1.103858580e-03-1.781969331e-03
-4.342714325e-03-6.527463440e-03-8.287874982e-03-9.578296915e-03-1.035595592e-02
-1.058129594e-02-1.021832600e-02-9.235046804e-03-7.603943348e-03-5.302783102e-03
-2.316617174e-03 1.360557508e-03 5.726033822e-03 1.076484844e-02 1.643543877e-02
 2.270594612e-02 2.957948111e-02 3.704212233e-02 4.508515447e-02 5.369812995e-02
 6.286887079e-02 7.258360833e-02 8.282655478e-02 9.357912093e-02 1.048189476e-01
 1.165185496e-01 1.286435574e-01 1.411504596e-01 1.539840847e-01 1.670744568e-01
 1.803335547e-01 1.936523020e-01 2.068983167e-01 2.199159563e-01 2.325297147e-01
 2.445522845e-01 2.557973862e-01 2.660957575e-01 2.753109932e-01 2.833518386e-01
 2.901788950e-01 2.958044708e-01 3.002858162e-01 3.037135005e-01 3.061965406e-01
 7.250103354e-02 7.214640826e-02 6.713080406e-02 6.083952636e-02 5.514157191e-02
 4.995356873e-02 4.518707469e-02 4.076676816e-02 3.663366288e-02 3.274378553e-02
 2.906557359e-02 2.557733655e-02 2.226518467e-02 1.912146434e-02 1.614356972e-02
 1.333301701e-02 1.069477294e-02 8.204699494e-03 5.920134485e-03 3.894012887e-03
 2.176387236e-03 8.147979970e-04-1.457762992e-04-6.630554562e-04-6.978855236e-04
-2.154562389e-04 8.139670244e-04 2.414422110e-03 4.604211077e-03 7.398263086e-03
 1.079969946e-02 1.479262393e-02 1.936433464e-02 2.452561446e-02 3.027477115e-02
 3.660713881e-02 4.352046922e-02 5.101171508e-02 5.907808617e-02 6.771658361e-02
 7.692372054e-02 8.669528365e-02 9.702585638e-02 1.079081744e-01 1.193320900e-01
 1.312831193e-01 1.437403709e-01 1.566737145e-01 1.700399071e-01 1.837775409e-01
 1.978005022e-01 2.119903862e-01 2.261880189e-01 2.401867509e-01 2.537311018e-01
 2.665269077e-01 2.782667875e-01 2.886690497e-01 2.975163460e-01 3.046840131e-01
 3.101518154e-01 3.140027523e-01 3.164077401e-01 3.175962567e-01 3.178167343e-01
 6.255357713e-02 6.193236262e-02 5.721006915e-02 5.162309483e-02 4.684899002e-02
 4.265522957e-02 3.887661174e-02 3.540881723e-02 3.218709677e-02 2.917157486e-02
 2.633833326e-02 2.367417514e-02 2.117354795e-02 1.883683912e-02 1.666964404e-02
 1.468304079e-02 1.289534196e-02 1.126653887e-02 9.841229767e-03 8.661421947e-03
 7.769817021e-03 7.207990624e-03 7.015101612e-03 7.228325121e-03 7.883811370e-03
 9.009992704e-03 1.062776987e-02 1.274797507e-02 1.536538173e-02 1.851064712e-02
 2.219314128e-02 2.641704865e-02 3.118545562e-02 3.650325164e-02 4.237446934e-02
 4.880262166e-02 5.579149723e-02 6.334526092e-02 7.146865875e-02 8.016709983e-02
 8.944668621e-02 9.931419045e-02 1.097768545e-01 1.208420917e-01 1.325168461e-01
 1.448065042e-01 1.577131599e-01 1.712329537e-01 1.853517592e-01 2.000388056e-01
 2.152370960e-01 2.308491915e-01 2.467168719e-01 2.625939250e-01 2.781158984e-01
 2.927865088e-01 3.060217500e-01 3.172701001e-01 3.261355460e-01 3.324261308e-01
 3.361520171e-01 3.375196755e-01 3.369242251e-01 3.348964155e-01 3.319782317e-01
 4.793795571e-02 4.647294804e-02 4.266041517e-02 3.908666596e-02 3.618702665e-02
 3.359067440e-02 3.117966652e-02 2.890677378e-02 2.675297670e-02 2.471266873e-02
 2.278747782e-02 2.098334767e-02 1.930914447e-02 1.777596027e-02 1.639683731e-02
 1.518660598e-02 1.416147128e-02 1.333749387e-02 1.274563279e-02 1.237366907e-02
 1.226054970e-02 1.244330965e-02 1.295035705e-02 1.380665228e-02 1.506465115e-02
 1.674098521e-02 1.885164715e-02 2.141026780e-02 2.442848124e-02 2.792011015e-02
 3.189667314e-02 3.636777401e-02 4.134205729e-02 4.682801664e-02 5.283417925e-02
 5.936941132e-02 6.644328684e-02 7.406643778e-02 8.225087821e-02 9.101037681e-02
 1.003607512e-01 1.103202552e-01 1.209099293e-01 1.321539283e-01 1.440797448e-01
 1.567182839e-01 1.701035053e-01 1.842714995e-01 1.992581785e-01 2.150949389e-01
 2.318006158e-01 2.493668199e-01 2.677320242e-01 2.867328525e-01 3.060042560e-01
 3.247620165e-01 3.415728807e-01 3.550146520e-01 3.644462824e-01 3.697070479e-01
 3.708628118e-01 3.682097197e-01 3.624671400e-01 3.550443649e-01 3.474248648e-01
 2.785239741e-02 2.398437634e-02 2.414103970e-02 2.467105351e-02 2.438683435e-02
 2.370313928e-02 2.280580439e-02 2.179574594e-02 2.073750086e-02 1.967735589e-02
 1.865125634e-02 1.768877730e-02 1.681536995e-02 1.605379954e-02 1.542512886e-02
 1.494939439e-02 1.464607939e-02 1.453446597e-02 1.463430934e-02 1.496280171e-02
 1.554249506e-02 1.639773697e-02 1.755255833e-02 1.903082058e-02 2.085741237e-02
 2.305237576e-02 2.563281357e-02 2.861374617e-02 3.200879321e-02 3.583090752e-02
 4.009225965e-02 4.480440915e-02 4.997865111e-02 5.562646315e-02 6.175984442e-02
 6.839171052e-02 7.553626597e-02 8.320948482e-02 9.142954648e-02 1.002174169e-01
 1.095974892e-01 1.195983365e-01 1.302537173e-01 1.416036636e-01 1.536959857e-01
 1.665879041e-01 1.803482622e-01 1.950598806e-01 2.108222395e-01 2.277539819e-01
 2.459945977e-01 2.657038867e-01 2.870581746e-01 3.102443516e-01 3.354694545e-01
 3.630968630e-01 3.877758980e-01 4.045121968e-01 4.145468175e-01 4.185291529e-01
 4.159066677e-01 4.071921706e-01 3.915630877e-01 3.739314377e-01 3.604309261e-01
 1.394654438e-02 9.305540472e-03 1.035093702e-02 1.243609842e-02 1.370613556e-02
 1.439697575e-02 1.469431166e-02 1.473458856e-02 1.461797580e-02 1.441959199e-02
 1.419723593e-02 1.399656106e-02 1.385460049e-02 1.380226482e-02 1.386613026e-02
 1.406974439e-02 1.443458349e-02 1.498073060e-02 1.572740078e-02 1.669321209e-02
 1.789714396e-02 1.935838908e-02 2.109595016e-02 2.312841266e-02 2.547367103e-02
 2.814817242e-02 3.116694093e-02 3.454380482e-02 3.829173744e-02 4.242318496e-02
 4.695032910e-02 5.188536271e-02 5.724078789e-02 6.302978843e-02 6.926656514e-02
 7.596670091e-02 8.314763755e-02 9.082905948e-02 9.903353453e-02 1.077871099e-01
 1.171201915e-01 1.270686090e-01 1.376749873e-01 1.489905566e-01 1.610776335e-01
 1.740128547e-01 1.878916174e-01 2.028343081e-01 2.189947218e-01 2.365719378e-01
 2.558262348e-01 2.770996094e-01 3.008382916e-01 3.276121616e-01 3.581252694e-01
 3.907631636e-01 4.156116545e-01 4.324704111e-01 4.417866468e-01 4.432379305e-01
 4.370554090e-01 4.220982790e-01 3.998397291e-01 3.806209564e-01 3.650959730e-01
 4.477312788e-03-5.460727843e-04 7.023264188e-04 3.199667437e-03 5.074796733e-03
 6.452338770e-03 7.453082129e-03 8.186822757e-03 8.746667765e-03 9.208685718e-03
 9.633963928e-03 1.007139776e-02 1.056045201e-02 1.113353483e-02 1.181790046e-02
 1.263710111e-02 1.361203846e-02 1.476171892e-02 1.610378176e-02 1.765486784e-02
 1.943094097e-02 2.144738659e-02 2.371901087e-02 2.625998668e-02 2.908378839e-02
 3.220312670e-02 3.562997282e-02 3.937574476e-02 4.345151037e-02 4.786828160e-02
 5.263726786e-02 5.777018145e-02 6.327956170e-02 6.917908043e-02 7.548385113e-02
 8.221079409e-02 8.937900513e-02 9.701012820e-02 1.051289067e-01 1.137637720e-01
 1.229476854e-01 1.327191889e-01 1.431238353e-01 1.542161554e-01 1.660623401e-01
 1.787438095e-01 1.923625469e-01 2.070485502e-01 2.229710966e-01 2.403559089e-01
 2.595124841e-01 2.808792293e-01 3.050957918e-01 3.330944479e-01 3.658641875e-01
 3.947688937e-01 4.164598286e-01 4.309807122e-01 4.381181598e-01 4.378328025e-01
 4.288243949e-01 4.103760421e-01 3.904653490e-01 3.737963736e-01 3.597411811e-01
-1.602023607e-03-6.885163952e-03-6.060231011e-03-3.609918524e-03-1.641948125e-03
-7.008005196e-05 1.207214547e-03 2.284360118e-03 3.242156468e-03 4.146254156e-03
 5.048568361e-03 5.989916157e-03 7.002796512e-03 8.113780990e-03 9.345326573e-03
 1.071703993e-02 1.224647276e-02 1.394960377e-02 1.584110595e-02 1.793450862e-02
 2.024231851e-02 2.277610078e-02 2.554656565e-02 2.856364846e-02 3.183662146e-02
 3.537419811e-02 3.918471560e-02 4.327631742e-02 4.765721038e-02 5.233595520e-02
 5.732176080e-02 6.262481213e-02 6.825660169e-02 7.423017919e-02 8.056051284e-02
 8.726467192e-02 9.436206520e-02 1.018747240e-01 1.098275632e-01 1.182487905e-01
 1.271704286e-01 1.366290599e-01 1.466669291e-01 1.573331952e-01 1.686859876e-01
 1.807947904e-01 1.937439740e-01 2.076376081e-01 2.226061970e-01 2.388168126e-01
 2.564886808e-01 2.759203911e-01 2.975443900e-01 3.220933974e-01 3.482968807e-01
 3.702463508e-01 3.870312572e-01 3.983432651e-01 4.040694833e-01 4.033218026e-01
 3.957887292e-01 3.822270930e-01 3.692005575e-01 3.572939932e-01 3.465550542e-01
-5.492395256e-03-1.113556232e-02-1.051413454e-02-8.427464403e-03-6.782785058e-03
-5.431264639e-03-4.245746881e-03-3.128832439e-03-2.012011828e-03-8.493409259e-04
 3.897334391e-04 1.726397662e-03 3.176800674e-03 4.754792899e-03 6.473395042e-03
 8.345366456e-03 1.038321108e-02 1.259889919e-02 1.500353124e-02 1.760705747e-02
 2.041813731e-02 2.344414033e-02 2.669128589e-02 3.016484901e-02 3.386940807e-02
 3.780908510e-02 4.198782891e-02 4.640963301e-02 5.107885599e-02 5.600053072e-02
 6.118075550e-02 6.662710011e-02 7.234896719e-02 7.835796475e-02 8.466809243e-02
 9.129588306e-02 9.826038033e-02 1.055831090e-01 1.132879779e-01 1.214012429e-01
 1.299516112e-01 1.389703751e-01 1.484918594e-01 1.585537642e-01 1.691978276e-01
 1.804703474e-01 1.924226135e-01 2.051108927e-01 2.185952514e-01 2.329359055e-01
 2.481834888e-01 2.643552721e-01 2.813777030e-01 2.989570796e-01 3.162368238e-01
 3.314868212e-01 3.437343538e-01 3.524765074e-01 3.573930562e-01 3.583259284e-01
 3.554187417e-01 3.499243855e-01 3.432413936e-01 3.361158073e-01 3.289940357e-01
-6.484968588e-03-1.249015611e-02-1.261864882e-02-1.150391065e-02-1.077885926e-02
-1.013468113e-02-9.393719956e-03-8.473648690e-03-7.349481340e-03-6.024589762e-03
-4.512693733e-03-2.827913035e-03-9.799477411e-04 1.027528779e-03 3.196513513e-03
 5.533244461e-03 8.046367206e-03 1.074516308e-02 1.363812014e-02 1.673200913e-02
 2.003146522e-02 2.353904024e-02 2.725556307e-02 3.118066303e-02 3.531328216e-02
 3.965207189e-02 4.419569671e-02 4.894303903e-02 5.389345810e-02 5.904715881e-02
 6.440571696e-02 6.997274607e-02 7.575448602e-02 8.176033944e-02 8.800309896e-02
 9.449890256e-02 1.012668386e-01 1.083283871e-01 1.157067046e-01 1.234259829e-01
 1.315109879e-01 1.399866045e-01 1.488775909e-01 1.582082361e-01 1.680018753e-01
 1.782798618e-01 1.890599430e-01 2.003531754e-01 2.121588290e-01 2.244555503e-01
 2.371868789e-01 2.502380610e-01 2.634023428e-01 2.763411105e-01 2.885681391e-01
 2.995163798e-01 3.086757362e-01 3.156804740e-01 3.203321993e-01 3.226170838e-01
 3.227337599e-01 3.210817575e-01 3.181501627e-01 3.143868744e-01 3.101434708e-01
-3.091404913e-03-9.022804908e-03-1.173405722e-02-1.334533095e-02-1.462026685e-02
-1.525066886e-02-1.517359167e-02-1.448185556e-02-1.329882070e-02-1.173641346e-02
-9.883751161e-03-7.804365829e-03-5.537255201e-03-3.100562142e-03-4.969153088e-04
 2.280773828e-03 5.244028289e-03 8.404605091e-03 1.177157927e-02 1.534972619e-02
 1.913914271e-02 2.313587070e-02 2.733320370e-02 3.172312304e-02 3.629747033e-02
 4.104851559e-02 4.596904293e-02 5.105209351e-02 5.629080534e-02 6.167871132e-02
 6.721055508e-02 7.288365066e-02 7.869929820e-02 8.466392756e-02 9.078957886e-02
 9.709354490e-02 1.035973877e-01 1.103251949e-01 1.173018068e-01 1.245511994e-01
 1.320953965e-01 1.399537325e-01 1.481423229e-01 1.566735506e-01 1.655551344e-01
 1.747887880e-01 1.843680739e-01 1.942750663e-01 2.044757903e-01 2.149136811e-01
 2.255012095e-01 2.361103594e-01 2.465639412e-01 2.566331625e-01 2.660481930e-01
 2.745257318e-01 2.818076313e-01 2.876966894e-01 2.920818925e-01 2.949513793e-01
 2.963926792e-01 2.965762019e-01 2.957224250e-01 2.940644622e-01 2.918184400e-01
 1.125820214e-03-5.030464381e-03-1.081509516e-02-1.639958099e-02-2.141655423e-02
-2.304516360e-02-2.309840731e-02-2.211328410e-02-2.042951994e-02-1.828691177e-02
-1.585348882e-02-1.323493756e-02-1.048281882e-02-7.607395295e-03-4.592958372e-03
-1.411688165e-03 1.965962118e-03 5.564345513e-03 9.398395196e-03 1.347164623e-02
 1.777655445e-02 2.229713649e-02 2.701323107e-02 3.190474957e-02 3.695445508e-02
 4.214849696e-02 4.747520387e-02 5.292289332e-02 5.847786367e-02 6.412377954e-02
 6.984336674e-02 7.562215626e-02 8.145240694e-02 8.733596653e-02 9.328547120e-02
 9.932380915e-02 1.054815501e-01 1.117925718e-01 1.182892248e-01 1.249990240e-01
 1.319433004e-01 1.391370744e-01 1.465893835e-01 1.543031931e-01 1.622750312e-01
 1.704938859e-01 1.789397746e-01 1.875813305e-01 1.963731647e-01 2.052525580e-01
 2.141362727e-01 2.229180634e-01 2.314683497e-01 2.396374643e-01 2.472638488e-01
 2.541872263e-01 2.602643967e-01 2.653849125e-01 2.694828510e-01 2.725433707e-01
 2.746021748e-01 2.757383883e-01 2.760620117e-01 2.756991088e-01 2.747783363e-01
 3.375427797e-03-3.571441630e-03-1.112893503e-02-1.969078369e-02-2.914639935e-02
-3.437013552e-02-3.443258628e-02-3.195912763e-02-2.890974842e-02-2.557489835e-02
-2.218437940e-02-1.885758154e-02-1.560305525e-02-1.235951483e-02-9.040096775e-03
-5.559972953e-03-1.848871587e-03 2.143678954e-03 6.444825791e-03 1.105518080e-02
 1.594854519e-02 2.107897028e-02 2.639520913e-02 3.185486421e-02 3.743067011e-02
 4.310864210e-02 4.888194427e-02 5.474298447e-02 6.067488343e-02 6.664492190e-02
 7.260778546e-02 7.852087915e-02 8.435799927e-02 9.011304379e-02 9.580082446e-02
 1.014589965e-01 1.071457192e-01 1.129248887e-01 1.188483089e-01 1.249498725e-01
 1.312488019e-01 1.377539784e-01 1.444666982e-01 1.513817608e-01 1.584876925e-01
 1.657661200e-01 1.731908470e-01 1.807267070e-01 1.883281618e-01 1.959380955e-01
 2.034870833e-01 2.108934820e-01 2.180647701e-01 2.249008715e-01 2.312992215e-01
 2.371615469e-01 2.424015850e-01 2.469520718e-01 2.507705986e-01 2.538425624e-01
 2.561812401e-01 2.578248084e-01 2.588310838e-01 2.592708468e-01 2.592213750e-01
 6.147816777e-03-9.808717296e-04-9.011869319e-03-1.841846481e-02-2.957254276e-02
-3.795148805e-02-4.223952815e-02-4.226617888e-02-3.801196069e-02-3.258427605e-02
-2.783513628e-02-2.386186831e-02-2.039899677e-02-1.713352278e-02-1.381881069e-02
-1.028341893e-02-6.407275330e-03-2.104915679e-03 2.676288364e-03 7.941296324e-03
 1.362092234e-02 1.957255974e-02 2.565050870e-02 3.177180514e-02 3.791410103e-02
 4.408927634e-02 5.032378063e-02 5.664563179e-02 6.306895614e-02 6.954870373e-02
 7.591881603e-02 8.204965293e-02 8.790422976e-02 9.347295016e-02 9.875926375e-02
 1.038023606e-01 1.087574512e-01 1.138200909e-01 1.190622598e-01 1.244992912e-01
 1.301307082e-01 1.359500587e-01 1.419472545e-01 1.481087208e-01 1.544168144e-01
 1.608490497e-01 1.673772782e-01 1.739670336e-01 1.805768907e-01 1.871582568e-01
 1.936555058e-01 2.000066489e-01 2.061448991e-01 2.120009661e-01 2.175062299e-01
 2.225963473e-01 2.272153348e-01 2.313190103e-01 2.348778993e-01 2.378788590e-01
 2.403251380e-01 2.422351986e-01 2.436402887e-01 2.445812523e-01 2.451052070e-01
 1.027824823e-02 3.775524674e-03-3.374373075e-03-1.128546614e-02-1.995601133e-02
-2.917042933e-02-3.725756705e-02-4.128230736e-02-4.077786580e-02-3.535734490e-02
-3.006360680e-02-2.675121836e-02-2.437093481e-02-2.193919383e-02-1.918570139e-02
-1.597948931e-02-1.221380010e-02-7.778489031e-03-2.549013589e-03 3.609143896e-03
 1.074176002e-02 1.814961992e-02 2.524146065e-02 3.205390275e-02 3.868946061e-02
 4.524912313e-02 5.182847381e-02 5.852478370e-02 6.545200944e-02 7.275395840e-02
 7.970115542e-02 8.606901765e-02 9.194452316e-02 9.728989750e-02 1.020867154e-01
 1.062499583e-01 1.100606844e-01 1.142981797e-01 1.188430712e-01 1.236318201e-01
 1.286262870e-01 1.338005066e-01 1.391338110e-01 1.446066350e-01 1.501980424e-01
 1.558841467e-01 1.616372168e-01 1.674253494e-01 1.732122004e-01 1.789571643e-01
 1.846157759e-01 1.901404560e-01 1.954817176e-01 2.005897462e-01 2.054162472e-01
 2.099166811e-01 2.140522897e-01 2.177920491e-01 2.211142182e-01 2.240072042e-01
 2.264696062e-01 2.285098732e-01 2.301449776e-01 2.313988656e-01 2.323006094e-01
 1.551993284e-02 1.009435114e-02 4.289264791e-03-1.894218731e-03-8.370929398e-03
-1.496411581e-02-2.141943946e-02-2.742899396e-02-3.072293289e-02-2.825815231e-02
-2.527973615e-02-2.434874885e-02-2.423323132e-02-2.311015502e-02-2.119885013e-02
-1.855384745e-02-1.512934361e-02-1.082712505e-02-5.481094588e-03 1.220992417e-03
 9.854773991e-03 1.861021481e-02 2.629672550e-02 3.338257968e-02 4.013996571e-02
 4.674670845e-02 5.333988369e-02 6.004552916e-02 6.700090319e-02 7.434429973e-02
 8.131577820e-02 8.764268458e-02 9.340026975e-02 9.856323898e-02 1.030841991e-01
 1.068573669e-01 1.102199480e-01 1.139791906e-01 1.180286482e-01 1.222970411e-01
 1.267439723e-01 1.313456744e-01 1.360847056e-01 1.409439743e-01 1.459039003e-01
 1.509418041e-01 1.560316980e-01 1.611445695e-01 1.662487090e-01 1.713099331e-01
 1.762921959e-01 1.811580956e-01 1.858698726e-01 1.903902292e-01 1.946837306e-01
 1.987178326e-01 2.024642676e-01 2.059000283e-01 2.090082616e-01 2.117787153e-01
 2.142079622e-01 2.162990570e-01 2.180609703e-01 2.195077538e-01 2.206575125e-01
 0.228940034E+01 0.231283665E+01 0.232476068E+01 0.233763623E+01 0.235454702E+01
 0.236700606E+01 0.237618542E+01 0.238814974E+01 0.239683914E+01 0.240673208E+01
 0.241655827E+01 0.242530894E+01 0.243520021E+01 0.244460964E+01 0.245361876E+01
 0.246311522E+01 0.247320199E+01 0.248265266E+01 0.249254417E+01 0.250351501E+01
 0.251421404E+01 0.252545118E+01 0.253712249E+01 0.254984570E+01 0.256275177E+01
 0.257628942E+01 0.259059095E+01 0.260608220E+01 0.262211370E+01 0.263891697E+01
 0.265683913E+01 0.267594409E+01 0.269629693E+01 0.271762419E+01 0.274027729E+01
 0.276443124E+01 0.279025483E+01 0.281771255E+01 0.284683609E+01 0.287788939E+01
 0.291106129E+01 0.294660401E+01 0.298468590E+01 0.302533460E+01 0.306909060E+01
 0.311617780E+01 0.316689849E+01 0.322182298E+01 0.328125834E+01 0.334596372E+01
 0.341654015E+01 0.349385977E+01 0.357906222E+01 0.367350554E+01 0.377874231E+01
 0.389727807E+01 0.403249693E+01 0.418788958E+01 0.437101889E+01 0.458916712E+01
 0.486240292E+01 0.522205019E+01 0.573476744E+01 0.663313198E+01 0.168355732E+02
   90   86
 0.106816900E+01-0.100000001E+00 0.106598496E+01 0.000000000E+00 0.106950557E+01
 0.100000001E+00 0.107867885E+01 0.200000003E+00 0.108482516E+01 0.250000000E+00
 0.110114610E+01 0.349999994E+00 0.111051416E+01 0.400000006E+00 0.113159537E+01
 0.500000000E+00 0.114304173E+01 0.550000012E+00 0.115875006E+01 0.615021646E+00
 0.118065095E+01 0.699999988E+00 0.119396508E+01 0.750000000E+00 0.121187496E+01
 0.815480530E+00 0.123825264E+01 0.899604857E+00 0.125847459E+01 0.949999988E+00
 0.128968322E+01 0.100032306E+01 0.126771951E+01 0.106400585E+01 0.136992192E+01
 0.101636803E+01 0.142304695E+01 0.100443733E+01 0.144960940E+01 0.996723175E+00
 0.150273442E+01 0.978453159E+00 0.155585945E+01 0.954024553E+00 0.158249331E+01
 0.941114008E+00 0.163554692E+01 0.911893129E+00 0.166290784E+01 0.894861341E+00
 0.171523440E+01 0.860260785E+00 0.174241459E+01 0.840564907E+00 0.179271996E+01
 0.801035464E+00 0.182148445E+01 0.777750254E+00 0.185231721E+01 0.750176430E+00
 0.190117192E+01 0.704611957E+00 0.192791545E+01 0.678043842E+00 0.195557761E+01
 0.648576856E+00 0.199761021E+01 0.600979447E+00 0.203398418E+01 0.556004167E+00
 0.206069493E+01 0.519864917E+00 0.208771729E+01 0.480005085E+00 0.211455131E+01
 0.436549455E+00 0.214121556E+01 0.388834804E+00 0.216773105E+01 0.335933298E+00
 0.219411325E+01 0.276297480E+00 0.222036767E+01 0.206788793E+00 0.223707962E+01
 0.152500004E+00 0.224960732E+01 0.100027196E+00 0.226183009E+01 0.249999994E-02
 0.225881338E+01-0.975000039E-01 0.224790001E+01-0.165762901E+00 0.222804284E+01
-0.247500002E+00 0.221213078E+01-0.298252881E+00 0.219372988E+01-0.349698454E+00
 0.216834283E+01-0.412333339E+00 0.214199305E+01-0.469089031E+00 0.211550736E+01
-0.519502521E+00 0.208886647E+01-0.564870298E+00 0.206205606E+01-0.606219292E+00
 0.203108668E+01-0.649679363E+00 0.199292433E+01-0.698956728E+00 0.195695317E+01
-0.742082000E+00 0.193012178E+01-0.772729337E+00 0.190262806E+01-0.802250981E+00
 0.185670364E+01-0.849056065E+00 0.182414067E+01-0.881061792E+00 0.179663026E+01
-0.906057119E+00 0.174596536E+01-0.949053466E+00 0.171789062E+01-0.972136617E+00
 0.167928314E+01-0.999681354E+00 0.163820314E+01-0.102867270E+01 0.160222125E+01
-0.104979968E+01 0.155851567E+01-0.107568634E+01 0.150838614E+01-0.109945869E+01
 0.147882807E+01-0.111384380E+01 0.142570317E+01-0.113545835E+01 0.137904894E+01
-0.114960909E+01 0.134566402E+01-0.116051507E+01 0.129289067E+01-0.117325139E+01
 0.123976564E+01-0.117939115E+01 0.118647456E+01-0.117208838E+01 0.118283904E+01
-0.110285103E+01 0.118222296E+01-0.100262320E+01 0.117537010E+01-0.904999971E+00
 0.116421676E+01-0.805000007E+00 0.115731764E+01-0.752499998E+00 0.114234686E+01
-0.654999971E+00 0.113245535E+01-0.593252659E+00 0.111814404E+01-0.504999995E+00
 0.110604286E+01-0.428745598E+00 0.109462643E+01-0.354790807E+00 0.108131397E+01
-0.254999995E+00 0.107578671E+01-0.202692270E+00 0.106852198E+01-0.105000004E+00
 0.101600003E+01 0.000000000E+00 0.101600003E+01 0.963999987E+00 0.101600003E+01
 0.967999995E+00 0.101600003E+01 0.100100005E+01 0.101600003E+01 0.101900005E+01
 0.101600003E+01 0.107700002E+01 0.101600003E+01 0.107000005E+01 0.101600003E+01
 0.109599996E+01 0.101600003E+01 0.111300004E+01 0.101600003E+01 0.113800001E+01
 0.101600003E+01 0.114699996E+01 0.101199996E+01 0.116499996E+01 0.100100005E+01
 0.121700001E+01 0.102900004E+01 0.121700001E+01 0.104200006E+01 0.116240001E+01
 0.104600000E+01 0.116237998E+01 0.105599999E+01 0.116260004E+01 0.109700000E+01
 0.116450000E+01 0.110800004E+01 0.116594005E+01 0.111600006E+01 0.116591001E+01
 0.113399994E+01 0.116895998E+01 0.114800000E+01 0.117174995E+01 0.116199994E+01
 0.117556000E+01 0.118099999E+01 0.118299997E+01 0.118200004E+01 0.118350005E+01
 0.118499994E+01 0.118499994E+01 0.119000006E+01 0.118799996E+01 0.119500005E+01
 0.119099998E+01 0.120099998E+01 0.119599998E+01 0.120899999E+01 0.120200002E+01
 0.121500003E+01 0.120799994E+01 0.122200000E+01 0.121399999E+01 0.122800004E+01
 0.122099996E+01 0.123399997E+01 0.123099995E+01 0.123899996E+01 0.123800004E+01
 0.124199998E+01 0.124399996E+01 0.124800003E+01 0.125399995E+01 0.125800002E+01
 0.127800000E+01 0.126300001E+01 0.128999996E+01 0.127999997E+01 0.133099997E+01
 0.127999997E+01 0.134700000E+01 0.127999997E+01 0.134800005E+01 0.130999994E+01
 0.134800005E+01 0.132799995E+01 0.134800005E+01 0.136099994E+01 0.134800005E+01
 0.138000000E+01 0.134800005E+01 0.141900003E+01 0.134800005E+01 0.141900003E+01
 0.130999994E+01 0.137199998E+01 0.130999994E+01 0.137199998E+01 0.129200006E+01
 0.160800004E+01 0.109500003E+01 0.164699996E+01 0.107700002E+01 0.178499997E+01
 0.107700002E+01 0.206999993E+01 0.103999996E+01 0.212800002E+01 0.992999971E+00
 0.224499989E+01 0.708999991E+00 0.232299995E+01 0.518999994E+00 0.237700009E+01
 0.388999999E+00 0.236249995E+01 0.400000006E+00 0.236443496E+01 0.222000003E+00
 0.236496902E+01 0.133000001E+00 0.236532402E+01 0.439999998E-01 0.236512089E+01
-0.439999998E-01 0.236484194E+01-0.133000001E+00 0.236433411E+01-0.222000003E+00
 0.236249995E+01-0.400000006E+00 0.237700009E+01-0.388999999E+00 0.213400006E+01
-0.972999990E+00 0.178600001E+01-0.117400002E+01 0.176800001E+01-0.121099997E+01
 0.176800001E+01-0.125000000E+01 0.168200004E+01-0.125000000E+01 0.137199998E+01
-0.125000000E+01 0.137199998E+01-0.132900000E+01 0.141999996E+01-0.132900000E+01
 0.141999996E+01-0.136300004E+01 0.127300000E+01-0.136300004E+01 0.115300000E+01
-0.136300004E+01 0.101600003E+01-0.122300005E+01 0.101600003E+01-0.122300005E+01
 0.101600003E+01-0.829999983E+00 0.101600003E+01-0.800000012E+00 0.101600003E+01
-0.414999992E+00 0.101600003E+01-0.400000006E+00 0.101600003E+01-0.100000005E-02
 0.101600003E+01 0.000000000E+00
    0 0.169550002E+01    0
 0.000000000E+00 0.107584298E+00 0.152569547E+00 0.187210351E+00 0.215095669E+00
 0.241288722E+00 0.264843971E+00 0.286657214E+00 0.306971788E+00 0.326108098E+00
 0.344312131E+00 0.361587107E+00 0.378192693E+00 0.394164145E+00 0.409515381E+00
 0.424420029E+00 0.438915759E+00 0.452894956E+00 0.466580570E+00 0.479942471E+00
 0.492986053E+00 0.505690753E+00 0.518189073E+00 0.530499935E+00 0.542550743E+00
 0.554347634E+00 0.566015184E+00 0.577516615E+00 0.588883460E+00 0.600057542E+00
 0.611094713E+00 0.622032166E+00 0.632892966E+00 0.643627822E+00 0.654242039E+00
 0.664806247E+00 0.675296426E+00 0.685734272E+00 0.696101665E+00 0.706431031E+00
 0.716732264E+00 0.726996720E+00 0.737272382E+00 0.747506320E+00 0.757757723E+00
 0.768018663E+00 0.778312624E+00 0.788649678E+00 0.799011052E+00 0.809455335E+00
 0.819967210E+00 0.830566406E+00 0.841282487E+00 0.852141201E+00 0.863144219E+00
 0.874329805E+00 0.885754824E+00 0.897429049E+00 0.909450948E+00 0.921805620E+00
 0.934719980E+00 0.948296309E+00 0.962756395E+00 0.978807747E+00 0.100000000E+01
    0
