  EFITD    06/25/2013    #1553353000.0ms  EFIT01   0  65  65
 0.170000005E+01 0.320000005E+01 0.169550002E+01 0.839999974E+00 0.000000000E+00
 0.182753623E+01-0.419605561E-01-0.170971915E+00 0.379311154E-03 0.165649939E+01
 0.102349088E+07-0.170971915E+00 0.000000000E+00 0.182753623E+01 0.000000000E+00
-0.419605561E-01 0.000000000E+00 0.379311154E-03 0.000000000E+00 0.000000000E+00
 0.275090623E+01 0.275421691E+01 0.275739288E+01 0.276043701E+01 0.276335263E+01
 0.276614237E+01 0.276880980E+01 0.277135730E+01 0.277378821E+01 0.277610540E+01
 0.277831197E+01 0.278041077E+01 0.278240442E+01 0.278429604E+01 0.278608799E+01
 0.278778386E+01 0.278938580E+01 0.279089689E+01 0.279231977E+01 0.279365730E+01
 0.279491234E+01 0.279608727E+01 0.279718471E+01 0.279820824E+01 0.279915953E+01
 0.280004168E+01 0.280085754E+01 0.280160952E+01 0.280230021E+01 0.280293274E+01
 0.280350924E+01 0.280403280E+01 0.280450559E+01 0.280493069E+01 0.280531025E+01
 0.280564713E+01 0.280594397E+01 0.280620360E+01 0.280642843E+01 0.280662084E+01
 0.280678368E+01 0.280691957E+01 0.280703115E+01 0.280712104E+01 0.280719161E+01
 0.280724573E+01 0.280728579E+01 0.280731487E+01 0.280733490E+01 0.280734873E+01
 0.280735922E+01 0.280736876E+01 0.280738020E+01 0.280739546E+01 0.280741787E+01
 0.280745006E+01 0.280749416E+01 0.280755281E+01 0.280762887E+01 0.280772495E+01
 0.280784321E+01 0.280798697E+01 0.280815840E+01 0.280836010E+01 0.280859470E+01
 0.105174844E+06 0.102043328E+06 0.989590469E+05 0.959220156E+05 0.929322344E+05
 0.899896875E+05 0.870943828E+05 0.842463281E+05 0.814455156E+05 0.786919375E+05
 0.759856094E+05 0.733265234E+05 0.707146797E+05 0.681500781E+05 0.656327266E+05
 0.631626094E+05 0.607397422E+05 0.583641133E+05 0.560357266E+05 0.537545938E+05
 0.515206914E+05 0.493340391E+05 0.471946289E+05 0.451024609E+05 0.430575391E+05
 0.410598555E+05 0.391094180E+05 0.372062227E+05 0.353502734E+05 0.335415625E+05
 0.317800977E+05 0.300658770E+05 0.283988984E+05 0.267791621E+05 0.252066699E+05
 0.236814219E+05 0.222034160E+05 0.207726523E+05 0.193891348E+05 0.180528574E+05
 0.167638242E+05 0.155220352E+05 0.143274893E+05 0.131801855E+05 0.120801250E+05
 0.110273086E+05 0.100217344E+05 0.906340430E+04 0.815231738E+04 0.728847363E+04
 0.647187305E+04 0.570251562E+04 0.498040137E+04 0.430552979E+04 0.367790210E+04
 0.309751733E+04 0.256437598E+04 0.207847778E+04 0.163982275E+04 0.124841089E+04
 0.904242310E+03 0.607316895E+03 0.357634705E+03 0.155195755E+03 0.000000000E+00
 0.348356104E+01 0.334680653E+01 0.321279669E+01 0.308153152E+01 0.295301127E+01
 0.282723618E+01 0.270420551E+01 0.258391976E+01 0.246637893E+01 0.235158277E+01
 0.223953152E+01 0.213022518E+01 0.202366352E+01 0.191984665E+01 0.181877482E+01
 0.172044754E+01 0.162486529E+01 0.153202772E+01 0.144193506E+01 0.135458732E+01
 0.126998425E+01 0.118812609E+01 0.110901272E+01 0.103264415E+01 0.959020436E+00
 0.888141513E+00 0.820007503E+00 0.754618227E+00 0.691973805E+00 0.632074177E+00
 0.574919403E+00 0.520509481E+00 0.468844295E+00 0.419923991E+00 0.373748481E+00
 0.330317825E+00 0.289631993E+00 0.251690984E+00 0.216494784E+00 0.184043407E+00
 0.154336870E+00 0.127375141E+00 0.103158236E+00 0.816861689E-01 0.629589111E-01
 0.469764806E-01 0.337388739E-01 0.232460909E-01 0.154981334E-01 0.104949959E-01
 0.823668391E-02 0.872319750E-02 0.119545348E-01 0.179306939E-01 0.266516730E-01
 0.381174795E-01 0.523281097E-01 0.692835599E-01 0.889838338E-01 0.111428939E+00
 0.136618868E+00 0.164553612E+00 0.195233181E+00 0.228657573E+00 0.264826775E+00
-0.118023050E+07-0.116254162E+07-0.114485262E+07-0.112716375E+07-0.110947475E+07
-0.109178575E+07-0.107409688E+07-0.105640788E+07-0.103871894E+07-0.102102994E+07
-0.100334100E+07-0.985652062E+06-0.967963125E+06-0.950274188E+06-0.932585250E+06
-0.914896250E+06-0.897207312E+06-0.879518312E+06-0.861829375E+06-0.844140438E+06
-0.826451500E+06-0.808762500E+06-0.791073562E+06-0.773384625E+06-0.755695688E+06
-0.738006750E+06-0.720317750E+06-0.702628812E+06-0.684939875E+06-0.667250938E+06
-0.649562000E+06-0.631873000E+06-0.614184062E+06-0.596495125E+06-0.578806188E+06
-0.561117188E+06-0.543428250E+06-0.525739250E+06-0.508050344E+06-0.490361406E+06
-0.472672438E+06-0.454983469E+06-0.437294531E+06-0.419605562E+06-0.401916625E+06
-0.384227688E+06-0.366538719E+06-0.348849781E+06-0.331160812E+06-0.313471875E+06
-0.295782906E+06-0.278093938E+06-0.260405000E+06-0.242716062E+06-0.225027094E+06
-0.207338156E+06-0.189649203E+06-0.171960250E+06-0.154271297E+06-0.136582344E+06
-0.118893383E+06-0.101204438E+06-0.835154844E+05-0.658265312E+05-0.481375781E+05
 3.330612555e-02 3.181268275e-02 3.035875782e-02 2.888356522e-02 2.731715329e-02
 2.556761913e-02 2.350498736e-02 2.094815858e-02 1.702753082e-02 1.074497122e-02
 3.171811579e-03-5.920669064e-03-1.514036115e-02-2.152956836e-02-2.573042177e-02
-2.801618353e-02-2.845536172e-02-2.699231356e-02-2.340956591e-02-1.722484827e-02
-7.494296879e-03 2.753217705e-03 1.121331751e-02 1.867548563e-02 2.558137104e-02
 3.220311180e-02 3.873579577e-02 4.534561187e-02 5.220346898e-02 5.949129909e-02
 6.631805003e-02 7.240207493e-02 7.785254717e-02 8.261945844e-02 8.667117357e-02
 8.990406990e-02 9.267386794e-02 9.593583643e-02 9.955104440e-02 1.034372598e-01
 1.075466499e-01 1.118496805e-01 1.163246036e-01 1.209513471e-01 1.257086098e-01
 1.305727512e-01 1.355175823e-01 1.405143291e-01 1.455317140e-01 1.505362093e-01
 1.554923654e-01 1.603633314e-01 1.651115119e-01 1.696995795e-01 1.740914434e-01
 1.782534719e-01 1.821557134e-01 1.857729554e-01 1.890856326e-01 1.920804828e-01
 1.947507858e-01 1.970963031e-01 1.991228014e-01 2.008412778e-01 2.022671402e-01
 2.989254333e-02 2.840682864e-02 2.717061900e-02 2.617500164e-02 2.536415309e-02
 2.461176738e-02 2.331754379e-02 2.063327096e-02 1.628509536e-02 1.008617878e-02
 3.327740356e-03-3.645951394e-03-1.016409229e-02-1.516677253e-02-1.856277138e-02
-2.038621716e-02-2.063620649e-02-1.925667375e-02-1.613507420e-02-1.112251915e-02
-4.210814834e-03 3.395593027e-03 1.060562953e-02 1.741719991e-02 2.396421507e-02
 3.038361855e-02 3.680404276e-02 4.335481301e-02 5.018430948e-02 5.745441094e-02
 6.430888176e-02 7.045732439e-02 7.599868625e-02 8.091872931e-02 8.517769724e-02
 8.866645396e-02 9.177299589e-02 9.540528059e-02 9.943408519e-02 1.037763581e-01
 1.083806157e-01 1.132120267e-01 1.182439849e-01 1.234530061e-01 1.288156658e-01
 1.343067139e-01 1.398979574e-01 1.455576718e-01 1.512501687e-01 1.569358706e-01
 1.625714451e-01 1.681104004e-01 1.735040247e-01 1.787028313e-01 1.836580932e-01
 1.883239746e-01 1.926595420e-01 1.966306567e-01 2.002117187e-01 2.033866346e-01
 2.061492503e-01 2.085032314e-01 2.104609609e-01 2.120423317e-01 2.132728696e-01
 2.543994039e-02 2.394877560e-02 2.296266891e-02 2.258789167e-02 2.281732485e-02
 2.229196765e-02 2.063334733e-02 1.772035286e-02 1.346287504e-02 8.799059317e-03
 4.215910099e-03-1.013093424e-04-3.925305791e-03-6.999069359e-03-9.128802456e-03
-1.019859686e-02-1.014077757e-02-8.917162195e-03-6.523718592e-03-3.021452343e-03
 1.414614031e-03 6.492499728e-03 1.191832870e-02 1.750897616e-02 2.319086529e-02
 2.895532921e-02 3.482516110e-02 4.083499685e-02 4.701417685e-02 5.332557857e-02
 5.948864669e-02 6.531903148e-02 7.079038024e-02 7.589531690e-02 8.062977344e-02
 8.501732349e-02 8.928397298e-02 9.374411404e-02 9.846054018e-02 1.034340262e-01
 1.086546108e-01 1.141092405e-01 1.197831854e-01 1.256597042e-01 1.317191869e-01
 1.379381865e-01 1.442885399e-01 1.507365257e-01 1.572422236e-01 1.637590975e-01
 1.702338606e-01 1.766070127e-01 1.828138828e-01 1.887866557e-01 1.944569349e-01
 1.997592747e-01 2.046347857e-01 2.090348899e-01 2.129241973e-01 2.162826359e-01
 2.191061229e-01 2.214058787e-01 2.232065052e-01 2.245432436e-01 2.254586369e-01
 1.929947734e-02 1.756907627e-02 1.660216413e-02 1.645382680e-02 1.689344458e-02
 1.632769406e-02 1.447443850e-02 1.199791767e-02 9.350484237e-03 6.621426437e-03
 3.930063453e-03 1.414494589e-03-7.780292653e-04-2.503354568e-03-3.635718953e-03
-4.078128841e-03-3.765586764e-03-2.665981650e-03-7.829577662e-04 1.839485718e-03
 5.116348621e-03 8.933067322e-03 1.316961925e-02 1.772463880e-02 2.252656780e-02
 2.753118426e-02 3.271191940e-02 3.804746270e-02 4.350779578e-02 4.904156923e-02
 5.457841977e-02 6.005364284e-02 6.542821229e-02 7.069078833e-02 7.585693896e-02
 8.097354323e-02 8.611828089e-02 9.137697518e-02 9.681478143e-02 1.024701670e-01
 1.083624959e-01 1.144991741e-01 1.208797097e-01 1.274974197e-01 1.343398988e-01
 1.413886398e-01 1.486182511e-01 1.559952945e-01 1.634770334e-01 1.710101962e-01
 1.785300225e-01 1.859599501e-01 1.932125092e-01 2.001916766e-01 2.067971677e-01
 2.129303515e-01 2.185013443e-01 2.234361768e-01 2.276828736e-01 2.312154770e-01
 2.340351641e-01 2.361685783e-01 2.376635224e-01 2.385829836e-01 2.389986962e-01
 1.057241298e-02 8.205848746e-03 7.248654030e-03 7.399953902e-03 7.943821140e-03
 7.785565220e-03 7.251685485e-03 6.405355409e-03 5.321305245e-03 4.087790847e-03
 2.804636722e-03 1.578960218e-03 5.195248523e-04-2.696680604e-04-6.957703736e-04
-6.824055454e-04-1.733473910e-04 8.652445395e-04 2.443728969e-03 4.549344536e-03
 7.148973178e-03 1.019497123e-02 1.363325957e-02 1.741124876e-02 2.148307674e-02
 2.581108548e-02 3.036413528e-02 3.511410579e-02 4.003231972e-02 4.508784413e-02
 5.024932325e-02 5.548997223e-02 6.079296395e-02 6.615495682e-02 7.158744335e-02
 7.711605728e-02 8.277701586e-02 8.861083537e-02 9.465540946e-02 1.009417176e-01
 1.074925587e-01 1.143231094e-01 1.214418635e-01 1.288511157e-01 1.365470290e-01
 1.445188820e-01 1.527478993e-01 1.612053514e-01 1.698500812e-01 1.786255091e-01
 1.874565482e-01 1.962469369e-01 2.048778981e-01 2.132099420e-01 2.210889161e-01
 2.283567935e-01 2.348662168e-01 2.404957861e-01 2.451629937e-01 2.488326430e-01
 2.515190244e-01 2.532815039e-01 2.542143762e-01 2.544333339e-01 2.540615201e-01
-2.971571404e-03-7.501758635e-03-6.085730623e-03-3.343293676e-03-1.308570732e-03
 1.487580885e-04 1.084103249e-03 1.579618896e-03 1.727445633e-03 1.623267308e-03
 1.364102587e-03 1.046334975e-03 7.631742046e-04 6.017168052e-04 6.399897393e-04
 9.443683084e-04 1.567638130e-03 2.547814511e-03 3.907826263e-03 5.656206515e-03
 7.788898423e-03 1.029209606e-02 1.314569078e-02 1.632663421e-02 1.981152967e-02
 2.357812412e-02 2.760572173e-02 3.187493980e-02 3.636736795e-02 4.106577113e-02
 4.595504329e-02 5.102391541e-02 5.626679957e-02 6.168519333e-02 6.728821993e-02
 7.309216261e-02 7.911882550e-02 8.539329469e-02 9.194137156e-02 9.878754616e-02
 1.059536934e-01 1.134583652e-01 1.213165596e-01 1.295394003e-01 1.381335407e-01
 1.471002996e-01 1.564337909e-01 1.661184132e-01 1.761248112e-01 1.864043921e-01
 1.968819797e-01 2.074470818e-01 2.179448307e-01 2.281712145e-01 2.378777266e-01
 2.467918247e-01 2.546507418e-01 2.612378299e-01 2.664108872e-01 2.701189518e-01
 2.724076509e-01 2.734102607e-01 2.733217478e-01 2.723637223e-01 2.707518935e-01
-1.334224548e-02-1.914663054e-02-1.667499915e-02-1.190203987e-02-8.254013956e-03
-5.499107763e-03-3.456436098e-03-1.988265663e-03-9.770155884e-04-3.156259190e-04
 9.598954784e-05 3.519874008e-04 5.400244845e-04 7.402181509e-04 1.024087309e-03
 1.453752047e-03 2.081522485e-03 2.949591493e-03 4.090012517e-03 5.525132641e-03
 7.268565707e-03 9.326636791e-03 1.170009747e-02 1.438576449e-02 1.737774909e-02
 2.066854201e-02 2.424984612e-02 2.811320685e-02 3.225052729e-02 3.665465489e-02
 4.132014140e-02 4.624411464e-02 5.142711848e-02 5.687375367e-02 6.259298325e-02
 6.859795004e-02 7.490543276e-02 8.153495938e-02 8.850787580e-02 9.584645927e-02
 1.035732478e-01 1.117106155e-01 1.202805340e-01 1.293043196e-01 1.388022900e-01
 1.487931609e-01 1.592926681e-01 1.703112274e-01 1.818498969e-01 1.938933134e-01
 2.063979805e-01 2.192735076e-01 2.323541045e-01 2.453620136e-01 2.578802109e-01
 2.693814337e-01 2.793424428e-01 2.873535156e-01 2.931587994e-01 2.966716290e-01
 2.979982495e-01 2.974490821e-01 2.954708934e-01 2.925168872e-01 2.889638543e-01
-1.811964437e-02-2.438565530e-02-2.144946530e-02-1.613074727e-02-1.184480544e-02
-8.453907445e-03-5.829025060e-03-3.844738239e-03-2.383777173e-03-1.337889582e-03
-6.073831464e-04-9.875286923e-05 2.731098502e-04 5.843111430e-04 9.018480778e-04
 1.284163212e-03 1.783288433e-03 2.444800921e-03 3.307463136e-03 4.403132945e-03
 5.757113453e-03 7.388999686e-03 9.314006194e-03 1.154405996e-02 1.408690028e-02
 1.694693044e-02 2.012634277e-02 2.362608351e-02 2.744647861e-02 3.158788010e-02
 3.605135158e-02 4.083934799e-02 4.595629871e-02 5.140906945e-02 5.720724538e-02
 6.336325407e-02 6.989227980e-02 7.681213319e-02 8.414297551e-02 9.190724045e-02
 1.001295000e-01 1.088366359e-01 1.180581003e-01 1.278263032e-01 1.381771863e-01
 1.491507590e-01 1.607916504e-01 1.731492281e-01 1.862768978e-01 2.002296299e-01
 2.150569856e-01 2.307861745e-01 2.473807335e-01 2.646439075e-01 2.820152640e-01
 2.980686724e-01 3.115265071e-01 3.217858672e-01 3.284693360e-01 3.313627243e-01
 3.304632306e-01 3.264607489e-01 3.208466768e-01 3.145248890e-01 3.080414236e-01
-1.798222400e-02-2.431707270e-02-2.157535218e-02-1.624074206e-02-1.188704371e-02
-8.422954939e-03-5.736801773e-03-3.709997749e-03-2.227365505e-03-1.183534041e-03
-4.891790450e-04-4.488299601e-05 2.328621340e-04 4.154423950e-04 5.624048645e-04
 7.201343542e-04 9.398730472e-04 1.271197107e-03 1.759229926e-03 2.443431411e-03
 3.357189242e-03 4.528125748e-03 5.981650203e-03 7.747649215e-03 9.844219312e-03
 1.228357572e-02 1.507495902e-02 1.822652854e-02 2.174481563e-02 2.563526109e-02
 2.990306541e-02 3.455398232e-02 3.959479555e-02 4.503370076e-02 5.088073015e-02
 5.714802444e-02 6.385004520e-02 7.100382447e-02 7.862914354e-02 8.674884588e-02
 9.538927674e-02 1.045809165e-01 1.143592000e-01 1.247658059e-01 1.358501911e-01
 1.476719081e-01 1.603034139e-01 1.738343090e-01 1.883769333e-01 2.040747106e-01
 2.211146951e-01 2.397482693e-01 2.603302300e-01 2.834151685e-01 3.094815314e-01
 3.330409527e-01 3.516806662e-01 3.652624488e-01 3.734924793e-01 3.757057190e-01
 3.716987669e-01 3.604653478e-01 3.480085135e-01 3.365380764e-01 3.261753619e-01
-1.359809563e-02-1.982941106e-02-1.736813970e-02-1.233961619e-02-8.370345458e-03
-5.342093296e-03-3.102318151e-03-1.506703207e-03-4.244513984e-04 2.647523361e-04
 5.449973396e-04 6.122698542e-04 5.331226857e-04 3.717778600e-04 1.837350137e-04
-6.104478962e-05-2.890486503e-04-4.372359836e-04-4.503711825e-04-2.805318509e-04
 1.121086971e-04 7.501976797e-04 1.645614277e-03 2.903472632e-03 4.530707840e-03
 6.536718458e-03 8.930996992e-03 1.173079573e-02 1.494687516e-02 1.858674735e-02
 2.265690640e-02 2.716485225e-02 3.211828321e-02 3.752549365e-02 4.339604452e-02
 4.974114895e-02 5.657402426e-02 6.391031295e-02 7.176855206e-02 8.017070591e-02
 8.914291859e-02 9.871639311e-02 1.089287102e-01 1.198254079e-01 1.314623654e-01
 1.439088583e-01 1.572520584e-01 1.716033816e-01 1.871078014e-01 2.039580345e-01
 2.224169523e-01 2.428539693e-01 2.658050656e-01 2.920615077e-01 3.227191567e-01
 3.541677296e-01 3.785795867e-01 3.958565295e-01 4.061495662e-01 4.093439579e-01
 4.044069052e-01 3.907409608e-01 3.708556890e-01 3.540649712e-01 3.400177956e-01
-4.830138758e-03-1.090778410e-02-8.352428675e-03-4.096051678e-03-1.179252402e-03
 7.567632711e-04 1.959980000e-03 2.606045455e-03 2.822793322e-03 2.706681844e-03
 2.329455456e-03 1.771566109e-03 1.100966590e-03 3.815028467e-04-4.476813192e-04
-1.326779136e-03-2.192658372e-03-2.983338898e-03-3.639996052e-03-4.108032212e-03
-4.337727092e-03-4.284468479e-03-3.906074213e-03-3.157637548e-03-2.010096796e-03
-4.483864759e-04 1.510322443e-03 3.942921292e-03 6.852609571e-03 1.024095155e-02
 1.410858333e-02 1.846764795e-02 2.332543023e-02 2.868797444e-02 3.456317261e-02
 4.096011817e-02 4.788950831e-02 5.536417291e-02 6.339960545e-02 7.201464474e-02
 8.123221993e-02 9.108028561e-02 1.015930697e-01 1.128126383e-01 1.247910187e-01
 1.375930011e-01 1.513000578e-01 1.660156101e-01 1.818723530e-01 1.990426183e-01
 2.177522182e-01 2.382991910e-01 2.610756755e-01 2.865892053e-01 3.154762387e-01
 3.483057618e-01 3.762428761e-01 3.962998390e-01 4.087532759e-01 4.136908054e-01
 4.113071859e-01 4.005585909e-01 3.812412024e-01 3.614799082e-01 3.456770182e-01
 1.154174376e-02 6.636035629e-03 7.389466278e-03 9.042175487e-03 9.567170404e-03
 9.490254335e-03 9.011176415e-03 8.233257569e-03 7.223008666e-03 6.030465476e-03
 4.697967321e-03 3.266379237e-03 1.775010955e-03 2.622758911e-04-1.359053189e-03
-3.024859587e-03-4.670919850e-03-6.233797409e-03-7.651865482e-03-8.866124786e-03
-9.820753708e-03-1.046337094e-02-1.074500661e-02-1.062050369e-02-1.005095989e-02
-9.004228748e-03-7.454198785e-03-5.373236258e-03-2.749369713e-03 4.104827240e-04
 4.057363141e-03 8.266282268e-03 1.303113252e-02 1.834480837e-02 2.421596460e-02
 3.065021709e-02 3.765410930e-02 4.523578659e-02 5.340566114e-02 6.217696518e-02
 7.156635821e-02 8.159461617e-02 9.228748083e-02 1.036766768e-01 1.158011705e-01
 1.287087053e-01 1.424577534e-01 1.571197063e-01 1.727814972e-01 1.895480752e-01
 2.075446844e-01 2.269172817e-01 2.478302121e-01 2.704606056e-01 2.949975133e-01
 3.217014372e-01 3.489957750e-01 3.686237335e-01 3.815938532e-01 3.884379268e-01
 3.889218569e-01 3.835524321e-01 3.714724183e-01 3.542742133e-01 3.404913843e-01
 3.515751660e-02 3.339403495e-02 2.911528572e-02 2.519831061e-02 2.217363566e-02
 1.951559260e-02 1.701538265e-02 1.457785722e-02 1.215682924e-02 9.730952792e-03
 7.293265313e-03 4.846136551e-03 2.398111625e-03-3.810941780e-05-2.565734554e-03
-5.122265313e-03-7.643674035e-03-1.006584615e-02-1.232572272e-02-1.436216384e-02
-1.611652225e-02-1.753303595e-02-1.855906658e-02-1.914544776e-02-1.924696565e-02
-1.882268116e-02-1.783611253e-02-1.625561714e-02-1.405720599e-02-1.122628804e-02
-7.757993415e-03-3.649295308e-03 1.074808650e-03 6.335189566e-03 1.220823918e-02
 1.868204959e-02 2.575665712e-02 3.343343735e-02 4.171583056e-02 5.060952529e-02
 6.012269482e-02 7.026624680e-02 8.105409890e-02 9.250350296e-02 1.046352461e-01
 1.174737364e-01 1.310468763e-01 1.453853548e-01 1.605209559e-01 1.764833033e-01
 1.932935417e-01 2.109529972e-01 2.294227928e-01 2.485868186e-01 2.681785226e-01
 2.876218557e-01 3.057519495e-01 3.210343719e-01 3.325510919e-01 3.400120735e-01
 3.434051275e-01 3.429193199e-01 3.390615284e-01 3.329433203e-01 3.261308074e-01
 5.171377584e-02 5.086875334e-02 4.507605731e-02 3.883168846e-02 3.352534771e-02
 2.886081859e-02 2.462453023e-02 2.067220397e-02 1.690870896e-02 1.327163912e-02
 9.720413014e-03 6.229341961e-03 2.783082193e-03-6.264057592e-04-4.109144676e-03
-7.602321915e-03-1.104127429e-02-1.436116826e-02-1.749824360e-02-2.039064653e-02
-2.297896892e-02-2.520649508e-02-2.701932192e-02-2.836638689e-02-2.919949591e-02
-2.947340347e-02-2.914599515e-02-2.817877568e-02-2.653784305e-02-2.419502288e-02
-2.112914249e-02-1.732774079e-02-1.279185526e-02-7.538395934e-03-1.592979417e-03
 4.947364796e-03 1.211419702e-02 1.989965513e-02 2.829965204e-02 3.731173649e-02
 4.693476856e-02 5.716888607e-02 6.801532209e-02 7.947606593e-02 9.155337512e-02
 1.042487770e-01 1.175616533e-01 1.314869523e-01 1.460116506e-01 1.611094177e-01
 1.767325252e-01 1.927998364e-01 2.091794312e-01 2.256645113e-01 2.419438809e-01
 2.575786412e-01 2.720186710e-01 2.846948504e-01 2.951504290e-01 3.031185269e-01
 3.085322976e-01 3.115177453e-01 3.123902082e-01 3.116255105e-01 3.097632527e-01
 6.225603074e-02 6.161994860e-02 5.575133488e-02 4.867536202e-02 4.224827141e-02
 3.636617213e-02 3.091418557e-02 2.579076774e-02 2.091293782e-02 1.621564664e-02
 1.164903399e-02 7.175346371e-03 2.766235266e-03-1.599403564e-03-6.025881972e-03
-1.044674963e-02-1.479477994e-02-1.900358871e-02-2.300875448e-02-2.674847841e-02
-3.016389906e-02-3.319911286e-02-3.580100834e-02-3.791899607e-02-3.950468823e-02
-4.051167518e-02-4.089537263e-02-4.061315954e-02-3.962479532e-02-3.789316118e-02
-3.538550436e-02-3.207518160e-02-2.794420905e-02-2.298606187e-02-1.720882021e-02
-1.064143144e-02-3.327276092e-03 4.607427400e-03 1.315885782e-02 2.231759205e-02
 3.207346424e-02 4.241639748e-02 5.333608389e-02 6.482113898e-02 7.685825974e-02
 8.943091333e-02 1.025174260e-01 1.160884574e-01 1.301036775e-01 1.445072591e-01
 1.592219323e-01 1.741420329e-01 1.891252100e-01 2.039850056e-01 2.184868008e-01
 2.323526740e-01 2.452804446e-01 2.569776177e-01 2.672008276e-01 2.757881880e-01
 2.826772332e-01 2.879081964e-01 2.916147411e-01 2.940006852e-01 2.953041792e-01
 6.967253983e-02 6.912583113e-02 6.297212839e-02 5.546958745e-02 4.844026268e-02
 4.183048010e-02 3.557593003e-02 2.961085550e-02 2.387415059e-02 1.831203699e-02
 1.287850924e-02 7.534656674e-03 2.247560536e-03-3.010540968e-03-8.324580267e-03
-1.362125762e-02-1.882884651e-02-2.387849428e-02-2.870497480e-02-3.324699029e-02
-3.744712472e-02-4.125156999e-02-4.460960627e-02-4.747302085e-02-4.979545251e-02
-5.153181776e-02-5.263785645e-02-5.306983367e-02-5.278456956e-02-5.173978955e-02
-4.989492148e-02-4.721241444e-02-4.365967959e-02-3.921171278e-02-3.385442868e-02
-2.758892439e-02-2.043607272e-02-1.244426798e-02-3.683283459e-03 5.681509618e-03
 1.562799886e-02 2.613696270e-02 3.718952835e-02 4.876358435e-02 6.083501503e-02
 7.337539643e-02 8.635036647e-02 9.971767664e-02 1.134248674e-01 1.274063885e-01
 1.415803581e-01 1.558454782e-01 1.700783223e-01 1.841323376e-01 1.978396177e-01
 2.110169977e-01 2.234767079e-01 2.350412011e-01 2.455590516e-01 2.549186647e-01
 2.630572915e-01 2.699635327e-01 2.756735682e-01 2.802617252e-01 2.838268280e-01
 7.449258864e-02 7.393317670e-02 6.755248457e-02 5.981916934e-02 5.245934799e-02
 4.541980475e-02 3.864988685e-02 3.210069984e-02 2.572686784e-02 1.948692836e-02
 1.334311347e-02 7.260568440e-03 1.205668086e-03-4.857735708e-03-1.097758673e-02
-1.707086340e-02-2.306042612e-02-2.887481824e-02-3.444825858e-02-3.972046450e-02
-4.463622347e-02-4.914474860e-02-5.319886655e-02-5.675409734e-02-5.976771563e-02
-6.219786033e-02-6.400273740e-02-6.514003873e-02-6.556655467e-02-6.523811072e-02
-6.410998106e-02-6.213768572e-02-5.927838013e-02-5.549299344e-02-5.074910074e-02
-4.502466321e-02-3.831274062e-02-3.062712401e-02-2.200832963e-02-1.253279764e-02
-2.306768671e-03 8.454155177e-03 1.973525994e-02 3.149909154e-02 4.371873662e-02
 5.635954440e-02 6.938086450e-02 8.273568749e-02 9.636924416e-02 1.102173999e-01
 1.242051125e-01 1.382452101e-01 1.522378623e-01 1.660711914e-01 1.796232611e-01
 1.927659065e-01 2.053701133e-01 2.173126936e-01 2.284829170e-01 2.387883663e-01
 2.481588274e-01 2.565478683e-01 2.639322281e-01 2.703093588e-01 2.756942511e-01
 7.675267011e-02 7.603122294e-02 6.982414424e-02 6.208231673e-02 5.463043973e-02
 4.739423841e-02 4.032430798e-02 3.338613361e-02 2.655038610e-02 1.978966221e-02
 1.307787001e-02 6.390768103e-03-2.924210276e-04-7.090238389e-03-1.392894424e-02
-2.072614245e-02-2.740364894e-02-3.388941288e-02-4.011816159e-02-4.603135958e-02
-5.157662556e-02-5.670685694e-02-6.137914211e-02-6.555360556e-02-6.919217110e-02
-7.225741446e-02-7.471153140e-02-7.651542127e-02-7.762803882e-02-7.800599188e-02
-7.760348171e-02-7.637266070e-02-7.426453382e-02-7.123044133e-02-6.722434610e-02
-6.220586598e-02-5.614443496e-02-4.902438074e-02-4.085111618e-02-3.165833652e-02
-2.151536383e-02-1.053754240e-02 1.120625646e-03 1.318321563e-02 2.568542585e-02
 3.857999295e-02 5.182105675e-02 6.536166370e-02 7.915042341e-02 9.313004464e-02
 1.072365791e-01 1.213990301e-01 1.355394125e-01 1.495732814e-01 1.634109467e-01
 1.769591868e-01 1.901233345e-01 2.028096318e-01 2.149270475e-01 2.263887227e-01
 2.371124923e-01 2.470210493e-01 2.560421526e-01 2.641100883e-01 2.711688280e-01
 7.678903639e-02 7.563676685e-02 6.979342550e-02 6.260099262e-02 5.535611510e-02
 4.810700566e-02 4.088046402e-02 3.368153051e-02 2.650400624e-02 1.933524385e-02
 1.215862855e-02 4.955101758e-03-2.295507118e-03-9.689973667e-03-1.712821051e-02
-2.451835945e-02-3.177736327e-02-3.883125633e-02-4.561498389e-02-5.207183585e-02
-5.815248191e-02-6.381378323e-02-6.901741773e-02-7.372848690e-02-7.791405171e-02
-8.154179156e-02-8.457871526e-02-8.699008822e-02-8.873850107e-02-8.978316188e-02
-9.007956088e-02-8.957937360e-02-8.823089302e-02-8.597993851e-02-8.277142048e-02
-7.855174690e-02-7.327206433e-02-6.689269841e-02-5.938868597e-02-5.075660348e-02
-4.102260992e-02-3.025161475e-02-1.855663210e-02-6.111820228e-03 6.851274520e-03
 2.017045766e-02 3.380361199e-02 4.771577567e-02 6.186407059e-02 7.620077580e-02
 9.067436308e-02 1.052298024e-01 1.198088527e-01 1.343502551e-01 1.487901211e-01
 1.630621403e-01 1.770976484e-01 1.908250451e-01 2.041683793e-01 2.170448005e-01
 2.293610424e-01 2.410094738e-01 2.518655956e-01 2.617897093e-01 2.706360221e-01
 7.675392926e-02 7.534462959e-02 6.960812211e-02 6.253056228e-02 5.532096699e-02
 4.801463336e-02 4.064726084e-02 3.323541582e-02 2.578226104e-02 1.828217506e-02
 1.072307397e-02 3.086631652e-03-4.654517397e-03-1.254788972e-02-2.048313245e-02
-2.836233750e-02-3.609937802e-02-4.361943901e-02-5.085837469e-02-5.776172131e-02
-6.428346038e-02-7.038455456e-02-7.603134960e-02-8.119396865e-02-8.584473282e-02
-8.995655179e-02-9.350160509e-02-9.645004570e-02-9.876887500e-02-1.004210785e-01
-1.013649851e-01-1.015538722e-01-1.009359658e-01-9.945482761e-02-9.705034643e-02
-9.366033971e-02-8.922301233e-02-8.368044347e-02-7.698324323e-02-6.909649074e-02
-6.000712141e-02-4.973259196e-02-3.833053261e-02-2.590866759e-02-1.263271365e-02
 1.267281594e-03 1.542151347e-02 2.986043692e-02 4.453869909e-02 5.941445753e-02
 7.444728166e-02 8.959730715e-02 1.048249453e-01 1.200907454e-01 1.353553236e-01
 1.505788714e-01 1.657201797e-01 1.807344854e-01 1.955697238e-01 2.101602554e-01
 2.244172841e-01 2.382154167e-01 2.513762712e-01 2.636557519e-01 2.747519314e-01
 7.700668275e-02 7.551123947e-02 6.960000098e-02 6.226819754e-02 5.486977845e-02
 4.740065336e-02 3.985908628e-02 3.224421293e-02 2.455275320e-02 1.677853055e-02
 8.913459256e-03 9.497090941e-04-7.238398306e-03-1.555691101e-02-2.390142903e-02
-3.217599913e-02-4.029555246e-02-4.818665236e-02-5.578725040e-02-6.304576248e-02
-6.991973519e-02-7.637427002e-02-8.238027245e-02-8.791273087e-02-9.294896573e-02
-9.746700525e-02-1.014441103e-01-1.048553661e-01-1.076724753e-01-1.098627597e-01
-1.113882661e-01-1.122051924e-01-1.122635454e-01-1.115070656e-01-1.098737419e-01
-1.072967127e-01-1.037059799e-01-9.903091192e-02-9.320396185e-02-8.616549522e-02
-7.787030935e-02-6.829559803e-02-5.745057762e-02-4.538752884e-02-3.221390024e-02
-1.810527220e-02-3.319060896e-03 1.181087829e-02 2.716903016e-02 4.272699729e-02
 5.845855176e-02 7.434006035e-02 9.035085142e-02 1.064735875e-01 1.226944998e-01
 1.390034258e-01 1.553932428e-01 1.718582809e-01 1.883909851e-01 2.049751878e-01
 2.215738297e-01 2.381059378e-01 2.544040382e-01 2.701332569e-01 2.846521139e-01
 7.684136927e-02 7.525418699e-02 6.898920983e-02 6.149288267e-02 5.394044518e-02
 4.631724954e-02 3.861331567e-02 3.081845678e-02 2.292205021e-02 1.491279341e-02
 6.778672338e-03-1.492960844e-03-1.001031511e-02-1.865363866e-02-2.731357329e-02
-3.589254245e-02-4.430565983e-02-5.248087645e-02-6.035843492e-02-6.788974255e-02
-7.503588498e-02-8.176591992e-02-8.805504441e-02-9.388269484e-02-9.923082590e-02
-1.040821895e-01-1.084187478e-01-1.122202873e-01-1.154631227e-01-1.181189716e-01
-1.201539859e-01-1.215279996e-01-1.221938878e-01-1.220972687e-01-1.211765110e-01
-1.193630770e-01-1.165826246e-01-1.127566025e-01-1.078049988e-01-1.016501784e-01
-9.422217309e-02-8.546566963e-02-7.534886897e-02-6.387421489e-02-5.109087378e-02
-3.710819408e-02-2.210906334e-02-6.360210478e-03 9.779836051e-03 2.611319534e-02
 4.262650013e-02 5.931108817e-02 7.616398484e-02 9.318895638e-02 1.103977039e-01
 1.278111935e-01 1.454611123e-01 1.633912921e-01 1.816589236e-01 2.003352046e-01
 2.195041478e-01 2.392577529e-01 2.596780956e-01 2.807503641e-01 3.014050424e-01
 7.571381330e-02 7.397812605e-02 6.776208431e-02 6.016396731e-02 5.250816420e-02
 4.477970302e-02 3.696052358e-02 2.903289720e-02 2.097994834e-02 1.278537046e-02
 4.432830494e-03-4.094278440e-03-1.286306977e-02-2.175050229e-02-3.064519167e-02
-3.944905102e-02-4.807794839e-02-5.646154284e-02-6.454251707e-02-7.227526605e-02
-7.962426543e-02-8.656222373e-02-9.306818247e-02-9.912559390e-02-1.047205180e-01
-1.098398641e-01-1.144698262e-01-1.185944229e-01-1.221942306e-01-1.252451688e-01
-1.277174950e-01-1.295748800e-01-1.307737082e-01-1.312624216e-01-1.309812814e-01
-1.298622787e-01-1.278296262e-01-1.248006746e-01-1.206877902e-01-1.154011562e-01
-1.088529378e-01-1.009631157e-01-9.166708589e-02-8.092559874e-02-6.873666495e-02
-5.514941365e-02-4.027914256e-02-2.432215586e-02-7.568902336e-03 9.587464854e-03
 2.691319771e-02 4.441139475e-02 6.209327281e-02 7.997978479e-02 9.810364246e-02
 1.165120900e-01 1.352706552e-01 1.544682682e-01 1.742244065e-01 1.946993023e-01
 2.161096185e-01 2.387549579e-01 2.630696595e-01 2.897407413e-01 3.175577223e-01
 7.404993474e-02 7.216381282e-02 6.588949263e-02 5.824894831e-02 5.056867748e-02
 4.281450808e-02 3.495396301e-02 2.696126141e-02 1.881537214e-02 1.049747132e-02
 1.988073112e-03-6.737414282e-03-1.569614001e-02-2.476288378e-02-3.382615000e-02
-4.278885201e-02-5.156859010e-02-6.009730324e-02-6.832033396e-02-7.619502395e-02
-8.368901908e-02-9.077832103e-02-9.744538367e-02-1.036771312e-01-1.094631404e-01
-1.147939116e-01-1.196592599e-01-1.240469366e-01-1.279412657e-01-1.313219815e-01
-1.341631860e-01-1.364323348e-01-1.380894780e-01-1.390863657e-01-1.393660903e-01
-1.388625801e-01-1.375006437e-01-1.351964176e-01-1.318584383e-01-1.273895353e-01
-1.216900423e-01-1.146623269e-01-1.062172949e-01-9.628300369e-02-8.481571823e-02
-7.181344926e-02-5.733156204e-02-4.149974510e-02-2.453877032e-02-6.774743088e-03
 1.135232206e-02 2.962506562e-02 4.806366563e-02 6.669974327e-02 8.557800949e-02
 1.047597229e-01 1.243276820e-01 1.443930268e-01 1.651049405e-01 1.866643578e-01
 2.093434036e-01 2.335115373e-01 2.596662641e-01 2.884532213e-01 3.192287683e-01
 7.181334496e-02 6.978248060e-02 6.320390105e-02 5.568044633e-02 4.813699424e-02
 4.048341513e-02 3.267806023e-02 2.469789237e-02 1.652771607e-02 8.156438358e-03
-4.232612846e-04-9.320541285e-03-1.842455752e-02-2.761882544e-02-3.679663688e-02
-4.586421326e-02-5.474197865e-02-6.336458772e-02-7.168015093e-02-7.964883745e-02
-8.724115044e-02-9.443600476e-02-1.012187451e-01-1.075792462e-01-1.135100275e-01
-1.190045625e-01-1.240557432e-01-1.286544353e-01-1.327881664e-01-1.364400536e-01
-1.395875961e-01-1.422018111e-01-1.442462206e-01-1.456761360e-01-1.464378089e-01
-1.464679688e-01-1.456934065e-01-1.440309882e-01-1.413882375e-01-1.376644373e-01
-1.327528954e-01-1.265445501e-01-1.189331934e-01-1.098228544e-01-9.913772345e-02
-8.683481812e-02-7.291931659e-02-5.746222287e-02-4.061921313e-02-2.264864743e-02
-3.925935831e-03 1.504946686e-02 3.413438424e-02 5.336590856e-02 7.278957963e-02
 9.246458113e-02 1.124686152e-01 1.329036802e-01 1.539038122e-01 1.756462157e-01
 1.983675063e-01 2.223885059e-01 2.481527925e-01 2.762826681e-01 3.063401878e-01
 6.742651761e-02 6.481830031e-02 5.934002250e-02 5.255396292e-02 4.539472237e-02
 3.796444088e-02 3.028773703e-02 2.237137035e-02 1.421519462e-02 5.815719254e-03
-2.832370577e-03-1.181361638e-02-2.099774405e-02-3.026506864e-02-3.950870037e-02
-4.863603413e-02-5.756935477e-02-6.624551862e-02-7.461500168e-02-8.264041692e-02
-9.029470384e-02-9.755922109e-02-1.044217423e-01-1.108745188e-01-1.169124767e-01
-1.225315183e-01-1.277270019e-01-1.324923635e-01-1.368178427e-01-1.406893432e-01
-1.440873742e-01-1.469860524e-01-1.493521929e-01-1.511444300e-01-1.523123384e-01
-1.527957916e-01-1.525243074e-01-1.514168233e-01-1.493816972e-01-1.463173777e-01
-1.421139389e-01-1.366557181e-01-1.298255622e-01-1.215110570e-01-1.116131991e-01
-1.000580341e-01-8.681116253e-02-7.189530134e-02-5.540993437e-02-3.755150735e-02
-1.863144711e-02 9.120487375e-04 2.051030844e-02 4.017714411e-02 5.994112045e-02
 7.984338701e-02 9.993769228e-02 1.202915683e-01 1.409882605e-01 1.621292233e-01
 1.838373393e-01 2.062620670e-01 2.295925021e-01 2.541146874e-01 2.798283994e-01
 6.458759308e-02 6.181007624e-02 5.633582175e-02 4.976800084e-02 4.283381626e-02
 3.556979448e-02 2.800444141e-02 2.015319839e-02 1.202207804e-02 3.610857762e-03
-5.084642209e-03-1.411115006e-02-2.333623730e-02-3.263923898e-02-4.191348329e-02
-5.106746778e-02-6.002508849e-02-6.872513145e-02-7.712010294e-02-8.517467976e-02
-9.286385775e-02-1.001709774e-01-1.070857570e-01-1.136023626e-01-1.197176054e-01
-1.254293025e-01-1.307348013e-01-1.356295347e-01-1.401059479e-01-1.441522241e-01
-1.477514207e-01-1.508803070e-01-1.535086185e-01-1.555979550e-01-1.571011394e-01
-1.579611450e-01-1.581105590e-01-1.574710310e-01-1.559529454e-01-1.534557343e-01
-1.498688161e-01-1.450735331e-01-1.389465928e-01-1.313651651e-01-1.222146973e-01
-1.113991737e-01-9.885486960e-02-8.456732333e-02-6.859130412e-02-5.107261240e-02
-3.226986527e-02-1.257320121e-02 7.483523805e-03 2.747990750e-02 4.743575305e-02
 6.737460196e-02 8.732253313e-02 1.073063910e-01 1.273504943e-01 1.474706084e-01
 1.676626801e-01 1.878803670e-01 2.079878300e-01 2.276561856e-01 2.461917102e-01
 6.269961596e-02 5.983827263e-02 5.418595672e-02 4.760464281e-02 4.071069509e-02
 3.350562602e-02 2.599587664e-02 1.818608865e-02 1.007704996e-02 1.664099284e-03
-7.066153921e-03-1.612098515e-02-2.536681667e-02-3.468373045e-02-4.396656156e-02
-5.312561244e-02-6.208671629e-02-7.079057395e-02-7.919158041e-02-8.725619316e-02
-9.496110678e-02-1.022912711e-01-1.092379168e-01-1.157966927e-01-1.219658479e-01
-1.277446747e-01-1.331319660e-01-1.381248087e-01-1.427172869e-01-1.468994766e-01
-1.506563872e-01-1.539670825e-01-1.568036526e-01-1.591304094e-01-1.609029174e-01
-1.620671451e-01-1.625587046e-01-1.623021066e-01-1.612103134e-01-1.591847688e-01
-1.561158597e-01-1.518843323e-01-1.463641226e-01-1.394266337e-01-1.309475005e-01
-1.208159626e-01-1.089475453e-01-9.530019760e-02-7.989385724e-02-6.283251941e-02
-4.432705790e-02-2.471574768e-02-4.477942828e-03 1.576543972e-02 3.581798822e-02
 5.568945780e-02 7.538396120e-02 9.489756823e-02 1.142137945e-01 1.332962960e-01
 1.520778537e-01 1.704442799e-01 1.882138848e-01 2.051184922e-01 2.208063900e-01
 6.099696085e-02 5.804561079e-02 5.247461423e-02 4.587955773e-02 3.899027407e-02
 3.180595860e-02 2.432459593e-02 1.654501259e-02 8.466809988e-03 9.140264592e-05
-8.695125580e-03-1.777862012e-02-2.703656629e-02-3.635523096e-02-4.563340545e-02
-5.478429049e-02-6.373600662e-02-7.243121415e-02-8.082599938e-02-8.888833970e-02
-9.659628570e-02-1.039360166e-01-1.108999178e-01-1.174846962e-01-1.236896664e-01
-1.295151711e-01-1.349610984e-01-1.400256753e-01-1.447042674e-01-1.489883512e-01
-1.528644860e-01-1.563134789e-01-1.593094021e-01-1.618186831e-01-1.637992561e-01
-1.651996821e-01-1.659582108e-01-1.660021096e-01-1.652469784e-01-1.635966003e-01
-1.609431505e-01-1.571682245e-01-1.521451175e-01-1.457425654e-01-1.378306597e-01
-1.282894313e-01-1.170205772e-01-1.039627418e-01-8.911041915e-02-7.253584266e-02
-5.441242084e-02-3.503715619e-02-1.484811306e-02 5.567713641e-03 2.566249669e-02
 4.543147236e-02 6.486415863e-02 8.394053578e-02 1.026268750e-01 1.208710372e-01
 1.385969669e-01 1.556993723e-01 1.720401645e-01 1.874502152e-01 2.017400712e-01
 5.974927172e-02 5.674411729e-02 5.110979453e-02 4.450045899e-02 3.761692718e-02
 3.044980019e-02 2.299086377e-02 1.523356326e-02 7.172682788e-03-1.196186524e-03
-9.987344965e-03-1.907002181e-02-2.832096256e-02-3.762756661e-02-4.689031094e-02
-5.602410436e-02-6.495866925e-02-7.363809645e-02-8.201973885e-02-9.007266164e-02
-9.777586162e-02-1.051163822e-01-1.120873690e-01-1.186862364e-01-1.249129996e-01
-1.307686716e-01-1.362538934e-01-1.413676590e-01-1.461061984e-01-1.504619867e-01
-1.544227302e-01-1.579704434e-01-1.610806882e-01-1.637215316e-01-1.658527255e-01
-1.674248725e-01-1.683783829e-01-1.686428040e-01-1.681360751e-01-1.667642146e-01
-1.644213349e-01-1.609904766e-01-1.563454866e-01-1.503543258e-01-1.428844929e-01
-1.338107884e-01-1.230264604e-01-1.104576439e-01-9.608162940e-02-7.994826138e-02
-6.220347062e-02-4.311228171e-02-2.307771891e-02-2.650329378e-03 1.747786067e-02
 3.715511039e-02 5.636944249e-02 7.509867102e-02 9.330829978e-02 1.109496206e-01
 1.279582381e-01 1.442536563e-01 1.597404778e-01 1.743126959e-01 1.878609806e-01
 5.874941498e-02 5.570563674e-02 4.999760911e-02 4.340297729e-02 3.655222058e-02
 2.942255512e-02 2.199950442e-02 1.427299250e-02 6.235328969e-03-2.120352816e-03
-1.089589112e-02-1.996056363e-02-2.919134870e-02-3.847627714e-02-4.771666601e-02
-5.682837218e-02-6.574203074e-02-7.440256327e-02-8.276803046e-02-9.080814570e-02
-9.850242734e-02-1.058383733e-01-1.128095165e-01-1.194136515e-01-1.256511211e-01
-1.315233111e-01-1.370312572e-01-1.421743929e-01-1.469494551e-01-1.513495147e-01
-1.553629339e-01-1.589725912e-01-1.621549726e-01-1.648792177e-01-1.671063751e-01
-1.687883586e-01-1.698671579e-01-1.702739745e-01-1.699284911e-01-1.687384993e-01
-1.665997505e-01-1.633967608e-01-1.590043306e-01-1.532907337e-01-1.461226046e-01
-1.373724788e-01-1.269292235e-01-1.147120148e-01-1.006881148e-01-8.489382267e-02
-6.745788455e-02-4.862499610e-02-2.877597511e-02-8.440002799e-03 1.170625165e-02
 3.130398318e-02 5.034803599e-02 6.882129610e-02 8.669512719e-02 1.039296985e-01
 1.204746068e-01 1.362701654e-01 1.512497663e-01 1.653434634e-01 1.784828603e-01
 5.768797174e-02 5.457632616e-02 4.902368039e-02 4.254294932e-02 3.579059243e-02
 2.873747610e-02 2.137348801e-02 1.369337924e-02 5.692294333e-03-2.635304816e-03
-1.138233580e-02-2.041856386e-02-2.962140553e-02-3.887932375e-02-4.809409007e-02
-5.718197674e-02-6.607398391e-02-7.471532375e-02-8.306430280e-02-9.109076858e-02
-9.877435118e-02-1.061026081e-01-1.130691096e-01-1.196716726e-01-1.259106845e-01
-1.317875683e-01-1.373034418e-01-1.424578428e-01-1.472476721e-01-1.516662240e-01
-1.557021439e-01-1.593386680e-01-1.625526845e-01-1.653138697e-01-1.675838828e-01
-1.693153381e-01-1.704510450e-01-1.709230989e-01-1.706521958e-01-1.695471406e-01
-1.675048470e-01-1.644108444e-01-1.601409018e-01-1.545639932e-01-1.475471109e-01
-1.389624625e-01-1.286977977e-01-1.166699976e-01-1.028424427e-01-8.724581450e-02
-7.000113279e-02-5.134317651e-02-3.164064512e-02-1.140849944e-02 8.693287149e-03
 2.819678001e-02 4.709868133e-02 6.538504362e-02 8.303187042e-02 1.000060216e-01
 1.162664741e-01 1.317661256e-01 1.464541256e-01 1.602789164e-01 1.731917709e-01
 5.663738400e-02 5.333236977e-02 4.819880426e-02 4.203912988e-02 3.542749584e-02
 2.846012823e-02 2.115940675e-02 1.353125088e-02 5.575401708e-03-2.711591544e-03
-1.142044924e-02-2.042109706e-02-2.959116921e-02-3.881930560e-02-4.800736904e-02
-5.707161501e-02-6.594294310e-02-7.456637919e-02-8.289995790e-02-9.091326594e-02
-9.858560562e-02-1.059042066e-01-1.128623188e-01-1.194574833e-01-1.256897748e-01
-1.315603852e-01-1.370701641e-01-1.422185004e-01-1.470020711e-01-1.514140368e-01
-1.554428935e-01-1.590717733e-01-1.622774750e-01-1.650296450e-01-1.672898531e-01
-1.690107435e-01-1.701351702e-01-1.705952883e-01-1.703119874e-01-1.691943109e-01
-1.671395004e-01-1.640336215e-01-1.597531587e-01-1.541679204e-01-1.471460462e-01
-1.385611296e-01-1.283025295e-01-1.162889749e-01-1.024858579e-01-8.692582697e-02
-6.973166764e-02-5.113936216e-02-3.151790053e-02-1.138120331e-02 8.613518439e-03
 2.800011821e-02 4.677570984e-02 6.492705643e-02 8.243141323e-02 9.925767779e-02
 1.153677627e-01 1.307185590e-01 1.452641189e-01 1.589585543e-01 1.717589796e-01
 5.713734031e-02 5.399904773e-02 4.855280370e-02 4.222477600e-02 3.559913114e-02
 2.865753695e-02 2.139576338e-02 1.381197944e-02 5.903556477e-03-2.333581680e-03
-1.099648885e-02-1.995555684e-02-2.908874303e-02-3.828477859e-02-4.744536057e-02
-5.648636445e-02-6.533813477e-02-7.394506037e-02-8.226446062e-02-9.026515484e-02
-9.792575240e-02-1.052327454e-01-1.121787429e-01-1.187606081e-01-1.249778569e-01
-1.308310926e-01-1.363206506e-01-1.414453238e-01-1.462013423e-01-1.505812705e-01
-1.545731127e-01-1.581594050e-01-1.613163054e-01-1.640128195e-01-1.662098616e-01
-1.678593457e-01-1.689033359e-01-1.692733467e-01-1.688895375e-01-1.676604003e-01
-1.654828489e-01-1.622429043e-01-1.578174382e-01-1.520773768e-01-1.448928118e-01
-1.361403912e-01-1.257139444e-01-1.135382727e-01-9.958663583e-02-8.390133828e-02
-6.661646068e-02-4.798037559e-02-2.837485261e-02-8.326018229e-03 1.149757393e-02
 3.074303642e-02 4.940557107e-02 6.746930629e-02 8.490855992e-02 1.016889364e-01
 1.177685782e-01 1.330999583e-01 1.476321071e-01 1.613136083e-01 1.740959585e-01
 5.769760534e-02 5.461847782e-02 4.919932783e-02 4.285653681e-02 3.622805327e-02
 2.930304594e-02 2.207261696e-02 1.453082077e-02 6.673183292e-03-1.504468964e-03
-1.011217665e-02-1.902158558e-02-2.811159566e-02-3.727117553e-02-4.640165344e-02
-5.541814491e-02-6.424997747e-02-7.284037024e-02-8.114545047e-02-8.913284540e-02
-9.677999467e-02-1.040722951e-01-1.110012978e-01-1.175628901e-01-1.237556636e-01
-1.295793056e-01-1.350332946e-01-1.401155591e-01-1.448214203e-01-1.491425335e-01
-1.530659199e-01-1.565730721e-01-1.596390009e-01-1.622314900e-01-1.643100828e-01
-1.658253223e-01-1.667177975e-01-1.669175327e-01-1.663432717e-01-1.649022698e-01
-1.624905467e-01-1.589936912e-01-1.542890668e-01-1.482491940e-01-1.407473236e-01
-1.316653639e-01-1.209049150e-01-1.084016114e-01-9.414293617e-02-7.818889618e-02
-6.069441140e-02-4.193080589e-02-2.230280451e-02-2.355866600e-03 1.723239943e-02
 3.632036969e-02 5.489333346e-02 7.292805612e-02 9.039188921e-02 1.072424352e-01
 1.234277710e-01 1.388876438e-01 1.535555720e-01 1.673622131e-01 1.802401096e-01
 5.863638222e-02 5.563576147e-02 5.014539510e-02 4.383557290e-02 3.724042326e-02
 3.035004623e-02 2.315884084e-02 1.566275395e-02 7.859366015e-03-2.510395716e-04
-8.787464350e-03-1.763201319e-02-2.666674182e-02-3.578085825e-02-4.487473518e-02
-5.386201665e-02-6.267037243e-02-7.124127448e-02-7.952913642e-02-8.749989420e-02
-9.512937069e-02-1.024014652e-01-1.093062833e-01-1.158383563e-01-1.219949722e-01
-1.277745962e-01-1.331754327e-01-1.381942332e-01-1.428250074e-01-1.470580548e-01
-1.508789957e-01-1.542677432e-01-1.571977139e-01-1.596348286e-01-1.615367234e-01
-1.628518701e-01-1.635187864e-01-1.634653509e-01-1.626083851e-01-1.608534306e-01
-1.580953449e-01-1.542194933e-01-1.491042078e-01-1.426247656e-01-1.346595883e-01
-1.250988841e-01-1.138562933e-01-1.008840352e-01-8.619108796e-02-6.986404955e-02
-5.208897591e-02-3.317181021e-02-1.355365105e-02 6.183202378e-03 2.553316392e-02
 4.448485374e-02 6.301974505e-02 8.111028373e-02 9.871794283e-02 1.157913506e-01
 1.322647631e-01 1.480575502e-01 1.630754471e-01 1.772144139e-01 1.903676689e-01
 5.966380984e-02 5.673468113e-02 5.142555758e-02 4.517739639e-02 3.863057494e-02
 3.178354725e-02 2.463460714e-02 1.718179137e-02 9.421313182e-03 1.345461700e-03
-7.061508484e-03-1.580860838e-02-2.476742305e-02-3.382150084e-02-4.286757112e-02
-5.181646347e-02-6.059337407e-02-6.913746148e-02-7.740093023e-02-8.534757793e-02
-9.295119345e-02-1.001937538e-01-1.070635021e-01-1.135532483e-01-1.196585819e-01
-1.253763139e-01-1.307030320e-01-1.356338263e-01-1.401610225e-01-1.442731321e-01
-1.479538977e-01-1.511811912e-01-1.539262086e-01-1.561525911e-01-1.578154862e-01
-1.588607877e-01-1.592244208e-01-1.588317752e-01-1.575974077e-01-1.554252207e-01
-1.522091925e-01-1.478351653e-01-1.421837807e-01-1.351352632e-01-1.265763491e-01
-1.164097339e-01-1.045667753e-01-9.102320671e-02-7.581772655e-02-5.907258391e-02
-4.101410508e-02-2.199024521e-02-2.480794676e-03 1.690504327e-02 3.602957726e-02
 5.488291383e-02 7.344900817e-02 9.170278907e-02 1.096064895e-01 1.271052957e-01
 1.441221088e-01 1.605524421e-01 1.762610674e-01 1.910835356e-01 2.048365325e-01
 6.115124747e-02 5.832995474e-02 5.310678482e-02 4.692164436e-02 4.042027891e-02
 3.361003101e-02 2.649862505e-02 1.909163594e-02 1.139096357e-02 3.394713625e-03
-4.902145360e-03-1.355047524e-02-2.242351323e-02-3.140442446e-02-4.038862139e-02
-4.928509519e-02-5.801689997e-02-6.652086973e-02-7.474677265e-02-8.265600353e-02
-9.021994472e-02-9.741821885e-02-1.042368412e-01-1.106664315e-01-1.167004406e-01
-1.223336384e-01-1.275605112e-01-1.323740631e-01-1.367644370e-01-1.407179236e-01
-1.442158520e-01-1.472336054e-01-1.497397274e-01-1.516950279e-01-1.530517638e-01
-1.537529230e-01-1.537315845e-01-1.529105902e-01-1.512024403e-01-1.485099047e-01
-1.447271705e-01-1.397421658e-01-1.334403753e-01-1.257103831e-01-1.164517254e-01
-1.055855155e-01-9.306794405e-02-7.890665531e-02-6.317951530e-02-4.605446011e-02
-2.780820616e-02-8.840693161e-03 1.031880267e-02 2.935329825e-02 4.826471955e-02
 6.705293059e-02 8.571411669e-02 1.042378545e-01 1.226024777e-01 1.407680362e-01
 1.586656570e-01 1.761822701e-01 1.931409240e-01 2.092826366e-01 2.242693603e-01
 6.319882721e-02 6.051859632e-02 5.528309569e-02 4.914242774e-02 4.264337569e-02
 3.582611308e-02 2.872132510e-02 2.134470083e-02 1.370259561e-02 5.795842968e-03
-2.378180856e-03-1.091061532e-02-1.967707835e-02-2.856210247e-02-3.746112436e-02
-4.628211260e-02-5.494630337e-02-6.338827312e-02-7.155523449e-02-7.940584421e-02
-8.690875769e-02-9.404082596e-02-1.007853746e-01-1.071303487e-01-1.130666286e-01
-1.185863838e-01-1.236815602e-01-1.283425391e-01-1.325568110e-01-1.363079399e-01
-1.395743787e-01-1.423285455e-01-1.445358992e-01-1.461541057e-01-1.471323073e-01
-1.474104077e-01-1.469188184e-01-1.455782056e-01-1.432999074e-01-1.399868131e-01
-1.355353147e-01-1.298383176e-01-1.227899343e-01-1.142920405e-01-1.042632610e-01
-9.265056252e-02-7.944352925e-02-6.469110399e-02-4.851976037e-02-3.115168214e-02
-1.292023994e-02 5.720647983e-03 2.436901629e-02 4.302916676e-02 6.171135232e-02
 8.043030649e-02 9.920392931e-02 1.180514842e-01 1.369903684e-01 1.560303867e-01
 1.751629114e-01 1.943394244e-01 2.134266645e-01 2.321077436e-01 2.497186661e-01
 6.607114524e-02 6.370308995e-02 5.842578411e-02 5.199848488e-02 4.529871792e-02
 3.836597875e-02 3.121300600e-02 2.384231985e-02 1.625226438e-02 8.439751342e-03
 4.027459654e-04-7.977118716e-03-1.659774408e-02-2.534809150e-02-3.412453085e-02
-4.283417389e-02-5.139644817e-02-5.974347144e-02-6.781961024e-02-7.558049262e-02
-8.299157023e-02-9.002650529e-02-9.666541219e-02-1.028930694e-01-1.086972207e-01
-1.140669137e-01-1.189910024e-01-1.234567016e-01-1.274483800e-01-1.309463233e-01
-1.339256912e-01-1.363555491e-01-1.381979883e-01-1.394073516e-01-1.399296224e-01
-1.397020370e-01-1.386528313e-01-1.367015690e-01-1.337600052e-01-1.297335178e-01
-1.245238930e-01-1.180332154e-01-1.101695970e-01-1.008548662e-01-9.003458172e-02
-7.769049704e-02-6.385524571e-02-4.862859473e-02-3.219420463e-02-1.483462099e-02
 3.058151342e-03 2.105784789e-02 3.917075321e-02 5.741138384e-02 7.580345869e-02
 9.438090026e-02 1.131891832e-01 1.322870255e-01 1.517483443e-01 1.716648638e-01
 1.921490133e-01 2.133390158e-01 2.354110777e-01 2.586342096e-01 2.830049396e-01
 6.969043612e-02 6.781826913e-02 6.204227731e-02 5.506411567e-02 4.807242006e-02
 4.099373519e-02 3.378708661e-02 2.642820403e-02 1.889979467e-02 1.118672267e-02
 3.272564616e-03-4.865354393e-03-1.327279583e-02-2.183056995e-02-3.043136559e-02
-3.897973895e-02-4.739255458e-02-5.559906363e-02-6.354044378e-02-7.116887718e-02
-7.844620943e-02-8.534242958e-02-9.183391929e-02-9.790173918e-02-1.035299301e-01
-1.087038517e-01-1.134086773e-01-1.176279634e-01-1.213423982e-01-1.245285720e-01
-1.271579862e-01-1.291960627e-01-1.306014657e-01-1.313253045e-01-1.313108802e-01
-1.304933727e-01-1.288002133e-01-1.261517256e-01-1.224625856e-01-1.176442206e-01
-1.116083115e-01-1.042718515e-01-9.556391090e-02-8.543443680e-02-7.386514544e-02
-6.088241562e-02-4.657164589e-02-3.109207004e-02-1.469051652e-02 2.288232790e-03
 1.944218762e-02 3.677492589e-02 5.429819971e-02 7.203376293e-02 9.001553059e-02
 1.082923785e-01 1.269318759e-01 1.460254490e-01 1.656956673e-01 1.861065924e-01
 2.074793875e-01 2.301156372e-01 2.544341385e-01 2.810242176e-01 3.094653487e-01
 7.207391411e-02 7.042619586e-02 6.456999481e-02 5.754500628e-02 5.050276592e-02
 4.340551049e-02 3.622466698e-02 2.893679589e-02 2.152268775e-02 1.396602485e-02
 6.252706517e-03-1.628123457e-03-9.774102829e-03-1.808006875e-02-2.644323185e-02
-3.476864100e-02-4.297171161e-02-5.097914860e-02-5.872891843e-02-6.616954505e-02
-7.325892895e-02-7.996293902e-02-8.625375479e-02-9.210817516e-02-9.750600159e-02
-1.024283320e-01-1.068561524e-01-1.107688397e-01-1.141429394e-01-1.169510409e-01
-1.191607416e-01-1.207338572e-01-1.216257289e-01-1.217848361e-01-1.211526170e-01
-1.196637452e-01-1.172467917e-01-1.138256490e-01-1.093217060e-01-1.036571339e-01
-9.675945342e-02-8.856763691e-02-7.903996110e-02-6.816367805e-02-5.596638471e-02
-4.252865538e-02-2.799709328e-02-1.259601396e-02 3.363423515e-03 1.954639889e-02
 3.594898060e-02 5.257402733e-02 6.943288445e-02 8.654748648e-02 1.039529443e-01
 1.217009798e-01 1.398645937e-01 1.585444659e-01 1.778780967e-01 1.980527788e-01
 2.193239927e-01 2.420402467e-01 2.666720450e-01 2.938309312e-01 3.228999376e-01
 7.336640358e-02 7.185366750e-02 6.630291045e-02 5.938846245e-02 5.243454129e-02
 4.543300718e-02 3.836798668e-02 3.122364357e-02 2.398480289e-02 1.663667150e-02
 9.164046496e-03 1.549786888e-03-6.228674203e-03-1.419566106e-02-2.224148810e-02
-3.026782535e-02-3.818737715e-02-4.592391849e-02-5.341202393e-02-6.059638038e-02
-6.743071973e-02-7.387647778e-02-7.990121096e-02-8.547703922e-02-9.057901800e-02
-9.518356621e-02-9.926696867e-02-1.028040797e-01-1.057670340e-01-1.081242338e-01
-1.098394692e-01-1.108711958e-01-1.111721545e-01-1.106891707e-01-1.093634814e-01
-1.071313769e-01-1.039256155e-01-9.967752546e-02-9.432007372e-02-8.779213578e-02
-8.004412055e-02-7.104504108e-02-6.079114974e-02-4.931604117e-02-3.670174628e-02
-2.309045568e-02-8.695755154e-03 6.192317232e-03 2.134560794e-02 3.674906865e-02
 5.239287019e-02 6.827351451e-02 8.439521492e-02 1.007715911e-01 1.174278259e-01
 1.344034523e-01 1.517560184e-01 1.695658863e-01 1.879431456e-01 2.070372403e-01
 2.270518839e-01 2.482702136e-01 2.711038888e-01 2.962043285e-01 3.224132657e-01
 7.422141731e-02 7.287602127e-02 6.740333885e-02 6.063612550e-02 5.384097993e-02
 4.700753093e-02 4.012636468e-02 3.318832070e-02 2.618404664e-02 1.910357177e-02
 1.193611696e-02 4.670437891e-03-2.703695791e-03-1.026434358e-02-1.791422442e-02
-2.555898018e-02-3.311156482e-02-4.049411416e-02-4.763843864e-02-5.448567867e-02
-6.098544225e-02-6.709463894e-02-7.277603447e-02-7.799679786e-02-8.272695541e-02
-8.693788946e-02-9.060101211e-02-9.368643910e-02-9.616188705e-02-9.799178690e-02
-9.913651645e-02-9.955201298e-02-9.918957949e-02-9.799619019e-02-9.591520578e-02
-9.288771451e-02-8.885459602e-02-8.375954628e-02-7.755298167e-02-7.019737363e-02
-6.167363375e-02-5.198896304e-02-4.118570685e-02-2.935096435e-02-1.662552543e-02
-3.212804208e-03 1.059871074e-02 2.472120337e-02 3.912571445e-02 5.378818512e-02
 6.868927926e-02 8.381471038e-02 9.915598482e-02 1.147113815e-01 1.304871142e-01
 1.464986950e-01 1.627723426e-01 1.793464422e-01 1.962726712e-01 2.136167288e-01
 2.314572632e-01 2.498814464e-01 2.689687312e-01 2.887102962e-01 3.080900013e-01
 7.441437989e-02 7.321208715e-02 6.785941124e-02 6.129169464e-02 5.470730364e-02
 4.808964580e-02 4.143670201e-02 3.474862128e-02 2.802371606e-02 2.125737444e-02
 1.444200613e-02 7.567026187e-03 6.181861972e-04-6.424877327e-03-1.358086616e-02
-2.074991912e-02-2.784226835e-02-3.477784991e-02-4.148592800e-02-4.790446907e-02
-5.397929996e-02-5.966299772e-02-6.491363049e-02-6.969338655e-02-7.396725565e-02
-7.770160586e-02-8.086298406e-02-8.341698349e-02-8.532730490e-02-8.655501902e-02
-8.705814928e-02-8.679147065e-02-8.570683002e-02-8.375388384e-02-8.088135719e-02
-7.703917474e-02-7.218122482e-02-6.626924127e-02-5.927765369e-02-5.119951069e-02
-4.205351323e-02-3.189205751e-02-2.080965228e-02-8.953304961e-03 3.477578517e-03
 1.627904922e-02 2.943021990e-02 4.289566725e-02 5.664140731e-02 7.063535601e-02
 8.484762907e-02 9.925088286e-02 1.138207614e-01 1.285362840e-01 1.433802098e-01
 1.583392173e-01 1.734033823e-01 1.885647774e-01 2.038142830e-01 2.191352397e-01
 2.344916910e-01 2.498065084e-01 2.649206817e-01 2.795152664e-01 2.929739952e-01
 7.365405560e-02 7.249159366e-02 6.759566814e-02 6.137952954e-02 5.504914373e-02
 4.865642637e-02 4.224065691e-02 3.582102805e-02 2.940453961e-02 2.299093641e-02
 1.657545008e-02 1.015031524e-02 3.705643117e-03-2.770111896e-03-9.358543903e-03
-1.596509106e-02-2.250329219e-02-2.889443748e-02-3.506742418e-02-4.095845670e-02
-4.651051015e-02-5.167248100e-02-5.639818683e-02-6.064525992e-02-6.437396258e-02
-6.754604727e-02-7.012372464e-02-7.206875086e-02-7.334171236e-02-7.390163839e-02
-7.370581478e-02-7.271008193e-02-7.086955756e-02-6.813992560e-02-6.447939575e-02
-5.985140800e-02-5.422828719e-02-4.759578407e-02-3.995863348e-02-3.134667873e-02
-2.182131633e-02-1.148397848e-02-4.753074609e-04 1.097462699e-02 2.285797149e-02
 3.513132408e-02 4.775538668e-02 6.069028378e-02 7.389553636e-02 8.733008802e-02
 1.009524167e-01 1.147207692e-01 1.285933554e-01 1.425286829e-01 1.564855129e-01
 1.704228520e-01 1.842989326e-01 1.980693340e-01 2.116834372e-01 2.250783145e-01
 2.381695509e-01 2.508380413e-01 2.629143000e-01 2.741654515e-01 2.843026519e-01
 7.341826707e-02 7.267226279e-02 6.760583818e-02 6.124708056e-02 5.493374914e-02
 4.865753651e-02 4.243864119e-02 3.628498688e-02 3.019661456e-02 2.416901849e-02
 1.819524169e-02 1.226746384e-02 6.378632970e-03 5.249766400e-04-5.416440777e-03
-1.136873662e-02-1.725483872e-02-2.300060913e-02-2.853652276e-02-3.379836306e-02
-3.872726113e-02-4.326931387e-02-4.737488553e-02-5.099779740e-02-5.409441516e-02
-5.662278086e-02-5.854181945e-02-5.981074646e-02-6.038867310e-02-6.023452803e-02
-5.930734426e-02-5.756697059e-02-5.497531220e-02-5.149820074e-02-4.710789025e-02
-4.178633913e-02-3.552941605e-02-2.835189365e-02-2.029432356e-02-1.142888609e-02
-1.857225434e-03 8.243902586e-03 1.884852350e-02 2.991873398e-02 4.142012075e-02
 5.331429839e-02 6.556018442e-02 7.811379433e-02 9.092803299e-02 1.039524674e-01
 1.171332970e-01 1.304134130e-01 1.437326819e-01 1.570284218e-01 1.702359021e-01
 1.832889318e-01 1.961200088e-01 2.086599320e-01 2.208363712e-01 2.325714380e-01
 2.437780052e-01 2.543556690e-01 2.641880214e-01 2.731438279e-01 2.810855806e-01
 7.271687686e-02 7.233003527e-02 6.713866442e-02 6.045079231e-02 5.403489619e-02
 4.783385247e-02 4.181331396e-02 3.595090285e-02 3.022900037e-02 2.463200130e-02
 1.914549619e-02 1.375608705e-02 8.451106027e-03 3.217692487e-03-1.959895017e-03
-7.151676808e-03-1.228398737e-02-1.728460565e-02-2.208481357e-02-2.662016638e-02
-3.083065897e-02-3.466051817e-02-3.805775940e-02-4.097360373e-02-4.336187616e-02
-4.517841712e-02-4.638059437e-02-4.692704976e-02-4.677771404e-02-4.589414597e-02
-4.424028099e-02-4.178360105e-02-3.849686682e-02-3.436062858e-02-2.936598845e-02
-2.351772785e-02-1.683926582e-02-9.373364970e-03-1.199056162e-03 7.540351246e-03
 1.684682630e-02 2.669032477e-02 3.704120219e-02 4.786741734e-02 5.913459137e-02
 7.080480456e-02 8.283585310e-02 9.518048167e-02 1.077856123e-01 1.205917448e-01
 1.335324496e-01 1.465341896e-01 1.595167220e-01 1.723940074e-01 1.850757003e-01
 1.974693090e-01 2.094826400e-01 2.210261077e-01 2.320146710e-01 2.423688918e-01
 2.520150244e-01 2.608846426e-01 2.689142525e-01 2.760460377e-01 2.822305262e-01
 7.004389167e-02 6.974215806e-02 6.468299031e-02 5.807379633e-02 5.178398639e-02
 4.579526931e-02 4.007490724e-02 3.459122404e-02 2.931553684e-02 2.422275022e-02
 1.929143630e-02 1.450364292e-02 9.844493121e-03 5.301591940e-03 8.642425528e-04
-3.480043961e-03-7.775817998e-03-1.194893941e-02-1.593104936e-02-1.965826005e-02
-2.307067066e-02-2.611211687e-02-2.872990072e-02-3.087448515e-02-3.249915689e-02
-3.355973959e-02-3.401443362e-02-3.382389247e-02-3.295169398e-02-3.136532009e-02
-2.903732844e-02-2.594668604e-02-2.208073437e-02-1.743956655e-02-1.203887537e-02
-5.907263141e-03 8.878442459e-04 8.316656575e-03 1.634441689e-02 2.495093457e-02
 3.411909565e-02 4.382827878e-02 5.405513570e-02 6.477323174e-02 7.595244050e-02
 8.755794168e-02 9.954901040e-02 1.118777245e-01 1.244873554e-01 1.373109519e-01
 1.502699107e-01 1.632731259e-01 1.762168705e-01 1.889860034e-01 2.014567554e-01
 2.135013044e-01 2.249938995e-01 2.358177155e-01 2.458713651e-01 2.550740242e-01
 2.633683383e-01 2.707206905e-01 2.771193683e-01 2.825711668e-01 2.870974541e-01
 6.570413709e-02 6.548278779e-02 6.028764322e-02 5.385374650e-02 4.785568267e-02
 4.224493355e-02 3.697734326e-02 3.200822696e-02 2.729722485e-02 2.281040326e-02
 1.852068678e-02 1.440753043e-02 1.045639813e-02 6.658495404e-03 3.011140274e-03
-4.804501659e-04-3.903713776e-03-7.200278342e-03-1.031016652e-02-1.317408495e-02
-1.573484950e-02-1.793812215e-02-1.973275095e-02-2.107088268e-02-2.190797031e-02
-2.220276371e-02-2.191732824e-02-2.101720124e-02-1.947208494e-02-1.725896448e-02
-1.436355524e-02-1.078061294e-02-6.509443745e-03-1.573806745e-03 3.961825743e-03
 1.012137812e-02 1.689867303e-02 2.428242192e-02 3.225893900e-02 4.081523046e-02
 4.993844032e-02 5.961455405e-02 6.982762367e-02 8.055892587e-02 9.178594500e-02
 1.034810320e-01 1.156096756e-01 1.281284094e-01 1.409821808e-01 1.541013420e-01
 1.673984528e-01 1.807653010e-01 1.940706521e-01 2.071602494e-01 2.198601961e-01
 2.319847941e-01 2.433492690e-01 2.537853420e-01 2.631569803e-01 2.713724673e-01
 2.783910036e-01 2.842226028e-01 2.889216244e-01 2.925752401e-01 2.952888310e-01
 5.876069516e-02 5.840805918e-02 5.355811119e-02 4.747794569e-02 4.197116941e-02
 3.695715964e-02 3.235050291e-02 2.807860076e-02 2.408475615e-02 2.032688819e-02
 1.677503251e-02 1.340893097e-02 1.021615602e-02 7.190776058e-03 4.332449287e-03
 1.645622542e-03-8.620185545e-04-3.249678761e-03-5.460764747e-03-7.438356057e-03
-9.127921425e-03-1.047826186e-02-1.144191157e-02-1.197544765e-02-1.203982625e-02
-1.160059497e-02-1.062805299e-02-9.096142836e-03-6.977001205e-03-4.260614980e-03
-9.544005152e-04 2.904613269e-03 7.363534998e-03 1.242041588e-02 1.806775108e-02
 2.430519834e-02 3.113141097e-02 3.854375705e-02 4.653874785e-02 5.511257425e-02
 6.426116824e-02 7.397986948e-02 8.426295966e-02 9.510285407e-02 1.064891815e-01
 1.184072345e-01 1.308359951e-01 1.437453032e-01 1.570921242e-01 1.708154380e-01
 1.848300099e-01 1.990186572e-01 2.132240683e-01 2.272420824e-01 2.408204526e-01
 2.536685169e-01 2.654827237e-01 2.759842575e-01 2.849579453e-01 2.922792435e-01
 2.979267836e-01 3.019803762e-01 3.046066165e-01 3.060296774e-01 3.064926267e-01
 4.900920391e-02 4.839651659e-02 4.383148253e-02 3.843707964e-02 3.383102641e-02
 2.978773601e-02 2.614702657e-02 2.280789427e-02 1.970782876e-02 1.680851169e-02
 1.408714708e-02 1.153134461e-02 9.136089124e-03 6.901954766e-03 4.834125750e-03
 2.942019841e-03 1.239595236e-03-2.520914713e-04-1.585187507e-03-2.698522294e-03
-3.540296573e-03-4.064597655e-03-4.230289720e-03-4.001212306e-03-3.347544931e-03
-2.246118616e-03-6.850699428e-04 1.327528851e-03 3.878410673e-03 6.954304874e-03
 1.056063175e-02 1.470040344e-02 1.938360929e-02 2.461675182e-02 3.040432744e-02
 3.675083816e-02 4.366075248e-02 5.113856494e-02 5.918899924e-02 6.781724840e-02
 7.702911645e-02 8.683103323e-02 9.722989053e-02 1.082327515e-01 1.198461577e-01
 1.320751607e-01 1.449215114e-01 1.583811045e-01 1.724397540e-01 1.870669425e-01
 2.022063285e-01 2.177617252e-01 2.335771620e-01 2.494099736e-01 2.649010420e-01
 2.795611322e-01 2.928146422e-01 3.041175902e-01 3.130788803e-01 3.195081651e-01
 3.234139681e-01 3.249979615e-01 3.246474266e-01 3.228833973e-01 3.202378750e-01
 3.473256156e-02 3.329922259e-02 2.961785346e-02 2.617884800e-02 2.339578047e-02
 2.090799436e-02 1.860078610e-02 1.642840356e-02 1.437260769e-02 1.242823526e-02
 1.059713308e-02 8.885284886e-03 7.301379927e-03 5.856066942e-03 4.561556038e-03
 3.431331366e-03 2.479724353e-03 1.720866421e-03 1.165552996e-03 8.416109486e-04
 7.803882472e-04 1.013874658e-03 1.572970184e-03 2.486596582e-03 3.771409858e-03
 5.450375378e-03 7.542473264e-03 1.006514207e-02 1.304182410e-02 1.648616977e-02
 2.040941641e-02 2.482152544e-02 2.973253466e-02 3.515204787e-02 4.108938575e-02
 4.755407572e-02 5.455617234e-02 6.210659072e-02 7.021746784e-02 7.890249044e-02
 8.817730844e-02 9.805989265e-02 1.085708961e-01 1.197340041e-01 1.315761358e-01
 1.441275775e-01 1.574216187e-01 1.714936197e-01 1.863788664e-01 2.021082342e-01
 2.187003195e-01 2.361471057e-01 2.543883622e-01 2.732635140e-01 2.924136519e-01
 3.110667467e-01 3.278112411e-01 3.412462473e-01 3.507396877e-01 3.561320305e-01
 3.574866056e-01 3.550929725e-01 3.496577144e-01 3.425666094e-01 3.352789581e-01
 1.513645891e-02 1.136534475e-02 1.154299546e-02 1.209519245e-02 1.185652614e-02
 1.123054232e-02 1.039808244e-02 9.457487613e-03 8.471770212e-03 7.486199960e-03
 6.535961293e-03 5.649969913e-03 4.853031598e-03 4.167198204e-03 3.612692468e-03
 3.208565526e-03 2.973188646e-03 2.924702130e-03 3.081761533e-03 3.465720685e-03
 4.099556245e-03 5.006710533e-03 6.210066844e-03 7.731081452e-03 9.588890709e-03
 1.180187240e-02 1.438725274e-02 1.736139134e-02 2.074022219e-02 2.453787439e-02
 2.876719460e-02 3.344030678e-02 3.856915981e-02 4.416581243e-02 5.024280027e-02
 5.681346729e-02 6.389237195e-02 7.149571180e-02 7.964178920e-02 8.835154772e-02
 9.764922410e-02 1.075631380e-01 1.181265935e-01 1.293790489e-01 1.413675100e-01
 1.541482657e-01 1.677889824e-01 1.823711097e-01 1.979925185e-01 2.147701383e-01
 2.328415811e-01 2.523648441e-01 2.735145390e-01 2.964760065e-01 3.214549422e-01
 3.488108516e-01 3.732751012e-01 3.899294138e-01 3.999958634e-01 4.041125178e-01
 4.017330408e-01 3.933596909e-01 3.781793118e-01 3.610268235e-01 3.479407728e-01
 1.548886998e-03-2.976949560e-03-1.934150700e-03 1.317962597e-04 1.405778108e-03
 2.117868513e-03 2.449168358e-03 2.532811835e-03 2.466610167e-03 2.323966939e-03
 2.161390614e-03 2.023509005e-03 1.946489792e-03 1.960455207e-03 2.091227565e-03
 2.361619845e-03 2.792404499e-03 3.403082490e-03 4.212533124e-03 5.239559803e-03
 6.502911448e-03 8.021047339e-03 9.811822325e-03 1.189221442e-02 1.427818649e-02
 1.698484458e-02 2.002653293e-02 2.341696247e-02 2.716932818e-02 3.129631653e-02
 3.581030294e-02 4.072366655e-02 4.604914412e-02 5.180015787e-02 5.799116194e-02
 6.463802606e-02 7.175840437e-02 7.937221974e-02 8.750215173e-02 9.617429227e-02
 1.054189652e-01 1.152717471e-01 1.257748306e-01 1.369787753e-01 1.489449739e-01
 1.617487967e-01 1.754840016e-01 1.902688891e-01 2.062546611e-01 2.236371934e-01
 2.426728904e-01 2.636990845e-01 2.871569097e-01 3.136101961e-01 3.437563181e-01
 3.760095239e-01 4.006092846e-01 4.173604846e-01 4.267037809e-01 4.283196926e-01
 4.224318862e-01 4.079115689e-01 3.862042427e-01 3.674903810e-01 3.524109125e-01
-7.716861553e-03-1.261816174e-02-1.137964427e-02-8.914524689e-03-7.053127512e-03
-5.673553329e-03-4.657682031e-03-3.898127237e-03-3.303793259e-03-2.800219692e-03
-2.327588387e-03-1.838003169e-03-1.292811707e-03-6.602939684e-04 8.619317668e-05
 9.696317720e-04 2.010385273e-03 3.226949833e-03 4.636482336e-03 6.255147047e-03
 8.098273538e-03 1.018039882e-02 1.251524780e-02 1.511572767e-02 1.799396798e-02
 2.116142586e-02 2.462903410e-02 2.840737440e-02 3.250686824e-02 3.693800047e-02
 4.171155393e-02 4.683894664e-02 5.233251303e-02 5.820586160e-02 6.447415799e-02
 7.115449011e-02 7.826615870e-02 8.583109826e-02 9.387429804e-02 1.024243757e-01
 1.115143746e-01 1.211827248e-01 1.314746886e-01 1.424441934e-01 1.541564465e-01
 1.666915566e-01 1.801495850e-01 1.946580112e-01 2.103827596e-01 2.275451124e-01
 2.464488894e-01 2.675249577e-01 2.914038301e-01 3.190072477e-01 3.513180614e-01
 3.798430562e-01 4.012939930e-01 4.157188833e-01 4.229085445e-01 4.228214920e-01
 4.141692221e-01 3.962326646e-01 3.768564761e-01 3.606663942e-01 3.470413089e-01
-1.368009672e-02-1.883823611e-02-1.801729575e-02-1.560196374e-02-1.365366392e-02
-1.208766643e-02-1.080433466e-02-9.711025283e-03-8.728446439e-03-7.792150602e-03
-6.851128768e-03-5.865238607e-03-4.802486859e-03-3.636704525e-03-2.345784567e-03
-9.104696801e-04 6.864177412e-04 2.460422926e-03 4.425704945e-03 6.595166400e-03
 8.980527520e-03 1.159238815e-02 1.444030926e-02 1.753291860e-02 2.087806351e-02
 2.448299155e-02 2.835457399e-02 3.249954805e-02 3.692479804e-02 4.163768142e-02
 4.664635286e-02 5.196014047e-02 5.758991465e-02 6.354839355e-02 6.985042989e-02
 7.651326805e-02 8.355666697e-02 9.100315720e-02 9.887820482e-02 1.072105393e-01
 1.160326153e-01 1.253812611e-01 1.352986693e-01 1.458337605e-01 1.570438594e-01
 1.689973176e-01 1.817767918e-01 1.954839081e-01 2.102458775e-01 2.262251526e-01
 2.436346710e-01 2.627637088e-01 2.840310633e-01 3.081488013e-01 3.338780999e-01
 3.554653525e-01 3.720327020e-01 3.832720518e-01 3.890720606e-01 3.885638714e-01
 3.814413548e-01 3.683921397e-01 3.558362126e-01 3.443548083e-01 3.340024948e-01
-1.751382649e-02-2.302785963e-02-2.241048962e-02-2.035572939e-02-1.872846298e-02
-1.738235541e-02-1.619238220e-02-1.506274566e-02-1.392600499e-02-1.273683459e-02
-1.146497205e-02-1.008930616e-02-8.593639359e-03-6.964031607e-03-5.187391303e-03
-3.250963287e-03-1.142363413e-03 1.150115393e-03 3.637132002e-03 6.327996962e-03
 9.230514057e-03 1.235097460e-02 1.569428854e-02 1.926420070e-02 2.306356840e-02
 2.709462866e-02 3.135930374e-02 3.585949168e-02 4.059744254e-02 4.557617754e-02
 5.079995096e-02 5.627479777e-02 6.200901046e-02 6.801353395e-02 7.430224121e-02
 8.089197427e-02 8.780254424e-02 9.505647421e-02 1.026788279e-01 1.106970310e-01
 1.191407964e-01 1.280422509e-01 1.374361813e-01 1.473604888e-01 1.578566432e-01
 1.689702570e-01 1.807515323e-01 1.932550222e-01 2.065385878e-01 2.206593752e-01
 2.356639504e-01 2.515642047e-01 2.682788968e-01 2.855037153e-01 3.023996055e-01
 3.173592985e-01 3.294378519e-01 3.381300569e-01 3.431199789e-01 3.442608118e-01
 3.417065442e-01 3.366115093e-01 3.302981257e-01 3.235166371e-01 3.167170286e-01
-1.852070168e-02-2.439530008e-02-2.451867610e-02-2.342208102e-02-2.270143107e-02
-2.205333672e-02-2.130304836e-02-2.036942914e-02-1.922762766e-02-1.788056642e-02
-1.634121127e-02-1.462280657e-02-1.273416728e-02-1.067815721e-02-8.452109993e-03
-6.049308926e-03-3.460861975e-03-6.775041111e-04 2.308955649e-03 5.504689179e-03
 8.913433179e-03 1.253652945e-02 1.637329534e-02 2.042154409e-02 2.467808314e-02
 2.913912386e-02 3.380057216e-02 3.865829110e-02 4.370843992e-02 4.894798622e-02
 5.437549576e-02 5.999197438e-02 6.580178440e-02 7.181331515e-02 7.803930342e-02
 8.449671417e-02 9.120622277e-02 9.819136560e-02 1.054775789e-01 1.130912900e-01
 1.210592315e-01 1.294079125e-01 1.381632835e-01 1.473503411e-01 1.569927484e-01
 1.671118140e-01 1.777248979e-01 1.888424456e-01 2.004629076e-01 2.125641704e-01
 2.250892967e-01 2.379241288e-01 2.508648336e-01 2.635814548e-01 2.756050527e-01
 2.863919735e-01 2.954513431e-01 3.024282157e-01 3.071284294e-01 3.095359802e-01
 3.098378181e-01 3.084124327e-01 3.057272434e-01 3.022160232e-01 2.982228994e-01
-1.524155866e-02-2.105423622e-02-2.371580154e-02-2.529829368e-02-2.654553577e-02
-2.715301700e-02-2.705812827e-02-2.635183930e-02-2.515509166e-02-2.357735485e-02
-2.170538157e-02-1.960050315e-02-1.729972288e-02-1.481944136e-02-1.216085535e-02
-9.315795265e-03-6.272034720e-03-3.017525189e-03 4.566777498e-04 4.154797643e-03
 8.075963706e-03 1.221486367e-02 1.656306162e-02 2.111044340e-02 2.584632486e-02
 3.075997159e-02 3.584056348e-02 4.107688367e-02 4.645722732e-02 5.196987465e-02
 5.760440975e-02 6.335359812e-02 6.921546906e-02 7.519482076e-02 8.130392432e-02
 8.756212890e-02 9.399435669e-02 1.006289199e-01 1.074949950e-01 1.146205813e-01
 1.220310479e-01 1.297482997e-01 1.377903074e-01 1.461706311e-01 1.548976898e-01
 1.639735699e-01 1.733919382e-01 1.831349730e-01 1.931689233e-01 2.034377605e-01
 2.138553113e-01 2.242959440e-01 2.345867455e-01 2.445053756e-01 2.537904978e-01
 2.621683478e-01 2.693890333e-01 2.752613127e-01 2.796762586e-01 2.826203704e-01
 2.841757536e-01 2.845045924e-01 2.838183939e-01 2.823420465e-01 2.802854180e-01
-1.115741208e-02-1.720328070e-02-2.288907766e-02-2.838218398e-02-3.331734985e-02
-3.490908071e-02-3.494486958e-02-3.395339847e-02-3.226866573e-02-3.012577072e-02
-2.768864855e-02-2.505930513e-02-2.228604443e-02-1.937631518e-02-1.631209254e-02
-1.306377351e-02-9.600600228e-03-5.897595547e-03-1.939807320e-03 2.275715116e-03
 6.740278564e-03 1.143628452e-02 1.634159312e-02 2.143386006e-02 2.669322863e-02
 3.210266680e-02 3.764634952e-02 4.330702871e-02 4.906369001e-02 5.489112064e-02
 6.076250225e-02 6.665460765e-02 7.255339622e-02 7.845786214e-02 8.438167721e-02
 9.035249799e-02 9.640848637e-02 1.025923193e-01 1.089447215e-01 1.155000180e-01
 1.222845092e-01 1.293165386e-01 1.366071105e-01 1.441603452e-01 1.519732773e-01
 1.600351632e-01 1.683260947e-01 1.768149436e-01 1.854567081e-01 1.941895485e-01
 2.029316127e-01 2.115788758e-01 2.200047672e-01 2.280634940e-01 2.355980277e-01
 2.424526066e-01 2.484880090e-01 2.535964847e-01 2.577132285e-01 2.608225048e-01
 2.629575729e-01 2.641937435e-01 2.646363974e-01 2.644071877e-01 2.636305094e-01
-8.987809531e-03-1.582053863e-02-2.325954661e-02-3.169269487e-02-4.100995883e-02
-4.615282640e-02-4.620344192e-02-4.375158623e-02-4.073023051e-02-3.742439300e-02
-3.405834362e-02-3.074631281e-02-2.749224566e-02-2.423083037e-02-2.087189257e-02
-1.732807234e-02-1.352735609e-02-9.418293834e-03-4.973574076e-03-1.933542953e-04
 4.894438665e-03 1.024143212e-02 1.579379290e-02 2.150686085e-02 2.735148370e-02
 3.331173956e-02 3.937787190e-02 4.553693533e-02 5.176220834e-02 5.800509080e-02
 6.419982761e-02 7.028469443e-02 7.622056454e-02 8.199600130e-02 8.762827516e-02
 9.316595644e-02 9.868555516e-02 1.042715013e-01 1.099919379e-01 1.158908606e-01
 1.219928339e-01 1.283091009e-01 1.348416209e-01 1.415850520e-01 1.485273540e-01
 1.556495726e-01 1.629250348e-01 1.703183055e-01 1.777839065e-01 1.852651983e-01
 1.926937103e-01 1.999891698e-01 2.070608884e-01 2.138109803e-01 2.201393098e-01
 2.259499133e-01 2.311584353e-01 2.356989831e-01 2.395295948e-01 2.426352203e-01
 2.450278252e-01 2.467435896e-01 2.478378266e-01 2.483786941e-01 2.484406978e-01
-6.285032723e-03-1.330508664e-02-2.121834084e-02-3.049115464e-02-4.149013013e-02
-4.975271970e-02-5.398103595e-02-5.400743708e-02-4.981310293e-02-4.446385801e-02
-3.978501260e-02-3.586727381e-02-3.243958578e-02-2.918293327e-02-2.584606223e-02
-2.225458249e-02-1.828640699e-02-1.385456696e-02-8.905587718e-03-3.435076447e-03
 2.484599361e-03 8.705030195e-03 1.507501677e-02 2.150918171e-02 2.798574977e-02
 3.451904655e-02 4.113867506e-02 4.787504300e-02 5.473979563e-02 6.166497618e-02
 6.841923296e-02 7.482188940e-02 8.081935346e-02 8.639614284e-02 9.155509621e-02
 9.634795785e-02 1.009842008e-01 1.057281047e-01 1.106757671e-01 1.158462539e-01
 1.212375015e-01 1.268399656e-01 1.326402128e-01 1.386217326e-01 1.447643042e-01
 1.510434151e-01 1.574294567e-01 1.638869643e-01 1.703739613e-01 1.768418252e-01
 1.832351983e-01 1.894928217e-01 1.955488473e-01 2.013351768e-01 2.067843974e-01
 2.118333876e-01 2.164270729e-01 2.205219567e-01 2.240887433e-01 2.271139622e-01
 2.296001017e-01 2.315644324e-01 2.330367267e-01 2.340562046e-01 2.346681952e-01
-2.227412071e-03-8.641175926e-03-1.569504105e-02-2.349990048e-02-3.205393627e-02
-4.114573076e-02-4.912867397e-02-5.310962722e-02-5.263154209e-02-4.731661081e-02
-4.214494303e-02-3.894777596e-02-3.666160628e-02-3.427850083e-02-3.152677417e-02
-2.827602625e-02-2.441873401e-02-1.984234713e-02-1.441828441e-02-8.006823249e-03
-5.600593286e-04 7.194436621e-03 1.464226469e-02 2.182405815e-02 2.885043994e-02
 3.583244234e-02 4.287853464e-02 5.010394007e-02 5.765031278e-02 6.570316106e-02
 7.326365262e-02 8.002192527e-02 8.609396964e-02 9.142777324e-02 9.599863738e-02
 9.969155490e-02 1.028887480e-01 1.066489443e-01 1.108081192e-01 1.152773947e-01
 1.200021952e-01 1.249449253e-01 1.300764382e-01 1.353708953e-01 1.408027112e-01
 1.463446468e-01 1.519666314e-01 1.576351225e-01 1.633128524e-01 1.689586639e-01
 1.745280325e-01 1.799735427e-01 1.852461994e-01 1.902966946e-01 1.950773895e-01
 1.995443404e-01 2.036592066e-01 2.073913217e-01 2.107189298e-01 2.136301994e-01
 2.161232978e-01 2.182058394e-01 2.198939025e-01 2.212103307e-01 2.221830487e-01
 2.941350918e-03-2.431947738e-03-8.174931630e-03-1.428288594e-02-2.067258395e-02
-2.717395499e-02-3.354202956e-02-3.947924823e-02-4.275234044e-02-4.036648944e-02
-3.750941902e-02-3.673021495e-02-3.676097095e-02-3.571152315e-02-3.381566331e-02
-3.113329597e-02-2.761836164e-02-2.316923998e-02-1.761293039e-02-1.062371023e-02
-1.601102762e-03 7.570524234e-03 1.565264724e-02 2.313574031e-02 3.030746616e-02
 3.735955060e-02 4.444511980e-02 5.171207339e-02 5.933007970e-02 6.747524440e-02
 7.510686666e-02 8.185101300e-02 8.781073987e-02 9.295558184e-02 9.722664207e-02
 1.004852504e-01 1.031931341e-01 1.064482704e-01 1.101034433e-01 1.140564829e-01
 1.182456240e-01 1.226319820e-01 1.271872669e-01 1.318866909e-01 1.367053688e-01
 1.416168958e-01 1.465928257e-01 1.516025960e-01 1.566134095e-01 1.615906060e-01
 1.664978713e-01 1.712978631e-01 1.759529561e-01 1.804262102e-01 1.846824288e-01
 1.886894256e-01 1.924191713e-01 1.958487779e-01 1.989613473e-01 2.017464936e-01
 2.042003870e-01 2.063256204e-01 2.081305087e-01 2.096284181e-01 2.108365893e-01
 0.232512760E+01 0.236035585E+01 0.238263321E+01 0.240516019E+01 0.243011522E+01
 0.245094275E+01 0.246859670E+01 0.248568225E+01 0.250074148E+01 0.251562738E+01
 0.252893853E+01 0.254242516E+01 0.255383015E+01 0.256514645E+01 0.257658124E+01
 0.258656311E+01 0.259641957E+01 0.260649800E+01 0.261634469E+01 0.262566948E+01
 0.263523722E+01 0.264542794E+01 0.265541029E+01 0.266566205E+01 0.267645192E+01
 0.268796253E+01 0.269982338E+01 0.271217489E+01 0.272552323E+01 0.273977709E+01
 0.275477314E+01 0.277081537E+01 0.278789473E+01 0.280622053E+01 0.282597542E+01
 0.284694648E+01 0.286949015E+01 0.289371705E+01 0.291972256E+01 0.294763851E+01
 0.297761631E+01 0.300994539E+01 0.304477572E+01 0.308237791E+01 0.312288809E+01
 0.316672969E+01 0.321426201E+01 0.326593065E+01 0.332207966E+01 0.338346696E+01
 0.345066643E+01 0.352434587E+01 0.360592079E+01 0.369635820E+01 0.379796910E+01
 0.391200542E+01 0.404209328E+01 0.419256592E+01 0.436875629E+01 0.458030033E+01
 0.484148645E+01 0.518563747E+01 0.567344236E+01 0.651098871E+01 0.152336369E+02
   90   86
 0.107106733E+01-0.100000001E+00 0.106910551E+01 0.000000000E+00 0.107289314E+01
 0.100000001E+00 0.107906246E+01 0.170339152E+00 0.108866763E+01 0.250000000E+00
 0.110539961E+01 0.348617375E+00 0.111502039E+01 0.400000006E+00 0.113218749E+01
 0.481817663E+00 0.114758992E+01 0.550000012E+00 0.115959358E+01 0.600000024E+00
 0.118519568E+01 0.697681725E+00 0.119980681E+01 0.750000000E+00 0.121498215E+01
 0.800838947E+00 0.123843753E+01 0.870645404E+00 0.126421678E+01 0.928226590E+00
 0.129156256E+01 0.965118825E+00 0.133804679E+01 0.992731333E+00 0.139117193E+01
 0.995144308E+00 0.144429684E+01 0.985574007E+00 0.149078131E+01 0.971455336E+00
 0.152877557E+01 0.956995845E+00 0.157710934E+01 0.937161744E+00 0.162359381E+01
 0.912970841E+00 0.165679693E+01 0.894960761E+00 0.170328128E+01 0.865540266E+00
 0.173648429E+01 0.843646526E+00 0.178008032E+01 0.810864449E+00 0.181617188E+01
 0.782969654E+00 0.184522212E+01 0.757923782E+00 0.189157522E+01 0.715992868E+00
 0.192242193E+01 0.686662316E+00 0.194957960E+01 0.658478320E+00 0.199115622E+01
 0.612500012E+00 0.202781940E+01 0.568437219E+00 0.205523443E+01 0.532495737E+00
 0.208179688E+01 0.494323492E+00 0.210835934E+01 0.452459812E+00 0.213492179E+01
 0.406242371E+00 0.216148424E+01 0.354748666E+00 0.218804693E+01 0.296480566E+00
 0.221460938E+01 0.228482753E+00 0.223476481E+01 0.166993380E+00 0.224862742E+01
 0.112500004E+00 0.226057839E+01 0.249999985E-01 0.226054287E+01-0.750000030E-01
 0.225112176E+01-0.149940252E+00 0.223253798E+01-0.230999649E+00 0.221594810E+01
-0.287500024E+00 0.219859409E+01-0.337500006E+00 0.217445540E+01-0.398791373E+00
 0.214820313E+01-0.457861900E+00 0.212164068E+01-0.510520101E+00 0.209507823E+01
-0.557452559E+00 0.206851578E+01-0.599826097E+00 0.204195309E+01-0.638522387E+00
 0.200535583E+01-0.687500000E+00 0.196469533E+01-0.737500012E+00 0.193570316E+01
-0.771334767E+00 0.190914059E+01-0.800581455E+00 0.187333775E+01-0.837500036E+00
 0.182945323E+01-0.881082952E+00 0.180289066E+01-0.906068087E+00 0.176584411E+01
-0.937500000E+00 0.172320318E+01-0.973021746E+00 0.169664073E+01-0.992534995E+00
 0.164440060E+01-0.102896345E+01 0.161695313E+01-0.104607844E+01 0.156508183E+01
-0.107603025E+01 0.153177869E+01-0.109224224E+01 0.148414063E+01-0.111507583E+01
 0.143765628E+01-0.113290751E+01 0.139815295E+01-0.114532149E+01 0.135132813E+01
-0.116007125E+01 0.130484378E+01-0.117066228E+01 0.125171876E+01-0.117697847E+01
 0.119865012E+01-0.117232990E+01 0.118312120E+01-0.114111137E+01 0.118462920E+01
-0.109776616E+01 0.118057632E+01-0.100000000E+01 0.117322493E+01-0.899999976E+00
 0.116238093E+01-0.800000012E+00 0.115511060E+01-0.743663669E+00 0.114148223E+01
-0.649999976E+00 0.113218749E+01-0.588729560E+00 0.111823249E+01-0.500000000E+00
 0.110576200E+01-0.418342948E+00 0.109572244E+01-0.349999994E+00 0.108293009E+01
-0.250000000E+00 0.107803214E+01-0.199198872E+00 0.107106733E+01-0.100000001E+00
 0.101600003E+01 0.000000000E+00 0.101600003E+01 0.963999987E+00 0.101600003E+01
 0.967999995E+00 0.101600003E+01 0.100100005E+01 0.101600003E+01 0.101900005E+01
 0.101600003E+01 0.107700002E+01 0.101600003E+01 0.107000005E+01 0.101600003E+01
 0.109599996E+01 0.101600003E+01 0.111300004E+01 0.101600003E+01 0.113800001E+01
 0.101600003E+01 0.114699996E+01 0.101199996E+01 0.116499996E+01 0.100100005E+01
 0.121700001E+01 0.102900004E+01 0.121700001E+01 0.104200006E+01 0.116240001E+01
 0.104600000E+01 0.116237998E+01 0.105599999E+01 0.116260004E+01 0.109700000E+01
 0.116450000E+01 0.110800004E+01 0.116594005E+01 0.111600006E+01 0.116591001E+01
 0.113399994E+01 0.116895998E+01 0.114800000E+01 0.117174995E+01 0.116199994E+01
 0.117556000E+01 0.118099999E+01 0.118299997E+01 0.118200004E+01 0.118350005E+01
 0.118499994E+01 0.118499994E+01 0.119000006E+01 0.118799996E+01 0.119500005E+01
 0.119099998E+01 0.120099998E+01 0.119599998E+01 0.120899999E+01 0.120200002E+01
 0.121500003E+01 0.120799994E+01 0.122200000E+01 0.121399999E+01 0.122800004E+01
 0.122099996E+01 0.123399997E+01 0.123099995E+01 0.123899996E+01 0.123800004E+01
 0.124199998E+01 0.124399996E+01 0.124800003E+01 0.125399995E+01 0.125800002E+01
 0.127800000E+01 0.126300001E+01 0.128999996E+01 0.127999997E+01 0.133099997E+01
 0.127999997E+01 0.134700000E+01 0.127999997E+01 0.134800005E+01 0.130999994E+01
 0.134800005E+01 0.132799995E+01 0.134800005E+01 0.136099994E+01 0.134800005E+01
 0.138000000E+01 0.134800005E+01 0.141900003E+01 0.134800005E+01 0.141900003E+01
 0.130999994E+01 0.137199998E+01 0.130999994E+01 0.137199998E+01 0.129200006E+01
 0.160800004E+01 0.109500003E+01 0.164699996E+01 0.107700002E+01 0.178499997E+01
 0.107700002E+01 0.206999993E+01 0.103999996E+01 0.212800002E+01 0.992999971E+00
 0.224499989E+01 0.708999991E+00 0.232299995E+01 0.518999994E+00 0.237700009E+01
 0.388999999E+00 0.236249995E+01 0.400000006E+00 0.236443496E+01 0.222000003E+00
 0.236496902E+01 0.133000001E+00 0.236532402E+01 0.439999998E-01 0.236512089E+01
-0.439999998E-01 0.236484194E+01-0.133000001E+00 0.236433411E+01-0.222000003E+00
 0.236249995E+01-0.400000006E+00 0.237700009E+01-0.388999999E+00 0.213400006E+01
-0.972999990E+00 0.178600001E+01-0.117400002E+01 0.176800001E+01-0.121099997E+01
 0.176800001E+01-0.125000000E+01 0.168200004E+01-0.125000000E+01 0.137199998E+01
-0.125000000E+01 0.137199998E+01-0.132900000E+01 0.141999996E+01-0.132900000E+01
 0.141999996E+01-0.136300004E+01 0.127300000E+01-0.136300004E+01 0.115300000E+01
-0.136300004E+01 0.101600003E+01-0.122300005E+01 0.101600003E+01-0.122300005E+01
 0.101600003E+01-0.829999983E+00 0.101600003E+01-0.800000012E+00 0.101600003E+01
-0.414999992E+00 0.101600003E+01-0.400000006E+00 0.101600003E+01-0.100000005E-02
 0.101600003E+01 0.000000000E+00
    0 0.169550002E+01    0
 0.000000000E+00 0.107358880E+00 0.152427524E+00 0.187237456E+00 0.215742528E+00
 0.241721556E+00 0.265671998E+00 0.287713557E+00 0.308340937E+00 0.327885270E+00
 0.346259594E+00 0.363962054E+00 0.380846769E+00 0.397070050E+00 0.412788630E+00
 0.427979261E+00 0.442646652E+00 0.456975639E+00 0.470919281E+00 0.484452128E+00
 0.497705340E+00 0.510689735E+00 0.523387611E+00 0.535778701E+00 0.547992826E+00
 0.560005188E+00 0.571807027E+00 0.583397329E+00 0.594811320E+00 0.606105566E+00
 0.617251992E+00 0.628251731E+00 0.639114618E+00 0.649885356E+00 0.660547972E+00
 0.671115398E+00 0.681603312E+00 0.692012429E+00 0.702366829E+00 0.712663352E+00
 0.722911656E+00 0.733117461E+00 0.743312776E+00 0.753475547E+00 0.763640523E+00
 0.773807645E+00 0.783982456E+00 0.794196248E+00 0.804432869E+00 0.814731538E+00
 0.825096846E+00 0.835529566E+00 0.846082449E+00 0.856740117E+00 0.867569327E+00
 0.878541470E+00 0.889723182E+00 0.901167572E+00 0.912913322E+00 0.925030947E+00
 0.937586069E+00 0.950812757E+00 0.964876652E+00 0.980352342E+00 0.100000000E+01
    0
