  EFITD    06/25/2013    #1553353000.0ms  EFIT01   0  65  65
 0.170000005E+01 0.320000005E+01 0.169550002E+01 0.839999974E+00 0.000000000E+00
 0.180123961E+01-0.444346592E-01-0.163832828E+00 0.123721957E-01 0.165581644E+01
 0.102075344E+07-0.163832828E+00 0.000000000E+00 0.180123961E+01 0.000000000E+00
-0.444346592E-01 0.000000000E+00 0.123721957E-01 0.000000000E+00 0.000000000E+00
 0.277035880E+01 0.277265620E+01 0.277485251E+01 0.277695012E+01 0.277895141E+01
 0.278085852E+01 0.278267431E+01 0.278440094E+01 0.278604031E+01 0.278759551E+01
 0.278906798E+01 0.279046082E+01 0.279177570E+01 0.279301500E+01 0.279418135E+01
 0.279527664E+01 0.279630303E+01 0.279726315E+01 0.279815888E+01 0.279899263E+01
 0.279976654E+01 0.280048275E+01 0.280114341E+01 0.280175090E+01 0.280230713E+01
 0.280281472E+01 0.280327511E+01 0.280369139E+01 0.280406499E+01 0.280439854E+01
 0.280469394E+01 0.280495358E+01 0.280517912E+01 0.280537319E+01 0.280553794E+01
 0.280567527E+01 0.280578756E+01 0.280587673E+01 0.280594516E+01 0.280599475E+01
 0.280602789E+01 0.280604672E+01 0.280605316E+01 0.280604935E+01 0.280603790E+01
 0.280602050E+01 0.280599928E+01 0.280597663E+01 0.280595469E+01 0.280593538E+01
 0.280592084E+01 0.280591345E+01 0.280591536E+01 0.280592871E+01 0.280595541E+01
 0.280599785E+01 0.280605817E+01 0.280613804E+01 0.280624032E+01 0.280636644E+01
 0.280651927E+01 0.280670071E+01 0.280691242E+01 0.280715704E+01 0.280743670E+01
 0.916869844E+05 0.890948047E+05 0.865394297E+05 0.840208750E+05 0.815391250E+05
 0.790941875E+05 0.766860703E+05 0.743147578E+05 0.719802500E+05 0.696825703E+05
 0.674216875E+05 0.651976211E+05 0.630103711E+05 0.608599336E+05 0.587463008E+05
 0.566694844E+05 0.546294805E+05 0.526262852E+05 0.506599062E+05 0.487303359E+05
 0.468375781E+05 0.449816289E+05 0.431625000E+05 0.413801758E+05 0.396346641E+05
 0.379259688E+05 0.362540820E+05 0.346190039E+05 0.330207461E+05 0.314592930E+05
 0.299346543E+05 0.284468281E+05 0.269958125E+05 0.255816094E+05 0.242042188E+05
 0.228636387E+05 0.215598711E+05 0.202929160E+05 0.190627715E+05 0.178694395E+05
 0.167129199E+05 0.155932119E+05 0.145103145E+05 0.134642305E+05 0.124549580E+05
 0.114824980E+05 0.105468486E+05 0.964801172E+04 0.878598633E+04 0.796077344E+04
 0.717237207E+04 0.642078223E+04 0.570600488E+04 0.502803906E+04 0.438688525E+04
 0.378254346E+04 0.321501318E+04 0.268429492E+04 0.219038867E+04 0.173329419E+04
 0.131301160E+04 0.929540894E+03 0.582882080E+03 0.273035095E+03 0.000000000E+00
 0.236319733E+01 0.226210833E+01 0.216320682E+01 0.206649280E+01 0.197196615E+01
 0.187962711E+01 0.178947556E+01 0.170151138E+01 0.161573470E+01 0.153214550E+01
 0.145074391E+01 0.137152958E+01 0.129450297E+01 0.121966362E+01 0.114701188E+01
 0.107654750E+01 0.100827074E+01 0.942181408E+00 0.878279567E+00 0.816565156E+00
 0.757038236E+00 0.699698806E+00 0.644546866E+00 0.591582358E+00 0.540805399E+00
 0.492215842E+00 0.445813805E+00 0.401599228E+00 0.359572142E+00 0.319732547E+00
 0.282080382E+00 0.246615753E+00 0.213338569E+00 0.182248875E+00 0.153346658E+00
 0.126631916E+00 0.102104649E+00 0.797648653E-01 0.596125573E-01 0.416477285E-01
 0.258703753E-01 0.122805024E-01 0.878106570E-03-0.833681226E-02-0.153642511E-01
-0.202042144E-01-0.228566974E-01-0.233217031E-01-0.215992332E-01-0.176892839E-01
-0.115918554E-01-0.330694881E-02 0.716543477E-02 0.198252946E-01 0.346726365E-01
 0.517074540E-01 0.709297508E-01 0.923395231E-01 0.115936771E+00 0.141721502E+00
 0.169693708E+00 0.199853390E+00 0.232200563E+00 0.266735196E+00 0.303457320E+00
-0.948199688E+06-0.934829125E+06-0.921458562E+06-0.908088062E+06-0.894717500E+06
-0.881347000E+06-0.867976438E+06-0.854605875E+06-0.841235375E+06-0.827864812E+06
-0.814494312E+06-0.801123750E+06-0.787753250E+06-0.774382688E+06-0.761012125E+06
-0.747641562E+06-0.734271000E+06-0.720900500E+06-0.707529938E+06-0.694159438E+06
-0.680788875E+06-0.667418375E+06-0.654047812E+06-0.640677250E+06-0.627306750E+06
-0.613936188E+06-0.600565688E+06-0.587195125E+06-0.573824562E+06-0.560454000E+06
-0.547083500E+06-0.533712938E+06-0.520342406E+06-0.506971875E+06-0.493601344E+06
-0.480230812E+06-0.466860250E+06-0.453489719E+06-0.440119188E+06-0.426748625E+06
-0.413378094E+06-0.400007562E+06-0.386637031E+06-0.373266500E+06-0.359895969E+06
-0.346525438E+06-0.333154875E+06-0.319784312E+06-0.306413781E+06-0.293043250E+06
-0.279672719E+06-0.266302188E+06-0.252931641E+06-0.239561094E+06-0.226190562E+06
-0.212820016E+06-0.199449469E+06-0.186078938E+06-0.172708406E+06-0.159337859E+06
-0.145967328E+06-0.132596781E+06-0.119226242E+06-0.105855703E+06-0.924851719E+05
 4.560161754e-02 4.413037002e-02 4.269556701e-02 4.123196751e-02 3.966877982e-02
 3.791587427e-02 3.584579378e-02 3.327921033e-02 2.934014611e-02 2.302254736e-02
 1.541340817e-02 6.288086530e-03-2.960677724e-03-9.372205473e-03-1.359063294e-02
-1.589065231e-02-1.634186320e-02-1.488945354e-02-1.131642610e-02-5.140427966e-03
 4.583396018e-03 1.482184418e-02 2.326750569e-02 3.071139194e-02 3.759631515e-02
 4.419536144e-02 5.070433021e-02 5.728982016e-02 6.412268430e-02 7.138423622e-02
 7.818760723e-02 8.425149322e-02 8.968258649e-02 9.442856908e-02 9.845516831e-02
 1.016568467e-01 1.043859050e-01 1.075922325e-01 1.111382917e-01 1.149439961e-01
 1.189643145e-01 1.231726333e-01 1.275497526e-01 1.320775300e-01 1.367358863e-01
 1.415018737e-01 1.463495791e-01 1.512502134e-01 1.561723799e-01 1.610822529e-01
 1.659440398e-01 1.707205027e-01 1.753736436e-01 1.798656732e-01 1.841601282e-01
 1.882230639e-01 1.920242161e-01 1.955381781e-01 1.987452954e-01 2.016323209e-01
 2.041926533e-01 2.064262629e-01 2.083391845e-01 2.099428177e-01 2.112529427e-01
 4.217387736e-02 4.069158435e-02 3.946283087e-02 3.847686946e-02 3.767666593e-02
 3.693502769e-02 3.564628959e-02 3.295449540e-02 2.858444490e-02 2.234886959e-02
 1.555464789e-02 8.550270461e-03 2.005815506e-03-3.018510062e-03-6.432321388e-03
-8.270621300e-03-8.533240296e-03-7.164673414e-03-4.052754492e-03 9.511959506e-04
 7.855091244e-03 1.545263920e-02 2.265120298e-02 2.944874391e-02 3.597946465e-02
 4.238057137e-02 4.878084362e-02 5.530949309e-02 6.211446226e-02 6.935678422e-02
 7.618419826e-02 8.230701834e-02 8.782266825e-02 9.271569550e-02 9.694526345e-02
 1.004016548e-01 1.034701765e-01 1.070539653e-01 1.110247746e-01 1.153008267e-01
 1.198320910e-01 1.245853007e-01 1.295353025e-01 1.346598864e-01 1.399366111e-01
 1.453409046e-01 1.508450061e-01 1.564173549e-01 1.620223224e-01 1.676201224e-01
 1.731671840e-01 1.786166131e-01 1.839192510e-01 1.890251040e-01 1.938849688e-01
 1.984525621e-01 2.026865184e-01 2.065524906e-01 2.100247741e-01 2.130872905e-01
 2.157341689e-01 2.179694176e-01 2.198059261e-01 2.212641239e-01 2.223701924e-01
 3.768458590e-02 3.618810698e-02 3.520465270e-02 3.484083340e-02 3.508896753e-02
 3.457500041e-02 3.291649744e-02 2.999137901e-02 2.570888773e-02 2.101757936e-02
 1.640934311e-02 1.206999552e-02 8.226681501e-03 5.136195570e-03 2.992064459e-03
 1.909858431e-03 1.956894295e-03 3.170999698e-03 5.555855576e-03 9.050069377e-03
 1.347813010e-02 1.854745857e-02 2.396362461e-02 2.954314090e-02 3.521222621e-02
 4.096208885e-02 4.681538790e-02 5.280658975e-02 5.896479636e-02 6.525289267e-02
 7.139138132e-02 7.719636708e-02 8.264101297e-02 8.771731704e-02 9.242060035e-02
 9.677378088e-02 1.010014117e-01 1.054162309e-01 1.100809276e-01 1.149967611e-01
 1.201544553e-01 1.255418211e-01 1.311450303e-01 1.369481385e-01 1.429322511e-01
 1.490744948e-01 1.553470939e-01 1.617165655e-01 1.681430191e-01 1.745797694e-01
 1.809732616e-01 1.872635186e-01 1.933852583e-01 1.992699504e-01 2.048484534e-01
 2.100545764e-01 2.148288488e-01 2.191222310e-01 2.228991985e-01 2.261397690e-01
 2.288402915e-01 2.310126424e-01 2.326822579e-01 2.338852733e-01 2.346652299e-01
 3.147787601e-02 2.973496541e-02 2.876665629e-02 2.862813696e-02 2.908574976e-02
 2.852827683e-02 2.667019889e-02 2.418284491e-02 2.152329870e-02 1.878144033e-02
 1.607724465e-02 1.354932971e-02 1.134527009e-02 9.609390050e-03 8.467513137e-03
 8.016610518e-03 8.321594447e-03 9.414434433e-03 1.129129343e-02 1.390791778e-02
 1.717899926e-02 2.098962851e-02 2.521941811e-02 2.976667322e-02 3.455953673e-02
 3.955352679e-02 4.472185299e-02 5.004301667e-02 5.548685417e-02 6.100198627e-02
 6.651807576e-02 7.197036594e-02 7.731966674e-02 8.255428821e-02 8.768942207e-02
 9.277146310e-02 9.787759930e-02 1.030932292e-01 1.084834039e-01 1.140867323e-01
 1.199229360e-01 1.259999424e-01 1.323178411e-01 1.388705373e-01 1.456461698e-01
 1.526267529e-01 1.597872376e-01 1.670944542e-01 1.745057404e-01 1.819676608e-01
 1.894151270e-01 1.967709363e-01 2.039467394e-01 2.108453810e-01 2.173652798e-01
 2.234064937e-01 2.288779914e-01 2.337049693e-01 2.378351688e-01 2.412427813e-01
 2.439297587e-01 2.459239215e-01 2.472745478e-01 2.480462044e-01 2.483121902e-01
 2.264547534e-02 2.025661431e-02 1.929603517e-02 1.945892908e-02 2.002049610e-02
 1.987328753e-02 1.934690215e-02 1.850483567e-02 1.742227189e-02 1.618801430e-02
 1.490245666e-02 1.367325336e-02 1.260963362e-02 1.181598660e-02 1.138546690e-02
 1.139467582e-02 1.189998910e-02 1.293531340e-02 1.451098826e-02 1.661415398e-02
 1.921151206e-02 2.225516737e-02 2.569073811e-02 2.946528606e-02 3.353258967e-02
 3.785465285e-02 4.240000993e-02 4.714026302e-02 5.204650015e-02 5.708759278e-02
 6.223203242e-02 6.745286286e-02 7.273306698e-02 7.806911319e-02 8.347227424e-02
 8.896795660e-02 9.459222108e-02 1.003854796e-01 1.063856706e-01 1.126239374e-01
 1.191233769e-01 1.258995980e-01 1.329615712e-01 1.403121054e-01 1.479479074e-01
 1.558587849e-01 1.640264243e-01 1.724224538e-01 1.810059100e-01 1.897202432e-01
 1.984900385e-01 2.072182447e-01 2.157848626e-01 2.240485251e-01 2.318527550e-01
 2.390369922e-01 2.454514951e-01 2.509730756e-01 2.555185556e-01 2.590530217e-01
 2.615922689e-01 2.631980181e-01 2.639673650e-01 2.640188038e-01 2.634779811e-01
 8.931833319e-03 4.350529984e-03 5.791769363e-03 8.577226661e-03 1.064699609e-02
 1.213294733e-02 1.309094485e-02 1.360382605e-02 1.376448385e-02 1.366934646e-02
 1.341615058e-02 1.310194936e-02 1.282057539e-02 1.265970524e-02 1.269789319e-02
 1.300198399e-02 1.362514403e-02 1.460566185e-02 1.596662216e-02 1.771659404e-02
 1.985143684e-02 2.235713415e-02 2.521324344e-02 2.839627676e-02 3.188234195e-02
 3.564869985e-02 3.967420012e-02 4.393906891e-02 4.842456058e-02 5.311314762e-02
 5.798950046e-02 6.304215640e-02 6.826536357e-02 7.366046309e-02 7.923649251e-02
 8.500963449e-02 9.100171179e-02 9.723785520e-02 1.037440002e-01 1.105449125e-01
 1.176627651e-01 1.251165718e-01 1.329218447e-01 1.410902739e-01 1.496291608e-01
 1.585404575e-01 1.678189933e-01 1.774497926e-01 1.874040961e-01 1.976337433e-01
 2.080636919e-01 2.185829282e-01 2.290352881e-01 2.392139137e-01 2.488659620e-01
 2.577133775e-01 2.654880881e-01 2.719695270e-01 2.770137191e-01 2.805703580e-01
 2.826883197e-01 2.835058570e-01 2.832240164e-01 2.820695937e-01 2.802624106e-01
-1.571826520e-03-7.444528397e-03-4.935394973e-03-9.489204967e-05 3.607190214e-03
 6.405385677e-03 8.482608013e-03 9.978028014e-03 1.101038046e-02 1.168772485e-02
 1.211105008e-02 1.237531938e-02 1.256895345e-02 1.277283765e-02 1.305927616e-02
 1.349118631e-02 1.412155293e-02 1.499307249e-02 1.613812894e-02 1.757923327e-02
 1.933001913e-02 2.139663696e-02 2.377940528e-02 2.647438832e-02 2.947488986e-02
 3.277264908e-02 3.635873646e-02 4.022416100e-02 4.436040297e-02 4.875997826e-02
 5.341718346e-02 5.832895637e-02 6.349570304e-02 6.892193109e-02 7.461657375e-02
 8.059278876e-02 8.686742932e-02 9.346017987e-02 1.003926247e-01 1.076873541e-01
 1.153673157e-01 1.234553829e-01 1.319741160e-01 1.409455091e-01 1.503906995e-01
 1.603292525e-01 1.707778871e-01 1.817481667e-01 1.932423413e-01 2.052463591e-01
 2.177181840e-01 2.305685729e-01 2.436321080e-01 2.566288412e-01 2.691338658e-01
 2.806057334e-01 2.905072272e-01 2.984204590e-01 3.040865362e-01 3.074194193e-01
 3.085310161e-01 3.077448010e-01 3.055232465e-01 3.023303151e-01 2.985472679e-01
-6.415474694e-03-1.275587454e-02-9.776732884e-03-4.384095781e-03-3.667021520e-05
 3.404759569e-03 6.070540752e-03 8.087352850e-03 9.573644027e-03 1.063879672e-02
 1.138356607e-02 1.190220471e-02 1.228057593e-02 1.259566937e-02 1.291557122e-02
 1.330027543e-02 1.380297448e-02 1.446996816e-02 1.534044836e-02 1.644654199e-02
 1.781377383e-02 1.946186088e-02 2.140563168e-02 2.365508862e-02 2.621634491e-02
 2.909267880e-02 3.228547424e-02 3.579502180e-02 3.962118179e-02 4.376398027e-02
 4.822427407e-02 5.300436169e-02 5.810858309e-02 6.354376674e-02 6.931951642e-02
 7.544833422e-02 8.194555342e-02 8.882920444e-02 9.611975402e-02 1.038400084e-01
 1.120150313e-01 1.206722558e-01 1.298418045e-01 1.395568848e-01 1.498543620e-01
 1.607753336e-01 1.723656803e-01 1.846762896e-01 1.977624595e-01 2.116815299e-01
 2.264862061e-01 2.422081232e-01 2.588175535e-01 2.761288285e-01 2.935928106e-01
 3.097126186e-01 3.231576085e-01 3.333336115e-01 3.398659825e-01 3.425351381e-01
 3.413249552e-01 3.369568288e-01 3.310152590e-01 3.244017661e-01 3.176519573e-01
-6.284853909e-03-1.269523427e-02-9.913031012e-03-4.504090175e-03-8.771245484e-05
 3.428156488e-03 6.156123243e-03 8.215775713e-03 9.723339230e-03 1.078546792e-02
 1.149359997e-02 1.194663346e-02 1.222843211e-02 1.241108030e-02 1.255466789e-02
 1.271087397e-02 1.293271780e-02 1.327020489e-02 1.376844756e-02 1.446693018e-02
 1.539958641e-02 1.659592427e-02 1.808458008e-02 1.988579147e-02 2.201456390e-02
 2.448224649e-02 2.729769610e-02 3.046826273e-02 3.400003165e-02 3.789831698e-02
 4.216830432e-02 4.681567848e-02 5.184717104e-02 5.727099627e-02 6.309723854e-02
 6.933817267e-02 7.600843906e-02 8.312536031e-02 9.070903808e-02 9.878277034e-02
 1.073734164e-01 1.165120751e-01 1.262349039e-01 1.365844160e-01 1.476110816e-01
 1.593755633e-01 1.719517112e-01 1.854307503e-01 1.999271065e-01 2.155867666e-01
 2.326002568e-01 2.512238026e-01 2.718192637e-01 2.949515879e-01 3.211035430e-01
 3.447219133e-01 3.633470833e-01 3.768425286e-01 3.849158585e-01 3.868966997e-01
 3.825752735e-01 3.709709644e-01 3.581665456e-01 3.463837802e-01 3.357365727e-01
-1.857490279e-03-8.163340390e-03-5.664586090e-03-5.642788019e-04 3.464667592e-03
 6.541256327e-03 8.819080889e-03 1.044323575e-02 1.154476684e-02 1.224329509e-02
 1.253824774e-02 1.261132117e-02 1.253095828e-02 1.236364804e-02 1.214769296e-02
 1.189140975e-02 1.166281290e-02 1.152181812e-02 1.152147073e-02 1.170782559e-02
 1.211868413e-02 1.278047822e-02 1.376184728e-02 1.508158166e-02 1.675758883e-02
 1.880504191e-02 2.123661898e-02 2.406584658e-02 2.730322443e-02 3.095709905e-02
 3.503472358e-02 3.954333439e-02 4.449051619e-02 4.988462850e-02 5.573531985e-02
 6.205394119e-02 6.885392964e-02 7.615122944e-02 8.396476507e-02 9.231697023e-02
 1.012345403e-01 1.107493341e-01 1.208996251e-01 1.317318082e-01 1.433027089e-01
 1.556826681e-01 1.689601243e-01 1.832479239e-01 1.986926943e-01 2.154891789e-01
 2.339024544e-01 2.543043494e-01 2.772330642e-01 3.034806848e-01 3.341404498e-01
 3.655806482e-01 3.899393380e-01 4.071118832e-01 4.172478318e-01 4.202332795e-01
 4.150377810e-01 4.010726810e-01 3.808676004e-01 3.637736738e-01 3.494426608e-01
 7.002368569e-03 8.515421650e-04 3.447203431e-03 7.769099437e-03 1.073692925e-02
 1.271270122e-02 1.394637860e-02 1.461486984e-02 1.484683622e-02 1.473941840e-02
 1.436543930e-02 1.380307134e-02 1.311748661e-02 1.236734726e-02 1.153531857e-02
 1.066123880e-02 9.809404612e-03 9.040948004e-03 8.413177915e-03 7.979204878e-03
 7.787879556e-03 7.884500548e-03 8.313633502e-03 9.110444225e-03 1.030214876e-02
 1.190672815e-02 1.392876357e-02 1.640162617e-02 1.933698915e-02 2.274238504e-02
 2.662333101e-02 3.098728694e-02 3.584125638e-02 4.119203240e-02 4.704745859e-02
 5.341671407e-02 6.031071022e-02 6.774261594e-02 7.572837174e-02 8.428731561e-02
 9.344296902e-02 1.032239273e-01 1.136651263e-01 1.248093694e-01 1.367095411e-01
 1.494313776e-01 1.630573422e-01 1.776919365e-01 1.934690475e-01 2.105621994e-01
 2.291983813e-01 2.496765852e-01 2.723895013e-01 2.978444397e-01 3.266769052e-01
 3.594539165e-01 3.873099685e-01 4.072456956e-01 4.195378721e-01 4.242756069e-01
 4.216573834e-01 4.106408060e-01 3.910265863e-01 3.709691763e-01 3.548877835e-01
 2.354803123e-02 1.858159900e-02 1.935746707e-02 2.105186693e-02 2.160744369e-02
 2.155410871e-02 2.109292895e-02 2.032786794e-02 1.932582073e-02 1.813704334e-02
 1.680387929e-02 1.536664646e-02 1.386386994e-02 1.233324967e-02 1.071376633e-02
 9.065805003e-03 7.450724021e-03 5.929258652e-03 4.560416564e-03 3.400743473e-03
 2.503856551e-03 1.920171781e-03 1.696561696e-03 1.875037095e-03 2.492264612e-03
 3.579319222e-03 5.161958747e-03 7.262815256e-03 9.894852526e-03 1.305712853e-02
 1.673942246e-02 2.095796540e-02 2.571831644e-02 3.102130815e-02 3.687205911e-02
 4.327626899e-02 5.024067685e-02 5.777394027e-02 6.588703394e-02 7.459379733e-02
 8.391150087e-02 9.386157244e-02 1.044704020e-01 1.157703921e-01 1.278012097e-01
 1.406113654e-01 1.542600840e-01 1.688195616e-01 1.843774617e-01 2.010394931e-01
 2.189313918e-01 2.381995320e-01 2.590082884e-01 2.815345228e-01 3.059666455e-01
 3.325647414e-01 3.597461581e-01 3.792282641e-01 3.920229971e-01 3.986647725e-01
 3.989208341e-01 3.933020234e-01 3.809514344e-01 3.634691834e-01 3.494175076e-01
 4.739775509e-02 4.560153559e-02 4.130630195e-02 3.738583997e-02 3.436340764e-02
 3.170885518e-02 2.921155095e-02 2.677560225e-02 2.435459197e-02 2.192716114e-02
 1.948642731e-02 1.703483798e-02 1.458102558e-02 1.213785261e-02 9.625375271e-03
 7.102699019e-03 4.630281590e-03 2.268741140e-03 7.783915498e-05-1.884317724e-03
-3.561866237e-03-4.901632201e-03-5.853523035e-03-6.370958872e-03-6.411195733e-03
-5.935584661e-03-4.909832496e-03-3.304462414e-03-1.096258522e-03 1.730533317e-03
 5.184049252e-03 9.264630266e-03 1.395485830e-02 1.921773329e-02 2.506895177e-02
 3.150916845e-02 3.853798285e-02 4.615826532e-02 5.437426269e-02 6.319242716e-02
 7.262161374e-02 8.267331123e-02 9.336206317e-02 1.047056690e-01 1.167254895e-01
 1.294465363e-01 1.428972781e-01 1.571089476e-01 1.721138656e-01 1.879420578e-01
 2.046149820e-01 2.221340686e-01 2.404603064e-01 2.594770789e-01 2.789168358e-01
 2.982015610e-01 3.161629140e-01 3.312620819e-01 3.425789475e-01 3.498237729e-01
 3.529859185e-01 3.522570431e-01 3.481476009e-01 3.417747021e-01 3.347112238e-01
 6.413473189e-02 6.326396763e-02 5.744761229e-02 5.118438974e-02 4.586355388e-02
 4.118720815e-02 3.694064170e-02 3.297902644e-02 2.920710109e-02 2.556266449e-02
 2.200557478e-02 1.851076074e-02 1.506366488e-02 1.165722031e-02 8.202002384e-03
 4.756391048e-03 1.380715286e-03-1.864201738e-03-4.918159451e-03-7.722392678e-03
-1.022013556e-02-1.235699747e-02-1.408120617e-02-1.534378063e-02-1.609866694e-02
-1.630287617e-02-1.591673121e-02-1.490428112e-02-1.323401649e-02-1.087977830e-02
-7.821854204e-03-4.048599396e-03 4.410182592e-04 5.635874346e-03 1.151253283e-02
 1.801669970e-02 2.512554079e-02 3.284306079e-02 4.116390273e-02 5.008674040e-02
 5.961094797e-02 6.973718107e-02 8.046711236e-02 9.180319309e-02 1.037480682e-01
 1.163037121e-01 1.294699460e-01 1.432421505e-01 1.576076746e-01 1.725405008e-01
 1.879931390e-01 2.038845271e-01 2.200827152e-01 2.363805771e-01 2.524663508e-01
 2.679003179e-01 2.821312845e-01 2.945893705e-01 3.048175275e-01 3.125494123e-01
 3.177196383e-01 3.204564452e-01 3.210779428e-01 3.200634718e-01 3.179560006e-01
 7.483260334e-02 7.417318225e-02 6.827844679e-02 6.117656454e-02 5.472507328e-02
 4.881997779e-02 4.334644601e-02 3.820317984e-02 3.330771253e-02 2.859573811e-02
 2.401836216e-02 1.953903586e-02 1.513084490e-02 1.077438705e-02 6.382548250e-03
 2.016243758e-03-2.262313850e-03-6.391039584e-03-1.030899957e-02-1.395709720e-02
-1.727848127e-02-2.021873929e-02-2.272595279e-02-2.475062571e-02-2.624561451e-02
-2.716605924e-02-2.746940218e-02-2.711558342e-02-2.606744692e-02-2.429140545e-02
-2.175843902e-02-1.844550110e-02-1.433734037e-02-9.428665042e-03-3.726743162e-03
 2.744917059e-03 9.946035221e-03 1.780538633e-02 2.626041323e-02 3.531394526e-02
 4.495389387e-02 5.517094582e-02 6.595490873e-02 7.729457319e-02 8.917692304e-02
 1.015857160e-01 1.144996211e-01 1.278896779e-01 1.417158991e-01 1.559227407e-01
 1.704332530e-01 1.851419508e-01 1.999066770e-01 2.145410627e-01 2.288105488e-01
 2.424372733e-01 2.551192939e-01 2.665644288e-01 2.765301466e-01 2.848557830e-01
 2.914805710e-01 2.964468896e-01 2.998908460e-01 3.020189703e-01 3.030720353e-01
 8.239763230e-02 8.182863891e-02 7.564599812e-02 6.811127812e-02 6.104846299e-02
 5.440468714e-02 4.811658710e-02 4.211949557e-02 3.635352477e-02 3.076625057e-02
 2.531320043e-02 1.995720714e-02 1.466734055e-02 9.418114088e-03 4.137744661e-03
-1.106977346e-03-6.249843165e-03-1.122634672e-02-1.597438194e-02-2.043463290e-02
-2.455071174e-02-2.826910093e-02-3.153894842e-02-3.431177512e-02-3.654112294e-02
-3.818227723e-02-3.919200227e-02-3.952850029e-02-3.915149719e-02-3.802265599e-02
-3.610628471e-02-3.337042406e-02-2.978840470e-02-2.534086257e-02-2.001828887e-02
-1.382413879e-02-6.778302137e-03 1.078406814e-03 9.681632742e-03 1.893164404e-02
 2.874197625e-02 3.910627961e-02 5.000280961e-02 6.140950695e-02 7.330235839e-02
 8.565321565e-02 9.842803329e-02 1.115849838e-01 1.250719577e-01 1.388237476e-01
 1.527588814e-01 1.667763740e-01 1.807532161e-01 1.945432574e-01 2.079791874e-01
 2.208784521e-01 2.330542207e-01 2.443300784e-01 2.545560002e-01 2.636222839e-01
 2.714682817e-01 2.780850232e-01 2.835113704e-01 2.878242731e-01 2.911252379e-01
 8.737225085e-02 8.679088950e-02 8.037687093e-02 7.260275632e-02 6.519743055e-02
 5.810952932e-02 5.129037052e-02 4.469296709e-02 3.827380389e-02 3.199329227e-02
 2.581563219e-02 1.970812120e-02 1.363957766e-02 7.576781325e-03 1.480196603e-03
-4.574546590e-03-1.051612850e-02-1.627724245e-02-2.179461159e-02-2.700896747e-02
-3.186488897e-02-3.631048277e-02-4.029689729e-02-4.377780855e-02-4.670882598e-02
-4.904693738e-02-5.075004324e-02-5.177659169e-02-5.208544433e-02-5.163595825e-02
-5.038837716e-02-4.830460995e-02-4.534942284e-02-4.149216041e-02-3.670898825e-02
-3.098575398e-02-2.432148904e-02-1.673247665e-02-8.256786503e-03 1.040556235e-03
 1.106393617e-02 2.167124487e-02 3.277530894e-02 4.434900731e-02 5.636498332e-02
 6.878896058e-02 8.158088475e-02 9.469429404e-02 1.080748439e-01 1.216587722e-01
 1.353714317e-01 1.491260529e-01 1.628234088e-01 1.763522029e-01 1.895913929e-01
 2.024138123e-01 2.146918625e-01 2.263039798e-01 2.371415049e-01 2.471144348e-01
 2.561553121e-01 2.642208338e-01 2.712909281e-01 2.773663402e-01 2.824651897e-01
 8.980925381e-02 8.906619996e-02 8.281793445e-02 7.502032816e-02 6.750357896e-02
 6.019750610e-02 5.305601284e-02 4.604719952e-02 3.914394975e-02 3.232092410e-02
 2.555413358e-02 1.882151887e-02 1.210453454e-02 5.292147398e-03-1.542605110e-03
-8.325032890e-03-1.498267055e-02-2.144709416e-02-2.765468322e-02-3.354676813e-02
-3.906940669e-02-4.417286813e-02-4.881099984e-02-5.294042453e-02-5.651976913e-02
-5.950887129e-02-6.186807156e-02-6.355764717e-02-6.453736126e-02-6.476631761e-02
-6.420302391e-02-6.280581653e-02-6.053372473e-02-5.734775588e-02-5.321275070e-02
-4.809989408e-02-4.198981822e-02-3.487644717e-02-2.677148953e-02-1.770945080e-02
-7.752886508e-03 3.002243582e-03 1.442500763e-02 2.627574280e-02 3.854738548e-02
 5.119517446e-02 6.417531520e-02 7.744156569e-02 9.094282985e-02 1.046220213e-01
 1.184154674e-01 1.322525293e-01 1.460557729e-01 1.597414464e-01 1.732208133e-01
 1.864019036e-01 1.991916895e-01 2.114984989e-01 2.232338935e-01 2.343141288e-01
 2.446607053e-01 2.542004287e-01 2.628654540e-01 2.705945075e-01 2.773357332e-01
 9.007412940e-02 8.890572935e-02 8.300048113e-02 7.571833581e-02 6.837358326e-02
 6.102164090e-02 5.369256437e-02 4.639339820e-02 3.911959380e-02 3.186020628e-02
 2.460061386e-02 1.732413843e-02 1.001302525e-02 2.581326524e-03-4.880717490e-03
-1.228907052e-02-1.956605725e-02-2.664061636e-02-3.344831243e-02-3.993105516e-02
-4.603657126e-02-5.171760917e-02-5.693107843e-02-6.163703650e-02-6.579771638e-02
-6.937650591e-02-7.233709842e-02-7.464262098e-02-7.625509799e-02-7.713492215e-02
-7.724072039e-02-7.652946562e-02-7.495691627e-02-7.247857004e-02-6.905104220e-02
-6.463410705e-02-5.919336155e-02-5.270367488e-02-4.515338317e-02-3.654929250e-02
-2.692247368e-02-1.633469947e-02-4.885507282e-03 7.279112935e-03 1.997521333e-02
 3.300978616e-02 4.634752125e-02 5.995095521e-02 7.377611101e-02 8.777487278e-02
 1.018956602e-01 1.160836518e-01 1.302809715e-01 1.444269568e-01 1.584585458e-01
 1.723106354e-01 1.859162152e-01 1.992059648e-01 2.121069282e-01 2.245401591e-01
 2.364172488e-01 2.476362586e-01 2.580790818e-01 2.676126063e-01 2.760972977e-01
 9.035355598e-02 8.895698190e-02 8.308291435e-02 7.584034652e-02 6.847902387e-02
 6.102811545e-02 5.352136120e-02 4.597469419e-02 3.839128837e-02 3.076607734e-02
 2.308853343e-02 1.534428913e-02 7.516317070e-03-4.431040725e-04-8.436374366e-03
-1.637377776e-02-2.417397313e-02-3.176405653e-02-3.907930851e-02-4.606258869e-02
-5.266358331e-02-5.883777514e-02-6.454536319e-02-6.975010782e-02-7.441810519e-02
-7.851668447e-02-8.201335371e-02-8.487478644e-02-8.706603944e-02-8.854991943e-02
-8.928654343e-02-8.923317492e-02-8.834438771e-02-8.657258004e-02-8.386894315e-02
-8.018502593e-02-7.547485083e-02-6.969782710e-02-6.282243133e-02-5.483081192e-02
-4.572422430e-02-3.552923352e-02-2.430442534e-02-1.214694977e-02 8.026898140e-04
 1.435567159e-02 2.818846703e-02 4.228774086e-02 5.660821497e-02 7.110821456e-02
 8.574747294e-02 1.004862860e-01 1.152852327e-01 1.301051378e-01 1.449070573e-01
 1.596519351e-01 1.742997468e-01 1.888077110e-01 2.031266391e-01 2.171952426e-01
 2.309308946e-01 2.442164421e-01 2.568837106e-01 2.686994076e-01 2.793711424e-01
 9.080503881e-02 8.932557702e-02 8.325550705e-02 7.572080940e-02 6.813215464e-02
 6.048222259e-02 5.276671052e-02 4.498287663e-02 3.712579980e-02 2.918718196e-02
 2.115514316e-02 1.301362179e-02 4.740208853e-03-3.667280776e-03-1.210603677e-02
-2.048329636e-02-2.871614881e-02-3.673133254e-02-4.446480796e-02-5.186104029e-02
-5.887205526e-02-6.545630097e-02-7.157739997e-02-7.720284164e-02-8.230269700e-02
-8.684833348e-02-9.081120789e-02-9.416183829e-02-9.686879814e-02-9.889792651e-02
-1.002117246e-01-1.007689759e-01-1.005245894e-01-9.942980111e-02-9.743276983e-02
-9.447960556e-02-9.051602334e-02-8.548961580e-02-7.935298979e-02-7.206772268e-02
-6.360933930e-02-5.397322774e-02-4.318152741e-02-3.129071370e-02-1.839976758e-02
-4.659008235e-03 9.720372036e-03 2.447888628e-02 3.944341093e-02 5.458665267e-02
 6.988281012e-02 8.530825377e-02 1.008420438e-01 1.164664850e-01 1.321674585e-01
 1.479345113e-01 1.637605429e-01 1.796404272e-01 1.955680400e-01 2.115303725e-01
 2.274962962e-01 2.433956712e-01 2.590793371e-01 2.742382288e-01 2.882465720e-01
 9.076271951e-02 8.918876201e-02 8.274311572e-02 7.502378523e-02 6.725706905e-02
 5.942676216e-02 5.152150244e-02 4.352989048e-02 3.544037044e-02 2.724111825e-02
 1.892036386e-02 1.046769600e-02 1.797485864e-03-6.989700254e-03-1.579608768e-02
-2.453093603e-02-3.311251476e-02-4.146879911e-02-4.953740165e-02-5.726495385e-02
-6.460612267e-02-7.152242213e-02-7.798089087e-02-8.395269513e-02-8.941172063e-02
-9.433326125e-02-9.869269282e-02-1.024643630e-01-1.056204811e-01-1.081302390e-01
-1.099590436e-01-1.110679284e-01-1.114132330e-01-1.109464988e-01-1.096146852e-01
-1.073608175e-01-1.041251346e-01-9.984682500e-02-9.446647018e-02-8.792941272e-02
-8.019008487e-02-7.121738791e-02-6.100122258e-02-4.956007749e-02-3.694945946e-02
-2.327070944e-02-8.679214865e-03 6.609877106e-03 2.231576666e-02 3.819330037e-02
 5.422874540e-02 7.041265815e-02 8.674093336e-02 1.032159925e-01 1.198479757e-01
 1.366560608e-01 1.536699086e-01 1.709311754e-01 1.884948760e-01 2.064303160e-01
 2.248209566e-01 2.437612712e-01 2.633447349e-01 2.835973799e-01 3.035455048e-01
 8.968476951e-02 8.795494586e-02 8.155518770e-02 7.372025400e-02 6.583284587e-02
 5.787732080e-02 4.983476549e-02 4.168669507e-02 3.341570124e-02 2.500525489e-02
 1.643924229e-02 7.701693103e-03-1.261578291e-03-1.033984963e-02-1.943124831e-02
-2.844372205e-02-3.729569539e-02-4.591622204e-02-5.424464121e-02-6.222981960e-02
-6.982908398e-02-7.700694352e-02-8.373367786e-02-8.998388052e-02-9.573501348e-02
-1.009660214e-01-1.056559533e-01-1.097828075e-01-1.133223400e-01-1.162471250e-01
-1.185256615e-01-1.201216802e-01-1.209936067e-01-1.210942715e-01-1.203708351e-01
-1.187650785e-01-1.162141189e-01-1.126516163e-01-1.080096588e-01-1.022214964e-01
-9.522511810e-02-8.696799725e-02-7.741308957e-02-6.654594839e-02-5.438312516e-02
-4.098144919e-02-2.644764259e-02-1.094761025e-02 5.285398569e-03 2.194539830e-02
 3.875286132e-02 5.570895970e-02 7.282259315e-02 9.011228383e-02 1.076080352e-01
 1.253537834e-01 1.434109211e-01 1.618630588e-01 1.808227301e-01 2.004411221e-01
 2.209225744e-01 2.425490618e-01 2.657270133e-01 2.910920084e-01 3.174954951e-01
 8.803090453e-02 8.614201844e-02 7.967583835e-02 7.178755105e-02 6.386248767e-02
 5.586550757e-02 4.776319489e-02 3.952907026e-02 3.114164062e-02 2.258190513e-02
 1.383056864e-02 4.863861483e-03-4.326345399e-03-1.362612750e-02-2.293226123e-02
-3.215257823e-02-4.120624810e-02-5.002370477e-02-5.854615197e-02-6.672470272e-02
-7.451923937e-02-8.189705014e-02-8.883138746e-02-9.529995918e-02-1.012834385e-01
-1.067640558e-01-1.117241755e-01-1.161451414e-01-1.200060099e-01-1.232825741e-01
-1.259464175e-01-1.279640794e-01-1.292964667e-01-1.298983246e-01-1.297179610e-01
-1.286972612e-01-1.267720163e-01-1.238728017e-01-1.199261844e-01-1.148569658e-01
-1.085910797e-01-1.010596380e-01-9.220422804e-02-8.198355883e-02-7.038144767e-02
-5.741619691e-02-4.315099120e-02-2.770471014e-02-1.126239076e-02 5.916036665e-03
 2.349042520e-02 4.118700325e-02 5.902129784e-02 7.702215016e-02 9.523135424e-02
 1.137063205e-01 1.325245202e-01 1.517899632e-01 1.716420650e-01 1.922684312e-01
 2.139226496e-01 2.369482815e-01 2.618064284e-01 2.890937328e-01 3.182016313e-01
 8.577500284e-02 8.373287320e-02 7.694219798e-02 6.916517019e-02 6.136901677e-02
 5.346101522e-02 4.539857432e-02 3.715814278e-02 2.872408368e-02 2.008479089e-02
 1.123230066e-02 2.068067202e-03-7.299797609e-03-1.676461846e-02-2.622662112e-02
-3.559573740e-02-4.479289800e-02-5.375034362e-02-6.241127849e-02-7.072900236e-02
-7.866574824e-02-8.619134128e-02-9.328165650e-02-9.991712868e-02-1.060812324e-01
-1.117590591e-01-1.169359088e-01-1.215960458e-01-1.257214993e-01-1.292910129e-01
-1.322790831e-01-1.346549988e-01-1.363822520e-01-1.374178380e-01-1.377117932e-01
-1.372070760e-01-1.358395070e-01-1.335383356e-01-1.302270889e-01-1.258251667e-01
-1.202502549e-01-1.134217232e-01-1.052651629e-01-9.571845829e-02-8.473925292e-02
-7.231405377e-02-5.846873298e-02-4.328011349e-02-2.688787878e-02-9.505831636e-03
 8.568848483e-03 2.694956400e-02 4.540276900e-02 6.396969408e-02 8.269552141e-02
 1.016365364e-01 1.208655387e-01 1.404776573e-01 1.605976671e-01 1.813903004e-01
 2.030752748e-01 2.259501517e-01 2.504262030e-01 2.770804465e-01 3.055005670e-01
 8.128599077e-02 7.864170521e-02 7.298698276e-02 6.596127898e-02 5.854738876e-02
 5.085374042e-02 4.290653393e-02 3.471289203e-02 2.627251111e-02 1.758134365e-02
 8.633072488e-03-6.395934033e-04-1.011715177e-02-1.968860440e-02-2.925290726e-02
-3.872016817e-02-4.801227152e-02-5.706286803e-02-6.581687182e-02-7.422950864e-02
-8.226508647e-02-8.989559859e-02-9.709917754e-02-1.038585827e-01-1.101596579e-01
-1.159899235e-01-1.213371530e-01-1.261881590e-01-1.305275112e-01-1.343365759e-01
-1.375924498e-01-1.402670592e-01-1.423263699e-01-1.437297016e-01-1.444291770e-01
-1.443693489e-01-1.434870064e-01-1.417113841e-01-1.389647871e-01-1.351636797e-01
-1.302206218e-01-1.240471154e-01-1.165575013e-01-1.076744124e-01-9.733564407e-02
-8.550277352e-02-7.217139006e-02-5.738280714e-02-4.123637080e-02-2.390144020e-02
-5.626935977e-03 1.325458847e-02 3.217771277e-02 5.115048215e-02 7.019674778e-02
 8.935334533e-02 1.086694747e-01 1.282074451e-01 1.480442435e-01 1.682737023e-01
 1.890094280e-01 2.103895098e-01 2.325886488e-01 2.558717132e-01 2.802365422e-01
 7.842671871e-02 7.561225444e-02 6.993542612e-02 6.310957670e-02 5.590882525e-02
 4.836913198e-02 4.051920027e-02 3.237453103e-02 2.394098043e-02 1.521794870e-02
 6.200637203e-03-3.141623922e-03-1.268730685e-02-2.232404239e-02-3.195038438e-02
-4.147683084e-02-5.082619563e-02-5.993344635e-02-6.874502450e-02-7.721784711e-02
-8.531799167e-02-9.301929921e-02-1.003017873e-01-1.071501076e-01-1.135520935e-01
-1.194972396e-01-1.249753758e-01-1.299753934e-01-1.344840378e-01-1.384849250e-01
-1.419573873e-01-1.448756605e-01-1.472080499e-01-1.489161253e-01-1.499541551e-01
-1.502685249e-01-1.497975439e-01-1.484713554e-01-1.462122500e-01-1.429355443e-01
-1.385511309e-01-1.329656690e-01-1.260862499e-01-1.178250238e-01-1.081056520e-01
-9.687140584e-02-8.409514278e-02-6.979104131e-02-5.402770266e-02-3.694196045e-02
-1.875228435e-02 2.293137222e-04 1.958747394e-02 3.887631744e-02 5.810899660e-02
 7.730550319e-02 9.648932517e-02 1.156849191e-01 1.349144280e-01 1.541919559e-01
 1.735129654e-01 1.928333491e-01 2.120254189e-01 2.307813913e-01 2.484532297e-01
 7.651979476e-02 7.361665368e-02 6.774184853e-02 6.088792905e-02 5.371356010e-02
 4.621911421e-02 3.841040656e-02 3.029160760e-02 2.186317183e-02 1.312035695e-02
 4.050330259e-03-5.340602249e-03-1.492963172e-02-2.460468747e-02-3.426524624e-02
-4.382301494e-02-5.320217088e-02-6.233911961e-02-7.118180394e-02-7.968864590e-02
-8.782727271e-02-9.557303041e-02-1.029074788e-01-1.098168045e-01-1.162903905e-01
-1.223193184e-01-1.278950423e-01-1.330081373e-01-1.376471221e-01-1.417973787e-01
-1.454401910e-01-1.485517621e-01-1.511023790e-01-1.530557126e-01-1.543679684e-01
-1.549875289e-01-1.548543572e-01-1.538999379e-01-1.520474106e-01-1.492121518e-01
-1.453029662e-01-1.402240992e-01-1.338782758e-01-1.261710227e-01-1.170164645e-01
-1.063451096e-01-9.411330521e-02-8.031484485e-02-6.499414891e-02-4.826056585e-02
-3.030264005e-02-1.140073780e-02 8.064359426e-03 2.761015296e-02 4.694626480e-02
 6.608764082e-02 8.504009247e-02 1.038005427e-01 1.223535836e-01 1.406650543e-01
 1.586717963e-01 1.762668341e-01 1.932800561e-01 2.094607800e-01 2.244804353e-01
 7.477464527e-02 7.177449018e-02 6.598213315e-02 5.910531431e-02 5.192483962e-02
 4.443930835e-02 3.664592281e-02 2.854265273e-02 2.012815326e-02 1.140267868e-02
 2.266449621e-03-7.167111151e-03-1.678493060e-02-2.648016252e-02-3.615548089e-02
-4.572485387e-02-5.511425436e-02-6.426165253e-02-7.311640680e-02-8.163826913e-02
-8.979613334e-02-9.756654501e-02-1.049322560e-01-1.118806452e-01-1.184022427e-01
-1.244893372e-01-1.301346123e-01-1.353299022e-01-1.400651038e-01-1.443269998e-01
-1.480983645e-01-1.513569802e-01-1.540748477e-01-1.562173069e-01-1.577423662e-01
-1.586001068e-01-1.587321907e-01-1.580715925e-01-1.565426290e-01-1.540613919e-01
-1.505367160e-01-1.458719224e-01-1.399675161e-01-1.327251345e-01-1.240530238e-01
-1.138731763e-01-1.021305472e-01-8.880424500e-02-7.392051071e-02-5.756696686e-02
-3.990709037e-02-2.119312994e-02-1.775025972e-03 1.789809205e-02 3.726462647e-02
 5.630971119e-02 7.501976192e-02 9.337471426e-02 1.113425270e-01 1.288741976e-01
 1.458984911e-01 1.623168141e-01 1.780000329e-01 1.927900314e-01 2.065098435e-01
 7.349319756e-02 7.043436170e-02 6.457053125e-02 5.767215788e-02 5.048929527e-02
 4.301174730e-02 3.523041680e-02 2.713774890e-02 1.872732304e-02 9.993168525e-03
 8.442612016e-04-8.598891087e-03-1.822173223e-02-2.791792341e-02-3.759128228e-02
-4.715705663e-02-5.654248595e-02-6.568670273e-02-7.454015315e-02-8.306360245e-02
-9.122683853e-02-9.900730103e-02-1.063885689e-01-1.133588329e-01-1.199094355e-01
-1.260334700e-01-1.317244768e-01-1.369751692e-01-1.417763829e-01-1.461159438e-01
-1.499776840e-01-1.533405930e-01-1.561779082e-01-1.584562808e-01-1.601351500e-01
-1.611660123e-01-1.614919603e-01-1.610473096e-01-1.597576290e-01-1.575399786e-01
-1.543037295e-01-1.499522477e-01-1.443851441e-01-1.375021935e-01-1.292082369e-01
-1.194202378e-01-1.080759093e-01-9.514471889e-02-8.064060658e-02-6.463623047e-02
-4.727782309e-02-2.879913710e-02-9.532668628e-03 1.008406933e-02 2.950892039e-02
 4.848014563e-02 6.699211150e-02 8.502648026e-02 1.025520265e-01 1.195235848e-01
 1.358810663e-01 1.515491754e-01 1.664386988e-01 1.804504544e-01 1.934822798e-01
 7.246249169e-02 6.936155260e-02 6.341543794e-02 5.652696267e-02 4.937143996e-02
 4.192497209e-02 3.417229652e-02 2.610252984e-02 1.770704240e-02 8.977863006e-03
-1.631726918e-04-9.596122429e-03-1.920673996e-02-2.888918482e-02-3.854795545e-02
-4.809905961e-02-5.747051165e-02-6.660217047e-02-7.544516027e-02-8.396085352e-02
-9.211960435e-02-9.989935160e-02-1.072841510e-01-1.142626256e-01-1.208265871e-01
-1.269695759e-01-1.326855868e-01-1.379678994e-01-1.428078562e-01-1.471938789e-01
-1.511105299e-01-1.545374990e-01-1.574488282e-01-1.598120779e-01-1.615876257e-01
-1.627279967e-01-1.631772816e-01-1.628708988e-01-1.617353857e-01-1.596887261e-01
-1.566410214e-01-1.524960250e-01-1.471533924e-01-1.405122131e-01-1.324759424e-01
-1.229589581e-01-1.118951589e-01-9.924859554e-02-8.502593637e-02-6.929066777e-02
-5.217782408e-02-3.390819207e-02-1.479969546e-02 4.726334475e-03 2.414715663e-02
 4.303475469e-02 6.138378009e-02 7.917802781e-02 9.639056772e-02 1.129839420e-01
 1.289107502e-01 1.441149414e-01 1.585339904e-01 1.721023172e-01 1.847558618e-01
 7.136034966e-02 6.818729639e-02 6.240304187e-02 5.562845990e-02 4.856876284e-02
 4.119462520e-02 3.349607065e-02 2.546762116e-02 1.710380614e-02 8.398178034e-03
-7.184757851e-04-1.012659632e-02-1.971233450e-02-2.937026508e-02-3.900531307e-02
-4.853391275e-02-5.788445100e-02-6.699714065e-02-7.582336664e-02-8.432472497e-02
-9.247176349e-02-1.002425551e-01-1.076212525e-01-1.145965829e-01-1.211604476e-01
-1.273064911e-01-1.330288202e-01-1.383208334e-01-1.431740671e-01-1.475771368e-01
-1.515148580e-01-1.549672037e-01-1.579085886e-01-1.603069603e-01-1.621231586e-01
-1.633102000e-01-1.638127714e-01-1.635668874e-01-1.624996960e-01-1.605298370e-01
-1.575680375e-01-1.535186023e-01-1.482816190e-01-1.417564303e-01-1.338464022e-01
-1.244654655e-01-1.135464907e-01-1.010517478e-01-8.698530495e-02-7.140690833e-02
-5.444670096e-02-3.631912544e-02-1.733426377e-02 2.096101874e-03 2.146062441e-02
 4.025159404e-02 5.846353620e-02 7.608179748e-02 9.308279306e-02 1.094346419e-01
 1.250982881e-01 1.400290579e-01 1.541789174e-01 1.674992293e-01 1.799441129e-01
 7.028143108e-02 6.690794230e-02 6.155718863e-02 5.510633066e-02 4.818174616e-02
 4.088767990e-02 3.324792907e-02 2.526825108e-02 1.694758423e-02 8.281375282e-03
-7.970886072e-04-1.016845740e-02-1.971916668e-02-2.934405580e-02-3.894825280e-02
-4.844830930e-02-5.777266994e-02-6.686150283e-02-7.566611469e-02-8.414794505e-02
-9.227732569e-02-1.000321135e-01-1.073962227e-01-1.143581122e-01-1.209094226e-01
-1.270435303e-01-1.327543408e-01-1.380349696e-01-1.428767443e-01-1.472681314e-01
-1.511937082e-01-1.546333283e-01-1.575612426e-01-1.599453688e-01-1.617464125e-01
-1.629173905e-01-1.634030640e-01-1.631394774e-01-1.620540321e-01-1.600655764e-01
-1.570852995e-01-1.530179977e-01-1.477644891e-01-1.412249953e-01-1.333039999e-01
-1.239167526e-01-1.129976735e-01-1.005107760e-01-8.646196127e-02-7.091286033e-02
-5.399534851e-02-3.592525050e-02-1.701344922e-02 2.328362549e-03 2.159002423e-02
 4.027076066e-02 5.836521462e-02 7.585909963e-02 9.272973239e-02 1.089468300e-01
 1.244738251e-01 1.392694861e-01 1.532901376e-01 1.664921343e-01 1.788348407e-01
 7.084977627e-02 6.766656041e-02 6.195436791e-02 5.529725179e-02 4.834190756e-02
 4.106549919e-02 3.346133232e-02 2.552565560e-02 1.725399867e-02 8.640416898e-03
-3.875129332e-04-9.711109102e-03-1.921722293e-02-2.880091220e-02-3.836734593e-02
-4.783295467e-02-5.712591484e-02-6.618603319e-02-7.496413589e-02-8.342115581e-02
-9.152685106e-02-9.925848246e-02-1.065993607e-01-1.135373414e-01-1.200634316e-01
-1.261704117e-01-1.318515539e-01-1.370994151e-01-1.419046819e-01-1.462552249e-01
-1.501350105e-01-1.535232961e-01-1.563937515e-01-1.587136239e-01-1.604430974e-01
-1.615346521e-01-1.619324833e-01-1.615723222e-01-1.603812277e-01-1.582780331e-01
-1.551740170e-01-1.509745866e-01-1.455815285e-01-1.388966292e-01-1.308266819e-01
-1.212900802e-01-1.102253944e-01-9.760187566e-02-8.343181014e-02-6.778431684e-02
-5.079967156e-02-3.270280734e-02-1.381398644e-02 5.445804447e-03 2.455746569e-02
 4.311389849e-02 6.110909954e-02 7.852710783e-02 9.534286708e-02 1.115231439e-01
 1.270277500e-01 1.418111473e-01 1.558246315e-01 1.690191329e-01 1.813483983e-01
 7.139376551e-02 6.827472895e-02 6.258861721e-02 5.590988323e-02 4.894687608e-02
 4.168625176e-02 3.411640227e-02 2.622867562e-02 1.801568270e-02 9.470009245e-03
 5.066166050e-04-8.756536990e-03-1.820679381e-02-2.773940563e-02-3.725945204e-02
-4.668300599e-02-5.593769625e-02-6.496260315e-02-7.370774448e-02-8.213314414e-02
-9.020763636e-02-9.790749848e-02-1.052150801e-01-1.121172458e-01-1.186040416e-01
-1.246672794e-01-1.302992404e-01-1.354914755e-01-1.402337253e-01-1.445128173e-01
-1.483117044e-01-1.516085565e-01-1.543760151e-01-1.565802097e-01-1.581802815e-01
-1.591276377e-01-1.593655646e-01-1.588288993e-01-1.574441046e-01-1.551296562e-01
-1.517969817e-01-1.473521441e-01-1.416984349e-01-1.347401440e-01-1.263878047e-01
-1.165650561e-01-1.052175611e-01-9.232354164e-02-7.790635526e-02-6.204818189e-02
-4.490403086e-02-2.671465464e-02-7.816319354e-03 1.135480218e-02 3.026588634e-02
 4.868717492e-02 6.660814583e-02 8.400782943e-02 1.008553430e-01 1.171101257e-01
 1.327224970e-01 1.476346850e-01 1.617830545e-01 1.751013100e-01 1.875249743e-01
 7.227548957e-02 6.923932582e-02 6.347176433e-02 5.682972446e-02 4.990648851e-02
 4.268990085e-02 3.517208621e-02 2.734633535e-02 1.920670271e-02 1.074732468e-02
 1.866110484e-03-7.319935597e-03-1.669905707e-02-2.616685443e-02-3.562821448e-02
-4.499861971e-02-5.420481414e-02-6.318481266e-02-7.188742608e-02-8.027140051e-02
-8.830423653e-02-9.596090019e-02-1.032223478e-01-1.100741252e-01-1.165049076e-01
-1.225051656e-01-1.280658245e-01-1.331770718e-01-1.378272474e-01-1.420017630e-01
-1.456821114e-01-1.488450021e-01-1.514614969e-01-1.534962803e-01-1.549069732e-01
-1.556435227e-01-1.556478590e-01-1.548537314e-01-1.531867981e-01-1.505651623e-01
-1.469005942e-01-1.421003640e-01-1.360701025e-01-1.287180036e-01-1.199603081e-01
-1.097286567e-01-9.797915816e-02-8.470337093e-02-6.994083524e-02-5.379257351e-02
-3.643451259e-02-1.812911406e-02 7.668865146e-04 1.980144717e-02 3.847558051e-02
 5.676900968e-02 7.466019690e-02 9.212110937e-02 1.091140807e-01 1.255894452e-01
 1.414839774e-01 1.567203403e-01 1.712082177e-01 1.848479360e-01 1.975373924e-01
 7.316563278e-02 7.020125538e-02 6.463357806e-02 5.806447938e-02 5.120453984e-02
 4.405012354e-02 3.659759462e-02 2.884426340e-02 2.078831941e-02 1.242986042e-02
 3.654727712e-03-5.430107471e-03-1.471610367e-02-2.409941703e-02-3.348439559e-02
-4.278548062e-02-5.192809552e-02-6.084876508e-02-6.949470192e-02-7.782299817e-02
-8.579943329e-02-9.339722991e-02-1.005956382e-01-1.073784605e-01-1.137326285e-01
-1.196468771e-01-1.251103878e-01-1.301116049e-01-1.346370280e-01-1.386702657e-01
-1.421909630e-01-1.451739371e-01-1.475883424e-01-1.493969858e-01-1.505556107e-01
-1.510124803e-01-1.507079899e-01-1.495746821e-01-1.475375295e-01-1.445146501e-01
-1.404187083e-01-1.351592541e-01-1.286457628e-01-1.207923815e-01-1.115238070e-01
-1.007830799e-01-8.854107559e-02-7.480773330e-02-5.964454636e-02-4.317779094e-02
-2.561108954e-02-7.235752419e-03 1.156331412e-02 3.030854836e-02 4.879145324e-02
 6.700667739e-02 8.494003862e-02 1.025676206e-01 1.198530793e-01 1.367435902e-01
 1.531650722e-01 1.690172553e-01 1.841704994e-01 1.984673887e-01 2.117324919e-01
 7.445534319e-02 7.159785181e-02 6.612658501e-02 5.964025483e-02 5.285109952e-02
 4.576087743e-02 3.837266564e-02 3.068843298e-02 2.270676196e-02 1.442103181e-02
 5.815855227e-03-3.126697615e-03-1.228850521e-02-2.156104706e-02-3.084593266e-02
-4.005556554e-02-4.911351576e-02-5.795443431e-02-6.652360409e-02-7.477608323e-02
-8.267562836e-02-9.019334614e-02-9.730637074e-02-1.039963886e-01-1.102482006e-01
-1.160484105e-01-1.213840470e-01-1.262413859e-01-1.306047440e-01-1.344555169e-01
-1.377711147e-01-1.405241042e-01-1.426814348e-01-1.442037225e-01-1.450447142e-01
-1.451508254e-01-1.444610059e-01-1.429068595e-01-1.404131353e-01-1.368988007e-01
-1.322786659e-01-1.264661849e-01-1.193770468e-01-1.109342054e-01-1.010744870e-01
-8.975672722e-02-7.697167993e-02-6.275332719e-02-4.719121009e-02-3.044291958e-02
-1.274535898e-02 5.576893687e-03 2.410827950e-02 4.251911119e-02 6.080747768e-02
 7.897181064e-02 9.700770676e-02 1.149045974e-01 1.326411963e-01 1.501786858e-01
 1.674506366e-01 1.843483746e-01 2.007021606e-01 2.162640989e-01 2.307107747e-01
 7.620663196e-02 7.348109037e-02 6.801111996e-02 6.161547080e-02 5.487747118e-02
 4.782508314e-02 4.048332199e-02 3.286451846e-02 2.497240715e-02 1.680523530e-02
 8.357737213e-03-4.311287776e-04-9.446816519e-03-1.858224347e-02-2.773911692e-02
-3.682908043e-02-4.577434435e-02-5.450783297e-02-6.297279149e-02-7.112209499e-02
-7.891712338e-02-8.632658422e-02-9.332513064e-02-9.989194572e-02-1.060093120e-01
-1.116612926e-01-1.168323755e-01-1.215062514e-01-1.256646961e-01-1.292865127e-01
-1.323465556e-01-1.348148584e-01-1.366559416e-01-1.378281564e-01-1.382831782e-01
-1.379658133e-01-1.368139386e-01-1.347588748e-01-1.317261606e-01-1.276369840e-01
-1.224103495e-01-1.159661040e-01-1.082292944e-01-9.913567454e-02-8.863882720e-02
-7.671874017e-02-6.339189410e-02-4.872246459e-02-3.283399716e-02-1.592057385e-02
 1.744033885e-03 1.980102994e-02 3.786163777e-02 5.592918396e-02 7.401230931e-02
 9.212411940e-02 1.102808788e-01 1.285002381e-01 1.467980444e-01 1.651828587e-01
 1.836454868e-01 2.021386027e-01 2.205338329e-01 2.385275066e-01 2.554845810e-01
 7.857739180e-02 7.610961795e-02 7.072555274e-02 6.416403502e-02 5.730621144e-02
 5.019984394e-02 4.286031425e-02 3.529107571e-02 2.749062330e-02 1.945546269e-02
 1.118267421e-02 2.578264102e-03-6.255409215e-03-1.521608606e-02-2.420696802e-02
-3.313951939e-02-4.193484783e-02-5.052415282e-02-5.884858966e-02-6.685861200e-02
-7.451302558e-02-8.177781105e-02-8.862479776e-02-9.503029287e-02-1.009736806e-01
-1.064360887e-01-1.113990620e-01-1.158433557e-01-1.197478399e-01-1.230884194e-01
-1.258371174e-01-1.279613078e-01-1.294230074e-01-1.301783472e-01-1.301772594e-01
-1.293634176e-01-1.276744008e-01-1.250424534e-01-1.213955134e-01-1.166591942e-01
-1.107593626e-01-1.036258191e-01-9.519714117e-02-8.542683721e-02-7.429086417e-02
-6.179651245e-02-4.799240083e-02-3.297908232e-02-1.691954397e-02-4.826136865e-05
 1.732259616e-02 3.478950262e-02 5.235854536e-02 7.004337013e-02 8.786620945e-02
 1.058589742e-01 1.240645275e-01 1.425383538e-01 1.613503397e-01 1.805871725e-01
 2.003551275e-01 2.207847387e-01 2.420425564e-01 2.643833756e-01 2.878018618e-01
 8.183673024e-02 7.984266430e-02 7.401188463e-02 6.697292626e-02 5.988721922e-02
 5.268922821e-02 4.534334317e-02 3.782876208e-02 3.013051674e-02 2.223517001e-02
 1.412789337e-02 5.788405892e-03-2.801782917e-03-1.153393090e-02-2.030834928e-02
-2.903468348e-02-3.763230890e-02-4.603046179e-02-5.416802317e-02-6.199287251e-02
-6.946100295e-02-7.653539628e-02-8.318475634e-02-8.938216418e-02-9.510376304e-02
-1.003273576e-01-1.050312072e-01-1.091928259e-01-1.127878353e-01-1.157890633e-01
-1.181655824e-01-1.198820621e-01-1.208981648e-01-1.211681664e-01-1.206408367e-01
-1.192596257e-01-1.169631705e-01-1.136863232e-01-1.093618274e-01-1.039226204e-01
-9.730510414e-02-8.945339918e-02-8.032479882e-02-6.989636272e-02-5.817276612e-02
-4.519516602e-02-3.105063364e-02-1.588165946e-02 1.053815431e-04 1.663397625e-02
 3.332221881e-02 5.017372966e-02 6.719984114e-02 8.442129195e-02 1.018703878e-01
 1.195936352e-01 1.376553327e-01 1.561425328e-01 1.751718074e-01 1.948992163e-01
 2.155348361e-01 2.373649478e-01 2.607869506e-01 2.863601446e-01 3.136790991e-01
 8.402356505e-02 8.225195110e-02 7.635997236e-02 6.930215657e-02 6.219951808e-02
 5.501801148e-02 4.773266986e-02 4.032330215e-02 3.277342767e-02 2.506878600e-02
 1.719623432e-02 9.143318050e-03 8.397859056e-04-7.611544337e-03-1.611349732e-02
-2.457629517e-02-3.291868418e-02-4.106844962e-02-4.896237701e-02-5.654579401e-02
-6.377179176e-02-7.060018182e-02-7.699629664e-02-8.292973042e-02-8.837303519e-02
-9.330044687e-02-9.768664092e-02-1.015056074e-01-1.047296077e-01-1.073282510e-01
-1.092677340e-01-1.105102301e-01-1.110134348e-01-1.107304767e-01-1.096099690e-01
-1.075965241e-01-1.046316773e-01-1.006553769e-01-9.560813010e-02-8.943396807e-02
-8.208427578e-02-7.352267951e-02-6.373098493e-02-5.271609873e-02-4.051791131e-02
-2.721764706e-02-1.294621918e-02 2.108299639e-03 1.769498549e-02 3.348631039e-02
 4.947871715e-02 6.567510962e-02 8.208645135e-02 9.873377532e-02 1.156507060e-01
 1.328867525e-01 1.505118012e-01 1.686222255e-01 1.873495877e-01 2.068728805e-01
 2.274358422e-01 2.493701279e-01 2.731221616e-01 2.992703915e-01 3.272178471e-01
 8.523625135e-02 8.360370249e-02 7.802093774e-02 7.108704746e-02 6.409010291e-02
 5.702419579e-02 4.987638816e-02 4.263405874e-02 3.528546169e-02 2.781969681e-02
 2.022677101e-02 1.249826048e-02 4.549041390e-03-3.553466406e-03-1.171473321e-02
-1.984572224e-02-2.786476538e-02-3.569838777e-02-4.328145087e-02-5.055681616e-02
-5.747466907e-02-6.399156153e-02-7.006932795e-02-7.567388564e-02-8.077404648e-02
-8.534022421e-02-8.934338391e-02-9.275388718e-02-9.554059803e-02-9.767007083e-02
-9.910586476e-02-9.980814159e-02-9.973344207e-02-9.883479029e-02-9.706212580e-02
-9.436317533e-02-9.068482369e-02-8.597514033e-02-8.018612117e-02-7.327719778e-02
-6.521975249e-02-5.600247905e-02-4.563765600e-02-3.416812047e-02-2.167461812e-02
-8.283420466e-03 5.827337503e-03 2.042348124e-02 3.526262194e-02 5.033092201e-02
 6.561929733e-02 8.112457395e-02 9.685086459e-02 1.128112674e-01 1.290300041e-01
 1.455451250e-01 1.624121219e-01 1.797086000e-01 1.975409389e-01 2.160536051e-01
 2.354434282e-01 2.559832335e-01 2.780674100e-01 3.023129702e-01 3.275951445e-01
 8.609509468e-02 8.463571966e-02 7.913889736e-02 7.235806435e-02 6.552599370e-02
 5.863532797e-02 5.168002099e-02 4.465424642e-02 3.755179048e-02 3.036541492e-02
 2.308619767e-02 1.570242271e-02 8.196842857e-03 5.229318049e-04-7.220353466e-03
-1.494259294e-02-2.256129682e-02-3.000186943e-02-3.719750047e-02-4.408882186e-02
-5.062326044e-02-5.675420910e-02-6.244002655e-02-6.764294207e-02-7.232794911e-02
-7.646168023e-02-8.001136780e-02-8.294386417e-02-8.522487432e-02-8.681824803e-02
-8.768552542e-02-8.778572083e-02-8.707539737e-02-8.550903201e-02-8.303987235e-02
-7.962123305e-02-7.520837337e-02-6.976106763e-02-6.324686110e-02-5.564526096e-02
-4.695264623e-02-3.718807921e-02-2.639966086e-02-1.467106678e-02-2.126852516e-03
 1.105898432e-02 2.465916425e-02 3.854417428e-02 5.268804729e-02 6.706844270e-02
 8.166699857e-02 9.646996856e-02 1.114690676e-01 1.266624629e-01 1.420561224e-01
 1.576649994e-01 1.735147983e-01 1.896432638e-01 2.061017007e-01 2.229559273e-01
 2.402861565e-01 2.581842542e-01 2.767424583e-01 2.959910333e-01 3.149829209e-01
 8.638512343e-02 8.507806808e-02 7.970405370e-02 7.311779261e-02 6.648898125e-02
 5.980719626e-02 5.307544395e-02 4.629788548e-02 3.947617114e-02 3.260880709e-02
 2.569165640e-02 1.871911064e-02 1.168627013e-02 4.501582589e-03-2.750039333e-03
-9.984018281e-03-1.712015085e-02-2.408428304e-02-3.080885485e-02-3.723287210e-02
-4.330144450e-02-4.896513373e-02-5.417905003e-02-5.890195072e-02-6.309520453e-02
-6.672184169e-02-6.974567473e-02-7.213044167e-02-7.383920252e-02-7.483385503e-02
-7.507491857e-02-7.452155650e-02-7.313194871e-02-7.086414099e-02-6.767718494e-02
-6.353295594e-02-5.839855596e-02-5.224929377e-02-4.507248476e-02-3.687196597e-02
-2.767332457e-02-1.752986945e-02-6.529270671e-03 5.197715014e-03 1.749257371e-02
 3.013494611e-02 4.311036319e-02 5.638116598e-02 6.991288066e-02 8.367355168e-02
 9.763359278e-02 1.117659509e-01 1.260464787e-01 1.404543966e-01 1.549727321e-01
 1.695884019e-01 1.842920631e-01 1.990768015e-01 2.139352560e-01 2.288538814e-01
 2.438020855e-01 2.587116361e-01 2.734377980e-01 2.876794040e-01 3.008217514e-01
 8.584837615e-02 8.460202813e-02 7.966507226e-02 7.339663804e-02 6.698956341e-02
 6.050686538e-02 5.399300903e-02 4.747011513e-02 4.094713926e-02 3.442529589e-02
 2.790089138e-02 2.136660926e-02 1.481144410e-02 8.218246512e-03 1.548076980e-03
-5.110558122e-03-1.167693362e-02-1.807692461e-02-2.424260415e-02-3.011192009e-02
-3.562826663e-02-4.073987529e-02-4.539912939e-02-4.956174269e-02-5.318595096e-02
-5.623172224e-02-5.866002664e-02-6.043225154e-02-6.150973961e-02-6.185360253e-02
-6.142475083e-02-6.018425524e-02-5.809409916e-02-5.511834845e-02-5.122484639e-02
-4.638740420e-02-4.058863595e-02-3.382331878e-02-2.610233612e-02-1.745722443e-02
-7.944748737e-03 2.348120091e-03 1.330435462e-02 2.467676997e-02 3.646406904e-02
 4.862253368e-02 6.111364439e-02 7.389771938e-02 8.693437278e-02 1.001827344e-01
 1.136014760e-01 1.271490306e-01 1.407838613e-01 1.544647515e-01 1.681509167e-01
 1.818020195e-01 1.953772902e-01 2.088338435e-01 2.221233696e-01 2.351861745e-01
 2.479422688e-01 2.602781951e-01 2.720306218e-01 2.829721570e-01 2.928167284e-01
 8.599971980e-02 8.523686230e-02 8.003131300e-02 7.351682335e-02 6.706504524e-02
 6.065777689e-02 5.431221426e-02 4.803500697e-02 4.182557017e-02 3.567898646e-02
 2.958783321e-02 2.354349010e-02 1.753741875e-02 1.156325731e-02 5.536370445e-03
-4.705819301e-04-6.384274922e-03-1.213420182e-02-1.765400544e-02-2.288186923e-02
-2.776044980e-02-3.223653138e-02-3.626052663e-02-3.978590667e-02-4.276857525e-02
-4.516632110e-02-4.693828896e-02-4.804465175e-02-4.844641685e-02-4.810551181e-02
-4.698513076e-02-4.505044594e-02-4.226974770e-02-3.861600161e-02-3.406898305e-02
-2.861789986e-02-2.226459794e-02-1.502710674e-02-6.943001878e-03 1.924815122e-03
 1.148691028e-02 2.160557359e-02 3.219867498e-02 4.323345795e-02 5.467907339e-02
 6.649903208e-02 7.865339518e-02 9.109885991e-02 1.037886888e-01 1.166727096e-01
 1.296972483e-01 1.428052932e-01 1.559368372e-01 1.690293401e-01 1.820184290e-01
 1.948384643e-01 2.074228078e-01 2.197035998e-01 2.316104472e-01 2.430679500e-01
 2.539921403e-01 2.642861009e-01 2.738372386e-01 2.825177908e-01 2.901932895e-01
 8.554644138e-02 8.516926318e-02 7.981411368e-02 7.292022556e-02 6.632275879e-02
 5.995775759e-02 5.378609523e-02 4.778224975e-02 4.192648828e-02 3.620173037e-02
 3.059250303e-02 2.508462220e-02 1.966486312e-02 1.432002056e-02 9.034103714e-03
 3.764410038e-03-1.413970371e-03-6.431675516e-03-1.122379303e-02-1.572940126e-02
-1.989132352e-02-2.365587093e-02-2.697252668e-02-2.979358286e-02-3.207377717e-02
-3.376997635e-02-3.484092653e-02-3.524718806e-02-3.495123610e-02-3.391784057e-02
-3.211474791e-02-2.951375209e-02-2.609211765e-02-2.183454111e-02-1.673560962e-02
-1.080270018e-02-4.059918225e-03 3.446783172e-03 1.165702473e-02 2.046548761e-02
 2.981420606e-02 3.968460485e-02 5.004534870e-02 6.086457148e-02 7.210865617e-02
 8.374045044e-02 9.571833909e-02 1.079954505e-01 1.205189526e-01 1.332293749e-01
 1.460601687e-01 1.589376628e-01 1.717814058e-01 1.845051050e-01 1.970183253e-01
 2.092286497e-01 2.210442573e-01 2.323763520e-01 2.431411445e-01 2.532609701e-01
 2.626642883e-01 2.712854147e-01 2.790637910e-01 2.859445512e-01 2.918812037e-01
 8.297623694e-02 8.269139379e-02 7.746720314e-02 7.063977420e-02 6.415247172e-02
 5.798457563e-02 5.210034922e-02 4.646543413e-02 4.104890674e-02 3.582394123e-02
 3.076787479e-02 2.586217038e-02 2.109237202e-02 1.644842327e-02 1.192606613e-02
 7.445113733e-03 3.065329278e-03-1.152456854e-03-5.148251075e-03-8.864000440e-03
-1.224414073e-02-1.523580588e-02-1.778884418e-02-1.985575072e-02-2.139157616e-02
-2.235390805e-02-2.270291932e-02-2.240155824e-02-2.141594328e-02-1.971601881e-02
-1.727662981e-02-1.407881733e-02-1.011140086e-02-5.373100284e-03 1.245049352e-04
 6.356345955e-03 1.328019332e-02 2.078282647e-02 2.887671068e-02 3.754524142e-02
 4.676572233e-02 5.651633814e-02 6.677300483e-02 7.750904560e-02 8.869441599e-02
 1.002944857e-01 1.122687235e-01 1.245692372e-01 1.371392608e-01 1.499115825e-01
 1.628071517e-01 1.757342666e-01 1.885884106e-01 2.012535781e-01 2.136050910e-01
 2.255143821e-01 2.368551791e-01 2.475105524e-01 2.573795617e-01 2.663825154e-01
 2.744637728e-01 2.815921307e-01 2.877586782e-01 2.929733396e-01 2.972607315e-01
 7.864193618e-02 7.844277471e-02 7.307338715e-02 6.641907245e-02 6.022146344e-02
 5.442953110e-02 4.899670929e-02 4.387583584e-02 3.902427480e-02 3.440607712e-02
 2.999242954e-02 2.576118335e-02 2.169607952e-02 1.778584905e-02 1.402303111e-02
 1.040187385e-02 6.881765090e-03 3.519365331e-03 3.716414212e-04-2.505898010e-03
-5.059855059e-03-7.239234634e-03-8.995591663e-03-1.028314978e-02-1.105897222e-02
-1.128328778e-02-1.091985032e-02-9.936363436e-03-8.304984309e-03-6.003108807e-03
-3.015208524e-03 6.653883029e-04 5.036182702e-03 1.008412614e-02 1.577161066e-02
 2.205744199e-02 2.894673496e-02 3.642545640e-02 4.448521882e-02 5.311585590e-02
 6.230514124e-02 7.203924656e-02 8.230229467e-02 9.307561070e-02 1.043367907e-01
 1.160582677e-01 1.282055974e-01 1.407352090e-01 1.535917968e-01 1.667051762e-01
 1.799871624e-01 1.933283210e-01 2.065959275e-01 2.196339071e-01 2.322662175e-01
 2.443049997e-01 2.555634975e-01 2.658719718e-01 2.750937045e-01 2.831373513e-01
 2.899636328e-01 2.955851257e-01 3.000596166e-01 3.034782708e-01 3.059507012e-01
 7.158916444e-02 7.125516236e-02 6.624189019e-02 5.994798988e-02 5.424991623e-02
 4.906404763e-02 4.430166259e-02 3.988718614e-02 3.576139361e-02 3.188009933e-02
 2.821154892e-02 2.473386005e-02 2.143295668e-02 1.830098219e-02 1.533508208e-02
 1.253643259e-02 9.909459390e-03 7.428900339e-03 5.152529106e-03 3.133396618e-03
 1.421700465e-03 6.509620289e-05-8.913602214e-04-1.405324903e-03-1.437441912e-03
-9.525712812e-04 7.948202256e-05 1.683328184e-03 3.877834417e-03 6.678063422e-03
 1.008861326e-02 1.409666520e-02 1.868200675e-02 2.385737188e-02 2.962202393e-02
 3.597062826e-02 4.290088639e-02 5.040976033e-02 5.849453062e-02 6.715227664e-02
 7.637956738e-02 8.617218584e-02 9.652473032e-02 1.074299291e-01 1.188776344e-01
 1.308533698e-01 1.433362067e-01 1.562959850e-01 1.696893871e-01 1.834548861e-01
 1.975061595e-01 2.117244601e-01 2.259501815e-01 2.399760187e-01 2.535457611e-01
 2.663641274e-01 2.781229913e-01 2.885395885e-01 2.973960340e-01 3.045672774e-01
 3.100332916e-01 3.138774931e-01 3.162716329e-01 3.174462914e-01 3.176509440e-01
 6.162166968e-02 6.101975217e-02 5.629939958e-02 5.071000755e-02 4.593614861e-02
 4.174476862e-02 3.797026724e-02 3.450803831e-02 3.129314259e-02 2.828551829e-02
 2.546109632e-02 2.280654013e-02 2.031616308e-02 1.799022965e-02 1.583424956e-02
 1.385931019e-02 1.208397653e-02 1.046135835e-02 9.042565711e-03 7.868603803e-03
 6.982624531e-03 6.426396314e-03 6.239083130e-03 6.457385141e-03 7.117798086e-03
 8.249274455e-03 9.873541072e-03 1.200281270e-02 1.463430934e-02 1.779243723e-02
 2.148815617e-02 2.572642267e-02 3.050982207e-02 3.584331274e-02 4.173104465e-02
 4.817651585e-02 5.518351123e-02 6.275621802e-02 7.089941949e-02 7.961859554e-02
 8.891990781e-02 9.881016612e-02 1.092967018e-01 1.203869730e-01 1.320880055e-01
 1.444052458e-01 1.573408991e-01 1.708911210e-01 1.850418448e-01 1.997623146e-01
 2.149954289e-01 2.306435108e-01 2.465479374e-01 2.624616921e-01 2.780192494e-01
 2.927224338e-01 3.059853315e-01 3.172545135e-01 3.261325061e-01 3.324268758e-01
 3.361478448e-01 3.375028670e-01 3.368886113e-01 3.348379731e-01 3.318949342e-01
 4.697404057e-02 4.552527890e-02 4.171543941e-02 3.814266995e-02 3.524588794e-02
 3.265363351e-02 3.024778329e-02 2.798101306e-02 2.583421953e-02 2.380172350e-02
 2.188506350e-02 2.009010129e-02 1.842560060e-02 1.690254733e-02 1.553384867e-02
 1.433416363e-02 1.331941132e-02 1.250505634e-02 1.192282606e-02 1.155545935e-02
 1.144877262e-02 1.163983997e-02 1.215807628e-02 1.302293874e-02 1.428974420e-02
 1.597543247e-02 1.809637807e-02 2.066658996e-02 2.369786799e-02 2.720337920e-02
 3.119456768e-02 3.568107635e-02 4.067149758e-02 4.617434368e-02 5.219815671e-02
 5.875182897e-02 6.584496796e-02 7.348823547e-02 8.169373125e-02 9.047526866e-02
 9.984875470e-02 1.098325402e-01 1.204477921e-01 1.317187697e-01 1.436731219e-01
 1.563419253e-01 1.697593182e-01 1.839616150e-01 1.989849508e-01 2.148609757e-01
 2.316087037e-01 2.492199093e-01 2.676330507e-01 2.866842449e-01 3.060074449e-01
 3.248156011e-01 3.416701853e-01 3.551437855e-01 3.645931184e-01 3.698568344e-01
 3.710011840e-01 3.683233857e-01 3.625456691e-01 3.550824821e-01 3.474231362e-01
 2.684576623e-02 2.298825420e-02 2.315397561e-02 2.369136177e-02 2.341362089e-02
 2.273627371e-02 2.184553072e-02 2.084248513e-02 1.979176141e-02 1.873967610e-02
 1.772217639e-02 1.676880568e-02 1.590496674e-02 1.515335310e-02 1.453493163e-02
 1.406962145e-02 1.377675682e-02 1.367544848e-02 1.378535945e-02 1.412339788e-02
 1.471290831e-02 1.557859126e-02 1.674452424e-02 1.823405549e-02 2.007224970e-02
 2.227932401e-02 2.487254888e-02 2.786707319e-02 3.127655387e-02 3.511386737e-02
 3.939114511e-02 4.411991686e-02 4.931147397e-02 5.497730151e-02 6.112941727e-02
 6.778076291e-02 7.494559884e-02 8.263994753e-02 9.088207036e-02 9.969302267e-02
 1.090973020e-01 1.191236302e-01 1.298058778e-01 1.411842853e-01 1.533068717e-01
 1.662311107e-01 1.800261438e-01 1.947751939e-01 2.105781585e-01 2.275542766e-01
 2.458436787e-01 2.656069994e-01 2.870214581e-01 3.102749288e-01 3.355756104e-01
 3.632886410e-01 3.880432248e-01 4.048261344e-01 4.148833752e-01 4.188668430e-01
 4.162217975e-01 4.074628949e-01 3.917643130e-01 3.740565777e-01 3.604967296e-01
 1.290770527e-02 8.275279775e-03 9.329762310e-03 1.142350398e-02 1.270143222e-02
 1.339983009e-02 1.370467991e-02 1.375263184e-02 1.364399493e-02 1.345397625e-02
 1.324042119e-02 1.304900181e-02 1.291674469e-02 1.287453435e-02 1.294890232e-02
 1.316334493e-02 1.353927236e-02 1.409671362e-02 1.485485397e-02 1.583232358e-02
 1.704824157e-02 1.852190308e-02 2.027235553e-02 2.231814899e-02 2.467720211e-02
 2.736601233e-02 3.039965779e-02 3.379200399e-02 3.755604476e-02 4.170420766e-02
 4.624866694e-02 5.120160431e-02 5.657552555e-02 6.238361821e-02 6.864011288e-02
 7.536064833e-02 8.256269246e-02 9.026602656e-02 9.849329293e-02 1.072706506e-01
 1.166286319e-01 1.266032159e-01 1.372371912e-01 1.485820264e-01 1.607002765e-01
 1.736688763e-01 1.875836253e-01 2.025653571e-01 2.187685370e-01 2.363930345e-01
 2.557002306e-01 2.770335376e-01 3.008412421e-01 3.276957870e-01 3.583045304e-01
 3.910473585e-01 4.159729779e-01 4.328805804e-01 4.422192872e-01 4.436654150e-01
 4.374506474e-01 4.224293828e-01 4.000799954e-01 3.807828128e-01 3.651940823e-01
 3.411762416e-03-1.604708028e-03-3.481387976e-04 2.157407813e-03 4.040412605e-03
 5.425667390e-03 6.434130017e-03 7.175748236e-03 7.743750233e-03 8.214299567e-03
 8.648546413e-03 9.095430374e-03 9.594437666e-03 1.017798297e-02 1.087331492e-02
 1.170397084e-02 1.269083563e-02 1.385289803e-02 1.520779077e-02 1.677216589e-02
 1.856201142e-02 2.059274167e-02 2.287916839e-02 2.543546073e-02 2.827509306e-02
 3.141076863e-02 3.485446051e-02 3.861757740e-02 4.271117970e-02 4.714625329e-02
 5.193399265e-02 5.708611012e-02 6.261514127e-02 6.853475422e-02 7.486011833e-02
 8.160819113e-02 8.879811317e-02 9.645164013e-02 1.045935899e-01 1.132525355e-01
 1.224615499e-01 1.322593391e-01 1.426916569e-01 1.538132280e-01 1.656904817e-01
 1.784051657e-01 1.920596212e-01 2.067843229e-01 2.227491289e-01 2.401805818e-01
 2.593893409e-01 2.808154225e-01 3.051010668e-01 3.331826627e-01 3.660540581e-01
 3.950476646e-01 4.168031514e-01 4.313651919e-01 4.385197461e-01 4.382271469e-01
 4.291814268e-01 4.106615782e-01 3.906744421e-01 3.739413023e-01 3.598316610e-01
-2.691419097e-03-7.969183847e-03-7.137383334e-03-4.679818638e-03-2.704673680e-03
-1.125595300e-03 1.590697939e-04 1.243863255e-03 2.209686441e-03 3.122272436e-03
 4.033601843e-03 4.984541796e-03 6.007627584e-03 7.129456848e-03 8.372505195e-03
 9.756386280e-03 1.129865739e-02 1.301529631e-02 1.492097229e-02 1.702921093e-02
 1.935251243e-02 2.190242521e-02 2.468963899e-02 2.772405744e-02 3.101491742e-02
 3.457088768e-02 3.840025887e-02 4.251112789e-02 4.691166431e-02 5.161036924e-02
 5.661642551e-02 6.193998456e-02 6.759251654e-02 7.358711958e-02 7.993875444e-02
 8.666455001e-02 9.378400445e-02 1.013192236e-01 1.092952415e-01 1.177403778e-01
 1.266867965e-01 1.361712664e-01 1.462361515e-01 1.569308490e-01 1.683136523e-01
 1.804543138e-01 1.934374571e-01 2.073674947e-01 2.223752737e-01 2.386283427e-01
 2.563464642e-01 2.758288980e-01 2.975090444e-01 3.221213818e-01 3.483920693e-01
 3.703975379e-01 3.872259557e-01 3.985674679e-01 4.043087959e-01 4.035592377e-01
 3.960063159e-01 3.824033141e-01 3.693340421e-01 3.573863208e-01 3.466089368e-01
-6.604275201e-03-1.224346831e-02-1.161655039e-02-9.523950517e-03-7.873264141e-03
-6.515507586e-03-5.323390476e-03-4.199406598e-03-3.074961016e-03-1.904045581e-03
-6.560536567e-04 6.902474561e-04 2.151048975e-03 3.740240354e-03 5.470877048e-03
 7.355746813e-03 9.407372214e-03 1.163773425e-02 1.405793056e-02 1.667789370e-02
 1.950625516e-02 2.255034260e-02 2.581631951e-02 2.930939011e-02 3.303405270e-02
 3.699435666e-02 4.119414091e-02 4.563731700e-02 5.032814667e-02 5.527157709e-02
 6.047362834e-02 6.594181061e-02 7.168551534e-02 7.771633565e-02 8.404829353e-02
 9.069798887e-02 9.768455476e-02 1.050296202e-01 1.127572283e-01 1.208937764e-01
 1.294680983e-01 1.385116726e-01 1.480589360e-01 1.581477523e-01 1.688200086e-01
 1.801221371e-01 1.921055913e-01 2.048267275e-01 2.183457762e-01 2.327228934e-01
 2.480086237e-01 2.642198205e-01 2.812815905e-01 2.988976836e-01 3.162087202e-01
 3.314889371e-01 3.437635601e-01 3.525266051e-01 3.574568033e-01 3.583964407e-01
 3.554912806e-01 3.499900401e-01 3.432905674e-01 3.361436129e-01 3.289983869e-01
-7.617403753e-03-1.362049859e-02-1.374543179e-02-1.262666471e-02-1.189733017e-02
-1.124835946e-02-1.050192770e-02-9.575621225e-03-8.444416337e-03-7.111665793e-03
-5.591068882e-03-3.896713257e-03-2.038253006e-03-1.930459985e-05 2.162188292e-03
 4.512519576e-03 7.040377706e-03 9.755065665e-03 1.266507339e-02 1.577714458e-02
 1.909586601e-02 2.262370847e-02 2.636141330e-02 3.030849062e-02 3.446375579e-02
 3.882573172e-02 4.339292645e-02 4.816406965e-02 5.313837156e-02 5.831587687e-02
 6.369803846e-02 6.928835064e-02 7.509298623e-02 8.112132549e-02 8.738620579e-02
 9.390384704e-02 1.006934568e-01 1.077766642e-01 1.151767969e-01 1.229182184e-01
 1.310258508e-01 1.395247430e-01 1.484397650e-01 1.577953398e-01 1.676148474e-01
 1.779197603e-01 1.887278259e-01 2.000501007e-01 2.118857801e-01 2.242133021e-01
 2.369759232e-01 2.500583529e-01 2.632530630e-01 2.762206793e-01 2.884742618e-01
 2.994463742e-01 3.086262643e-01 3.156475425e-01 3.203113079e-01 3.226034641e-01
 3.227224946e-01 3.210678399e-01 3.181289434e-01 3.143546283e-01 3.100976944e-01
-4.242388532e-03-1.017390843e-02-1.288460381e-02-1.449492294e-02-1.576823182e-02
-1.639581658e-02-1.631459408e-02-1.561748330e-02-1.442797855e-02-1.285810396e-02
-1.099701598e-02-8.908232674e-03-6.630683318e-03-4.182410426e-03-1.565926010e-03
 1.225968823e-03 4.204885568e-03 7.382634096e-03 1.076829620e-02 1.436661184e-02
 1.817759126e-02 2.219715714e-02 2.641845308e-02 3.083329648e-02 3.543333709e-02
 4.021066055e-02 4.515782744e-02 5.026766285e-02 5.553305522e-02 6.094728410e-02
 6.650485098e-02 7.220286876e-02 7.804250717e-02 8.403014392e-02 9.017785639e-02
 9.650310874e-02 1.030276418e-01 1.097758040e-01 1.167726815e-01 1.240425035e-01
 1.316074729e-01 1.394871026e-01 1.476976126e-01 1.562514752e-01 1.651564389e-01
 1.744142324e-01 1.840183586e-01 1.939508319e-01 2.041775137e-01 2.146416306e-01
 2.252553552e-01 2.358902991e-01 2.463688403e-01 2.564617395e-01 2.658986151e-01
 2.743958235e-01 2.816947401e-01 2.875979245e-01 2.919939458e-01 2.948708534e-01
 2.963160574e-01 2.965000868e-01 2.956437171e-01 2.939803898e-01 2.917269170e-01
-4.245692980e-05-6.201353855e-03-1.198937651e-02-1.757802628e-02-2.259892970e-02
-2.422637120e-02-2.427609451e-02-2.328583039e-02-2.159573138e-02-1.944583468e-02
-1.700427197e-02-1.437669247e-02-1.161450706e-02-8.727760054e-03-5.700491834e-03
-2.504655626e-03 8.894755156e-04 4.506362602e-03 8.360963315e-03 1.245674770e-02
 1.678602770e-02 2.133261412e-02 2.607610263e-02 3.099616058e-02 3.607530519e-02
 4.129945114e-02 4.665667191e-02 5.213498324e-02 5.772031471e-02 6.339590251e-02
 6.914403290e-02 7.494981587e-02 8.080524206e-02 8.671206981e-02 9.268301725e-02
 9.874123335e-02 1.049177125e-01 1.112468168e-01 1.177613214e-01 1.244891062e-01
 1.314517409e-01 1.386644393e-01 1.461363137e-01 1.538703442e-01 1.618630737e-01
 1.701034456e-01 1.785713285e-01 1.872352958e-01 1.960497499e-01 2.049518079e-01
 2.138579637e-01 2.226617187e-01 2.312331498e-01 2.394222617e-01 2.470672280e-01
 2.540074587e-01 2.600994408e-01 2.652325034e-01 2.693405747e-01 2.724087238e-01
 2.744725645e-01 2.756113708e-01 2.759352624e-01 2.755706012e-01 2.746462524e-01
 2.192415064e-03-4.759822972e-03-1.232447475e-02-2.089585736e-02-3.036309592e-02
-3.559212759e-02-3.565193713e-02-3.317206725e-02-3.011557274e-02-2.677321807e-02
-2.337494679e-02-2.004001662e-02-1.677658036e-02-1.352281589e-02-1.019132230e-02
-6.696814671e-03-2.968687098e-03 1.043734141e-03 5.367647856e-03 1.000355277e-02
 1.492495928e-02 2.008551173e-02 2.543351986e-02 3.092621267e-02 3.653603792e-02
 4.224881530e-02 4.805751517e-02 5.395427346e-02 5.992173031e-02 6.592642516e-02
 7.192206383e-02 7.786515355e-02 8.372888714e-02 8.950698376e-02 9.521439672e-02
 1.008893922e-01 1.065910682e-01 1.123843640e-01 1.183219254e-01 1.244381368e-01
 1.307524741e-01 1.372739226e-01 1.440037638e-01 1.509367526e-01 1.580612957e-01
 1.653589010e-01 1.728032678e-01 1.803590357e-01 1.879804879e-01 1.956103891e-01
 2.031790465e-01 2.106046081e-01 2.177943289e-01 2.246479094e-01 2.310625315e-01
 2.369397581e-01 2.421930879e-01 2.467551529e-01 2.505834103e-01 2.536631823e-01
 2.560077012e-01 2.576552629e-01 2.586637139e-01 2.591040730e-01 2.590536773e-01
 4.954453558e-03-2.181337913e-03-1.022151764e-02-1.964010857e-02-3.080956824e-02
-3.919995949e-02-4.349340498e-02-4.351919517e-02-3.925785050e-02-3.382177651e-02
-2.906578593e-02-2.508687228e-02-2.161829360e-02-1.834560931e-02-1.502106804e-02
-1.147249527e-02-7.579326630e-03-3.255760763e-03 1.550999819e-03 6.845803466e-03
 1.255887840e-02 1.854656078e-02 2.466208860e-02 3.082189336e-02 3.700343892e-02
 4.321869090e-02 4.949427396e-02 5.585839599e-02 6.232513487e-02 6.884837896e-02
 7.525890321e-02 8.142459393e-02 8.730774373e-02 9.289852530e-02 9.820042551e-02
 1.032533273e-01 1.082151830e-01 1.132850051e-01 1.185359657e-01 1.239835694e-01
 1.296272278e-01 1.354603022e-01 1.414724737e-01 1.476499140e-01 1.539747715e-01
 1.604243815e-01 1.669704020e-01 1.735781878e-01 1.802061051e-01 1.868054271e-01
 1.933203191e-01 1.996886283e-01 2.058434039e-01 2.117151618e-01 2.172351182e-01
 2.223387957e-01 2.269700468e-01 2.310846299e-01 2.346529812e-01 2.376618832e-01
 2.401145995e-01 2.420296073e-01 2.434382290e-01 2.443814129e-01 2.449063361e-01
 9.079584852e-03 2.569170902e-03-4.590003751e-03-1.251196489e-02-2.119494602e-02
-3.042313270e-02-3.852288797e-02-4.255462438e-02-4.205114022e-02-3.662527725e-02
-3.132847324e-02-2.801842615e-02-2.564156614e-02-2.320924588e-02-2.045030147e-02
-1.723347232e-02-1.345167682e-02-8.994287811e-03-3.736097831e-03 2.458189614e-03
 9.634565562e-03 1.708899811e-02 2.422616445e-02 3.108292446e-02 3.776251897e-02
 4.436673597e-02 5.099202693e-02 5.773676187e-02 6.471641362e-02 7.207699865e-02
 7.907575369e-02 8.548395336e-02 9.139015526e-02 9.675597399e-02 1.015627831e-01
 1.057241559e-01 1.095262617e-01 1.137623265e-01 1.183107495e-01 1.231066883e-01
 1.281111091e-01 1.332973987e-01 1.386443526e-01 1.441319883e-01 1.497390717e-01
 1.554414183e-01 1.612110734e-01 1.670159698e-01 1.728195548e-01 1.785810739e-01
 1.842559278e-01 1.897963732e-01 1.951528043e-01 2.002752721e-01 2.051153779e-01
 2.096284479e-01 2.137756199e-01 2.175258398e-01 2.208572924e-01 2.237583250e-01
 2.262275815e-01 2.282734960e-01 2.299130708e-01 2.311703265e-01 2.320744246e-01
 1.432096772e-02 8.886583149e-03 3.072201042e-03-3.120728070e-03-9.606963955e-03
-1.620987244e-02-2.267527021e-02-2.869534306e-02-3.199718148e-02-2.953350917e-02
-2.655905858e-02-2.564112656e-02-2.554086037e-02-2.442373335e-02-2.251108922e-02
-1.985815912e-02-1.641902886e-02-1.209494378e-02-6.718757097e-03 2.384040272e-05
 8.712344803e-03 1.752438955e-02 2.526125684e-02 3.239436820e-02 3.919777647e-02
 4.585060850e-02 5.249110609e-02 5.924664065e-02 6.625626236e-02 7.366029918e-02
 8.068494499e-02 8.705265820e-02 9.284022450e-02 9.802228212e-02 1.025510356e-01
 1.063192189e-01 1.096703261e-01 1.134261340e-01 1.174781322e-01 1.217534170e-01
 1.262103766e-01 1.308243424e-01 1.355772018e-01 1.404512972e-01 1.454267651e-01
 1.504805684e-01 1.555865258e-01 1.607154906e-01 1.658355594e-01 1.709124595e-01
 1.759100258e-01 1.807907671e-01 1.855167747e-01 1.900507361e-01 1.943570524e-01
 1.984031349e-01 2.021606714e-01 2.056065798e-01 2.087239772e-01 2.115025967e-01
 2.139389962e-01 2.160362303e-01 2.178032994e-01 2.192543149e-01 2.204074264e-01
 0.227495241E+01 0.229789591E+01 0.230948853E+01 0.232218409E+01 0.233880496E+01
 0.235170341E+01 0.236083722E+01 0.237307501E+01 0.238211608E+01 0.239213228E+01
 0.240250301E+01 0.241157150E+01 0.242188835E+01 0.243181252E+01 0.244126177E+01
 0.245118904E+01 0.246179366E+01 0.247170377E+01 0.248205137E+01 0.249351287E+01
 0.250470090E+01 0.251636195E+01 0.252847838E+01 0.254164624E+01 0.255497646E+01
 0.256894255E+01 0.258363461E+01 0.259951830E+01 0.261593771E+01 0.263308930E+01
 0.265134668E+01 0.267082667E+01 0.269150233E+01 0.271316171E+01 0.273611426E+01
 0.276057053E+01 0.278667808E+01 0.281443381E+01 0.284379768E+01 0.287511563E+01
 0.290854168E+01 0.294432425E+01 0.298261499E+01 0.302348375E+01 0.306745100E+01
 0.311472964E+01 0.316562247E+01 0.322072029E+01 0.328031588E+01 0.334514260E+01
 0.341586256E+01 0.349329686E+01 0.357857156E+01 0.367307568E+01 0.377828765E+01
 0.389693570E+01 0.403184271E+01 0.418705463E+01 0.436980057E+01 0.458733654E+01
 0.485911417E+01 0.521683788E+01 0.572549438E+01 0.661216450E+01 0.162536621E+02
   91   86
 0.106869125E+01-0.100000001E+00 0.106648123E+01 0.000000000E+00 0.106999838E+01
 0.100000001E+00 0.107896471E+01 0.197788954E+00 0.108534396E+01 0.250000000E+00
 0.110176122E+01 0.349999994E+00 0.111117303E+01 0.400000006E+00 0.113202202E+01
 0.497620314E+00 0.114392436E+01 0.550000012E+00 0.115875006E+01 0.611190796E+00
 0.118165469E+01 0.699999988E+00 0.119503152E+01 0.750000000E+00 0.121187496E+01
 0.810949326E+00 0.123838234E+01 0.896326065E+00 0.126048529E+01 0.949999988E+00
 0.127354884E+01 0.100799716E+01 0.126818526E+01 0.106298244E+01 0.135221350E+01
 0.101551747E+01 0.140533853E+01 0.100743532E+01 0.143529820E+01 0.999043703E+00
 0.148502600E+01 0.983894587E+00 0.153815103E+01 0.961570024E+00 0.156683385E+01
 0.947349787E+00 0.161783850E+01 0.921259344E+00 0.165483773E+01 0.898467422E+00
 0.169752610E+01 0.871672153E+00 0.173143470E+01 0.847186029E+00 0.177655685E+01
 0.813506305E+00 0.180377603E+01 0.791295469E+00 0.185025251E+01 0.751273572E+00
 0.188346350E+01 0.720919013E+00 0.191148889E+01 0.693451643E+00 0.195380819E+01
 0.649575531E+00 0.198678720E+01 0.612987578E+00 0.201627588E+01 0.577496171E+00
 0.204451847E+01 0.541012347E+00 0.207778764E+01 0.494036615E+00 0.210835838E+01
 0.445988417E+00 0.213652158E+01 0.396670043E+00 0.216257501E+01 0.345804662E+00
 0.218673730E+01 0.292930841E+00 0.220908070E+01 0.237112448E+00 0.222668123E+01
 0.185833335E+00 0.224834776E+01 0.103850059E+00 0.225865626E+01 0.358333327E-01
 0.226089287E+01-0.641666651E-01 0.224995399E+01-0.154701218E+00 0.223660374E+01
-0.214166671E+00 0.221853018E+01-0.277324319E+00 0.219440198E+01-0.347442120E+00
 0.217204762E+01-0.403678358E+00 0.214857030E+01-0.455693215E+00 0.212314820E+01
-0.505816519E+00 0.209551430E+01-0.554435015E+00 0.206543517E+01-0.601854920E+00
 0.203405213E+01-0.646505773E+00 0.200402999E+01-0.686068177E+00 0.197466147E+01
-0.722287536E+00 0.194498026E+01-0.756778896E+00 0.190521395E+01-0.800671339E+00
 0.187020111E+01-0.837278426E+00 0.184184897E+01-0.865428805E+00 0.180264270E+01
-0.901806474E+00 0.176261246E+01-0.937240362E+00 0.173559892E+01-0.959375918E+00
 0.168680382E+01-0.996289015E+00 0.165591145E+01-0.101842320E+01 0.160789931E+01
-0.104831243E+01 0.157622397E+01-0.106742585E+01 0.152399230E+01-0.109411550E+01
 0.149653649E+01-0.110709643E+01 0.144341147E+01-0.113028240E+01 0.139221632E+01
-0.114744735E+01 0.136372399E+01-0.115645015E+01 0.131059897E+01-0.117085803E+01
 0.125747395E+01-0.117907178E+01 0.120286226E+01-0.117577195E+01 0.118170047E+01
-0.115287483E+01 0.118439102E+01-0.107970381E+01 0.118241143E+01-0.103651547E+01
 0.117744792E+01-0.943333328E+00 0.117042339E+01-0.857499957E+00 0.115799797E+01
-0.757499993E+00 0.115054536E+01-0.704742014E+00 0.113534462E+01-0.607499957E+00
 0.112466145E+01-0.540849209E+00 0.111129570E+01-0.457499981E+00 0.109858716E+01
-0.372621268E+00 0.108926129E+01-0.307500005E+00 0.107766163E+01-0.207499996E+00
 0.771311164E+00-0.143333331E+00
 0.101600003E+01 0.000000000E+00 0.101600003E+01 0.963999987E+00 0.101600003E+01
 0.967999995E+00 0.101600003E+01 0.100100005E+01 0.101600003E+01 0.101900005E+01
 0.101600003E+01 0.107700002E+01 0.101600003E+01 0.107000005E+01 0.101600003E+01
 0.109599996E+01 0.101600003E+01 0.111300004E+01 0.101600003E+01 0.113800001E+01
 0.101600003E+01 0.114699996E+01 0.101199996E+01 0.116499996E+01 0.100100005E+01
 0.121700001E+01 0.102900004E+01 0.121700001E+01 0.104200006E+01 0.116240001E+01
 0.104600000E+01 0.116237998E+01 0.105599999E+01 0.116260004E+01 0.109700000E+01
 0.116450000E+01 0.110800004E+01 0.116594005E+01 0.111600006E+01 0.116591001E+01
 0.113399994E+01 0.116895998E+01 0.114800000E+01 0.117174995E+01 0.116199994E+01
 0.117556000E+01 0.118099999E+01 0.118299997E+01 0.118200004E+01 0.118350005E+01
 0.118499994E+01 0.118499994E+01 0.119000006E+01 0.118799996E+01 0.119500005E+01
 0.119099998E+01 0.120099998E+01 0.119599998E+01 0.120899999E+01 0.120200002E+01
 0.121500003E+01 0.120799994E+01 0.122200000E+01 0.121399999E+01 0.122800004E+01
 0.122099996E+01 0.123399997E+01 0.123099995E+01 0.123899996E+01 0.123800004E+01
 0.124199998E+01 0.124399996E+01 0.124800003E+01 0.125399995E+01 0.125800002E+01
 0.127800000E+01 0.126300001E+01 0.128999996E+01 0.127999997E+01 0.133099997E+01
 0.127999997E+01 0.134700000E+01 0.127999997E+01 0.134800005E+01 0.130999994E+01
 0.134800005E+01 0.132799995E+01 0.134800005E+01 0.136099994E+01 0.134800005E+01
 0.138000000E+01 0.134800005E+01 0.141900003E+01 0.134800005E+01 0.141900003E+01
 0.130999994E+01 0.137199998E+01 0.130999994E+01 0.137199998E+01 0.129200006E+01
 0.160800004E+01 0.109500003E+01 0.164699996E+01 0.107700002E+01 0.178499997E+01
 0.107700002E+01 0.206999993E+01 0.103999996E+01 0.212800002E+01 0.992999971E+00
 0.224499989E+01 0.708999991E+00 0.232299995E+01 0.518999994E+00 0.237700009E+01
 0.388999999E+00 0.236249995E+01 0.400000006E+00 0.236443496E+01 0.222000003E+00
 0.236496902E+01 0.133000001E+00 0.236532402E+01 0.439999998E-01 0.236512089E+01
-0.439999998E-01 0.236484194E+01-0.133000001E+00 0.236433411E+01-0.222000003E+00
 0.236249995E+01-0.400000006E+00 0.237700009E+01-0.388999999E+00 0.213400006E+01
-0.972999990E+00 0.178600001E+01-0.117400002E+01 0.176800001E+01-0.121099997E+01
 0.176800001E+01-0.125000000E+01 0.168200004E+01-0.125000000E+01 0.137199998E+01
-0.125000000E+01 0.137199998E+01-0.132900000E+01 0.141999996E+01-0.132900000E+01
 0.141999996E+01-0.136300004E+01 0.127300000E+01-0.136300004E+01 0.115300000E+01
-0.136300004E+01 0.101600003E+01-0.122300005E+01 0.101600003E+01-0.122300005E+01
 0.101600003E+01-0.829999983E+00 0.101600003E+01-0.800000012E+00 0.101600003E+01
-0.414999992E+00 0.101600003E+01-0.400000006E+00 0.101600003E+01-0.100000005E-02
 0.101600003E+01 0.000000000E+00
    0 0.169550002E+01    0
 0.000000000E+00 0.107338324E+00 0.152218267E+00 0.186781183E+00 0.214600056E+00
 0.240733117E+00 0.264236242E+00 0.286007255E+00 0.306266546E+00 0.325374871E+00
 0.343548775E+00 0.360792667E+00 0.377373755E+00 0.393331409E+00 0.408656031E+00
 0.423548788E+00 0.438041389E+00 0.452006251E+00 0.465679109E+00 0.479041785E+00
 0.492088974E+00 0.504788578E+00 0.517284214E+00 0.529601932E+00 0.541661978E+00
 0.553461611E+00 0.565132618E+00 0.576644778E+00 0.588022232E+00 0.599209130E+00
 0.610256255E+00 0.621203721E+00 0.632076025E+00 0.642830431E+00 0.653457761E+00
 0.664036810E+00 0.674545288E+00 0.684995711E+00 0.695383489E+00 0.705728769E+00
 0.716050148E+00 0.726334393E+00 0.736626565E+00 0.746883214E+00 0.757152379E+00
 0.767433703E+00 0.777748823E+00 0.788105369E+00 0.798490584E+00 0.808953822E+00
 0.819491386E+00 0.830109537E+00 0.840848804E+00 0.851729035E+00 0.862753868E+00
 0.873969555E+00 0.885408998E+00 0.897106051E+00 0.909150422E+00 0.921529531E+00
 0.934453726E+00 0.948050499E+00 0.962523162E+00 0.978571117E+00 0.100000000E+01
    0
