  EFITD    06/25/2013    #1553433000.0ms  EFIT01   0  65  65
 0.170000005E+01 0.320000005E+01 0.169550002E+01 0.839999974E+00 0.000000000E+00
 0.181337380E+01-0.145192835E-01-0.181156054E+00 0.129313464E-02 0.165799415E+01
 0.102410262E+07-0.181156054E+00 0.000000000E+00 0.181337380E+01 0.000000000E+00
-0.145192835E-01 0.000000000E+00 0.129313464E-02 0.000000000E+00 0.000000000E+00
 0.276150346E+01 0.276383400E+01 0.276608562E+01 0.276826024E+01 0.277035904E+01
 0.277238369E+01 0.277433586E+01 0.277621675E+01 0.277802801E+01 0.277977085E+01
 0.278144717E+01 0.278305817E+01 0.278460503E+01 0.278608990E+01 0.278751326E+01
 0.278887725E+01 0.279018307E+01 0.279143190E+01 0.279262590E+01 0.279376554E+01
 0.279485250E+01 0.279588842E+01 0.279687452E+01 0.279781222E+01 0.279870272E+01
 0.279954767E+01 0.280034828E+01 0.280110598E+01 0.280182171E+01 0.280249739E+01
 0.280313420E+01 0.280373335E+01 0.280429649E+01 0.280482435E+01 0.280531883E+01
 0.280578113E+01 0.280621243E+01 0.280661440E+01 0.280698776E+01 0.280733442E+01
 0.280765581E+01 0.280795264E+01 0.280822659E+01 0.280847907E+01 0.280871105E+01
 0.280892420E+01 0.280911970E+01 0.280929899E+01 0.280946350E+01 0.280961394E+01
 0.280975223E+01 0.280987930E+01 0.280999708E+01 0.281010604E+01 0.281020808E+01
 0.281030440E+01 0.281039619E+01 0.281048489E+01 0.281057191E+01 0.281065845E+01
 0.281074548E+01 0.281083488E+01 0.281092787E+01 0.281102538E+01 0.281112909E+01
 0.105062117E+06 0.102209516E+06 0.993953438E+05 0.966196250E+05 0.938823516E+05
 0.911835234E+05 0.885231406E+05 0.859012031E+05 0.833177031E+05 0.807726562E+05
 0.782660469E+05 0.757978906E+05 0.733681719E+05 0.709769062E+05 0.686240781E+05
 0.663097031E+05 0.640337617E+05 0.617962734E+05 0.595972266E+05 0.574366250E+05
 0.553144688E+05 0.532307539E+05 0.511854883E+05 0.491786641E+05 0.472102891E+05
 0.452803594E+05 0.433888711E+05 0.415358281E+05 0.397212305E+05 0.379450781E+05
 0.362073711E+05 0.345081094E+05 0.328472891E+05 0.312249160E+05 0.296409883E+05
 0.280955039E+05 0.265884648E+05 0.251198711E+05 0.236897227E+05 0.222980195E+05
 0.209447617E+05 0.196299453E+05 0.183535762E+05 0.171156523E+05 0.159161719E+05
 0.147551367E+05 0.136325469E+05 0.125484023E+05 0.115027021E+05 0.104954473E+05
 0.952663672E+04 0.859627051E+04 0.770434961E+04 0.685087402E+04 0.603584277E+04
 0.525925684E+04 0.452111523E+04 0.382141895E+04 0.316016748E+04 0.253736060E+04
 0.195299878E+04 0.140708179E+04 0.899609619E+03 0.430582397E+03 0.000000000E+00
 0.230025125E+01 0.222495461E+01 0.215095997E+01 0.207826710E+01 0.200687599E+01
 0.193678713E+01 0.186800015E+01 0.180051494E+01 0.173433173E+01 0.166945052E+01
 0.160587108E+01 0.154359365E+01 0.148261809E+01 0.142294455E+01 0.136457288E+01
 0.130750322E+01 0.125173533E+01 0.119726944E+01 0.114410543E+01 0.109224343E+01
 0.104168332E+01 0.992425084E+00 0.944468796E+00 0.897814393E+00 0.852462053E+00
 0.808411479E+00 0.765662909E+00 0.724216223E+00 0.684071541E+00 0.645228684E+00
 0.607687831E+00 0.571448803E+00 0.536511779E+00 0.502876639E+00 0.470543444E+00
 0.439512193E+00 0.409782827E+00 0.381355405E+00 0.354229927E+00 0.328406334E+00
 0.303884685E+00 0.280664921E+00 0.258747101E+00 0.238131225E+00 0.218817264E+00
 0.200805217E+00 0.184095100E+00 0.168686897E+00 0.154580638E+00 0.141776294E+00
 0.130273864E+00 0.120073363E+00 0.111174785E+00 0.103578135E+00 0.972834006E-01
 0.922905952E-01 0.885997117E-01 0.862107426E-01 0.851237103E-01 0.853385925E-01
 0.868554115E-01 0.896741450E-01 0.937948003E-01 0.992173776E-01 0.105941877E+00
-0.100798750E+07-0.994490125E+06-0.980992750E+06-0.967495375E+06-0.953998000E+06
-0.940500625E+06-0.927003250E+06-0.913505875E+06-0.900008500E+06-0.886511125E+06
-0.873013750E+06-0.859516375E+06-0.846019000E+06-0.832521625E+06-0.819024250E+06
-0.805526875E+06-0.792029500E+06-0.778532062E+06-0.765034688E+06-0.751537312E+06
-0.738039938E+06-0.724542562E+06-0.711045125E+06-0.697547750E+06-0.684050375E+06
-0.670553000E+06-0.657055625E+06-0.643558250E+06-0.630060875E+06-0.616563500E+06
-0.603066125E+06-0.589568750E+06-0.576071375E+06-0.562574000E+06-0.549076625E+06
-0.535579250E+06-0.522081844E+06-0.508584438E+06-0.495087062E+06-0.481589688E+06
-0.468092312E+06-0.454594938E+06-0.441097531E+06-0.427600156E+06-0.414102781E+06
-0.400605375E+06-0.387108000E+06-0.373610625E+06-0.360113250E+06-0.346615875E+06
-0.333118500E+06-0.319621125E+06-0.306123750E+06-0.292626344E+06-0.279128969E+06
-0.265631594E+06-0.252134219E+06-0.238636844E+06-0.225139438E+06-0.211642062E+06
-0.198144688E+06-0.184647312E+06-0.171149922E+06-0.157652547E+06-0.144155156E+06
 2.935780957e-02 2.676382847e-02 2.412404120e-02 2.139338665e-02 1.854183525e-02
 1.554629952e-02 1.237450354e-02 8.966676891e-03 5.312836729e-03 1.329899998e-03
-3.558703931e-03-1.006613113e-02-1.687842607e-02-2.132871188e-02-2.395069972e-02
-2.496228181e-02-2.440681867e-02-2.222213894e-02-1.820576191e-02-1.192285214e-02
-2.531491686e-03 7.296688855e-03 1.553047728e-02 2.287448943e-02 2.972605079e-02
 3.633319587e-02 4.287694395e-02 4.951481521e-02 5.641216040e-02 6.374720484e-02
 7.061971724e-02 7.674293220e-02 8.222334832e-02 8.700738847e-02 9.106017649e-02
 9.427495301e-02 9.700787812e-02 1.002191603e-01 1.037692800e-01 1.075766683e-01
 1.115950495e-01 1.157968491e-01 1.201622859e-01 1.246729419e-01 1.293088645e-01
 1.340475678e-01 1.388637573e-01 1.437295675e-01 1.486146599e-01 1.534864008e-01
 1.583103240e-01 1.630505621e-01 1.676705778e-01 1.721340418e-01 1.764058620e-01
 1.804533601e-01 1.842474043e-01 1.877635270e-01 1.909827590e-01 1.938922703e-01
 1.964855492e-01 1.987624764e-01 2.007286847e-01 2.023949325e-01 2.037762105e-01
 2.490477264e-02 2.201483957e-02 1.918167248e-02 1.637060568e-02 1.354125887e-02
 1.065207459e-02 7.722050883e-03 4.792707972e-03 1.796162920e-03-1.372275176e-03
-5.060715601e-03-9.380882606e-03-1.358782407e-02-1.665593497e-02-1.844935678e-02
-1.896168664e-02-1.816665009e-02-1.599613018e-02-1.233652886e-02-7.045053877e-03
-1.052670850e-04 7.425721735e-03 1.459028758e-02 2.139336616e-02 2.796013094e-02
 3.441879898e-02 4.089117795e-02 4.750154912e-02 5.439471453e-02 6.172994524e-02
 6.864290684e-02 7.483886182e-02 8.041498810e-02 8.535484970e-02 8.961658180e-02
 9.308893979e-02 9.616120905e-02 9.974631667e-02 1.037143171e-01 1.079822779e-01
 1.124993861e-01 1.172318459e-01 1.221542805e-01 1.272445023e-01 1.324803531e-01
 1.378378123e-01 1.432899237e-01 1.488061547e-01 1.543521583e-01 1.598896086e-01
 1.653766036e-01 1.707680523e-01 1.760167480e-01 1.810745746e-01 1.858943105e-01
 1.904314458e-01 1.946462095e-01 1.985055357e-01 2.019846141e-01 2.050678879e-01
 2.077496052e-01 2.100333720e-01 2.119314373e-01 2.134631574e-01 2.146534920e-01
 1.982322335e-02 1.673996821e-02 1.385795884e-02 1.113329083e-02 8.504485711e-03
 6.100590341e-03 3.894781228e-03 1.828824170e-03-1.413431746e-04-2.185311867e-03
-4.339565523e-03-6.486852653e-03-8.393690921e-03-9.793492034e-03-1.048215665e-02
-1.033146773e-02-9.261487052e-03-7.222600281e-03-4.198532552e-03-2.328320115e-04
 4.528430291e-03 9.834514931e-03 1.543209795e-02 2.116514370e-02 2.697402984e-02
 3.285619989e-02 3.883661330e-02 4.495020211e-02 5.122569576e-02 5.762458220e-02
 6.386330724e-02 6.975509226e-02 7.527211308e-02 8.040575683e-02 8.515091240e-02
 8.953046799e-02 9.377126396e-02 9.818933159e-02 1.028479487e-01 1.077483147e-01
 1.128810644e-01 1.182339936e-01 1.237933636e-01 1.295435429e-01 1.354661137e-01
 1.415389180e-01 1.477351487e-01 1.540225744e-01 1.603628397e-01 1.667111218e-01
 1.730159521e-01 1.792197526e-01 1.852599084e-01 1.910705566e-01 1.965853572e-01
 2.017407417e-01 2.064795792e-01 2.107546926e-01 2.145318687e-01 2.177917957e-01
 2.205307931e-01 2.227599919e-01 2.245035917e-01 2.257960290e-01 2.266788334e-01
 1.362488233e-02 1.036705263e-02 7.622611709e-03 5.325249396e-03 3.362366464e-03
 1.816406380e-03 5.966332974e-04-4.898761981e-04-1.557749463e-03-2.620208077e-03
-3.648519050e-03-4.570596851e-03-5.279202946e-03-5.651745014e-03-5.572686903e-03
-4.948146641e-03-3.711482976e-03-1.825337764e-03 7.153174374e-04 3.878952004e-03
 7.596904878e-03 1.177356020e-02 1.630773209e-02 2.111405693e-02 2.613284811e-02
 3.132783622e-02 3.667735308e-02 4.216283187e-02 4.775552452e-02 5.340434611e-02
 5.903853849e-02 6.459271908e-02 7.002721727e-02 7.533013821e-02 8.051672578e-02
 8.563379943e-02 9.075934440e-02 9.597967565e-02 1.013605446e-01 1.069410443e-01
 1.127412170e-01 1.187693030e-01 1.250257194e-01 1.315048188e-01 1.381953657e-01
 1.450801790e-01 1.521352828e-01 1.593289077e-01 1.666201949e-01 1.739579141e-01
 1.812796444e-01 1.885113716e-01 1.955683529e-01 2.023573965e-01 2.087810338e-01
 2.147433609e-01 2.201569974e-01 2.249501050e-01 2.290723473e-01 2.324988544e-01
 2.352312207e-01 2.372958958e-01 2.387398481e-01 2.396246791e-01 2.400203943e-01
 5.274716299e-03 1.655419590e-03-5.769263953e-04-1.745192567e-03-2.343339613e-03
-2.594213700e-03-2.740572672e-03-2.875458682e-03-3.032844746e-03-3.208724782e-03
-3.370731603e-03-3.464382840e-03-3.419827670e-03-3.160132561e-03-2.610048745e-03
-1.703553135e-03-3.892790992e-04 1.366006094e-03 3.575476352e-03 6.231988315e-03
 9.310191497e-03 1.277150400e-02 1.657115854e-02 2.066515759e-02 2.501485124e-02
 2.958816662e-02 3.435798734e-02 3.929888457e-02 4.438385740e-02 4.958286881e-02
 5.486496910e-02 6.020346284e-02 6.558148563e-02 7.099565864e-02 7.645751536e-02
 8.199281245e-02 8.763809502e-02 9.343427420e-02 9.941977262e-02 1.056261659e-01
 1.120769382e-01 1.187880337e-01 1.257687956e-01 1.330224872e-01 1.405463666e-01
 1.483309567e-01 1.563589871e-01 1.646033973e-01 1.730250716e-01 1.815699190e-01
 1.901656985e-01 1.987194419e-01 2.071160674e-01 2.152201235e-01 2.228815258e-01
 2.299462557e-01 2.362706661e-01 2.417365313e-01 2.462638617e-01 2.498190105e-01
 2.524168491e-01 2.541161776e-01 2.550098300e-01 2.552109361e-01 2.548396289e-01
-7.942968048e-03-1.353523508e-02-1.270467788e-02-1.036912389e-02-8.612195030e-03
-7.197711151e-03-6.057441235e-03-5.146682262e-03-4.421865568e-03-3.834346309e-03
-3.329010680e-03-2.844994189e-03-2.317815553e-03-1.682468457e-03-8.769907290e-04
 1.540585072e-04 1.456671511e-03 3.065312048e-03 5.001891404e-03 7.275885902e-03
 9.885607287e-03 1.282049716e-02 1.606404968e-02 1.959672943e-02 2.339827642e-02
 2.744903415e-02 3.173032776e-02 3.622423857e-02 4.091337323e-02 4.578111321e-02
 5.081275105e-02 5.599725246e-02 6.132921576e-02 6.681029499e-02 7.244986296e-02
 7.826445997e-02 8.427628875e-02 9.051089734e-02 9.699460119e-02 1.037524790e-01
 1.108070388e-01 1.181775406e-01 1.258797050e-01 1.339254826e-01 1.423224807e-01
 1.510730088e-01 1.601724923e-01 1.696068943e-01 1.793488711e-01 1.893524230e-01
 1.995457411e-01 2.098225653e-01 2.200332135e-01 2.299794406e-01 2.394188643e-01
 2.480848730e-01 2.557203770e-01 2.621137202e-01 2.671267390e-01 2.707109451e-01
 2.729128599e-01 2.738646865e-01 2.737585902e-01 2.728116214e-01 2.712338865e-01
-1.767581701e-02-2.438585460e-02-2.212675288e-02-1.731378213e-02-1.360767521e-02
-1.072780229e-02-8.466233499e-03-6.680028979e-03-5.260668695e-03-4.117390141e-03
-3.168985713e-03-2.340128645e-03-1.560155768e-03-7.629439351e-04 1.124285336e-04
 1.120587229e-03 2.308606403e-03 3.714855295e-03 5.368649028e-03 7.290563546e-03
 9.493191727e-03 1.198227704e-02 1.475809701e-02 1.781693473e-02 2.115245163e-02
 2.475681901e-02 2.862154320e-02 3.273801506e-02 3.709802777e-02 4.169436917e-02
 4.652158171e-02 5.157686025e-02 5.686088651e-02 6.237850711e-02 6.813899428e-02
 7.415589690e-02 8.044648170e-02 8.703079820e-02 9.393079579e-02 1.011693180e-01
 1.087695360e-01 1.167543977e-01 1.251464784e-01 1.339676678e-01 1.432388872e-01
 1.529794782e-01 1.632059216e-01 1.739296466e-01 1.851530969e-01 1.968630254e-01
 2.090192586e-01 2.215364575e-01 2.342561483e-01 2.469101846e-01 2.590912580e-01
 2.702803016e-01 2.799620330e-01 2.877358496e-01 2.933534086e-01 2.967318594e-01
 2.979781628e-01 2.974019051e-01 2.954460382e-01 2.925544679e-01 2.890918255e-01
-2.143449709e-02-2.847560868e-02-2.555163950e-02-2.000845224e-02-1.551634911e-02
-1.191295497e-02-9.051411413e-03-6.795786321e-03-5.025038496e-03-3.631972242e-03
-2.520980313e-03-1.606173348e-03-8.111398201e-04-6.647304690e-05 6.912349490e-04
 1.519721933e-03 2.470570616e-03 3.586549312e-03 4.902480636e-03 6.446566433e-03
 8.240879513e-03 1.030180790e-02 1.264062710e-02 1.526423357e-02 1.817610115e-02
 2.137750760e-02 2.486838773e-02 2.864795551e-02 3.271527588e-02 3.706987202e-02
 4.171235859e-02 4.664503410e-02 5.187241733e-02 5.740164965e-02 6.324276328e-02
 6.940875947e-02 7.591544092e-02 8.278129995e-02 9.002720565e-02 9.767623991e-02
 1.057536080e-01 1.142867059e-01 1.233054101e-01 1.328424066e-01 1.429337859e-01
 1.536195874e-01 1.649442464e-01 1.769569516e-01 1.897109151e-01 2.032612860e-01
 2.176586688e-01 2.329334915e-01 2.490574121e-01 2.658530772e-01 2.827952802e-01
 2.984476089e-01 3.115337193e-01 3.214848638e-01 3.279421329e-01 3.306946158e-01
 3.297254443e-01 3.257259130e-01 3.202162981e-01 3.140584826e-01 3.077638745e-01
-1.996806636e-02-2.696586214e-02-2.414835989e-02-1.850608736e-02-1.388820633e-02
-1.018843986e-02-7.281367667e-03-5.037518218e-03-3.333884757e-03-2.058241749e-03
-1.109140576e-03-3.923214681e-04 1.646195597e-04 6.300953100e-04 1.068236772e-03
 1.541037229e-03 2.113335533e-03 2.828474622e-03 3.721438348e-03 4.825719632e-03
 6.170721725e-03 7.780929562e-03 9.675582871e-03 1.186848339e-02 1.436840184e-02
 1.718261465e-02 2.031733841e-02 2.377765626e-02 2.756776661e-02 3.169178218e-02
 3.615432233e-02 4.096093774e-02 4.611858353e-02 5.163596570e-02 5.752381682e-02
 6.379511952e-02 7.046528161e-02 7.755224407e-02 8.507673442e-02 9.306244552e-02
 1.015364230e-01 1.105296835e-01 1.200780123e-01 1.302231103e-01 1.410141587e-01
 1.525099874e-01 1.647818983e-01 1.779176891e-01 1.920271814e-01 2.072503567e-01
 2.237696350e-01 2.418303490e-01 2.617787719e-01 2.841556966e-01 3.094227910e-01
 3.322624564e-01 3.503181934e-01 3.634587824e-01 3.714036644e-01 3.735103607e-01
 3.695769906e-01 3.586657643e-01 3.466001749e-01 3.355060816e-01 3.254913688e-01
-1.395777054e-02-2.075653151e-02-1.817101240e-02-1.280878857e-02-8.578212932e-03
-5.345169920e-03-2.941056155e-03-1.210437855e-03-1.888619227e-05 7.461827481e-04
 1.176237827e-03 1.423286158e-03 1.490595518e-03 1.445853501e-03 1.345788129e-03
 1.238803612e-03 1.288355212e-03 1.490560127e-03 1.855769427e-03 2.431660425e-03
 3.257490229e-03 4.366540350e-03 5.786260124e-03 7.535537239e-03 9.615667164e-03
 1.203833334e-02 1.481623668e-02 1.795941405e-02 2.147436887e-02 2.536776289e-02
 2.964662015e-02 3.431828320e-02 3.939093649e-02 4.487396032e-02 5.077815056e-02
 5.711607635e-02 6.390234828e-02 7.115400583e-02 7.889088988e-02 8.713614196e-02
 9.591688961e-02 1.052650660e-01 1.152186245e-01 1.258231252e-01 1.371339262e-01
 1.492192000e-01 1.621642411e-01 1.760775149e-01 1.910997033e-01 2.074172795e-01
 2.252839804e-01 2.450554371e-01 2.672463953e-01 2.926142812e-01 3.222043812e-01
 3.525398076e-01 3.760951757e-01 3.927690983e-01 4.027035832e-01 4.057886600e-01
 4.010373950e-01 3.878858387e-01 3.687545657e-01 3.525921702e-01 3.390646279e-01
-3.204615787e-03-9.761340916e-03-7.024999242e-03-2.472622087e-03 6.260555238e-04
 2.670907881e-03 3.938303329e-03 4.622312263e-03 4.862299189e-03 4.763185047e-03
 4.408636130e-03 3.871078836e-03 3.199792467e-03 2.439488657e-03 1.629230683e-03
 8.019758388e-04 1.104396069e-04-4.110506852e-04-7.286019390e-04-8.037883090e-04
-5.968013429e-04-6.656179903e-05 8.316863095e-04 2.153022215e-03 3.791902680e-03
 5.797955208e-03 8.203405887e-03 1.102610491e-02 1.426171139e-02 1.791870221e-02
 2.200674638e-02 2.653310262e-02 3.150609136e-02 3.693493083e-02 4.282951355e-02
 4.920097440e-02 5.606209859e-02 6.342773885e-02 7.131532580e-02 7.974539697e-02
 8.874232322e-02 9.833517671e-02 1.085588932e-01 1.194557697e-01 1.310775131e-01
 1.434879303e-01 1.567666233e-01 1.710141003e-01 1.863587499e-01 2.029666603e-01
 2.210549712e-01 2.409094274e-01 2.629052699e-01 2.875272632e-01 3.153824806e-01
 3.470124602e-01 3.739314377e-01 3.932675719e-01 4.052845240e-01 4.100661278e-01
 4.078012109e-01 3.974909782e-01 3.789436221e-01 3.599620461e-01 3.447744846e-01
 1.585977338e-02 1.065770071e-02 1.145958342e-02 1.316633448e-02 1.363949664e-02
 1.347307675e-02 1.289378665e-02 1.201717928e-02 1.091533713e-02 9.640150703e-03
 8.232855238e-03 6.728138775e-03 5.154865794e-03 3.538433928e-03 1.901484095e-03
 2.640238672e-04-1.225279877e-03-2.527086530e-03-3.602925688e-03-4.414129071e-03
-4.922037013e-03-5.088670179e-03-4.878092557e-03-4.259746522e-03-3.217353020e-03
-1.719668740e-03 2.732517314e-04 2.813622821e-03 5.761941895e-03 9.170176461e-03
 1.306329947e-02 1.743625849e-02 2.229808643e-02 2.765871771e-02 3.352526575e-02
 3.990599886e-02 4.681053013e-02 5.425000936e-02 6.223760918e-02 7.078902423e-02
 7.992299646e-02 8.966203034e-02 1.000331119e-01 1.110687256e-01 1.228080690e-01
 1.352985203e-01 1.485974491e-01 1.627744138e-01 1.779134870e-01 1.941157877e-01
 2.115013599e-01 2.302097380e-01 2.503974736e-01 2.722328305e-01 2.958949506e-01
 3.216313124e-01 3.479258418e-01 3.668502867e-01 3.793713152e-01 3.859987855e-01
 3.865081072e-01 3.813865185e-01 3.698123693e-01 3.533153534e-01 3.400883079e-01
 4.303903133e-02 4.141209275e-02 3.658051044e-02 3.206874430e-02 2.859802544e-02
 2.557922900e-02 2.277938649e-02 2.009096369e-02 1.745961234e-02 1.485728286e-02
 1.227042917e-02 9.694037959e-03 7.128257770e-03 4.576570354e-03 2.044571098e-03
-4.610970500e-04-2.796844346e-03-4.925101995e-03-6.808121689e-03-8.407918736e-03
-9.686516598e-03-1.060641743e-02-1.113129035e-02-1.122675091e-02-1.086067501e-02
-1.000060141e-02-8.615070023e-03-6.677773315e-03-4.177580588e-03-1.081831288e-03
 2.658796730e-03 6.870198064e-03 1.160927769e-02 1.689988002e-02 2.273215167e-02
 2.911101840e-02 3.604228050e-02 4.353179783e-02 5.158688873e-02 6.021660194e-02
 6.943198293e-02 7.924634218e-02 8.967554569e-02 1.007382944e-01 1.124563515e-01
 1.248546392e-01 1.379611194e-01 1.518060565e-01 1.664204895e-01 1.818329394e-01
 1.980634928e-01 2.151127756e-01 2.329424620e-01 2.514396906e-01 2.703469396e-01
 2.891093493e-01 3.066069484e-01 3.213649690e-01 3.325006962e-01 3.397346139e-01
 3.430542350e-01 3.426406384e-01 3.389801383e-01 3.331397176e-01 3.266225457e-01
 6.218544394e-02 6.165240705e-02 5.511489511e-02 4.799844697e-02 4.199609905e-02
 3.676991165e-02 3.207689151e-02 2.775222063e-02 2.368599549e-02 1.980452426e-02
 1.605800539e-02 1.241276041e-02 8.846323006e-03 5.344420671e-03 1.899280120e-03
-1.490897732e-03-4.688451067e-03-7.659723051e-03-1.036910154e-02-1.277978532e-02
-1.485432498e-02-1.655507833e-02-1.784460619e-02-1.868600771e-02-1.904313080e-02
-1.888062060e-02-1.816454902e-02-1.686352119e-02-1.494957693e-02-1.239638124e-02
-9.183963761e-03-5.310998298e-03-7.529319264e-04 4.528351594e-03 1.033377275e-02
 1.671464182e-02 2.367594093e-02 3.121320531e-02 3.932719678e-02 4.801939428e-02
 5.729229748e-02 6.714913249e-02 7.759369910e-02 8.863012493e-02 1.002623737e-01
 1.124933511e-01 1.253235042e-01 1.387486756e-01 1.527567506e-01 1.673224270e-01
 1.823995560e-01 1.979096234e-01 2.137250453e-01 2.296460569e-01 2.453724593e-01
 2.604813576e-01 2.744428813e-01 2.867090106e-01 2.968396246e-01 3.045768738e-01
 3.098551035e-01 3.127939403e-01 3.136948347e-01 3.130135834e-01 3.112670779e-01
 7.427595556e-02 7.401916385e-02 6.746157259e-02 5.945654213e-02 5.224667117e-02
 4.571369663e-02 3.972574323e-02 3.416569531e-02 2.893728018e-02 2.396443672e-02
 1.918829978e-02 1.456379704e-02 1.005664095e-02 5.640994757e-03 1.297834795e-03
-2.939542290e-03-6.973629352e-03-1.077083312e-02-1.429570280e-02-1.751159504e-02
-2.038107999e-02-2.286624163e-02-2.492890134e-02-2.653082088e-02-2.763388120e-02
-2.820031717e-02-2.819309011e-02-2.757638693e-02-2.631618455e-02-2.438083105e-02
-2.174231410e-02-1.837746054e-02-1.426588930e-02-9.395249188e-03-3.773389850e-03
 2.617644146e-03 9.649826214e-03 1.725632511e-02 2.544750273e-02 3.421613574e-02
 4.355739057e-02 5.346483737e-02 6.393104792e-02 7.494728267e-02 8.650253713e-02
 9.858220816e-02 1.111663580e-01 1.242273673e-01 1.377266943e-01 1.516105533e-01
 1.658043861e-01 1.802059561e-01 1.946776807e-01 2.090392560e-01 2.230640054e-01
 2.364834398e-01 2.490056902e-01 2.603479028e-01 2.702743709e-01 2.786275446e-01
 2.853451967e-01 2.904638052e-01 2.941094041e-01 2.964756489e-01 2.977892160e-01
 8.264047652e-02 8.251902461e-02 7.567727566e-02 6.724814326e-02 5.942876264e-02
 5.215586349e-02 4.535344243e-02 3.894384205e-02 3.285513818e-02 2.702439763e-02
 2.139833570e-02 1.593258977e-02 1.059034932e-02 5.340621341e-03 1.560659439e-04
-4.866134375e-03-9.686979465e-03-1.426897943e-02-1.857489534e-02-2.256727591e-02
-2.620830759e-02-2.945977822e-02-3.228311241e-02-3.463939577e-02-3.648945689e-02
-3.779397905e-02-3.851370141e-02-3.860973567e-02-3.804397956e-02-3.677967191e-02
-3.478217870e-02-3.201992065e-02-2.846538089e-02-2.409711480e-02-1.890195161e-02
-1.287465915e-02-6.027344149e-03 1.635777531e-03 9.953152388e-03 1.883762330e-02
 2.829129063e-02 3.829570860e-02 4.883326963e-02 5.988568813e-02 7.143131644e-02
 8.344385028e-02 9.589089453e-02 1.087321341e-01 1.219170988e-01 1.353824735e-01
 1.490490288e-01 1.628185958e-01 1.765716076e-01 1.901659667e-01 2.034389377e-01
 2.162127793e-01 2.283052057e-01 2.395433933e-01 2.497792989e-01 2.589029670e-01
 2.668510973e-01 2.736094296e-01 2.792094350e-01 2.837190032e-01 2.872300744e-01
 8.781048656e-02 8.769723773e-02 8.063837141e-02 7.201840729e-02 6.391415000e-02
 5.625719577e-02 4.898293316e-02 4.203032702e-02 3.534419835e-02 2.887568250e-02
 2.258197591e-02 1.642591506e-02 1.037536934e-02 4.402548540e-03-1.517131226e-03
-7.270227186e-03-1.282114908e-02-1.813328639e-02-2.316945046e-02-2.789206058e-02
-3.226321191e-02-3.624466062e-02-3.979778290e-02-4.288349673e-02-4.546224326e-02
-4.749396443e-02-4.893815890e-02-4.975403845e-02-4.990079626e-02-4.933800921e-02
-4.802626371e-02-4.592796788e-02-4.300845414e-02-3.923744708e-02-3.459081054e-02
-2.905258536e-02-2.261786163e-02-1.529488526e-02-7.113804575e-03 1.900853938e-03
 1.155284233e-02 2.173552662e-02 3.242646158e-02 4.360720515e-02 5.524990335e-02
 6.732136011e-02 7.978282869e-02 9.258897603e-02 1.056867316e-01 1.190137565e-01
 1.324970871e-01 1.460519433e-01 1.595813036e-01 1.729762554e-01 1.861180663e-01
 1.988816559e-01 2.111409009e-01 2.227747291e-01 2.336736917e-01 2.437454164e-01
 2.529183626e-01 2.611432672e-01 2.683929801e-01 2.746599615e-01 2.799536288e-01
 8.971582353e-02 8.942369372e-02 8.263912797e-02 7.411596924e-02 6.603571028e-02
 5.829263851e-02 5.081652477e-02 4.356014356e-02 3.648613766e-02 2.956184372e-02
 2.275758609e-02 1.604629867e-02 9.403831325e-03 2.810079604e-03-3.748078365e-03
-1.014696993e-02-1.635091007e-02-2.232244983e-02-2.802356705e-02-3.341609985e-02
-3.846185654e-02-4.312256724e-02-4.735972732e-02-5.113445222e-02-5.440728366e-02
-5.713807791e-02-5.928591639e-02-6.080909073e-02-6.166524440e-02-6.181159616e-02
-6.120541319e-02-5.980461091e-02-5.756872892e-02-5.446009338e-02-5.044542253e-02
-4.549771547e-02-3.959860653e-02-3.274099156e-02-2.493207157e-02-1.619517244e-02
-6.577910855e-03 3.880369943e-03 1.480613276e-02 2.622824162e-02 3.809792548e-02
 5.037575960e-02 6.301981211e-02 7.598418742e-02 8.921811730e-02 1.026652530e-01
 1.162629351e-01 1.299418211e-01 1.436257958e-01 1.572323740e-01 1.706738174e-01
 1.838586032e-01 1.966934949e-01 2.090854943e-01 2.209435999e-01 2.321800292e-01
 2.427105606e-01 2.524546981e-01 2.613358796e-01 2.692831755e-01 2.762347162e-01
 8.859941363e-02 8.776411414e-02 8.153973520e-02 7.387401164e-02 6.624458730e-02
 5.867674574e-02 5.119235814e-02 4.379494488e-02 3.647807240e-02 2.922953293e-02
 2.203366905e-02 1.487259846e-02 7.726594340e-03 5.734095466e-04-6.502115168e-03
-1.344807260e-02-2.021845803e-02-2.677043155e-02-3.306305036e-02-3.905663639e-02
-4.471233115e-02-4.999172688e-02-5.485655367e-02-5.926833302e-02-6.318809837e-02
-6.657611579e-02-6.939168274e-02-7.159296423e-02-7.313698530e-02-7.397966087e-02
-7.407616824e-02-7.338126749e-02-7.185009122e-02-6.943909079e-02-6.610739231e-02
-6.181842089e-02-5.654209107e-02-5.025729537e-02-4.295495152e-02-3.464155644e-02
-2.534367889e-02-1.511250064e-02-4.038784653e-03 7.811884396e-03 2.006008103e-02
 3.270242736e-02 4.569904506e-02 5.900645629e-02 7.257893682e-02 8.636842668e-02
 1.003241539e-01 1.143923849e-01 1.285162419e-01 1.426358819e-01 1.566886455e-01
 1.706092507e-01 1.843296736e-01 1.977784336e-01 2.108790278e-01 2.235472202e-01
 2.356871963e-01 2.471875399e-01 2.579183877e-01 2.677332461e-01 2.764783502e-01
 8.687204123e-02 8.556626737e-02 7.987423241e-02 7.274825126e-02 6.543509662e-02
 5.801524594e-02 5.054814368e-02 4.306381196e-02 3.557411954e-02 2.808009461e-02
 2.057610825e-02 1.305230800e-02 5.495987833e-03-2.107988810e-03-9.645689279e-03
-1.706873626e-02-2.433093637e-02-3.138829768e-02-3.819880635e-02-4.472206160e-02
-5.091893673e-02-5.675115436e-02-6.218088418e-02-6.717030704e-02-7.168124616e-02
-7.567475736e-02-7.911084592e-02-8.194813877e-02-8.414374292e-02-8.565318584e-02
-8.643050492e-02-8.642844111e-02-8.559903502e-02-8.389426768e-02-8.126715571e-02
-7.767319679e-02-7.307213545e-02-6.743027270e-02-6.072323024e-02-5.293921381e-02
-4.408269376e-02-3.417834640e-02-2.327471599e-02-1.144407876e-02 1.205112436e-03
 1.436248422e-02 2.787284181e-02 4.169033468e-02 5.577459186e-02 7.008719444e-02
 8.459028602e-02 9.924597293e-02 1.140162274e-01 1.288628429e-01 1.437473893e-01
 1.586307287e-01 1.734720618e-01 1.882266402e-01 2.028419375e-01 2.172512114e-01
 2.313635349e-01 2.450497895e-01 2.581255138e-01 2.703369856e-01 2.813686728e-01
 8.604799211e-02 8.460923284e-02 7.880623639e-02 7.156006992e-02 6.420581788e-02
 5.675981939e-02 4.923763126e-02 4.165155441e-02 3.400797769e-02 2.630766854e-02
 1.854703203e-02 1.071971282e-02 2.818683162e-03-5.160084460e-03-1.308621652e-02
-2.091249079e-02-2.859251574e-02-3.608170152e-02-4.333747551e-02-5.031915754e-02
-5.698765069e-02-6.330503523e-02-6.923412532e-02-7.473796606e-02-7.977938652e-02
-8.432053030e-02-8.832242340e-02-9.174458683e-02-9.454478323e-02-9.667877108e-02
-9.810024500e-02-9.876092523e-02-9.861081839e-02-9.759871662e-02-9.567302465e-02
-9.278282523e-02-8.887945116e-02-8.391837776e-02-7.786171138e-02-7.068113983e-02
-6.236138195e-02-5.290425569e-02-4.233316705e-02-3.069821559e-02-1.808329672e-02
-4.613740835e-03 9.579908103e-03 2.405560017e-02 3.879097104e-02 5.376250297e-02
 6.894718111e-02 8.432346582e-02 9.987206757e-02 1.155765504e-01 1.314237714e-01
 1.474040002e-01 1.635104418e-01 1.797377765e-01 1.960785836e-01 2.125169337e-01
 2.290156782e-01 2.454932928e-01 2.617803216e-01 2.775343657e-01 2.920864224e-01
 8.506797254e-02 8.351205289e-02 7.737503946e-02 7.001091540e-02 6.256885827e-02
 5.504317209e-02 4.743305221e-02 3.973682970e-02 3.195124865e-02 2.407100052e-02
 1.608846150e-02 7.993292063e-03-2.286056551e-04-8.487905376e-03-1.672267914e-02
-2.487818524e-02-3.290440142e-02-4.075492173e-02-4.838632792e-02-5.575766414e-02
-6.283000112e-02-6.956592202e-02-7.592900097e-02-8.188328892e-02-8.739277720e-02
-9.242083132e-02-9.692975134e-02-1.008802503e-01-1.042311043e-01-1.069387794e-01
-1.089572906e-01-1.102380380e-01-1.107299626e-01-1.103797927e-01-1.091326028e-01
-1.069326475e-01-1.037245616e-01-9.945496917e-02-9.407460690e-02-8.754087985e-02
-7.982110977e-02-7.089629769e-02-6.076540053e-02-4.945022240e-02-3.700039536e-02
-2.349772491e-02-9.058187716e-03 6.159183569e-03 2.163223363e-02 3.734653443e-02
 5.329040438e-02 6.945607066e-02 8.584081382e-02 1.024483517e-01 1.192902103e-01
 1.363872588e-01 1.537713408e-01 1.714867949e-01 1.895918846e-01 2.081594467e-01
 2.272762656e-01 2.470386028e-01 2.675359845e-01 2.887687981e-01 3.096532822e-01
 8.326831460e-02 8.154271543e-02 7.544860244e-02 6.799918413e-02 6.048435718e-02
 5.289286375e-02 4.521121085e-02 3.742668778e-02 2.952772379e-02 2.150354348e-02
 1.334360894e-02 5.037019029e-03-3.428370692e-03-1.193507388e-02-2.042785846e-02
-2.885421738e-02-3.716476262e-02-4.531321675e-02-5.325626582e-02-6.095321104e-02
-6.836555898e-02-7.545658946e-02-8.219076693e-02-8.853322268e-02-9.444916993e-02
-9.990332276e-02-1.048593447e-01-1.092793196e-01-1.131232753e-01-1.163487434e-01
-1.189104766e-01-1.207601726e-01-1.218464673e-01-1.221149415e-01-1.215085536e-01
-1.199681312e-01-1.174332947e-01-1.138438135e-01-1.091412753e-01-1.032714099e-01
-9.618692100e-02-8.785093576e-02-7.824113965e-02-6.735443324e-02-5.521219969e-02
-4.186571389e-02-2.740187570e-02-1.194944698e-02 4.315615632e-03 2.081678621e-02
 3.754995763e-02 5.451700836e-02 7.172743231e-02 8.920031786e-02 1.069667190e-01
 1.250727475e-01 1.435834616e-01 1.625881195e-01 1.822074503e-01 2.026041150e-01
 2.239986211e-01 2.466962785e-01 2.711394131e-01 2.980254889e-01 3.261080384e-01
 8.098503947e-02 7.909064740e-02 7.293113321e-02 6.544494629e-02 5.792117864e-02
 5.032612756e-02 4.262857139e-02 3.480490297e-02 2.683735639e-02 1.871207729e-02
 1.041791216e-02 1.946465112e-03-6.705645472e-03-1.540554222e-02-2.410156094e-02
-3.274283558e-02-4.128073156e-02-4.966940358e-02-5.786588043e-02-6.582991034e-02
-7.352359593e-02-8.091096580e-02-8.795741946e-02-9.462919086e-02-1.008927375e-01
-1.067141145e-01-1.120584011e-01-1.168891191e-01-1.211676747e-01-1.248528734e-01
-1.279005110e-01-1.302630305e-01-1.318893433e-01-1.327246726e-01-1.327108443e-01
-1.317864805e-01-1.298877895e-01-1.269494891e-01-1.229062825e-01-1.176948026e-01
-1.112561077e-01-1.035388410e-01-9.450314939e-02-8.412517607e-02-7.240246236e-02
-5.935977399e-02-4.505555332e-02-2.958850563e-02-1.310387347e-02 4.201376345e-03
 2.172008157e-02 3.945848346e-02 5.743179470e-02 7.566653192e-02 9.420339763e-02
 1.131009310e-01 1.324404329e-01 1.523326933e-01 1.729277521e-01 1.944286674e-01
 2.171111703e-01 2.413501441e-01 2.676504254e-01 2.966670692e-01 3.277373910e-01
 7.813501358e-02 7.607237250e-02 6.960973889e-02 6.224618107e-02 5.487302318e-02
 4.739614576e-02 3.977136314e-02 3.197455406e-02 2.398994192e-02 1.580502652e-02
 7.407887839e-03-1.215118798e-03-9.974487126e-03-1.880541071e-02-2.764960378e-02
-3.645339608e-02-4.516702145e-02-5.374428630e-02-6.214228272e-02-7.032109052e-02
-7.824337482e-02-8.587387204e-02-9.317891300e-02-1.001257598e-01-1.066820621e-01
-1.128151715e-01-1.184915751e-01-1.236761734e-01-1.283318251e-01-1.324187219e-01
-1.358938664e-01-1.387107372e-01-1.408189535e-01-1.421640217e-01-1.426873505e-01
-1.423265040e-01-1.410154998e-01-1.386857033e-01-1.352669448e-01-1.306891590e-01
-1.248845756e-01-1.177906543e-01-1.093536168e-01-9.953287244e-02-8.830623329e-02
-7.567591220e-02-6.167521700e-02-4.637560248e-02-2.989378199e-02-1.239819638e-02
 5.885919556e-03 2.434478700e-02 4.299177974e-02 6.185136735e-02 8.096205443e-02
 1.003790349e-01 1.201777607e-01 1.404592395e-01 1.613576114e-01 1.830511838e-01
 2.057790458e-01 2.298660278e-01 2.557621002e-01 2.840994596e-01 3.144274056e-01
 7.311156392e-02 7.044072449e-02 6.506966799e-02 5.847032368e-02 5.151200294e-02
 4.428423196e-02 3.680852428e-02 2.909102291e-02 2.113186195e-02 1.292801090e-02
 4.474261776e-03-4.236756824e-03-1.308698207e-02-2.201746777e-02-3.097189963e-02
-3.989724070e-02-4.874396324e-02-5.746606737e-02-6.602094322e-02-7.436908036e-02
-8.247369528e-02-9.030021727e-02-9.781582654e-02-1.049887538e-01-1.117877290e-01
-1.181813404e-01-1.241373271e-01-1.296219975e-01-1.345995665e-01-1.390316039e-01
-1.428764611e-01-1.460888088e-01-1.486192048e-01-1.504138708e-01-1.514144838e-01
-1.515582502e-01-1.507781446e-01-1.490035057e-01-1.461609900e-01-1.421758831e-01
-1.369741559e-01-1.304849237e-01-1.226438880e-01-1.133973897e-01-1.027075499e-01
-9.055813402e-02-7.696139067e-02-6.196541339e-02-4.566191137e-02-2.819378860e-02
-9.761825204e-03 9.370423853e-03 2.860623226e-02 4.795827344e-02 6.745450199e-02
 8.713524044e-02 1.070532724e-01 1.272751987e-01 1.478835642e-01 1.689794660e-01
 1.906859279e-01 2.131530792e-01 2.365714312e-01 2.612304688e-01 2.871275246e-01
 6.950798631e-02 6.659416854e-02 6.132460386e-02 5.503670499e-02 4.835414141e-02
 4.132414609e-02 3.398024291e-02 2.634111978e-02 1.841594279e-02 1.020850800e-02
 1.720505068e-03-7.044572383e-03-1.595449820e-02-2.495290712e-02-3.398469090e-02
-4.299737513e-02-5.194177479e-02-6.077218056e-02-6.944631040e-02-7.792507857e-02
-8.617221564e-02-9.415380657e-02-1.018377617e-01-1.091931909e-01-1.161898226e-01
-1.227972731e-01-1.289844811e-01-1.347190142e-01-1.399663389e-01-1.446894109e-01
-1.488478184e-01-1.523975432e-01-1.552902460e-01-1.574730873e-01-1.588883996e-01
-1.594736576e-01-1.591615677e-01-1.578804851e-01-1.555552334e-01-1.521081924e-01
-1.474610567e-01-1.415371448e-01-1.342644691e-01-1.255796403e-01-1.154327393e-01
-1.037930101e-01-9.065571427e-02-7.604954392e-02-6.004484370e-02-4.276194051e-02
-2.437929437e-02-5.141172558e-03 1.463486813e-02 3.437792882e-02 5.411624908e-02
 7.387556881e-02 9.368148446e-02 1.135593206e-01 1.335314959e-01 1.536117494e-01
 1.737936139e-01 1.940275282e-01 2.141726911e-01 2.338911891e-01 2.524727583e-01
 6.706629694e-02 6.403635442e-02 5.861291662e-02 5.233426392e-02 4.571391270e-02
 3.875876591e-02 3.147917241e-02 2.388289198e-02 1.597381383e-02 7.751720492e-03
-7.881571073e-04-9.560257196e-03-1.849609613e-02-2.753350884e-02-3.661497682e-02
-4.568709433e-02-5.470040441e-02-6.360923499e-02-7.237154245e-02-8.094859123e-02
-8.930455148e-02-9.740607440e-02-1.052217036e-01-1.127213165e-01-1.198754460e-01
-1.266546696e-01-1.330289245e-01-1.389668584e-01-1.444351673e-01-1.493978798e-01
-1.538159251e-01-1.576464176e-01-1.608422399e-01-1.633515656e-01-1.651176214e-01
-1.660784781e-01-1.661671102e-01-1.653116941e-01-1.634361744e-01-1.604613066e-01
-1.563061178e-01-1.508901119e-01-1.441360414e-01-1.359735727e-01-1.263439357e-01
-1.152054518e-01-1.025401503e-01-8.836114407e-02-7.272069901e-02-5.571833253e-02
-3.750814497e-02-1.830393448e-02 1.620536437e-03 2.164363861e-02 4.152265564e-02
 6.125992537e-02 8.085353673e-02 1.002949774e-01 1.195640713e-01 1.386210918e-01
 1.573952138e-01 1.757679582e-01 1.935520470e-01 2.104720324e-01 2.261672914e-01
 6.501159817e-02 6.187197566e-02 5.649620295e-02 5.019955337e-02 4.358409345e-02
 3.664939106e-02 2.939410135e-02 2.181692421e-02 1.391572412e-02 5.687016994e-03
-2.874268219e-03-1.166382618e-02-2.061994746e-02-2.968310565e-02-3.879690915e-02
-4.790851474e-02-5.696884915e-02-6.593257189e-02-7.475794852e-02-8.340662718e-02
-9.184318781e-02-1.000347584e-01-1.079504043e-01-1.155606061e-01-1.228366047e-01
-1.297497451e-01-1.362707913e-01-1.423692852e-01-1.480129063e-01-1.531667709e-01
-1.577928364e-01-1.618493199e-01-1.652901620e-01-1.680646241e-01-1.701168120e-01
-1.713856608e-01-1.718046665e-01-1.713022292e-01-1.698021293e-01-1.672243923e-01
-1.634865999e-01-1.585059166e-01-1.522017121e-01-1.444990039e-01-1.353329271e-01
-1.246540919e-01-1.124350801e-01-9.867785871e-02-8.342200518e-02-6.675340980e-02
-4.881286249e-02-2.980398387e-02-9.999781847e-03 1.025204547e-02 3.024539724e-02
 4.994830489e-02 6.933864951e-02 8.839073777e-02 1.070674062e-01 1.253135800e-01
 1.430502236e-01 1.601685584e-01 1.765264273e-01 1.919499934e-01 2.062447965e-01
 6.350344419e-02 6.029465795e-02 5.484893918e-02 4.852963984e-02 4.191313311e-02
 3.498955071e-02 2.775017917e-02 2.018760517e-02 1.229528151e-02 4.066932015e-03
-4.503890872e-03-1.330278162e-02-2.227000892e-02-3.134764358e-02-4.048040509e-02
-4.961623251e-02-5.870657414e-02-6.770651788e-02-7.657469064e-02-8.527306467e-02
-9.376657009e-02-1.020226926e-01-1.100109220e-01-1.177022010e-01-1.250682771e-01
-1.320810914e-01-1.387120485e-01-1.449314356e-01-1.507076472e-01-1.560066640e-01
-1.607913077e-01-1.650207192e-01-1.686497629e-01-1.716285646e-01-1.739021987e-01
-1.754103005e-01-1.760870814e-01-1.758613884e-01-1.746572256e-01-1.723943949e-01
-1.689898372e-01-1.643594801e-01-1.584206372e-01-1.510954499e-01-1.423150897e-01
-1.320250332e-01-1.201913804e-01-1.068084091e-01-9.190679342e-02-7.556268573e-02
-5.790705234e-02-3.913472593e-02-1.951271668e-02 6.126782973e-04 2.080996707e-02
 4.053171724e-02 5.978301167e-02 7.854872942e-02 9.679676592e-02 1.144785434e-01
 1.315284818e-01 1.478640586e-01 1.633874029e-01 1.779896170e-01 1.915584356e-01
 6.234507263e-02 5.908554792e-02 5.356623605e-02 4.725199565e-02 4.065951332e-02
 3.376600146e-02 2.655605599e-02 1.901850849e-02 1.114472188e-02 2.927273046e-03
-5.640880670e-03-1.443844475e-02-2.340658940e-02-3.248817101e-02-4.162854701e-02
-5.077612400e-02-5.988273025e-02-6.890374422e-02-7.779802382e-02-8.652774990e-02
-9.505807608e-02-1.033567190e-01-1.113934368e-01-1.191394627e-01-1.265669018e-01
-1.336480528e-01-1.403547823e-01-1.466578841e-01-1.525262892e-01-1.579265594e-01
-1.628221869e-01-1.671729386e-01-1.709344089e-01-1.740574837e-01-1.764878333e-01
-1.781658530e-01-1.790263057e-01-1.789985597e-01-1.780069470e-01-1.759713441e-01
-1.728085577e-01-1.684339195e-01-1.627636850e-01-1.557182968e-01-1.472265422e-01
-1.372306347e-01-1.256925315e-01-1.126011610e-01-9.798075259e-02-8.189965785e-02
-6.447954476e-02-4.590379447e-02-2.642447501e-02-6.365973968e-03 1.387684047e-02
 3.356841952e-02 5.270354450e-02 7.126545161e-02 8.922547102e-02 1.065431684e-01
 1.231670529e-01 1.390359998e-01 1.540816724e-01 1.682323217e-01 1.814176589e-01
 6.125884503e-02 5.792633444e-02 5.253105611e-02 4.631514102e-02 3.981129825e-02
 3.298801929e-02 2.583201230e-02 1.833572984e-02 1.049309131e-02 2.298246603e-03
-6.254883949e-03-1.504058205e-02-2.400002815e-02-3.307615966e-02-4.221443087e-02
-5.136334151e-02-6.047476828e-02-6.950414181e-02-7.841035724e-02-8.715563267e-02
-9.570516646e-02-1.040267497e-01-1.120902300e-01-1.198669523e-01-1.273291707e-01
-1.344493926e-01-1.411997229e-01-1.475511789e-01-1.534730196e-01-1.589321792e-01
-1.638924479e-01-1.683140695e-01-1.721530557e-01-1.753607094e-01-1.778832376e-01
-1.796613783e-01-1.806304157e-01-1.807200909e-01-1.798549891e-01-1.779552400e-01
-1.749376804e-01-1.707174480e-01-1.652103961e-01-1.583362073e-01-1.500224322e-01
-1.402096152e-01-1.288573742e-01-1.159516275e-01-1.015126705e-01-8.560401201e-02
-6.834116578e-02-4.989994690e-02-3.052300587e-02-1.052347757e-02 9.715678170e-03
 2.936243638e-02 4.840803891e-02 6.683526933e-02 8.461804688e-02 1.017216668e-01
 1.181037650e-01 1.337158978e-01 1.485058963e-01 1.624208689e-01 1.754107773e-01
 6.025590748e-02 5.674169958e-02 5.172177404e-02 4.581116140e-02 3.945209831e-02
 3.271812201e-02 2.562524937e-02 1.817694120e-02 1.037220005e-02 2.207878511e-03
-6.320497487e-03-1.508579589e-02-2.402862906e-02-3.309151158e-02-4.221954942e-02
-5.136095732e-02-6.046738103e-02-6.949401647e-02-7.839959115e-02-8.714615554e-02
-9.569878876e-02-1.040251553e-01-1.120950282e-01-1.198796928e-01-1.273513734e-01
-1.344825476e-01-1.412453353e-01-1.476107985e-01-1.535482705e-01-1.590247005e-01
-1.640040576e-01-1.684466451e-01-1.723086536e-01-1.755415201e-01-1.780916154e-01
-1.798999310e-01-1.809018850e-01-1.810274124e-01-1.802013069e-01-1.783438921e-01
-1.753720939e-01-1.712011844e-01-1.657470465e-01-1.589292735e-01-1.506752819e-01
-1.409252435e-01-1.296382844e-01-1.167995408e-01-1.024283618e-01-8.658692986e-02
-6.938917935e-02-5.100899190e-02-3.168678284e-02-1.173306070e-02 8.472399786e-03
 2.807110548e-02 4.705448449e-02 6.540611386e-02 8.310142905e-02 1.001080275e-01
 1.163868010e-01 1.318936050e-01 1.465814710e-01 1.604034305e-01 1.733156443e-01
 6.067169458e-02 5.726729333e-02 5.205395073e-02 4.606612027e-02 3.973108903e-02
 3.303880244e-02 2.598816343e-02 1.857893169e-02 1.080980524e-02 2.678242978e-03
-5.819467828e-03-1.455862541e-02-2.347906865e-02-3.252258524e-02-4.163362086e-02
-5.075982213e-02-5.985232815e-02-6.886590272e-02-7.775890082e-02-8.649304509e-02
-9.503310919e-02-1.033464968e-01-1.114027351e-01-1.191728711e-01-1.266289055e-01
-1.337431371e-01-1.404874474e-01-1.468327045e-01-1.527480781e-01-1.582003236e-01
-1.631532162e-01-1.675669253e-01-1.713974476e-01-1.745961308e-01-1.771091819e-01
-1.788775176e-01-1.798364818e-01-1.799160242e-01-1.790409684e-01-1.771317720e-01
-1.741055846e-01-1.698779464e-01-1.643652171e-01-1.574876308e-01-1.491733193e-01
-1.393634826e-01-1.280184388e-01-1.151248813e-01-1.007039621e-01-8.482015878e-02
-6.759035587e-02-4.919233918e-02-2.987187356e-02-9.946523234e-03 1.019661874e-02
 2.974303998e-02 4.868832976e-02 6.701793522e-02 8.470715582e-02 1.017220020e-01
 1.180205345e-01 1.335546672e-01 1.482726783e-01 1.621221155e-01 1.750534922e-01
 6.147018820e-02 5.811844766e-02 5.293976143e-02 4.695794731e-02 4.063491523e-02
 3.396356478e-02 2.693892643e-02 1.955817267e-02 1.181913912e-02 3.719339846e-03
-4.744540900e-03-1.345412619e-02-2.234821767e-02-3.136755526e-02-4.045564681e-02
-4.955933988e-02-5.862908810e-02-6.761908531e-02-7.648717612e-02-8.519463986e-02
-9.370583296e-02-1.019877642e-01-1.100095734e-01-1.177419275e-01-1.251564622e-01
-1.322250366e-01-1.389191747e-01-1.452093124e-01-1.510641575e-01-1.564500928e-01
-1.613304019e-01-1.656648517e-01-1.694089770e-01-1.725136936e-01-1.749248654e-01
-1.765830070e-01-1.774232388e-01-1.773753166e-01-1.763640344e-01-1.743099391e-01
-1.711305678e-01-1.667420566e-01-1.610617489e-01-1.540111899e-01-1.455203593e-01
-1.355328262e-01-1.240118444e-01-1.109476835e-01-9.636580199e-02-8.033575118e-02
-6.298040599e-02-4.448516294e-02-2.510689199e-02-5.183660425e-03 1.485006511e-02
 3.432553634e-02 5.325074494e-02 7.161267102e-02 8.938330412e-02 1.065221503e-01
 1.229777783e-01 1.386894584e-01 1.535896361e-01 1.676076353e-01 1.806744337e-01
 6.286241859e-02 5.959318578e-02 5.437975749e-02 4.843040556e-02 4.213236272e-02
 3.548048437e-02 2.847392112e-02 2.111287788e-02 1.339744683e-02 5.326693412e-03
-3.101898124e-03-1.178032439e-02-2.064552531e-02-2.963660657e-02-3.869583830e-02
-4.776913300e-02-5.680622905e-02-6.576073170e-02-7.458996028e-02-8.325470239e-02
-9.171885252e-02-9.994895756e-02-1.079136431e-01-1.155831069e-01-1.229284033e-01
-1.299208701e-01-1.365314126e-01-1.427298486e-01-1.484842896e-01-1.537603736e-01
-1.585207582e-01-1.627244651e-01-1.663264036e-01-1.692767888e-01-1.715208888e-01
-1.729987264e-01-1.736449897e-01-1.733891964e-01-1.721561551e-01-1.698666662e-01
-1.664389074e-01-1.617902219e-01-1.558395177e-01-1.485107690e-01-1.397370696e-01
-1.294659376e-01-1.176655740e-01-1.043320298e-01-8.949735761e-02-7.323804498e-02
-5.568332598e-02-3.702194244e-02-1.750512794e-02 2.559513319e-03 2.229173481e-02
 4.163489491e-02 6.055391580e-02 7.901547849e-02 9.697903693e-02 1.143922061e-01
 1.311881840e-01 1.472847909e-01 1.625856757e-01 1.769841015e-01 1.903705299e-01
 6.467212737e-02 6.149476767e-02 5.643061548e-02 5.052356422e-02 4.424263537e-02
 3.759480268e-02 3.058820032e-02 2.323047444e-02 1.552710962e-02 7.480368018e-03
-9.118019370e-04-9.560622275e-03-1.839626208e-02-2.735516429e-02-3.637844324e-02
-4.541139305e-02-5.440333486e-02-6.330748647e-02-7.208077610e-02-8.068357408e-02
-8.907932788e-02-9.723405540e-02-1.051158458e-01-1.126942635e-01-1.199397221e-01
-1.268228441e-01-1.333137602e-01-1.393814981e-01-1.449933052e-01-1.501139402e-01
-1.547051668e-01-1.587251276e-01-1.621278226e-01-1.648626775e-01-1.668742299e-01
-1.681018770e-01-1.684799194e-01-1.679377556e-01-1.664003730e-01-1.637892574e-01
-1.600238383e-01-1.550233066e-01-1.487094462e-01-1.410099268e-01-1.318627298e-01
-1.212215573e-01-1.090620458e-01-9.538920224e-02-8.024539053e-02-6.371898949e-02
-4.595335573e-02-2.715615928e-02-7.610476576e-03 1.230700687e-02 3.191208839e-02
 5.121922493e-02 7.022116333e-02 8.889611810e-02 1.072075218e-01 1.251004934e-01
 1.424968541e-01 1.592898518e-01 1.753407419e-01 1.904804111e-01 2.045200169e-01
 6.725233793e-02 6.421064585e-02 5.921690166e-02 5.332108214e-02 4.701174796e-02
 4.031813517e-02 3.326679766e-02 2.587801218e-02 1.816544868e-02 1.013769209e-02
 1.800573198e-03-6.839101203e-03-1.564831473e-02-2.456928790e-02-3.354562074e-02
-4.252365232e-02-5.145305768e-02-6.028709561e-02-6.898254156e-02-7.749944180e-02
-8.580081910e-02-9.385218471e-02-1.016210094e-01-1.090761721e-01-1.161872819e-01
-1.229241267e-01-1.292559206e-01-1.351507008e-01-1.405746639e-01-1.454915702e-01
-1.498620808e-01-1.536433101e-01-1.567882895e-01-1.592455059e-01-1.609587669e-01
-1.618669927e-01-1.619041860e-01-1.609999537e-01-1.590799540e-01-1.560670584e-01
-1.518827975e-01-1.464495659e-01-1.396933794e-01-1.315476149e-01-1.219574362e-01
-1.108853668e-01-9.831763804e-02-8.427140117e-02-6.880243123e-02-5.201265216e-02
-3.405656293e-02-1.514446270e-02 4.461632110e-03 2.398285456e-02 4.338489473e-02
 6.265687197e-02 8.179282397e-02 1.007828265e-01 1.196061522e-01 1.382232159e-01
 1.565644145e-01 1.745141447e-01 1.918904781e-01 2.084265053e-01 2.237731516e-01
 7.085026801e-02 6.801377237e-02 6.296733022e-02 5.696354061e-02 5.048838630e-02
 4.363217950e-02 3.645021841e-02 2.897153236e-02 2.121043205e-02 1.317273267e-02
 4.858834669e-03-3.735073144e-03-1.249244995e-02-2.135333791e-02-3.026058152e-02
-3.916031867e-02-4.800219834e-02-5.673940107e-02-6.532853842e-02-7.372937351e-02
-8.190451562e-02-8.981890976e-02-9.743937850e-02-1.047339737e-01-1.116714552e-01
-1.182205975e-01-1.243495494e-01-1.300252378e-01-1.352126896e-01-1.398744583e-01
-1.439700723e-01-1.474554837e-01-1.502827108e-01-1.523994505e-01-1.537488550e-01
-1.542695314e-01-1.538957208e-01-1.525577307e-01-1.501826942e-01-1.466958523e-01
-1.420222372e-01-1.360890269e-01-1.288286150e-01-1.201824546e-01-1.101057678e-01
-9.857328236e-02-8.558571339e-02-7.117706537e-02-5.542245135e-02-3.844622523e-02
-2.042994462e-02-1.620299881e-03 1.766178757e-02 3.689276427e-02 5.611333624e-02
 7.535289228e-02 9.463767707e-02 1.139924824e-01 1.334387362e-01 1.529891491e-01
 1.726367176e-01 1.923327446e-01 2.119404227e-01 2.311326861e-01 2.492231429e-01
 7.616136968e-02 7.389067113e-02 6.833924353e-02 6.157760322e-02 5.458823219e-02
 4.738589376e-02 3.997543082e-02 3.235569596e-02 2.452239767e-02 1.646898873e-02
 8.186637424e-03-3.366809688e-04-9.016972966e-03-1.779044420e-02-2.659909055e-02
-3.538908809e-02-4.411029071e-02-5.271599814e-02-6.116276234e-02-6.941013038e-02
-7.742027193e-02-8.515757322e-02-9.258809686e-02-9.967904538e-02-1.063981503e-01
-1.127130911e-01-1.185908318e-01-1.239970475e-01-1.288954914e-01-1.332474649e-01
-1.370112598e-01-1.401417702e-01-1.425900459e-01-1.443031132e-01-1.452238560e-01
-1.452910304e-01-1.444396973e-01-1.426017284e-01-1.397068799e-01-1.356841922e-01
-1.304639280e-01-1.239802092e-01-1.161742508e-01-1.069985479e-01-9.642166644e-02
-8.443404734e-02-7.105445862e-02-5.633705109e-02-4.037874192e-02-2.332633920e-02
-5.382807925e-03 1.318833604e-02 3.186181188e-02 5.064713955e-02 6.957204640e-02
 8.867649734e-02 1.080120802e-01 1.276433170e-01 1.476498246e-01 1.681288183e-01
 1.891984940e-01 2.110030353e-01 2.337255180e-01 2.576444149e-01 2.827561498e-01
 8.183260262e-02 8.021494746e-02 7.391602546e-02 6.626860797e-02 5.872151628e-02
 5.116383731e-02 4.353130609e-02 3.578598797e-02 2.790281549e-02 1.986321621e-02
 1.165231317e-02 3.258261364e-03-5.325999577e-03-1.397982147e-02-2.265195176e-02
-3.129150718e-02-3.984968364e-02-4.828037322e-02-5.654028431e-02-6.458880007e-02
-7.238767296e-02-7.990066707e-02-8.709304035e-02-9.393101186e-02-1.003812402e-01
-1.064101681e-01-1.119834930e-01-1.170655563e-01-1.216187775e-01-1.256031990e-01
-1.289759427e-01-1.316909194e-01-1.336984634e-01-1.349453032e-01-1.353744864e-01
-1.349256784e-01-1.335355937e-01-1.311388910e-01-1.276693940e-01-1.230617240e-01
-1.172535717e-01-1.101885736e-01-1.018198431e-01-9.211422503e-02-8.105732501e-02
-6.865914911e-02-5.496021733e-02-4.003816098e-02-2.401426807e-02-7.059443742e-03
 1.060132589e-02 2.843978070e-02 4.646734148e-02 6.470640004e-02 8.319354057e-02
 1.019818187e-01 1.211439669e-01 1.407773346e-01 1.610111594e-01 1.820172369e-01
 2.040258348e-01 2.273497880e-01 2.524225116e-01 2.798531055e-01 3.092053533e-01
 8.553557098e-02 8.418957889e-02 7.773648947e-02 6.993732601e-02 6.221205741e-02
 5.450700223e-02 4.678012431e-02 3.899715841e-02 3.113081679e-02 2.315883711e-02
 1.506207697e-02 6.822658703e-03-1.578578725e-03-1.004841272e-02-1.852755621e-02
-2.696278319e-02-3.530478105e-02-4.350737110e-02-5.152716488e-02-5.932326987e-02
-6.685695797e-02-7.409128547e-02-8.099061251e-02-8.752013743e-02-9.364530444e-02
-9.933129698e-02-1.045424491e-01-1.092417687e-01-1.133903787e-01-1.169470847e-01
-1.198680252e-01-1.221063659e-01-1.236121505e-01-1.243322790e-01-1.242107004e-01
-1.231888458e-01-1.212063432e-01-1.182020679e-01-1.141156778e-01-1.088895649e-01
-1.024713740e-01-9.481723607e-02-8.589550108e-02-7.569122314e-02-6.421111524e-02
-5.148897320e-02-3.759102523e-02-2.262127399e-02-6.727617700e-03 9.893250652e-03
 2.673426457e-02 4.380021244e-02 6.110455841e-02 7.867180556e-02 9.654042125e-02
 1.147663221e-01 1.334275603e-01 1.526307911e-01 1.725206077e-01 1.932927668e-01
 2.152130902e-01 2.386429012e-01 2.640686333e-01 2.921209931e-01 3.221584558e-01
 8.761860430e-02 8.641955256e-02 8.030103147e-02 7.257417589e-02 6.487673521e-02
 5.719614029e-02 4.950961098e-02 4.179479182e-02 3.403110057e-02 2.620001696e-02
 1.828487217e-02 1.027074829e-02 2.145126462e-03-6.099506281e-03-1.433097012e-02
-2.250256762e-02-3.056763671e-02-3.848102689e-02-4.619958997e-02-5.368224904e-02
-6.088977680e-02-6.778448820e-02-7.432980835e-02-8.048982918e-02-8.622875810e-02
-9.151048958e-02-9.629803896e-02-1.005530804e-01-1.042355672e-01-1.073032916e-01
-1.097116619e-01-1.114135236e-01-1.123591438e-01-1.124963313e-01-1.117708758e-01
-1.101271361e-01-1.075090468e-01-1.038614288e-01-9.913183749e-02-9.327279031e-02
-8.624466509e-02-7.801912725e-02-6.858323514e-02-5.794405937e-02-4.613389820e-02
-3.321544081e-02-1.928565092e-02-4.474744666e-03 1.104311645e-02 2.680800110e-02
 4.281485081e-02 5.906407535e-02 7.556340098e-02 9.232997894e-02 1.093927473e-01
 1.267954707e-01 1.446004361e-01 1.628935933e-01 1.817913949e-01 2.014510036e-01
 2.220855355e-01 2.439899594e-01 2.675912380e-01 2.935612202e-01 3.206928074e-01
 8.897253871e-02 8.794717491e-02 8.188207448e-02 7.428310066e-02 6.671629846e-02
 5.916643143e-02 5.161902308e-02 4.406024516e-02 3.647674993e-02 2.885534428e-02
 2.118264139e-02 1.344479807e-02 5.627039820e-03-2.287501004e-03-1.018801518e-02
-1.802150160e-02-2.573890612e-02-3.329411149e-02-4.064343870e-02-4.774530604e-02
-5.455986410e-02-6.104862690e-02-6.717406958e-02-7.289917767e-02-7.818698883e-02
-8.300013840e-02-8.730040491e-02-9.104834497e-02-9.420293570e-02-9.672129154e-02
-9.855853021e-02-9.966776520e-02-1.000002027e-01-9.950551391e-02-9.813244641e-02
-9.582968056e-02-9.254708141e-02-8.823736012e-02-8.285813034e-02-7.637453079e-02
-6.876228005e-02-6.001134962e-02-5.013012886e-02-3.915033862e-02-2.713293396e-02
-1.417690888e-02-4.322748282e-04 1.396713406e-02 2.863925695e-02 4.356957227e-02
 5.874445289e-02 7.415379584e-02 8.979271352e-02 1.056629717e-01 1.217743829e-01
 1.381462216e-01 1.548088044e-01 1.718048304e-01 1.891908050e-01 2.070376873e-01
 2.254303098e-01 2.444632500e-01 2.642261386e-01 2.847266793e-01 3.049231172e-01
 8.934486657e-02 8.845748007e-02 8.250030130e-02 7.510396093e-02 6.774616241e-02
 6.040055305e-02 5.305971578e-02 4.572033882e-02 3.837814927e-02 3.102647513e-02
 2.365624532e-02 1.625632867e-02 8.813822642e-03 1.314134104e-03-6.193370093e-03
-1.362014376e-02-2.091882378e-02-2.804408409e-02-3.495249152e-02-4.160232842e-02
-4.795332998e-02-5.396635830e-02-5.960305035e-02-6.482543051e-02-6.959546357e-02
-7.387473434e-02-7.762403041e-02-8.080306649e-02-8.337023854e-02-8.528247476e-02
-8.649523556e-02-8.696264774e-02-8.663782477e-02-8.547344804e-02-8.342252672e-02
-8.043964207e-02-7.648240030e-02-7.151338458e-02-6.550256163e-02-5.843010545e-02
-5.028963834e-02-4.109168798e-02-3.086713143e-02-1.967041567e-02-7.578474004e-03
 5.302885547e-03 1.852245629e-02 3.210003302e-02 4.598227888e-02 6.013020501e-02
 7.451239973e-02 8.910244703e-02 1.038780957e-01 1.188210696e-01 1.339171827e-01
 1.491562724e-01 1.645315289e-01 1.800380647e-01 1.956693828e-01 2.114110440e-01
 2.272284627e-01 2.430444807e-01 2.586972117e-01 2.738569081e-01 2.878724337e-01
 8.837622404e-02 8.748775721e-02 8.206881583e-02 7.509046048e-02 6.802129745e-02
 6.091137230e-02 5.380236357e-02 4.671440274e-02 3.965412080e-02 3.262006491e-02
 2.560582012e-02 1.860183105e-02 1.159674115e-02 4.578630440e-03-2.463081153e-03
-9.408785030e-03-1.621414348e-02-2.283511311e-02-2.922878042e-02-3.535352647e-02
-4.116888717e-02-4.663530737e-02-5.171380937e-02-5.636569485e-02-6.055216491e-02
-6.423405558e-02-6.737154722e-02-6.992396712e-02-7.184970379e-02-7.310620695e-02
-7.365007699e-02-7.343745232e-02-7.242452353e-02-7.056825608e-02-6.782750785e-02
-6.416440010e-02-5.954608321e-02-5.394697189e-02-4.735148698e-02-3.975726664e-02
-3.117868304e-02-2.165104821e-02-1.123283245e-02-2.104972373e-05 1.189955510e-02
 2.418752760e-02 3.682028130e-02 4.977256060e-02 6.300851703e-02 7.648916543e-02
 9.017483890e-02 1.040259898e-01 1.180035323e-01 1.320689321e-01 1.461841315e-01
 1.603111327e-01 1.744109094e-01 1.884411424e-01 2.023524344e-01 2.160817981e-01
 2.295430154e-01 2.426126748e-01 2.551133037e-01 2.667994201e-01 2.773643732e-01
 8.783835173e-02 8.734448254e-02 8.179709315e-02 7.472117245e-02 6.768868864e-02
 6.070081145e-02 5.378503352e-02 4.695193842e-02 4.020161927e-02 3.352796286e-02
 2.692107484e-02 2.036863379e-02 1.385660935e-02 7.369253784e-03 8.878917433e-04
-5.495876074e-03-1.173188351e-02-1.777439564e-02-2.358023822e-02-2.910787612e-02
-3.431690484e-02-3.916767240e-02-4.362097755e-02-4.763777554e-02-5.117894709e-02
-5.420506746e-02-5.667626113e-02-5.855214596e-02-5.979184806e-02-6.035418808e-02
-6.019798666e-02-5.928257853e-02-5.756856501e-02-5.501876771e-02-5.159951001e-02
-4.728219658e-02-4.204525054e-02-3.587614000e-02-2.877480909e-02-2.075750008e-02
-1.185872778e-02-2.145027509e-03 8.338289335e-03 1.926150173e-02 3.064116091e-02
 4.242474586e-02 5.456794798e-02 6.702814996e-02 7.976055145e-02 9.271733463e-02
 1.058476567e-01 1.190977767e-01 1.324113011e-01 1.457294971e-01 1.589916646e-01
 1.721353382e-01 1.850962043e-01 1.978072524e-01 2.101971805e-01 2.221873999e-01
 2.336880863e-01 2.445938885e-01 2.547809184e-01 2.641082704e-01 2.724269629e-01
 8.690702170e-02 8.678827435e-02 8.108343184e-02 7.362444699e-02 6.646358967e-02
 5.953925848e-02 5.281489342e-02 4.626634717e-02 3.987378627e-02 3.361870348e-02
 2.748315781e-02 2.144983783e-02 1.550224982e-02 9.625123814e-03 3.805311862e-03
-1.965817763e-03-7.570177782e-03-1.296745613e-02-1.811751723e-02-2.298057452e-02
-2.751723304e-02-3.168843687e-02-3.545533121e-02-3.877913952e-02-4.162100703e-02
-4.394190386e-02-4.570264369e-02-4.686393589e-02-4.738660902e-02-4.723194987e-02
-4.636217281e-02-4.474119470e-02-4.233559221e-02-3.911575675e-02-3.505718336e-02
-3.014265187e-02-2.436435223e-02-1.772203855e-02-1.022958197e-02-1.927426551e-03
 7.165823132e-03 1.675370894e-02 2.686324343e-02 3.745315224e-02 4.849069566e-02
 5.993700400e-02 7.174964994e-02 8.388245106e-02 9.628452361e-02 1.088993996e-01
 1.216645241e-01 1.345110089e-01 1.473638713e-01 1.601427495e-01 1.727631688e-01
 1.851382256e-01 1.971805543e-01 2.088042796e-01 2.199262679e-01 2.304669321e-01
 2.403500229e-01 2.495022267e-01 2.578529119e-01 2.653353810e-01 2.718900740e-01
 8.380081505e-02 8.375422657e-02 7.817738503e-02 7.078418136e-02 6.374012679e-02
 5.702531338e-02 5.060311034e-02 4.443765432e-02 3.849586844e-02 3.274799883e-02
 2.716773190e-02 2.173198760e-02 1.642063446e-02 1.121604349e-02 6.102478132e-03
 1.064929180e-03-3.837747732e-03-8.523008786e-03-1.295322925e-02-1.709022000e-02
-2.089578286e-02-2.433183417e-02-2.736043930e-02-2.994374186e-02-3.204390407e-02
-3.362312168e-02-3.464371711e-02-3.506845236e-02-3.486096859e-02-3.398627788e-02
-3.241129965e-02-3.010577708e-02-2.704398148e-02-2.320629545e-02-1.857743040e-02
-1.315313764e-02-6.955604069e-03 1.567989239e-05 7.765791379e-03 1.604897529e-02
 2.489755303e-02 3.428170830e-02 4.418058693e-02 5.456775427e-02 6.541334093e-02
 7.668285072e-02 8.833642304e-02 1.003277451e-01 1.126028001e-01 1.250984371e-01
 1.377410740e-01 1.504459083e-01 1.631167233e-01 1.756468415e-01 1.879216433e-01
 1.998223960e-01 2.112317532e-01 2.220396250e-01 2.321489453e-01 2.414801419e-01
 2.499736845e-01 2.575905025e-01 2.643103600e-01 2.701294720e-01 2.750572562e-01
 7.886880636e-02 7.889216393e-02 7.313115895e-02 6.590941548e-02 5.916588008e-02
 5.284492671e-02 4.689625651e-02 4.126866907e-02 3.591534123e-02 3.079598770e-02
 2.587719634e-02 2.113182656e-02 1.653809287e-02 1.207858697e-02 7.739357650e-03
 3.509070957e-03-6.216377369e-04-4.534876905e-03-8.190670051e-03-1.155073009e-02
-1.457783021e-02-1.723524556e-02-1.948663592e-02-2.129600197e-02-2.262757719e-02
-2.344568260e-02-2.371498197e-02-2.340113558e-02-2.247183025e-02-2.089773864e-02
-1.865172386e-02-1.570880041e-02-1.205169410e-02-7.684146054e-03-2.584442263e-03
 3.284125589e-03 9.687490761e-03 1.668196917e-02 2.427906170e-02 3.244999796e-02
 4.118008167e-02 5.045297369e-02 6.025163084e-02 7.055661082e-02 8.134505153e-02
 9.258940816e-02 1.042558849e-01 1.163026094e-01 1.286773086e-01 1.413145959e-01
 1.541331112e-01 1.670326889e-01 1.798925996e-01 1.925712526e-01 2.049092352e-01
 2.167364061e-01 2.278829962e-01 2.381936312e-01 2.475412190e-01 2.558379173e-01
 2.630407512e-01 2.691520154e-01 2.742133439e-01 2.782957554e-01 2.814871073e-01
 7.103154063e-02 7.088840753e-02 6.550240517e-02 5.865548924e-02 5.243742466e-02
 4.675713181e-02 4.151795805e-02 3.663732857e-02 3.204999119e-02 2.770642936e-02
 2.356990054e-02 1.961357147e-02 1.581820101e-02 1.217038184e-02 8.661270142e-03
 5.285755266e-03 2.042026725e-03-1.068374841e-03-3.915666137e-03-6.464478560e-03
-8.681284264e-03-1.053196192e-02-1.198298112e-02-1.300178654e-02-1.355676819e-02
-1.361550204e-02-1.314507239e-02-1.211347803e-02-1.049271040e-02-8.266255260e-03
-5.418004468e-03-1.914423658e-03 2.293473575e-03 7.007986307e-03 1.228750683e-02
 1.815298013e-02 2.458704263e-02 3.158931434e-02 3.915942460e-02 4.729231447e-02
 5.598240346e-02 6.522338837e-02 7.500797510e-02 8.532722294e-02 9.616959095e-02
 1.075195670e-01 1.193558872e-01 1.316489875e-01 1.443576217e-01 1.574243903e-01
 1.707699895e-01 1.842864901e-01 1.978299022e-01 2.112142593e-01 2.242103964e-01
 2.365547717e-01 2.479721159e-01 2.582091093e-01 2.670690119e-01 2.744358778e-01
 2.802855968e-01 2.846846282e-01 2.877766490e-01 2.897571623e-01 2.908387780e-01
 6.008514017e-02 5.963934585e-02 5.455746129e-02 4.845934734e-02 4.322721064e-02
 3.860842064e-02 3.442338109e-02 3.055826761e-02 2.694170177e-02 2.352871373e-02
 2.029101923e-02 1.721126214e-02 1.427953783e-02 1.149129402e-02 8.846065961e-03
 6.346732844e-03 3.999067470e-03 1.811283291e-03-2.069951151e-04-1.921536168e-03
-3.312190529e-03-4.344453570e-03-4.987713881e-03-5.214687437e-03-5.006206222e-03
-4.334305413e-03-3.166540526e-03-1.465906738e-03 8.134395466e-04 3.631446511e-03
 6.925726775e-03 1.073996723e-02 1.509304531e-02 1.997310296e-02 2.538502961e-02
 3.133499250e-02 3.782583028e-02 4.486120492e-02 5.244520307e-02 6.058178097e-02
 6.927510351e-02 7.852967083e-02 8.835025132e-02 9.874162078e-02 1.097079664e-01
 1.212519705e-01 1.333732605e-01 1.460659504e-01 1.593149453e-01 1.730903387e-01
 1.873388886e-01 2.019714862e-01 2.168454677e-01 2.317405343e-01 2.463323325e-01
 2.601803541e-01 2.727669775e-01 2.836029530e-01 2.923353612e-01 2.987906635e-01
 3.029727936e-01 3.050582111e-01 3.053892255e-01 3.044276237e-01 3.026453257e-01
 4.412888736e-02 4.275190830e-02 3.863959759e-02 3.471386433e-02 3.149838746e-02
 2.859473974e-02 2.587655932e-02 2.329256013e-02 2.082119882e-02 1.845493540e-02
 1.619359106e-02 1.404125616e-02 1.200475171e-02 1.009291504e-02 8.316382766e-03
 6.687747315e-03 5.222086329e-03 3.938024864e-03 2.859837376e-03 2.021838911e-03
 1.442374312e-03 1.219749218e-03 1.377597451e-03 1.952543040e-03 2.889293246e-03
 4.224325065e-03 5.986186676e-03 8.197963238e-03 1.087577175e-02 1.402151957e-02
 1.763285138e-02 2.171761915e-02 2.628397383e-02 3.133733943e-02 3.688440472e-02
 4.293286055e-02 4.949096963e-02 5.656795949e-02 6.417426467e-02 7.232169062e-02
 8.102370799e-02 9.029577672e-02 1.001556367e-01 1.106235981e-01 1.217227504e-01
 1.334789395e-01 1.459205151e-01 1.590774357e-01 1.729791760e-01 1.876510382e-01
 2.031068802e-01 2.193363905e-01 2.362821847e-01 2.537970841e-01 2.715566158e-01
 2.888678908e-01 3.044677675e-01 3.171029091e-01 3.262062371e-01 3.316324651e-01
 3.334357738e-01 3.318725228e-01 3.275713325e-01 3.217667639e-01 3.157590032e-01
 2.234517038e-02 1.836746186e-02 1.851508766e-02 1.899298653e-02 1.858370379e-02
 1.773261465e-02 1.663960516e-02 1.541277021e-02 1.412069798e-02 1.281208917e-02
 1.152432151e-02 1.028776262e-02 9.128237143e-03 8.068654686e-03 7.130220532e-03
 6.333447527e-03 5.699084140e-03 5.249010399e-03 5.007064901e-03 4.999517463e-03
 5.254117772e-03 5.804603919e-03 6.676106714e-03 7.887383923e-03 9.446658194e-03
 1.136838552e-02 1.366800442e-02 1.635959744e-02 1.945455559e-02 2.296097949e-02
 2.688548528e-02 3.123552911e-02 3.601918742e-02 4.124500602e-02 4.692249745e-02
 5.306247622e-02 5.967723578e-02 6.678085774e-02 7.438956201e-02 8.252205700e-02
 9.120009840e-02 1.004490480e-01 1.102987081e-01 1.207842529e-01 1.319474578e-01
 1.438382268e-01 1.565163285e-01 1.700535417e-01 1.845359206e-01 2.000660747e-01
 2.167644203e-01 2.347688675e-01 2.542312741e-01 2.753123641e-01 2.981901765e-01
 3.231799006e-01 3.455777764e-01 3.609933257e-01 3.705131412e-01 3.747044802e-01
 3.730793595e-01 3.660859764e-01 3.529997468e-01 3.381329775e-01 3.268712163e-01
 7.244366221e-03 2.436013892e-03 3.520282684e-03 5.653036293e-03 6.904595532e-03
 7.526346482e-03 7.716414053e-03 7.620385848e-03 7.345046848e-03 6.970340386e-03
 6.557649467e-03 6.155340001e-03 5.802564323e-03 5.531973206e-03 5.371707957e-03
 5.346909165e-03 5.480859429e-03 5.795842968e-03 6.313716527e-03 7.056163624e-03
 8.044559509e-03 9.299639612e-03 1.083954610e-02 1.267935149e-02 1.483121980e-02
 1.730643399e-02 2.011557668e-02 2.326831594e-02 2.677327581e-02 3.063817509e-02
 3.487042338e-02 3.947782889e-02 4.446905851e-02 4.985395819e-02 5.564391240e-02
 6.185217202e-02 6.849414110e-02 7.558769733e-02 8.315359056e-02 9.121584892e-02
 9.980247915e-02 1.089462414e-01 1.186857671e-01 1.290671080e-01 1.401458383e-01
 1.519897729e-01 1.646830142e-01 1.783311665e-01 1.930689067e-01 2.090702355e-01
 2.265625000e-01 2.458440810e-01 2.673044205e-01 2.914404571e-01 3.188662529e-01
 3.481590450e-01 3.706063032e-01 3.860279620e-01 3.948137760e-01 3.966783881e-01
 3.918236494e-01 3.792471290e-01 3.602423668e-01 3.438918293e-01 3.307688534e-01
-3.095508786e-03-8.319547400e-03-7.026797161e-03-4.455735907e-03-2.556538209e-03
-1.197125064e-03-2.490872284e-04 4.044953967e-04 8.629460935e-04 1.207583351e-03
 1.503869193e-03 1.804353320e-03 2.151572378e-03 2.580555854e-03 3.120837733e-03
 3.797985148e-03 4.634707700e-03 5.651611835e-03 6.867664400e-03 8.300408721e-03
 9.965962730e-03 1.187885739e-02 1.405171305e-02 1.649514213e-02 1.921792701e-02
 2.222749218e-02 2.553025261e-02 2.913189493e-02 3.303767368e-02 3.725279868e-02
 4.178293049e-02 4.663471133e-02 5.181623995e-02 5.733751506e-02 6.321074814e-02
 6.945072114e-02 7.607494295e-02 8.310396969e-02 9.056159854e-02 9.847526252e-02
 1.068765372e-01 1.158019304e-01 1.252939850e-01 1.354029030e-01 1.461887509e-01
 1.577247083e-01 1.701015532e-01 1.834343970e-01 1.978723854e-01 2.136139870e-01
 2.309308648e-01 2.502073050e-01 2.720035911e-01 2.971350551e-01 3.264640272e-01
 3.523969650e-01 3.719854057e-01 3.852628171e-01 3.920387328e-01 3.922772408e-01
 3.848377466e-01 3.690941334e-01 3.520570397e-01 3.378592730e-01 3.259484768e-01
-9.816722944e-03-1.532418095e-02-1.447864994e-02-1.195585355e-02-9.953592904e-03
-8.380854502e-03-7.130150683e-03-6.101057865e-03-5.207160488e-03-4.377743695e-03
-3.556394950e-03-2.698321827e-03-1.767513924e-03-7.343138568e-04 4.264123272e-04
 1.736515318e-03 3.215318313e-03 4.880018532e-03 6.745854393e-03 8.826134726e-03
 1.113220770e-02 1.367340796e-02 1.645704731e-02 1.948850602e-02 2.277142741e-02
 2.630805783e-02 3.009960428e-02 3.414667398e-02 3.844976425e-02 4.300982878e-02
 4.782892019e-02 5.291084200e-02 5.826171860e-02 6.389054656e-02 6.980951130e-02
 7.603420317e-02 8.258366585e-02 8.948035538e-02 9.675012529e-02 1.044221669e-01
 1.125292331e-01 1.211080030e-01 1.301997453e-01 1.398514509e-01 1.501174271e-01
 1.610613763e-01 1.727596819e-01 1.853054315e-01 1.988146901e-01 2.134353369e-01
 2.293611765e-01 2.468559444e-01 2.663020194e-01 2.883461416e-01 3.118646741e-01
 3.316339254e-01 3.468428850e-01 3.572207093e-01 3.626659513e-01 3.623935878e-01
 3.561273813e-01 3.445580602e-01 3.334703445e-01 3.233732581e-01 3.143029809e-01
-1.419858541e-02-2.008874714e-02-1.946085319e-02-1.731981710e-02-1.565422118e-02
-1.430794038e-02-1.314692199e-02-1.206762157e-02-1.099617314e-02-9.881902486e-03
-8.689957671e-03-7.395155262e-03-5.977601744e-03-4.419979639e-03-2.706165193e-03
-8.207915816e-04 1.250609872e-03 3.521179082e-03 6.002235226e-03 8.702863939e-03
 1.162966527e-02 1.478667278e-02 1.817543805e-02 2.179524116e-02 2.564337477e-02
 2.971551567e-02 3.400612622e-02 3.850896657e-02 4.321776330e-02 4.812697321e-02
 5.323278159e-02 5.853404850e-02 6.403329968e-02 6.973737478e-02 7.565794885e-02
 8.181144297e-02 8.821879327e-02 9.490486979e-02 1.018977463e-01 1.092280746e-01
 1.169286296e-01 1.250340044e-01 1.335806847e-01 1.426073015e-01 1.521550417e-01
 1.622683108e-01 1.729950309e-01 1.843868792e-01 1.964984089e-01 2.093839347e-01
 2.230893821e-01 2.376319319e-01 2.529502511e-01 2.687925398e-01 2.844026089e-01
 2.982117236e-01 3.093571663e-01 3.174001276e-01 3.220575452e-01 3.231841624e-01
 3.208978772e-01 3.163360953e-01 3.107521534e-01 3.047919273e-01 2.988404632e-01
-1.550393552e-02-2.178128064e-02-2.194258198e-02-2.082044631e-02-2.011787146e-02
-1.951222122e-02-1.881679147e-02-1.794340834e-02-1.686292514e-02-1.557515375e-02
-1.409025677e-02-1.241854392e-02-1.056565065e-02-8.531104773e-03-6.308939308e-03
-3.889444983e-03-1.261306112e-03 1.586341998e-03 4.662269261e-03 7.972058840e-03
 1.151760109e-02 1.529708691e-02 1.930535585e-02 2.353438735e-02 2.797379158e-02
 3.261119127e-02 3.743253648e-02 4.242251068e-02 4.756521434e-02 5.284527689e-02
 5.824941397e-02 6.376828253e-02 6.939825416e-02 7.514286041e-02 8.101332188e-02
 8.702845871e-02 9.321349859e-02 9.959849715e-02 1.062163413e-01 1.131010503e-01
 1.202863008e-01 1.278045774e-01 1.356865168e-01 1.439607143e-01 1.526533067e-01
 1.617873311e-01 1.713814586e-01 1.814475954e-01 1.919865012e-01 2.029802501e-01
 2.143795788e-01 2.260835618e-01 2.379094660e-01 2.495569289e-01 2.605922222e-01
 2.705084085e-01 2.788497806e-01 2.852906585e-01 2.896541953e-01 2.919274867e-01
 2.922871113e-01 2.910894752e-01 2.887693048e-01 2.857217193e-01 2.822549343e-01
-1.219306141e-02-1.840213686e-02-2.126372606e-02-2.299049124e-02-2.438049018e-02
-2.511314116e-02-2.512127161e-02-2.449833974e-02-2.336859144e-02-2.184353955e-02
-2.001019754e-02-1.792836189e-02-1.563197374e-02-1.313334145e-02-1.042913180e-02
-7.506830618e-03-4.350616597e-03-9.460271685e-04 2.716807649e-03 6.641377695e-03
 1.082437765e-02 1.525642164e-02 1.992344484e-02 2.480818331e-02 2.989117429e-02
 3.515101224e-02 4.056396335e-02 4.610344768e-02 5.174008757e-02 5.744300783e-02
 6.318268180e-02 6.893493980e-02 7.468514144e-02 8.043135703e-02 8.618576825e-02
 9.197399020e-02 9.783230722e-02 1.038034111e-01 1.099317223e-01 1.162595823e-01
 1.228246689e-01 1.296588033e-01 1.367875338e-01 1.442300975e-01 1.519992054e-01
 1.601003110e-01 1.685302258e-01 1.772745401e-01 1.863037944e-01 1.955680549e-01
 2.049895823e-01 2.144543380e-01 2.238044441e-01 2.328356802e-01 2.413070202e-01
 2.489651144e-01 2.555789351e-01 2.609720528e-01 2.650445402e-01 2.677849233e-01
 2.692701221e-01 2.696506679e-01 2.691212296e-01 2.678869665e-01 2.661376595e-01
-7.992029190e-03-1.443978772e-02-2.051013336e-02-2.638141066e-02-3.167429194e-02
-3.346645087e-02-3.363532573e-02-3.273503110e-02-3.111386299e-02-2.901492082e-02
-2.660517581e-02-2.398532815e-02-2.119880170e-02-1.824584045e-02-1.510033943e-02
-1.172505133e-02-8.082965389e-03-4.144906066e-03 1.058267517e-04 4.671291448e-03
 9.539369494e-03 1.468691695e-02 2.008471638e-02 2.570223436e-02 3.151021898e-02
 3.748024255e-02 4.358170182e-02 4.977753386e-02 5.602066219e-02 6.225405633e-02
 6.841646135e-02 7.445304841e-02 8.032649755e-02 8.602470160e-02 9.156414866e-02
 9.698854387e-02 1.023623273e-01 1.077590883e-01 1.132493019e-01 1.188920438e-01
 1.247321665e-01 1.308010221e-01 1.371183991e-01 1.436941922e-01 1.505294740e-01
 1.576165706e-01 1.649383605e-01 1.724668145e-01 1.801608652e-01 1.879637241e-01
 1.958002001e-01 2.035745084e-01 2.111700475e-01 2.184522301e-01 2.252759039e-01
 2.314969599e-01 2.369865030e-01 2.416447699e-01 2.454117239e-01 2.482727766e-01
 2.502582967e-01 2.514371276e-01 2.519054413e-01 2.517736852e-01 2.511541545e-01
-5.807244219e-03-1.308787614e-02-2.101299167e-02-2.999118157e-02-3.990857303e-02
-4.545505345e-02-4.566751420e-02-4.326481745e-02-4.027467221e-02-3.699236736e-02
-3.364676237e-02-3.034820035e-02-2.708878182e-02-2.378701977e-02-2.033629268e-02
-1.663507894e-02-1.260049082e-02-8.173857816e-03-3.324735211e-03 1.945214230e-03
 7.601830177e-03 1.358702965e-02 1.983637735e-02 2.629607543e-02 3.292978555e-02
 3.971473873e-02 4.663113132e-02 5.364738405e-02 6.070221961e-02 6.769067794e-02
 7.447439432e-02 8.092312515e-02 8.695095778e-02 9.252633899e-02 9.767396003e-02
 1.024797857e-01 1.070845723e-01 1.116451919e-01 1.162879616e-01 1.210938394e-01
 1.261079013e-01 1.313518435e-01 1.368324310e-01 1.425462961e-01 1.484820545e-01
 1.546210498e-01 1.609371752e-01 1.673961580e-01 1.739545465e-01 1.805587113e-01
 1.871442795e-01 1.936361045e-01 1.999496222e-01 2.059935927e-01 2.116747499e-01
 2.169037163e-01 2.216018736e-01 2.257076502e-01 2.291815877e-01 2.320090532e-01
 2.342002094e-01 2.357874066e-01 2.368203849e-01 2.373604625e-01 2.374745309e-01
-3.049192950e-03-1.053168252e-02-1.896385476e-02-2.883737348e-02-4.053907841e-02
-4.938507080e-02-5.401418358e-02-5.425162613e-02-5.007798597e-02-4.471068084e-02
-4.006013274e-02-3.620720655e-02-3.284342587e-02-2.960733697e-02-2.621464804e-02
-2.246870100e-02-1.823192090e-02-1.340601221e-02-7.930477150e-03-1.801417675e-03
 4.895463120e-03 1.198565215e-02 1.929275505e-02 2.671996504e-02 3.424740583e-02
 4.189921543e-02 4.971782118e-02 5.774345994e-02 6.597997248e-02 7.427874207e-02
 8.217747509e-02 8.931407332e-02 9.557434916e-02 1.009196639e-01 1.053483933e-01
 1.089546308e-01 1.121382862e-01 1.154058650e-01 1.189396381e-01 1.227740347e-01
 1.269042343e-01 1.313132644e-01 1.359797716e-01 1.408801675e-01 1.459885836e-01
 1.512762457e-01 1.567106545e-01 1.622547358e-01 1.678661704e-01 1.734970212e-01
 1.790936738e-01 1.845974028e-01 1.899456084e-01 1.950738132e-01 1.999183595e-01
 2.044197321e-01 2.085258663e-01 2.121955156e-01 2.154005468e-01 2.181274444e-01
 2.203773558e-01 2.221650183e-01 2.235166132e-01 2.244668454e-01 2.250559926e-01
 1.154683763e-03-5.690104328e-03-1.322319452e-02-2.156329341e-02-3.071090393e-02
-4.044663161e-02-4.904463887e-02-5.347130075e-02-5.325251818e-02-4.799942672e-02
-4.295048118e-02-4.003112018e-02-3.805165738e-02-3.585718945e-02-3.315006569e-02
-2.979091555e-02-2.566172183e-02-2.063460276e-02-1.455979701e-02-7.271983661e-03
 1.287343795e-03 1.025868673e-02 1.891942881e-02 2.732754499e-02 3.562847897e-02
 4.397451133e-02 5.252438784e-02 6.146027893e-02 7.102393359e-02 8.154886961e-02
 9.108512849e-02 9.901963174e-02 1.055668443e-01 1.106198728e-01 1.141269803e-01
 1.158631071e-01 1.165648401e-01 1.182763726e-01 1.206779033e-01 1.235951036e-01
 1.269207448e-01 1.305824220e-01 1.345270574e-01 1.387120336e-01 1.430998147e-01
 1.476546526e-01 1.523405313e-01 1.571199596e-01 1.619532108e-01 1.667980552e-01
 1.716097742e-01 1.763416827e-01 1.809460223e-01 1.853751242e-01 1.895832121e-01
 1.935279965e-01 1.971726567e-01 2.004874498e-01 2.034510374e-01 2.060512304e-01
 2.082850337e-01 2.101582885e-01 2.116844952e-01 2.128834128e-01 2.137793899e-01
 6.562993396e-03 8.180277073e-04-5.334638990e-03-1.189407986e-02-1.877534017e-02
-2.580166608e-02-3.271853179e-02-3.921867162e-02-4.296654463e-02-4.083422571e-02
-3.829912096e-02-3.809483722e-02-3.875564039e-02-3.806184977e-02-3.630550951e-02
-3.356694058e-02-2.979708835e-02-2.487832494e-02-1.860618033e-02-1.059305482e-02
-1.233827497e-04 1.057184301e-02 2.003072575e-02 2.884672955e-02 3.737779707e-02
 4.587573558e-02 5.455858260e-02 6.365763396e-02 7.346118987e-02 8.428076655e-02
 9.408440441e-02 1.021368057e-01 1.086316556e-01 1.135101318e-01 1.166616827e-01
 1.178222001e-01 1.178866923e-01 1.189775020e-01 1.208069101e-01 1.231717691e-01
 1.259461045e-01 1.290495545e-01 1.324262619e-01 1.360324025e-01 1.398295760e-01
 1.437817216e-01 1.478534043e-01 1.520091146e-01 1.562127173e-01 1.604274213e-01
 1.646157205e-01 1.687398851e-01 1.727623343e-01 1.766466200e-01 1.803581715e-01
 1.838654727e-01 1.871409863e-01 1.901620924e-01 1.929118335e-01 1.953792870e-01
 1.975596547e-01 1.994540691e-01 2.010689676e-01 2.024154514e-01 2.035082132e-01
 0.179159093E+01 0.181643665E+01 0.183210325E+01 0.184994078E+01 0.186814642E+01
 0.189046788E+01 0.190769196E+01 0.192664862E+01 0.194465506E+01 0.196309900E+01
 0.198231125E+01 0.200128007E+01 0.202057004E+01 0.204050279E+01 0.206017733E+01
 0.208021832E+01 0.210088062E+01 0.212174392E+01 0.214289093E+01 0.216447544E+01
 0.218663812E+01 0.220914936E+01 0.223217773E+01 0.225570178E+01 0.227989626E+01
 0.230472231E+01 0.233014250E+01 0.235624051E+01 0.238326192E+01 0.241102290E+01
 0.243963861E+01 0.246918058E+01 0.249983263E+01 0.253154349E+01 0.256437445E+01
 0.259849215E+01 0.263394928E+01 0.267095113E+01 0.270948648E+01 0.274974322E+01
 0.279178429E+01 0.283594799E+01 0.288231802E+01 0.293104410E+01 0.298240471E+01
 0.303661299E+01 0.309415245E+01 0.315511227E+01 0.322025204E+01 0.328971148E+01
 0.336443639E+01 0.344480777E+01 0.353202581E+01 0.362683249E+01 0.373069763E+01
 0.384528112E+01 0.397283173E+01 0.411675692E+01 0.428201580E+01 0.447459412E+01
 0.470630741E+01 0.499676704E+01 0.538877487E+01 0.601766491E+01 0.971316719E+01
   89   86
 0.108218110E+01-0.500000007E-01 0.108338988E+01 0.500000007E-01 0.109177220E+01
 0.150000006E+00 0.110562503E+01 0.240625083E+00 0.111664295E+01 0.300000012E+00
 0.113218749E+01 0.372666419E+00 0.114966631E+01 0.449999988E+00 0.116148996E+01
 0.500000000E+00 0.118489122E+01 0.598094344E+00 0.119770098E+01 0.649999976E+00
 0.121187496E+01 0.707023740E+00 0.123675048E+01 0.798494816E+00 0.125270176E+01
 0.850000024E+00 0.127144146E+01 0.899999976E+00 0.129855275E+01 0.949999988E+00
 0.134468746E+01 0.990772426E+00 0.138453126E+01 0.100054634E+01 0.143765628E+01
 0.998351812E+00 0.147749996E+01 0.989671469E+00 0.153062510E+01 0.973780811E+00
 0.157046878E+01 0.958369076E+00 0.161541629E+01 0.937606871E+00 0.165893197E+01
 0.914592922E+00 0.170146668E+01 0.889634013E+00 0.173783946E+01 0.865929365E+00
 0.177924991E+01 0.836915493E+00 0.181117940E+01 0.812874913E+00 0.185211265E+01
 0.779067397E+00 0.188921881E+01 0.746806264E+00 0.191976094E+01 0.717664599E+00
 0.196036351E+01 0.676291466E+00 0.199546874E+01 0.638102472E+00 0.202203131E+01
 0.606234729E+00 0.204985118E+01 0.570278883E+00 0.208170271E+01 0.524999976E+00
 0.211308002E+01 0.474999994E+00 0.214098287E+01 0.425000012E+00 0.216590738E+01
 0.375000000E+00 0.218819523E+01 0.324999988E+00 0.221026945E+01 0.267626822E+00
 0.223345613E+01 0.194259554E+00 0.225127721E+01 0.125000000E+00 0.226072764E+01
 0.500000045E-01 0.226147342E+01-0.499999970E-01 0.225294304E+01-0.126585558E+00
 0.223453188E+01-0.201948225E+00 0.221248269E+01-0.273621559E+00 0.219347000E+01
-0.324999988E+00 0.217256427E+01-0.375000000E+00 0.214940357E+01-0.425000012E+00
 0.212373590E+01-0.474999994E+00 0.209518743E+01-0.524999976E+00 0.206337595E+01
-0.575000048E+00 0.202798653E+01-0.625000000E+00 0.199546874E+01-0.666621566E+00
 0.196890628E+01-0.698680401E+00 0.194095588E+01-0.730150819E+00 0.189870644E+01
-0.774999976E+00 0.186265624E+01-0.811508775E+00 0.183609378E+01-0.836969495E+00
 0.179310882E+01-0.875000000E+00 0.175640631E+01-0.906747520E+00 0.172458601E+01
-0.931583285E+00 0.167901909E+01-0.965571523E+00 0.164839709E+01-0.986474633E+00
 0.160245323E+01-0.101550937E+01 0.156548584E+01-0.103696203E+01 0.151985657E+01
-0.106146657E+01 0.147749996E+01-0.108133292E+01 0.143765628E+01-0.109892821E+01
 0.139781260E+01-0.111429954E+01 0.134468746E+01-0.113168240E+01 0.129527795E+01
-0.114391565E+01 0.125440919E+01-0.115246511E+01 0.123023474E+01-0.115724707E+01
 0.122209728E+01-0.110433769E+01 0.121884811E+01-0.100000000E+01 0.121415663E+01
-0.924999952E+00 0.120489860E+01-0.844195127E+00 0.119296384E+01-0.761414647E+00
 0.117889071E+01-0.679705620E+00 0.116657305E+01-0.614222348E+00 0.115114450E+01
-0.535819829E+00 0.113825572E+01-0.470242471E+00 0.112384796E+01-0.394466817E+00
 0.111037815E+01-0.319477379E+00 0.109948039E+01-0.246980339E+00 0.108847868E+01
-0.150000006E+00 0.108317399E+01-0.750000030E-01
 0.101600003E+01 0.000000000E+00 0.101600003E+01 0.963999987E+00 0.101600003E+01
 0.967999995E+00 0.101600003E+01 0.100100005E+01 0.101600003E+01 0.101900005E+01
 0.101600003E+01 0.107700002E+01 0.101600003E+01 0.107000005E+01 0.101600003E+01
 0.109599996E+01 0.101600003E+01 0.111300004E+01 0.101600003E+01 0.113800001E+01
 0.101600003E+01 0.114699996E+01 0.101199996E+01 0.116499996E+01 0.100100005E+01
 0.121700001E+01 0.102900004E+01 0.121700001E+01 0.104200006E+01 0.116240001E+01
 0.104600000E+01 0.116237998E+01 0.105599999E+01 0.116260004E+01 0.109700000E+01
 0.116450000E+01 0.110800004E+01 0.116594005E+01 0.111600006E+01 0.116591001E+01
 0.113399994E+01 0.116895998E+01 0.114800000E+01 0.117174995E+01 0.116199994E+01
 0.117556000E+01 0.118099999E+01 0.118299997E+01 0.118200004E+01 0.118350005E+01
 0.118499994E+01 0.118499994E+01 0.119000006E+01 0.118799996E+01 0.119500005E+01
 0.119099998E+01 0.120099998E+01 0.119599998E+01 0.120899999E+01 0.120200002E+01
 0.121500003E+01 0.120799994E+01 0.122200000E+01 0.121399999E+01 0.122800004E+01
 0.122099996E+01 0.123399997E+01 0.123099995E+01 0.123899996E+01 0.123800004E+01
 0.124199998E+01 0.124399996E+01 0.124800003E+01 0.125399995E+01 0.125800002E+01
 0.127800000E+01 0.126300001E+01 0.128999996E+01 0.127999997E+01 0.133099997E+01
 0.127999997E+01 0.134700000E+01 0.127999997E+01 0.134800005E+01 0.130999994E+01
 0.134800005E+01 0.132799995E+01 0.134800005E+01 0.136099994E+01 0.134800005E+01
 0.138000000E+01 0.134800005E+01 0.141900003E+01 0.134800005E+01 0.141900003E+01
 0.130999994E+01 0.137199998E+01 0.130999994E+01 0.137199998E+01 0.129200006E+01
 0.160800004E+01 0.109500003E+01 0.164699996E+01 0.107700002E+01 0.178499997E+01
 0.107700002E+01 0.206999993E+01 0.103999996E+01 0.212800002E+01 0.992999971E+00
 0.224499989E+01 0.708999991E+00 0.232299995E+01 0.518999994E+00 0.237700009E+01
 0.388999999E+00 0.236249995E+01 0.400000006E+00 0.236443496E+01 0.222000003E+00
 0.236496902E+01 0.133000001E+00 0.236532402E+01 0.439999998E-01 0.236512089E+01
-0.439999998E-01 0.236484194E+01-0.133000001E+00 0.236433411E+01-0.222000003E+00
 0.236249995E+01-0.400000006E+00 0.237700009E+01-0.388999999E+00 0.213400006E+01
-0.972999990E+00 0.178600001E+01-0.117400002E+01 0.176800001E+01-0.121099997E+01
 0.176800001E+01-0.125000000E+01 0.168200004E+01-0.125000000E+01 0.137199998E+01
-0.125000000E+01 0.137199998E+01-0.132900000E+01 0.141999996E+01-0.132900000E+01
 0.141999996E+01-0.136300004E+01 0.127300000E+01-0.136300004E+01 0.115300000E+01
-0.136300004E+01 0.101600003E+01-0.122300005E+01 0.101600003E+01-0.122300005E+01
 0.101600003E+01-0.829999983E+00 0.101600003E+01-0.800000012E+00 0.101600003E+01
-0.414999992E+00 0.101600003E+01-0.400000006E+00 0.101600003E+01-0.100000005E-02
 0.101600003E+01 0.000000000E+00
    0 0.169550002E+01    0
 0.000000000E+00 0.994396806E-01 0.141213700E+00 0.173467249E+00 0.200859338E+00
 0.223847687E+00 0.246081978E+00 0.266680896E+00 0.285999447E+00 0.304226458E+00
 0.321662843E+00 0.338277519E+00 0.354313135E+00 0.369788229E+00 0.384791076E+00
 0.399351835E+00 0.413553715E+00 0.427430451E+00 0.440971792E+00 0.454270214E+00
 0.467312545E+00 0.480120659E+00 0.492730677E+00 0.505150259E+00 0.517426908E+00
 0.529515922E+00 0.541461408E+00 0.553293467E+00 0.565026164E+00 0.576622963E+00
 0.588136792E+00 0.599547267E+00 0.610899091E+00 0.622199535E+00 0.633418322E+00
 0.644581795E+00 0.655702412E+00 0.666804194E+00 0.677866042E+00 0.688928485E+00
 0.699954212E+00 0.710987926E+00 0.722025394E+00 0.733082592E+00 0.744155526E+00
 0.755254388E+00 0.766416967E+00 0.777608693E+00 0.788878083E+00 0.800207615E+00
 0.811639309E+00 0.823159277E+00 0.834811449E+00 0.846596420E+00 0.858535290E+00
 0.870656610E+00 0.882992864E+00 0.895587325E+00 0.908480585E+00 0.921700239E+00
 0.935392737E+00 0.949639976E+00 0.964613199E+00 0.980836630E+00 0.100000000E+01
    0
