  EFITD    06/25/2013    #1553433000.0ms  EFIT01   0  65  65
 0.170000005E+01 0.320000005E+01 0.169550002E+01 0.839999974E+00 0.000000000E+00
 0.180241024E+01-0.152119212E-01-0.187537789E+00-0.232042558E-02 0.165809608E+01
 0.102641156E+07-0.187537789E+00 0.000000000E+00 0.180241024E+01 0.000000000E+00
-0.152119212E-01 0.000000000E+00-0.232042558E-02 0.000000000E+00 0.000000000E+00
 0.277436876E+01 0.277623272E+01 0.277803040E+01 0.277976274E+01 0.278143167E+01
 0.278303814E+01 0.278458309E+01 0.278606844E+01 0.278749514E+01 0.278886461E+01
 0.279017806E+01 0.279143667E+01 0.279264164E+01 0.279379416E+01 0.279489565E+01
 0.279594755E+01 0.279695082E+01 0.279790640E+01 0.279881597E+01 0.279968071E+01
 0.280050159E+01 0.280128002E+01 0.280201721E+01 0.280271411E+01 0.280337214E+01
 0.280399251E+01 0.280457640E+01 0.280512476E+01 0.280563903E+01 0.280612040E+01
 0.280656981E+01 0.280698872E+01 0.280737829E+01 0.280773950E+01 0.280807352E+01
 0.280838203E+01 0.280866551E+01 0.280892539E+01 0.280916309E+01 0.280937934E+01
 0.280957556E+01 0.280975294E+01 0.280991268E+01 0.281005573E+01 0.281018376E+01
 0.281029725E+01 0.281039762E+01 0.281048632E+01 0.281056428E+01 0.281063271E+01
 0.281069255E+01 0.281074524E+01 0.281079197E+01 0.281083369E+01 0.281087160E+01
 0.281090689E+01 0.281094122E+01 0.281097484E+01 0.281100941E+01 0.281104612E+01
 0.281108618E+01 0.281113052E+01 0.281118059E+01 0.281123734E+01 0.281130171E+01
 0.965066406E+05 0.938883828E+05 0.913053750E+05 0.887576172E+05 0.862451094E+05
 0.837678438E+05 0.813258281E+05 0.789190703E+05 0.765475469E+05 0.742112812E+05
 0.719102734E+05 0.696445000E+05 0.674139844E+05 0.652187148E+05 0.630586953E+05
 0.609339219E+05 0.588443984E+05 0.567901250E+05 0.547710977E+05 0.527873203E+05
 0.508387930E+05 0.489255156E+05 0.470474844E+05 0.452047031E+05 0.433971719E+05
 0.416248906E+05 0.398878555E+05 0.381860703E+05 0.365195312E+05 0.348882500E+05
 0.332922109E+05 0.317314180E+05 0.302058789E+05 0.287155859E+05 0.272605430E+05
 0.258407500E+05 0.244562051E+05 0.231069082E+05 0.217928613E+05 0.205140625E+05
 0.192705137E+05 0.180622129E+05 0.168891602E+05 0.157513584E+05 0.146488047E+05
 0.135815000E+05 0.125494434E+05 0.115526367E+05 0.105910791E+05 0.966476953E+04
 0.877370898E+04 0.791789795E+04 0.709733545E+04 0.631202148E+04 0.556195703E+04
 0.484714111E+04 0.416757422E+04 0.352325635E+04 0.291418750E+04 0.234036719E+04
 0.180179590E+04 0.129847363E+04 0.830400146E+03 0.397575623E+03 0.000000000E+00
 0.183449841E+01 0.177081180E+01 0.170827127E+01 0.164687610E+01 0.158662689E+01
 0.152752316E+01 0.146956539E+01 0.141275311E+01 0.135708666E+01 0.130256581E+01
 0.124919081E+01 0.119696140E+01 0.114587784E+01 0.109593987E+01 0.104714763E+01
 0.999501109E+00 0.953000307E+00 0.907645226E+00 0.863435805E+00 0.820372164E+00
 0.778454185E+00 0.737681985E+00 0.698055387E+00 0.659574509E+00 0.622239470E+00
 0.586050034E+00 0.551006317E+00 0.517108381E+00 0.484356046E+00 0.452749491E+00
 0.422288656E+00 0.392973483E+00 0.364804089E+00 0.337780327E+00 0.311902344E+00
 0.287170023E+00 0.263583422E+00 0.241142541E+00 0.219847381E+00 0.199697912E+00
 0.180694163E+00 0.162836120E+00 0.146123797E+00 0.130557165E+00 0.116136260E+00
 0.102861062E+00 0.907315761E-01 0.797477961E-01 0.699097291E-01 0.612173714E-01
 0.536707267E-01 0.472697876E-01 0.420145653E-01 0.379050486E-01 0.349412449E-01
 0.331231505E-01 0.324507654E-01 0.329240933E-01 0.345431305E-01 0.373078808E-01
 0.412183404E-01 0.462745056E-01 0.524763912E-01 0.598239750E-01 0.683172792E-01
-0.913178312E+06-0.900950250E+06-0.888722125E+06-0.876494000E+06-0.864265938E+06
-0.852037875E+06-0.839809750E+06-0.827581625E+06-0.815353562E+06-0.803125438E+06
-0.790897375E+06-0.778669250E+06-0.766441188E+06-0.754213062E+06-0.741985000E+06
-0.729756875E+06-0.717528750E+06-0.705300625E+06-0.693072625E+06-0.680844500E+06
-0.668616375E+06-0.656388312E+06-0.644160188E+06-0.631932125E+06-0.619704000E+06
-0.607475938E+06-0.595247812E+06-0.583019750E+06-0.570791625E+06-0.558563500E+06
-0.546335438E+06-0.534107312E+06-0.521879250E+06-0.509651125E+06-0.497423062E+06
-0.485194938E+06-0.472966844E+06-0.460738750E+06-0.448510656E+06-0.436282562E+06
-0.424054469E+06-0.411826375E+06-0.399598250E+06-0.387370188E+06-0.375142062E+06
-0.362914000E+06-0.350685875E+06-0.338457812E+06-0.326229688E+06-0.314001594E+06
-0.301773500E+06-0.289545406E+06-0.277317312E+06-0.265089219E+06-0.252861109E+06
-0.240633016E+06-0.228404906E+06-0.216176828E+06-0.203948734E+06-0.191720625E+06
-0.179492531E+06-0.167264438E+06-0.155036344E+06-0.142808250E+06-0.130580148E+06
 2.744756266e-02 2.478196658e-02 2.206954546e-02 1.926555298e-02 1.634029672e-02
 1.327108592e-02 1.002611127e-02 6.546122953e-03 2.826479729e-03-1.210424351e-03
-6.153341848e-03-1.272074413e-02-1.959487610e-02-2.410201542e-02-2.677688375e-02
-2.783769369e-02-2.732775360e-02-2.518463135e-02-2.120527253e-02-1.495374925e-02
-5.586096551e-03 4.219580442e-03 1.242711209e-02 1.974274963e-02 2.656470612e-02
 3.314156458e-02 3.965478390e-02 4.626233131e-02 5.313019454e-02 6.043741107e-02
 6.727825105e-02 7.336423546e-02 7.880257070e-02 8.353953063e-02 8.754023910e-02
 9.069754183e-02 9.336981177e-02 9.652297199e-02 1.000166535e-01 1.037686020e-01
 1.077320278e-01 1.118790060e-01 1.161894351e-01 1.206447482e-01 1.252249181e-01
 1.299074590e-01 1.346671581e-01 1.394762397e-01 1.443045139e-01 1.491195560e-01
 1.538870931e-01 1.585715115e-01 1.631364822e-01 1.675459146e-01 1.717649698e-01
 1.757612228e-01 1.795057356e-01 1.829742193e-01 1.861478835e-01 1.890140176e-01
 1.915662438e-01 1.938044429e-01 1.957342774e-01 1.973665357e-01 1.987161338e-01
 2.290543541e-02 1.994002052e-02 1.703011990e-02 1.414108463e-02 1.123266667e-02
 8.263790980e-03 5.257420242e-03 2.260786016e-03-7.929335115e-04-4.008261487e-03
-7.744717412e-03-1.211723872e-02-1.637798175e-02-1.949821413e-02-2.134134434e-02
-2.190067247e-02-2.114967257e-02-1.901993342e-02-1.539750397e-02-1.013920456e-02
-3.228550777e-03 4.274773877e-03 1.141078956e-02 1.818438992e-02 2.472100221e-02
 3.114911914e-02 3.759085387e-02 4.417088255e-02 5.103457719e-02 5.834195018e-02
 6.522338837e-02 7.138231397e-02 7.691645622e-02 8.180928230e-02 8.601874113e-02
 8.943293989e-02 9.244351089e-02 9.596875310e-02 9.987792373e-02 1.040875167e-01
 1.085463017e-01 1.132202297e-01 1.180837229e-01 1.231144816e-01 1.282902956e-01
 1.335871816e-01 1.389782131e-01 1.444330513e-01 1.499174833e-01 1.553933918e-01
 1.608191431e-01 1.661499441e-01 1.713388562e-01 1.763381064e-01 1.811007708e-01
 1.855826378e-01 1.897442639e-01 1.935527921e-01 1.969836205e-01 2.000213861e-01
 2.026603669e-01 2.049042881e-01 2.067653239e-01 2.082628459e-01 2.094216943e-01
 1.773095503e-02 1.456812024e-02 1.160566695e-02 8.798734285e-03 6.085362285e-03
 3.604346421e-03 1.330948202e-03-7.929059793e-04-2.811171347e-03-4.900966305e-03
-7.102191448e-03-9.297646582e-03-1.125304587e-02-1.270086691e-02-1.343626995e-02
-1.333053503e-02-1.230338868e-02-1.030499861e-02-7.318995893e-03-3.389017656e-03
 1.338494709e-03 6.612148602e-03 1.217794232e-02 1.787937805e-02 2.365660295e-02
 2.950696275e-02 3.545540571e-02 4.153686389e-02 4.778004438e-02 5.414602160e-02
 6.034942344e-02 6.620222330e-02 7.167636603e-02 7.676309347e-02 8.145722002e-02
 8.578172326e-02 8.996472508e-02 9.432409704e-02 9.892341495e-02 1.037638485e-01
 1.088359058e-01 1.141272932e-01 1.196241975e-01 1.253109425e-01 1.311691403e-01
 1.371766627e-01 1.433068514e-01 1.495275944e-01 1.558007896e-01 1.620818377e-01
 1.683196127e-01 1.744569093e-01 1.804314852e-01 1.861779243e-01 1.916303337e-01
 1.967255771e-01 2.014068663e-01 2.056273967e-01 2.093532383e-01 2.125652730e-01
 2.152598798e-01 2.174482197e-01 2.191544622e-01 2.204129100e-01 2.212648988e-01
 1.143220440e-02 8.091865107e-03 5.266251974e-03 2.888115821e-03 8.450821042e-04
-7.698338013e-04-2.046640962e-03-3.184393514e-03-4.301731009e-03-5.412609316e-03
-6.488795392e-03-7.458386477e-03-8.214037865e-03-8.632871322e-03-8.599013090e-03
-8.018270135e-03-6.823766977e-03-4.978001118e-03-2.475918271e-03 6.508496590e-04
 4.333410412e-03 8.475819603e-03 1.297652721e-02 1.774981804e-02 2.273571119e-02
 2.789768204e-02 3.321382776e-02 3.866533190e-02 4.422311112e-02 4.983560741e-02
 5.543149263e-02 6.094485521e-02 6.633563340e-02 7.159174979e-02 7.672843337e-02
 8.179267496e-02 8.686282486e-02 9.202560037e-02 9.734708071e-02 1.028665081e-01
 1.086039990e-01 1.145678014e-01 1.207583547e-01 1.271700263e-01 1.337916553e-01
 1.406061202e-01 1.475896239e-01 1.547105610e-01 1.619282961e-01 1.691920161e-01
 1.764396131e-01 1.835976243e-01 1.905817986e-01 1.972995400e-01 2.036540508e-01
 2.095500231e-01 2.149006426e-01 2.196345627e-01 2.237018645e-01 2.270778716e-01
 2.297643125e-01 2.317875475e-01 2.331943810e-01 2.340461910e-01 2.344126105e-01
 2.966708504e-03-7.381684845e-04-3.048436716e-03-4.288687836e-03-4.954138771e-03
-5.263569765e-03-5.464427173e-03-5.651190877e-03-5.858702585e-03-6.083505694e-03
-6.293563172e-03-6.434536539e-03-6.436559372e-03-6.222562864e-03-5.717091728e-03
-4.853900522e-03-3.581428435e-03-1.866322709e-03 3.046079073e-04 2.924124710e-03
 5.966681056e-03 9.393423796e-03 1.315927505e-02 1.721991226e-02 2.153636329e-02
 2.607624419e-02 3.081212565e-02 3.571826965e-02 4.076733440e-02 4.592891783e-02
 5.117170513e-02 5.646867305e-02 6.180267781e-02 6.717015803e-02 7.258254290e-02
 7.806560397e-02 8.365595341e-02 8.939462900e-02 9.532013535e-02 1.014641300e-01
 1.078501493e-01 1.144941747e-01 1.214055717e-01 1.285876632e-01 1.360377073e-01
 1.437464058e-01 1.516965330e-01 1.598613262e-01 1.682019085e-01 1.766645312e-01
 1.851775050e-01 1.936483979e-01 2.019629478e-01 2.099864781e-01 2.175698876e-01
 2.245600969e-01 2.308143973e-01 2.362152934e-01 2.406834066e-01 2.441853881e-01
 2.467361391e-01 2.483942807e-01 2.492522001e-01 2.494225651e-01 2.490248978e-01
-1.039979048e-02-1.609064825e-02-1.532004215e-02-1.303438284e-02-1.132890955e-02
-9.965487756e-03-8.875441737e-03-8.014086634e-03-7.337971590e-03-6.798566319e-03
-6.340828259e-03-5.903904792e-03-5.423228722e-03-4.833608400e-03-4.072816111e-03
-3.085104749e-03-1.824192121e-03-2.554168459e-04 1.643170253e-03 3.880907316e-03
 6.455839612e-03 9.357072413e-03 1.256773155e-02 1.606791466e-02 1.983700320e-02
 2.385500073e-02 2.810289338e-02 3.256244212e-02 3.721592203e-02 4.204641283e-02
 4.703889787e-02 5.218206346e-02 5.747026205e-02 6.290495396e-02 6.849534810e-02
 7.425789535e-02 8.021473885e-02 8.639137447e-02 9.281411767e-02 9.950803220e-02
 1.064956188e-01 1.137961075e-01 1.214252412e-01 1.293949485e-01 1.377128661e-01
 1.463813782e-01 1.553960145e-01 1.647428572e-01 1.743948311e-01 1.843062937e-01
 1.944059581e-01 2.045882642e-01 2.147045135e-01 2.245577127e-01 2.339069247e-01
 2.424871624e-01 2.500428259e-01 2.563636303e-01 2.613123059e-01 2.648408115e-01
 2.669955492e-01 2.679081559e-01 2.677699327e-01 2.667968273e-01 2.651979029e-01
-2.026960626e-02-2.708678506e-02-2.488055453e-02-2.010375634e-02-1.643848419e-02
-1.360230148e-02-1.138604060e-02-9.646041319e-03-8.273357525e-03-7.176962215e-03
-6.275523454e-03-5.493707955e-03-4.760698415e-03-4.010050092e-03-3.180369269e-03
-2.216434572e-03-1.070528291e-03 2.962291765e-04 1.913253451e-03 3.800761420e-03
 5.970800295e-03 8.428549394e-03 1.117377542e-02 1.420230791e-02 1.750740036e-02
 2.108086646e-02 2.491386235e-02 2.899746969e-02 3.332316875e-02 3.788346052e-02
 4.267260432e-02 4.768751934e-02 5.292864889e-02 5.840059742e-02 6.411244720e-02
 7.007756829e-02 7.631307840e-02 8.283891529e-02 8.967691660e-02 9.684985131e-02
 1.043807939e-01 1.122926474e-01 1.206079125e-01 1.293484122e-01 1.385350525e-01
 1.481871009e-01 1.583210826e-01 1.689484417e-01 1.800717115e-01 1.916778386e-01
 2.037270963e-01 2.161347419e-01 2.287434340e-01 2.412866950e-01 2.533596456e-01
 2.644461393e-01 2.740338445e-01 2.817245126e-01 2.872713804e-01 2.905922532e-01
 2.917937636e-01 2.911841273e-01 2.892040014e-01 2.862951159e-01 2.828201056e-01
-2.414098568e-02-3.129402921e-02-2.842115611e-02-2.291136980e-02-1.845657453e-02
-1.489350013e-02-1.207456365e-02-9.863213636e-03-8.137844503e-03-6.790733896e-03
-5.725972354e-03-4.858596250e-03-4.112015478e-03-3.416290041e-03-2.707224339e-03
-1.925924793e-03-1.019168529e-03 5.759019405e-05 1.339483541e-03 2.853148151e-03
 4.619216546e-03 6.653062534e-03 8.965270594e-03 1.156223565e-02 1.444702968e-02
 1.762058213e-02 2.108251676e-02 2.483175695e-02 2.886708826e-02 3.318776190e-02
 3.779413179e-02 4.268821701e-02 4.787426442e-02 5.335914344e-02 5.915263668e-02
 6.526747346e-02 7.171928883e-02 7.852637023e-02 8.570941538e-02 9.329136461e-02
 1.012972891e-01 1.097544581e-01 1.186926216e-01 1.281443536e-01 1.381456256e-01
 1.487362683e-01 1.599606574e-01 1.718677282e-01 1.845105886e-01 1.979441941e-01
 2.122190446e-01 2.273656130e-01 2.433560938e-01 2.600146234e-01 2.768196464e-01
 2.923418880e-01 3.053115010e-01 3.151637316e-01 3.215420246e-01 3.242368102e-01
 3.232311606e-01 3.192131221e-01 3.136963248e-01 3.075373769e-01 3.012446165e-01
-2.277020365e-02-2.988355234e-02-2.712026797e-02-2.151214145e-02-1.693128422e-02
-1.327121258e-02-1.040628087e-02-8.206719533e-03-6.548949517e-03-5.319300108e-03
-4.412345123e-03-3.743964713e-03-3.238820005e-03-2.827367280e-03-2.444764832e-03
-2.027671784e-03-1.507379580e-03-8.318567416e-04 3.571622074e-05 1.118909102e-03
 2.443763427e-03 4.033681471e-03 5.907533690e-03 8.078904822e-03 1.055631507e-02
 1.334680337e-02 1.645635068e-02 1.988980919e-02 2.365114540e-02 2.774424106e-02
 3.217346966e-02 3.694412112e-02 4.206283018e-02 4.753795266e-02 5.337988585e-02
 5.960129201e-02 6.621728092e-02 7.324558496e-02 8.070670068e-02 8.862411231e-02
 9.702473879e-02 1.059394106e-01 1.154037565e-01 1.254592985e-01 1.361550093e-01
 1.475494802e-01 1.597137004e-01 1.727350950e-01 1.867229640e-01 2.018166631e-01
 2.181977630e-01 2.361102998e-01 2.558988929e-01 2.781013846e-01 3.031769693e-01
 3.258390725e-01 3.437445164e-01 3.567631245e-01 3.646163344e-01 3.666656613e-01
 3.627105355e-01 3.518196642e-01 3.397834301e-01 3.287150562e-01 3.187218904e-01
-1.684836671e-02-2.376584336e-02-2.123793401e-02-1.591141149e-02-1.171851158e-02
-8.525522426e-03-6.164253689e-03-4.480015952e-03-3.339891322e-03-2.634671517e-03
-2.206749748e-03-2.019851469e-03-2.011818346e-03-2.118234755e-03-2.285482595e-03
-2.470180858e-03-2.510651480e-03-2.353924094e-03-1.969591714e-03-1.393324696e-03
-5.756571773e-04 5.212088581e-04 1.926696626e-03 3.660405986e-03 5.723402835e-03
 8.127242327e-03 1.088449731e-02 1.400503144e-02 1.749515161e-02 2.136136219e-02
 2.561056800e-02 3.024989739e-02 3.528709337e-02 4.073100537e-02 4.659193754e-02
 5.288201571e-02 5.961550772e-02 6.680916250e-02 7.448258996e-02 8.265875280e-02
 9.136458486e-02 1.006318927e-01 1.104984283e-01 1.210095733e-01 1.322204471e-01
 1.441989541e-01 1.570299864e-01 1.708215326e-01 1.857135743e-01 2.018916756e-01
 2.196082473e-01 2.392169833e-01 2.612297535e-01 2.863996327e-01 3.157656789e-01
 3.458718657e-01 3.692381680e-01 3.857638836e-01 3.955903351e-01 3.986085653e-01
 3.938379884e-01 3.807185888e-01 3.616568446e-01 3.455480337e-01 3.320604563e-01
-6.183755584e-03-1.286341622e-02-1.018410921e-02-5.668062251e-03-2.606899478e-03
-6.010986399e-04 6.252045860e-04 1.265807310e-03 1.460264786e-03 1.314717229e-03
 9.166896925e-04 3.284002596e-04-3.980039037e-04-1.216823119e-03-2.088623354e-03
-2.979851561e-03-3.726580180e-03-4.287076183e-03-4.626489244e-03-4.716981202e-03
-4.522594623e-03-4.003621638e-03-3.115651431e-03-1.803180203e-03-1.757032005e-04
 1.816811389e-03 4.206642043e-03 7.011516951e-03 1.022665016e-02 1.386054233e-02
 1.792321354e-02 2.242229693e-02 2.736501023e-02 3.275948018e-02 3.861479461e-02
 4.494149983e-02 5.175199360e-02 5.906087160e-02 6.688536704e-02 7.524587959e-02
 8.416667581e-02 9.367670119e-02 1.038107872e-01 1.146110743e-01 1.261290759e-01
 1.384283304e-01 1.515881419e-01 1.657085270e-01 1.809173226e-01 1.973797977e-01
 2.153120041e-01 2.349981666e-01 2.568114996e-01 2.812340260e-01 3.088693619e-01
 3.402560949e-01 3.669596314e-01 3.861257434e-01 3.980167508e-01 4.027163982e-01
 4.004127979e-01 3.901135325e-01 3.716284037e-01 3.527138233e-01 3.375728130e-01
 1.279431209e-02 7.466812152e-03 8.207177743e-03 9.877532721e-03 1.031561568e-02
 1.011303253e-02 9.495250881e-03 8.577371947e-03 7.431482896e-03 6.109759212e-03
 4.653685726e-03 3.097084817e-03 1.469122013e-03-2.041414264e-04-1.899218885e-03
-3.595076967e-03-5.132435821e-03-6.471351720e-03-7.574103773e-03-8.404524066e-03
-8.926220238e-03-9.102970362e-03-8.900231682e-03-8.288694546e-03-7.253538817e-03
-5.764409434e-03-3.781763371e-03-1.252953196e-03 1.679053064e-03 5.066880025e-03
 8.937519044e-03 1.329203229e-02 1.813245565e-02 2.346614376e-02 2.929917723e-02
 3.563936800e-02 4.249609634e-02 4.988041893e-02 5.780548602e-02 6.628699601e-02
 7.534372807e-02 8.499814570e-02 9.527723491e-02 1.062134057e-01 1.178457588e-01
 1.302215457e-01 1.433979124e-01 1.574441791e-01 1.724441051e-01 1.884983927e-01
 2.057265937e-01 2.242676616e-01 2.442774624e-01 2.659235001e-01 2.893841863e-01
 3.149057627e-01 3.409816623e-01 3.597317040e-01 3.721171618e-01 3.786452413e-01
 3.790932000e-01 3.739457726e-01 3.623867035e-01 3.459369242e-01 3.327403367e-01
 3.984702379e-02 3.808200359e-02 3.321012110e-02 2.868072689e-02 2.518540993e-02
 2.213669382e-02 1.930197328e-02 1.657401770e-02 1.389884949e-02 1.124882419e-02
 8.610794321e-03 5.980130285e-03 3.357625566e-03 7.477491163e-04-1.842563739e-03
-4.405233078e-03-6.786504760e-03-8.949793875e-03-1.085851528e-02-1.247610897e-02
-1.376608852e-02-1.469242014e-02-1.522020437e-02-1.531650219e-02-1.495067310e-02
-1.409174129e-02-1.270980015e-02-1.078034937e-02-8.294889703e-03-5.224167369e-03
-1.524723833e-03 2.701902762e-03 7.437370718e-03 1.271178387e-02 1.851760410e-02
 2.486061864e-02 3.174686432e-02 3.918256611e-02 4.717532545e-02 5.573443696e-02
 6.487113237e-02 7.459887862e-02 8.493362367e-02 9.589412808e-02 1.075021774e-01
 1.197826564e-01 1.327634901e-01 1.464749277e-01 1.609480083e-01 1.762113273e-01
 1.922850460e-01 2.091701031e-01 2.268286943e-01 2.451490164e-01 2.638754845e-01
 2.824569345e-01 2.997806370e-01 3.143811226e-01 3.253815770e-01 3.325045705e-01
 3.357383609e-01 3.352634311e-01 3.315637112e-01 3.257002532e-01 3.191677332e-01
 5.889396369e-02 5.821281672e-02 5.164886266e-02 4.452841729e-02 3.851043433e-02
 3.325933218e-02 2.853361517e-02 2.416952327e-02 2.005798742e-02 1.612599939e-02
 1.232437603e-02 8.620042354e-03 4.991292022e-03 1.425132621e-03-2.083446598e-03
-5.529399961e-03-8.769547567e-03-1.177284494e-02-1.450502686e-02-1.693031006e-02
-1.901225746e-02-2.071432024e-02-2.200026251e-02-2.283451147e-02-2.318235487e-02
-2.300997637e-02-2.228505723e-02-2.097781189e-02-1.906170696e-02-1.651113108e-02
-1.330500841e-02-9.436294436e-03-4.887105431e-03 3.799207043e-04 6.162386388e-03
 1.251079049e-02 1.942810789e-02 2.691148221e-02 3.496212885e-02 4.358197004e-02
 5.277388543e-02 6.254140288e-02 7.288856804e-02 8.381964266e-02 9.533862770e-02
 1.074484661e-01 1.201497018e-01 1.334383339e-01 1.473024786e-01 1.617172062e-01
 1.766369641e-01 1.919839978e-01 2.076318562e-01 2.233824134e-01 2.389377356e-01
 2.538779378e-01 2.676769495e-01 2.797905803e-01 2.897819877e-01 2.973955870e-01
 3.025667667e-01 3.054151237e-01 3.062409759e-01 3.054980040e-01 3.037006259e-01
 7.095162570e-02 7.054311037e-02 6.395158917e-02 5.594268441e-02 4.871766269e-02
 4.215921834e-02 3.613667190e-02 3.053404018e-02 2.525601909e-02 2.022738010e-02
 1.538983919e-02 1.069856808e-02 6.118888035e-03 1.623209100e-03-2.812322462e-03
-7.085001562e-03-1.115304977e-02-1.497823093e-02-1.852330565e-02-2.175116539e-02
-2.462459356e-02-2.710628510e-02-2.915895171e-02-3.074546158e-02-3.182899579e-02
-3.237325698e-02-3.234277666e-02-3.170339763e-02-3.042267635e-02-2.847033739e-02
-2.581941336e-02-2.244753763e-02-1.833619922e-02-1.347421762e-02-7.869423367e-03
-1.500894432e-03 5.482127890e-03 1.303260215e-02 2.115738206e-02 2.985022403e-02
 3.910668939e-02 4.892095551e-02 5.928605795e-02 7.019332051e-02 8.163161576e-02
 9.358628094e-02 1.060374677e-01 1.189577729e-01 1.323090494e-01 1.460380852e-01
 1.600711048e-01 1.743068397e-01 1.886089742e-01 2.027987838e-01 2.166514397e-01
 2.299007177e-01 2.422571182e-01 2.534402609e-01 2.632165551e-01 2.714302540e-01
 2.780204415e-01 2.830241323e-01 2.865676284e-01 2.888441682e-01 2.900799513e-01
 7.932052016e-02 7.904412597e-02 7.216727734e-02 6.373035908e-02 5.589087680e-02
 4.858667403e-02 4.174303263e-02 3.528360277e-02 2.913766727e-02 2.324338630e-02
 1.754843816e-02 1.200934127e-02 6.590174511e-03 1.261126716e-03-4.002864938e-03
-9.085377678e-03-1.395268179e-02-1.856927574e-02-2.289878204e-02-2.690428123e-02
-3.054847568e-02-3.379378468e-02-3.660240769e-02-3.893639892e-02-4.075775295e-02
-4.202852026e-02-4.271100834e-02-4.276807606e-02-4.216350988e-02-4.086256772e-02
-3.883271664e-02-3.604460135e-02-3.247305751e-02-2.809884772e-02-2.291061170e-02
-1.690437272e-02-1.009334717e-02-2.476341557e-03 5.767643452e-03 1.457111910e-02
 2.393363789e-02 3.383903205e-02 4.427130520e-02 5.521120131e-02 6.663612276e-02
 7.851926982e-02 9.082821012e-02 1.035229415e-01 1.165535301e-01 1.298573613e-01
 1.433560550e-01 1.569525301e-01 1.705283523e-01 1.839428842e-01 1.970349252e-01
 2.096285224e-01 2.215431929e-01 2.326080203e-01 2.426768243e-01 2.516413331e-01
 2.594396472e-01 2.660589814e-01 2.715316117e-01 2.759263515e-01 2.793355882e-01
 8.454153687e-02 8.427166939e-02 7.717500627e-02 6.853928417e-02 6.040462106e-02
 5.270478874e-02 4.537718743e-02 3.836254403e-02 3.160721809e-02 2.506365068e-02
 1.869022846e-02 1.245091856e-02 6.314781960e-03 2.553507802e-04-5.750483368e-03
-1.157401782e-02-1.718075946e-02-2.253508195e-02-2.760052495e-02-3.234007955e-02
-3.671633825e-02-4.069160298e-02-4.422788322e-02-4.728689790e-02-4.983007908e-02
-5.181858689e-02-5.321339518e-02-5.397546291e-02-5.406600237e-02-5.344691128e-02
-5.208137631e-02-4.993466288e-02-4.697515815e-02-4.317572713e-02-3.851528466e-02
-3.298057243e-02-2.656879090e-02-1.928903535e-02-1.117166597e-02-2.234595362e-03
 7.311476860e-03 1.738329232e-02 2.796791866e-02 3.903575987e-02 5.055539310e-02
 6.249286979e-02 7.480974495e-02 8.746145666e-02 1.003957540e-01 1.135512441e-01
 1.268559098e-01 1.402260214e-01 1.535656303e-01 1.667670757e-01 1.797129512e-01
 1.922796518e-01 2.043426037e-01 2.157825232e-01 2.264916897e-01 2.363795638e-01
 2.453764677e-01 2.534351349e-01 2.605300844e-01 2.666555941e-01 2.718226612e-01
 8.656352758e-02 8.611640334e-02 7.928039134e-02 7.072487473e-02 6.259476393e-02
 5.478889868e-02 4.724024981e-02 3.990374506e-02 3.274358064e-02 2.572831698e-02
 1.882935874e-02 1.202069037e-02 5.279315636e-03-1.413393766e-03-8.068306372e-03
-1.454775874e-02-2.081709728e-02-2.683954686e-02-3.257754445e-02-3.799328208e-02
-4.304886609e-02-4.770635068e-02-5.192766339e-02-5.567445979e-02-5.890803039e-02
-6.158922613e-02-6.367838383e-02-6.513539702e-02-6.591986865e-02-6.599137187e-02
-6.530989707e-02-6.383655965e-02-6.153437495e-02-5.836948380e-02-5.431256443e-02
-4.934059456e-02-4.343899339e-02-3.660407662e-02-2.884607390e-02-2.019095793e-02
-1.069077477e-02-3.888527863e-04 1.046913303e-02 2.179028094e-02 3.353681415e-02
 4.567451775e-02 5.816458911e-02 7.096319646e-02 8.402106911e-02 9.728302062e-02
 1.106874198e-01 1.241658628e-01 1.376431137e-01 1.510377228e-01 1.642630100e-01
 1.772286743e-01 1.898428798e-01 2.020142078e-01 2.136535347e-01 2.246750891e-01
 2.349970788e-01 2.445415854e-01 2.532349229e-01 2.610090971e-01 2.678050995e-01
 8.564909548e-02 8.467116952e-02 7.836772501e-02 7.062634826e-02 6.290988624e-02
 5.524806678e-02 4.766434804e-02 4.016315192e-02 3.273869678e-02 2.537938952e-02
 1.807012036e-02 1.079350524e-02 3.530205227e-03-3.741990309e-03-1.092270855e-02
-1.795932837e-02-2.480569482e-02-3.141897172e-02-3.775826842e-02-4.378393292e-02
-4.945712537e-02-5.473950505e-02-5.959292501e-02-6.397916377e-02-6.785967946e-02
-7.119542360e-02-7.394663244e-02-7.607279718e-02-7.753263414e-02-7.828427851e-02
-7.828553021e-02-7.749432325e-02-7.586947829e-02-7.337155938e-02-6.996417791e-02
-6.561549008e-02-6.030013412e-02-5.400145799e-02-4.671414942e-02-3.844712302e-02
-2.922689728e-02-1.909949817e-02-8.140696213e-03 3.580754623e-03 1.568644494e-02
 2.817075886e-02 4.099620134e-02 5.412085354e-02 6.750016659e-02 8.108700812e-02
 9.483131766e-02 1.086799204e-01 1.225765198e-01 1.364618093e-01 1.502738446e-01
 1.639482081e-01 1.774179637e-01 1.906130165e-01 2.034586668e-01 2.158729136e-01
 2.277628332e-01 2.390204966e-01 2.495203018e-01 2.591205239e-01 2.676724792e-01
 8.419156075e-02 8.277130127e-02 7.693405449e-02 6.966598332e-02 6.221997738e-02
 5.467051640e-02 4.707431793e-02 3.946017474e-02 3.183939308e-02 2.421285212e-02
 1.657500118e-02 8.916231804e-03 1.224172302e-03-6.515984423e-03-1.417378895e-02
-2.170145512e-02-2.905306406e-02-3.618471324e-02-4.305432737e-02-4.962136969e-02
-5.584650487e-02-6.169124693e-02-6.711758673e-02-7.208765298e-02-7.656332105e-02
-8.050595224e-02-8.387608826e-02-8.663330972e-02-8.873605728e-02-9.014169872e-02
-9.080664068e-02-9.068663418e-02-8.973726630e-02-8.791470528e-02-8.517671376e-02
-8.148393035e-02-7.680150867e-02-7.110115886e-02-6.436349452e-02-5.658080429e-02
-4.776009545e-02-3.792631626e-02-2.712580189e-02-1.542772539e-02-2.933059586e-03
 1.003937516e-02 2.335539274e-02 3.696858883e-02 5.083896220e-02 6.492863595e-02
 7.919988036e-02 9.361469746e-02 1.081348956e-01 1.227222234e-01 1.373383254e-01
 1.519444287e-01 1.665002406e-01 1.809619516e-01 1.952783763e-01 2.093848437e-01
 2.231933773e-01 2.365792394e-01 2.493639290e-01 2.613015473e-01 2.720856369e-01
 8.353381604e-02 8.198401332e-02 7.602098584e-02 6.860582530e-02 6.108973175e-02
 5.348638445e-02 4.580920935e-02 3.806905821e-02 3.027143888e-02 2.241664380e-02
 1.450094767e-02 6.518189795e-03-1.537997508e-03-9.670076892e-03-1.773239858e-02
-2.567888983e-02-3.346366435e-02-4.104224592e-02-4.837192595e-02-5.541172624e-02
-6.212213635e-02-6.846476346e-02-7.440194488e-02-7.989630103e-02-8.491034806e-02
-8.940608799e-02-9.334468842e-02-9.668612480e-02-9.938904643e-02-1.014106125e-01
-1.027064770e-01-1.032309830e-01-1.029374450e-01-1.017787158e-01-9.970791638e-02
-9.667955339e-02-9.265088290e-02-8.758363873e-02-8.144627512e-02-7.421647012e-02
-6.588427722e-02-5.645562708e-02-4.595638812e-02-3.443719447e-02-2.197966352e-02
-8.703729138e-03 5.274031311e-03 1.952226274e-02 3.402084857e-02 4.874841869e-02
 6.368096173e-02 7.879541814e-02 9.407116473e-02 1.094908416e-01 1.250406802e-01
 1.407105327e-01 1.564934552e-01 1.723839939e-01 1.883751303e-01 2.044516802e-01
 2.205783576e-01 2.366772294e-01 2.525856495e-01 2.679733038e-01 2.821893096e-01
 8.266559988e-02 8.099767566e-02 7.468970120e-02 6.714266539e-02 5.952123925e-02
 5.181862414e-02 4.403299093e-02 3.616177291e-02 2.820102870e-02 2.014498040e-02
 1.198568940e-02 3.712537698e-03-4.689136054e-03-1.311389357e-02-2.149934880e-02
-2.979072183e-02-3.793795407e-02-4.589444771e-02-5.361641943e-02-6.106239557e-02
-6.819279492e-02-7.496944070e-02-8.135513961e-02-8.731314540e-02-9.280674905e-02
-9.779874980e-02-1.022510827e-01-1.061244458e-01-1.093779802e-01-1.119690239e-01
-1.138530597e-01-1.149836481e-01-1.153126508e-01-1.147905216e-01-1.133669317e-01
-1.109915823e-01-1.076153442e-01-1.031917259e-01-9.767884761e-02-9.104171395e-02
-8.325510472e-02-7.430686057e-02-6.420172751e-02-5.296545848e-02-4.064899683e-02
-2.733170055e-02-1.312164962e-02 1.836802578e-03 1.704233512e-02 3.249489516e-02
 4.817157984e-02 6.405878067e-02 8.015084267e-02 9.644992650e-02 1.129665077e-01
 1.297205687e-01 1.467429399e-01 1.640766859e-01 1.817785501e-01 1.999196410e-01
 2.185848057e-01 2.378686965e-01 2.578606606e-01 2.785672545e-01 2.989441752e-01
 8.093790710e-02 7.909716666e-02 7.282790542e-02 6.518583000e-02 5.747888982e-02
 4.969543964e-02 4.182150215e-02 3.384388983e-02 2.575064823e-02 1.753073372e-02
 9.173567407e-03 6.686379202e-04-7.994728163e-03-1.668331586e-02-2.534315363e-02
-3.392221034e-02-4.237112403e-02-5.064335838e-02-5.869507790e-02-6.648486853e-02
-7.397337258e-02-8.112284541e-02-8.789664507e-02-9.425878525e-02-1.001733616e-01
-1.056040972e-01-1.105138287e-01-1.148640960e-01-1.186147630e-01-1.217236817e-01
-1.241465136e-01-1.258365810e-01-1.267449260e-01-1.268204898e-01-1.260104626e-01
-1.242609918e-01-1.215179861e-01-1.177284122e-01-1.128419638e-01-1.068130285e-01
-9.960334003e-02-9.118498117e-02-8.154404163e-02-7.068471611e-02-5.863374099e-02
-4.544529319e-02-3.120616637e-02-1.604234613e-02-1.264190068e-04 1.613519713e-02
 3.260646388e-02 4.928841442e-02 6.619139761e-02 8.333522826e-02 1.007511020e-01
 1.184845120e-01 1.365991235e-01 1.551819146e-01 1.743502319e-01 1.942620575e-01
 2.151313424e-01 2.372540981e-01 2.610586286e-01 2.872189879e-01 3.145270944e-01
 7.870566845e-02 7.669199258e-02 7.035165280e-02 6.266453862e-02 5.493811890e-02
 4.713844508e-02 3.923401982e-02 3.120096400e-02 2.302126773e-02 1.468077023e-02
 6.167793646e-03-2.527215518e-03-1.138757914e-02-2.028303966e-02-2.916167490e-02
-3.797246143e-02-4.666647315e-02-5.519737303e-02-6.352148950e-02-7.159766555e-02
-7.938687503e-02-8.685189486e-02-9.395673871e-02-1.006661654e-01-1.069451347e-01
-1.127583012e-01-1.180694550e-01-1.228410602e-01-1.270338297e-01-1.306063533e-01
-1.335147470e-01-1.357125044e-01-1.371503621e-01-1.377764344e-01-1.375363171e-01
-1.363736391e-01-1.342307329e-01-1.310495883e-01-1.267732680e-01-1.213477403e-01
-1.147240773e-01-1.068613231e-01-9.772990644e-02-8.731553704e-02-7.562385499e-02
-6.268537045e-02-4.856091365e-02-3.334704787e-02-1.718080603e-02-2.421771642e-04
 1.702202111e-02 3.446477652e-02 5.211239681e-02 6.999619305e-02 8.815856278e-02
 1.066578627e-01 1.255739033e-01 1.450146735e-01 1.651259363e-01 1.861045957e-01
 2.082177699e-01 2.318282425e-01 2.574241757e-01 2.856386304e-01 3.158296943e-01
 7.589431107e-02 7.370847464e-02 6.705540419e-02 5.948396772e-02 5.189911276e-02
 4.420629889e-02 3.636129946e-02 2.833998203e-02 2.012665384e-02 1.170905866e-02
 3.075750545e-03-5.786435213e-03-1.477033459e-02-2.381259948e-02-3.285565972e-02
-4.184599966e-02-5.073361844e-02-5.947174504e-02-6.801664829e-02-7.632730156e-02
-8.436505497e-02-9.209316969e-02-9.947627783e-02-1.064798832e-01-1.130698025e-01
-1.192115843e-01-1.248699576e-01-1.300083697e-01-1.345884204e-01-1.385695338e-01
-1.419084966e-01-1.445592642e-01-1.464726925e-01-1.475965679e-01-1.478756666e-01
-1.472519934e-01-1.456654072e-01-1.430543810e-01-1.393570751e-01-1.345130354e-01
-1.284650564e-01-1.211618930e-01-1.125613004e-01-1.026338637e-01-9.136741608e-02
-7.877202332e-02-6.488537043e-02-4.977823421e-02-3.355950862e-02-1.637987420e-02
 1.566853374e-03 1.967879385e-02 3.796368092e-02 5.644350499e-02 7.515527308e-02
 9.415268898e-02 1.135092378e-01 1.333231330e-01 1.537246108e-01 1.748865545e-01
 1.970404387e-01 2.205005884e-01 2.457021624e-01 2.732563913e-01 3.027270734e-01
 7.088723779e-02 6.808547676e-02 6.253007054e-02 5.571974069e-02 4.854115844e-02
 4.108627141e-02 3.337710351e-02 2.541987784e-02 1.721476763e-02 8.759300224e-03
 5.053792847e-05-8.911710232e-03-1.799838617e-02-2.715344355e-02-3.632147610e-02
-4.544945806e-02-5.448739976e-02-6.338852644e-02-7.210919261e-02-8.060859889e-02
-8.884844184e-02-9.679245949e-02-1.044058874e-01-1.116549224e-01-1.185061634e-01
-1.249260008e-01-1.308801025e-01-1.363328099e-01-1.412466764e-01-1.455819607e-01
-1.492962837e-01-1.523441821e-01-1.546769738e-01-1.562425196e-01-1.569852829e-01
-1.568464637e-01-1.557644159e-01-1.536752135e-01-1.505136937e-01-1.462147236e-01
-1.407150924e-01-1.339557469e-01-1.258847415e-01-1.164609343e-01-1.056581512e-01
-9.347027540e-02-7.991681993e-02-6.504908949e-02-4.895647615e-02-3.177291527e-02
-1.368320361e-02 5.070412997e-03 2.391586266e-02 4.286394268e-02 6.194132566e-02
 8.118721843e-02 1.006530747e-01 1.204038411e-01 1.405198276e-01 1.610991657e-01
 1.822611243e-01 2.041510344e-01 2.269531786e-01 2.509475350e-01 2.761314213e-01
 6.733135879e-02 6.428844482e-02 5.881694332e-02 5.230204761e-02 4.538695887e-02
 3.811774403e-02 3.052719496e-02 2.263305709e-02 1.444281079e-02 5.956960842e-03
-2.829782199e-03-1.183124073e-02-2.097916976e-02-3.021125495e-02-3.946952149e-02
-4.869985580e-02-5.785182118e-02-6.687854230e-02-7.573644817e-02-8.438497782e-02
-9.278619289e-02-1.009042710e-01-1.087050065e-01-1.161552295e-01-1.232222468e-01
-1.298732311e-01-1.360746622e-01-1.417917758e-01-1.469880044e-01-1.516244709e-01
-1.556595862e-01-1.590486765e-01-1.617436409e-01-1.636926979e-01-1.648404598e-01
-1.651278138e-01-1.644923687e-01-1.628688127e-01-1.601898372e-01-1.563872397e-01
-1.513935477e-01-1.451441795e-01-1.375801563e-01-1.286515445e-01-1.183216050e-01
-1.065717191e-01-9.340712428e-02-7.886324823e-02-6.301256269e-02-4.597180337e-02
-2.790900692e-02-9.050362743e-03 1.031334512e-02 2.963229828e-02 4.893536121e-02
 6.824855506e-02 8.759765327e-02 1.070079803e-01 1.265018731e-01 1.460930407e-01
 1.657754779e-01 1.855013669e-01 2.051346004e-01 2.243483365e-01 2.424555421e-01
 6.492553651e-02 6.176484749e-02 5.612916499e-02 4.961400479e-02 4.275120050e-02
 3.554679453e-02 2.801053599e-02 2.014963888e-02 1.196759380e-02 3.464153968e-03
-5.364178680e-03-1.440803893e-02-2.360469662e-02-3.289377689e-02-4.221802950e-02
-5.152368173e-02-6.076055020e-02-6.988199055e-02-7.884471118e-02-8.760848641e-02
-9.613573551e-02-1.043910682e-01-1.123408079e-01-1.199523360e-01-1.271935701e-01
-1.340323985e-01-1.404360235e-01-1.463704407e-01-1.517998725e-01-1.566863060e-01
-1.609889269e-01-1.646638215e-01-1.676635444e-01-1.699368954e-01-1.714288592e-01
-1.720804274e-01-1.718289852e-01-1.706085801e-01-1.683506966e-01-1.649851948e-01
-1.604419053e-01-1.546525061e-01-1.475531459e-01-1.390876174e-01-1.292114258e-01
-1.178966165e-01-1.051372588e-01-9.095584601e-02-7.540998608e-02-5.859918147e-02
-4.067082703e-02-2.182397991e-02-2.308217343e-03 1.726811565e-02 3.669431433e-02
 5.597338825e-02 7.510533929e-02 9.408330917e-02 1.128885299e-01 1.314829290e-01
 1.497980803e-01 1.677193642e-01 1.850655675e-01 2.015701830e-01 2.168843299e-01
 6.289100647e-02 5.961808190e-02 5.402984098e-02 4.749089479e-02 4.062576592e-02
 3.343383968e-02 2.591355145e-02 1.806344278e-02 9.881312959e-03 1.363742398e-03
-7.494116202e-03-1.656944305e-02-2.580129169e-02-3.513074294e-02-4.450159892e-02
-5.386083946e-02-6.315883994e-02-7.234939188e-02-8.138960600e-02-9.023962170e-02
-9.886224568e-02-1.072224975e-01-1.152871251e-01-1.230239868e-01-1.304015517e-01
-1.373882592e-01-1.439519227e-01-1.500591934e-01-1.556750238e-01-1.607620716e-01
-1.652803123e-01-1.691864580e-01-1.724337935e-01-1.749717593e-01-1.767457724e-01
-1.776972115e-01-1.777635664e-01-1.768787503e-01-1.749736518e-01-1.719771773e-01
-1.678175032e-01-1.624239981e-01-1.557295769e-01-1.476738751e-01-1.382070482e-01
-1.272944808e-01-1.149223447e-01-1.011037976e-01-8.588597924e-02-6.935726106e-02
-5.165457726e-02-3.297048062e-02-1.356015448e-02 6.249351427e-03 2.576998807e-02
 4.499601573e-02 6.391435117e-02 8.250242472e-02 1.007244736e-01 1.185268983e-01
 1.358327270e-01 1.525363028e-01 1.684997529e-01 1.835546792e-01 1.975127459e-01
 6.140629202e-02 5.806246400e-02 5.239992589e-02 4.583326727e-02 3.896079957e-02
 3.177274391e-02 2.426050045e-02 1.641681045e-02 8.235269226e-03-2.903121058e-04
-9.166462347e-03-1.826097071e-02-2.751441300e-02-3.686910123e-02-4.626980424e-02
-5.566422269e-02-6.500329077e-02-7.424126565e-02-8.333560824e-02-9.224680066e-02
-1.009379774e-01-1.093744859e-01-1.175234020e-01-1.253529787e-01-1.328320503e-01
-1.399295330e-01-1.466137171e-01-1.528518051e-01-1.586092412e-01-1.638493240e-01
-1.685325503e-01-1.726163626e-01-1.760545969e-01-1.787972301e-01-1.807902455e-01
-1.819754541e-01-1.822906584e-01-1.816698313e-01-1.800438166e-01-1.773410439e-01
-1.734888554e-01-1.684153080e-01-1.620514095e-01-1.543341428e-01-1.452102363e-01
-1.346406937e-01-1.226062626e-01-1.091136485e-01-9.420245886e-02-7.795245945e-02
-6.049077958e-02-4.199814051e-02-2.271265537e-02-2.928442322e-03 1.668288931e-02
 3.587742895e-02 5.463596806e-02 7.293273509e-02 9.073124826e-02 1.079816148e-01
 1.246187687e-01 1.405619085e-01 1.557157040e-01 1.699743569e-01 1.832289994e-01
 6.027606130e-02 5.688069016e-02 5.113949627e-02 4.457269609e-02 3.771749884e-02
 3.055162542e-02 2.306027338e-02 1.523283217e-02 7.061167620e-03-1.461635809e-03
-1.034228783e-02-1.944230497e-02-2.870349959e-02-3.806909919e-02-4.748452455e-02
-5.689795315e-02-6.626067311e-02-7.552722096e-02-8.465529233e-02-9.360558540e-02
-1.023414284e-01-1.108283699e-01-1.190337092e-01-1.269259602e-01-1.344742179e-01
-1.416476667e-01-1.484149694e-01-1.547436416e-01-1.605995893e-01-1.659464836e-01
-1.707453132e-01-1.749539673e-01-1.785267293e-01-1.814140975e-01-1.835624576e-01
-1.849140823e-01-1.854070425e-01-1.849755943e-01-1.835506558e-01-1.810605824e-01
-1.774324179e-01-1.725935489e-01-1.664739549e-01-1.590091884e-01-1.501438916e-01
-1.398365200e-01-1.280644536e-01-1.148303747e-01-1.001692116e-01-8.415555954e-02
-6.691139936e-02-4.861356691e-02-2.950059623e-02-9.879244491e-03 9.867186658e-03
 2.906957455e-02 4.773035645e-02 6.583519280e-02 8.335630596e-02 1.002540737e-01
 1.164780781e-01 1.319686770e-01 1.466593146e-01 1.604802608e-01 1.733633280e-01
 5.922400951e-02 5.575576797e-02 5.013832822e-02 4.366306961e-02 3.688706458e-02
 2.978099324e-02 2.233297564e-02 1.453622803e-02 6.385296583e-03-2.124116290e-03
-1.099306718e-02-2.008343488e-02-2.933832258e-02-3.870123625e-02-4.811761156e-02
-5.753561109e-02-6.690652668e-02-7.618488371e-02-8.532841504e-02-9.429784119e-02
-1.030565500e-01-1.115701497e-01-1.198060066e-01-1.277327240e-01-1.353195310e-01
-1.425357610e-01-1.493502259e-01-1.557306647e-01-1.616431773e-01-1.670517027e-01
-1.719175130e-01-1.761987358e-01-1.798499823e-01-1.828220934e-01-1.850617379e-01
-1.865114570e-01-1.871096343e-01-1.867907643e-01-1.854859293e-01-1.831235439e-01
-1.796306223e-01-1.749343574e-01-1.689643562e-01-1.616554856e-01-1.529515088e-01
-1.428095102e-01-1.312052011e-01-1.181390584e-01-1.036432534e-01-8.778895438e-02
-7.069386542e-02-5.252911150e-02-3.352466971e-02-1.397206448e-02 5.777833983e-03
 2.494698018e-02 4.352905601e-02 6.150873005e-02 7.886137813e-02 9.555360675e-02
 1.115444005e-01 1.267867237e-01 1.412299275e-01 1.548227072e-01 1.675165147e-01
 5.828900263e-02 5.464388430e-02 4.939318076e-02 4.320403188e-02 3.655420244e-02
 2.952216193e-02 2.212432772e-02 1.436300296e-02 6.234280765e-03-2.271156758e-03
-1.109731756e-02-2.016016096e-02-2.939556912e-02-3.874394298e-02-4.814931378e-02
-5.755916238e-02-6.692437828e-02-7.619926333e-02-8.534137905e-02-9.431131184e-02
-1.030723304e-01-1.115899682e-01-1.198315322e-01-1.277655512e-01-1.353612691e-01
-1.425879598e-01-1.494144797e-01-1.558085531e-01-1.617363542e-01-1.671618521e-01
-1.720463932e-01-1.763482094e-01-1.800220609e-01-1.830188036e-01-1.852853447e-01
-1.867643297e-01-1.873942912e-01-1.871098727e-01-1.858423054e-01-1.835201830e-01
-1.800706238e-01-1.754209101e-01-1.695007384e-01-1.622449756e-01-1.535972953e-01
-1.435146332e-01-1.319723874e-01-1.189705953e-01-1.045407504e-01-8.875310421e-02
-7.172401249e-02-5.362261832e-02-3.467599303e-02-1.517142449e-02 4.545323551e-03
 2.367012203e-02 4.219493642e-02 6.010421738e-02 7.737441361e-02 9.397433698e-02
 1.098661721e-01 1.250071824e-01 1.393519044e-01 1.528548002e-01 1.654733717e-01
 5.881890655e-02 5.530746281e-02 4.981417954e-02 4.350360110e-02 3.685327992e-02
 2.984815091e-02 2.248437330e-02 1.475996058e-02 6.672635209e-03-1.779693761e-03
-1.059651189e-02-1.964111812e-02-2.885580994e-02-3.818339109e-02-4.756867886e-02
-5.695927888e-02-6.630598009e-02-7.556284964e-02-8.468723297e-02-9.363946319e-02
-1.023826078e-01-1.108819768e-01-1.191046834e-01-1.270190775e-01-1.345942020e-01
-1.417991817e-01-1.486027092e-01-1.549723744e-01-1.608741879e-01-1.662720144e-01
-1.711270809e-01-1.753974855e-01-1.790378839e-01-1.819991171e-01-1.842279583e-01
-1.856670827e-01-1.862550378e-01-1.859265119e-01-1.846128702e-01-1.822428405e-01
-1.787438393e-01-1.740435064e-01-1.680720150e-01-1.607647836e-01-1.520662904e-01
-1.419343501e-01-1.303454638e-01-1.173009723e-01-1.028339118e-01-8.701639622e-02
-6.996707618e-02-5.185813457e-02-3.292081505e-02-1.344809681e-02 6.208145060e-03
 2.528330311e-02 4.377279058e-02 6.166240200e-02 7.892820239e-02 9.553730488e-02
 1.114491224e-01 1.266171634e-01 1.409913301e-01 1.545208991e-01 1.671579778e-01
 5.961918086e-02 5.616471171e-02 5.070260167e-02 4.438773543e-02 3.774008155e-02
 3.075011075e-02 2.341039851e-02 1.571608335e-02 7.663430646e-03-7.511345902e-04
-9.531820193e-03-1.854357496e-02-2.772684023e-02-3.702360392e-02-4.637815058e-02
-5.573765188e-02-6.505247205e-02-7.427631319e-02-8.336611092e-02-9.228189290e-02
-1.009863541e-01-1.094444990e-01-1.176231131e-01-1.254902482e-01-1.330146194e-01
-1.401650906e-01-1.469099820e-01-1.532166004e-01-1.590506434e-01-1.643756330e-01
-1.691525280e-01-1.733390987e-01-1.768897474e-01-1.797550321e-01-1.818815470e-01
-1.832117736e-01-1.836841404e-01-1.832334101e-01-1.817909777e-01-1.792858988e-01
-1.756460071e-01-1.707996726e-01-1.646779180e-01-1.572175622e-01-1.483646333e-01
-1.380790323e-01-1.263397336e-01-1.131510660e-01-9.854951501e-02-8.261121809e-02
-6.545957923e-02-4.727285355e-02-2.829157002e-02-8.826925419e-03 1.072519273e-02
 2.973352931e-02 4.820531979e-02 6.612773240e-02 8.347356319e-02 1.002036110e-01
 1.162680984e-01 1.316082776e-01 1.461588144e-01 1.598513722e-01 1.726191789e-01
 6.094698980e-02 5.757715181e-02 5.206986889e-02 4.578811303e-02 3.916785121e-02
 3.220162541e-02 2.488622628e-02 1.721952111e-02 9.199533612e-03 8.236662252e-04
-7.911868393e-03-1.688119955e-02-2.602324449e-02-3.527873755e-02-4.459098727e-02
-5.390638858e-02-6.317467242e-02-7.234900445e-02-8.138586581e-02-9.024482965e-02
-9.888817370e-02-1.072805077e-01-1.153881997e-01-1.231788844e-01-1.306208670e-01
-1.376825273e-01-1.443317682e-01-1.505354345e-01-1.562587321e-01-1.614647508e-01
-1.661138833e-01-1.701635420e-01-1.735676378e-01-1.762763411e-01-1.782359034e-01
-1.793885827e-01-1.796726584e-01-1.790229082e-01-1.773710102e-01-1.746464521e-01
-1.707778871e-01-1.656948179e-01-1.593299806e-01-1.516222656e-01-1.425205320e-01
-1.319880635e-01-1.200079843e-01-1.065893620e-01-9.177394211e-02-7.564325631e-02
-5.832523853e-02-3.999967501e-02-2.089983970e-02-1.305916696e-03 1.795980334e-02
 3.684348613e-02 5.531159043e-02 7.333202660e-02 9.086567163e-02 1.078618616e-01
 1.242560372e-01 1.399687380e-01 1.549067646e-01 1.689669788e-01 1.820433736e-01
 6.259448826e-02 5.931429565e-02 5.397035927e-02 4.773969948e-02 4.114865512e-02
 3.420107812e-02 2.690157294e-02 1.925441995e-02 1.126218401e-02 2.924999222e-03
-5.759649910e-03-1.467952598e-02-2.377169207e-02-3.297533840e-02-4.223264754e-02
-5.148918182e-02-6.069407612e-02-6.979996711e-02-7.876288891e-02-8.754198998e-02
-9.609910846e-02-1.043984070e-01-1.124057770e-01-1.200883463e-01-1.274138987e-01
-1.343502700e-01-1.408648193e-01-1.469237208e-01-1.524915993e-01-1.575309336e-01
-1.620015204e-01-1.658601761e-01-1.690602601e-01-1.715514958e-01-1.732797325e-01
-1.741870046e-01-1.742115915e-01-1.732883751e-01-1.713496000e-01-1.683256328e-01
-1.641464978e-01-1.587436497e-01-1.520524323e-01-1.440151930e-01-1.345850676e-01
-1.237306297e-01-1.114413217e-01-9.773357213e-02-8.265759051e-02-6.630448997e-02
-4.881367832e-02-3.038065508e-02-1.126656309e-02 8.185090497e-03 2.732932381e-02
 4.617983848e-02 6.472959369e-02 8.295756578e-02 1.008284390e-01 1.182891801e-01
 1.352642179e-01 1.516503394e-01 1.673133671e-01 1.820898205e-01 1.957970560e-01
 6.492660195e-02 6.177783757e-02 5.651337653e-02 5.031399801e-02 4.372125491e-02
 3.675726056e-02 2.944232523e-02 2.179154567e-02 1.381386071e-02 5.512338132e-03
-3.115801373e-03-1.198150963e-02-2.101597935e-02-3.015627339e-02-3.934374452e-02
-4.852358252e-02-5.764464289e-02-6.665934622e-02-7.552343607e-02-8.419573307e-02
-9.263768792e-02-1.008130237e-01-1.086871177e-01-1.162265688e-01-1.233985201e-01
-1.301701665e-01-1.365081668e-01-1.423780322e-01-1.477436274e-01-1.525667012e-01
-1.568063796e-01-1.604187936e-01-1.633567363e-01-1.655694693e-01-1.670025289e-01
-1.675978601e-01-1.672938913e-01-1.660261303e-01-1.637277603e-01-1.603307426e-01
-1.557673514e-01-1.499720812e-01-1.428843141e-01-1.344514936e-01-1.246330664e-01
-1.134052426e-01-1.007664055e-01-8.674313128e-02-7.139655948e-02-5.482854694e-02
-3.718660772e-02-1.866590977e-02 4.956608173e-04 1.956760883e-02 3.851761669e-02
 5.733557791e-02 7.601596415e-02 9.454929829e-02 1.129156500e-01 1.310767829e-01
 1.489654183e-01 1.664698273e-01 1.834140420e-01 1.995399296e-01 2.145099640e-01
 6.814537942e-02 6.518761814e-02 5.988742411e-02 5.363215879e-02 4.693030939e-02
 3.985674679e-02 3.245926276e-02 2.476285398e-02 1.677960902e-02 8.514539339e-03
-3.053870751e-05-8.852817118e-03-1.782347448e-02-2.688573860e-02-3.598357737e-02
-4.506336898e-02-5.407454818e-02-6.296974421e-02-7.170470804e-02-8.023807406e-02
-8.853099495e-02-9.654674679e-02-1.042502075e-01-1.116073281e-01-1.185846180e-01
-1.251485050e-01-1.312648952e-01-1.368984729e-01-1.420123279e-01-1.465674043e-01
-1.505220830e-01-1.538318396e-01-1.564489305e-01-1.583222449e-01-1.593972147e-01
-1.596159935e-01-1.589176208e-01-1.572386920e-01-1.545141935e-01-1.506786048e-01
-1.456676722e-01-1.394204795e-01-1.318822354e-01-1.230076402e-01-1.127649993e-01
-1.011410654e-01-8.814655244e-02-7.382227480e-02-5.824559927e-02-4.153716564e-02
-2.386743575e-02-5.463310517e-03 1.338389330e-02 3.217519447e-02 5.095001310e-02
 6.973692030e-02 8.856142312e-02 1.074475944e-01 1.264162660e-01 1.454797387e-01
 1.646312773e-01 1.838237941e-01 2.029249221e-01 2.216183841e-01 2.392402887e-01
 7.281605154e-02 7.035264373e-02 6.469616294e-02 5.783227831e-02 5.071683228e-02
 4.337269068e-02 3.580746800e-02 2.802145109e-02 2.001141757e-02 1.177185960e-02
 3.295016941e-03-5.430527031e-03-1.430206932e-02-2.325529046e-02-3.223234415e-02
-4.117957503e-02-5.004676059e-02-5.878680944e-02-6.735555828e-02-7.571153343e-02
-8.381560445e-02-9.163063020e-02-9.912090003e-02-1.062517390e-01-1.129888743e-01
-1.192979664e-01-1.251440048e-01-1.304908842e-01-1.353008002e-01-1.395339072e-01
-1.431478411e-01-1.460975111e-01-1.483347714e-01-1.498084068e-01-1.504640579e-01
-1.502445042e-01-1.490900517e-01-1.469392776e-01-1.437299103e-01-1.394003183e-01
-1.338913143e-01-1.271484196e-01-1.191249490e-01-1.097854078e-01-9.910980612e-02
-8.709847927e-02-7.377757132e-02-5.920486897e-02-4.347589239e-02-2.672969922e-02
-9.153864346e-03 9.012178518e-03 2.727036178e-02 4.563014209e-02 6.411850452e-02
 8.277422935e-02 1.016473174e-01 1.208002865e-01 1.403101534e-01 1.602710038e-01
 1.807971001e-01 2.020278424e-01 2.241401374e-01 2.474032044e-01 2.718133926e-01
 7.798513770e-02 7.613418996e-02 6.980878115e-02 6.216359884e-02 5.457476899e-02
 4.694293439e-02 3.921139240e-02 3.134714067e-02 2.332860045e-02 1.513996255e-02
 6.768850610e-03-1.793920528e-03-1.055199746e-02-1.936491393e-02-2.818307653e-02
-3.695662320e-02-4.563712329e-02-5.417828262e-02-6.253620982e-02-7.066935301e-02
-7.853831351e-02-8.610544354e-02-9.333445132e-02-1.001899093e-01-1.066367477e-01
-1.126397625e-01-1.181630567e-01-1.231696010e-01-1.276207715e-01-1.314759254e-01
-1.346921325e-01-1.372238100e-01-1.390227079e-01-1.400378346e-01-1.402155608e-01
-1.394999921e-01-1.378335357e-01-1.351577640e-01-1.314145923e-01-1.265478134e-01
-1.205052584e-01-1.132412627e-01-1.047198102e-01-9.491821378e-02-8.383139968e-02
-7.147663087e-02-5.789864063e-02-4.317502677e-02-2.742159739e-02-1.079713181e-02
 6.493267603e-03 2.394877933e-02 4.158062115e-02 5.941058695e-02 7.747420669e-02
 9.582288563e-02 1.145270765e-01 1.336809993e-01 1.534096897e-01 1.738793552e-01
 1.953126341e-01 2.180119753e-01 2.423963249e-01 2.690543532e-01 2.975638509e-01
 8.141975105e-02 7.983286679e-02 7.337995619e-02 6.561826169e-02 5.789244547e-02
 5.015417933e-02 4.236632958e-02 3.449891508e-02 2.652821690e-02 1.843492873e-02
 1.020247862e-02 1.815616619e-03-6.741070189e-03-1.534613781e-02-2.394686826e-02
-3.249213099e-02-4.093297943e-02-4.922287166e-02-5.731767789e-02-6.517554820e-02
-7.275661826e-02-8.002270758e-02-8.693683147e-02-9.346278012e-02-9.956465662e-02
-1.052063257e-01-1.103510261e-01-1.149608269e-01-1.189963222e-01-1.224162355e-01
-1.251771748e-01-1.272334158e-01-1.285369992e-01-1.290376037e-01-1.286830306e-01
-1.274195760e-01-1.251928061e-01-1.219486222e-01-1.176346764e-01-1.122021824e-01
-1.056081951e-01-9.781844169e-02-8.881057799e-02-7.857806236e-02-6.713432074e-02
-5.451726168e-02-4.079365730e-02-2.606340498e-02-1.046452112e-02 5.822986364e-03
 2.231715620e-02 3.902263194e-02 5.595246702e-02 7.313041389e-02 9.059371799e-02
 1.083965525e-01 1.266144812e-01 1.453507543e-01 1.647453010e-01 1.849875748e-01
 2.063347101e-01 2.291360795e-01 2.538618147e-01 2.811213136e-01 3.102932572e-01
 8.341145515e-02 8.197486401e-02 7.585295290e-02 6.817716360e-02 6.049745530e-02
 5.280379206e-02 4.507689923e-02 3.729786724e-02 2.944914252e-02 2.151444554e-02
 1.347813196e-02 5.324141122e-03-2.965676133e-03-1.130218804e-02-1.962630637e-02
-2.788459137e-02-3.602725267e-02-4.400736839e-02-5.178054422e-02-5.930460244e-02
-6.653924286e-02-7.344570756e-02-7.998634875e-02-8.612419665e-02-9.182247519e-02
-9.704422951e-02-1.017518044e-01-1.059065163e-01-1.094683036e-01-1.123954654e-01
-1.146444455e-01-1.161698103e-01-1.169243157e-01-1.168591157e-01-1.159241945e-01
-1.140691116e-01-1.112438515e-01-1.074001938e-01-1.024933159e-01-9.648390114e-02
-8.934065700e-02-8.104335517e-02-7.158634067e-02-6.098255515e-02-4.926788807e-02
-3.650550544e-02-2.278877795e-02-8.239515126e-03 6.982471794e-03 2.243777737e-02
 3.812137246e-02 5.403355882e-02 7.018174231e-02 8.658246696e-02 1.032637060e-01
 1.202678159e-01 1.376551390e-01 1.555088758e-01 1.739419401e-01 1.931065023e-01
 2.132090926e-01 2.345353514e-01 2.574984729e-01 2.827476859e-01 3.091132939e-01
 8.479237556e-02 8.353497088e-02 7.747636735e-02 6.993265450e-02 6.238707155e-02
 5.482833833e-02 4.724619538e-02 3.963072225e-02 3.197200224e-02 2.425976656e-02
 1.648328453e-02 8.631665260e-03 6.949505187e-04-7.332922891e-03-1.532619726e-02
-2.323764190e-02-3.101992048e-02-3.862711787e-02-4.601518810e-02-5.314194411e-02
-5.996685475e-02-6.645072252e-02-7.255531847e-02-7.824298739e-02-8.347622305e-02
-8.821728826e-02-9.242783487e-02-9.606859088e-02-9.909909964e-02-1.014775485e-01
-1.031606495e-01-1.041037962e-01-1.042611450e-01-1.035861298e-01-1.020319909e-01
-9.955270588e-02-9.610414505e-02-9.164559841e-02-8.614171296e-02-7.956472039e-02
-7.189725339e-02-6.313543767e-02-5.329255015e-02-4.240319878e-02-3.052840754e-02
-1.776351780e-02-4.250030033e-03 9.890498593e-03 2.428983152e-02 3.893375397e-02
 5.380889028e-02 6.890527904e-02 8.421804011e-02 9.974874556e-02 1.155067757e-01
 1.315107346e-01 1.477899551e-01 1.643858552e-01 1.813533604e-01 1.987615228e-01
 2.166930288e-01 2.352406085e-01 2.544931471e-01 2.744632363e-01 2.941465378e-01
 8.533313870e-02 8.422556520e-02 7.827759534e-02 7.092560828e-02 6.357402354e-02
 5.620545894e-02 4.881920666e-02 4.141681641e-02 3.399757668e-02 2.655754611e-02
 1.908980310e-02 1.158486679e-02 4.030684475e-03-3.588692751e-03-1.117328368e-02
-1.866714284e-02-2.602042072e-02-3.318670392e-02-4.012198746e-02-4.678415507e-02
-5.313259363e-02-5.912786722e-02-6.473135203e-02-6.990487874e-02-7.461040467e-02
-7.880962640e-02-8.246374130e-02-8.553320169e-02-8.797752857e-02-8.975523710e-02
-9.082393348e-02-9.114046395e-02-9.066130221e-02-8.934311569e-02-8.714355528e-02
-8.402241766e-02-7.994295657e-02-7.487373054e-02-6.879070401e-02-6.167980283e-02
-5.353965610e-02-4.438466579e-02-3.424777091e-02-2.318310179e-02-1.126424968e-02
 1.409991179e-03 1.440820843e-02 2.774877287e-02 4.137974605e-02 5.526307970e-02
 6.936807930e-02 8.366885781e-02 9.814360738e-02 1.127743572e-01 1.275471747e-01
 1.424520463e-01 1.574823111e-01 1.726332158e-01 1.878986508e-01 2.032649517e-01
 2.186991870e-01 2.341274917e-01 2.493943572e-01 2.641814947e-01 2.778559327e-01
 8.473212272e-02 8.365592360e-02 7.820811868e-02 7.121827453e-02 6.410478055e-02
 5.693253502e-02 4.974941164e-02 4.257882014e-02 3.542945534e-02 2.830144577e-02
 2.118975110e-02 1.408623345e-02 6.981247105e-03-1.345241326e-04-7.266471162e-03
-1.428225823e-02-2.113984898e-02-2.779632807e-02-3.420942649e-02-4.033792764e-02
-4.614165425e-02-5.158128589e-02-5.661812797e-02-6.121379137e-02-6.532996893e-02
-6.892815232e-02-7.196944952e-02-7.441444695e-02-7.622317970e-02-7.735513151e-02
-7.776949555e-02-7.742548734e-02-7.628287375e-02-7.430272549e-02-7.144841552e-02
-6.768694520e-02-6.299049407e-02-5.733846873e-02-5.071994662e-02-4.313649982e-02
-3.460527211e-02-2.516265586e-02-1.486593951e-02-3.807889298e-03 7.933979854e-03
 2.002886683e-02 3.245456517e-02 4.518616199e-02 5.818853900e-02 7.142349333e-02
 8.485217392e-02 9.843584895e-02 1.121362597e-01 1.259156466e-01 1.397368014e-01
 1.535626054e-01 1.673550159e-01 1.810729206e-01 1.946684569e-01 2.080807537e-01
 2.212264985e-01 2.339864671e-01 2.461889982e-01 2.575961947e-01 2.679103911e-01
 8.477821946e-02 8.418860286e-02 7.847423851e-02 7.124097645e-02 6.407739967e-02
 5.696996301e-02 4.994090647e-02 4.299841821e-02 3.614144400e-02 2.936335653e-02
 2.265415341e-02 1.600175910e-02 9.392677806e-03 2.811904065e-03-3.758656094e-03
-1.021220163e-02-1.649845392e-02-2.257272229e-02-2.839293703e-02-3.391852975e-02
-3.910992295e-02-4.392821342e-02-4.833495989e-02-5.229194090e-02-5.576099455e-02
-5.870384723e-02-6.108202040e-02-6.285683811e-02-6.398947537e-02-6.444120407e-02
-6.417369843e-02-6.314958632e-02-6.133309752e-02-5.869103223e-02-5.519387871e-02
-5.081728473e-02-4.554374143e-02-3.936442733e-02-3.228221834e-02-2.431515977e-02
-1.549795084e-02-5.895045586e-03 4.452165216e-03 1.522468403e-02 2.643794939e-02
 3.804060072e-02 4.998927191e-02 6.224217266e-02 7.475540042e-02 8.748208731e-02
 1.003724188e-01 1.133737415e-01 1.264307946e-01 1.394860744e-01 1.524802148e-01
 1.653521657e-01 1.780391634e-01 1.904759556e-01 2.025932670e-01 2.143148780e-01
 2.255538404e-01 2.362082750e-01 2.461583465e-01 2.552676797e-01 2.633921802e-01
 8.421958983e-02 8.403830975e-02 7.813696563e-02 7.045942545e-02 6.311261654e-02
 5.602604151e-02 4.915668815e-02 4.247602075e-02 3.596124053e-02 2.959183976e-02
 2.334858477e-02 1.721335575e-02 1.116934046e-02 5.201439373e-03-7.025538944e-04
-6.548660807e-03-1.220228802e-02-1.762813888e-02-2.278859541e-02-2.764548361e-02
-3.216069937e-02-3.629636019e-02-4.001476616e-02-4.327838123e-02-4.604971036e-02
-4.829129577e-02-4.996571690e-02-5.103571713e-02-5.146445706e-02-5.121587589e-02
-5.025521666e-02-4.854968563e-02-4.606937617e-02-4.278827831e-02-3.868541121e-02
-3.374683484e-02-2.796751633e-02-2.134931087e-02-1.390702464e-02-5.680408329e-03
 3.314035479e-03 1.278863382e-02 2.276893333e-02 3.321453184e-02 4.409325868e-02
 5.536699295e-02 6.699414551e-02 7.892943919e-02 9.112298489e-02 1.035194397e-01
 1.160574481e-01 1.286695004e-01 1.412820518e-01 1.538163871e-01 1.661897451e-01
 1.783170849e-01 1.901130080e-01 2.014936507e-01 2.123780400e-01 2.226888686e-01
 2.323523015e-01 2.412974983e-01 2.494564652e-01 2.567650676e-01 2.631663680e-01
 8.129978180e-02 8.120180666e-02 7.542748749e-02 6.780157238e-02 6.055247039e-02
 5.365690589e-02 4.707427323e-02 4.076510668e-02 3.469324857e-02 2.882647328e-02
 2.313647047e-02 1.759858802e-02 1.219137944e-02 6.895917002e-03 1.694662962e-03
-3.430977231e-03-8.368897252e-03-1.307549141e-02-1.751136035e-02-2.163871750e-02
-2.542044222e-02-2.881978080e-02-3.180021048e-02-3.432539850e-02-3.635920584e-02
-3.786569089e-02-3.880922124e-02-3.915474936e-02-3.886827081e-02-3.791741282e-02
-3.627213091e-02-3.390540183e-02-3.079467267e-02-2.692329884e-02-2.227861807e-02
-1.685834676e-02-1.068549789e-02-3.760105930e-03 3.923992161e-03 1.212681457e-02
 2.087931335e-02 3.015223518e-02 3.992499411e-02 5.017160252e-02 6.086274236e-02
 7.196458429e-02 8.343803883e-02 9.523771703e-02 1.073106527e-01 1.195948869e-01
 1.320182979e-01 1.444976330e-01 1.569385082e-01 1.692362726e-01 1.812784821e-01
 1.929487586e-01 2.041320503e-01 2.147206813e-01 2.246198058e-01 2.337519526e-01
 2.420594692e-01 2.495048940e-01 2.560695410e-01 2.617506087e-01 2.665586174e-01
 7.642625272e-02 7.640586793e-02 7.044145465e-02 6.298623979e-02 5.603653938e-02
 4.953370988e-02 4.342433810e-02 3.765398636e-02 3.217284754e-02 2.693801932e-02
 2.191388234e-02 1.707148179e-02 1.238761470e-02 7.843939587e-03 3.426420968e-03
-8.743803483e-04-5.060818978e-03-9.000013582e-03-1.266076416e-02-1.600948349e-02
-1.901165582e-02-2.163255773e-02-2.383759245e-02-2.559247240e-02-2.686331980e-02
-2.761671506e-02-2.781962603e-02-2.743982524e-02-2.644678950e-02-2.481292747e-02
-2.251454443e-02-1.952999830e-02-1.584474742e-02-1.146441698e-02-6.369071081e-03
-5.230999668e-04 5.844853818e-03 1.278893743e-02 2.032007650e-02 2.840995975e-02
 3.704401851e-02 4.620613903e-02 5.587957054e-02 6.604523957e-02 7.668072730e-02
 8.775907010e-02 9.924717247e-02 1.111040264e-01 1.232783720e-01 1.357060969e-01
 1.483073533e-01 1.609838456e-01 1.736169755e-01 1.860676855e-01 1.981794238e-01
 2.097850442e-01 2.207178771e-01 2.308254838e-01 2.399833351e-01 2.481055856e-01
 2.551507950e-01 2.611219585e-01 2.660609484e-01 2.700386047e-01 2.731421590e-01
 6.850868464e-02 6.832037866e-02 6.274329126e-02 5.567274988e-02 4.926054180e-02
 4.341181368e-02 3.802572936e-02 3.301589563e-02 2.831380069e-02 2.386719175e-02
 1.963703707e-02 1.559454203e-02 1.171868574e-02 7.994239219e-03 4.410134628e-03
 9.577745805e-04-2.371475333e-03-5.485936068e-03-8.326053619e-03-1.085784566e-02
-1.304753777e-02-1.486211363e-02-1.626929641e-02-1.723767631e-02-1.773707196e-02
-1.773863100e-02-1.721274853e-02-1.612963341e-02-1.446119696e-02-1.218517683e-02
-9.295179509e-03-5.762157030e-03-1.539436402e-03 3.178143408e-03 8.447114378e-03
 1.428764127e-02 2.068254352e-02 2.763120458e-02 3.513306379e-02 4.318306595e-02
 5.177569017e-02 6.090474129e-02 7.056310773e-02 8.074209094e-02 9.143047035e-02
 1.026131734e-01 1.142694503e-01 1.263704300e-01 1.388757527e-01 1.517291516e-01
 1.648528576e-01 1.781408489e-01 1.914516836e-01 2.046025097e-01 2.173679769e-01
 2.294889241e-01 2.406946123e-01 2.507360578e-01 2.594199479e-01 2.666327059e-01
 2.723512053e-01 2.766415179e-01 2.796459198e-01 2.815576494e-01 2.825867236e-01
 5.734595656e-02 5.684779584e-02 5.158634484e-02 4.528937116e-02 3.989401460e-02
 3.513843939e-02 3.083618917e-02 2.686874568e-02 2.316145971e-02 1.966695487e-02
 1.635508612e-02 1.320695505e-02 1.021127496e-02 7.362138014e-03 4.657623824e-03
 2.098968020e-03-3.097716253e-04-2.561252564e-03-4.561091773e-03-6.259595510e-03
-7.622911595e-03-8.621063083e-03-9.225063026e-03-9.406819940e-03-9.141433984e-03
-8.414259180e-03-7.199710235e-03-5.466895178e-03-3.179364372e-03-2.891729819e-04
 3.052558284e-03 6.895927712e-03 1.126248017e-02 1.614177227e-02 2.153897844e-02
 2.746023610e-02 3.390831128e-02 4.088675231e-02 4.839952290e-02 5.645051599e-02
 6.504386663e-02 7.418407500e-02 8.387598395e-02 9.412443638e-02 1.049337834e-01
 1.163068861e-01 1.282436252e-01 1.407384574e-01 1.537768543e-01 1.673296392e-01
 1.813446581e-01 1.957345307e-01 2.103589773e-01 2.250013649e-01 2.393425107e-01
 2.529488206e-01 2.653106451e-01 2.759465277e-01 2.845091820e-01 2.908281684e-01
 2.949078381e-01 2.969226241e-01 2.972102761e-01 2.962262928e-01 2.944360971e-01
 4.097823799e-02 3.952050209e-02 3.526456282e-02 3.121494874e-02 2.790510841e-02
 2.492179722e-02 2.213345096e-02 1.948633045e-02 1.695749536e-02 1.453847997e-02
 1.222842280e-02 1.003084891e-02 7.952073589e-03 6.000473630e-03 4.186303820e-03
 2.521943767e-03 1.022652141e-03-2.919473918e-04-1.395211671e-03-2.272255719e-03
-2.813293599e-03-3.003237769e-03-2.818489447e-03-2.228184603e-03-1.190289506e-03
 2.183537581e-04 2.036903519e-03 4.293332808e-03 7.007786538e-03 1.019038633e-02
 1.383086666e-02 1.793399639e-02 2.250663191e-02 2.755358070e-02 3.308112547e-02
 3.909662738e-02 4.560808837e-02 5.262452364e-02 6.015618891e-02 6.821475923e-02
 7.681360096e-02 8.596809208e-02 9.569589049e-02 1.060172543e-01 1.169551685e-01
 1.285353899e-01 1.407861710e-01 1.537373066e-01 1.674182117e-01 1.818540990e-01
 1.970589757e-01 2.130230069e-01 2.296899855e-01 2.469152361e-01 2.643794119e-01
 2.814001441e-01 2.967333198e-01 3.091444075e-01 3.180750608e-01 3.233826160e-01
 3.251208663e-01 3.235429227e-01 3.192684650e-01 3.135144114e-01 3.075620532e-01
 1.855648682e-02 1.440938283e-02 1.456829347e-02 1.508137211e-02 1.467787847e-02
 1.381880045e-02 1.271067280e-02 1.146496274e-02 1.015222818e-02 8.822420612e-03
 7.513760589e-03 6.257197354e-03 5.078983493e-03 4.002373666e-03 3.048919607e-03
 2.239573048e-03 1.595727983e-03 1.140233129e-03 8.982773870e-04 8.977218531e-04
 1.174349571e-03 1.754765632e-03 2.661406063e-03 3.913638182e-03 5.525868386e-03
 7.500470616e-03 9.848408401e-03 1.258219872e-02 1.571290195e-02 1.924861968e-02
 2.319433540e-02 2.755589411e-02 3.234012052e-02 3.755462170e-02 4.320822656e-02
 4.931121692e-02 5.587550253e-02 6.291486323e-02 7.044531405e-02 7.848538458e-02
 8.705668151e-02 9.618443251e-02 1.058982834e-01 1.162332073e-01 1.272307187e-01
 1.389403194e-01 1.514212787e-01 1.647446752e-01 1.789956838e-01 1.942757368e-01
 2.107038200e-01 2.284161597e-01 2.475626469e-01 2.683019042e-01 2.908096910e-01
 3.153966367e-01 3.374287486e-01 3.525803089e-01 3.619223237e-01 3.660141230e-01
 3.643752933e-01 3.574478030e-01 3.445181549e-01 3.298355937e-01 3.187066913e-01
 3.045828780e-03-1.958681736e-03-8.244456258e-04 1.406709198e-03 2.725436818e-03
 3.392059822e-03 3.611592110e-03 3.534557298e-03 3.271251917e-03 2.904159483e-03
 2.496534027e-03 2.098149620e-03 1.749247080e-03 1.483350759e-03 1.329353312e-03
 1.313095447e-03 1.458573621e-03 1.788839698e-03 2.326585585e-03 3.094368149e-03
 4.114445765e-03 5.406663753e-03 6.988124922e-03 8.873105980e-03 1.107289270e-02
 1.359591261e-02 1.645017974e-02 1.964342594e-02 2.318280563e-02 2.707479522e-02
 3.132548556e-02 3.594142199e-02 4.093015939e-02 4.630062729e-02 5.206347257e-02
 5.823140591e-02 6.481941789e-02 7.184511423e-02 7.932904363e-02 8.729513735e-02
 9.577127546e-02 1.047901064e-01 1.143901274e-01 1.246171594e-01 1.355263889e-01
 1.471851170e-01 1.596766412e-01 1.731054485e-01 1.876046807e-01 2.033461630e-01
 2.205542028e-01 2.395232320e-01 2.606371045e-01 2.843857408e-01 3.113742173e-01
 3.402008116e-01 3.622814417e-01 3.774389327e-01 3.860574663e-01 3.878563046e-01
 3.830346763e-01 3.706054688e-01 3.518435955e-01 3.356981874e-01 3.227345347e-01
-7.533454336e-03-1.296384819e-02-1.160874497e-02-8.920205757e-03-6.928449031e-03
-5.496841855e-03-4.492580425e-03-3.794754390e-03-3.300669603e-03-2.926271874e-03
-2.603924368e-03-2.279360779e-03-1.908687642e-03-1.455789199e-03-8.902446716e-04
-1.857446041e-04 6.810524501e-04 1.731287804e-03 2.984350082e-03 4.458038602e-03
 6.168462336e-03 8.129689842e-03 1.035356149e-02 1.284967363e-02 1.562550850e-02
 1.868678629e-02 2.203810588e-02 2.568339556e-02 2.962628752e-02 3.387047723e-02
 3.842022270e-02 4.328089952e-02 4.845950007e-02 5.396512523e-02 5.980930105e-02
 6.600631028e-02 7.257337868e-02 7.953087986e-02 8.690260351e-02 9.471601248e-02
 1.030027345e-01 1.117993519e-01 1.211483777e-01 1.310998797e-01 1.417136788e-01
 1.530624181e-01 1.652361453e-01 1.783487499e-01 1.925477087e-01 2.080290169e-01
 2.250607908e-01 2.440220565e-01 2.654651105e-01 2.901934385e-01 3.190564811e-01
 3.445723057e-01 3.638355732e-01 3.768792748e-01 3.835158944e-01 3.837105036e-01
 3.763396740e-01 3.607875109e-01 3.439620733e-01 3.299357593e-01 3.181646466e-01
-1.436000131e-02-2.007769048e-02-1.918200962e-02-1.653953828e-02-1.443825476e-02
-1.278422959e-02-1.146633551e-02-1.038068160e-02-9.437816218e-03-8.564510383e-03
-7.702323608e-03-6.804851815e-03-5.834805779e-03-4.761507735e-03-3.559006145e-03
-2.204800025e-03-6.790644838e-04 1.035747817e-03 2.955058357e-03 5.092159379e-03
 7.458137348e-03 1.006178744e-02 1.290960703e-02 1.600589044e-02 1.935295574e-02
 2.295148559e-02 2.680097707e-02 3.090025857e-02 3.524805605e-02 3.984363005e-02
 4.468744248e-02 4.978187755e-02 5.513190478e-02 6.074560434e-02 6.663453579e-02
 7.281395793e-02 7.930281758e-02 8.612371981e-02 9.330277145e-02 1.008695364e-01
 1.088571548e-01 1.173026636e-01 1.262476146e-01 1.357391626e-01 1.458315551e-01
 1.565883756e-01 1.680854559e-01 1.804151833e-01 1.936924160e-01 2.080634385e-01
 2.237196863e-01 2.409215868e-01 2.600465417e-01 2.817324400e-01 3.048718572e-01
 3.243151605e-01 3.392625451e-01 3.494475782e-01 3.547705412e-01 3.544577062e-01
 3.482371271e-01 3.367922008e-01 3.258247077e-01 3.158360124e-01 3.068614602e-01
-1.875924319e-02-2.486577258e-02-2.418808639e-02-2.193586901e-02-2.017979510e-02
-1.875847951e-02-1.753323525e-02-1.639681868e-02-1.527257450e-02-1.410777867e-02
-1.286606491e-02-1.152110286e-02-1.005209796e-02-8.440996520e-03-6.671072450e-03
-4.726468585e-03-2.592352685e-03-2.553630038e-04 2.295866841e-03 5.070267245e-03
 8.074047975e-03 1.131059602e-02 1.478054374e-02 1.848198101e-02 2.241074853e-02
 2.656081691e-02 3.092474118e-02 3.549423814e-02 4.026091099e-02 4.521712661e-02
 5.035710335e-02 5.567798764e-02 6.118090451e-02 6.687176228e-02 7.276168466e-02
 7.886704803e-02 8.520910144e-02 9.181331843e-02 9.870859981e-02 1.059265360e-01
 1.135007888e-01 1.214668155e-01 1.298618019e-01 1.387249231e-01 1.480978131e-01
 1.580250263e-01 1.685545444e-01 1.797379106e-01 1.916294396e-01 2.042831779e-01
 2.177448869e-01 2.320320010e-01 2.470847517e-01 2.626559734e-01 2.780005634e-01
 2.915684879e-01 3.025092483e-01 3.103910685e-01 3.149352074e-01 3.159981966e-01
 3.136957586e-01 3.091523647e-01 3.036055565e-01 2.976911068e-01 2.917878926e-01
-1.996143907e-02-2.645782381e-02-2.658880129e-02-2.538558841e-02-2.462277375e-02
-2.396659181e-02-2.322386205e-02-2.230300382e-02-2.117324248e-02-1.983365603e-02
-1.829406247e-02-1.656453684e-02-1.465047710e-02-1.255109720e-02-1.026008744e-02
-7.767380215e-03-5.061365664e-03-2.130996669e-03 1.032510074e-03 4.434537608e-03
 8.076523431e-03 1.195593271e-02 1.606658101e-02 2.039911598e-02 2.494148910e-02
 2.967933193e-02 3.459628671e-02 3.967443109e-02 4.489507899e-02 5.023998767e-02
 5.569314212e-02 6.124279648e-02 6.688350439e-02 7.261763513e-02 7.845608890e-02
 8.441808820e-02 9.052993357e-02 9.682317078e-02 1.033324823e-01 1.100936756e-01
 1.171421483e-01 1.245118529e-01 1.322347224e-01 1.403403431e-01 1.488555968e-01
 1.578041613e-01 1.672051549e-01 1.770709157e-01 1.874026358e-01 1.981830895e-01
 2.093640268e-01 2.208462656e-01 2.324499488e-01 2.438790351e-01 2.547059059e-01
 2.644303143e-01 2.726029158e-01 2.789025903e-01 2.831551135e-01 2.853478789e-01
 2.856553197e-01 2.844293714e-01 2.820990086e-01 2.790539861e-01 2.755980790e-01
-1.636330225e-02-2.277056873e-02-2.569172904e-02-2.743318863e-02-2.883173898e-02
-2.955949679e-02-2.954761684e-02-2.889144234e-02-2.771776915e-02-2.614035457e-02
-2.424789965e-02-2.210127749e-02-1.973493770e-02-1.716122963e-02-1.437654719e-02
-1.136794500e-02-8.119164035e-03-4.615408368e-03-8.466847357e-04 3.190356772e-03
 7.491968572e-03 1.204800606e-02 1.684331149e-02 2.185918018e-02 2.707431093e-02
 3.246499598e-02 3.800466657e-02 4.366330430e-02 4.940756410e-02 5.520223826e-02
 6.101348996e-02 6.681331992e-02 7.258421928e-02 7.832270116e-02 8.404091746e-02
 8.976589888e-02 9.553647041e-02 1.013985500e-01 1.074000299e-01 1.135864854e-01
 1.199984252e-01 1.266699284e-01 1.336283088e-01 1.408941746e-01 1.484811902e-01
 1.563956141e-01 1.646348685e-01 1.731851995e-01 1.820178777e-01 1.910838783e-01
 2.003066540e-01 2.095739543e-01 2.187301219e-01 2.275738418e-01 2.358673811e-01
 2.433608472e-01 2.498264611e-01 2.550901175e-01 2.590533793e-01 2.617050409e-01
 2.631210685e-01 2.634499371e-01 2.628837824e-01 2.616249323e-01 2.598605156e-01
-1.184899919e-02-1.848129928e-02-2.471032739e-02-3.072172403e-02-3.613299504e-02
-3.796046227e-02-3.812535852e-02-3.719519824e-02-3.552654758e-02-3.336815536e-02
-3.089075536e-02-2.819720842e-02-2.533173375e-02-2.229436859e-02-1.905819401e-02
-1.558491308e-02-1.183650456e-02-7.783004083e-03-3.407278564e-03 1.292749541e-03
 6.304550450e-03 1.160418242e-02 1.716130227e-02 2.294396609e-02 2.892114595e-02
 3.506211564e-02 4.133311287e-02 4.769270122e-02 5.408801138e-02 6.045487151e-02
 6.672430784e-02 7.283438742e-02 7.874253392e-02 8.443415910e-02 8.992631733e-02
 9.526633471e-02 1.005244702e-01 1.057812423e-01 1.111137569e-01 1.165866107e-01
 1.222487837e-01 1.281345189e-01 1.342654824e-01 1.406528950e-01 1.472986192e-01
 1.541955471e-01 1.613270044e-01 1.686654985e-01 1.761704832e-01 1.837859154e-01
 1.914375722e-01 1.990308911e-01 2.064507902e-01 2.135644555e-01 2.202286124e-01
 2.263010740e-01 2.316546142e-01 2.361908108e-01 2.398504317e-01 2.426190376e-01
 2.445265651e-01 2.456409633e-01 2.460570782e-01 2.458836883e-01 2.452316135e-01
-9.459974244e-03-1.693760604e-02-2.506558970e-02-3.426190093e-02-4.441131651e-02
-5.008693784e-02-5.030548200e-02-4.784726351e-02-4.478575289e-02-4.142318293e-02
-3.799365088e-02-3.460989520e-02-3.126361966e-02-2.787121385e-02-2.432332002e-02
-2.051579580e-02-1.636355743e-02-1.180631202e-02-6.812646985e-03-1.384027652e-03
 4.444796592e-03 1.061455999e-02 1.705945097e-02 2.372444980e-02 3.057219274e-02
 3.757870942e-02 4.472212121e-02 5.196673423e-02 5.924354494e-02 6.643493474e-02
 7.338625193e-02 7.995186001e-02 8.603537083e-02 9.160067886e-02 9.667411447e-02
 1.013500020e-01 1.057834178e-01 1.101474017e-01 1.145812124e-01 1.191740260e-01
 1.239754036e-01 1.290092468e-01 1.342833042e-01 1.397944987e-01 1.455314159e-01
 1.514753401e-01 1.576000750e-01 1.638713032e-01 1.702457815e-01 1.766702235e-01
 1.830807328e-01 1.894029379e-01 1.955530792e-01 2.014409900e-01 2.069744170e-01
 2.120651007e-01 2.166352570e-01 2.206240743e-01 2.239925265e-01 2.267260849e-01
 2.288346887e-01 2.303501815e-01 2.313215584e-01 2.318092138e-01 2.318790853e-01
-6.517408416e-03-1.419820543e-02-2.284457348e-02-3.295887262e-02-4.493677616e-02
-5.399061739e-02-5.872957781e-02-5.897560716e-02-5.470938236e-02-4.922029749e-02
-4.446142167e-02-4.051525518e-02-3.706593812e-02-3.374329209e-02-3.025609627e-02
-2.640276775e-02-2.204214409e-02-1.707320102e-02-1.143351942e-02-5.118555389e-03
 1.784545137e-03 9.097786620e-03 1.664145105e-02 2.431762218e-02 3.210749105e-02
 4.003755748e-02 4.815306515e-02 5.649631843e-02 6.506924331e-02 7.370506972e-02
 8.188968897e-02 8.922035992e-02 9.556929022e-02 1.008926630e-01 1.051878408e-01
 1.085583791e-01 1.114467531e-01 1.144136190e-01 1.176604033e-01 1.212248430e-01
 1.251013130e-01 1.292709857e-01 1.337105334e-01 1.383945644e-01 1.432957351e-01
 1.483840942e-01 1.536262780e-01 1.589846015e-01 1.644164175e-01 1.698736548e-01
 1.753028035e-01 1.806454062e-01 1.858392656e-01 1.908203661e-01 1.955256313e-01
 1.998960525e-01 2.038800865e-01 2.074368000e-01 2.105383277e-01 2.131711543e-01
 2.153362930e-01 2.170481980e-01 2.183325589e-01 2.192234993e-01 2.197606862e-01
-2.117308555e-03-9.145069867e-03-1.687244140e-02-2.542030439e-02-3.478910774e-02
-4.475484788e-02-5.355379730e-02-5.808539689e-02-5.786557123e-02-5.249734223e-02
-4.733618349e-02-4.435054213e-02-4.232252389e-02-4.006913304e-02-3.728557378e-02
-3.382899612e-02-2.957820892e-02-2.440172061e-02-1.814543083e-02-1.063908543e-02
-1.821666025e-03 7.427260745e-03 1.636885852e-02 2.506496012e-02 3.366793692e-02
 4.233846813e-02 5.124587938e-02 6.058677658e-02 7.062491775e-02 8.172664046e-02
 9.172900021e-02 9.995101392e-02 1.066291630e-01 1.116443425e-01 1.149388254e-01
 1.162630171e-01 1.164327785e-01 1.177126989e-01 1.197480112e-01 1.223449856e-01
 1.253843606e-01 1.287855804e-01 1.324899495e-01 1.364507377e-01 1.406275183e-01
 1.449823380e-01 1.494776607e-01 1.540749073e-01 1.587335467e-01 1.634109318e-01
 1.680620760e-01 1.726402640e-01 1.770977676e-01 1.813871562e-01 1.854627728e-01
 1.892826557e-01 1.928101480e-01 1.960156858e-01 1.988780200e-01 2.013849020e-01
 2.035332918e-01 2.053287625e-01 2.067845166e-01 2.079199255e-01 2.087589204e-01
 3.498753067e-03-2.406105865e-03-8.723633364e-03-1.545190811e-02-2.250403911e-02
-2.969999239e-02-3.678052500e-02-4.343244433e-02-4.726900533e-02-4.509333894e-02
-4.250560701e-02-4.230153933e-02-4.297950119e-02-4.226468503e-02-4.045638070e-02
-3.763667494e-02-3.375489265e-02-2.868988737e-02-2.223135158e-02-1.398106758e-02
-3.204440698e-03 7.813397795e-03 1.757605746e-02 2.669448592e-02 3.553926200e-02
 4.437378794e-02 5.342942476e-02 6.295529008e-02 7.326562703e-02 8.470186591e-02
 9.501001239e-02 1.033739150e-01 1.100076288e-01 1.148462743e-01 1.177680343e-01
 1.184810102e-01 1.179772615e-01 1.186083183e-01 1.200547516e-01 1.220904440e-01
 1.245744973e-01 1.274167597e-01 1.305546314e-01 1.339396238e-01 1.375300288e-01
 1.412873417e-01 1.451744437e-01 1.491545141e-01 1.531905234e-01 1.572450995e-01
 1.612803340e-01 1.652582139e-01 1.691411138e-01 1.728925407e-01 1.764779985e-01
 1.798659861e-01 1.830290407e-01 1.859446317e-01 1.885957718e-01 1.909714937e-01
 1.930668950e-01 1.948829293e-01 1.964258552e-01 1.977064610e-01 1.987391412e-01
 0.178698421E+01 0.181052995E+01 0.182525551E+01 0.184191930E+01 0.185908413E+01
 0.188049483E+01 0.189663935E+01 0.191389394E+01 0.193106115E+01 0.194944930E+01
 0.196687508E+01 0.198501515E+01 0.200383759E+01 0.202237082E+01 0.204129601E+01
 0.206105471E+01 0.208080339E+01 0.210090184E+01 0.212139153E+01 0.214271307E+01
 0.216409540E+01 0.218608904E+01 0.220867205E+01 0.223205018E+01 0.225575638E+01
 0.228018427E+01 0.230537724E+01 0.233153629E+01 0.235826182E+01 0.238582277E+01
 0.241444278E+01 0.244412851E+01 0.247483540E+01 0.250656986E+01 0.253955555E+01
 0.257392406E+01 0.260968447E+01 0.264696741E+01 0.268576217E+01 0.272645855E+01
 0.276906252E+01 0.281369877E+01 0.286058569E+01 0.290991020E+01 0.296195364E+01
 0.301689911E+01 0.307518315E+01 0.313693810E+01 0.320287991E+01 0.327326584E+01
 0.334901524E+01 0.343033504E+01 0.351876998E+01 0.361468792E+01 0.372009754E+01
 0.383595705E+01 0.396539187E+01 0.411132240E+01 0.427875996E+01 0.447443771E+01
 0.470996904E+01 0.500583172E+01 0.540807152E+01 0.604838848E+01 0.953500175E+01
   90   86
 0.107965446E+01-0.500000007E-01 0.107991505E+01 0.249999985E-01 0.108470511E+01
 0.100000009E+00 0.109599161E+01 0.200000003E+00 0.110782087E+01 0.275000006E+00
 0.112205338E+01 0.345057130E+00 0.113890147E+01 0.422669590E+00 0.115159738E+01
 0.478032261E+00 0.117018008E+01 0.555753589E+00 0.118722379E+01 0.625000000E+00
 0.120226240E+01 0.684216738E+00 0.122350764E+01 0.764366984E+00 0.124079800E+01
 0.825000048E+00 0.125744700E+01 0.875000000E+00 0.128212523E+01 0.933974743E+00
 0.131812501E+01 0.979820728E+00 0.136024928E+01 0.998712301E+00 0.141109371E+01
 0.100503385E+01 0.146421885E+01 0.996976197E+00 0.151304364E+01 0.981657147E+00
 0.154573405E+01 0.969575584E+00 0.159703135E+01 0.948081374E+00 0.164011860E+01
 0.924999952E+00 0.167671871E+01 0.905337214E+00 0.172397637E+01 0.875000000E+00
 0.175640631E+01 0.853633344E+00 0.179484689E+01 0.825000048E+00 0.183609366E+01
 0.792595148E+00 0.186446762E+01 0.768308640E+00 0.190791512E+01 0.728968263E+00
 0.194234371E+01 0.694540620E+00 0.197266138E+01 0.662586391E+00 0.200874996E+01
 0.622154176E+00 0.203778100E+01 0.585691512E+00 0.206765413E+01 0.544157982E+00
 0.209679699E+01 0.500000000E+00 0.212657523E+01 0.449999988E+00 0.215310144E+01
 0.399999976E+00 0.217677355E+01 0.350000024E+00 0.219920015E+01 0.295500517E+00
 0.222284079E+01 0.225000009E+00 0.223948002E+01 0.167507723E+00 0.225588655E+01
 0.750000030E-01 0.225756025E+01 0.745058060E-08 0.225583029E+01-0.805649757E-01
 0.223994541E+01-0.175000012E+00 0.222643876E+01-0.225000009E+00 0.220401716E+01
-0.296266854E+00 0.218348074E+01-0.350000024E+00 0.216158104E+01-0.400389075E+00
 0.213715386E+01-0.450457036E+00 0.211007762E+01-0.500000000E+00 0.207979822E+01
-0.550000012E+00 0.204616785E+01-0.600000024E+00 0.201220870E+01-0.646011472E+00
 0.198218751E+01-0.683615088E+00 0.195562506E+01-0.714804709E+00 0.191966558E+01
-0.753858805E+00 0.188284945E+01-0.792081058E+00 0.184937501E+01-0.825252056E+00
 0.181242442E+01-0.858884454E+00 0.177853608E+01-0.888576448E+00 0.174094033E+01
-0.919745922E+00 0.170328116E+01-0.948787212E+00 0.166542888E+01-0.976361275E+00
 0.162359381E+01-0.100379133E+01 0.158794057E+01-0.102499998E+01 0.154390621E+01
-0.105040097E+01 0.149490666E+01-0.107390213E+01 0.146421885E+01-0.108923769E+01
 0.141109371E+01-0.111090541E+01 0.137125003E+01-0.112413049E+01 0.132198763E+01
-0.113907564E+01 0.128105378E+01-0.115054870E+01 0.125726402E+01-0.115711641E+01
 0.122947216E+01-0.110861158E+01 0.121322155E+01-0.106024170E+01 0.121258271E+01
-0.974999964E+00 0.120458245E+01-0.875000000E+00 0.119769001E+01-0.821112394E+00
 0.118377829E+01-0.725000024E+00 0.117203128E+01-0.657650352E+00 0.115643311E+01
-0.574999988E+00 0.114450383E+01-0.514231443E+00 0.112744069E+01-0.425000012E+00
 0.111798453E+01-0.373367667E+00 0.110171342E+01-0.275000006E+00 0.109312665E+01
-0.200000003E+00 0.108503199E+01-0.125000000E+00 0.540701866E+00-0.500000045E-01
 0.101600003E+01 0.000000000E+00 0.101600003E+01 0.963999987E+00 0.101600003E+01
 0.967999995E+00 0.101600003E+01 0.100100005E+01 0.101600003E+01 0.101900005E+01
 0.101600003E+01 0.107700002E+01 0.101600003E+01 0.107000005E+01 0.101600003E+01
 0.109599996E+01 0.101600003E+01 0.111300004E+01 0.101600003E+01 0.113800001E+01
 0.101600003E+01 0.114699996E+01 0.101199996E+01 0.116499996E+01 0.100100005E+01
 0.121700001E+01 0.102900004E+01 0.121700001E+01 0.104200006E+01 0.116240001E+01
 0.104600000E+01 0.116237998E+01 0.105599999E+01 0.116260004E+01 0.109700000E+01
 0.116450000E+01 0.110800004E+01 0.116594005E+01 0.111600006E+01 0.116591001E+01
 0.113399994E+01 0.116895998E+01 0.114800000E+01 0.117174995E+01 0.116199994E+01
 0.117556000E+01 0.118099999E+01 0.118299997E+01 0.118200004E+01 0.118350005E+01
 0.118499994E+01 0.118499994E+01 0.119000006E+01 0.118799996E+01 0.119500005E+01
 0.119099998E+01 0.120099998E+01 0.119599998E+01 0.120899999E+01 0.120200002E+01
 0.121500003E+01 0.120799994E+01 0.122200000E+01 0.121399999E+01 0.122800004E+01
 0.122099996E+01 0.123399997E+01 0.123099995E+01 0.123899996E+01 0.123800004E+01
 0.124199998E+01 0.124399996E+01 0.124800003E+01 0.125399995E+01 0.125800002E+01
 0.127800000E+01 0.126300001E+01 0.128999996E+01 0.127999997E+01 0.133099997E+01
 0.127999997E+01 0.134700000E+01 0.127999997E+01 0.134800005E+01 0.130999994E+01
 0.134800005E+01 0.132799995E+01 0.134800005E+01 0.136099994E+01 0.134800005E+01
 0.138000000E+01 0.134800005E+01 0.141900003E+01 0.134800005E+01 0.141900003E+01
 0.130999994E+01 0.137199998E+01 0.130999994E+01 0.137199998E+01 0.129200006E+01
 0.160800004E+01 0.109500003E+01 0.164699996E+01 0.107700002E+01 0.178499997E+01
 0.107700002E+01 0.206999993E+01 0.103999996E+01 0.212800002E+01 0.992999971E+00
 0.224499989E+01 0.708999991E+00 0.232299995E+01 0.518999994E+00 0.237700009E+01
 0.388999999E+00 0.236249995E+01 0.400000006E+00 0.236443496E+01 0.222000003E+00
 0.236496902E+01 0.133000001E+00 0.236532402E+01 0.439999998E-01 0.236512089E+01
-0.439999998E-01 0.236484194E+01-0.133000001E+00 0.236433411E+01-0.222000003E+00
 0.236249995E+01-0.400000006E+00 0.237700009E+01-0.388999999E+00 0.213400006E+01
-0.972999990E+00 0.178600001E+01-0.117400002E+01 0.176800001E+01-0.121099997E+01
 0.176800001E+01-0.125000000E+01 0.168200004E+01-0.125000000E+01 0.137199998E+01
-0.125000000E+01 0.137199998E+01-0.132900000E+01 0.141999996E+01-0.132900000E+01
 0.141999996E+01-0.136300004E+01 0.127300000E+01-0.136300004E+01 0.115300000E+01
-0.136300004E+01 0.101600003E+01-0.122300005E+01 0.101600003E+01-0.122300005E+01
 0.101600003E+01-0.829999983E+00 0.101600003E+01-0.800000012E+00 0.101600003E+01
-0.414999992E+00 0.101600003E+01-0.400000006E+00 0.101600003E+01-0.100000005E-02
 0.101600003E+01 0.000000000E+00
    0 0.169550002E+01    0
 0.000000000E+00 0.994101465E-01 0.141148686E+00 0.173371792E+00 0.200718910E+00
 0.223661214E+00 0.245848298E+00 0.266441822E+00 0.285664558E+00 0.303897977E+00
 0.321217656E+00 0.337819099E+00 0.353791475E+00 0.369208068E+00 0.384150803E+00
 0.398662239E+00 0.412829161E+00 0.426595390E+00 0.440128684E+00 0.453373849E+00
 0.466347039E+00 0.479095340E+00 0.491670370E+00 0.504062235E+00 0.516263247E+00
 0.528285623E+00 0.540226996E+00 0.552019596E+00 0.563698173E+00 0.575247049E+00
 0.586733937E+00 0.598127604E+00 0.609459758E+00 0.620709896E+00 0.631888866E+00
 0.643059850E+00 0.654168606E+00 0.665252686E+00 0.676293850E+00 0.687346458E+00
 0.698374867E+00 0.709411919E+00 0.720457137E+00 0.731506109E+00 0.742602944E+00
 0.753717542E+00 0.764893293E+00 0.776108027E+00 0.787403703E+00 0.798762441E+00
 0.810238361E+00 0.821787715E+00 0.833492279E+00 0.845314324E+00 0.857323050E+00
 0.869489014E+00 0.881904602E+00 0.894564390E+00 0.907531381E+00 0.920852780E+00
 0.934645712E+00 0.949006200E+00 0.964131296E+00 0.980498910E+00 0.100000000E+01
    0
