  EFITD    06/25/2013    #1553433000.0ms  EFIT01   0  65  65
 0.170000005E+01 0.320000005E+01 0.169550002E+01 0.839999974E+00 0.000000000E+00
 0.181115031E+01-0.196395367E-01-0.172303259E+00 0.728466734E-02 0.165747130E+01
 0.102404650E+07-0.172303259E+00 0.000000000E+00 0.181115031E+01 0.000000000E+00
-0.196395367E-01 0.000000000E+00 0.728466734E-02 0.000000000E+00 0.000000000E+00
 0.276399517E+01 0.276633263E+01 0.276858473E+01 0.277075291E+01 0.277283978E+01
 0.277484655E+01 0.277677488E+01 0.277862692E+01 0.278040385E+01 0.278210783E+01
 0.278374004E+01 0.278530264E+01 0.278679729E+01 0.278822541E+01 0.278958869E+01
 0.279088879E+01 0.279212737E+01 0.279330587E+01 0.279442644E+01 0.279549026E+01
 0.279649901E+01 0.279745436E+01 0.279835796E+01 0.279921103E+01 0.280001569E+01
 0.280077314E+01 0.280148530E+01 0.280215359E+01 0.280277944E+01 0.280336475E+01
 0.280391073E+01 0.280441904E+01 0.280489111E+01 0.280532908E+01 0.280573392E+01
 0.280610752E+01 0.280645108E+01 0.280676651E+01 0.280705547E+01 0.280731869E+01
 0.280755877E+01 0.280777645E+01 0.280797386E+01 0.280815220E+01 0.280831289E+01
 0.280845785E+01 0.280858874E+01 0.280870628E+01 0.280881310E+01 0.280890989E+01
 0.280899858E+01 0.280908060E+01 0.280915737E+01 0.280923080E+01 0.280930209E+01
 0.280937290E+01 0.280944490E+01 0.280951929E+01 0.280959797E+01 0.280968213E+01
 0.280977368E+01 0.280987406E+01 0.280998445E+01 0.281010675E+01 0.281024265E+01
 0.101231172E+06 0.984608047E+05 0.957281719E+05 0.930332656E+05 0.903761094E+05
 0.877566719E+05 0.851749766E+05 0.826310156E+05 0.801247891E+05 0.776562969E+05
 0.752255312E+05 0.728325078E+05 0.704772188E+05 0.681596562E+05 0.658798359E+05
 0.636377500E+05 0.614333906E+05 0.592667734E+05 0.571378906E+05 0.550467383E+05
 0.529933242E+05 0.509776406E+05 0.489996953E+05 0.470594766E+05 0.451570000E+05
 0.432922578E+05 0.414652461E+05 0.396759688E+05 0.379244297E+05 0.362106211E+05
 0.345345469E+05 0.328962109E+05 0.312956055E+05 0.297327344E+05 0.282075996E+05
 0.267201973E+05 0.252705312E+05 0.238585977E+05 0.224844004E+05 0.211479375E+05
 0.198492070E+05 0.185882109E+05 0.173649492E+05 0.161794238E+05 0.150316328E+05
 0.139215742E+05 0.128492510E+05 0.118146621E+05 0.108178066E+05 0.985868555E+04
 0.893730078E+04 0.805364844E+04 0.720773096E+04 0.639954785E+04 0.562909863E+04
 0.489638477E+04 0.420140430E+04 0.354415869E+04 0.292464746E+04 0.234287012E+04
 0.179882751E+04 0.129251904E+04 0.823945068E+03 0.393105377E+03 0.000000000E+00
 0.234520245E+01 0.226221609E+01 0.218077183E+01 0.210086966E+01 0.202250981E+01
 0.194569230E+01 0.187041664E+01 0.179668319E+01 0.172449195E+01 0.165384281E+01
 0.158473587E+01 0.151717114E+01 0.145114851E+01 0.138666809E+01 0.132372975E+01
 0.126233363E+01 0.120247960E+01 0.114416778E+01 0.108739817E+01 0.103217065E+01
 0.978485286E+00 0.926342130E+00 0.875741124E+00 0.826682210E+00 0.779165506E+00
 0.733190894E+00 0.688758492E+00 0.645868301E+00 0.604520202E+00 0.564714313E+00
 0.526450515E+00 0.489728928E+00 0.454549462E+00 0.420912147E+00 0.388817012E+00
 0.358264059E+00 0.329253227E+00 0.301784575E+00 0.275858074E+00 0.251473725E+00
 0.228631556E+00 0.207331538E+00 0.187573656E+00 0.169357955E+00 0.152684405E+00
 0.137553006E+00 0.123963781E+00 0.111916706E+00 0.101411790E+00 0.924490318E-01
 0.850284323E-01 0.791499913E-01 0.748137087E-01 0.720195845E-01 0.707676187E-01
 0.710578114E-01 0.728901625E-01 0.762646645E-01 0.811813325E-01 0.876401588E-01
 0.956411436E-01 0.105184287E+00 0.116269588E+00 0.128897041E+00 0.143066660E+00
-0.994081625E+06-0.980632750E+06-0.967183875E+06-0.953735000E+06-0.940286125E+06
-0.926837250E+06-0.913388438E+06-0.899939562E+06-0.886490688E+06-0.873041812E+06
-0.859592938E+06-0.846144125E+06-0.832695250E+06-0.819246375E+06-0.805797438E+06
-0.792348625E+06-0.778899750E+06-0.765450875E+06-0.752002000E+06-0.738553125E+06
-0.725104250E+06-0.711655375E+06-0.698206500E+06-0.684757625E+06-0.671308750E+06
-0.657859875E+06-0.644411000E+06-0.630962125E+06-0.617513250E+06-0.604064375E+06
-0.590615500E+06-0.577166625E+06-0.563717750E+06-0.550268938E+06-0.536820062E+06
-0.523371188E+06-0.509922312E+06-0.496473438E+06-0.483024562E+06-0.469575688E+06
-0.456126812E+06-0.442677969E+06-0.429229094E+06-0.415780219E+06-0.402331375E+06
-0.388882500E+06-0.375433625E+06-0.361984750E+06-0.348535875E+06-0.335087000E+06
-0.321638125E+06-0.308189250E+06-0.294740375E+06-0.281291500E+06-0.267842625E+06
-0.254393781E+06-0.240944906E+06-0.227496031E+06-0.214047156E+06-0.200598297E+06
-0.187149438E+06-0.173700562E+06-0.160251688E+06-0.146802812E+06-0.133353953E+06
 3.559317812e-02 3.301848099e-02 3.039568849e-02 2.767758444e-02 2.483388595e-02
 2.184265107e-02 1.867317036e-02 1.526692882e-02 1.161108725e-02 7.619066164e-03
 2.723345533e-03-3.785514273e-03-1.059615705e-02-1.504625939e-02-1.766918227e-02
-1.868290082e-02-1.813106984e-02-1.595190912e-02-1.194344740e-02-5.671577062e-03
 3.704443341e-03 1.351731829e-02 2.173940092e-02 2.907492965e-02 3.592149913e-02
 4.252782464e-02 4.907593876e-02 5.572469532e-02 6.264132261e-02 7.000625134e-02
 7.690371573e-02 8.304136992e-02 8.852641284e-02 9.330318123e-02 9.733496606e-02
 1.005122066e-01 1.031961963e-01 1.063626483e-01 1.098699495e-01 1.136357784e-01
 1.176140383e-01 1.217777431e-01 1.261076927e-01 1.305859089e-01 1.351926327e-01
 1.399052441e-01 1.446982920e-01 1.495435387e-01 1.544101685e-01 1.592651010e-01
 1.640733182e-01 1.687983871e-01 1.734032035e-01 1.778508723e-01 1.821057796e-01
 1.861347407e-01 1.899082065e-01 1.934013367e-01 1.965949088e-01 1.994759142e-01
 2.020378709e-01 2.042805851e-01 2.062098682e-01 2.078366876e-01 2.091762722e-01
 3.114115074e-02 2.826106735e-02 2.543881163e-02 2.263885364e-02 1.982037537e-02
 1.694160886e-02 1.401907951e-02 1.109064557e-02 8.088098839e-03 4.906939343e-03
 1.207586960e-03-3.119262867e-03-7.330607623e-03-1.040294021e-02-1.220101584e-02
-1.271875203e-02-1.193015464e-02-9.767372161e-03-6.117054261e-03-8.366021793e-04
 6.090539042e-03 1.360912807e-02 2.076339163e-02 2.755879797e-02 3.412101418e-02
 4.057890922e-02 4.705515504e-02 5.367520452e-02 6.058552861e-02 6.794741005e-02
 7.488168031e-02 8.108811080e-02 8.666482568e-02 9.159439802e-02 9.583364427e-02
 9.926889837e-02 1.022955030e-01 1.058411896e-01 1.097739786e-01 1.140097901e-01
 1.184974164e-01 1.232030168e-01 1.281013042e-01 1.331701875e-01 1.383875608e-01
 1.437292993e-01 1.491682827e-01 1.546736360e-01 1.602106094e-01 1.657404006e-01
 1.712204963e-01 1.766051948e-01 1.818465590e-01 1.868958473e-01 1.917050779e-01
 1.962290704e-01 2.004275620e-01 2.042669654e-01 2.077221870e-01 2.107775062e-01
 2.134271264e-01 2.156748474e-01 2.175331116e-01 2.190217227e-01 2.201659977e-01
 2.605362795e-02 2.297590300e-02 2.010180056e-02 1.738769934e-02 1.477209199e-02
 1.237660926e-02 1.017276570e-02 8.102184162e-03 6.120768376e-03 4.064511508e-03
 1.899501542e-03-2.569103381e-04-2.171764150e-03-3.579106182e-03-4.275354091e-03
-4.132654518e-03-3.071311396e-03-1.041852403e-03 1.971970778e-03 5.926745012e-03
 1.067676954e-02 1.597191766e-02 2.155956253e-02 2.728429809e-02 3.308705613e-02
 3.896579146e-02 4.494597018e-02 5.106297880e-02 5.734578520e-02 6.375496835e-02
 7.000198960e-02 7.589663565e-02 8.141025901e-02 8.653371036e-02 9.126144648e-02
 9.561644495e-02 9.982906282e-02 1.042204201e-01 1.088548601e-01 1.137337089e-01
 1.188476682e-01 1.241845936e-01 1.297308207e-01 1.354707778e-01 1.413860023e-01
 1.474542916e-01 1.536486149e-01 1.599364579e-01 1.662789881e-01 1.726308614e-01
 1.789399385e-01 1.851478666e-01 1.911910772e-01 1.970028281e-01 2.025157809e-01
 2.076654136e-01 2.123937905e-01 2.166530788e-01 2.204086334e-01 2.236409783e-01
 2.263464928e-01 2.285366505e-01 2.302361727e-01 2.314801216e-01 2.323107272e-01
 1.984109730e-02 1.658545807e-02 1.384570077e-02 1.155584026e-02 9.602405131e-03
 8.059360087e-03 6.834879518e-03 5.740175489e-03 4.663360305e-03 3.591652494e-03
 2.554113511e-03 1.622967073e-03 9.053954855e-04 5.238180165e-04 5.935631925e-04
 1.208329340e-03 2.434628084e-03 4.309763201e-03 6.838800386e-03 9.990351275e-03
 1.369600557e-02 1.786049455e-02 2.238303795e-02 2.717867866e-02 3.218811750e-02
 3.737540543e-02 4.271908104e-02 4.820058867e-02 5.379085243e-02 5.943797529e-02
 6.506998837e-02 7.062031329e-02 7.604848593e-02 8.134224266e-02 8.651691675e-02
 9.161996841e-02 9.673053026e-02 1.019362956e-01 1.073040888e-01 1.128737181e-01
 1.186656579e-01 1.246884316e-01 1.309426427e-01 1.374227703e-01 1.441175938e-01
 1.510099024e-01 1.580755413e-01 1.652824432e-01 1.725893170e-01 1.799443513e-01
 1.872843057e-01 1.945341825e-01 2.016080022e-01 2.084112167e-01 2.148449123e-01
 2.208117098e-01 2.262228876e-01 2.310055792e-01 2.351088226e-01 2.385075390e-01
 2.412036359e-01 2.432242185e-01 2.446172237e-01 2.454454601e-01 2.457800955e-01
 1.146863215e-02 7.848031819e-03 5.616475828e-03 4.450800829e-03 3.855315270e-03
 3.602442797e-03 3.451972967e-03 3.311470151e-03 3.147371579e-03 2.963974141e-03
 2.793835476e-03 2.691533882e-03 2.726929728e-03 2.976902295e-03 3.516612807e-03
 4.411995411e-03 5.714351777e-03 7.456899621e-03 9.652858600e-03 1.229520421e-02
 1.535877399e-02 1.880523935e-02 2.259013429e-02 2.666977607e-02 3.100582212e-02
 3.556646407e-02 4.032474756e-02 4.525531083e-02 5.033101887e-02 5.552157760e-02
 6.079566479e-02 6.612621248e-02 7.149608433e-02 7.690182328e-02 8.235511184e-02
 8.788207173e-02 9.351979196e-02 9.930983186e-02 1.052912474e-01 1.114961281e-01
 1.179484054e-01 1.246643811e-01 1.316536367e-01 1.389196217e-01 1.464597285e-01
 1.542645097e-01 1.623166054e-01 1.705887914e-01 1.790415943e-01 1.876202971e-01
 1.962518394e-01 2.048420310e-01 2.132741511e-01 2.214107215e-01 2.290992439e-01
 2.361832261e-01 2.425166965e-01 2.479795814e-01 2.524908185e-01 2.560166121e-01
 2.585724592e-01 2.602187395e-01 2.610501349e-01 2.611819506e-01 2.607363760e-01
-1.778651727e-03-7.376859896e-03-6.547303870e-03-4.211603664e-03-2.455416368e-03
-1.042917487e-03 9.404229058e-05 1.000287943e-03 1.719536958e-03 2.300545108e-03
 2.798489761e-03 3.274248447e-03 3.792280797e-03 4.417533986e-03 5.211886019e-03
 6.230686326e-03 7.519854698e-03 9.113831446e-03 1.103455387e-02 1.329159178e-02
 1.588341780e-02 1.879970729e-02 2.202424593e-02 2.553783171e-02 2.932055295e-02
 3.335308284e-02 3.761703894e-02 4.209472239e-02 4.676886648e-02 5.162293464e-02
 5.664223060e-02 6.181572750e-02 6.713803113e-02 7.261089981e-02 7.824386656e-02
 8.405374736e-02 9.006307274e-02 9.629775584e-02 1.027845442e-01 1.095488966e-01
 1.166136861e-01 1.239984930e-01 1.317193657e-01 1.397884786e-01 1.482136548e-01
 1.569974422e-01 1.661353707e-01 1.756134033e-01 1.854040921e-01 1.954611242e-01
 2.057120204e-01 2.160493135e-01 2.263213396e-01 2.363269031e-01 2.458195537e-01
 2.545279562e-01 2.621903718e-01 2.685917020e-01 2.735916376e-01 2.771416306e-01
 2.792898715e-01 2.801718712e-01 2.799840569e-01 2.789475024e-01 2.772757411e-01
-1.154126227e-02-1.826070994e-02-1.600436121e-02-1.119217463e-02-7.487669587e-03
-4.610223696e-03-2.351910807e-03-5.697859451e-04 8.446603315e-04 1.982146176e-03
 2.923791297e-03 3.744818503e-03 4.515820649e-03 5.302824080e-03 6.166594569e-03
 7.161561865e-03 8.334634826e-03 9.724127129e-03 1.135933213e-02 1.326086838e-02
 1.544147171e-02 1.790713519e-02 2.065849863e-02 2.369228750e-02 2.700265869e-02
 3.058229573e-02 3.442317992e-02 3.851713613e-02 4.285633564e-02 4.743388295e-02
 5.224458128e-02 5.728582293e-02 6.255849451e-02 6.806761026e-02 7.382261753e-02
 7.983729243e-02 8.612910658e-02 9.271841496e-02 9.962742031e-02 1.068792716e-01
 1.144974381e-01 1.225052029e-01 1.309254467e-01 1.397804022e-01 1.490913630e-01
 1.588780284e-01 1.691573113e-01 1.799410284e-01 1.912319958e-01 2.030173242e-01
 2.152569890e-01 2.278653383e-01 2.406826615e-01 2.534375191e-01 2.657156587e-01
 2.769872546e-01 2.867264152e-01 2.945255637e-01 3.001328707e-01 3.034650087e-01
 3.046323657e-01 3.039528131e-01 3.018799424e-01 2.988660932e-01 2.952807546e-01
-1.532815397e-02-2.238086239e-02-1.946113259e-02-1.391999424e-02-9.430374950e-03
-5.829878151e-03-2.971632872e-03-7.197160739e-04 1.046844758e-03 2.435067203e-03
 3.540227888e-03 4.447802436e-03 5.234306678e-03 5.969122984e-03 6.715355441e-03
 7.530195639e-03 8.464677259e-03 9.561780840e-03 1.085613295e-02 1.237582136e-02
 1.414300315e-02 1.617436111e-02 1.848167181e-02 2.107251249e-02 2.395115979e-02
 2.711969241e-02 3.057879396e-02 3.432836384e-02 3.836808726e-02 4.269802570e-02
 4.731924087e-02 5.223439634e-02 5.744827166e-02 6.296820939e-02 6.880439818e-02
 7.496996224e-02 8.148087561e-02 8.835579455e-02 9.561578184e-02 1.032841206e-01
 1.113862768e-01 1.199499443e-01 1.290053129e-01 1.385855079e-01 1.487270892e-01
 1.594706327e-01 1.708613336e-01 1.829492003e-01 1.957885325e-01 2.094357610e-01
 2.239431739e-01 2.393432260e-01 2.556102872e-01 2.725705504e-01 2.896996737e-01
 3.055172861e-01 3.187125623e-01 3.287161291e-01 3.351674676e-01 3.378513455e-01
 3.367446661e-01 3.325584531e-01 3.268677592e-01 3.205400109e-01 3.140859008e-01
-1.388848666e-02-2.089978755e-02-1.808833331e-02-1.244947501e-02-7.835052907e-03
-4.138722084e-03-1.234982163e-03 1.005733851e-03 2.706485800e-03 3.979342524e-03
 4.924909212e-03 5.634618457e-03 6.183472462e-03 6.640428677e-03 7.069026120e-03
 7.529506460e-03 8.083098568e-03 8.777773008e-03 9.646402672e-03 1.072180271e-02
 1.203337125e-02 1.360598207e-02 1.545959711e-02 1.760914922e-02 2.006495371e-02
 2.283558622e-02 2.592830360e-02 2.934912406e-02 3.310313821e-02 3.719525039e-02
 4.163073748e-02 4.641564935e-02 5.155719817e-02 5.706419796e-02 6.294739991e-02
 6.921981275e-02 7.589684427e-02 8.299651742e-02 9.053961933e-02 9.854997694e-02
 1.070548147e-01 1.160853952e-01 1.256777942e-01 1.358741075e-01 1.467241049e-01
 1.582872421e-01 1.706357598e-01 1.838586181e-01 1.980671883e-01 2.134034783e-01
 2.300527394e-01 2.482641935e-01 2.683899701e-01 2.909796238e-01 3.165003061e-01
 3.395626545e-01 3.577697873e-01 3.709902763e-01 3.789418340e-01 3.809744120e-01
 3.768814504e-01 3.657295108e-01 3.534246087e-01 3.421146870e-01 3.319051266e-01
-7.904550061e-03-1.471898146e-02-1.214150153e-02-6.784232333e-03-2.558284439e-03
 6.705166306e-04 3.070958424e-03 4.798860289e-03 5.989411846e-03 6.756708026e-03
 7.195361424e-03 7.426030934e-03 7.483717054e-03 7.433844265e-03 7.332231849e-03
 7.226717658e-03 7.238548249e-03 7.425992750e-03 7.766258903e-03 8.308513090e-03
 9.092977270e-03 1.015362702e-02 1.151863765e-02 1.320845075e-02 1.522904076e-02
 1.759381965e-02 2.031636797e-02 2.340763435e-02 2.687543072e-02 3.072762489e-02
 3.497228399e-02 3.961746395e-02 4.467138648e-02 5.014315993e-02 5.604327470e-02
 6.238405406e-02 6.917997450e-02 7.644797117e-02 8.420786262e-02 9.248279035e-02
 1.012999490e-01 1.106913909e-01 1.206952929e-01 1.313575357e-01 1.427339464e-01
 1.548933685e-01 1.679219455e-01 1.819293648e-01 1.970578432e-01 2.134959698e-01
 2.315002531e-01 2.514299750e-01 2.738047838e-01 2.993882298e-01 3.292325735e-01
 3.598234057e-01 3.835601211e-01 4.003375471e-01 4.102979600e-01 4.133309126e-01
 4.084426165e-01 3.950686753e-01 3.756579459e-01 3.592466116e-01 3.454993069e-01
 2.820989583e-03-3.754170146e-03-1.027605846e-03 3.518271493e-03 6.610976532e-03
 8.650221862e-03 9.912325069e-03 1.059146039e-02 1.082719211e-02 1.072458178e-02
 1.036694460e-02 9.824628010e-03 9.150674567e-03 8.392181247e-03 7.590633817e-03
 6.782415323e-03 6.085708737e-03 5.545148626e-03 5.196120590e-03 5.078588147e-03
 5.233361386e-03 5.701437593e-03 6.525496021e-03 7.754595485e-03 9.312488139e-03
 1.124345511e-02 1.357721165e-02 1.633124799e-02 1.950473711e-02 2.310797945e-02
 2.715259977e-02 3.164803237e-02 3.660107031e-02 4.201930016e-02 4.791160673e-02
 5.428858846e-02 6.116277352e-02 6.854887307e-02 7.646416128e-02 8.492904902e-02
 9.396779537e-02 1.036094427e-01 1.138889641e-01 1.248487979e-01 1.365409195e-01
 1.490296125e-01 1.623951197e-01 1.767388284e-01 1.921903789e-01 2.089173496e-01
 2.271388769e-01 2.471431345e-01 2.693083286e-01 2.941228151e-01 3.221978545e-01
 3.540781736e-01 3.811969161e-01 4.006541669e-01 4.127155840e-01 4.174664021e-01
 4.150984883e-01 4.046058357e-01 3.857971430e-01 3.665503860e-01 3.511349559e-01
 2.185496874e-02 1.663107425e-02 1.742130890e-02 1.912102289e-02 1.958771050e-02
 1.941454783e-02 1.882799529e-02 1.794366166e-02 1.683384739e-02 1.555074006e-02
 1.413595676e-02 1.262478717e-02 1.104761846e-02 9.431797080e-03 7.802337408e-03
 6.182191893e-03 4.685032181e-03 3.355610650e-03 2.236556262e-03 1.369876554e-03
 7.968785940e-04 5.575685063e-04 6.894812686e-04 1.225010143e-03 2.184560988e-03
 3.599237185e-03 5.505683832e-03 7.948547602e-03 1.081386767e-02 1.414944511e-02
 1.798294671e-02 2.232664078e-02 2.717366442e-02 3.252846003e-02 3.839680925e-02
 4.478702694e-02 5.170901120e-02 5.917392671e-02 6.719473004e-02 7.578679919e-02
 8.496852219e-02 9.476208687e-02 1.051942408e-01 1.162973493e-01 1.281105876e-01
 1.406814903e-01 1.540677398e-01 1.683393121e-01 1.835809201e-01 1.998944283e-01
 2.174008638e-01 2.362406999e-01 2.565715909e-01 2.785627246e-01 3.023943305e-01
 3.283154368e-01 3.547951579e-01 3.738307953e-01 3.863980770e-01 3.930120766e-01
 3.934469819e-01 3.881957531e-01 3.764303327e-01 3.596960902e-01 3.462635875e-01
 4.899203777e-02 4.733562469e-02 4.249896109e-02 3.798603266e-02 3.451054543e-02
 3.148433566e-02 2.867488377e-02 2.597504109e-02 2.333088964e-02 2.071488276e-02
 1.811408252e-02 1.552428864e-02 1.294678636e-02 1.038654335e-02 7.851015776e-03
 5.349064246e-03 2.990184817e-03 8.172719390e-04-1.127036288e-03-2.800420858e-03
-4.161162302e-03-5.168595351e-03-5.783720873e-03-5.969895981e-03-5.693165585e-03
-4.920442589e-03-3.620912787e-03-1.769923954e-03 6.419863785e-04 3.637387417e-03
 7.242137566e-03 1.148356684e-02 1.623314433e-02 2.152780443e-02 2.736629918e-02
 3.375796229e-02 4.071145505e-02 4.823251814e-02 5.632784963e-02 6.500563771e-02
 7.427611947e-02 8.415187895e-02 9.464816749e-02 1.057832241e-01 1.175784767e-01
 1.300586462e-01 1.432515979e-01 1.571875811e-01 1.718977243e-01 1.874106377e-01
 2.037463784e-01 2.209053934e-01 2.388487905e-01 2.574624419e-01 2.764861882e-01
 2.953598499e-01 3.129528761e-01 3.277768493e-01 3.389410675e-01 3.461639583e-01
 3.494336009e-01 3.489336967e-01 3.451560736e-01 3.391786516e-01 3.325196505e-01
 6.811346114e-02 6.754560769e-02 6.100473553e-02 5.388874561e-02 4.788135737e-02
 4.264555871e-02 3.793906420e-02 3.359765187e-02 2.951197140e-02 2.560886927e-02
 2.183910087e-02 1.816958934e-02 1.457856968e-02 1.105267927e-02 7.585641928e-03
 4.178910051e-03 9.366294835e-04-2.101738239e-03-4.894870333e-03-7.400790229e-03
-9.577545337e-03-1.138366666e-02-1.277853549e-02-1.372267678e-02-1.417795289e-02
-1.410765853e-02-1.347707585e-02-1.225436106e-02-1.041108184e-02-7.920023985e-03
-4.756959155e-03-9.042845340e-04 3.642467782e-03 8.907088079e-03 1.470775902e-02
 2.109503374e-02 2.808422223e-02 3.566182405e-02 4.382647574e-02 5.257742479e-02
 6.191565469e-02 7.184314728e-02 8.236270398e-02 9.347764403e-02 1.051912755e-01
 1.175060049e-01 1.304219067e-01 1.439344585e-01 1.580312550e-01 1.726866066e-01
 1.878538430e-01 2.034536898e-01 2.193573266e-01 2.353632003e-01 2.511684000e-01
 2.663462162e-01 2.803621888e-01 2.926634848e-01 3.028063774e-01 3.105313480e-01
 3.157728314e-01 3.186525106e-01 3.194755316e-01 3.187028170e-01 3.168570995e-01
 8.020681143e-02 7.991208136e-02 7.334637642e-02 6.533857435e-02 5.811979622e-02
 5.157224089e-02 4.556460306e-02 3.998034820e-02 3.472375125e-02 2.971924469e-02
 2.490836382e-02 2.024625055e-02 1.569848508e-02 1.123826578e-02 6.843657233e-03
 2.572186291e-03-1.530289417e-03-5.419806112e-03-9.053096175e-03-1.238726173e-02
-1.537976041e-02-1.798847504e-02-2.017181739e-02-2.188881673e-02-2.309922129e-02
-2.376363240e-02-2.384376898e-02-2.330282703e-02-2.210588008e-02-2.022033185e-02
-1.761713810e-02-1.427278109e-02-1.017173380e-02-5.308488384e-03 3.009688808e-04
 6.656276993e-03 1.375490986e-02 2.141864598e-02 2.967922203e-02 3.852299601e-02
 4.794444144e-02 5.793553591e-02 6.848764420e-02 7.959096134e-02 9.123362601e-02
 1.034003496e-01 1.160706654e-01 1.292164922e-01 1.427987665e-01 1.567632109e-01
 1.710346043e-01 1.855098605e-01 2.000503093e-01 2.144742459e-01 2.285531759e-01
 2.420165837e-01 2.545703351e-01 2.659296393e-01 2.758572996e-01 2.841951847e-01
 2.908813655e-01 2.959536612e-01 2.995403707e-01 3.018378913e-01 3.030760288e-01
 8.859544247e-02 8.843334019e-02 8.158029616e-02 7.314336300e-02 6.530873477e-02
 5.801367015e-02 5.118284747e-02 4.473927617e-02 3.861165792e-02 3.273760900e-02
 2.706434205e-02 2.154797688e-02 1.615230925e-02 1.084740460e-02 5.608282983e-03
 5.044776481e-04-4.421502817e-03-9.126426652e-03-1.356702112e-02-1.770026609e-02
-2.148350701e-02-2.487451211e-02-2.783143520e-02-3.031280264e-02-3.227747977e-02
-3.368467093e-02-3.449404240e-02-3.466589376e-02-3.416151926e-02-3.294377401e-02
-3.097796440e-02-2.823309973e-02-2.468342707e-02-2.031007968e-02-1.510282233e-02
-9.059071541e-03-2.189578256e-03 5.471981131e-03 1.390064601e-02 2.287931740e-02
 3.243381903e-02 4.253925383e-02 5.317739770e-02 6.432849169e-02 7.596984506e-02
 8.807455003e-02 1.006097496e-01 1.135347188e-01 1.267985702e-01 1.403374970e-01
 1.540717483e-01 1.679025441e-01 1.817094982e-01 1.953497231e-01 2.086594701e-01
 2.214600444e-01 2.335681468e-01 2.448102534e-01 2.550379634e-01 2.641414106e-01
 2.720578015e-01 2.787740827e-01 2.843232155e-01 2.887750566e-01 2.922235131e-01
 9.381677210e-02 9.366111457e-02 8.658711612e-02 7.795230299e-02 6.982363760e-02
 6.213388219e-02 5.481955782e-02 4.782056436e-02 4.108249396e-02 3.455701843e-02
 2.820174396e-02 2.197976783e-02 1.585915312e-02 9.812253527e-03 3.814760596e-03
-2.048362978e-03-7.732336409e-03-1.319266204e-02-1.838533208e-02-2.326698229e-02
-2.779491432e-02-3.192705289e-02-3.562179953e-02-3.883789107e-02-4.153420776e-02
-4.366965592e-02-4.520310462e-02-4.609341919e-02-4.629963264e-02-4.578132927e-02
-4.449925199e-02-4.241617396e-02-3.949805349e-02-3.571545333e-02-3.104523756e-02
-2.547259815e-02-1.899417862e-02-1.162174158e-02-3.384757787e-03 5.658741109e-03
 1.545518078e-02 2.575833350e-02 3.656964749e-02 4.786413163e-02 5.961284786e-02
 7.178292423e-02 8.433570713e-02 9.722574800e-02 1.103996783e-01 1.237948462e-01
 1.373379529e-01 1.509438753e-01 1.645151824e-01 1.779426336e-01 1.911070943e-01
 2.038832009e-01 2.161446065e-01 2.277702689e-01 2.386510074e-01 2.486949563e-01
 2.578314245e-01 2.660124600e-01 2.732121646e-01 2.794246674e-01 2.846610844e-01
 9.581191838e-02 9.547774494e-02 8.867029101e-02 8.012053370e-02 7.200141251e-02
 6.421008706e-02 5.667831004e-02 4.936009645e-02 4.221884161e-02 3.522229940e-02
 2.834093943e-02 2.154760435e-02 1.481768023e-02 8.129851893e-03 1.468063332e-03
-5.066151265e-03-1.142616011e-02-1.756559871e-02-2.343912795e-02-2.900266647e-02
-3.421334922e-02-3.902935609e-02-4.340963811e-02-4.731361195e-02-5.070083588e-02
-5.353073403e-02-5.576236546e-02-5.735428631e-02-5.826453120e-02-5.845077336e-02
-5.787070096e-02-5.648259819e-02-5.424626172e-02-5.112417787e-02-4.708311707e-02
-4.209618270e-02-3.614532948e-02-2.922438458e-02-2.134223469e-02-1.252636127e-02
-2.824249910e-03 7.688573562e-03 1.877751201e-02 3.033184446e-02 4.231623560e-02
 5.469831079e-02 6.743700802e-02 8.048601449e-02 9.379413724e-02 1.073047668e-01
 1.209551543e-01 1.346758753e-01 1.483907998e-01 1.620174646e-01 1.754681915e-01
 1.886516511e-01 2.014748752e-01 2.138453424e-01 2.256728262e-01 2.368704677e-01
 2.473552823e-01 2.570482492e-01 2.658743858e-01 2.737644315e-01 2.806581259e-01
 9.484270215e-02 9.397225082e-02 8.770793676e-02 7.998804748e-02 7.229392231e-02
 6.465510279e-02 5.709491670e-02 4.961744696e-02 4.221639782e-02 3.487957641e-02
 2.759122476e-02 2.033339441e-02 1.308652572e-02 5.829203408e-03-1.383067574e-03
-8.489588276e-03-1.543538831e-02-2.216947265e-02-2.864396945e-02-3.481357545e-02
-4.063511267e-02-4.606707394e-02-5.106915906e-02-5.560180545e-02-5.962572992e-02
-6.310145557e-02-6.598897278e-02-6.824741513e-02-6.983485073e-02-7.070827484e-02
-7.082370669e-02-7.013659179e-02-6.860239804e-02-6.617760658e-02-6.282100081e-02
-5.849546939e-02-5.317025632e-02-4.682371020e-02-3.944663703e-02-3.104615584e-02
-2.165015787e-02-1.131312363e-02-1.224716834e-04 1.183005888e-02 2.417594194e-02
 3.692455962e-02 5.002005398e-02 6.341384351e-02 7.705892622e-02 9.090721607e-02
 1.049082726e-01 1.190087050e-01 1.331520081e-01 1.472786814e-01 1.613264233e-01
 1.752304137e-01 1.889232397e-01 2.023342401e-01 2.153880149e-01 2.280017138e-01
 2.400812805e-01 2.515172362e-01 2.621819377e-01 2.719308138e-01 2.806120813e-01
 9.332984686e-02 9.201253206e-02 8.622688055e-02 7.899376005e-02 7.158087194e-02
 6.406351924e-02 5.649885908e-02 4.891563952e-02 4.132481664e-02 3.372667730e-02
 2.611489221e-02 1.847890392e-02 1.080525201e-02 3.078062553e-03-4.615395330e-03
-1.221488416e-02-1.966404915e-02-2.691036463e-02-3.390486538e-02-4.060176387e-02
-4.695797712e-02-5.293259770e-02-5.848635733e-02-6.358100474e-02-6.817872822e-02
-7.224161923e-02-7.573109865e-02-7.860755175e-02-8.082988113e-02-8.235534281e-02
-8.313948661e-02-8.313626051e-02-8.229841292e-02-8.057817817e-02-7.792830467e-02
-7.430350780e-02-6.966239214e-02-6.396998465e-02-5.720071495e-02-4.934223741e-02
-4.039976001e-02-3.040110320e-02-1.940208301e-02-7.491827477e-03 5.192835815e-03
 1.851511188e-02 3.214615583e-02 4.605566710e-02 6.021038070e-02 7.457533479e-02
 8.911448717e-02 1.037909836e-01 1.185674667e-01 1.334062666e-01 1.482694149e-01
 1.631183624e-01 1.779129207e-01 1.926093102e-01 2.071563005e-01 2.214889228e-01
 2.355186492e-01 2.491194606e-01 2.621103525e-01 2.742407024e-01 2.851971388e-01
 9.263814986e-02 9.119296074e-02 8.528499305e-02 7.790954411e-02 7.043331861e-02
 6.286989152e-02 5.523252487e-02 4.753176123e-02 3.977261484e-02 3.195469826e-02
 2.407331020e-02 1.612083986e-02 8.088393137e-03-3.154871229e-05-8.127863519e-03
-1.614050567e-02-2.401251718e-02-3.169069439e-02-3.912567720e-02-4.627168924e-02
-5.308612436e-02-5.952895433e-02-6.556214392e-02-7.114896923e-02-7.625334710e-02
-8.083917201e-02-8.486968279e-02-8.830691874e-02-9.111119807e-02-9.324079752e-02
-9.465163946e-02-9.529727697e-02-9.512904286e-02-9.409645200e-02-9.214791656e-02
-8.923192322e-02-8.529851586e-02-8.030144870e-02-7.420083135e-02-6.696641445e-02
-5.858158693e-02-4.904785752e-02-3.838989884e-02-2.666068077e-02-1.394633856e-02
-3.673524188e-04 1.391192153e-02 2.845890820e-02 4.324944317e-02 5.825969577e-02
 7.346677780e-02 8.884943277e-02 1.043886542e-01 1.200682595e-01 1.358753741e-01
 1.518005431e-01 1.678374410e-01 1.839813143e-01 2.002258301e-01 2.165566385e-01
 2.329394519e-01 2.492972910e-01 2.654680908e-01 2.811188102e-01 2.955825329e-01
 9.174022824e-02 9.017947316e-02 8.392792195e-02 7.642586529e-02 6.885123998e-02
 6.119677052e-02 5.346018821e-02 4.563840851e-02 3.772692755e-02 2.971941233e-02
 2.160750702e-02 1.338060573e-02 5.025132559e-03-3.397635650e-03-1.181536727e-02
-2.016284503e-02-2.838059142e-02-3.641423211e-02-4.421402887e-02-5.173441768e-02
-5.893344432e-02-6.577213854e-02-7.221384346e-02-7.822348177e-02-8.376678079e-02
-8.880960941e-02-9.331721067e-02-9.725353867e-02-1.005807072e-01-1.032584533e-01
-1.052437574e-01-1.064906046e-01-1.069499254e-01-1.065697819e-01-1.052957922e-01
-1.030719280e-01-9.984174371e-02-9.555001557e-02-9.014496952e-02-8.358116448e-02
-7.582297921e-02-6.684882939e-02-5.665598810e-02-4.526595026e-02-3.273018822e-02
-1.913600229e-02-4.613148980e-03 1.066042762e-02 2.617376484e-02 4.191187769e-02
 5.786285549e-02 7.401880622e-02 9.037699550e-02 1.069410741e-01 1.237224787e-01
 1.407419443e-01 1.580311060e-01 1.756341010e-01 1.936090589e-01 2.120289505e-01
 2.309813201e-01 2.505646944e-01 2.708747983e-01 2.919310033e-01 3.126851320e-01
 8.997503668e-02 8.824379742e-02 8.203748614e-02 7.444703579e-02 6.679519266e-02
 5.906970054e-02 5.125582963e-02 4.333960637e-02 3.530822694e-02 2.714978904e-02
 1.885285228e-02 1.040616445e-02 1.798855606e-03-6.878022105e-03-1.555663534e-02
-2.417316660e-02-3.266854584e-02-4.098863900e-02-4.908408597e-02-5.690994114e-02
-6.442517042e-02-7.159200311e-02-7.837524265e-02-8.474146575e-02-9.065829217e-02
-9.609355778e-02-1.010145545e-01-1.053873077e-01-1.091758907e-01-1.123418137e-01
-1.148435324e-01-1.166360676e-01-1.176707298e-01-1.178951561e-01-1.172534227e-01
-1.156866476e-01-1.131337360e-01-1.095327660e-01-1.048227698e-01-9.894615412e-02
-9.185183048e-02-8.349899948e-02-7.386186719e-02-6.293500960e-02-5.073947087e-02
-3.732953966e-02-2.279975265e-02-7.291736081e-03 8.999940939e-03 2.551015094e-02
 4.223470017e-02 5.917538702e-02 7.634155452e-02 9.375205636e-02 1.114375293e-01
 1.294434965e-01 1.478340626e-01 1.666972637e-01 1.861520112e-01 2.063585073e-01
 2.275337577e-01 2.499777377e-01 2.741238177e-01 3.006517291e-01 3.283337355e-01
 8.769589663e-02 8.579468727e-02 7.952351868e-02 7.189668715e-02 6.423624605e-02
 5.650711432e-02 4.867662117e-02 4.071978480e-02 3.261747956e-02 2.435424924e-02
 1.591667533e-02 7.292303257e-03-1.500495244e-03-1.037028246e-02-1.924927719e-02
-2.807391249e-02-3.678544238e-02-4.533016682e-02-5.365931988e-02-6.172876433e-02
-6.949847937e-02-7.693194598e-02-8.399540186e-02-9.065707028e-02-9.688636661e-02
-1.026530564e-01-1.079264432e-01-1.126746088e-01-1.168636382e-01-1.204569638e-01
-1.234147847e-01-1.256935149e-01-1.272454560e-01-1.280185878e-01-1.279564798e-01
-1.269987226e-01-1.250813007e-01-1.221376508e-01-1.181001291e-01-1.129019856e-01
-1.064801067e-01-9.877844900e-02-8.975240588e-02-7.937400043e-02-6.763806939e-02
-5.456912518e-02-4.022892937e-02-2.472418547e-02-8.213764057e-03 9.085236117e-03
 2.657913789e-02 4.427423328e-02 6.218567491e-02 8.033972979e-02 9.877657890e-02
 1.175539047e-01 1.367516518e-01 1.564787030e-01 1.768821925e-01 1.981611252e-01
 2.205853462e-01 2.445211411e-01 2.704610825e-01 2.990431190e-01 3.296157718e-01
 8.482111990e-02 8.275026828e-02 7.617117465e-02 6.867310405e-02 6.116994843e-02
 5.356465280e-02 4.581141099e-02 3.788502514e-02 2.976897545e-02 2.145034447e-02
 1.291738637e-02 4.157909658e-03-4.762812518e-03-1.377046108e-02-2.279579639e-02
-3.177475929e-02-4.064865038e-02-4.936411232e-02-5.787297338e-02-6.613191962e-02
-7.410192490e-02-8.174766600e-02-8.903674036e-02-9.593892097e-02-1.024252772e-01
-1.084673703e-01-1.140364185e-01-1.191024333e-01-1.236334965e-01-1.275949776e-01
-1.309488863e-01-1.336533129e-01-1.356618702e-01-1.369234622e-01-1.373820007e-01
-1.369765401e-01-1.356415451e-01-1.333076060e-01-1.299026012e-01-1.253532767e-01
-1.195876449e-01-1.125380918e-01-1.041452438e-01-9.436301887e-02-8.316451311e-02
-7.054892182e-02-5.654932559e-02-4.124097526e-02-2.474956959e-02-7.258911617e-03
 1.098320819e-02 2.938124537e-02 4.794880003e-02 6.671036780e-02 8.570411801e-02
 1.049844921e-01 1.246256828e-01 1.447268426e-01 1.654193848e-01 1.868778318e-01
 2.093357742e-01 2.331103981e-01 2.586407363e-01 2.865435183e-01 3.163764477e-01
 7.970265299e-02 7.701025158e-02 7.155549526e-02 6.484662741e-02 5.777392536e-02
 5.042869598e-02 4.283268750e-02 3.499188274e-02 2.690614760e-02 1.857225969e-02
 9.985283017e-03 1.139607164e-03-7.871366106e-03-1.697520912e-02-2.610342577e-02
-3.519237041e-02-4.418373853e-02-5.302468687e-02-6.166769192e-02-7.007022202e-02
-7.819421589e-02-8.600541949e-02-9.347268939e-02-1.005671620e-01-1.072614342e-01
-1.135286689e-01-1.193417907e-01-1.246726364e-01-1.294911057e-01-1.337644458e-01
-1.374565065e-01-1.405270696e-01-1.429313123e-01-1.446194053e-01-1.455361545e-01
-1.456208527e-01-1.448075324e-01-1.430253536e-01-1.401994675e-01-1.362523884e-01
-1.311059743e-01-1.246841848e-01-1.169166416e-01-1.077432781e-01-9.711997211e-02
-8.502532542e-02-7.146851718e-02-5.649786070e-02-4.020994157e-02-2.275843173e-02
-4.361961503e-03 1.469032280e-02 3.382817283e-02 5.306525901e-02 7.242946327e-02
 9.196066111e-02 1.117108911e-01 1.317456812e-01 1.521460414e-01 1.730109453e-01
 1.944605708e-01 2.166414261e-01 2.397392094e-01 2.640362680e-01 2.895291746e-01
 7.602833211e-02 7.308769226e-02 6.774455309e-02 6.136288494e-02 5.457937345e-02
 4.744279385e-02 3.998751193e-02 3.223241493e-02 2.418624982e-02 1.585149765e-02
 7.226715796e-03-1.665136544e-03-1.072992105e-02-1.989443414e-02-2.908997238e-02
-3.825300559e-02-4.732553661e-02-5.625518784e-02-6.499504298e-02-7.350329310e-02
-8.174271882e-02-8.968004584e-02-9.728521109e-02-1.045305282e-01-1.113899052e-01
-1.178379357e-01-1.238490343e-01-1.293966323e-01-1.344522983e-01-1.389849782e-01
-1.429602504e-01-1.463395655e-01-1.490797698e-01-1.511324197e-01-1.524434984e-01
-1.529531777e-01-1.525957435e-01-1.512999535e-01-1.489896327e-01-1.455847919e-01
-1.410033703e-01-1.351635456e-01-1.279871017e-01-1.194036752e-01-1.093560606e-01
-9.780676663e-02-8.474576473e-02-7.019915432e-02-5.423867330e-02-3.699147701e-02
-1.864952222e-02 5.219528102e-04 2.017724887e-02 3.978797421e-02 5.938008428e-02
 7.897876203e-02 9.860964119e-02 1.182981730e-01 1.380667686e-01 1.579291523e-01
 1.778789759e-01 1.978676617e-01 2.177572101e-01 2.372168601e-01 2.555517554e-01
 7.354529202e-02 7.048802078e-02 6.499183923e-02 5.862493068e-02 5.191098526e-02
 4.485731944e-02 3.747470677e-02 2.977127209e-02 2.175132185e-02 1.341538876e-02
 4.760512151e-03-4.153225571e-03-1.324685663e-02-2.244628407e-02-3.168259561e-02
-4.089239985e-02-5.001804978e-02-5.900763720e-02-6.781481206e-02-7.639841735e-02
-8.472198993e-02-9.275306761e-02-1.004624739e-01-1.078235582e-01-1.148112938e-01
-1.214014590e-01-1.275697500e-01-1.332909465e-01-1.385380775e-01-1.432815641e-01
-1.474885195e-01-1.511220038e-01-1.541403383e-01-1.564965844e-01-1.581380814e-01
-1.590060294e-01-1.590355188e-01-1.581555903e-01-1.562896818e-01-1.533566415e-01
-1.492720693e-01-1.439505816e-01-1.373086572e-01-1.292687058e-01-1.197640374e-01
-1.087451056e-01-9.618704021e-02-8.209815621e-02-6.652945280e-02-4.958423972e-02
-3.142729774e-02-1.229169685e-02 7.518996485e-03 2.739997208e-02 4.712013155e-02
 6.668496132e-02 8.609545976e-02 1.053450927e-01 1.244150400e-01 1.432667971e-01
 1.618311405e-01 1.799920201e-01 1.975660324e-01 2.142835408e-01 2.297916710e-01
 7.145684958e-02 6.828989834e-02 6.284552813e-02 5.646455288e-02 4.976077378e-02
 4.273382574e-02 3.538243473e-02 2.770540491e-02 1.970079355e-02 1.136541180e-02
 2.694600960e-03-6.233504973e-03-1.534282137e-02-2.456083149e-02-3.381962329e-02
-4.305655882e-02-5.221460015e-02-6.124242023e-02-7.009424269e-02-7.872948050e-02
-8.711230755e-02-9.521090984e-02-1.029968560e-01-1.104442775e-01-1.175290346e-01
-1.242278069e-01-1.305173635e-01-1.363735497e-01-1.417705715e-01-1.466801167e-01
-1.510706246e-01-1.549064815e-01-1.581474245e-01-1.607478559e-01-1.626563519e-01
-1.638153642e-01-1.641609371e-01-1.636227667e-01-1.621245444e-01-1.595847905e-01
-1.559180021e-01-1.510367393e-01-1.448542029e-01-1.372880638e-01-1.282651424e-01
-1.177274212e-01-1.056393832e-01-9.199638665e-02-7.683430612e-02-6.023961306e-02
-4.235973209e-02-2.341262437e-02-3.695372958e-03 1.640772633e-02 3.621784225e-02
 5.572593957e-02 7.491791993e-02 9.377081692e-02 1.122485101e-01 1.302967966e-01
 1.478378475e-01 1.647647172e-01 1.809379309e-01 1.961870492e-01 2.103215754e-01
 6.992219388e-02 6.668671221e-02 6.117411703e-02 5.477418005e-02 4.807434231e-02
 4.106440395e-02 3.373532742e-02 2.607944980e-02 1.809004508e-02 9.760704823e-03
 1.084843650e-03-7.847024128e-03-1.696062647e-02-2.618483640e-02-3.545277938e-02
-4.470260069e-02-5.387789756e-02-6.292787194e-02-7.180722058e-02-8.047584444e-02
-8.889833838e-02-9.704341739e-02-1.048831642e-01-1.123922765e-01-1.195472479e-01
-1.263254583e-01-1.327044368e-01-1.386608779e-01-1.441698819e-01-1.492041051e-01
-1.537330151e-01-1.577221155e-01-1.611322463e-01-1.639189422e-01-1.660319865e-01
-1.674148440e-01-1.680045724e-01-1.677316576e-01-1.665203571e-01-1.642892957e-01
-1.609527171e-01-1.564221233e-01-1.506089568e-01-1.434279531e-01-1.348018348e-01
-1.246670634e-01-1.129808426e-01-9.972958267e-02-8.493833244e-02-6.868098676e-02
-5.109066516e-02-3.236903250e-02-1.279313583e-02 7.283146959e-03 2.719073370e-02
 4.666676745e-02 6.569492817e-02 8.425046504e-02 1.022970229e-01 1.197843179e-01
 1.366465986e-01 1.528020203e-01 1.681541055e-01 1.825957447e-01 1.960166693e-01
 6.873712689e-02 6.545154750e-02 5.986720696e-02 5.347716063e-02 4.680759832e-02
 3.983470425e-02 3.254224360e-02 2.491844445e-02 1.695422456e-02 8.641816676e-03
-2.613736433e-05-8.950486779e-03-1.805799082e-02-2.727834135e-02-3.654531017e-02
-4.579754546e-02-5.497903377e-02-6.403930485e-02-7.293333113e-02-8.162128180e-02
-9.006801993e-02-9.824253619e-02-1.061172187e-01-1.136671081e-01-1.208690852e-01
-1.277009994e-01-1.341408491e-01-1.401658654e-01-1.457517892e-01-1.508719623e-01
-1.554965675e-01-1.595918834e-01-1.631195992e-01-1.660361141e-01-1.682920456e-01
-1.698317826e-01-1.705931425e-01-1.705073565e-01-1.694993079e-01-1.674879789e-01
-1.643876880e-01-1.601096243e-01-1.545643359e-01-1.476650834e-01-1.393322647e-01
-1.294989586e-01-1.181180254e-01-1.051702350e-01-9.067374468e-02-7.469449937e-02
-5.735686794e-02-3.885410726e-02-1.945746318e-02 4.764072364e-04 2.049915493e-02
 3.997152299e-02 5.889370292e-02 7.725022733e-02 9.501256049e-02 1.121403277e-01
 1.285822839e-01 1.442778707e-01 1.591595411e-01 1.731565297e-01 1.861996502e-01
 6.761305034e-02 6.425385177e-02 5.880045518e-02 5.251787230e-02 4.594703019e-02
 3.905418515e-02 3.182480857e-02 2.425065637e-02 1.632520929e-02 8.042294532e-03
-6.044539623e-04-9.510608390e-03-1.860300079e-02-2.781142481e-02-3.706974536e-02
-4.631666094e-02-5.549621582e-02-6.455793977e-02-7.345683873e-02-8.215308189e-02
-9.061156213e-02-9.880130738e-02-1.066948026e-01-1.142672002e-01-1.214955002e-01
-1.283577532e-01-1.348321736e-01-1.408962756e-01-1.465261281e-01-1.516954005e-01
-1.563747078e-01-1.605307758e-01-1.641257703e-01-1.671165973e-01-1.694544554e-01
-1.710842550e-01-1.719443798e-01-1.719666123e-01-1.710762382e-01-1.691926718e-01
-1.662304401e-01-1.621007621e-01-1.567139626e-01-1.499827206e-01-1.418263912e-01
-1.321765780e-01-1.209838986e-01-1.082261950e-01-9.391786158e-02-7.812008262e-02
-6.095129997e-02-4.259725660e-02-2.331903391e-02-3.457620740e-03 1.656756364e-02
 3.600269556e-02 5.484139547e-02 7.306793332e-02 9.065709263e-02 1.075747758e-01
 1.237790883e-01 1.392220855e-01 1.538521647e-01 1.676170230e-01 1.804671586e-01
 6.654858589e-02 6.300041825e-02 5.794263259e-02 5.198833346e-02 4.557919875e-02
 3.878901154e-02 3.163384646e-02 2.411719784e-02 1.623805240e-02 7.993217558e-03
-6.218797062e-04-9.501540102e-03-1.857197657e-02-2.776249871e-02-3.700654581e-02
-4.624246433e-02-5.541395396e-02-6.447025388e-02-7.336609066e-02-8.206139505e-02
-9.052084386e-02-9.871329367e-02-1.066110581e-01-1.141891479e-01-1.214244962e-01
-1.282950640e-01-1.347790062e-01-1.408538818e-01-1.464957297e-01-1.516782790e-01
-1.563722193e-01-1.605443656e-01-1.641570032e-01-1.671672165e-01-1.695263684e-01
-1.711795479e-01-1.720653772e-01-1.721158624e-01-1.712565422e-01-1.694070548e-01
-1.664821804e-01-1.623933613e-01-1.570511162e-01-1.503682733e-01-1.422641873e-01
-1.326704472e-01-1.215374321e-01-1.088426188e-01-9.459974617e-02-7.886900008e-02
-6.176743656e-02-4.347872734e-02-2.426098287e-02-4.451011308e-03 1.553684287e-02
 3.492337093e-02 5.370093137e-02 7.185380161e-02 8.935786784e-02 1.061811596e-01
 1.222848818e-01 1.376252174e-01 1.521555334e-01 1.658291966e-01 1.786026359e-01
 6.692190468e-02 6.347791106e-02 5.824530125e-02 5.223489925e-02 4.586588591e-02
 3.913017735e-02 3.202787042e-02 2.455944940e-02 1.672409102e-02 8.519550785e-03
-5.775029422e-05-8.905796334e-03-1.794988848e-02-2.711847052e-02-3.634419665e-02
-4.556470364e-02-5.472305417e-02-6.376791000e-02-7.265347242e-02-8.133921027e-02
-8.978936076e-02-9.797237813e-02-1.058601886e-01-1.134274751e-01-1.206508130e-01
-1.275078654e-01-1.339765042e-01-1.400339603e-01-1.456559896e-01-1.508161128e-01
-1.554846764e-01-1.596283019e-01-1.632090062e-01-1.661836803e-01-1.685034335e-01
-1.701132208e-01-1.709515452e-01-1.709502935e-01-1.700350344e-01-1.681255251e-01
-1.651366949e-01-1.609804034e-01-1.555677205e-01-1.488122046e-01-1.406343281e-01
-1.309669614e-01-1.197622716e-01-1.069997996e-01-9.269586205e-02-7.691369951e-02
-5.977400392e-02-4.146485031e-02-2.224983089e-02-2.472520806e-03 1.744557917e-02
 3.677629679e-02 5.551480502e-02 7.364620268e-02 9.114558995e-02 1.079789400e-01
 1.241043508e-01 1.394738555e-01 1.540358514e-01 1.677381098e-01 1.805312186e-01
 6.773242354e-02 6.434267759e-02 5.915005505e-02 5.315397680e-02 4.680584744e-02
 4.009947181e-02 3.303082660e-02 2.559795044e-02 1.779940166e-02 9.633273818e-03
 1.096633496e-03-7.717273198e-03-1.673253253e-02-2.587640658e-02-3.508047760e-02
-4.428142309e-02-5.342144519e-02-6.244845316e-02-7.131594419e-02-7.998275012e-02
-8.841249347e-02-9.657302499e-02-1.044357419e-01-1.119747460e-01-1.191660911e-01
-1.259868741e-01-1.324144006e-01-1.384253502e-01-1.439949274e-01-1.490960121e-01
-1.536984593e-01-1.577682197e-01-1.612667739e-01-1.641503870e-01-1.663696766e-01
-1.678690314e-01-1.685865521e-01-1.684537679e-01-1.673960686e-01-1.653332114e-01
-1.621804237e-01-1.578500867e-01-1.522543430e-01-1.453082860e-01-1.369344890e-01
-1.270687580e-01-1.156669110e-01-1.027130634e-01-8.822908252e-02-7.228475809e-02
-5.500843376e-02-3.659730032e-02-1.732687093e-02 2.440011594e-03 2.224139869e-02
 4.149958491e-02 6.021873653e-02 7.838411629e-02 9.596691281e-02 1.129263118e-01
 1.292107403e-01 1.447594464e-01 1.595049798e-01 1.733766794e-01 1.863056719e-01
 6.917517632e-02 6.587111950e-02 6.064971536e-02 5.469039083e-02 4.837149009e-02
 4.168866575e-02 3.464201465e-02 2.723276615e-02 1.946202107e-02 1.132980268e-02
 2.834454179e-03-5.944586359e-03-1.492957026e-02-2.404619008e-02-3.322474286e-02
-4.240084440e-02-5.151578039e-02-6.051664799e-02-6.935617328e-02-7.799243927e-02
-8.638836443e-02-9.451107681e-02-1.023312584e-01-1.098222733e-01-1.169594079e-01
-1.237189919e-01-1.300775707e-01-1.360109448e-01-1.414935142e-01-1.464972943e-01
-1.509912014e-01-1.549403220e-01-1.583051980e-01-1.610412598e-01-1.630982012e-01
-1.644197106e-01-1.649431735e-01-1.645996869e-01-1.633143723e-01-1.610070467e-01
-1.575934589e-01-1.529870778e-01-1.471017599e-01-1.398551464e-01-1.311734170e-01
-1.209969893e-01-1.092876494e-01-9.603676200e-02-8.127468824e-02-6.508069485e-02
-4.759268090e-02-2.901537903e-02-9.624463506e-03 1.023798995e-02 2.976282313e-02
 4.890136048e-02 6.762164086e-02 8.589152247e-02 1.036708951e-01 1.209075078e-01
 1.375346184e-01 1.534701437e-01 1.686177403e-01 1.828708649e-01 1.961200237e-01
 7.107854635e-02 6.787133217e-02 6.280036271e-02 5.688475072e-02 5.058326945e-02
 4.390413314e-02 3.685691580e-02 2.945069782e-02 2.169233933e-02 1.358560100e-02
 5.130467936e-03-3.614841960e-03-1.256842166e-02-2.165404335e-02-3.080092557e-02
-3.994388133e-02-4.902350903e-02-5.798619986e-02-6.678399444e-02-7.537423819e-02
-8.371907473e-02-9.178482741e-02-9.954130650e-02-1.069610119e-01-1.140182763e-01
-1.206884533e-01-1.269470304e-01-1.327687800e-01-1.381269693e-01-1.429924667e-01
-1.473330259e-01-1.511125565e-01-1.542904228e-01-1.568209082e-01-1.586526930e-01
-1.597284973e-01-1.599850059e-01-1.593528390e-01-1.577570438e-01-1.551178545e-01
-1.513520926e-01-1.463750899e-01-1.401035786e-01-1.324592531e-01-1.233737767e-01
-1.127945930e-01-1.006922573e-01-8.706881106e-02-7.196725905e-02-5.548169464e-02
-3.776779026e-02-1.905297115e-02 3.535746946e-04 2.005016990e-02 3.944462538e-02
 5.854906887e-02 7.735572755e-02 9.584274888e-02 1.139734685e-01 1.316929460e-01
 1.489229798e-01 1.655568033e-01 1.814557612e-01 1.964509189e-01 2.103537321e-01
 7.379649580e-02 7.073175907e-02 6.573256850e-02 5.982504785e-02 5.348940194e-02
 4.675785452e-02 3.965950757e-02 3.221647441e-02 2.444359846e-02 1.634991914e-02
 7.940669544e-03-7.799692103e-04-9.700357914e-03-1.874727383e-02-2.785106003e-02
-3.694681078e-02-4.597497731e-02-5.488156527e-02-6.361804903e-02-7.214109600e-02
-8.041205257e-02-8.839637786e-02-9.606291354e-02-1.033830866e-01-1.103301272e-01
-1.168781966e-01-1.230015382e-01-1.286736131e-01-1.338663101e-01-1.385491490e-01
-1.426884383e-01-1.462466866e-01-1.491819322e-01-1.514471173e-01-1.529898345e-01
-1.537519097e-01-1.536693275e-01-1.526725590e-01-1.506870091e-01-1.476340592e-01
-1.434324980e-01-1.380008757e-01-1.312603951e-01-1.231390238e-01-1.135763377e-01
-1.025298089e-01-8.998209238e-02-7.594935596e-02-6.049033627e-02-4.371582717e-02
-2.579763345e-02-6.976481527e-03 1.243187953e-02 3.174532205e-02 5.094222724e-02
 7.001565397e-02 8.896057308e-02 1.077669635e-01 1.264137626e-01 1.448609680e-01
 1.630387008e-01 1.808311939e-01 1.980565637e-01 2.144482285e-01 2.296577692e-01
 7.759574056e-02 7.474786043e-02 6.969209760e-02 6.366007775e-02 5.713997409e-02
 5.022926629e-02 4.298690706e-02 3.544382006e-02 2.761529759e-02 1.950761303e-02
 1.112130657e-02 2.452595159e-03-6.412431598e-03-1.539924182e-02-2.443774417e-02
-3.346284479e-02-4.241476953e-02-5.123917386e-02-5.988702923e-02-6.831431389e-02
-7.648157328e-02-8.435327560e-02-9.189717472e-02-9.908351302e-02-1.058842093e-01
-1.122720242e-01-1.182197332e-01-1.236992702e-01-1.286809444e-01-1.331326663e-01
-1.370191574e-01-1.403013915e-01-1.429359019e-01-1.448743939e-01-1.460633278e-01
-1.464438140e-01-1.459515989e-01-1.445174813e-01-1.420681030e-01-1.385269612e-01
-1.338163912e-01-1.278599501e-01-1.205856949e-01-1.119305715e-01-1.018455103e-01
-9.030185640e-02-7.729868591e-02-6.287097931e-02-4.709810764e-02-3.011211753e-02
-1.210427936e-02 6.672210991e-03 2.566523105e-02 4.465650767e-02 6.366374344e-02
 8.270604163e-02 1.018046960e-01 1.209818870e-01 1.402575076e-01 1.596431732e-01
 1.791311353e-01 1.986720860e-01 2.181289196e-01 2.371748984e-01 2.551251054e-01
 8.322933316e-02 8.098607510e-02 7.536645234e-02 6.851312518e-02 6.143804267e-02
 5.415343493e-02 4.666326195e-02 3.896585107e-02 3.105655313e-02 2.292865701e-02
 1.457356941e-02 5.980463699e-03-2.801829483e-03-1.169836149e-02-2.063940465e-02
-2.956022322e-02-3.840116784e-02-4.710774496e-02-5.563050508e-02-6.392477453e-02
-7.195020467e-02-7.967023551e-02-8.705137670e-02-9.406250715e-02-1.006740630e-01
-1.068572178e-01-1.125830710e-01-1.178218201e-01-1.225420237e-01-1.267098188e-01
-1.302882135e-01-1.332365721e-01-1.355099976e-01-1.370589733e-01-1.378291994e-01
-1.377614439e-01-1.367918253e-01-1.348524690e-01-1.318722367e-01-1.277785003e-01
-1.224989817e-01-1.159647107e-01-1.081136018e-01-9.889504313e-02-8.827540278e-02
-7.624454796e-02-6.282314658e-02-4.807076976e-02-3.209428489e-02-1.505644806e-02
 2.816011664e-03 2.122482844e-02 3.971229866e-02 5.830918252e-02 7.705006003e-02
 9.597669542e-02 1.151407510e-01 1.346062720e-01 1.544521302e-01 1.747747064e-01
 1.956911683e-01 2.173444629e-01 2.399161905e-01 2.636829317e-01 2.886400819e-01
 8.917503804e-02 8.761477470e-02 8.120822906e-02 7.341872156e-02 6.575016677e-02
 5.808530375e-02 5.035579950e-02 4.252109677e-02 3.455423191e-02 2.643508837e-02
 1.814723946e-02 9.676774964e-03 1.012799796e-03-7.751637138e-03-1.655087620e-02
-2.532196417e-02-3.400594369e-02-4.254838824e-02-5.089949816e-02-5.901390687e-02
-6.685034186e-02-7.437105477e-02-8.154119551e-02-8.832812309e-02-9.470058978e-02
-1.006280035e-01-1.060796157e-01-1.110237390e-01-1.154270172e-01-1.192537397e-01
-1.224651933e-01-1.250191629e-01-1.268694848e-01-1.279657930e-01-1.282533705e-01
-1.276734322e-01-1.261633933e-01-1.236577928e-01-1.200895384e-01-1.153916717e-01
-1.094998568e-01-1.023555100e-01-9.390985966e-02-8.412876725e-02-7.299850881e-02
-6.053223461e-02-4.677700624e-02-3.182087839e-02-1.579985954e-02 1.094639185e-03
 1.861026697e-02 3.629665077e-02 5.416555703e-02 7.224325091e-02 9.056954086e-02
 1.091994792e-01 1.282067597e-01 1.476891041e-01 1.677755415e-01 1.886373013e-01
 2.105034888e-01 2.336853147e-01 2.586136758e-01 2.858942151e-01 3.150902390e-01
 9.302109480e-02 9.174270928e-02 8.517274261e-02 7.722049952e-02 6.936129928e-02
 6.153834611e-02 5.370676145e-02 4.582978040e-02 3.787795454e-02 2.982718870e-02
 2.165682428e-02 1.334792748e-02 4.881341942e-03-3.684941446e-03-1.228135265e-02
-2.084381506e-02-2.931298316e-02-3.763405979e-02-4.575668648e-02-5.363469571e-02
-6.122573465e-02-6.849076599e-02-7.539343834e-02-8.189943433e-02-8.797568083e-02
-9.358967841e-02-9.870868921e-02-1.032990292e-01-1.073253974e-01-1.107502431e-01
-1.135331988e-01-1.156307161e-01-1.169956699e-01-1.175773293e-01-1.173213869e-01
-1.161703393e-01-1.140641868e-01-1.109415442e-01-1.067412049e-01-1.014043391e-01
-9.487731755e-02-8.711528778e-02-7.808652520e-02-6.777761877e-02-5.619943887e-02
-4.339364916e-02-2.943941206e-02-1.445859298e-02 1.384254778e-03 1.787028462e-02
 3.457140177e-02 5.149411038e-02 6.865323335e-02 8.607484400e-02 1.037988961e-01
 1.218824983e-01 1.404045224e-01 1.594721228e-01 1.792300344e-01 1.998737752e-01
 2.216684073e-01 2.449737489e-01 2.702734470e-01 2.981939316e-01 3.280920982e-01
 9.513885528e-02 9.401074052e-02 8.778665960e-02 7.990842313e-02 7.207776606e-02
 6.428058445e-02 5.649190396e-02 4.868708923e-02 4.084338993e-02 3.294025734e-02
 2.495906875e-02 1.688280702e-02 8.696218953e-03 3.872355446e-04-7.940935902e-03
-1.622777432e-02-2.441508323e-02-3.244818375e-02-4.027628899e-02-4.785241559e-02
-5.513310432e-02-6.207794696e-02-6.864900887e-02-7.481018454e-02-8.052651584e-02
-8.576349914e-02-9.048636258e-02-9.465942532e-02-9.824548662e-02-1.012053192e-01
-1.034971401e-01-1.050764248e-01-1.058956906e-01-1.059045643e-01-1.050501168e-01
-1.032774299e-01-1.005306244e-01-9.675429016e-02-9.189540148e-02-8.590587229e-02
-7.874582708e-02-7.038747519e-02-6.081976742e-02-5.005375296e-02-3.812855482e-02
-2.511843666e-02-1.114302780e-02 3.618547926e-03 1.899666525e-02 3.461986035e-02
 5.048586428e-02 6.659585238e-02 8.295781910e-02 9.958927333e-02 1.165196598e-01
 1.337933242e-01 1.514731646e-01 1.696456671e-01 1.884278655e-01 2.079774439e-01
 2.285079658e-01 2.503145337e-01 2.738233209e-01 2.997018695e-01 3.267387748e-01
 9.645189345e-02 9.549992532e-02 8.933050185e-02 8.158755302e-02 7.389749587e-02
 6.624248624e-02 5.860531330e-02 5.096956342e-02 4.331969470e-02 3.564062715e-02
 2.791737393e-02 2.013469115e-02 1.227646414e-02 4.324387293e-03-3.651472041e-03
-1.158439834e-02-1.941395551e-02-2.708444372e-02-3.454428166e-02-4.174559563e-02
-4.864379764e-02-5.519711226e-02-6.136602163e-02-6.711265445e-02-7.240016013e-02
-7.719206065e-02-8.145163208e-02-8.514133096e-02-8.822226524e-02-9.065380692e-02
-9.239324182e-02-9.339568019e-02-9.361404181e-02-9.299936146e-02-9.150134772e-02
-8.906924725e-02-8.565318584e-02-8.120585978e-02-7.568493485e-02-6.905586272e-02
-6.129550934e-02-5.239634961e-02-4.237124324e-02-3.125830740e-02-1.912456378e-02
-6.064608227e-03 7.790846750e-03 2.194851823e-02 3.643513471e-02 5.120703951e-02
 6.623761356e-02 8.151084185e-02 9.701915085e-02 1.127632260e-01 1.287525892e-01
 1.450067461e-01 1.615564227e-01 1.784450859e-01 1.957301497e-01 2.134838849e-01
 2.317930758e-01 2.507556677e-01 2.704676986e-01 2.909528017e-01 3.111817837e-01
 9.668547660e-02 9.586918354e-02 8.981360495e-02 8.229082078e-02 7.483212650e-02
 6.740497798e-02 5.999749899e-02 5.260327831e-02 4.521592706e-02 3.782735020e-02
 3.042761981e-02 2.300534025e-02 1.554826833e-02 8.044339716e-03 4.840500769e-04
-7.021267433e-03-1.441567857e-02-2.164505795e-02-2.865813300e-02-3.540666401e-02
-4.184525087e-02-4.793096706e-02-5.362287536e-02-5.888149142e-02-6.366822124e-02
-6.794479489e-02-7.167278230e-02-7.481306791e-02-7.732547820e-02-7.916850597e-02
-8.029918373e-02-8.067308366e-02-8.024463058e-02-7.896756381e-02-7.679580152e-02
-7.368463278e-02-6.959228218e-02-6.448201835e-02-5.832470953e-02-5.110203847e-02
-4.281029478e-02-3.346504271e-02-2.310683765e-02-1.180963311e-02 3.063249751e-04
 1.313776709e-02 2.629486471e-02 3.976066411e-02 5.351685733e-02 6.753665209e-02
 8.179263771e-02 9.625956416e-02 1.109155044e-01 1.257424355e-01 1.407264471e-01
 1.558578014e-01 1.711303592e-01 1.865398884e-01 2.020809948e-01 2.177404910e-01
 2.334855497e-01 2.492415309e-01 2.648497820e-01 2.799827456e-01 2.939798534e-01
 9.543357044e-02 9.459853172e-02 8.911598474e-02 8.206029236e-02 7.493714988e-02
 6.778637320e-02 6.064557284e-02 5.353303254e-02 4.645444453e-02 3.940788284e-02
 3.238667548e-02 2.538106218e-02 1.837906241e-02 1.136667002e-02 4.326886497e-03
-2.661552047e-03-9.536650032e-03-1.624252275e-02-2.272735164e-02-2.894251049e-02
-3.484201804e-02-4.038208351e-02-4.552064836e-02-5.021692812e-02-5.443090945e-02
-5.812292919e-02-6.125324219e-02-6.378167868e-02-6.566742063e-02-6.686885655e-02
-6.734365225e-02-6.704901159e-02-6.594215333e-02-6.398112327e-02-6.112589687e-02
-5.733990297e-02-5.259189755e-02-4.685826972e-02-4.012572765e-02-3.239429370e-02
-2.368083037e-02-1.402237173e-02-3.476183396e-03 7.875651121e-03 1.962288842e-02
 3.178690374e-02 4.431273043e-02 5.715767667e-02 7.028349489e-02 8.365228772e-02
 9.722585976e-02 1.109658405e-01 1.248340532e-01 1.387926936e-01 1.528044194e-01
 1.668318510e-01 1.808366776e-01 1.947772801e-01 2.086049765e-01 2.222575843e-01
 2.356495261e-01 2.486578226e-01 2.611046135e-01 2.727425694e-01 2.832611203e-01
 9.445148706e-02 9.395058453e-02 8.844506741e-02 8.140429854e-02 7.438963652e-02
 6.741315126e-02 6.050656736e-02 5.368264019e-02 4.694291204e-02 4.028242081e-02
 3.369232267e-02 2.716156095e-02 2.067792043e-02 1.422894001e-02 7.803134155e-03
 1.392600010e-03-4.889504053e-03-1.099359244e-02-1.687059551e-02-2.247303538e-02
-2.775522694e-02-3.267314658e-02-3.718415648e-02-4.124666005e-02-4.481977224e-02
-4.786299169e-02-5.033592135e-02-5.219810829e-02-5.340893567e-02-5.392772704e-02
-5.371396616e-02-5.272781104e-02-5.093085021e-02-4.828716815e-02-4.476480186e-02
-4.033756629e-02-3.498734534e-02-2.870656364e-02-2.150130272e-02-1.339282468e-02
-4.423053004e-03 5.333473906e-03 1.580350287e-02 2.670658752e-02 3.802102804e-02
 4.972296208e-02 6.177700683e-02 7.414287329e-02 8.677708358e-02 9.963310510e-02
 1.126613319e-01 1.258091629e-01 1.390212476e-01 1.522397697e-01 1.654049158e-01
 1.784549654e-01 1.913263649e-01 2.039527297e-01 2.162633240e-01 2.281798571e-01
 2.396126688e-01 2.504561543e-01 2.605856657e-01 2.698588371e-01 2.781249285e-01
 9.321738034e-02 9.307222068e-02 8.743596077e-02 8.006291837e-02 7.296776772e-02
 6.609552354e-02 5.941462517e-02 5.290445313e-02 4.654775560e-02 4.032802954e-02
 3.422899544e-02 2.823473141e-02 2.232980356e-02 1.649927720e-02 1.072827913e-02
 5.000520498e-03-6.017152919e-04-6.023610011e-03-1.121521275e-02-1.612932980e-02
-2.072067373e-02-2.494543046e-02-2.876094729e-02-3.212547675e-02-3.499794751e-02
-3.733779490e-02-3.910486400e-02-4.025940597e-02-4.076217487e-02-4.057468474e-02
-3.965964913e-02-3.798168898e-02-3.550843149e-02-3.221177310e-02-2.806941792e-02
-2.306743339e-02-1.720318571e-02-1.048664004e-02-2.951254137e-03 5.365975667e-03
 1.442649309e-02 2.398682572e-02 3.406047076e-02 4.460442066e-02 5.558190495e-02
 6.695675850e-02 7.868951559e-02 9.073614329e-02 1.030473784e-01 1.155681461e-01
 1.282371283e-01 1.409866214e-01 1.537427008e-01 1.664260924e-01 1.789532602e-01
 1.912382543e-01 2.031944990e-01 2.147367895e-01 2.257824838e-01 2.362522632e-01
 2.460698485e-01 2.551615834e-01 2.634561062e-01 2.708857954e-01 2.773898840e-01
 8.992649615e-02 8.984851837e-02 8.434572071e-02 7.705502212e-02 7.009834796e-02
 6.345838308e-02 5.710146576e-02 5.099450424e-02 4.510683566e-02 3.941083699e-02
 3.388208151e-02 2.849925123e-02 2.324394509e-02 1.810050011e-02 1.305594668e-02
 8.100552484e-03 3.229988739e-03-1.446657232e-03-5.886785686e-03-1.004682761e-02
-1.388352178e-02-1.735432446e-02-2.041746303e-02-2.303189412e-02-2.515724488e-02
-2.675384283e-02-2.778283879e-02-2.820644714e-02-2.798827365e-02-2.709364146e-02
-2.548995800e-02-2.314782143e-02-2.004270814e-02-1.615650021e-02-1.147644967e-02
-6.000498775e-03 2.520632115e-04 7.280574180e-03 1.494229026e-02 2.316676825e-02
 3.196338564e-02 4.129745439e-02 5.114359036e-02 6.147266924e-02 7.225321233e-02
 8.345061541e-02 9.502565861e-02 1.069329828e-01 1.191195399e-01 1.315232217e-01
 1.440715492e-01 1.566807926e-01 1.692558527e-01 1.816912591e-01 1.938734800e-01
 2.056849897e-01 2.170093954e-01 2.277375162e-01 2.377728820e-01 2.470362484e-01
 2.554680705e-01 2.630288601e-01 2.696977854e-01 2.754700184e-01 2.803540230e-01
 8.488027751e-02 8.486881107e-02 7.919006795e-02 7.207758725e-02 6.543036550e-02
 5.919474363e-02 5.332241207e-02 4.776426405e-02 4.247547686e-02 3.741768003e-02
 3.255921602e-02 2.787461504e-02 2.334366366e-02 1.895048283e-02 1.468251087e-02
 1.052930392e-02 6.480503362e-03 2.618525876e-03-1.009968575e-03-4.360940773e-03
-7.392158732e-03-1.006260701e-02-1.233213209e-02-1.416128315e-02-1.551132649e-02
-1.634443179e-02-1.662410051e-02-1.631587371e-02-1.538821496e-02-1.381303370e-02
-1.156346034e-02-8.616039529e-03-4.955698736e-03-5.858739023e-04 4.506506957e-03
 1.033944078e-02 1.672108471e-02 2.369160391e-02 3.124480695e-02 3.936548531e-02
 4.804195464e-02 5.725827813e-02 6.699669361e-02 7.723693550e-02 8.795545995e-02
 9.912448376e-02 1.107103229e-01 1.226714849e-01 1.349562407e-01 1.474999189e-01
 1.602219939e-01 1.730233729e-01 1.857844889e-01 1.983650923e-01 2.106072903e-01
 2.223424464e-01 2.334023416e-01 2.436328828e-01 2.529079914e-01 2.611402273e-01
 2.682867348e-01 2.743492126e-01 2.793684006e-01 2.834140062e-01 2.865725160e-01
 7.699982077e-02 7.682310790e-02 7.151450217e-02 6.477695704e-02 5.865633488e-02
 5.306323618e-02 4.790292680e-02 4.309472814e-02 3.857514635e-02 3.429628909e-02
 3.022291884e-02 2.632962726e-02 2.259853110e-02 1.901754364e-02 1.557911560e-02
 1.227943599e-02 9.118109941e-03 6.098874845e-03 3.315004986e-03 8.070068434e-04
-1.387025230e-03-3.229878843e-03-4.684738349e-03-5.715100095e-03-6.284883246e-03
-6.358742714e-03-5.902738310e-03-4.885848612e-03-3.283550497e-03-1.086761011e-03
 1.727963099e-03 5.189310759e-03 9.331290610e-03 1.399806328e-02 1.923622563e-02
 2.506013587e-02 3.145328164e-02 3.841254860e-02 4.593457282e-02 5.401477590e-02
 6.264810264e-02 7.182837278e-02 8.154812455e-02 9.179808199e-02 1.025663614e-01
 1.138372347e-01 1.255893558e-01 1.377932131e-01 1.504078209e-01 1.633761823e-01
 1.766196191e-01 1.900310963e-01 2.034678757e-01 2.167456150e-01 2.296372205e-01
 2.418815792e-01 2.532058954e-01 2.633592486e-01 2.721464634e-01 2.794526815e-01
 2.852537632e-01 2.896150947e-01 2.926787436e-01 2.946379185e-01 2.957028747e-01
 6.606726348e-02 6.559046358e-02 6.058291346e-02 5.458786339e-02 4.944601655e-02
 4.490800202e-02 4.079671204e-02 3.700011596e-02 3.344829381e-02 3.009750880e-02
 2.692060918e-02 2.390130237e-02 2.103072964e-02 1.830539294e-02 1.572594047e-02
 1.329651102e-02 1.102442667e-02 8.920029737e-03 6.996022072e-03 5.349242128e-03
 4.006828181e-03 2.999041229e-03 2.357431920e-03 2.114037052e-03 2.301075961e-03
 2.951025963e-03 4.097277299e-03 5.776104517e-03 8.031900972e-03 1.074498892e-02
 1.396272518e-02 1.771237142e-02 2.200508490e-02 2.682991326e-02 3.218998387e-02
 3.808947280e-02 4.452991486e-02 5.151363462e-02 5.904352292e-02 6.712292880e-02
 7.575565577e-02 8.494588733e-02 9.469807148e-02 1.050166190e-01 1.159053445e-01
 1.273666024e-01 1.393997073e-01 1.519985199e-01 1.651479006e-01 1.788178384e-01
 1.929552853e-01 2.074717581e-01 2.222255021e-01 2.369980812e-01 2.514679432e-01
 2.651987374e-01 2.776777148e-01 2.884203792e-01 2.970772386e-01 3.034762740e-01
 3.076213598e-01 3.096871376e-01 3.100123405e-01 3.090540767e-01 3.072794080e-01
 5.019681156e-02 4.879963398e-02 4.475133121e-02 4.090336710e-02 3.775757924e-02
 3.491917253e-02 3.226283938e-02 2.973797917e-02 2.732363343e-02 2.501283213e-02
 2.280597016e-02 2.070772648e-02 1.872552000e-02 1.686880551e-02 1.514886506e-02
 1.357896999e-02 1.217492670e-02 1.095613651e-02 9.947651997e-03 9.184394032e-03
 8.696686476e-03 8.512872271e-03 8.660195395e-03 9.165028110e-03 1.005278714e-02
 1.134761982e-02 1.307173632e-02 1.524391025e-02 1.787588000e-02 2.096323669e-02
 2.451445535e-02 2.854013816e-02 3.304878622e-02 3.804595023e-02 4.353790730e-02
 4.953165352e-02 5.603469163e-02 6.305548549e-02 7.060374320e-02 7.869066298e-02
 8.732920885e-02 9.653437138e-02 1.063233986e-01 1.167161465e-01 1.277351975e-01
 1.394058466e-01 1.517558992e-01 1.648146808e-01 1.786110997e-01 1.931697279e-01
 2.085038424e-01 2.246026248e-01 2.414086163e-01 2.587753534e-01 2.763808966e-01
 2.935388088e-01 3.089984059e-01 3.215189874e-01 3.305390179e-01 3.359147310e-01
 3.376998901e-01 3.361485600e-01 3.318831325e-01 3.261258006e-01 3.201636076e-01
 2.855830826e-02 2.458611876e-02 2.475626022e-02 2.527030744e-02 2.490439266e-02
 2.409966290e-02 2.305399626e-02 2.187454328e-02 2.062946558e-02 1.936731115e-02
 1.812546700e-02 1.693439484e-02 1.582006365e-02 1.480553858e-02 1.391215250e-02
 1.316047367e-02 1.257115416e-02 1.216568332e-02 1.196697261e-02 1.199936122e-02
 1.228680648e-02 1.285238005e-02 1.371811889e-02 1.490491070e-02 1.643235050e-02
 1.831848919e-02 2.057946101e-02 2.322895452e-02 2.627767250e-02 2.973345295e-02
 3.360460699e-02 3.789991885e-02 4.262822866e-02 4.779845104e-02 5.342013389e-02
 5.950388312e-02 6.606163830e-02 7.310704887e-02 8.065582812e-02 8.872622252e-02
 9.733947366e-02 1.065204442e-01 1.162983850e-01 1.267079264e-01 1.377902180e-01
 1.495944560e-01 1.621795744e-01 1.756164134e-01 1.899898797e-01 2.054010779e-01
 2.219686955e-01 2.398284525e-01 2.591296434e-01 2.800299525e-01 3.027042449e-01
 3.274627924e-01 3.496499956e-01 3.649203181e-01 3.743486404e-01 3.784964085e-01
 3.768814802e-01 3.699482381e-01 3.569809496e-01 3.422477841e-01 3.310787678e-01
 1.354302466e-02 8.745327592e-03 9.846378118e-03 1.200268976e-02 1.328349672e-02
 1.393835712e-02 1.416388340e-02 1.410457119e-02 1.386644319e-02 1.352893468e-02
 1.315307710e-02 1.278699096e-02 1.246963535e-02 1.223347709e-02 1.210643910e-02
 1.211335696e-02 1.227706112e-02 1.261913404e-02 1.316038519e-02 1.392097212e-02
 1.492018439e-02 1.617626846e-02 1.770630293e-02 1.952611841e-02 2.165024355e-02
 2.409183979e-02 2.686266042e-02 2.997304685e-02 3.343207017e-02 3.724794090e-02
 4.142878205e-02 4.598309100e-02 5.092006922e-02 5.624988675e-02 6.198407710e-02
 6.813585758e-02 7.472044230e-02 8.175545931e-02 8.926126361e-02 9.726150334e-02
 1.057837084e-01 1.148601472e-01 1.245289147e-01 1.348354816e-01 1.458347291e-01
 1.575937420e-01 1.701956689e-01 1.837449670e-01 1.983748525e-01 2.142573595e-01
 2.316170931e-01 2.507486939e-01 2.720361948e-01 2.959695160e-01 3.231535554e-01
 3.521774411e-01 3.744173646e-01 3.896934390e-01 3.983905911e-01 4.002271891e-01
 3.954046667e-01 3.829336166e-01 3.640967607e-01 3.478834033e-01 3.348622918e-01
 3.262149869e-03-1.949072815e-03-6.410560454e-04 1.948944875e-03 3.870717250e-03
 5.255534314e-03 6.230951753e-03 6.913099904e-03 7.400618866e-03 7.774254307e-03
 8.098986931e-03 8.426949382e-03 8.800299838e-03 9.253697470e-03 9.816288948e-03
 1.051320136e-02 1.136662625e-02 1.239654422e-02 1.362116635e-02 1.505715959e-02
 1.671972126e-02 1.862259209e-02 2.077807859e-02 2.319706976e-02 2.588913217e-02
 2.886260301e-02 3.212474287e-02 3.568198159e-02 3.954022378e-02 4.370529577e-02
 4.818344489e-02 5.298184231e-02 5.810901523e-02 6.357523799e-02 6.939289719e-02
 7.557675242e-02 8.214421570e-02 8.911559731e-02 9.651438892e-02 1.043676585e-01
 1.127065420e-01 1.215670630e-01 1.309912801e-01 1.410288215e-01 1.517391205e-01
 1.631947011e-01 1.754855514e-01 1.887257695e-01 2.030632794e-01 2.186948359e-01
 2.358897030e-01 2.550283074e-01 2.766644955e-01 3.016026616e-01 3.306906819e-01
 3.564071059e-01 3.758281469e-01 3.889838159e-01 3.956845403e-01 3.958959579e-01
 3.884935975e-01 3.728650212e-01 3.559540808e-01 3.418540955e-01 3.300196826e-01
-3.414289560e-03-8.907534182e-03-8.046941832e-03-5.507110618e-03-3.485576715e-03
-1.891807653e-03-6.188773550e-04 4.330518423e-04 1.349826809e-03 2.201625146e-03
 3.044354729e-03 3.922329284e-03 4.871098325e-03 5.919864867e-03 7.093304768e-03
 8.412802592e-03 9.897196665e-03 1.156318653e-02 1.342551131e-02 1.549700275e-02
 1.778860390e-02 2.030940168e-02 2.306668460e-02 2.606608346e-02 2.931172401e-02
 3.280648217e-02 3.655226529e-02 4.055038095e-02 4.480203241e-02 4.930882901e-02
 5.407343060e-02 5.910014361e-02 6.439553201e-02 6.996884942e-02 7.583241165e-02
 8.200180531e-02 8.849592507e-02 9.533699602e-02 1.025505066e-01 1.101652682e-01
 1.182135791e-01 1.267316639e-01 1.357602775e-01 1.453460008e-01 1.555425823e-01
 1.664133072e-01 1.780340075e-01 1.904973388e-01 2.039187849e-01 2.184458077e-01
 2.342717201e-01 2.516600192e-01 2.709929943e-01 2.929157913e-01 3.163091242e-01
 3.359658122e-01 3.510721028e-01 3.613621593e-01 3.667353988e-01 3.664112091e-01
 3.601155877e-01 3.485649228e-01 3.375087976e-01 3.274475038e-01 3.184120655e-01
-7.759555709e-03-1.363427471e-02-1.299090125e-02-1.083325036e-02-9.149709716e-03
-7.784603164e-03-6.604365073e-03-5.505945999e-03-4.415976815e-03-3.284273669e-03
-2.076478209e-03-7.679062546e-04 6.608335534e-04 2.226554323e-03 3.944881260e-03
 5.830700509e-03 7.898028940e-03 1.015960053e-02 1.262639277e-02 1.530723553e-02
 1.820858940e-02 2.133449353e-02 2.468667179e-02 2.826474234e-02 3.206651658e-02
 3.608829901e-02 4.032528400e-02 4.477202520e-02 4.942303151e-02 5.427355692e-02
 5.932048708e-02 6.456330419e-02 7.000497729e-02 7.565266639e-02 8.151812106e-02
 8.761770278e-02 9.397210926e-02 1.006058156e-01 1.075464487e-01 1.148241758e-01
 1.224712282e-01 1.305216998e-01 1.390116364e-01 1.479792297e-01 1.574653536e-01
 1.675141007e-01 1.781732589e-01 1.894944608e-01 2.015324682e-01 2.143421769e-01
 2.279707640e-01 2.424380779e-01 2.576882243e-01 2.734806240e-01 2.890639305e-01
 3.028299212e-01 3.139169812e-01 3.218962550e-01 3.264878392e-01 3.275423348e-01
 3.251689970e-01 3.205389380e-01 3.149238229e-01 3.089535236e-01 3.030028641e-01
-9.034393355e-03-1.529456023e-02-1.543887425e-02-1.429906208e-02-1.357815322e-02
-1.295410283e-02-1.224071905e-02-1.135026477e-02-1.025399752e-02-8.952152915e-03
-7.455358282e-03-5.774438381e-03-3.915589303e-03-1.878916519e-03 3.409690398e-04
 2.753240056e-03 5.368738435e-03 8.197951131e-03 1.124938950e-02 1.452851761e-02
 1.803725213e-02 2.177397534e-02 2.573386766e-02 2.990941703e-02 3.429087996e-02
 3.886665776e-02 4.362359643e-02 4.854736477e-02 5.362311378e-02 5.883651227e-02
 6.417524815e-02 6.963082403e-02 7.520023733e-02 8.088733256e-02 8.670340478e-02
 9.266701341e-02 9.880292416e-02 1.051405445e-01 1.117120460e-01 1.185506880e-01
 1.256894767e-01 1.331602633e-01 1.409932077e-01 1.492165327e-01 1.578561217e-01
 1.669348925e-01 1.764715612e-01 1.864782572e-01 1.969561428e-01 2.078880966e-01
 2.192259729e-01 2.308704555e-01 2.426405549e-01 2.542368770e-01 2.652242780e-01
 2.750921845e-01 2.833829224e-01 2.897707820e-01 2.940797806e-01 2.962983847e-01
 2.966058552e-01 2.953633964e-01 2.930091023e-01 2.899380326e-01 2.864561081e-01
-5.698798690e-03-1.188790239e-02-1.472898386e-02-1.643468253e-02-1.780379191e-02
-1.851674542e-02-1.850683242e-02-1.786763966e-02-1.672355272e-02-1.518634520e-02
-1.334344968e-02-1.125523075e-02-8.956324309e-03-6.459794939e-03-3.763074055e-03
-8.543527219e-04 2.281602006e-03 5.658828653e-03 9.286966175e-03 1.316948235e-02
 1.730325818e-02 2.167929150e-02 2.628406510e-02 3.110101260e-02 3.611150756e-02
 4.129512608e-02 4.662927985e-02 5.208870023e-02 5.764548481e-02 6.327030063e-02
 6.893517077e-02 7.461726665e-02 8.030287921e-02 8.599056304e-02 9.169241786e-02
 9.743347764e-02 1.032490432e-01 1.091805473e-01 1.152711660e-01 1.215620488e-01
 1.280898601e-01 1.348856390e-01 1.419744194e-01 1.493750811e-01 1.571001709e-01
 1.651551425e-01 1.735369265e-01 1.822314113e-01 1.912096143e-01 2.004221380e-01
 2.097919285e-01 2.192056775e-01 2.285060287e-01 2.374890149e-01 2.459132075e-01
 2.535247803e-01 2.600921988e-01 2.654389739e-01 2.694658041e-01 2.721620202e-01
 2.736059427e-01 2.739494443e-01 2.733882368e-01 2.721278071e-01 2.703574300e-01
-1.477517537e-03-7.901538163e-03-1.394582354e-02-1.978880912e-02-2.505291440e-02
-2.682378143e-02-2.697465755e-02-2.605874091e-02-2.442398295e-02-2.231353149e-02
-1.989477314e-02-1.726915315e-02-1.448111981e-02-1.153209619e-02-8.397165686e-03
-5.040153395e-03-1.424902119e-03 2.477195580e-03 6.682595238e-03 1.119345427e-02
 1.599807665e-02 2.107400447e-02 2.639286965e-02 3.192507848e-02 3.764237463e-02
 4.351745173e-02 4.952102527e-02 5.561768636e-02 6.176249310e-02 6.790094823e-02
 7.397451997e-02 7.993083447e-02 8.573432267e-02 9.137369692e-02 9.686504304e-02
 1.022507250e-01 1.075929627e-01 1.129628345e-01 1.184284166e-01 1.240468472e-01
 1.298615932e-01 1.359031200e-01 1.421906799e-01 1.487340033e-01 1.555341780e-01
 1.625836194e-01 1.698655486e-01 1.773522496e-01 1.850031018e-01 1.927617788e-01
 2.005535513e-01 2.082830966e-01 2.158341110e-01 2.230723053e-01 2.298525572e-01
 2.360308021e-01 2.414781898e-01 2.460951507e-01 2.498219907e-01 2.526445985e-01
 2.545939684e-01 2.557394505e-01 2.561777830e-01 2.560194135e-01 2.553766370e-01
 7.217461825e-04-6.531118415e-03-1.442445815e-02-2.336611040e-02-3.324281052e-02
-3.875800967e-02-3.895125538e-02-3.653488308e-02-3.353189677e-02-3.023747914e-02
-2.688091248e-02-2.357370779e-02-2.030981332e-02-1.700991020e-02-1.356947049e-02
-9.888732806e-03-5.886122584e-03-1.503811800e-03 3.288334934e-03 8.488954976e-03
 1.406481117e-02 1.995920204e-02 2.610919811e-02 3.246229887e-02 3.898316994e-02
 4.564984143e-02 5.244346336e-02 5.933399498e-02 6.626291573e-02 7.312972099e-02
 7.980175316e-02 8.615410328e-02 9.210443497e-02 9.762261808e-02 1.027325392e-01
 1.075170040e-01 1.121114790e-01 1.166669875e-01 1.213051975e-01 1.261042356e-01
 1.311077774e-01 1.363368928e-01 1.417983472e-01 1.474889666e-01 1.533977687e-01
 1.595065594e-01 1.657897234e-01 1.722134501e-01 1.787347645e-01 1.853005290e-01
 1.918467879e-01 1.982988119e-01 2.045723498e-01 2.105764151e-01 2.162179649e-01
 2.214078307e-01 2.260675728e-01 2.301358283e-01 2.335734218e-01 2.363660038e-01
 2.385240495e-01 2.400802076e-01 2.410843968e-01 2.415980399e-01 2.416880131e-01
 3.484535264e-03-3.966890275e-03-1.236364990e-02-2.219653130e-02-3.385157883e-02
-4.265654460e-02-4.725343734e-02-4.746758193e-02-4.327937588e-02-3.789827228e-02
-3.323069215e-02-2.935940772e-02-2.598030306e-02-2.273685113e-02-1.934859902e-02
-1.562146470e-02-1.141963061e-02-6.646072026e-03-1.241001650e-03 4.799759015e-03
 1.139247883e-02 1.836631633e-02 2.554851770e-02 3.284424171e-02 4.023397341e-02
 4.774124175e-02 5.540746823e-02 6.327201426e-02 7.133923471e-02 7.946681231e-02
 8.721080422e-02 9.422340244e-02 1.003949642e-01 1.056883484e-01 1.101019308e-01
 1.137261093e-01 1.169452518e-01 1.202463210e-01 1.238047257e-01 1.276539266e-01
 1.317896843e-01 1.361960769e-01 1.408529282e-01 1.457377076e-01 1.508255750e-01
 1.560886055e-01 1.614950746e-01 1.670085788e-01 1.725873649e-01 1.781840175e-01
 1.837453693e-01 1.892130673e-01 1.945248842e-01 1.996165812e-01 2.044247985e-01
 2.088901699e-01 2.129609138e-01 2.165959477e-01 2.197673619e-01 2.224618495e-01
 2.246807516e-01 2.264389545e-01 2.277627289e-01 2.286869138e-01 2.292517126e-01
 7.682132535e-03 8.716195589e-04-6.624367554e-03-1.492507942e-02-2.403110638e-02
-3.372298554e-02-4.227808118e-02-4.666893184e-02-4.642105103e-02-4.114485160e-02
-3.606395423e-02-3.309842944e-02-3.107266314e-02-2.884940431e-02-2.613371238e-02
-2.278701961e-02-1.869244128e-02-1.372388192e-02-7.734103128e-03-5.608013016e-04
 7.853535935e-03 1.666673645e-02 2.517067268e-02 3.342201561e-02 4.156295583e-02
 4.974205792e-02 5.811373144e-02 6.685450673e-02 7.619781792e-02 8.646496385e-02
 9.578226507e-02 1.035605818e-01 1.100058183e-01 1.150148064e-01 1.185373217e-01
 1.203566343e-01 1.211803928e-01 1.229732409e-01 1.254281700e-01 1.283781528e-01
 1.317208856e-01 1.353875399e-01 1.393277347e-01 1.435009539e-01 1.478712708e-01
 1.524041891e-01 1.570647061e-01 1.618161201e-01 1.666192859e-01 1.714325249e-01
 1.762115657e-01 1.809100658e-01 1.854805946e-01 1.898757666e-01 1.940499842e-01
 1.979612261e-01 2.015728205e-01 2.048552334e-01 2.077872753e-01 2.103568763e-01
 2.125612348e-01 2.144062519e-01 2.159055173e-01 2.170788050e-01 2.179505378e-01
 1.307447441e-02 7.371473126e-03 1.259571640e-03-5.262228660e-03-1.210881304e-02
-1.910171658e-02-2.598409913e-02-3.244648501e-02-3.615629300e-02-3.399008512e-02
-3.140665963e-02-3.112406656e-02-3.170087934e-02-3.095902875e-02-2.918299288e-02
-2.645048499e-02-2.271291800e-02-1.785475947e-02-1.167555060e-02-3.795448691e-03
 6.486756727e-03 1.698483340e-02 2.626620233e-02 3.491235152e-02 4.327377677e-02
 5.159661174e-02 6.009327620e-02 6.898815930e-02 7.855983078e-02 8.910866082e-02
 9.868213534e-02 1.065734029e-01 1.129677445e-01 1.178073436e-01 1.209843978e-01
 1.222437844e-01 1.224448085e-01 1.236270592e-01 1.255144775e-01 1.279130429e-01
 1.307032108e-01 1.338094175e-01 1.371793449e-01 1.407716721e-01 1.445499063e-01
 1.484792829e-01 1.525253654e-01 1.566532850e-01 1.608275324e-01 1.650116891e-01
 1.691686511e-01 1.732609123e-01 1.772512347e-01 1.811033189e-01 1.847828031e-01
 1.882583499e-01 1.915025562e-01 1.944929659e-01 1.972127259e-01 1.996510327e-01
 2.018031776e-01 2.036703527e-01 2.052590847e-01 2.065804601e-01 2.076492012e-01
 0.191758156E+01 0.194206333E+01 0.195686197E+01 0.197336340E+01 0.199024153E+01
 0.201219940E+01 0.202639055E+01 0.204427290E+01 0.205967093E+01 0.207701921E+01
 0.209387493E+01 0.211012745E+01 0.212775493E+01 0.214509106E+01 0.216220284E+01
 0.217977047E+01 0.219813156E+01 0.221597433E+01 0.223417473E+01 0.225324488E+01
 0.227259350E+01 0.229198408E+01 0.231189299E+01 0.233259797E+01 0.235376358E+01
 0.237529087E+01 0.239746618E+01 0.242051601E+01 0.244437146E+01 0.246873164E+01
 0.249396229E+01 0.252020931E+01 0.254752779E+01 0.257582688E+01 0.260512495E+01
 0.263570356E+01 0.266777372E+01 0.270123243E+01 0.273615646E+01 0.277277422E+01
 0.281119967E+01 0.285170150E+01 0.289434385E+01 0.293929100E+01 0.298684311E+01
 0.303725576E+01 0.309095097E+01 0.314795160E+01 0.320920610E+01 0.327457666E+01
 0.334529829E+01 0.342143726E+01 0.350448990E+01 0.359470940E+01 0.369431782E+01
 0.380420065E+01 0.392712498E+01 0.406598759E+01 0.422598743E+01 0.441353130E+01
 0.463944626E+01 0.492325830E+01 0.530986786E+01 0.592830086E+01 0.981512165E+01
   89   86
 0.108139539E+01-0.500000007E-01 0.108289254E+01 0.500000007E-01 0.109171689E+01
 0.150000006E+00 0.110562503E+01 0.238336205E+00 0.111738682E+01 0.300000012E+00
 0.113218749E+01 0.367630571E+00 0.115121388E+01 0.449999988E+00 0.116326594E+01
 0.500000000E+00 0.118531251E+01 0.589744925E+00 0.120071888E+01 0.649999976E+00
 0.121402788E+01 0.699999988E+00 0.123843753E+01 0.786805451E+00 0.125973272E+01
 0.850000024E+00 0.128114152E+01 0.899999976E+00 0.131415725E+01 0.949999988E+00
 0.134468746E+01 0.975216150E+00 0.139781249E+01 0.988852143E+00 0.145093751E+01
 0.986658096E+00 0.150406253E+01 0.975799322E+00 0.155718756E+01 0.957960725E+00
 0.158375001E+01 0.946692348E+00 0.163687503E+01 0.922703147E+00 0.167687321E+01
 0.899999976E+00 0.171656251E+01 0.876977801E+00 0.175577545E+01 0.850000024E+00
 0.179624999E+01 0.821343184E+00 0.182354808E+01 0.799409032E+00 0.187593746E+01
 0.755385399E+00 0.190250003E+01 0.731051505E+00 0.193400896E+01 0.699999988E+00
 0.198080111E+01 0.649999976E+00 0.200874996E+01 0.618058681E+00 0.203531241E+01
 0.584754765E+00 0.206187510E+01 0.548658371E+00 0.209476709E+01 0.500000000E+00
 0.212450433E+01 0.449999988E+00 0.215094733E+01 0.400000006E+00 0.217457056E+01
 0.349999994E+00 0.219557953E+01 0.299889684E+00 0.222125006E+01 0.228688419E+00
 0.224386024E+01 0.150000006E+00 0.225430870E+01 0.100000001E+00 0.226340556E+01
 0.000000000E+00 0.225684071E+01-0.100000001E+00 0.224726009E+01-0.152266204E+00
 0.222163415E+01-0.247674376E+00 0.220382452E+01-0.300000012E+00 0.218436050E+01
-0.349999994E+00 0.216273737E+01-0.400000006E+00 0.213879538E+01-0.449999988E+00
 0.211220074E+01-0.500000000E+00 0.208256388E+01-0.550000012E+00 0.204954386E+01
-0.600000024E+00 0.201291752E+01-0.649999976E+00 0.198218751E+01-0.688233912E+00
 0.195562506E+01-0.719592929E+00 0.192790174E+01-0.750155568E+00 0.188034415E+01
-0.800000012E+00 0.184937501E+01-0.830856204E+00 0.182281256E+01-0.855677485E+00
 0.177203596E+01-0.899999976E+00 0.174312496E+01-0.924231648E+00 0.170837331E+01
-0.949999988E+00 0.166343749E+01-0.983046353E+00 0.163663077E+01-0.100034690E+01
 0.158375001E+01-0.103264594E+01 0.154995978E+01-0.104999995E+01 0.150406253E+01
-0.107409835E+01 0.145093751E+01-0.109639227E+01 0.142437506E+01-0.110758924E+01
 0.137125003E+01-0.112655592E+01 0.131812501E+01-0.114060235E+01 0.127136111E+01
-0.114999998E+01 0.124385500E+01-0.115587723E+01 0.122271013E+01-0.115913057E+01
 0.122038782E+01-0.104999995E+01 0.121423221E+01-0.949999988E+00 0.120921743E+01
-0.899999976E+00 0.119651258E+01-0.800000012E+00 0.118531251E+01-0.731594205E+00
 0.117085648E+01-0.649999976E+00 0.115875006E+01-0.586847961E+00 0.114182496E+01
-0.500000000E+00 0.113193870E+01-0.448566556E+00 0.111373961E+01-0.349999994E+00
 0.110528111E+01-0.298880100E+00 0.109156919E+01-0.200000003E+00 0.108322692E+01
-0.100000001E+00 0.108139539E+01-0.500000007E-01
 0.101600003E+01 0.000000000E+00 0.101600003E+01 0.963999987E+00 0.101600003E+01
 0.967999995E+00 0.101600003E+01 0.100100005E+01 0.101600003E+01 0.101900005E+01
 0.101600003E+01 0.107700002E+01 0.101600003E+01 0.107000005E+01 0.101600003E+01
 0.109599996E+01 0.101600003E+01 0.111300004E+01 0.101600003E+01 0.113800001E+01
 0.101600003E+01 0.114699996E+01 0.101199996E+01 0.116499996E+01 0.100100005E+01
 0.121700001E+01 0.102900004E+01 0.121700001E+01 0.104200006E+01 0.116240001E+01
 0.104600000E+01 0.116237998E+01 0.105599999E+01 0.116260004E+01 0.109700000E+01
 0.116450000E+01 0.110800004E+01 0.116594005E+01 0.111600006E+01 0.116591001E+01
 0.113399994E+01 0.116895998E+01 0.114800000E+01 0.117174995E+01 0.116199994E+01
 0.117556000E+01 0.118099999E+01 0.118299997E+01 0.118200004E+01 0.118350005E+01
 0.118499994E+01 0.118499994E+01 0.119000006E+01 0.118799996E+01 0.119500005E+01
 0.119099998E+01 0.120099998E+01 0.119599998E+01 0.120899999E+01 0.120200002E+01
 0.121500003E+01 0.120799994E+01 0.122200000E+01 0.121399999E+01 0.122800004E+01
 0.122099996E+01 0.123399997E+01 0.123099995E+01 0.123899996E+01 0.123800004E+01
 0.124199998E+01 0.124399996E+01 0.124800003E+01 0.125399995E+01 0.125800002E+01
 0.127800000E+01 0.126300001E+01 0.128999996E+01 0.127999997E+01 0.133099997E+01
 0.127999997E+01 0.134700000E+01 0.127999997E+01 0.134800005E+01 0.130999994E+01
 0.134800005E+01 0.132799995E+01 0.134800005E+01 0.136099994E+01 0.134800005E+01
 0.138000000E+01 0.134800005E+01 0.141900003E+01 0.134800005E+01 0.141900003E+01
 0.130999994E+01 0.137199998E+01 0.130999994E+01 0.137199998E+01 0.129200006E+01
 0.160800004E+01 0.109500003E+01 0.164699996E+01 0.107700002E+01 0.178499997E+01
 0.107700002E+01 0.206999993E+01 0.103999996E+01 0.212800002E+01 0.992999971E+00
 0.224499989E+01 0.708999991E+00 0.232299995E+01 0.518999994E+00 0.237700009E+01
 0.388999999E+00 0.236249995E+01 0.400000006E+00 0.236443496E+01 0.222000003E+00
 0.236496902E+01 0.133000001E+00 0.236532402E+01 0.439999998E-01 0.236512089E+01
-0.439999998E-01 0.236484194E+01-0.133000001E+00 0.236433411E+01-0.222000003E+00
 0.236249995E+01-0.400000006E+00 0.237700009E+01-0.388999999E+00 0.213400006E+01
-0.972999990E+00 0.178600001E+01-0.117400002E+01 0.176800001E+01-0.121099997E+01
 0.176800001E+01-0.125000000E+01 0.168200004E+01-0.125000000E+01 0.137199998E+01
-0.125000000E+01 0.137199998E+01-0.132900000E+01 0.141999996E+01-0.132900000E+01
 0.141999996E+01-0.136300004E+01 0.127300000E+01-0.136300004E+01 0.115300000E+01
-0.136300004E+01 0.101600003E+01-0.122300005E+01 0.101600003E+01-0.122300005E+01
 0.101600003E+01-0.829999983E+00 0.101600003E+01-0.800000012E+00 0.101600003E+01
-0.414999992E+00 0.101600003E+01-0.400000006E+00 0.101600003E+01-0.100000005E-02
 0.101600003E+01 0.000000000E+00
    0 0.169550002E+01    0
 0.000000000E+00 0.102204993E+00 0.145077437E+00 0.178163812E+00 0.206229210E+00
 0.229798213E+00 0.252514929E+00 0.273626029E+00 0.293261170E+00 0.311846673E+00
 0.329600811E+00 0.346470982E+00 0.362744510E+00 0.378478944E+00 0.393618762E+00
 0.408365667E+00 0.422768712E+00 0.436705500E+00 0.450369120E+00 0.463757008E+00
 0.476885647E+00 0.489722848E+00 0.502350211E+00 0.514815211E+00 0.527103066E+00
 0.539151549E+00 0.551072478E+00 0.562870681E+00 0.574550033E+00 0.586089492E+00
 0.597494245E+00 0.608820975E+00 0.620083630E+00 0.631257534E+00 0.642335176E+00
 0.653359890E+00 0.664335370E+00 0.675267220E+00 0.686159849E+00 0.697024405E+00
 0.707860112E+00 0.718698382E+00 0.729513466E+00 0.740339756E+00 0.751174927E+00
 0.762031555E+00 0.772938490E+00 0.783857465E+00 0.794859171E+00 0.805889249E+00
 0.817035556E+00 0.828244328E+00 0.839590788E+00 0.851038098E+00 0.862655520E+00
 0.874423027E+00 0.886406302E+00 0.898624301E+00 0.911131203E+00 0.923978746E+00
 0.937252283E+00 0.951058388E+00 0.965614319E+00 0.981323123E+00 0.100000000E+01
    0
