  EFITD    06/25/2013    #1553503000.0ms  EFIT01   0  65  65
 0.170000005E+01 0.320000005E+01 0.169550002E+01 0.839999974E+00 0.000000000E+00
 0.181513703E+01-0.420109779E-01-0.146215558E+00 0.295100771E-01 0.165775967E+01
 0.101951575E+07-0.146215558E+00 0.000000000E+00 0.181513703E+01 0.000000000E+00
-0.420109779E-01 0.000000000E+00 0.295100771E-01 0.000000000E+00 0.000000000E+00
 0.276136255E+01 0.276423049E+01 0.276697826E+01 0.276960826E+01 0.277212381E+01
 0.277452707E+01 0.277682137E+01 0.277900934E+01 0.278109336E+01 0.278307629E+01
 0.278496122E+01 0.278675008E+01 0.278844595E+01 0.279005170E+01 0.279156923E+01
 0.279300213E+01 0.279435182E+01 0.279562163E+01 0.279681396E+01 0.279793119E+01
 0.279897594E+01 0.279995108E+01 0.280085850E+01 0.280170107E+01 0.280248117E+01
 0.280320168E+01 0.280386448E+01 0.280447245E+01 0.280502796E+01 0.280553365E+01
 0.280599165E+01 0.280640459E+01 0.280677509E+01 0.280710506E+01 0.280739760E+01
 0.280765486E+01 0.280787897E+01 0.280807304E+01 0.280823922E+01 0.280837965E+01
 0.280849719E+01 0.280859423E+01 0.280867290E+01 0.280873585E+01 0.280878544E+01
 0.280882406E+01 0.280885458E+01 0.280887890E+01 0.280889940E+01 0.280891919E+01
 0.280893993E+01 0.280896473E+01 0.280899549E+01 0.280903482E+01 0.280908537E+01
 0.280914927E+01 0.280922890E+01 0.280932713E+01 0.280944586E+01 0.280958796E+01
 0.280975580E+01 0.280995154E+01 0.281017780E+01 0.281043696E+01 0.281073141E+01
 0.100985141E+06 0.980558906E+05 0.951695391E+05 0.923260781E+05 0.895255312E+05
 0.867678750E+05 0.840531250E+05 0.813812734E+05 0.787523203E+05 0.761662656E+05
 0.736231172E+05 0.711228672E+05 0.686655156E+05 0.662510625E+05 0.638795156E+05
 0.615508672E+05 0.592651172E+05 0.570222656E+05 0.548223203E+05 0.526652734E+05
 0.505511250E+05 0.484798750E+05 0.464515312E+05 0.444660859E+05 0.425235391E+05
 0.406238945E+05 0.387671484E+05 0.369533047E+05 0.351823594E+05 0.334543164E+05
 0.317691699E+05 0.301269258E+05 0.285275840E+05 0.269711406E+05 0.254575996E+05
 0.239869570E+05 0.225592148E+05 0.211743750E+05 0.198324336E+05 0.185333926E+05
 0.172772520E+05 0.160640127E+05 0.148936738E+05 0.137662344E+05 0.126816953E+05
 0.116400566E+05 0.106413203E+05 0.968548242E+04 0.877254492E+04 0.790250781E+04
 0.707537109E+04 0.629113525E+04 0.554979980E+04 0.485136426E+04 0.419582959E+04
 0.358319482E+04 0.301346045E+04 0.248662671E+04 0.200269312E+04 0.156166016E+04
 0.116352734E+04 0.808294922E+03 0.495962921E+03 0.226531281E+03 0.000000000E+00
 0.295773840E+01 0.283769870E+01 0.272016144E+01 0.260512662E+01 0.249259448E+01
 0.238256502E+01 0.227503800E+01 0.217001343E+01 0.206749153E+01 0.196747231E+01
 0.186995542E+01 0.177494121E+01 0.168242955E+01 0.159242046E+01 0.150491393E+01
 0.141990995E+01 0.133740854E+01 0.125740969E+01 0.117991328E+01 0.110491967E+01
 0.103242850E+01 0.962439775E+00 0.894953728E+00 0.829970241E+00 0.767489314E+00
 0.707510948E+00 0.650035143E+00 0.595061898E+00 0.542591214E+00 0.492623031E+00
 0.445157468E+00 0.400194436E+00 0.357733995E+00 0.317776084E+00 0.280320764E+00
 0.245367974E+00 0.212917745E+00 0.182970092E+00 0.155524984E+00 0.130582452E+00
 0.108142465E+00 0.882050544E-01 0.707701892E-01 0.558378845E-01 0.434081480E-01
 0.334809646E-01 0.260563418E-01 0.211342871E-01 0.187147819E-01 0.187978409E-01
 0.213834606E-01 0.264716446E-01 0.340623856E-01 0.441556796E-01 0.567515381E-01
 0.718499571E-01 0.894509405E-01 0.109554470E+00 0.132160574E+00 0.157269239E+00
 0.184880450E+00 0.214994222E+00 0.247610569E+00 0.282729447E+00 0.320350945E+00
-0.107679025E+07-0.106111750E+07-0.104544475E+07-0.102977200E+07-0.101409925E+07
-0.998426562E+06-0.982753750E+06-0.967081125E+06-0.951408375E+06-0.935735625E+06
-0.920062875E+06-0.904390125E+06-0.888717375E+06-0.873044688E+06-0.857371938E+06
-0.841699188E+06-0.826026500E+06-0.810353750E+06-0.794681000E+06-0.779008250E+06
-0.763335500E+06-0.747662812E+06-0.731990062E+06-0.716317312E+06-0.700644625E+06
-0.684971875E+06-0.669299125E+06-0.653626375E+06-0.637953625E+06-0.622280875E+06
-0.606608188E+06-0.590935438E+06-0.575262688E+06-0.559590000E+06-0.543917250E+06
-0.528244500E+06-0.512571781E+06-0.496899062E+06-0.481226312E+06-0.465553562E+06
-0.449880844E+06-0.434208094E+06-0.418535375E+06-0.402862625E+06-0.387189906E+06
-0.371517156E+06-0.355844438E+06-0.340171688E+06-0.324498938E+06-0.308826250E+06
-0.293153500E+06-0.277480750E+06-0.261808031E+06-0.246135281E+06-0.230462562E+06
-0.214789828E+06-0.199117094E+06-0.183444344E+06-0.167771625E+06-0.152098875E+06
-0.136426156E+06-0.120753414E+06-0.105080672E+06-0.894079453E+05-0.737352109E+05
 6.028258055e-02 5.894686282e-02 5.763037503e-02 5.626296252e-02 5.477323756e-02
 5.307371914e-02 5.104058236e-02 4.849714786e-02 4.456592724e-02 3.823683038e-02
 3.059750050e-02 2.141536772e-02 1.210355479e-02 5.664451048e-03 1.444837661e-03
-8.341411012e-04-1.243529608e-03 2.717100142e-04 3.931099083e-03 1.022334583e-02
 2.010633051e-02 3.050446883e-02 3.907836229e-02 4.663055018e-02 5.361058563e-02
 6.029583514e-02 6.688506156e-02 7.354690880e-02 8.045347035e-02 8.778654039e-02
 9.466232359e-02 1.007996947e-01 1.063032597e-01 1.111183390e-01 1.152079403e-01
 1.184644029e-01 1.212372929e-01 1.244730353e-01 1.280354261e-01 1.318467706e-01
 1.358651221e-01 1.400671452e-01 1.444365084e-01 1.489571631e-01 1.536103487e-01
 1.583737731e-01 1.632217467e-01 1.681253016e-01 1.730526388e-01 1.779694855e-01
 1.828393638e-01 1.876243204e-01 1.922856271e-01 1.967847645e-01 2.010845244e-01
 2.051502168e-01 2.089510113e-01 2.124609649e-01 2.156600654e-01 2.185348272e-01
 2.210785002e-01 2.232910991e-01 2.251788080e-01 2.267532349e-01 2.280304730e-01
 5.700724572e-02 5.564326048e-02 5.452203006e-02 5.362958089e-02 5.290763825e-02
 5.222912878e-02 5.098772049e-02 4.832608998e-02 4.396926239e-02 3.772981465e-02
 3.091901913e-02 2.388683893e-02 1.731473580e-02 1.227878779e-02 8.871119469e-03
 7.056341972e-03 6.834520958e-03 8.261710405e-03 1.145138405e-02 1.655406877e-02
 2.357763238e-02 3.129884601e-02 3.860982507e-02 4.550858587e-02 5.213130265e-02
 5.861707032e-02 6.509621441e-02 7.169905305e-02 7.857413590e-02 8.588258922e-02
 9.277504683e-02 9.896245599e-02 1.045411378e-01 1.094946563e-01 1.137811691e-01
 1.172903702e-01 1.204057187e-01 1.240274012e-01 1.280281246e-01 1.323274821e-01
 1.368770599e-01 1.416452676e-01 1.466086209e-01 1.517462730e-01 1.570367515e-01
 1.624561846e-01 1.679771096e-01 1.735680103e-01 1.791930050e-01 1.848119050e-01
 1.903804839e-01 1.958511472e-01 2.011738420e-01 2.062976658e-01 2.111724913e-01
 2.157510817e-01 2.199913561e-01 2.238582969e-01 2.273257077e-01 2.303773016e-01
 2.330071926e-01 2.352195382e-01 2.370276153e-01 2.384523004e-01 2.395202816e-01
 5.270674080e-02 5.132897943e-02 5.045135692e-02 5.017986894e-02 5.050706863e-02
 5.005539954e-02 4.844285548e-02 4.554881155e-02 4.128392413e-02 3.660167009e-02
 3.199740127e-02 2.765997872e-02 2.382057160e-02 2.074018866e-02 1.861536875e-02
 1.756336913e-02 1.765234023e-02 1.892044395e-02 2.137117088e-02 2.494203299e-02
 2.945485897e-02 3.461283445e-02 4.011731222e-02 4.578217864e-02 5.153258890e-02
 5.735956132e-02 6.328596175e-02 6.934659183e-02 7.557084411e-02 8.192199469e-02
 8.812153339e-02 9.398604929e-02 9.948851168e-02 1.046205685e-01 1.093771905e-01
 1.137809306e-01 1.180555075e-01 1.225127876e-01 1.272156984e-01 1.321661472e-01
 1.373557746e-01 1.427733898e-01 1.484060884e-01 1.542388201e-01 1.602534354e-01
 1.664275229e-01 1.727335751e-01 1.791381389e-01 1.856010854e-01 1.920753121e-01
 1.985064745e-01 2.048337311e-01 2.109906673e-01 2.169074565e-01 2.225136757e-01
 2.277417779e-01 2.325311601e-01 2.368318439e-01 2.406077087e-01 2.438385487e-01
 2.465208471e-01 2.486669272e-01 2.503029704e-01 2.514660060e-01 2.522005141e-01
 4.674250633e-02 4.512448609e-02 4.426136613e-02 4.420914501e-02 4.473671317e-02
 4.423139989e-02 4.241038114e-02 3.995022550e-02 3.731184080e-02 3.458724543e-02
 3.189846128e-02 2.938619815e-02 2.720013633e-02 2.548656613e-02 2.437290363e-02
 2.395720594e-02 2.430494688e-02 2.544815652e-02 2.738256194e-02 3.006293811e-02
 3.340248391e-02 3.728444129e-02 4.158657789e-02 4.620566592e-02 5.106880516e-02
 5.613092333e-02 6.136497110e-02 6.674941629e-02 7.225422561e-02 7.782822847e-02
 8.340135217e-02 8.890907466e-02 9.431226552e-02 9.959924221e-02 1.047851294e-01
 1.099161953e-01 1.150695235e-01 1.203305125e-01 1.257643998e-01 1.314102113e-01
 1.372882128e-01 1.434070021e-01 1.497673094e-01 1.563636661e-01 1.631847769e-01
 1.702130139e-01 1.774235666e-01 1.847832501e-01 1.922492087e-01 1.997674853e-01
 2.072720826e-01 2.146846652e-01 2.219152451e-01 2.288648188e-01 2.354297340e-01
 2.415079027e-01 2.470063567e-01 2.518488467e-01 2.559821606e-01 2.593803108e-01
 2.620457113e-01 2.640072703e-01 2.653157115e-01 2.660372853e-01 2.662469149e-01
 3.823142499e-02 3.598273173e-02 3.511940688e-02 3.534507006e-02 3.594899923e-02
 3.583084792e-02 3.532702476e-02 3.450422734e-02 3.343963251e-02 3.222346306e-02
 3.095728159e-02 2.974979021e-02 2.871116623e-02 2.794660255e-02 2.754985169e-02
 2.759785205e-02 2.814703062e-02 2.923106030e-02 3.085979074e-02 3.301964328e-02
 3.567641973e-02 3.878121823e-02 4.227867350e-02 4.611498117e-02 5.024322867e-02
 5.462494865e-02 5.922842026e-02 6.402514875e-02 6.898625195e-02 7.408072054e-02
 7.927720994e-02 8.454895765e-02 8.987911046e-02 9.526428580e-02 1.007158831e-01
 1.062594652e-01 1.119312569e-01 1.177719086e-01 1.238196790e-01 1.301061213e-01
 1.366547942e-01 1.434818804e-01 1.505969167e-01 1.580032408e-01 1.656980962e-01
 1.736716926e-01 1.819060147e-01 1.903728247e-01 1.990309954e-01 2.078235596e-01
 2.166742086e-01 2.254844308e-01 2.341320813e-01 2.424729168e-01 2.503469586e-01
 2.575898767e-01 2.640483677e-01 2.695964873e-01 2.741494775e-01 2.776723504e-01
 2.801821828e-01 2.817431092e-01 2.824552655e-01 2.824402452e-01 2.818265855e-01
 2.499010041e-02 2.061539516e-02 2.207440324e-02 2.483128756e-02 2.688661218e-02
 2.836576477e-02 2.932309732e-02 2.984081954e-02 3.001148626e-02 2.993131056e-02
 2.969789878e-02 2.940824628e-02 2.915616706e-02 2.902925387e-02 2.910586447e-02
 2.945247293e-02 3.012172878e-02 3.115132265e-02 3.256368637e-02 3.436674923e-02
 3.655574843e-02 3.911608085e-02 4.202676192e-02 4.526381567e-02 4.880297929e-02
 5.262126774e-02 5.669740587e-02 6.101161242e-02 6.554523855e-02 7.028092444e-02
 7.520356029e-02 8.030191809e-02 8.557050675e-02 9.101095796e-02 9.663258493e-02
 1.024518758e-01 1.084909737e-01 1.147753894e-01 1.213314906e-01 1.281844974e-01
 1.353570819e-01 1.428688765e-01 1.507359147e-01 1.589705348e-01 1.675806493e-01
 1.765687764e-01 1.859302521e-01 1.956505477e-01 2.057012022e-01 2.160340548e-01
 2.265735865e-01 2.372076064e-01 2.477774620e-01 2.580721080e-01 2.678325176e-01
 2.767731547e-01 2.846185267e-01 2.911424637e-01 2.961981297e-01 2.997353673e-01
 3.018061519e-01 3.025545180e-01 3.021883368e-01 3.009406626e-01 2.990359664e-01
 1.487608254e-02 9.249036200e-03 1.174263284e-02 1.649179682e-02 2.013273537e-02
 2.289227210e-02 2.494786307e-02 2.643522993e-02 2.747074887e-02 2.816072479e-02
 2.860476077e-02 2.889679000e-02 2.912454307e-02 2.936823294e-02 2.969928458e-02
 3.017945029e-02 3.086046129e-02 3.178385645e-02 3.298106790e-02 3.447394818e-02
 3.627575189e-02 3.839244694e-02 4.082413018e-02 4.356665164e-02 4.661317170e-02
 4.995540529e-02 5.358450115e-02 5.749165267e-02 6.166858599e-02 6.610810757e-02
 7.080484927e-02 7.575610280e-02 8.096265793e-02 8.642943203e-02 9.216574579e-02
 9.818519652e-02 1.045050696e-01 1.111455485e-01 1.181287020e-01 1.254776716e-01
 1.332159638e-01 1.413671374e-01 1.499543488e-01 1.590003669e-01 1.685270816e-01
 1.785548627e-01 1.891013086e-01 2.001789659e-01 2.117910981e-01 2.239247262e-01
 2.365388125e-01 2.495447993e-01 2.627766728e-01 2.759506702e-01 2.886311710e-01
 3.002584279e-01 3.102771044e-01 3.182582259e-01 3.239381909e-01 3.272306621e-01
 3.282539248e-01 3.273464441e-01 3.249895573e-01 3.216600418e-01 3.177448213e-01
 1.026196405e-02 4.183946177e-03 7.135907654e-03 1.242380589e-02 1.669527218e-02
 2.008540742e-02 2.272106335e-02 2.472577989e-02 2.621520683e-02 2.729608864e-02
 2.806660160e-02 2.861907706e-02 2.903911844e-02 2.940326184e-02 2.977830172e-02
 3.022155724e-02 3.078360111e-02 3.150860220e-02 3.243427724e-02 3.359206766e-02
 3.500773013e-02 3.670200706e-02 3.868968785e-02 4.098058119e-02 4.358073324e-02
 4.649361968e-02 4.972102493e-02 5.326371267e-02 5.712196976e-02 6.129629910e-02
 6.578803807e-02 7.060001045e-02 7.573705912e-02 8.120654523e-02 8.701858670e-02
 9.318621457e-02 9.972530603e-02 1.066544354e-01 1.139946729e-01 1.217693910e-01
 1.300043166e-01 1.387275755e-01 1.479700506e-01 1.577657163e-01 1.681523770e-01
 1.791721880e-01 1.908721924e-01 2.033047974e-01 2.165270746e-01 2.305987179e-01
 2.455756366e-01 2.614940405e-01 2.783311605e-01 2.959129810e-01 3.137013316e-01
 3.301132023e-01 3.437530398e-01 3.540343344e-01 3.605839014e-01 3.631747663e-01
 3.617745042e-01 3.571418822e-01 3.509719968e-01 3.441649973e-01 3.372454047e-01
 1.048151590e-02 4.342304077e-03 7.107891608e-03 1.241534296e-02 1.675755903e-02
 2.022469044e-02 2.292706817e-02 2.498191223e-02 2.650301903e-02 2.759392560e-02
 2.834021486e-02 2.883458510e-02 2.916767821e-02 2.941358835e-02 2.963252366e-02
 2.986689471e-02 3.016418591e-02 3.057079576e-02 3.112940863e-02 3.187834471e-02
 3.285300732e-02 3.409152478e-02 3.561961651e-02 3.745617345e-02 3.961583227e-02
 4.211050272e-02 4.495044053e-02 4.814384878e-02 5.169739947e-02 5.561699718e-02
 5.990852416e-02 6.457835436e-02 6.963389367e-02 7.508400083e-02 8.093938231e-02
 8.721291274e-02 9.391987324e-02 1.010781527e-01 1.087085158e-01 1.168349087e-01
 1.254848540e-01 1.346901506e-01 1.444877386e-01 1.549209654e-01 1.660412550e-01
 1.779103279e-01 1.906034350e-01 2.042133510e-01 2.188566029e-01 2.346818894e-01
 2.518835068e-01 2.707231641e-01 2.915709615e-01 3.150043190e-01 3.415114284e-01
 3.654495776e-01 3.842981458e-01 3.979214430e-01 4.060269296e-01 4.079355597e-01
 4.034287333e-01 3.915520906e-01 3.784943819e-01 3.664959073e-01 3.556616306e-01
 1.489186659e-02 8.857563138e-03 1.135068946e-02 1.635989919e-02 2.032673359e-02
 2.336836606e-02 2.563596889e-02 2.727312222e-02 2.841110155e-02 2.917313203e-02
 2.954099700e-02 2.963927761e-02 2.961342968e-02 2.952394821e-02 2.943679877e-02
 2.929773740e-02 2.917298488e-02 2.912014350e-02 2.918871492e-02 2.941833809e-02
 2.983385697e-02 3.054405376e-02 3.156486899e-02 3.291483968e-02 3.461144865e-02
 3.667113185e-02 3.911390156e-02 4.195347428e-02 4.520016536e-02 4.886265844e-02
 5.294944718e-02 5.746876821e-02 6.242901832e-02 6.783930957e-02 7.370997220e-02
 8.005300909e-02 8.688250929e-02 9.421508014e-02 1.020702943e-01 1.104712486e-01
 1.194453090e-01 1.290249974e-01 1.392493099e-01 1.501654088e-01 1.618309319e-01
 1.743172407e-01 1.877138615e-01 2.021349669e-01 2.177288532e-01 2.346922010e-01
 2.532925606e-01 2.739046216e-01 2.970694304e-01 3.235810995e-01 3.545315862e-01
 3.862542510e-01 4.108271003e-01 4.281367660e-01 4.383302331e-01 4.412932992e-01
 4.359944761e-01 4.218525887e-01 4.014257789e-01 3.841302395e-01 3.696191907e-01
 2.362820134e-02 1.774763316e-02 2.033386752e-02 2.458384819e-02 2.751500160e-02
 2.948135883e-02 3.072796389e-02 3.142848238e-02 3.170911223e-02 3.166411072e-02
 3.136068210e-02 3.087082691e-02 3.026621789e-02 2.960699052e-02 2.894872800e-02
 2.822513506e-02 2.750224993e-02 2.684241161e-02 2.630380541e-02 2.594066039e-02
 2.580479532e-02 2.595078200e-02 2.641961165e-02 2.724237740e-02 2.843938768e-02
 3.001508303e-02 3.203428537e-02 3.450560570e-02 3.743654117e-02 4.083345830e-02
 4.470766708e-02 4.906785488e-02 5.392138660e-02 5.927597731e-02 6.514011323e-02
 7.152353227e-02 7.843782008e-02 8.589684963e-02 9.391726553e-02 1.025190651e-01
 1.117263734e-01 1.215683669e-01 1.320805699e-01 1.433064044e-01 1.552993655e-01
 1.681258380e-01 1.818690598e-01 1.966343522e-01 2.125564665e-01 2.298098654e-01
 2.486225218e-01 2.692942321e-01 2.922181785e-01 3.179016113e-01 3.469792008e-01
 3.800159097e-01 4.080876112e-01 4.281727076e-01 4.405475855e-01 4.453017712e-01
 4.426373541e-01 4.315095544e-01 4.117225707e-01 3.914839327e-01 3.752422631e-01
 3.985621780e-02 3.513379768e-02 3.594818711e-02 3.763333708e-02 3.820663691e-02
 3.818795457e-02 3.777524456e-02 3.707097843e-02 3.614091501e-02 3.503404558e-02
 3.379110247e-02 3.245083988e-02 3.105083480e-02 2.962550148e-02 2.820393071e-02
 2.672202885e-02 2.524679340e-02 2.384257689e-02 2.257115394e-02 2.149163932e-02
 2.066037804e-02 2.013058588e-02 1.995016076e-02 2.016125992e-02 2.080045268e-02
 2.189981565e-02 2.349104732e-02 2.559322491e-02 2.821101248e-02 3.132714704e-02
 3.498258442e-02 3.918177634e-02 4.392514378e-02 4.921753705e-02 5.506408215e-02
 6.147009879e-02 6.844336540e-02 7.599351555e-02 8.413232863e-02 9.287425876e-02
 1.022371128e-01 1.122427285e-01 1.229179054e-01 1.342954040e-01 1.464152485e-01
 1.593262851e-01 1.730880439e-01 1.877729595e-01 2.034688890e-01 2.202816159e-01
 2.383367717e-01 2.577802837e-01 2.787757516e-01 3.014987707e-01 3.261361420e-01
 3.529464006e-01 3.803347051e-01 3.999663591e-01 4.128579497e-01 4.195467234e-01
 4.197990894e-01 4.141303301e-01 4.016801715e-01 3.840600848e-01 3.698852360e-01
 6.325486302e-02 6.163431704e-02 5.747766793e-02 5.366337299e-02 5.073179677e-02
 4.816468805e-02 4.575681314e-02 4.341502115e-02 4.109442979e-02 3.877469152e-02
 3.644978628e-02 3.412330896e-02 3.180582821e-02 2.951348200e-02 2.717556991e-02
 2.480613813e-02 2.246548235e-02 2.021537721e-02 1.811738312e-02 1.623173244e-02
 1.461655647e-02 1.332723536e-02 1.241573039e-02 1.193020865e-02 1.191488747e-02
 1.240995340e-02 1.345119532e-02 1.506804116e-02 1.728248224e-02 2.010904253e-02
 2.355815098e-02 2.762229368e-02 3.226500005e-02 3.750322014e-02 4.333901778e-02
 4.976532608e-02 5.678851157e-02 6.441301107e-02 7.264401019e-02 8.148835599e-02
 9.095510840e-02 1.010559499e-01 1.118055359e-01 1.232218146e-01 1.353262365e-01
 1.481437981e-01 1.617028713e-01 1.760344952e-01 1.911706328e-01 2.071407586e-01
 2.239654362e-01 2.416448891e-01 2.601383924e-01 2.793269157e-01 2.989393175e-01
 3.183922768e-01 3.365085423e-01 3.517385125e-01 3.631553650e-01 3.704669774e-01
 3.736624122e-01 3.729345798e-01 3.687975407e-01 3.623756170e-01 3.552516103e-01
 7.969288528e-02 7.898033410e-02 7.332142442e-02 6.720305234e-02 6.201452389e-02
 5.746337026e-02 5.333928764e-02 4.950068891e-02 4.585479200e-02 4.234138876e-02
 3.892226517e-02 3.557453305e-02 3.228653967e-02 2.905542217e-02 2.575859055e-02
 2.245193720e-02 1.919533312e-02 1.605037227e-02 1.307875849e-02 1.034114696e-02
 7.896371186e-03 5.800917745e-03 4.108589608e-03 2.870309632e-03 2.134005306e-03
 1.944460906e-03 2.342994325e-03 3.366833553e-03 5.048407242e-03 7.414542139e-03
 1.048530079e-02 1.427117269e-02 1.877146214e-02 2.397679165e-02 2.985452488e-02
 3.630535305e-02 4.338901490e-02 5.109528452e-02 5.941955745e-02 6.835933030e-02
 7.791352272e-02 8.808249235e-02 9.886783361e-02 1.102719605e-01 1.222974285e-01
 1.349459738e-01 1.482170224e-01 1.621053815e-01 1.765976846e-01 1.916669011e-01
 2.072643042e-01 2.233072221e-01 2.396616042e-01 2.561177015e-01 2.723604441e-01
 2.879458964e-01 3.023182154e-01 3.149026632e-01 3.252383769e-01 3.330564499e-01
 3.382903934e-01 3.410686851e-01 3.417110145e-01 3.406993747e-01 3.385798335e-01
 9.017455578e-02 8.966960013e-02 8.393704891e-02 7.699412853e-02 7.069443166e-02
 6.493612379e-02 5.960667133e-02 5.460692942e-02 4.985635728e-02 4.529241472e-02
 4.086790979e-02 3.654803336e-02 3.230777383e-02 2.812973037e-02 2.389112301e-02
 1.965476945e-02 1.548467390e-02 1.144482195e-02 7.598159835e-03 4.005848896e-03
 7.267898181e-04-2.182608470e-03-4.668485839e-03-6.679465063e-03-8.166534826e-03
-9.082967415e-03-9.384342469e-03-9.028756991e-03-7.977264002e-03-6.194598041e-03
-3.650330007e-03-3.205625690e-04 3.810005961e-03 8.745464496e-03 1.447407901e-02
 2.096422762e-02 2.817213535e-02 3.600283712e-02 4.445467144e-02 5.351808295e-02
 6.318216026e-02 7.343639433e-02 8.427096158e-02 9.567496926e-02 1.076352745e-01
 1.201352179e-01 1.331528127e-01 1.466582566e-01 1.606105566e-01 1.749529392e-01
 1.896070838e-01 2.044657618e-01 2.193848789e-01 2.341756821e-01 2.486009300e-01
 2.623798251e-01 2.752072811e-01 2.867880464e-01 2.968769073e-01 3.053110242e-01
 3.120281100e-01 3.170697689e-01 3.205720186e-01 3.227416575e-01 3.238202333e-01
 9.757608175e-02 9.715770185e-02 9.113907814e-02 8.376966417e-02 7.686862350e-02
 7.038395107e-02 6.425331533e-02 5.841314048e-02 5.280466750e-02 4.737652838e-02
 4.208528623e-02 3.689478338e-02 3.177510202e-02 2.670170180e-02 2.156910673e-02
 1.644692570e-02 1.140409522e-02 6.507704034e-03 1.822243677e-03-2.590794582e-03
-6.673060358e-03-1.036925521e-02-1.362688001e-02-1.639586873e-02-1.862819120e-02
-2.027747408e-02-2.129871398e-02-2.164817229e-02-2.128348500e-02-2.016407251e-02
-1.825196669e-02-1.551306620e-02-1.191894524e-02-7.449234836e-03-2.094685566e-03
 4.139462486e-03 1.123009808e-02 1.913004182e-02 2.776830271e-02 3.701768816e-02
 4.685121775e-02 5.724632740e-02 6.818827242e-02 7.965657115e-02 9.162680805e-02
 1.040698960e-01 1.169507056e-01 1.302262545e-01 1.438431740e-01 1.577350050e-01
 1.718187630e-01 1.859918982e-01 2.001295984e-01 2.140837610e-01 2.276848853e-01
 2.407481074e-01 2.530841827e-01 2.645143270e-01 2.748861611e-01 2.840878367e-01
 2.920567691e-01 2.987824082e-01 3.043021560e-01 3.086918592e-01 3.120522499e-01
 1.024212688e-01 1.019864380e-01 9.573687613e-02 8.813153207e-02 8.089400083e-02
 7.397301495e-02 6.732013822e-02 6.088870019e-02 5.463557318e-02 4.852150381e-02
 4.251094908e-02 3.657143936e-02 3.067211807e-02 2.478078194e-02 1.882661693e-02
 1.288852375e-02 7.041085511e-03 1.354557229e-03-4.105259664e-03-9.277004749e-03
-1.410355046e-02-1.853159256e-02-2.251110040e-02-2.599466220e-02-2.893679589e-02
-3.129329160e-02-3.302064538e-02-3.407562524e-02-3.441507369e-02-3.399595991e-02
-3.277583048e-02-3.071363084e-02-2.777107060e-02-2.391454577e-02-1.911769435e-02
-1.336460747e-02-6.653737277e-03 9.974173736e-04 9.547388181e-03 1.892465353e-02
 2.902846038e-02 3.963593394e-02 5.077535287e-02 6.241001934e-02 7.450678945e-02
 8.702851832e-02 9.993337095e-02 1.131733581e-01 1.266928166e-01 1.404266655e-01
 1.542988718e-01 1.682212949e-01 1.820931137e-01 1.958014667e-01 2.092234790e-01
 2.222301364e-01 2.346917689e-01 2.464847565e-01 2.574981749e-01 2.676397264e-01
 2.768395543e-01 2.850517035e-01 2.922536731e-01 2.984436154e-01 3.036372066e-01
 1.047451794e-01 1.041490138e-01 9.806600958e-02 9.044045210e-02 8.309656382e-02
 7.596373558e-02 6.899558008e-02 6.216000766e-02 5.542973429e-02 4.877915233e-02
 4.218369722e-02 3.562016785e-02 2.906768024e-02 2.242515422e-02 1.572870091e-02
 9.058736265e-03 2.491977764e-03-3.899900476e-03-1.005081832e-02-1.590030640e-02
-2.139314637e-02-2.647875622e-02-3.111037984e-02-3.524418548e-02-3.883834183e-02
-4.185208678e-02-4.424491525e-02-4.597589374e-02-4.700314254e-02-4.728358239e-02
-4.677300900e-02-4.542652518e-02-4.319941252e-02-4.004859924e-02-3.593473136e-02
-3.082494624e-02-2.469649911e-02-1.754127815e-02-9.371187538e-03-2.245345968e-04
 9.826819412e-03 2.066771314e-02 3.215112537e-02 4.408378899e-02 5.645048618e-02
 6.920871139e-02 8.231450617e-02 9.572062641e-02 1.093748435e-01 1.232189834e-01
 1.371882558e-01 1.512108892e-01 1.652082205e-01 1.790952235e-01 1.927818060e-01
 2.061744630e-01 2.191784978e-01 2.317004055e-01 2.436496019e-01 2.549398541e-01
 2.654897571e-01 2.752226293e-01 2.840665579e-01 2.919558585e-01 2.988340259e-01
 1.049114764e-01 1.038881540e-01 9.815010428e-02 9.104467183e-02 8.387909830e-02
 7.670733333e-02 6.955878437e-02 6.244019419e-02 5.534679443e-02 4.826735333e-02
 4.118684679e-02 3.408821672e-02 2.695411444e-02 1.967444830e-02 1.234073378e-02
 5.039777607e-03-2.147884108e-03-9.148777463e-03-1.589667425e-02-2.233232372e-02
-2.840281650e-02-3.406072035e-02-3.926303238e-02-4.397005588e-02-4.814423621e-02
-5.174905807e-02-5.474799126e-02-5.710357428e-02-5.877669901e-02-5.972605199e-02
-5.990785733e-02-5.927596986e-02-5.778231472e-02-5.537784100e-02-5.201408267e-02
-4.764536023e-02-4.223182797e-02-3.574340791e-02-2.816472948e-02-1.950104535e-02
-9.784964845e-03 9.163152426e-04 1.249466464e-02 2.479184046e-02 3.758986294e-02
 5.074876547e-02 6.422906369e-02 7.799012959e-02 9.198667109e-02 1.061697379e-01
 1.204870194e-01 1.348828971e-01 1.492986977e-01 1.636728942e-01 1.779414564e-01
 1.920383126e-01 2.058953047e-01 2.194416970e-01 2.326028347e-01 2.452975363e-01
 2.574341893e-01 2.689066827e-01 2.795910239e-01 2.893466949e-01 2.980255187e-01
 1.050911173e-01 1.038311943e-01 9.813733399e-02 9.108510613e-02 8.391252160e-02
 7.664987445e-02 6.933124363e-02 6.197276711e-02 5.457768589e-02 4.714084417e-02
 3.965101391e-02 3.209148347e-02 2.443819307e-02 1.662513055e-02 8.756281808e-03
 9.254978504e-04-6.782986224e-03-1.429428346e-02-2.154246345e-02-2.846988291e-02
-3.502627462e-02-4.116762057e-02-4.685490578e-02-5.205279961e-02-5.672831088e-02
-6.084951758e-02-6.438435614e-02-6.729954481e-02-6.955963373e-02-7.112629712e-02
-7.195776701e-02-7.200859487e-02-7.122978568e-02-6.956924498e-02-6.697282940e-02
-6.338593364e-02-5.875585228e-02-5.303503573e-02-4.618525505e-02-3.818287700e-02
-2.902520448e-02-1.873775572e-02-7.382249460e-03 4.934873432e-03 1.805476472e-02
 3.176163882e-02 4.576577991e-02 6.004569307e-02 7.455940545e-02 8.926615119e-02
 1.041256934e-01 1.190979928e-01 1.341431886e-01 1.492216885e-01 1.642941386e-01
 1.793211102e-01 1.942622811e-01 2.090743482e-01 2.237075269e-01 2.380994260e-01
 2.521654367e-01 2.657846808e-01 2.787822187e-01 2.909131944e-01 3.018680215e-01
 1.054716557e-01 1.041290015e-01 9.824328125e-02 9.090624750e-02 8.351355791e-02
 7.605861127e-02 6.853777170e-02 6.094896048e-02 5.328807980e-02 4.554825276e-02
 3.772036731e-02 2.979435958e-02 2.166857757e-02 1.339636091e-02 5.079347175e-03
-3.188742790e-03-1.132363547e-02-1.925102249e-02-2.690639347e-02-3.423435986e-02
-4.118764028e-02-4.772581160e-02-5.381389707e-02-5.942093581e-02-6.451848149e-02
-6.907926500e-02-7.307580113e-02-7.647922635e-02-7.925823331e-02-8.137812465e-02
-8.280013502e-02-8.348089457e-02-8.337225020e-02-8.242136240e-02-8.057118952e-02
-7.776164263e-02-7.393117249e-02-6.901931763e-02-6.297010183e-02-5.573648959e-02
-4.728610814e-02-3.760814667e-02-2.672152221e-02-1.468401961e-02-1.602041535e-03
 1.235965919e-02 2.696854621e-02 4.191944003e-02 5.709621683e-02 7.246913016e-02
 8.801102638e-02 1.036974937e-01 1.195072234e-01 1.354223937e-01 1.514290273e-01
 1.675170958e-01 1.836800873e-01 1.999138296e-01 2.162133604e-01 2.325671017e-01
 2.489455640e-01 2.652799487e-01 2.814212143e-01 2.970529199e-01 3.115115166e-01
 1.053890139e-01 1.039517075e-01 9.769457579e-02 9.017601609e-02 8.260893822e-02
 7.497751713e-02 6.727076322e-02 5.947764963e-02 5.158694088e-02 4.358701408e-02
 3.546592221e-02 2.721195668e-02 1.870989427e-02 1.006960310e-02 1.394411316e-03
-7.221329957e-03-1.569361240e-02-2.394922636e-02-3.192552179e-02-3.956965730e-02
-4.683746397e-02-5.369207263e-02-6.010244414e-02-6.604176760e-02-7.148596644e-02
-7.641217113e-02-8.079734445e-02-8.461700380e-02-8.784402907e-02-9.044766426e-02
-9.239263833e-02-9.363849461e-02-9.413909912e-02-9.384249151e-02-9.269095957e-02
-9.062163532e-02-8.756759763e-02-8.345961571e-02-7.822881639e-02-7.181034237e-02
-6.414814293e-02-5.520123988e-02-4.495135695e-02-3.341200203e-02-2.063874900e-02
-6.740139332e-03 8.111601695e-03 2.367182449e-02 3.961839154e-02 5.575395375e-02
 7.206387818e-02 8.853828907e-02 1.051730812e-01 1.219710186e-01 1.389429420e-01
 1.561091244e-01 1.735008657e-01 1.911620498e-01 2.091507614e-01 2.275404930e-01
 2.464204282e-01 2.658935487e-01 2.860670388e-01 3.069943488e-01 3.276893795e-01
 1.043032259e-01 1.027092114e-01 9.649661183e-02 8.886370808e-02 8.117765188e-02
 7.342292368e-02 6.558085978e-02 5.763317645e-02 4.956248775e-02 4.135210812e-02
 3.298543021e-02 2.444570325e-02 1.565625705e-02 6.733255461e-03-2.216776367e-03
-1.109834109e-02-1.982767880e-02-2.833282948e-02-3.655316681e-02-4.443843290e-02
-5.194751173e-02-5.904693156e-02-6.570930034e-02-7.191165537e-02-7.763390243e-02
-8.285722136e-02-8.756271005e-02-9.172996879e-02-9.533591568e-02-9.835369140e-02
-1.007516980e-01-1.024927646e-01-1.035335213e-01-1.038239449e-01-1.033071950e-01
-1.019197330e-01-9.959197044e-02-9.624941647e-02-9.181455523e-02-8.620973676e-02
-7.936110348e-02-7.120391726e-02-6.168941036e-02-5.079331249e-02-3.852593154e-02
-2.494360693e-02-1.016088203e-02 5.637702998e-03 2.218758874e-02 3.913783282e-02
 5.625057966e-02 7.352726907e-02 9.097740054e-02 1.086202711e-01 1.264869720e-01
 1.446229815e-01 1.630918682e-01 1.819802374e-01 2.014047205e-01 2.215219289e-01
 2.425434589e-01 2.647607923e-01 2.885923684e-01 3.146880269e-01 3.418523073e-01
 1.026585922e-01 1.009090692e-01 9.463129193e-02 8.694563806e-02 7.922221720e-02
 7.142644376e-02 6.352537125e-02 5.549280718e-02 4.730732739e-02 3.894965351e-02
 3.039959446e-02 2.163122222e-02 1.261847094e-02 3.480681684e-03-5.674691871e-03
-1.475247927e-02-2.367007732e-02-3.235731274e-02-4.075579718e-02-4.881791398e-02
-5.650546029e-02-6.378810108e-02-7.064175606e-02-7.704690099e-02-8.298698068e-02
-8.844679594e-02-9.341110289e-02-9.786319733e-02-1.017837226e-01-1.051494777e-01
-1.079324484e-01-1.100988537e-01-1.116083860e-01-1.124136373e-01-1.124596000e-01
-1.116835847e-01-1.100153774e-01-1.073778942e-01-1.036885157e-01-9.886113554e-02
-9.280931950e-02-8.545070142e-02-7.671293616e-02-6.654137373e-02-5.490859598e-02
-4.182579368e-02-2.735559270e-02-1.162569504e-02 5.157962441e-03 2.270023338e-02
 4.061032832e-02 5.865604430e-02 7.685467601e-02 9.523585439e-02 1.138422787e-01
 1.327327788e-01 1.519869864e-01 1.717118323e-01 1.920508146e-01 2.131967843e-01
 2.354102433e-01 2.590434551e-01 2.845684290e-01 3.125944734e-01 3.424896002e-01
 1.004375070e-01 9.853766859e-02 9.193883836e-02 8.436223119e-02 7.676512003e-02
 6.905643642e-02 6.119446456e-02 5.315615237e-02 4.492627084e-02 3.649373353e-02
 2.785153687e-02 1.887996681e-02 9.690140374e-03 3.922634060e-04-8.910775185e-03
-1.812667400e-02-2.717518434e-02-3.598842397e-02-4.451043159e-02-5.269615352e-02
-6.051007658e-02-6.792470813e-02-7.491885871e-02-8.147600293e-02-8.758264780e-02
-9.322671592e-02-9.839612991e-02-1.030774415e-01-1.072545797e-01-1.109076589e-01
-1.140119880e-01-1.165370494e-01-1.184456795e-01-1.196933240e-01-1.202274263e-01
-1.199870780e-01-1.189028621e-01-1.168971434e-01-1.138848513e-01-1.097749621e-01
-1.044728607e-01-9.788397700e-02-8.991877735e-02-8.049955964e-02-6.956917048e-02
-5.710189044e-02-4.311625659e-02-2.768946066e-02-1.097237319e-02 6.796235684e-03
 2.527843416e-02 4.403112084e-02 6.287425756e-02 8.184601367e-02 1.009909809e-01
 1.203660890e-01 1.400457323e-01 1.601273715e-01 1.807388961e-01 2.020491660e-01
 2.242832482e-01 2.477457970e-01 2.728577852e-01 3.002100289e-01 3.293752670e-01
 9.603264928e-02 9.353797138e-02 8.805900812e-02 8.122054487e-02 7.399769127e-02
 6.649847329e-02 5.874898657e-02 5.075635761e-02 4.252035916e-02 3.403709084e-02
 2.530049533e-02 1.622205600e-02 6.925966125e-03-2.472816966e-03-1.187022217e-02
-2.117441222e-02-3.030645289e-02-3.920024633e-02-4.780188203e-02-5.606854707e-02
-6.396709383e-02-7.147243619e-02-7.856588066e-02-8.523342013e-02-9.146412462e-02
-9.724853933e-02-1.025772840e-01-1.074396372e-01-1.118223742e-01-1.157085150e-01
-1.190763265e-01-1.218983084e-01-1.241402775e-01-1.257605553e-01-1.267093122e-01
-1.269279122e-01-1.263486445e-01-1.248946935e-01-1.224804968e-01-1.190127581e-01
-1.143922210e-01-1.085165292e-01-1.012844741e-01-9.260187298e-02-8.238945901e-02
-7.059299946e-02-5.719566345e-02-4.223247990e-02-2.580609173e-02-8.102474734e-03
 1.059571281e-02 2.990163863e-02 4.925163090e-02 6.865644455e-02 8.814182132e-02
 1.077461019e-01 1.275199652e-01 1.475272626e-01 1.678467989e-01 1.885744333e-01
 2.098261714e-01 2.317429036e-01 2.545029223e-01 2.783769965e-01 3.033611178e-01
 9.325294197e-02 9.059759974e-02 8.508796990e-02 7.843804359e-02 7.142074406e-02
 6.407056749e-02 5.641536415e-02 4.847016186e-02 4.024047032e-02 3.172542155e-02
 2.292004228e-02 1.377376355e-02 4.413027782e-03-5.045741331e-03-1.449815650e-02
-2.385297790e-02-3.303247318e-02-4.197213426e-02-5.061987042e-02-5.893480033e-02
-6.688578427e-02-7.444974780e-02-8.161008358e-02-8.835484087e-02-9.467518330e-02
-1.005638093e-01-1.060135216e-01-1.110158935e-01-1.155600399e-01-1.196314543e-01
-1.232109517e-01-1.262736619e-01-1.287881434e-01-1.307154298e-01-1.320083439e-01
-1.326107681e-01-1.324571967e-01-1.314724088e-01-1.295716465e-01-1.266612113e-01
-1.226397604e-01-1.174006164e-01-1.108353138e-01-1.028387100e-01-9.331604838e-02
-8.219241351e-02-6.942443550e-02-5.501463637e-02-3.902777284e-02-2.160830051e-02
-2.997555304e-03 1.645150408e-02 3.626386076e-02 5.600533634e-02 7.569184899e-02
 9.534466267e-02 1.149879694e-01 1.346467137e-01 1.543432623e-01 1.740916073e-01
 1.938863993e-01 2.136814445e-01 2.333444953e-01 2.525579929e-01 2.706544399e-01
 9.140651673e-02 8.866646141e-02 8.295890689e-02 7.627876103e-02 6.928510964e-02
 6.197785586e-02 5.436238274e-02 4.644249380e-02 3.821819276e-02 2.968394011e-02
 2.082500979e-02 1.163038705e-02 2.228367375e-03-7.264901884e-03-1.674613357e-02
-2.612553909e-02-3.532701358e-02-4.428774863e-02-5.295738950e-02-6.129676476e-02
-6.927643716e-02-7.687503099e-02-8.407756686e-02-9.087374806e-02-9.725642204e-02
-1.032199711e-01-1.087589264e-01-1.138666868e-01-1.185342520e-01-1.227491200e-01
-1.264942288e-01-1.297469586e-01-1.324781775e-01-1.346513629e-01-1.362217665e-01
-1.371357441e-01-1.373300403e-01-1.367314756e-01-1.352567971e-01-1.328130960e-01
-1.292986721e-01-1.246049404e-01-1.186194196e-01-1.112302542e-01-1.023325771e-01
-9.183713794e-02-7.968148589e-02-6.584380567e-02-5.035911128e-02-3.333719820e-02
-1.498085167e-02 4.398080520e-03 2.436798997e-02 4.437691718e-02 6.417697668e-02
 8.378052711e-02 1.031923443e-01 1.224086434e-01 1.414131224e-01 1.601701379e-01
 1.786142886e-01 1.966349185e-01 2.140565068e-01 2.306205630e-01 2.459885627e-01
 8.971689641e-02 8.687998354e-02 8.125532418e-02 7.455201447e-02 6.755156815e-02
 6.025255471e-02 5.265225470e-02 4.474887997e-02 3.654160351e-02 2.803174593e-02
 1.909833029e-02 9.857778437e-03 4.267351469e-04-9.084817953e-03-1.857734099e-02
-2.796368301e-02-3.716982156e-02-4.613474756e-02-5.480970815e-02-6.315703690e-02
-7.114867866e-02-7.876459509e-02-8.599108458e-02-9.281910956e-02-9.924274683e-02
-1.052576751e-01-1.108597219e-01-1.160436571e-01-1.208019406e-01-1.251236200e-01
-1.289933026e-01-1.323901415e-01-1.352869123e-01-1.376491189e-01-1.394341439e-01
-1.405904442e-01-1.410569549e-01-1.407624781e-01-1.396255791e-01-1.375546753e-01
-1.344487071e-01-1.301987320e-01-1.246905178e-01-1.178085059e-01-1.094416603e-01
-9.949145466e-02-8.788241446e-02-7.457536459e-02-5.958327651e-02-4.298914969e-02
-2.496464550e-02-5.787299946e-03 1.414681878e-02 3.431898355e-02 5.416837335e-02
 7.368479669e-02 9.285612404e-02 1.116622016e-01 1.300701201e-01 1.480292976e-01
 1.654661298e-01 1.822788864e-01 1.983343512e-01 2.134694755e-01 2.275018841e-01
 8.848176897e-02 8.558932692e-02 7.989446819e-02 7.316981256e-02 6.616649032e-02
 5.887464434e-02 5.128555745e-02 4.339210317e-02 3.518839180e-02 2.666903287e-02
 1.772107184e-02 8.469665423e-03-9.666020051e-04-1.047822647e-02-1.996693015e-02
-2.934700623e-02-3.854584694e-02-4.750376940e-02-5.617322773e-02-6.451766193e-02
-7.251003385e-02-8.013126254e-02-8.736852556e-02-9.421367943e-02-1.006616503e-01
-1.067089736e-01-1.123523861e-01-1.175876260e-01-1.224081665e-01-1.268041730e-01
-1.307614297e-01-1.342604458e-01-1.372753978e-01-1.397733390e-01-1.417133063e-01
-1.430454850e-01-1.437105834e-01-1.436391771e-01-1.427515149e-01-1.409574002e-01
-1.381569207e-01-1.342415959e-01-1.290967464e-01-1.226051524e-01-1.146524549e-01
-1.051346436e-01-9.396806359e-02-8.110219240e-02-6.653504074e-02-5.033091456e-02
-3.263923526e-02-1.371275075e-02 6.077932194e-03 2.623681538e-02 4.614593089e-02
 6.559187919e-02 8.456641436e-02 1.030495837e-01 1.210087389e-01 1.383971125e-01
 1.551526040e-01 1.711975336e-01 1.864398569e-01 2.007773519e-01 2.141046822e-01
 8.749757707e-02 8.456525207e-02 7.878852636e-02 7.207300514e-02 6.509543955e-02
 5.783262104e-02 5.026992783e-02 4.239705577e-02 3.420591354e-02 2.568901703e-02
 1.674675196e-02 7.503844798e-03-1.921328017e-03-1.141973771e-02-2.089381590e-02
-3.025867790e-02-3.944256902e-02-4.838661104e-02-5.704400688e-02-6.537886709e-02
-7.336477935e-02-8.098319918e-02-8.822183311e-02-9.507299960e-02-1.015321165e-01
-1.075962111e-01-1.132625490e-01-1.185273826e-01-1.233848333e-01-1.278257072e-01
-1.318365633e-01-1.353987157e-01-1.384872794e-01-1.410703361e-01-1.431080103e-01
-1.445516944e-01-1.453433633e-01-1.454149187e-01-1.446878612e-01-1.430732906e-01
-1.404722780e-01-1.367771477e-01-1.318734884e-01-1.256436855e-01-1.179720089e-01
-1.087517440e-01-9.789493680e-02-8.534462750e-02-7.109009475e-02-5.518421531e-02
-3.776238114e-02-1.906095259e-02 5.673960550e-04 2.064493671e-02 4.057079554e-02
 5.994504690e-02 7.876282930e-02 9.700778127e-02 1.146523058e-01 1.316579282e-01
 1.479758322e-01 1.635482907e-01 1.783108413e-01 1.921958923e-01 2.051373720e-01
 8.645007014e-02 8.344469965e-02 7.782797515e-02 7.122302800e-02 6.433722377e-02
 5.714250356e-02 4.962978512e-02 4.179424047e-02 3.363093734e-02 2.513385564e-02
 1.621259376e-02 6.991473958e-03-2.411519643e-03-1.188778318e-02-2.134019323e-02
-3.068431094e-02-3.984878957e-02-4.877512157e-02-5.741681159e-02-6.573823094e-02
-7.371315360e-02-8.132320642e-02-8.855621517e-02-9.540462494e-02-1.018639654e-01
-1.079313606e-01-1.136042401e-01-1.188790202e-01-1.237499863e-01-1.282082051e-01
-1.322405338e-01-1.358285844e-01-1.389479339e-01-1.415670812e-01-1.436466724e-01
-1.451387405e-01-1.459858716e-01-1.461206973e-01-1.454654634e-01-1.439320743e-01
-1.414223611e-01-1.378293335e-01-1.330391616e-01-1.269345433e-01-1.193997636e-01
-1.103275716e-01-9.962877631e-02-8.724430203e-02-7.316014171e-02-5.742452666e-02
-4.016668350e-02-2.161511779e-02-2.112966962e-03 1.787335798e-02 3.775631636e-02
 5.704312027e-02 7.572966814e-02 9.380184114e-02 1.112359315e-01 1.279994845e-01
 1.440523863e-01 1.593487561e-01 1.738390625e-01 1.874731928e-01 2.002037764e-01
 8.543337882e-02 8.223210275e-02 7.704226673e-02 7.075119019e-02 6.399208307e-02
 5.687035620e-02 4.941027984e-02 4.161797464e-02 3.349269927e-02 2.503020316e-02
 1.614243910e-02 6.953492761e-03-2.418952761e-03-1.186655462e-02-2.129238471e-02
-3.061212040e-02-3.975445405e-02-4.866083339e-02-5.728466436e-02-6.559015810e-02
-7.355087996e-02-8.114822954e-02-8.836979419e-02-9.520778060e-02-1.016574353e-01
-1.077156588e-01-1.133796275e-01-1.186455339e-01-1.235074550e-01-1.279562861e-01
-1.319786608e-01-1.355560869e-01-1.386639625e-01-1.412706822e-01-1.433368623e-01
-1.448144168e-01-1.456459761e-01-1.457642317e-01-1.450915635e-01-1.435400546e-01
-1.410119087e-01-1.374005973e-01-1.325929463e-01-1.264725029e-01-1.189245880e-01
-1.098432839e-01-9.914095700e-02-8.676034212e-02-7.268938422e-02-5.697838217e-02
-3.975849226e-02-2.125984058e-02-1.826519030e-03 1.807505824e-02 3.785863519e-02
 5.703837425e-02 7.561030984e-02 9.356068820e-02 1.108666956e-01 1.274974793e-01
 1.434154809e-01 1.585782319e-01 1.729406416e-01 1.864576638e-01 1.990872473e-01
 8.606810868e-02 8.306401968e-02 7.749855518e-02 7.098646462e-02 6.418619305e-02
 5.707383156e-02 4.964225739e-02 4.188759625e-02 3.380543739e-02 2.538996749e-02
 1.654694974e-02 7.399788592e-03-1.934233820e-03-1.134697162e-02-2.074149251e-02
-3.003330901e-02-3.915080056e-02-4.803498462e-02-5.663876235e-02-6.492578983e-02
-7.286902517e-02-8.044925332e-02-8.765344322e-02-9.447316825e-02-1.009030715e-01
-1.069394201e-01-1.125787795e-01-1.178167313e-01-1.226467267e-01-1.270590127e-01
-1.310396194e-01-1.345693916e-01-1.376230270e-01-1.401682645e-01-1.421650052e-01
-1.435644925e-01-1.443087012e-01-1.443297267e-01-1.435494572e-01-1.418796480e-01
-1.392224133e-01-1.354714632e-01-1.305143833e-01-1.242360771e-01-1.165240407e-01
-1.072755307e-01-9.640732408e-02-8.386792243e-02-6.965253502e-02-5.382024497e-02
-3.651230782e-02-1.796990633e-02 1.451423392e-03 2.127407119e-02 4.090107605e-02
 5.995362997e-02 7.842621207e-02 9.630265087e-02 1.135572195e-01 1.301556528e-01
 1.460563838e-01 1.612123251e-01 1.755729914e-01 1.890875399e-01 2.017080039e-01
 8.665081859e-02 8.370850980e-02 7.816499472e-02 7.162487507e-02 6.481000781e-02
 5.770664290e-02 5.030287430e-02 4.258990660e-02 3.456033766e-02 2.620683610e-02
 1.742184907e-02 8.328082040e-03-9.576512966e-04-1.032735780e-02-1.968394220e-02
-2.894246951e-02-3.803066909e-02-4.688873887e-02-5.546867847e-02-6.373314559e-02
-7.165412605e-02-7.921136916e-02-8.639082313e-02-9.318307042e-02-9.958173335e-02
-1.055821031e-01-1.111797243e-01-1.163691729e-01-1.211428717e-01-1.254899949e-01
-1.293954551e-01-1.328389049e-01-1.357939094e-01-1.382269263e-01-1.400965750e-01
-1.413528323e-01-1.419363916e-01-1.417781711e-01-1.407990456e-01-1.389099956e-01
-1.360127777e-01-1.320013702e-01-1.267643720e-01-1.201888770e-01-1.121659949e-01
-1.025984287e-01-9.141054749e-02-7.856100053e-02-6.405788660e-02-4.797593504e-02
-3.047446534e-02-1.181433629e-02 7.629170083e-03 2.736106887e-02 4.677330703e-02
 6.568507850e-02 8.408308029e-02 1.019445509e-01 1.192370504e-01 1.359183043e-01
 1.519366205e-01 1.672319919e-01 1.817383021e-01 1.953866482e-01 2.081100345e-01
 8.754899353e-02 8.468900621e-02 7.905881107e-02 7.255138457e-02 6.577154249e-02
 5.870694667e-02 5.134958401e-02 4.369271174e-02 3.573048115e-02 2.745725960e-02
 1.874771155e-02 9.723491967e-03 5.004320992e-04-8.813798428e-03-1.812182181e-02
-2.733796835e-02-3.638891503e-02-4.521363974e-02-5.376277491e-02-6.199757755e-02
-6.988859177e-02-7.741414756e-02-8.455877006e-02-9.131160378e-02-9.766490757e-02
-1.036125645e-01-1.091487110e-01-1.142664999e-01-1.189568713e-01-1.232074946e-01
-1.270017028e-01-1.303175092e-01-1.331267655e-01-1.353941560e-01-1.370764971e-01
-1.381219327e-01-1.384694278e-01-1.380482316e-01-1.367778927e-01-1.345684230e-01
-1.313212812e-01-1.269310266e-01-1.212881133e-01-1.142832041e-01-1.058130562e-01
-9.578879178e-02-8.414635062e-02-7.085962594e-02-5.595590547e-02-3.953292221e-02
-2.177637257e-02-2.975599142e-03 1.646523550e-02 3.602395207e-02 5.520488322e-02
 7.399223745e-02 9.236554801e-02 1.102963611e-01 1.277456880e-01 1.446619332e-01
 1.609793305e-01 1.766174138e-01 1.914822310e-01 2.054701149e-01 2.184748203e-01
 8.843378723e-02 8.564392477e-02 8.021348715e-02 7.377596200e-02 6.705574691e-02
 6.004900485e-02 5.275187641e-02 4.516159371e-02 3.727653623e-02 2.909763902e-02
 2.048825100e-02 1.155827194e-02 2.419833094e-03-6.819955539e-03-1.606298983e-02
-2.522230148e-02-3.422299027e-02-4.300228134e-02-5.150899291e-02-5.970251560e-02
-6.755151600e-02-7.503245771e-02-8.212801814e-02-8.882552385e-02-9.511540830e-02
-1.009897292e-01-1.064408198e-01-1.114599481e-01-1.160361618e-01-1.201551557e-01
-1.237982213e-01-1.269412935e-01-1.295539737e-01-1.315987706e-01-1.330302358e-01
-1.337942779e-01-1.338278055e-01-1.330582201e-01-1.314036548e-01-1.287733763e-01
-1.250690520e-01-1.201868057e-01-1.140204370e-01-1.064663231e-01-9.742997587e-02
-8.683480322e-02-7.463337481e-02-6.082091480e-02-4.545088112e-02-2.865175717e-02
-1.064337045e-02 8.249549195e-03 2.758981287e-02 4.683009908e-02 6.580861658e-02
 8.451656997e-02 1.029379368e-01 1.210472882e-01 1.388065219e-01 1.561604738e-01
 1.730319262e-01 1.893164217e-01 2.048790157e-01 2.195558846e-01 2.331645191e-01
 8.970947564e-02 8.702063560e-02 8.168323338e-02 7.532619685e-02 6.867451221e-02
 6.172896177e-02 5.449180678e-02 4.696435481e-02 3.914450482e-02 3.102457151e-02
 2.258696780e-02 1.379551739e-02 4.773773719e-03-4.365486093e-03-1.352079213e-02
-2.260265499e-02-3.153391182e-02-4.024956003e-02-4.869616777e-02-5.683084577e-02
-6.461997330e-02-7.203772664e-02-7.906450331e-02-8.568537980e-02-9.188853204e-02
-9.766376764e-02-1.030011326e-01-1.078896001e-01-1.123158634e-01-1.162632108e-01
-1.197104454e-01-1.226309389e-01-1.249917522e-01-1.267527342e-01-1.278659105e-01
-1.282747984e-01-1.279140711e-01-1.267095059e-01-1.245781705e-01-1.214293391e-01
-1.171660423e-01-1.116877049e-01-1.048939601e-01-9.669016302e-02-8.699469268e-02
-7.574854791e-02-6.292708218e-02-4.855394363e-02-3.271657974e-02-1.558226254e-02
 2.587171504e-03 2.142433822e-02 4.045204818e-02 5.935820937e-02 7.814280689e-02
 9.680467844e-02 1.153392270e-01 1.337352991e-01 1.519705057e-01 1.700042337e-01
 1.877670884e-01 2.051457167e-01 2.219633311e-01 2.379619181e-01 2.528049946e-01
 9.142443538e-02 8.886279166e-02 8.352448046e-02 7.726071775e-02 7.066208869e-02
 6.375443190e-02 5.656179786e-02 4.909598082e-02 4.136035964e-02 3.335288912e-02
 2.506815270e-02 1.642378047e-02 7.539203390e-03-1.474319492e-03-1.051522046e-02
-1.949291676e-02-2.832851186e-02-3.695488721e-02-4.531620443e-02-5.336704850e-02
-6.107115746e-02-6.840004027e-02-7.533138990e-02-8.184760809e-02-8.793414384e-02
-9.357811511e-02-9.876682609e-02-1.034865007e-01-1.077210307e-01-1.114508510e-01
-1.146518961e-01-1.172946244e-01-1.193431839e-01-1.207546145e-01-1.214782596e-01
-1.214552969e-01-1.206185371e-01-1.188925952e-01-1.161944717e-01-1.124348789e-01
-1.075202599e-01-1.013560891e-01-9.385140240e-02-8.492504060e-02-7.451380789e-02
-6.258269399e-02-4.913713038e-02-3.423696756e-02-1.801133901e-02-6.731344620e-04
 1.746900007e-02 3.600370139e-02 5.454710871e-02 7.310318202e-02 9.168149531e-02
 1.102959812e-01 1.289637089e-01 1.477029324e-01 1.665299237e-01 1.854532063e-01
 2.044627070e-01 2.235086113e-01 2.424567938e-01 2.609909475e-01 2.784506679e-01
 9.372323751e-02 9.140746295e-02 8.617359400e-02 7.975958288e-02 7.304847240e-02
 6.608963013e-02 5.889892951e-02 5.148003995e-02 4.383162409e-02 3.595050052e-02
 2.783454768e-02 1.936819963e-02 1.065685600e-02 1.806508051e-03-7.082642987e-03
-1.591948047e-02-2.462355793e-02-3.312559053e-02-4.136721045e-02-4.930019379e-02
-5.688533932e-02-6.409110129e-02-7.089208066e-02-7.726752758e-02-8.319976181e-02
-8.867270499e-02-9.367049485e-02-9.817613661e-02-1.021703109e-01-1.056302041e-01
-1.085285395e-01-1.108325869e-01-1.125034541e-01-1.134953350e-01-1.137550771e-01
-1.132219136e-01-1.118275300e-01-1.094965488e-01-1.061475873e-01-1.016950384e-01
-9.605184197e-02-8.913339674e-02-8.086298406e-02-7.117877901e-02-6.004279852e-02
-4.745162278e-02-3.344877809e-02-1.813817024e-02-1.697526081e-03 1.560978405e-02
 3.342670947e-02 5.134997517e-02 6.938603520e-02 8.754933625e-02 1.058632284e-01
 1.243611202e-01 1.430876553e-01 1.621004641e-01 1.814719737e-01 2.012917995e-01
 2.216697037e-01 2.427403033e-01 2.646753192e-01 2.877379060e-01 3.119209111e-01
 9.694705904e-02 9.509557486e-02 8.941809833e-02 8.253297210e-02 7.559800893e-02
 6.854885817e-02 6.135067344e-02 5.398305133e-02 4.643113166e-02 3.868120909e-02
 3.071753681e-02 2.251753956e-02 1.404415630e-02 5.411917344e-03-3.274876624e-03
-1.192248240e-02-2.044809982e-02-2.877993509e-02-3.685685247e-02-4.462759197e-02
-5.204970762e-02-5.908827484e-02-6.571440399e-02-7.190378010e-02-7.763513923e-02
-8.288878202e-02-8.764523268e-02-9.188386053e-02-9.558175504e-02-9.871254861e-02
-1.012455150e-01-1.031446680e-01-1.043680906e-01-1.048673913e-01-1.045874804e-01
-1.034665108e-01-1.014363766e-01-9.842355549e-02-9.435076267e-02-8.913938701e-02
-8.271293342e-02-7.500188053e-02-6.594979763e-02-5.552123487e-02-4.371120781e-02
-3.055607341e-02-1.614544541e-02-6.342672859e-04 1.574628055e-02 3.268075734e-02
 4.978877306e-02 6.707422435e-02 8.454907686e-02 1.022351682e-01 1.201663390e-01
 1.383912116e-01 1.569768488e-01 1.760137677e-01 1.956230998e-01 2.159666717e-01
 2.372620106e-01 2.598053217e-01 2.840075195e-01 3.104469478e-01 3.386996090e-01
 9.912958741e-02 9.749718010e-02 9.175728261e-02 8.485257626e-02 7.789984345e-02
 7.086546719e-02 6.372493505e-02 5.645844713e-02 4.904979467e-02 4.148482159e-02
 3.375021741e-02 2.583280765e-02 1.763751544e-02 9.274296463e-03 8.453500341e-04
-7.555898279e-03-1.584570482e-02-2.395041659e-02-3.180635720e-02-3.935924917e-02
-4.656326771e-02-5.337983370e-02-5.977626145e-02-6.572429836e-02-7.119870186e-02
-7.617575675e-02-8.063197136e-02-8.454276621e-02-8.788134158e-02-9.061761200e-02
-9.271734953e-02-9.414140135e-02-9.484520555e-02-9.477843344e-02-9.388503432e-02
-9.210355580e-02-8.936807513e-02-8.560959995e-02-8.075836301e-02-7.474699616e-02
-6.751480699e-02-5.901342630e-02-4.921379685e-02-3.811454773e-02-2.575172484e-02
-1.220931020e-02 2.370156348e-03 1.777615771e-02 3.372304887e-02 4.989095777e-02
 6.627633423e-02 8.288241178e-02 9.972091019e-02 1.168140769e-01 1.341973245e-01
 1.519225836e-01 1.700630039e-01 1.887192130e-01 2.080283165e-01 2.281765342e-01
 2.494169623e-01 2.720932662e-01 2.966670096e-01 3.237348795e-01 3.526709378e-01
 1.003656685e-01 9.887172282e-02 9.343837202e-02 8.665487170e-02 7.980452478e-02
 7.288169861e-02 6.587384641e-02 5.876884609e-02 5.155552551e-02 4.422383755e-02
 3.676532209e-02 2.917482331e-02 2.131876722e-02 1.329170354e-02 5.189814605e-03
-2.895374317e-03-1.087990589e-02-1.868864521e-02-2.625557035e-02-3.352341428e-02
-4.044289514e-02-4.697163776e-02-5.307289958e-02-5.871423706e-02-6.386609375e-02
-6.850045919e-02-7.258955389e-02-7.610462606e-02-7.901489735e-02-8.128656447e-02
-8.288212121e-02-8.375969529e-02-8.387279510e-02-8.317029476e-02-8.159673214e-02
-7.909318805e-02-7.559868693e-02-7.105225325e-02-6.539593637e-02-5.857878923e-02
-5.056193843e-02-4.132494703e-02-3.087336570e-02-1.924735308e-02-6.531012245e-03
 7.137996145e-03 2.155963331e-02 3.646729141e-02 5.163642392e-02 6.705257297e-02
 8.270646632e-02 9.859514236e-02 1.147233322e-01 1.311052591e-01 1.477667689e-01
 1.647482514e-01 1.821082085e-01 1.999283731e-01 2.183204889e-01 2.374360263e-01
 2.574810982e-01 2.787407637e-01 3.016252518e-01 3.267716467e-01 3.529978991e-01
 1.012814716e-01 9.995735437e-02 9.460686147e-02 8.797220886e-02 8.128143847e-02
 7.452755421e-02 6.770498306e-02 6.080834940e-02 5.383175611e-02 4.676808789e-02
 3.960806876e-02 3.233854473e-02 2.493792027e-02 1.734007522e-02 9.650092572e-03
 1.962860348e-03-5.635753274e-03-1.306871325e-02-2.026763931e-02-2.717236057e-02
-3.373018652e-02-3.989490122e-02-4.562565312e-02-5.088564754e-02-5.564089492e-02
-5.985893309e-02-6.350761652e-02-6.655403972e-02-6.896357238e-02-7.069902867e-02
-7.172015309e-02-7.198324054e-02-7.144112885e-02-7.004354149e-02-6.773787737e-02
-6.447056681e-02-6.018909812e-02-5.484481528e-02-4.839662462e-02-4.081571847e-02
-3.209134191e-02-2.223763056e-02-1.130123995e-02 6.304758717e-04 1.342177484e-02
 2.688073739e-02 4.074423015e-02 5.491308495e-02 6.935957074e-02 8.406043053e-02
 9.899695963e-02 1.141554415e-01 1.295279711e-01 1.451135278e-01 1.609192193e-01
 1.769617498e-01 1.932689846e-01 2.098816633e-01 2.268549204e-01 2.442596108e-01
 2.621826231e-01 2.807252705e-01 2.999944091e-01 3.200478554e-01 3.399171233e-01
 1.016586423e-01 1.004870608e-01 9.525654465e-02 8.881062269e-02 8.231532574e-02
 7.576143742e-02 6.915288419e-02 6.249446794e-02 5.578824133e-02 4.903286695e-02
 4.222424328e-02 3.535675257e-02 2.842598781e-02 2.131552249e-02 1.411304902e-02
 6.906700321e-03-2.199496957e-04-7.189929485e-03-1.393355802e-02-2.038839459e-02
-2.649873868e-02-3.221482784e-02-3.749182448e-02-4.228872061e-02-4.656717926e-02
-5.029040575e-02-5.342210829e-02-5.592552200e-02-5.776264891e-02-5.889366567e-02
-5.927660316e-02-5.886729062e-02-5.761970952e-02-5.548678339e-02-5.242165551e-02
-4.837966710e-02-4.332096875e-02-3.721403331e-02-3.003998660e-02-2.179790288e-02
-1.251094788e-02-2.233272186e-03 8.942836896e-03 2.087858319e-02 3.338859975e-02
 4.626488686e-02 5.948805064e-02 7.302203774e-02 8.683284372e-02 1.008885503e-01
 1.151595116e-01 1.296187043e-01 1.442421377e-01 1.590093374e-01 1.739038378e-01
 1.889133751e-01 2.040295601e-01 2.192466855e-01 2.345588803e-01 2.499541342e-01
 2.654033303e-01 2.808392048e-01 2.961156964e-01 3.109215200e-01 3.245986104e-01
 1.012512296e-01 1.001457721e-01 9.534615278e-02 8.920614421e-02 8.291929215e-02
 7.655146718e-02 7.014836371e-02 6.373269856e-02 5.731366575e-02 5.089254677e-02
 4.446550831e-02 3.802485019e-02 3.155864775e-02 2.504755743e-02 1.842861995e-02
 1.179549564e-02 5.233025178e-03-1.181300264e-03-7.376858965e-03-1.328953169e-02
-1.886119880e-02-2.403904125e-02-2.877471223e-02-3.302338719e-02-3.674281016e-02
-3.989233822e-02-4.243207723e-02-4.432216287e-02-4.552218318e-02-4.599089921e-02
-4.568617791e-02-4.456537217e-02-4.258605465e-02-3.970729560e-02-3.589151800e-02
-3.110700846e-02-2.533117682e-02-1.855454780e-02-1.078552939e-02-2.055920893e-03
 7.573327515e-03 1.800501719e-02 2.910537645e-02 4.066535085e-02 5.265158415e-02
 6.502283365e-02 7.774095982e-02 9.076652676e-02 1.040591598e-01 1.175778210e-01
 1.312809289e-01 1.451267004e-01 1.590732783e-01 1.730792224e-01 1.871035993e-01
 2.011058033e-01 2.150448412e-01 2.288774550e-01 2.425545305e-01 2.560150623e-01
 2.691765130e-01 2.819208205e-01 2.940763831e-01 3.054021001e-01 3.155920506e-01
 1.016015261e-01 1.009954512e-01 9.589783847e-02 8.948007226e-02 8.312694728e-02
 7.681745291e-02 7.056795061e-02 6.438472867e-02 5.826703459e-02 5.220987648e-02
 4.620583355e-02 4.024637863e-02 3.432331979e-02 2.843137830e-02 2.245806530e-02
 1.647792757e-02 1.056734845e-02 4.800034687e-03-7.547163405e-04-6.032556761e-03
-1.097402908e-02-1.552417502e-02-1.963194273e-02-2.324949205e-02-2.633145824e-02
-2.883425169e-02-3.071543947e-02-3.193327785e-02-3.244644031e-02-3.221404552e-02
-3.119597584e-02-2.935364470e-02-2.665120177e-02-2.305730805e-02-1.854750142e-02
-1.310723647e-02-6.735641509e-03 5.502501153e-04 8.710963652e-03 1.767816767e-02
 2.735495940e-02 3.758242726e-02 4.830805212e-02 5.949863419e-02 7.111865282e-02
 8.312942088e-02 9.548977017e-02 1.081555188e-01 1.210792810e-01 1.342102289e-01
 1.474940032e-01 1.608729362e-01 1.742863059e-01 1.876707375e-01 2.009610534e-01
 2.140905708e-01 2.269915193e-01 2.395945191e-01 2.518272400e-01 2.636116147e-01
 2.748600245e-01 2.854704261e-01 2.953233719e-01 3.042824268e-01 3.122029901e-01
 1.013309956e-01 1.011184305e-01 9.586231411e-02 8.904706687e-02 8.253112435e-02
 7.624849677e-02 7.015877217e-02 6.423571706e-02 5.845925957e-02 5.281220749e-02
 4.727908969e-02 4.184576496e-02 3.649895638e-02 3.122496046e-02 2.600593306e-02
 2.077137679e-02 1.560132392e-02 1.056914404e-02 5.743185058e-03 1.187360380e-03
-3.038524184e-03-6.878443994e-03-1.027975976e-02-1.319277380e-02-1.557026803e-02
-1.736709103e-02-1.853983663e-02-1.904666983e-02-1.884739846e-02-1.790383831e-02
-1.618055999e-02-1.364603080e-02-1.027426869e-02-6.047090515e-03-9.568366804e-04
 4.990408197e-03 1.177000627e-02 1.933444664e-02 2.761583030e-02 3.649004176e-02
 4.592725635e-02 5.590321124e-02 6.638754159e-02 7.734825462e-02 8.875063062e-02
 1.005563512e-01 1.127227098e-01 1.252018511e-01 1.379399896e-01 1.508766711e-01
 1.639443934e-01 1.770683825e-01 1.901670396e-01 2.031528354e-01 2.159339190e-01
 2.284163535e-01 2.405065447e-01 2.521136999e-01 2.631515861e-01 2.735397816e-01
 2.832034230e-01 2.920726538e-01 3.000821769e-01 3.071720004e-01 3.132900596e-01
 9.892585129e-02 9.881077707e-02 9.368494153e-02 8.692947030e-02 8.051377535e-02
 7.441671193e-02 6.860214472e-02 6.303550303e-02 5.768582970e-02 5.252645165e-02
 4.753500968e-02 4.269342124e-02 3.798794001e-02 3.340966254e-02 2.895655110e-02
 2.451730892e-02 2.015320212e-02 1.592792384e-02 1.190451719e-02 8.144007996e-03
 4.704785533e-03 1.642418676e-03-9.903402533e-04-3.143465146e-03-4.769559484e-03
-5.823782180e-03-6.263845600e-03-6.050156429e-03-5.146184005e-03-3.519188147e-03
-1.141431043e-03 2.008378273e-03 5.943299271e-03 1.066505816e-02 1.616115868e-02
 2.240579203e-02 2.934738249e-02 3.688298166e-02 4.502879828e-02 5.376423895e-02
 6.306806952e-02 7.291835546e-02 8.329091966e-02 9.415873140e-02 1.054911241e-01
 1.172526628e-01 1.294019222e-01 1.418900341e-01 1.546591818e-01 1.676410139e-01
 1.807552278e-01 1.939087808e-01 2.069956064e-01 2.198980451e-01 2.324896157e-01
 2.446397543e-01 2.562201023e-01 2.671114206e-01 2.772104442e-01 2.864348292e-01
 2.947262526e-01 3.020505905e-01 3.083959818e-01 3.137692213e-01 3.181921244e-01
 9.477017820e-02 9.474314749e-02 8.946724981e-02 8.287966251e-02 7.674570382e-02
 7.101434469e-02 6.563931704e-02 6.057387590e-02 5.577584356e-02 5.120977014e-02
 4.684738815e-02 4.266717285e-02 3.865357861e-02 3.479608893e-02 3.108785488e-02
 2.752274089e-02 2.402953245e-02 2.067027986e-02 1.750519499e-02 1.459264755e-02
 1.198880933e-02 9.747523814e-03 7.920182310e-03 6.555488333e-03 5.699080415e-03
 5.393212195e-03 5.676437169e-03 6.583268754e-03 8.143748157e-03 1.038262062e-02
 1.331668720e-02 1.695340127e-02 2.129247226e-02 2.631684765e-02 3.197751939e-02
 3.825970367e-02 4.516324028e-02 5.267305672e-02 6.078050286e-02 6.947476417e-02
 7.874342054e-02 8.857241273e-02 9.894555807e-02 1.098437905e-01 1.212441474e-01
 1.331183761e-01 1.454312205e-01 1.581381261e-01 1.711827219e-01 1.844935715e-01
 1.979810596e-01 2.115341127e-01 2.250181735e-01 2.382750958e-01 2.511265874e-01
 2.633823454e-01 2.748531401e-01 2.853667140e-01 2.947839797e-01 3.030113280e-01
 3.100073934e-01 3.157828748e-01 3.203940094e-01 3.239304721e-01 3.265008330e-01
 8.790740371e-02 8.774825186e-02 8.283036947e-02 7.659797370e-02 7.095433772e-02
 6.581708789e-02 6.109875068e-02 5.672488362e-02 5.263724178e-02 4.879245162e-02
 4.515947029e-02 4.171713814e-02 3.845219687e-02 3.535792232e-02 3.243335709e-02
 2.968338877e-02 2.708518878e-02 2.461774647e-02 2.233554423e-02 2.029295079e-02
 1.854196377e-02 1.713288203e-02 1.611416601e-02 1.553194970e-02 1.542817988e-02
 1.583997160e-02 1.679890603e-02 1.833055168e-02 2.045491710e-02 2.319046482e-02
 2.653927542e-02 3.047970682e-02 3.501942754e-02 4.016543925e-02 4.591426626e-02
 5.226252973e-02 5.920814723e-02 6.674801558e-02 7.487928867e-02 8.359884471e-02
 9.290306270e-02 1.027874947e-01 1.132464334e-01 1.242722422e-01 1.358542740e-01
 1.479774266e-01 1.606200635e-01 1.737511158e-01 1.873261631e-01 2.012824118e-01
 2.155320048e-01 2.299543321e-01 2.443876266e-01 2.586221099e-01 2.723986506e-01
 2.854188681e-01 2.973714471e-01 3.079704940e-01 3.169955611e-01 3.243194222e-01
 3.299207091e-01 3.338820040e-01 3.363748491e-01 3.376299739e-01 3.378973603e-01
 7.816390693e-02 7.774463296e-02 7.311800122e-02 6.758054346e-02 6.284647435e-02
 5.868640915e-02 5.493759364e-02 5.149739981e-02 4.830218852e-02 4.531276226e-02
 4.250562936e-02 3.986783698e-02 3.739392012e-02 3.508412838e-02 3.294340894e-02
 3.098095953e-02 2.920991927e-02 2.762815915e-02 2.621712163e-02 2.503210679e-02
 2.411534637e-02 2.351098880e-02 2.326291613e-02 2.341755293e-02 2.401126921e-02
 2.507379279e-02 2.662618272e-02 2.867750265e-02 3.121704794e-02 3.430148587e-02
 3.793595731e-02 4.212328047e-02 4.686862230e-02 5.217750371e-02 5.805424601e-02
 6.450280547e-02 7.152731717e-02 7.913210988e-02 8.732208610e-02 9.610268474e-02
 1.054800004e-01 1.154606938e-01 1.260518730e-01 1.372607499e-01 1.490939260e-01
 1.615563929e-01 1.746497452e-01 1.883693486e-01 2.027002126e-01 2.176103741e-01
 2.330412269e-01 2.488932312e-01 2.650053203e-01 2.811275721e-01 2.968905866e-01
 3.117918968e-01 3.252405226e-01 3.366785645e-01 3.457050920e-01 3.521253765e-01
 3.559490442e-01 3.573840261e-01 3.568287492e-01 3.548187017e-01 3.519006968e-01
 6.381461024e-02 6.255871058e-02 5.882754922e-02 5.528071150e-02 5.239408463e-02
 4.980512708e-02 4.739952087e-02 4.513160139e-02 4.298301414e-02 4.094839096e-02
 3.902937099e-02 3.723178804e-02 3.556429595e-02 3.403772414e-02 3.266481310e-02
 3.146020323e-02 3.044062480e-02 2.962531894e-02 2.901425958e-02 2.865330130e-02
 2.851801924e-02 2.865055948e-02 2.907654829e-02 2.988248505e-02 3.108202294e-02
 3.269951046e-02 3.475163132e-02 3.725289553e-02 4.021658003e-02 4.366102070e-02
 4.759971052e-02 5.204349756e-02 5.700224638e-02 6.248537451e-02 6.850212812e-02
 7.506193966e-02 8.217483759e-02 8.985179663e-02 9.810508788e-02 1.069486216e-01
 1.163983494e-01 1.264725924e-01 1.371923685e-01 1.485818326e-01 1.606683880e-01
 1.734828055e-01 1.870588958e-01 2.014324367e-01 2.166389227e-01 2.327090949e-01
 2.496607900e-01 2.674841881e-01 2.861154974e-01 3.053880036e-01 3.249312937e-01
 3.439517915e-01 3.610009253e-01 3.746415973e-01 3.842256665e-01 3.895903230e-01
 3.908019066e-01 3.881595135e-01 3.823897243e-01 3.749155402e-01 3.672350049e-01
 4.411625862e-02 4.049756005e-02 4.066129774e-02 4.113924503e-02 4.081847146e-02
 4.010615498e-02 3.918547556e-02 3.815592825e-02 3.708104417e-02 3.600629419e-02
 3.496694192e-02 3.399195150e-02 3.310623020e-02 3.233202547e-02 3.168990090e-02
 3.119938634e-02 3.087935224e-02 3.074803762e-02 3.082239255e-02 3.112242557e-02
 3.166435659e-02 3.247154877e-02 3.357043862e-02 3.499259800e-02 3.676230460e-02
 3.890085593e-02 4.142661393e-02 4.435599223e-02 4.770426452e-02 5.148636550e-02
 5.571616441e-02 6.040662527e-02 6.557026505e-02 7.121954858e-02 7.736729085e-02
 8.402705193e-02 9.121357650e-02 9.894322604e-02 1.072345152e-01 1.161086410e-01
 1.255902052e-01 1.357079446e-01 1.464957744e-01 1.579938978e-01 1.702502817e-01
 1.833224148e-01 1.972793639e-01 2.122042328e-01 2.281967998e-01 2.453759462e-01
 2.638813257e-01 2.838727236e-01 3.055260181e-01 3.290272951e-01 3.545828462e-01
 3.825564384e-01 4.075441658e-01 4.245023131e-01 4.346827269e-01 4.387408197e-01
 4.361195266e-01 4.273379445e-01 4.115673304e-01 3.937677145e-01 3.801321685e-01
 3.048755974e-02 2.611807734e-02 2.714324929e-02 2.913660929e-02 3.033502586e-02
 3.096858039e-02 3.121867031e-02 3.121870011e-02 3.106663935e-02 3.083594888e-02
 3.058315441e-02 3.035290167e-02 3.018141538e-02 3.009892255e-02 3.013141453e-02
 3.030189127e-02 3.063125536e-02 3.113897890e-02 3.184360266e-02 3.276351467e-02
 3.391695395e-02 3.532321379e-02 3.700245544e-02 3.897522762e-02 4.126080126e-02
 4.387698323e-02 4.684019834e-02 5.016570911e-02 5.386800319e-02 5.796105787e-02
 6.245850027e-02 6.737384200e-02 7.272072136e-02 7.851330936e-02 8.476659656e-02
 9.149683267e-02 9.872195125e-02 1.064620614e-01 1.147399992e-01 1.235820726e-01
 1.330188960e-01 1.430865079e-01 1.538277566e-01 1.652942300e-01 1.775486171e-01
 1.906680763e-01 2.047487646e-01 2.199119478e-01 2.363125980e-01 2.541512251e-01
 2.736896873e-01 2.952718139e-01 3.193457425e-01 3.464830220e-01 3.773894906e-01
 4.104299247e-01 4.355914593e-01 4.526684582e-01 4.621109962e-01 4.635943770e-01
 4.573546648e-01 4.422442913e-01 4.197546244e-01 4.003282189e-01 3.846274614e-01
 2.118225954e-02 1.643856615e-02 1.765848510e-02 2.005510777e-02 2.184657566e-02
 2.315386757e-02 2.409446985e-02 2.477525361e-02 2.528690547e-02 2.570357546e-02
 2.608487010e-02 2.647855505e-02 2.692323923e-02 2.745067701e-02 2.808760852e-02
 2.885717154e-02 2.977992967e-02 3.087461926e-02 3.215870634e-02 3.364881873e-02
 3.536105901e-02 3.731127456e-02 3.951513767e-02 4.198797792e-02 4.474455118e-02
 4.779890925e-02 5.116446316e-02 5.485408008e-02 5.888032913e-02 6.325568259e-02
 6.799273193e-02 7.310448587e-02 7.860458642e-02 8.450762928e-02 9.082949162e-02
 9.758767486e-02 1.048016548e-01 1.124933809e-01 1.206877604e-01 1.294133514e-01
 1.387032270e-01 1.485960782e-01 1.591376662e-01 1.703828871e-01 1.823983788e-01
 1.952663660e-01 2.090898454e-01 2.240002751e-01 2.401688546e-01 2.578238845e-01
 2.772783041e-01 2.989746630e-01 3.235575855e-01 3.519637585e-01 3.851817846e-01
 4.144807458e-01 4.364692569e-01 4.511856437e-01 4.584124684e-01 4.581117034e-01
 4.489778280e-01 4.302989841e-01 4.101397991e-01 3.932551146e-01 3.790129721e-01
 1.516172383e-02 1.016274653e-02 1.097682305e-02 1.333131175e-02 1.521796826e-02
 1.672009379e-02 1.793579757e-02 1.895646378e-02 1.986044273e-02 2.071153745e-02
 2.156034485e-02 2.244676836e-02 2.340268344e-02 2.445425093e-02 2.562364563e-02
 2.693030052e-02 2.839166671e-02 3.002371639e-02 3.184122220e-02 3.385795653e-02
 3.608683497e-02 3.854005411e-02 4.122919217e-02 4.416526854e-02 4.735882208e-02
 5.081996694e-02 5.455855280e-02 5.858431011e-02 6.290706247e-02 6.753695756e-02
 7.248470187e-02 7.776182890e-02 8.338096738e-02 8.935610205e-02 9.570284188e-02
 1.024386883e-01 1.095832437e-01 1.171585768e-01 1.251894832e-01 1.337040365e-01
 1.427341104e-01 1.523162127e-01 1.624925882e-01 1.733126640e-01 1.848349124e-01
 1.971296072e-01 2.102821767e-01 2.243982553e-01 2.396105826e-01 2.560894489e-01
 2.740586400e-01 2.938236594e-01 3.158276677e-01 3.408190012e-01 3.675020933e-01
 3.898463249e-01 4.069129825e-01 4.183943272e-01 4.241756499e-01 4.233539402e-01
 4.156132936e-01 4.017742574e-01 3.885062933e-01 3.763938844e-01 3.654767871e-01
 1.126027107e-02 5.913264584e-03 6.529968232e-03 8.536911570e-03 1.011708472e-02
 1.141321659e-02 1.254742593e-02 1.361345965e-02 1.467748731e-02 1.578411646e-02
 1.696325094e-02 1.823582686e-02 1.961796731e-02 2.112358809e-02 2.276580967e-02
 2.455750294e-02 2.651130222e-02 2.863935940e-02 3.095303476e-02 3.346266598e-02
 3.617745638e-02 3.910551965e-02 4.225400835e-02 4.562936723e-02 4.923754930e-02
 5.308426172e-02 5.717517436e-02 6.151615456e-02 6.611350179e-02 7.097416371e-02
 7.610605657e-02 8.151835203e-02 8.722176403e-02 9.322881699e-02 9.955404699e-02
 1.062141508e-01 1.132279634e-01 1.206165850e-01 1.284033358e-01 1.366138160e-01
 1.452760994e-01 1.544210613e-01 1.640826166e-01 1.742984205e-01 1.851103306e-01
 1.965650618e-01 2.087146938e-01 2.216166258e-01 2.353326082e-01 2.499251664e-01
 2.654482126e-01 2.819239497e-01 2.992861569e-01 3.172529936e-01 3.349543214e-01
 3.505469561e-01 3.630352020e-01 3.719203770e-01 3.768793046e-01 3.777427375e-01
 3.746425509e-01 3.689219952e-01 3.620470166e-01 3.547547460e-01 3.474847674e-01
 1.015252154e-02 4.451444373e-03 4.346878268e-03 5.423121620e-03 6.124694832e-03
 6.746874191e-03 7.459752262e-03 8.342331275e-03 9.418818168e-03 1.068635285e-02
 1.213224605e-02 1.374349184e-02 1.551136374e-02 1.743293926e-02 1.951074786e-02
 2.175137773e-02 2.416373417e-02 2.675732784e-02 2.954093739e-02 3.252173960e-02
 3.570495173e-02 3.909389675e-02 4.269042239e-02 4.649543390e-02 5.050941557e-02
 5.473285913e-02 5.916653574e-02 6.381168962e-02 6.867022812e-02 7.374496758e-02
 7.903998345e-02 8.456104994e-02 9.031610191e-02 9.631557763e-02 1.025726199e-01
 1.091030240e-01 1.159249991e-01 1.230587065e-01 1.305258572e-01 1.383491606e-01
 1.465520561e-01 1.551583409e-01 1.641919613e-01 1.736766994e-01 1.836356223e-01
 1.940901279e-01 2.050581574e-01 2.165512443e-01 2.285691798e-01 2.410912216e-01
 2.540612817e-01 2.673643231e-01 2.807911634e-01 2.939962447e-01 3.064780831e-01
 3.176490068e-01 3.269819915e-01 3.341020346e-01 3.388070464e-01 3.410849571e-01
 3.411440551e-01 3.394021988e-01 3.363667130e-01 3.324965537e-01 3.281481862e-01
 1.324498281e-02 7.604736369e-03 5.029465072e-03 3.499235958e-03 2.288440475e-03
 1.693078317e-03 1.773742028e-03 2.441539895e-03 3.578371834e-03 5.077218637e-03
 6.853052881e-03 8.845470846e-03 1.101766434e-02 1.335285231e-02 1.584913582e-02
 1.851389930e-02 2.135874331e-02 2.439544164e-02 2.763316408e-02 3.107694909e-02
 3.472737968e-02 3.858123720e-02 4.263284802e-02 4.687552154e-02 5.130277574e-02
 5.590897799e-02 6.068948656e-02 6.564045697e-02 7.075863332e-02 7.604146004e-02
 8.148756623e-02 8.709774166e-02 9.287585318e-02 9.882969409e-02 1.049712896e-01
 1.113166437e-01 1.178850159e-01 1.246975735e-01 1.317761242e-01 1.391418278e-01
 1.468143761e-01 1.548112631e-01 1.631473303e-01 1.718340814e-01 1.808787286e-01
 1.902827024e-01 2.000393867e-01 2.101307511e-01 2.205225676e-01 2.311576605e-01
 2.419473827e-01 2.527615428e-01 2.634193897e-01 2.736864686e-01 2.832854986e-01
 2.919247746e-01 2.993386686e-01 3.053249121e-01 3.097704053e-01 3.126644492e-01
 3.140989542e-01 3.142509758e-01 3.133484125e-01 3.116306067e-01 3.093183637e-01
 1.713895798e-02 1.127629913e-02 5.759480409e-03 4.251737846e-04-4.371724091e-03
-5.920024589e-03-5.960389040e-03-5.007948726e-03-3.388369223e-03-1.331286971e-03
 1.002640463e-03 3.512687981e-03 6.150132045e-03 8.905886672e-03 1.179573778e-02
 1.484698616e-02 1.808845997e-02 2.154385671e-02 2.522769943e-02 2.914345637e-02
 3.328390419e-02 3.763372824e-02 4.217374325e-02 4.688512534e-02 5.175219476e-02
 5.676319450e-02 6.190930307e-02 6.718276441e-02 7.257514447e-02 7.807654887e-02
 8.367670327e-02 8.936750889e-02 9.514591098e-02 1.010159180e-01 1.069894731e-01
 1.130860746e-01 1.193308830e-01 1.257514507e-01 1.323741227e-01 1.392215192e-01
 1.463114023e-01 1.536564529e-01 1.612642705e-01 1.691370010e-01 1.772707701e-01
 1.856544018e-01 1.942676753e-01 2.030790150e-01 2.120425403e-01 2.210947275e-01
 2.301509976e-01 2.391031384e-01 2.478188574e-01 2.561449707e-01 2.639159560e-01
 2.709674537e-01 2.771526277e-01 2.823584080e-01 2.865177691e-01 2.896162868e-01
 2.916915417e-01 2.928255200e-01 2.931317389e-01 2.927396894e-01 2.917809486e-01
 1.918821782e-02 1.256248169e-02 5.343497731e-03-2.847752534e-03-1.190511137e-02
-1.690444350e-02-1.695236564e-02-1.457015984e-02-1.163983718e-02-8.439537138e-03
-5.189040676e-03-2.001964487e-03 1.114607090e-03 4.220622126e-03 7.400410250e-03
 1.073608547e-02 1.429550536e-02 1.812723652e-02 2.225717530e-02 2.668543905e-02
 3.138612956e-02 3.631419688e-02 4.141953588e-02 4.666078091e-02 5.201154575e-02
 5.745889992e-02 6.299784780e-02 6.862451136e-02 7.432901114e-02 8.009012043e-02
 8.587729931e-02 9.166189283e-02 9.742704034e-02 1.031705290e-01 1.089053676e-01
 1.146613210e-01 1.204831898e-01 1.264199615e-01 1.325116158e-01 1.387846768e-01
 1.452545822e-01 1.519285589e-01 1.588073969e-01 1.658860743e-01 1.731534004e-01
 1.805914640e-01 1.881743222e-01 1.958668530e-01 2.036233246e-01 2.113860250e-01
 2.190846503e-01 2.266361415e-01 2.339462638e-01 2.409128845e-01 2.474311590e-01
 2.534007430e-01 2.587333322e-01 2.633603811e-01 2.672388852e-01 2.703542411e-01
 2.727206051e-01 2.743775547e-01 2.753846645e-01 2.758146822e-01 2.757466435e-01
 2.176432498e-02 1.496552490e-02 7.294017356e-03-1.706643263e-03-1.239453163e-02
-2.042519487e-02-2.453418076e-02-2.455691248e-02-2.047377825e-02-1.526886225e-02
-1.072016358e-02-6.919712294e-03-3.610523650e-03-4.899753258e-04 2.680168487e-03
 6.065213121e-03 9.780664928e-03 1.390847657e-02 1.849873737e-02 2.355523594e-02
 2.900969610e-02 3.472244740e-02 4.055068642e-02 4.641240835e-02 5.228426307e-02
 5.817595869e-02 6.411133707e-02 7.011646777e-02 7.620711625e-02 8.235478401e-02
 8.844080567e-02 9.437258542e-02 1.001251489e-01 1.056930870e-01 1.110802144e-01
 1.163165495e-01 1.215177327e-01 1.268293262e-01 1.323057711e-01 1.379597187e-01
 1.437919140e-01 1.497982144e-01 1.559710205e-01 1.622989178e-01 1.687661409e-01
 1.753516197e-01 1.820282489e-01 1.887621284e-01 1.955120564e-01 2.022293359e-01
 2.088578194e-01 2.153347731e-01 2.215923965e-01 2.275602221e-01 2.331683040e-01
 2.383511364e-01 2.430516630e-01 2.472249717e-01 2.508412004e-01 2.538871169e-01
 2.563664913e-01 2.582983673e-01 2.597150803e-01 2.606585622e-01 2.611770034e-01
 2.566351369e-02 1.947674900e-02 1.265923306e-02 5.098970607e-03-3.203312866e-03
-1.203997061e-02-1.980420202e-02-2.367481217e-02-2.320209518e-02-1.801369339e-02
-1.295380294e-02-9.803827852e-03-7.550300565e-03-5.241345149e-03-2.616968006e-03
 4.480311472e-04 4.055628553e-03 8.311254904e-03 1.333441399e-02 1.925432310e-02
 2.611393481e-02 3.323227167e-02 4.003294930e-02 4.654908553e-02 5.287694931e-02
 5.910999328e-02 6.533421576e-02 7.163370401e-02 7.810208946e-02 8.485267311e-02
 9.135196358e-02 9.743726254e-02 1.031742916e-01 1.085354239e-01 1.135066152e-01
 1.180245727e-01 1.222965866e-01 1.268984973e-01 1.317434460e-01 1.367864311e-01
 1.420013905e-01 1.473709345e-01 1.528806835e-01 1.585157514e-01 1.642585546e-01
 1.700876355e-01 1.759769619e-01 1.818956286e-01 1.878079176e-01 1.936733574e-01
 1.994473636e-01 2.050819695e-01 2.105271518e-01 2.157323658e-01 2.206486166e-01
 2.252306342e-01 2.294390500e-01 2.332424223e-01 2.366187125e-01 2.395562828e-01
 2.420539707e-01 2.441205680e-01 2.457736284e-01 2.470377386e-01 2.479426861e-01
 3.065691516e-02 2.552837133e-02 2.001890540e-02 1.412366424e-02 7.924361154e-03
 1.594847185e-03-4.615131300e-03-1.040532906e-02-1.359277032e-02-1.125373691e-02
-8.428423665e-03-7.581498474e-03-7.519757841e-03-6.474814378e-03-4.662036896e-03
-2.136440016e-03 1.144573791e-03 5.274603143e-03 1.041325927e-02 1.686220430e-02
 2.517902479e-02 3.360348940e-02 4.097696766e-02 4.775197059e-02 5.418955535e-02
 6.045744568e-02 6.668102741e-02 7.297039032e-02 7.943911850e-02 8.619794250e-02
 9.269113839e-02 9.871960431e-02 1.043380424e-01 1.095245704e-01 1.142398193e-01
 1.184016466e-01 1.222563908e-01 1.263995767e-01 1.307545155e-01 1.352725923e-01
 1.399292201e-01 1.447119415e-01 1.496114731e-01 1.546163857e-01 1.597111821e-01
 1.648757160e-01 1.700857878e-01 1.753134429e-01 1.805275083e-01 1.856940985e-01
 1.907770634e-01 1.957388520e-01 2.005412579e-01 2.051466107e-01 2.095189989e-01
 2.136254013e-01 2.174371779e-01 2.209310234e-01 2.240898907e-01 2.269034684e-01
 2.293684185e-01 2.314879894e-01 2.332714647e-01 2.347333133e-01 2.358920723e-01
 0.227967000E+01 0.230890775E+01 0.232551765E+01 0.234243536E+01 0.236423016E+01
 0.237799168E+01 0.239122581E+01 0.240320873E+01 0.241485834E+01 0.242576456E+01
 0.243647003E+01 0.244676876E+01 0.245634103E+01 0.246592045E+01 0.247538710E+01
 0.248457336E+01 0.249367428E+01 0.250328398E+01 0.251279736E+01 0.252245831E+01
 0.253274870E+01 0.254316711E+01 0.255410624E+01 0.256531334E+01 0.257752824E+01
 0.259015799E+01 0.260350418E+01 0.261752510E+01 0.263254690E+01 0.264845300E+01
 0.266538358E+01 0.268332386E+01 0.270230293E+01 0.272278810E+01 0.274447393E+01
 0.276760864E+01 0.279227185E+01 0.281860256E+01 0.284679461E+01 0.287693524E+01
 0.290916252E+01 0.294374752E+01 0.298083472E+01 0.302074933E+01 0.306362057E+01
 0.310988879E+01 0.315990257E+01 0.321398926E+01 0.327282810E+01 0.333677578E+01
 0.340676785E+01 0.348348904E+01 0.356831574E+01 0.366210699E+01 0.376728773E+01
 0.388533449E+01 0.402039385E+01 0.417595005E+01 0.435863781E+01 0.457745743E+01
 0.485136223E+01 0.521044111E+01 0.572595167E+01 0.661871052E+01 0.138044968E+02
   90   86
 0.106714976E+01-0.100000001E+00 0.106500554E+01 0.000000000E+00 0.106856370E+01
 0.100000001E+00 0.107772803E+01 0.200000003E+00 0.108383739E+01 0.250000000E+00
 0.110014760E+01 0.349999994E+00 0.110954642E+01 0.400000006E+00 0.113063395E+01
 0.498338252E+00 0.114235044E+01 0.550000012E+00 0.115875006E+01 0.617120147E+00
 0.118045318E+01 0.699999988E+00 0.119404459E+01 0.750000000E+00 0.121187496E+01
 0.812909603E+00 0.123843753E+01 0.895985842E+00 0.126061988E+01 0.949999988E+00
 0.127776551E+01 0.100411272E+01 0.126977742E+01 0.106472564E+01 0.135796881E+01
 0.101581573E+01 0.141109371E+01 0.100738382E+01 0.143826962E+01 0.999997556E+00
 0.149078131E+01 0.983864069E+00 0.154390621E+01 0.961184323E+00 0.157283902E+01
 0.946764052E+00 0.162359381E+01 0.920661330E+00 0.165943050E+01 0.898567080E+00
 0.170328128E+01 0.870708525E+00 0.173702300E+01 0.846262276E+00 0.178296876E+01
 0.811497092E+00 0.180959702E+01 0.789598942E+00 0.185234082E+01 0.752585411E+00
 0.188921881E+01 0.718664169E+00 0.191846013E+01 0.689781308E+00 0.195622468E+01
 0.650369525E+00 0.199143076E+01 0.610798717E+00 0.202203131E+01 0.573602557E+00
 0.205098462E+01 0.535510302E+00 0.208213878E+01 0.490833223E+00 0.211140490E+01
 0.444283426E+00 0.213898516E+01 0.395530194E+00 0.216509438E+01 0.344114304E+00
 0.218988943E+01 0.289263994E+00 0.221342230E+01 0.229377985E+00 0.223139954E+01
 0.175000012E+00 0.224952602E+01 0.105181709E+00 0.226102209E+01 0.249999985E-01
 0.226147485E+01-0.750000030E-01 0.224988842E+01-0.160463944E+00 0.223474073E+01
-0.224999994E+00 0.221661639E+01-0.285959929E+00 0.219423008E+01-0.349768817E+00
 0.217134738E+01-0.406330913E+00 0.214693785E+01-0.459609896E+00 0.212118292E+01
-0.509608865E+00 0.209388018E+01-0.556984782E+00 0.206486678E+01-0.602250040E+00
 0.203213263E+01-0.648389578E+00 0.199918056E+01-0.691052079E+00 0.196890628E+01
-0.727663040E+00 0.194072580E+01-0.759955585E+00 0.190362430E+01-0.800000012E+00
 0.186330795E+01-0.841415584E+00 0.183609378E+01-0.867978752E+00 0.180057907E+01
-0.900184810E+00 0.175640631E+01-0.938432574E+00 0.172984374E+01-0.959631324E+00
 0.167948890E+01-0.996698260E+00 0.165015626E+01-0.101718378E+01 0.159982765E+01
-0.104754412E+01 0.157046878E+01-0.106462121E+01 0.151734376E+01-0.109123397E+01
 0.148947442E+01-0.110325432E+01 0.143765628E+01-0.112518585E+01 0.138453126E+01
-0.114265299E+01 0.134633994E+01-0.115133834E+01 0.130484378E+01-0.116103959E+01
 0.125171876E+01-0.116746271E+01 0.120324624E+01-0.116222668E+01 0.119260669E+01
-0.110095906E+01 0.118617880E+01-0.101815951E+01 0.118176579E+01-0.949999988E+00
 0.117046571E+01-0.850000024E+00 0.115994358E+01-0.772174120E+00 0.114899862E+01
-0.699999988E+00 0.113540888E+01-0.615779638E+00 0.112466264E+01-0.550000012E+00
 0.111007094E+01-0.461114943E+00 0.109988976E+01-0.396667004E+00 0.108605468E+01
-0.300000012E+00 0.107718730E+01-0.226987034E+00 0.107072175E+01-0.150000006E+00
 0.101600003E+01 0.000000000E+00 0.101600003E+01 0.963999987E+00 0.101600003E+01
 0.967999995E+00 0.101600003E+01 0.100100005E+01 0.101600003E+01 0.101900005E+01
 0.101600003E+01 0.107700002E+01 0.101600003E+01 0.107000005E+01 0.101600003E+01
 0.109599996E+01 0.101600003E+01 0.111300004E+01 0.101600003E+01 0.113800001E+01
 0.101600003E+01 0.114699996E+01 0.101199996E+01 0.116499996E+01 0.100100005E+01
 0.121700001E+01 0.102900004E+01 0.121700001E+01 0.104200006E+01 0.116240001E+01
 0.104600000E+01 0.116237998E+01 0.105599999E+01 0.116260004E+01 0.109700000E+01
 0.116450000E+01 0.110800004E+01 0.116594005E+01 0.111600006E+01 0.116591001E+01
 0.113399994E+01 0.116895998E+01 0.114800000E+01 0.117174995E+01 0.116199994E+01
 0.117556000E+01 0.118099999E+01 0.118299997E+01 0.118200004E+01 0.118350005E+01
 0.118499994E+01 0.118499994E+01 0.119000006E+01 0.118799996E+01 0.119500005E+01
 0.119099998E+01 0.120099998E+01 0.119599998E+01 0.120899999E+01 0.120200002E+01
 0.121500003E+01 0.120799994E+01 0.122200000E+01 0.121399999E+01 0.122800004E+01
 0.122099996E+01 0.123399997E+01 0.123099995E+01 0.123899996E+01 0.123800004E+01
 0.124199998E+01 0.124399996E+01 0.124800003E+01 0.125399995E+01 0.125800002E+01
 0.127800000E+01 0.126300001E+01 0.128999996E+01 0.127999997E+01 0.133099997E+01
 0.127999997E+01 0.134700000E+01 0.127999997E+01 0.134800005E+01 0.130999994E+01
 0.134800005E+01 0.132799995E+01 0.134800005E+01 0.136099994E+01 0.134800005E+01
 0.138000000E+01 0.134800005E+01 0.141900003E+01 0.134800005E+01 0.141900003E+01
 0.130999994E+01 0.137199998E+01 0.130999994E+01 0.137199998E+01 0.129200006E+01
 0.160800004E+01 0.109500003E+01 0.164699996E+01 0.107700002E+01 0.178499997E+01
 0.107700002E+01 0.206999993E+01 0.103999996E+01 0.212800002E+01 0.992999971E+00
 0.224499989E+01 0.708999991E+00 0.232299995E+01 0.518999994E+00 0.237700009E+01
 0.388999999E+00 0.236249995E+01 0.400000006E+00 0.236443496E+01 0.222000003E+00
 0.236496902E+01 0.133000001E+00 0.236532402E+01 0.439999998E-01 0.236512089E+01
-0.439999998E-01 0.236484194E+01-0.133000001E+00 0.236433411E+01-0.222000003E+00
 0.236249995E+01-0.400000006E+00 0.237700009E+01-0.388999999E+00 0.213400006E+01
-0.972999990E+00 0.178600001E+01-0.117400002E+01 0.176800001E+01-0.121099997E+01
 0.176800001E+01-0.125000000E+01 0.168200004E+01-0.125000000E+01 0.137199998E+01
-0.125000000E+01 0.137199998E+01-0.132900000E+01 0.141999996E+01-0.132900000E+01
 0.141999996E+01-0.136300004E+01 0.127300000E+01-0.136300004E+01 0.115300000E+01
-0.136300004E+01 0.101600003E+01-0.122300005E+01 0.101600003E+01-0.122300005E+01
 0.101600003E+01-0.829999983E+00 0.101600003E+01-0.800000012E+00 0.101600003E+01
-0.414999992E+00 0.101600003E+01-0.400000006E+00 0.101600003E+01-0.100000005E-02
 0.101600003E+01 0.000000000E+00
    0 0.169550002E+01    0
 0.000000000E+00 0.107252233E+00 0.152176827E+00 0.186826497E+00 0.214789152E+00
 0.240929186E+00 0.264618576E+00 0.286508083E+00 0.306913584E+00 0.326162279E+00
 0.344392151E+00 0.361811578E+00 0.378475189E+00 0.394487739E+00 0.410004020E+00
 0.424928963E+00 0.439448237E+00 0.453560829E+00 0.467302263E+00 0.480669767E+00
 0.493739784E+00 0.506573558E+00 0.519097447E+00 0.531384766E+00 0.543447614E+00
 0.555338383E+00 0.567023754E+00 0.578524947E+00 0.589856029E+00 0.601073146E+00
 0.612138391E+00 0.623069525E+00 0.633903503E+00 0.644619465E+00 0.655259192E+00
 0.665796399E+00 0.676277280E+00 0.686676741E+00 0.697041929E+00 0.707351923E+00
 0.717615366E+00 0.727868736E+00 0.738081157E+00 0.748310328E+00 0.758515716E+00
 0.768754065E+00 0.779016137E+00 0.789294302E+00 0.799639821E+00 0.810025692E+00
 0.820500612E+00 0.831060708E+00 0.841749668E+00 0.852548897E+00 0.863528371E+00
 0.874662519E+00 0.886046410E+00 0.897686660E+00 0.909654260E+00 0.921990216E+00
 0.934873343E+00 0.948396921E+00 0.962836027E+00 0.978815556E+00 0.100000000E+01
    0
