  EFITD    06/25/2013    #1553503000.0ms  EFIT01   0  65  65
 0.170000005E+01 0.320000005E+01 0.169550002E+01 0.839999974E+00 0.000000000E+00
 0.181925380E+01-0.147986673E-01-0.176036835E+00 0.245727366E-02 0.165782166E+01
 0.102140381E+07-0.176036835E+00 0.000000000E+00 0.181925380E+01 0.000000000E+00
-0.147986673E-01 0.000000000E+00 0.245727366E-02 0.000000000E+00 0.000000000E+00
 0.275701618E+01 0.275971055E+01 0.276230669E+01 0.276480722E+01 0.276721334E+01
 0.276952791E+01 0.277175260E+01 0.277388930E+01 0.277593994E+01 0.277790689E+01
 0.277979183E+01 0.278159666E+01 0.278332329E+01 0.278497362E+01 0.278654957E+01
 0.278805351E+01 0.278948641E+01 0.279085112E+01 0.279214859E+01 0.279338169E+01
 0.279455137E+01 0.279565978E+01 0.279670882E+01 0.279770041E+01 0.279863596E+01
 0.279951787E+01 0.280034757E+01 0.280112696E+01 0.280185795E+01 0.280254221E+01
 0.280318117E+01 0.280377746E+01 0.280433226E+01 0.280484724E+01 0.280532479E+01
 0.280576611E+01 0.280617332E+01 0.280654812E+01 0.280689240E+01 0.280720758E+01
 0.280749536E+01 0.280775809E+01 0.280799699E+01 0.280821419E+01 0.280841112E+01
 0.280858994E+01 0.280875206E+01 0.280889916E+01 0.280903339E+01 0.280915642E+01
 0.280926943E+01 0.280937529E+01 0.280947471E+01 0.280956984E+01 0.280966258E+01
 0.280975461E+01 0.280984735E+01 0.280994320E+01 0.281004333E+01 0.281014967E+01
 0.281026411E+01 0.281038809E+01 0.281052399E+01 0.281067276E+01 0.281083679E+01
 0.105661422E+06 0.102718297E+06 0.998161875E+05 0.969551094E+05 0.941350469E+05
 0.913560000E+05 0.886179844E+05 0.859209844E+05 0.832650000E+05 0.806500469E+05
 0.780761094E+05 0.755431953E+05 0.730512969E+05 0.706004297E+05 0.681905781E+05
 0.658217500E+05 0.634939375E+05 0.612071484E+05 0.589613828E+05 0.567566406E+05
 0.545929141E+05 0.524702109E+05 0.503885312E+05 0.483478672E+05 0.463482305E+05
 0.443896094E+05 0.424720156E+05 0.405954375E+05 0.387598828E+05 0.369653516E+05
 0.352118359E+05 0.334993438E+05 0.318278750E+05 0.301974258E+05 0.286079961E+05
 0.270595898E+05 0.255522051E+05 0.240858398E+05 0.226604980E+05 0.212761758E+05
 0.199328750E+05 0.186305938E+05 0.173693359E+05 0.161490977E+05 0.149698818E+05
 0.138316875E+05 0.127345127E+05 0.116783594E+05 0.106632285E+05 0.968911719E+04
 0.875602930E+04 0.786395996E+04 0.701291309E+04 0.620288770E+04 0.543388281E+04
 0.470589941E+04 0.401893701E+04 0.337299585E+04 0.276807568E+04 0.220417676E+04
 0.168129907E+04 0.119944263E+04 0.758607239E+03 0.358793030E+03 0.000000000E+00
 0.271232080E+01 0.261694908E+01 0.252334499E+01 0.243150949E+01 0.234144211E+01
 0.225314283E+01 0.216661215E+01 0.208184934E+01 0.199885488E+01 0.191762877E+01
 0.183817077E+01 0.176048112E+01 0.168455958E+01 0.161040640E+01 0.153802133E+01
 0.146740460E+01 0.139855599E+01 0.133147573E+01 0.126616359E+01 0.120261979E+01
 0.114084423E+01 0.108083677E+01 0.102259779E+01 0.966126919E+00 0.911424279E+00
 0.858489871E+00 0.807323694E+00 0.757925749E+00 0.710296035E+00 0.664434612E+00
 0.620341420E+00 0.578016400E+00 0.537459671E+00 0.498671144E+00 0.461650878E+00
 0.426398873E+00 0.392915070E+00 0.361199498E+00 0.331252187E+00 0.303073108E+00
 0.276662230E+00 0.252019644E+00 0.229145259E+00 0.208039135E+00 0.188701227E+00
 0.171131581E+00 0.155330151E+00 0.141296953E+00 0.129032001E+00 0.118535288E+00
 0.109806806E+00 0.102846563E+00 0.976545662E-01 0.942308009E-01 0.925752670E-01
 0.926879793E-01 0.945689231E-01 0.982180983E-01 0.103635520E+00 0.110821173E+00
 0.119775064E+00 0.130497187E+00 0.142987564E+00 0.157246158E+00 0.173272997E+00
-0.106259212E+07-0.104788462E+07-0.103317700E+07-0.101846950E+07-0.100376200E+07
-0.989054438E+06-0.974346875E+06-0.959639375E+06-0.944931875E+06-0.930224312E+06
-0.915516750E+06-0.900809250E+06-0.886101688E+06-0.871394125E+06-0.856686625E+06
-0.841979125E+06-0.827271562E+06-0.812564000E+06-0.797856500E+06-0.783148938E+06
-0.768441438E+06-0.753733875E+06-0.739026375E+06-0.724318812E+06-0.709611250E+06
-0.694903750E+06-0.680196250E+06-0.665488625E+06-0.650781125E+06-0.636073625E+06
-0.621366125E+06-0.606658500E+06-0.591951000E+06-0.577243500E+06-0.562535875E+06
-0.547828375E+06-0.533120875E+06-0.518413312E+06-0.503705781E+06-0.488998250E+06
-0.474290719E+06-0.459583188E+06-0.444875625E+06-0.430168125E+06-0.415460562E+06
-0.400753031E+06-0.386045500E+06-0.371337969E+06-0.356630438E+06-0.341922906E+06
-0.327215375E+06-0.312507844E+06-0.297800312E+06-0.283092750E+06-0.268385250E+06
-0.253677688E+06-0.238970156E+06-0.224262625E+06-0.209555094E+06-0.194847562E+06
-0.180140031E+06-0.165432500E+06-0.150724938E+06-0.136017406E+06-0.121309883E+06
 3.036869876e-02 2.783823013e-02 2.526215278e-02 2.259569243e-02 1.980900578e-02
 1.687920094e-02 1.377433538e-02 1.043530181e-02 6.848704536e-03 2.928810427e-03
-1.884895610e-03-8.292885497e-03-1.499953680e-02-1.937481016e-02-2.194510773e-02
-2.292531542e-02-2.235816047e-02-2.018225007e-02-1.619775034e-02-9.975600056e-03
-6.851521321e-04 9.039226919e-03 1.719493046e-02 2.447769046e-02 3.128043562e-02
 3.784922138e-02 4.436452687e-02 5.098448321e-02 5.787635222e-02 6.522130221e-02
 7.209396362e-02 7.819906622e-02 8.364534378e-02 8.837741613e-02 9.235928208e-02
 9.548123181e-02 9.810873866e-02 1.012273580e-01 1.046937555e-01 1.084239930e-01
 1.123704314e-01 1.165046543e-01 1.208063513e-01 1.252567619e-01 1.298356503e-01
 1.345203221e-01 1.392854154e-01 1.441028863e-01 1.489423513e-01 1.537711918e-01
 1.585549116e-01 1.632576585e-01 1.678429544e-01 1.722745001e-01 1.765172482e-01
 1.805386096e-01 1.843094528e-01 1.878053248e-01 1.910072118e-01 1.939022541e-01
 1.964838952e-01 1.987518370e-01 2.007115781e-01 2.023737133e-01 2.037530839e-01
 2.601350099e-02 2.319130301e-02 2.042395249e-02 1.767716184e-02 1.491119713e-02
 1.208512858e-02 9.215418249e-03 6.339539774e-03 3.390203929e-03 2.643276821e-04
-3.373356536e-03-7.630599663e-03-1.177327521e-02-1.479020342e-02-1.654756442e-02
-1.703913137e-02-1.623902470e-02-1.408002898e-02-1.045001484e-02-5.207971670e-03
 1.662602881e-03 9.119575843e-03 1.621907949e-02 2.296673506e-02 2.948699519e-02
 3.590764105e-02 4.235064611e-02 4.894120991e-02 5.582615733e-02 6.316759437e-02
 7.007721066e-02 7.625167072e-02 8.179012686e-02 8.667527884e-02 9.086385369e-02
 9.424138069e-02 9.720732272e-02 1.006986275e-01 1.045817956e-01 1.087715775e-01
 1.132157445e-01 1.178796291e-01 1.227372438e-01 1.277660131e-01 1.329435110e-01
 1.382455230e-01 1.436449587e-01 1.491112411e-01 1.546099484e-01 1.601028293e-01
 1.655479819e-01 1.709004194e-01 1.761130095e-01 1.811378002e-01 1.859276593e-01
 1.904381812e-01 1.946296990e-01 1.984691918e-01 2.019318342e-01 2.050020695e-01
 2.076740116e-01 2.099511325e-01 2.118454576e-01 2.133761644e-01 2.145678997e-01
 2.104457654e-02 1.803341880e-02 1.521714311e-02 1.255335473e-02 9.982496500e-03
 7.626132574e-03 5.457433872e-03 3.419805318e-03 1.470489660e-03-5.519704428e-04
-2.680695150e-03-4.799515940e-03-6.678164471e-03-8.053850383e-03-8.725430816e-03
-8.566590026e-03-7.498594001e-03-5.472565070e-03-2.472439315e-03 1.458926359e-03
 6.177658215e-03 1.143675949e-02 1.698679663e-02 2.267440036e-02 2.844141237e-02
 3.428607062e-02 4.023385048e-02 4.632005468e-02 5.257350951e-02 5.895403028e-02
 6.516997516e-02 7.102911174e-02 7.650247216e-02 8.158087730e-02 8.625879884e-02
 9.055951238e-02 9.471565485e-02 9.905149788e-02 1.036318690e-01 1.084578931e-01
 1.135199219e-01 1.188054383e-01 1.243004501e-01 1.299890876e-01 1.358527839e-01
 1.418692917e-01 1.480117142e-01 1.542477906e-01 1.605392098e-01 1.668411791e-01
 1.731024086e-01 1.792654395e-01 1.852678508e-01 1.910440326e-01 1.965278685e-01
 2.016560137e-01 2.063715011e-01 2.106273174e-01 2.143892795e-01 2.176380754e-01
 2.203698307e-01 2.225955427e-01 2.243390977e-01 2.256346047e-01 2.265232205e-01
 1.499106828e-02 1.180964150e-02 9.124901146e-03 6.873060018e-03 4.945295863e-03
 3.418266540e-03 2.204178367e-03 1.118575572e-03 5.223480184e-05-1.006699866e-03
-2.029123250e-03-2.943545580e-03-3.644110635e-03-4.010013305e-03-3.927514888e-03
-3.304268932e-03-2.074786462e-03-2.024130081e-04 2.317690058e-03 5.454388447e-03
 9.140015580e-03 1.328041125e-02 1.777599752e-02 2.254285663e-02 2.752241120e-02
 3.267912567e-02 3.799170256e-02 4.344153032e-02 4.899922758e-02 5.461231619e-02
 6.020804122e-02 6.571911275e-02 7.110461593e-02 7.635214925e-02 8.147718012e-02
 8.652760088e-02 9.158326685e-02 9.673263133e-02 1.020430326e-01 1.075545102e-01
 1.132875234e-01 1.192505136e-01 1.254439354e-01 1.318621635e-01 1.384938955e-01
 1.453219354e-01 1.523222923e-01 1.594632566e-01 1.667039692e-01 1.739934087e-01
 1.812693179e-01 1.884579360e-01 1.954748780e-01 2.022273391e-01 2.086182684e-01
 2.145521939e-01 2.199420929e-01 2.247163951e-01 2.288249135e-01 2.322427630e-01
 2.349714041e-01 2.370368987e-01 2.384858131e-01 2.393792868e-01 2.397866845e-01
 6.852550432e-03 3.320726566e-03 1.128499396e-03-3.529396054e-05-6.470926455e-04
-9.230264695e-04-1.096014166e-03-1.255240757e-03-1.432885882e-03-1.624364289e-03
-1.797546400e-03-1.898779767e-03-1.859453507e-03-1.604106277e-03-1.059013186e-03
-1.595686481e-04 1.144409180e-03 2.885295544e-03 5.075785331e-03 7.708650082e-03
 1.075881533e-02 1.418825239e-02 1.795291342e-02 2.200954780e-02 2.632017806e-02
 3.085325286e-02 3.558195755e-02 4.048091173e-02 4.552287608e-02 5.067732930e-02
 5.591264367e-02 6.120150536e-02 6.652659178e-02 7.188437134e-02 7.728658617e-02
 8.275954425e-02 8.834058046e-02 9.407153726e-02 9.999166429e-02 1.061331704e-01
 1.125199869e-01 1.191683486e-01 1.260877252e-01 1.332814693e-01 1.407468319e-01
 1.484743655e-01 1.564467698e-01 1.646370590e-01 1.730061769e-01 1.815001667e-01
 1.900470853e-01 1.985543072e-01 2.069073468e-01 2.149713337e-01 2.225969285e-01
 2.296309173e-01 2.359303683e-01 2.413775921e-01 2.458929420e-01 2.494427711e-01
 2.520416677e-01 2.537479401e-01 2.546536326e-01 2.548710108e-01 2.545194030e-01
-5.992213730e-03-1.142725721e-02-1.066822559e-02-8.454864845e-03-6.795371417e-03
-5.462043919e-03-4.388942849e-03-3.532717470e-03-2.851051278e-03-2.296677092e-03
-1.816023258e-03-1.349911909e-03-8.356387261e-04-2.100256970e-04 5.870725145e-04
 1.609380823e-03 2.901391592e-03 4.496397451e-03 6.415510550e-03 8.667767048e-03
 1.125135552e-02 1.415585354e-02 1.736507937e-02 2.085994929e-02 2.462069131e-02
 2.862811461e-02 3.286392242e-02 3.731046245e-02 4.195046425e-02 4.676733539e-02
 5.174630135e-02 5.687625706e-02 6.215175986e-02 6.757456064e-02 7.315421849e-02
 7.890760154e-02 8.485733718e-02 9.102939814e-02 9.745056182e-02 1.041462570e-01
 1.111392602e-01 1.184490174e-01 1.260913312e-01 1.340781450e-01 1.424170732e-01
 1.511103809e-01 1.601534039e-01 1.695320606e-01 1.792190075e-01 1.891683489e-01
 1.993085593e-01 2.095337659e-01 2.196950316e-01 2.295951396e-01 2.389930189e-01
 2.476235479e-01 2.552310228e-01 2.616050243e-01 2.666079402e-01 2.701914907e-01
 2.724015415e-01 2.733693123e-01 2.732856870e-01 2.723659873e-01 2.708190382e-01
-1.549422089e-02-2.200943790e-02-1.987477019e-02-1.527323388e-02-1.173300296e-02
-8.983464912e-03-6.824121810e-03-5.117145833e-03-3.757912200e-03-2.658941783e-03
-1.741989050e-03-9.344568243e-04-1.681533467e-04 6.206432590e-04 1.490429393e-03
 2.493424341e-03 3.674521809e-03 5.070474930e-03 6.709561683e-03 8.611741476e-03
 1.078931428e-02 1.324800216e-02 1.598830521e-02 1.900693029e-02 2.229809016e-02
 2.585456520e-02 2.966843732e-02 3.373162448e-02 3.803635389e-02 4.257578030e-02
 4.734473675e-02 5.234064907e-02 5.756442249e-02 6.302109361e-02 6.872016937e-02
 7.467542589e-02 8.090434968e-02 8.742726594e-02 9.426628053e-02 1.014444381e-01
 1.089849621e-01 1.169108599e-01 1.252446473e-01 1.340081096e-01 1.432220340e-01
 1.529055238e-01 1.630749106e-01 1.737413257e-01 1.849070638e-01 1.965587437e-01
 2.086561769e-01 2.211143076e-01 2.337753773e-01 2.463725805e-01 2.585009933e-01
 2.696446478e-01 2.792914510e-01 2.870430648e-01 2.926524580e-01 2.960370779e-01
 2.973029315e-01 2.967573404e-01 2.948400974e-01 2.919922471e-01 2.885759473e-01
-1.926003024e-02-2.609801665e-02-2.332419530e-02-1.801852137e-02-1.371841226e-02
-1.026732475e-02-7.523776032e-03-5.356902257e-03-3.650291590e-03-2.301038709e-03
-1.217639307e-03-3.180855711e-04 4.715523100e-04 1.218039077e-03 1.981602516e-03
 2.816168359e-03 3.769293427e-03 4.881687462e-03 6.187492516e-03 7.714499719e-03
 9.484515525e-03 1.151388697e-02 1.381417271e-02 1.639291644e-02 1.925452426e-02
 2.240125276e-02 2.583396062e-02 2.955269814e-02 3.355728835e-02 3.784790635e-02
 4.242573678e-02 4.729351401e-02 5.245612562e-02 5.792099237e-02 6.369836628e-02
 6.980141252e-02 7.624609768e-02 8.305098116e-02 9.023699164e-02 9.782719612e-02
 1.058467180e-01 1.143228561e-01 1.232852489e-01 1.327663660e-01 1.428019553e-01
 1.534316540e-01 1.646994948e-01 1.766541302e-01 1.893482804e-01 2.028364241e-01
 2.171686590e-01 2.323748469e-01 2.484264225e-01 2.651465535e-01 2.820124328e-01
 2.975976169e-01 3.106341958e-01 3.205562532e-01 3.270066381e-01 3.297756016e-01
 3.288465440e-01 3.249057531e-01 3.194622397e-01 3.133727312e-01 3.071459830e-01
-1.801904105e-02-2.481966093e-02-2.215048298e-02-1.674873009e-02-1.232431177e-02
-8.775016293e-03-5.980297923e-03-3.815697739e-03-2.162980847e-03-9.145487566e-04
 2.573395250e-05 7.430224214e-04 1.312829903e-03 1.802006504e-03 2.271051519e-03
 2.775240922e-03 3.365888726e-03 4.086074419e-03 4.974428099e-03 6.064712070e-03
 7.385804784e-03 8.961813524e-03 1.081220061e-02 1.295192260e-02 1.539191883e-02
 1.814121380e-02 2.120734751e-02 2.459654585e-02 2.831411734e-02 3.236515447e-02
 3.675507382e-02 4.149005935e-02 4.657749832e-02 5.202638358e-02 5.784762651e-02
 6.405431032e-02 7.066185772e-02 7.768821716e-02 8.515399694e-02 9.308273345e-02
 1.015012637e-01 1.104403213e-01 1.199353188e-01 1.300275475e-01 1.407656968e-01
 1.522080004e-01 1.644251049e-01 1.775040030e-01 1.915535629e-01 2.067126781e-01
 2.231623828e-01 2.411461323e-01 2.610078454e-01 2.832846642e-01 3.084352314e-01
 3.311738968e-01 3.491585851e-01 3.622586131e-01 3.701947331e-01 3.723280728e-01
 3.684578538e-01 3.576507568e-01 3.456947207e-01 3.347028494e-01 3.247825205e-01
-1.243514754e-02-1.905129477e-02-1.660835184e-02-1.147479750e-02-7.418466732e-03
-4.311304539e-03-1.991867553e-03-3.108338860e-04 8.618702996e-04 1.636959263e-03
 2.110295696e-03 2.363282721e-03 2.468060469e-03 2.482342068e-03 2.462191507e-03
 2.459226642e-03 2.543051261e-03 2.745105885e-03 3.109541489e-03 3.675675485e-03
 4.478613380e-03 5.549359135e-03 6.914375816e-03 8.594008163e-03 1.059804112e-02
 1.294065081e-02 1.563535631e-02 1.869315282e-02 2.212232351e-02 2.593095414e-02
 3.012713976e-02 3.471902013e-02 3.971517086e-02 4.512508959e-02 5.095961317e-02
 5.723126605e-02 6.395458430e-02 7.114644349e-02 7.882647216e-02 8.701752126e-02
 9.574631602e-02 1.050443798e-01 1.149491370e-01 1.255055815e-01 1.367684305e-01
 1.488051116e-01 1.617000401e-01 1.755607575e-01 1.905267239e-01 2.067830265e-01
 2.245815098e-01 2.442754805e-01 2.663762867e-01 2.916367650e-01 3.210959733e-01
 3.512971997e-01 3.747588396e-01 3.913799822e-01 4.013015926e-01 4.044140577e-01
 3.997357786e-01 3.867056370e-01 3.677296042e-01 3.517037630e-01 3.382958770e-01
-2.334059682e-03-8.728092536e-03-6.140931975e-03-1.780985505e-03 1.195942867e-03
 3.170900978e-03 4.407068714e-03 5.089590792e-03 5.351852626e-03 5.294502247e-03
 4.997225478e-03 4.525474273e-03 3.934707958e-03 3.272568807e-03 2.581372857e-03
 1.898425515e-03 1.304307836e-03 8.428351721e-04 5.575845717e-04 4.907856928e-04
 6.829831400e-04 1.173250959e-03 2.000200097e-03 3.204709385e-03 4.742214456e-03
 6.650045980e-03 8.954217657e-03 1.167095546e-02 1.480259374e-02 1.835942827e-02
 2.235213481e-02 2.678945847e-02 3.167941421e-02 3.703070432e-02 4.285291210e-02
 4.915698618e-02 5.595554784e-02 6.326320767e-02 7.109703124e-02 7.947710901e-02
 8.842727542e-02 9.797599912e-02 1.081575602e-01 1.190135330e-01 1.305948645e-01
 1.429645270e-01 1.562012136e-01 1.704043895e-01 1.857013404e-01 2.022567391e-01
 2.202861011e-01 2.400731295e-01 2.619906068e-01 2.865201235e-01 3.142651021e-01
 3.457636237e-01 3.725790679e-01 3.918560445e-01 4.038563967e-01 4.086631835e-01
 4.064638019e-01 3.962648809e-01 3.778753281e-01 3.590524793e-01 3.439995646e-01
 1.568703726e-02 1.057893783e-02 1.131289266e-02 1.295866817e-02 1.343496889e-02
 1.330387499e-02 1.277957857e-02 1.197176054e-02 1.094941609e-02 9.762709960e-03
 8.451925591e-03 7.051572204e-03 5.592488684e-03 4.103083163e-03 2.610448748e-03
 1.141762128e-03-2.249758400e-04-1.444957568e-03-2.473610453e-03-3.267186927e-03
-3.783267923e-03-3.981308080e-03-3.823502455e-03-3.276636591e-03-2.316615544e-03
-9.131915867e-04 9.659796488e-04 3.356186673e-03 6.176202558e-03 9.465632960e-03
 1.324594300e-02 1.752209850e-02 2.229660749e-02 2.757669799e-02 3.336912394e-02
 3.968226910e-02 4.652580619e-02 5.391062796e-02 6.184939668e-02 7.035714388e-02
 7.945185900e-02 8.915522695e-02 9.949340671e-02 1.104980409e-01 1.222074479e-01
 1.346681714e-01 1.479366720e-01 1.620815992e-01 1.771860421e-01 1.933500618e-01
 2.106926292e-01 2.293520570e-01 2.494836152e-01 2.712542415e-01 2.948417664e-01
 3.204918802e-01 3.466970325e-01 3.655747175e-01 3.780856729e-01 3.847364187e-01
 3.853034377e-01 3.802707195e-01 3.688209951e-01 3.524748385e-01 3.393771052e-01
 4.136790335e-02 3.964118659e-02 3.504280001e-02 3.079348430e-02 2.752625756e-02
 2.468298003e-02 2.204259112e-02 1.950350031e-02 1.701493561e-02 1.455134060e-02
 1.210113056e-02 9.661067277e-03 7.233113982e-03 4.822450224e-03 2.435970120e-03
 1.170228206e-04-2.087023575e-03-4.129926674e-03-5.966166966e-03-7.551002316e-03
-8.840721101e-03-9.793009609e-03-1.036741398e-02-1.052585058e-02-1.023289748e-02
-9.454673156e-03-8.160022087e-03-6.323372480e-03-3.930952400e-03-9.596353630e-04
 2.615936100e-03 6.746693514e-03 1.140430942e-02 1.661305875e-02 2.236951515e-02
 2.868074924e-02 3.555390239e-02 4.299422354e-02 5.100808293e-02 5.960341543e-02
 6.879012287e-02 7.858040929e-02 8.898908645e-02 1.000338793e-01 1.117355973e-01
 1.241183281e-01 1.372091770e-01 1.510376632e-01 1.656340659e-01 1.810263097e-01
 1.972338706e-01 2.142569423e-01 2.320570648e-01 2.505216300e-01 2.693942785e-01
 2.881229818e-01 3.055939078e-01 3.203404546e-01 3.314848244e-01 3.387485743e-01
 3.421189785e-01 3.417757154e-01 3.382018209e-01 3.324578106e-01 3.260378242e-01
 5.944444984e-02 5.873855948e-02 5.253642797e-02 4.582571611e-02 4.015713185e-02
 3.521308303e-02 3.076492250e-02 2.665775269e-02 2.278863080e-02 1.908893511e-02
 1.551270206e-02 1.202920824e-02 8.618215099e-03 5.266826600e-03 1.967430580e-03
-1.241838094e-03-4.317912273e-03-7.216451690e-03-9.892676026e-03-1.230188925e-02
-1.439987123e-02-1.614318974e-02-1.748947427e-02-1.839765161e-02-1.882814616e-02
-1.874304190e-02-1.810660958e-02-1.688615791e-02-1.505271718e-02-1.258009486e-02
-9.447587654e-03-5.645538215e-03-1.164563117e-03 4.010986537e-03 9.731757455e-03
 1.604073867e-02 2.294947952e-02 3.044684231e-02 3.853160888e-02 4.720307142e-02
 5.646206439e-02 6.631034613e-02 7.675043494e-02 8.778534830e-02 9.941803664e-02
 1.116505414e-01 1.244825944e-01 1.379094124e-01 1.519183964e-01 1.664838940e-01
 1.815595776e-01 1.970669478e-01 2.128787488e-01 2.287960052e-01 2.445198745e-01
 2.596294880e-01 2.735977471e-01 2.858793139e-01 2.960362434e-01 3.038117290e-01
 3.091400266e-01 3.121397495e-01 3.131100535e-01 3.125036955e-01 3.108342588e-01
 7.091979682e-02 7.046867907e-02 6.423034519e-02 5.666854605e-02 4.984439164e-02
 4.364696890e-02 3.795286641e-02 3.265264630e-02 2.765655704e-02 2.289395407e-02
 1.831041090e-02 1.386450138e-02 9.524932131e-03 5.268190987e-03 1.076703775e-03
-3.010855056e-03-6.951672956e-03-1.070174761e-02-1.421654411e-02-1.745146513e-02
-2.036217041e-02-2.290480956e-02-2.503615059e-02-2.671370469e-02-2.789581940e-02
-2.854184061e-02-2.861237526e-02-2.806969360e-02-2.687826380e-02-2.500538155e-02
-2.242246270e-02-1.910669729e-02-1.504208334e-02-1.022309437e-02-4.664251581e-03
 1.628294820e-03 8.637997322e-03 1.622156240e-02 2.440373972e-02 3.317162022e-02
 4.251921922e-02 5.243839696e-02 6.292036921e-02 7.395517826e-02 8.553075790e-02
 9.763170779e-02 1.102374718e-01 1.233199835e-01 1.368404031e-01 1.507448256e-01
 1.649586856e-01 1.793799698e-01 1.938714981e-01 2.082536817e-01 2.223007232e-01
 2.357453108e-01 2.482968420e-01 2.596736550e-01 2.696409225e-01 2.780415416e-01
 2.848130763e-01 2.899912298e-01 2.937008739e-01 2.961339056e-01 2.975153327e-01
 7.891950011e-02 7.858879119e-02 7.207393646e-02 6.409609318e-02 5.667602643e-02
 4.975538701e-02 4.326399416e-02 3.713013232e-02 3.128739446e-02 2.567774057e-02
 2.025215141e-02 1.497008372e-02 9.798377752e-03 4.710026085e-03-3.171616700e-04
-5.235232413e-03-9.999588132e-03-1.456519216e-02-1.888697967e-02-2.292015031e-02
-2.662035823e-02-2.994377911e-02-3.284711391e-02-3.528755158e-02-3.722270578e-02
-3.861064464e-02-3.940991685e-02-3.957979754e-02-3.908061236e-02-3.787432238e-02
-3.592541069e-02-3.320206702e-02-2.967764065e-02-2.533265203e-02-2.015686221e-02
-1.414937899e-02-7.324145176e-03 2.824185649e-04 8.631719276e-03 1.753991842e-02
 2.702654526e-02 3.706797957e-02 4.764608666e-02 5.874095112e-02 7.032975554e-02
 8.238551766e-02 9.487546980e-02 1.077591032e-01 1.209858656e-01 1.344924569e-01
 1.481998265e-01 1.620100737e-01 1.758039743e-01 1.894399822e-01 2.027559280e-01
 2.155747116e-01 2.277146429e-01 2.390034199e-01 2.492933422e-01 2.584744692e-01
 2.664831579e-01 2.733046412e-01 2.789694667e-01 2.835444808e-01 2.871204019e-01
 8.396957815e-02 8.364103734e-02 7.691096514e-02 6.873208284e-02 6.101574004e-02
 5.370055139e-02 4.672838002e-02 4.004398733e-02 3.359714150e-02 2.734306082e-02
 2.124234475e-02 1.526065450e-02 9.368382394e-03 3.540453967e-03-2.243375173e-03
-7.919912226e-03-1.344212331e-02-1.876310818e-02-2.383663878e-02-2.861738577e-02
-3.306097537e-02-3.712388873e-02-4.076329619e-02-4.393685237e-02-4.660246894e-02
-4.871813953e-02-5.024179816e-02-5.113134533e-02-5.134474486e-02-5.084041879e-02
-4.957778752e-02-4.751818627e-02-4.462605715e-02-4.087053612e-02-3.622741252e-02
-3.068146110e-02-2.422980964e-02-1.688582264e-02-8.682440966e-03 3.186444519e-04
 1.004887745e-02 2.029590681e-02 3.105804697e-02 4.230930284e-02 5.402038246e-02
 6.615833938e-02 7.868471742e-02 9.155440331e-02 1.047144681e-01 1.181028336e-01
 1.316467822e-01 1.452618837e-01 1.588514298e-01 1.723069549e-01 1.855101287e-01
 1.983362138e-01 2.106593400e-01 2.223586887e-01 2.333247960e-01 2.434650660e-01
 2.527076006e-01 2.610025406e-01 2.683218718e-01 2.746571302e-01 2.800168395e-01
 8.603881299e-02 8.554288745e-02 7.904678583e-02 7.092545927e-02 6.319059432e-02
 5.574987829e-02 4.854203761e-02 4.152551666e-02 3.466681391e-02 2.793598920e-02
 2.130524442e-02 1.474845409e-02 8.240954950e-03 1.759187086e-03-4.682909232e-03
-1.102975756e-02-1.722860523e-02-2.322909795e-02-2.898306958e-02-3.444433212e-02
-3.956845030e-02-4.431239143e-02-4.863419384e-02-5.249255896e-02-5.584646016e-02
-5.865477026e-02-6.087594479e-02-6.246783584e-02-6.338758767e-02-6.359175593e-02
-6.303662807e-02-6.167883053e-02-5.947621912e-02-5.638921633e-02-5.238251388e-02
-4.742734879e-02-4.150430113e-02-3.460665792e-02-2.674412914e-02-1.794689707e-02
-8.268307894e-03 2.207847312e-03 1.326235943e-02 2.478805184e-02 3.675028682e-02
 4.911671951e-02 6.184690446e-02 7.489521801e-02 8.821113408e-02 1.017386615e-01
 1.154155433e-01 1.291728616e-01 1.429349184e-01 1.566195637e-01 1.701393872e-01
 1.834031343e-01 1.963176727e-01 2.087900192e-01 2.207290530e-01 2.320466340e-01
 2.426579893e-01 2.524818778e-01 2.614407837e-01 2.694627643e-01 2.764848471e-01
 8.540450782e-02 8.441508561e-02 7.839877903e-02 7.100912184e-02 6.362918019e-02
 5.629168451e-02 4.902000353e-02 4.181842133e-02 3.468110040e-02 2.759642154e-02
 2.054937370e-02 1.352293044e-02 6.498892792e-03-5.418104120e-04-7.557682693e-03
-1.448921673e-02-2.128029242e-02-2.787812613e-02-3.423310071e-02-4.029846936e-02
-4.602996260e-02-5.138532445e-02-5.632381141e-02-6.080561131e-02-6.479132175e-02
-6.824139506e-02-7.111567259e-02-7.337298989e-02-7.497090101e-02-7.586553693e-02
-7.601172477e-02-7.536329329e-02-7.387368381e-02-7.149693370e-02-6.818912923e-02
-6.391026080e-02-5.862673745e-02-5.231445655e-02-4.496246949e-02-3.657734394e-02
-2.718813345e-02-1.685247757e-02-5.663147196e-03 6.273179315e-03 1.861256734e-02
 3.136021271e-02 4.446297884e-02 5.787376314e-02 7.154653966e-02 8.543388546e-02
 9.948580712e-02 1.136491597e-01 1.278675944e-01 1.420816183e-01 1.562289000e-01
 1.702443361e-01 1.840600371e-01 1.976044774e-01 2.108009607e-01 2.235648036e-01
 2.357994914e-01 2.473926246e-01 2.582130432e-01 2.681128383e-01 2.769367099e-01
 8.433772624e-02 8.295787871e-02 7.731626928e-02 7.030799985e-02 6.313841045e-02
 5.587123334e-02 4.855678976e-02 4.122017696e-02 3.387036175e-02 2.650658414e-02
 1.912204362e-02 1.170620881e-02 4.246432800e-03-3.270533867e-03-1.077573374e-02
-1.820678636e-02-2.550519258e-02-3.261651099e-02-3.949024156e-02-4.607947171e-02
-5.234045535e-02-5.823198706e-02-6.371483207e-02-6.875100732e-02-7.330310345e-02
-7.733364403e-02-8.080446720e-02-8.367611468e-02-8.590745926e-02-8.745536208e-02
-8.827452362e-02-8.831754327e-02-8.753529191e-02-8.587755263e-02-8.329407126e-02
-7.973611355e-02-7.515850663e-02-6.952235848e-02-6.279844791e-02-5.497131124e-02
-4.604418948e-02-3.604461998e-02-2.503059059e-02-1.309669018e-02-3.876622068e-04
 1.293899864e-02 2.658822574e-02 4.052944481e-02 5.472981930e-02 6.915492564e-02
 8.376882225e-02 9.853450954e-02 1.134143919e-01 1.283705980e-01 1.433649361e-01
 1.583585441e-01 1.733107865e-01 1.881770194e-01 2.029046267e-01 2.174264491e-01
 2.316507995e-01 2.454473078e-01 2.586296797e-01 2.709418535e-01 2.820656896e-01
 8.392892778e-02 8.243369311e-02 7.665968686e-02 6.948535144e-02 6.222134084e-02
 5.487695336e-02 4.746171832e-02 3.998327255e-02 3.244451433e-02 2.484342456e-02
 1.717384718e-02 9.426307864e-03 1.588583342e-03-6.322103553e-03-1.423451677e-02
-2.208278328e-02-2.980622649e-02-3.734917939e-02-4.466068745e-02-5.169409141e-02
-5.840643495e-02-6.475784630e-02-7.071080059e-02-7.622933388e-02-8.127830923e-02
-8.582257479e-02-8.982631564e-02-9.325231612e-02-9.606137872e-02-9.821187705e-02
-9.965938330e-02-1.003565416e-01-1.002531275e-01-9.929643571e-02-9.743195772e-02
-9.460452199e-02-9.075996280e-02-8.584728837e-02-7.982163131e-02-7.264786959e-02
-6.430508196e-02-5.479168892e-02-4.413124546e-02-3.237851709e-02-1.962538809e-02
-6.003562361e-03 8.306398056e-03 2.289887518e-02 3.775173053e-02 5.284342170e-02
 6.815025210e-02 8.364969492e-02 9.932182729e-02 1.151500568e-01 1.311213970e-01
 1.472265422e-01 1.634591520e-01 1.798143387e-01 1.962850392e-01 2.128553689e-01
 2.294877768e-01 2.460995466e-01 2.625187039e-01 2.783986330e-01 2.930652797e-01
 8.326862752e-02 8.166482300e-02 7.555454969e-02 6.824520230e-02 6.086821109e-02
 5.341513455e-02 4.588222504e-02 3.826505691e-02 3.055801243e-02 2.275390178e-02
 1.484384015e-02 6.817196030e-03-1.338572474e-03-9.576374665e-03-1.782402396e-02
-2.601465583e-02-3.408689052e-02-4.198478907e-02-4.965760559e-02-5.705934018e-02
-6.414815784e-02-7.088570297e-02-7.723627985e-02-8.316609263e-02-8.864231408e-02
-9.363231063e-02-9.810274839e-02-1.020189226e-01-1.053439528e-01-1.080382168e-01
-1.100588739e-01-1.113595217e-01-1.118900180e-01-1.115965992e-01-1.104222611e-01
-1.083075032e-01-1.051915586e-01-1.010141149e-01-9.571774304e-02-8.925095201e-02
-8.157216012e-02-7.265442610e-02-6.249102578e-02-5.110173672e-02-3.853959590e-02
-2.489780262e-02-1.031693444e-02 5.009439774e-03 2.059436217e-02 3.643889725e-02
 5.251980573e-02 6.882394850e-02 8.534665406e-02 1.020913869e-01 1.190702617e-01
 1.363051236e-01 1.538289189e-01 1.716871858e-01 1.899393499e-01 2.086593807e-01
 2.279350758e-01 2.478633225e-01 2.685333490e-01 2.899414599e-01 3.109887838e-01
 8.175093681e-02 7.998435199e-02 7.391393185e-02 6.651122868e-02 5.904772878e-02
 5.151122808e-02 4.388706014e-02 3.616120666e-02 2.832072228e-02 2.035350911e-02
 1.224792469e-02 3.992590122e-03-4.423324019e-03-1.292513963e-02-2.144154906e-02
-2.990599722e-02-3.825734928e-02-4.644006118e-02-5.440405384e-02-6.210431084e-02
-6.950031221e-02-7.655531913e-02-8.323553950e-02-8.950929344e-02-9.534610808e-02
-1.007157937e-01-1.055875942e-01-1.099293381e-01-1.137066334e-01-1.168821827e-01
-1.194151789e-01-1.212607622e-01-1.223697364e-01-1.226884127e-01-1.221587211e-01
-1.207186431e-01-1.183030009e-01-1.148448139e-01-1.102771610e-01-1.045357883e-01
-9.756252170e-02-8.930954337e-02-7.974480093e-02-6.885821372e-02-5.666909367e-02
-4.323428869e-02-2.865720913e-02-1.309736259e-02 3.219437320e-03 1.990244910e-02
 3.680659086e-02 5.393434316e-02 7.129791379e-02 8.891928196e-02 1.068321392e-01
 1.250848919e-01 1.437447369e-01 1.629029959e-01 1.826825887e-01 2.032485902e-01
 2.248245180e-01 2.477194667e-01 2.723813057e-01 2.995166779e-01 3.278664947e-01
 7.973128557e-02 7.780350745e-02 7.166802883e-02 6.422318518e-02 5.674069375e-02
 4.918744415e-02 4.153246805e-02 3.375191242e-02 2.582729980e-02 1.774344407e-02
 9.486816823e-03 1.044359058e-03-7.566920482e-03-1.627007872e-02-2.499294281e-02
-3.366876021e-02-4.223658890e-02-5.064141005e-02-5.883396417e-02-6.677033752e-02
-7.441136241e-02-8.172191679e-02-8.867004514e-02-9.522612393e-02-1.013618857e-01
-1.070494950e-01-1.122606546e-01-1.169657111e-01-1.211327687e-01-1.247269511e-01
-1.277096868e-01-1.300380528e-01-1.316644251e-01-1.325359941e-01-1.325947195e-01
-1.317775249e-01-1.300167292e-01-1.272409558e-01-1.233766824e-01-1.183502004e-01
-1.120906323e-01-1.045337021e-01-9.562658519e-02-8.533394337e-02-7.364501059e-02
-6.058180332e-02-4.620812088e-02-3.063868172e-02-1.404748857e-02 3.326653736e-03
 2.104759961e-02 3.895888478e-02 5.708991736e-02 7.547497004e-02 9.415945411e-02
 1.132051796e-01 1.326960325e-01 1.527452469e-01 1.735055149e-01 1.951829195e-01
 2.180570662e-01 2.425078452e-01 2.690468132e-01 2.983376384e-01 3.297109008e-01
 7.714937627e-02 7.506172359e-02 6.862606108e-02 6.129504368e-02 5.395035446e-02
 4.650118947e-02 3.890503198e-02 3.113844618e-02 2.318587340e-02 1.503498759e-02
 6.674552336e-03-1.906797756e-03-1.066180319e-02-1.951325685e-02-2.838886157e-02
-3.722199798e-02-4.595210403e-02-5.452480540e-02-6.289172173e-02-7.101004571e-02
-7.884193957e-02-8.635379374e-02-9.351538122e-02-1.002989560e-01-1.066782922e-01
-1.126277298e-01-1.181212515e-01-1.231315434e-01-1.276291162e-01-1.315814853e-01
-1.349523813e-01-1.377010494e-01-1.397816837e-01-1.411429644e-01-1.417277157e-01
-1.414729208e-01-1.403098404e-01-1.381646991e-01-1.349596679e-01-1.306146234e-01
-1.250494868e-01-1.181875914e-01-1.099599302e-01-1.003107727e-01-8.920431137e-02
-7.663261890e-02-6.262455881e-02-4.725522920e-02-3.065507114e-02-1.301752403e-02
 5.396595225e-03 2.398918383e-02 4.277044535e-02 6.176524609e-02 8.101316541e-02
 1.005706340e-01 1.205145121e-01 1.409474760e-01 1.620057523e-01 1.838702708e-01
 2.067834437e-01 2.310744822e-01 2.571992874e-01 2.857981920e-01 3.164157569e-01
 7.244667411e-02 6.977011263e-02 6.440035254e-02 5.780381709e-02 5.085032061e-02
 4.363118857e-02 3.616832942e-02 2.846781164e-02 2.052950300e-02 1.235009730e-02
 3.924448043e-03-4.753505811e-03-1.360870339e-02-2.256413549e-02-3.154769540e-02
-4.049307853e-02-4.934022576e-02-5.803546309e-02-6.653128564e-02-7.478594780e-02
-8.276283741e-02-9.042975307e-02-9.775799513e-02-1.047214940e-01-1.112958491e-01
-1.174573377e-01-1.231819987e-01-1.284446418e-01-1.332180202e-01-1.374718547e-01
-1.411721408e-01-1.442802995e-01-1.467525363e-01-1.485393345e-01-1.495848894e-01
-1.498270333e-01-1.491971165e-01-1.476204097e-01-1.450167894e-01-1.413021088e-01
-1.363901496e-01-1.301954687e-01-1.226372421e-01-1.136442870e-01-1.031614020e-01
-9.115706384e-02-7.763239741e-02-6.263127923e-02-4.625109583e-02-2.865361050e-02
-1.007536147e-02 9.162745439e-03 2.850791067e-02 4.797631875e-02 6.759514660e-02
 8.740386367e-02 1.074551195e-01 1.278160959e-01 1.485704333e-01 1.698207259e-01
 1.916917861e-01 2.143359184e-01 2.379463315e-01 2.628163695e-01 2.889436185e-01
 6.916536391e-02 6.627200544e-02 6.096827239e-02 5.464352295e-02 4.793936759e-02
 4.089868814e-02 3.355272859e-02 2.591873705e-02 1.800454408e-02 9.812051430e-03
 1.339242095e-03-7.398097776e-03-1.631749049e-02-2.534113266e-02-3.439675644e-02
-4.341828078e-02-5.234613270e-02-6.112731248e-02-6.971515715e-02-7.806888223e-02
-8.615300059e-02-9.393652529e-02-1.013921052e-01-1.084951237e-01-1.152227521e-01
-1.215529442e-01-1.274635196e-01-1.329311877e-01-1.379306465e-01-1.424336731e-01
-1.464083195e-01-1.498181075e-01-1.526212543e-01-1.547701359e-01-1.562106609e-01
-1.568819582e-01-1.567162573e-01-1.556389034e-01-1.535689533e-01-1.504201442e-01
-1.461025625e-01-1.405250281e-01-1.335985661e-01-1.252409667e-01-1.153826937e-01
-1.039743200e-01-9.099532664e-02-7.646442950e-02-6.045088917e-02-4.308633506e-02
-2.457611263e-02-5.208648741e-03 1.463960670e-02 3.448317572e-02 5.433270335e-02
 7.420810312e-02 9.413351119e-02 1.141343415e-01 1.342335939e-01 1.544455886e-01
 1.747640967e-01 1.951393932e-01 2.154292315e-01 2.352919281e-01 2.540089190e-01
 6.695407629e-02 6.395478547e-02 5.848994851e-02 5.216326565e-02 4.550852627e-02
 3.853094205e-02 3.123963252e-02 2.364162914e-02 1.574068144e-02 7.537261117e-03
-9.710585000e-04-9.746097960e-03-1.870548353e-02-2.777162567e-02-3.687264025e-02
-4.594295099e-02-5.492360890e-02-6.376233697e-02-7.241326571e-02-8.083651960e-02
-8.899755776e-02-9.686645865e-02-1.044169962e-01-1.116257906e-01-1.184712946e-01
-1.249329150e-01-1.309899390e-01-1.366206855e-01-1.418015361e-01-1.465060264e-01
-1.507040858e-01-1.543610692e-01-1.574371457e-01-1.598865092e-01-1.616568863e-01
-1.626889110e-01-1.629160941e-01-1.622645557e-01-1.606535017e-01-1.579959691e-01
-1.542000920e-01-1.491713226e-01-1.428154409e-01-1.350427419e-01-1.257735491e-01
-1.149452776e-01-1.025209576e-01-8.849941194e-02-7.292668521e-02-5.590823293e-02
-3.762102127e-02-1.832440123e-02 1.631774474e-03 2.180259675e-02 4.180242121e-02
 6.164910644e-02 8.134813607e-02 1.008945629e-01 1.202697903e-01 1.394346058e-01
 1.583178639e-01 1.767999530e-01 1.946915686e-01 2.117140591e-01 2.275025696e-01
 6.506153941e-02 6.195749342e-02 5.654593185e-02 5.019869283e-02 4.354363307e-02
 3.658021986e-02 2.930694446e-02 2.172248252e-02 1.382491365e-02 5.611219443e-03
-2.922973363e-03-1.172202732e-02-2.070510760e-02-2.979576960e-02-3.892304748e-02
-4.802218080e-02-5.703499168e-02-6.590995193e-02-7.460195571e-02-8.307190239e-02
-9.128610045e-02-9.921544790e-02-1.068346798e-01-1.141213626e-01-1.210550219e-01
-1.276161820e-01-1.337853372e-01-1.395421028e-01-1.448642462e-01-1.497268081e-01
-1.541011930e-01-1.579544544e-01-1.612483710e-01-1.639388651e-01-1.659752727e-01
-1.672998667e-01-1.678474993e-01-1.675454676e-01-1.663136631e-01-1.640652269e-01
-1.607076526e-01-1.561446190e-01-1.502788365e-01-1.430157721e-01-1.342689395e-01
-1.239664778e-01-1.120593920e-01-9.853147715e-02-8.341053128e-02-6.678054482e-02
-4.879379272e-02-2.968154848e-02-9.760905057e-03 1.056565996e-02 3.063349798e-02
 5.041256547e-02 6.988149136e-02 8.901469409e-02 1.077746227e-01 1.261055470e-01
 1.439273655e-01 1.611298919e-01 1.775691807e-01 1.930691451e-01 2.074329257e-01
 6.367528439e-02 6.050682068e-02 5.502588302e-02 4.865485057e-02 4.199562594e-02
 3.503888473e-02 2.777640522e-02 2.020126581e-02 1.230737567e-02 4.088892136e-03
-4.460300319e-03-1.327154785e-02-2.226567827e-02-3.136753291e-02-4.050716758e-02
-4.962068051e-02-5.865063891e-02-6.754618883e-02-7.626286894e-02-8.476221561e-02
-9.301117063e-02-1.009812877e-01-1.086479872e-01-1.159895808e-01-1.229863763e-01
-1.296197176e-01-1.358710527e-01-1.417209506e-01-1.471482515e-01-1.521291435e-01
-1.566362679e-01-1.606379300e-01-1.640973389e-01-1.669717580e-01-1.692119837e-01
-1.707616746e-01-1.715570092e-01-1.715264618e-01-1.705908477e-01-1.686638892e-01
-1.656531096e-01-1.614614725e-01-1.559900939e-01-1.491416097e-01-1.408252120e-01
-1.309628785e-01-1.194974408e-01-1.064021587e-01-9.169193357e-02-7.543563843e-02
-5.776898563e-02-3.890696913e-02-1.915458404e-02 1.084875548e-03 2.130350098e-02
 4.106546938e-02 6.036821008e-02 7.919237018e-02 9.750323743e-02 1.152502969e-01
 1.323663592e-01 1.487673223e-01 1.643537283e-01 1.790150106e-01 1.926372945e-01
 6.260614097e-02 5.939056724e-02 5.383439362e-02 4.746636003e-02 4.082722589e-02
 3.389536962e-02 2.665654384e-02 1.910055056e-02 1.121951081e-02 3.006627783e-03
-5.544434302e-03-1.435606740e-02-2.335025743e-02-3.245273605e-02-4.159429297e-02
-5.071163923e-02-5.974786729e-02-6.865260750e-02-7.738183439e-02-8.589750528e-02
-9.416695684e-02-1.021622121e-01-1.098590940e-01-1.172364205e-01-1.242749989e-01
-1.309567392e-01-1.372636706e-01-1.431770921e-01-1.486765444e-01-1.537390053e-01
-1.583379954e-01-1.624427736e-01-1.660175174e-01-1.690205634e-01-1.714037508e-01
-1.731118709e-01-1.740821600e-01-1.742441058e-01-1.735194325e-01-1.718224585e-01
-1.690610796e-01-1.651382148e-01-1.599542350e-01-1.534103006e-01-1.454131007e-01
-1.358809024e-01-1.247513220e-01-1.119907349e-01-9.760527313e-02-8.165308833e-02
-6.425721198e-02-4.561797157e-02-2.602338791e-02-5.855523050e-03 1.441004500e-02
 3.413365036e-02 5.330833793e-02 7.191550732e-02 8.992475271e-02 1.072940975e-01
 1.239706054e-01 1.398917735e-01 1.549879313e-01 1.691860259e-01 1.824145913e-01
 6.158069521e-02 5.829374865e-02 5.286347866e-02 4.658865556e-02 4.003034532e-02
 3.316018730e-02 2.596714720e-02 1.844501309e-02 1.058835164e-02 2.391409595e-03
-6.146728992e-03-1.494719647e-02-2.393179387e-02-3.302634880e-02-4.216184095e-02
-5.127519369e-02-6.030970067e-02-6.921517849e-02-7.794779539e-02-8.646965027e-02
-9.474827349e-02-1.027558297e-01-1.104683727e-01-1.178648993e-01-1.249264777e-01
-1.316352785e-01-1.379736811e-01-1.439232826e-01-1.494640559e-01-1.545734107e-01
-1.592253894e-01-1.633897722e-01-1.670313329e-01-1.701090336e-01-1.725754291e-01
-1.743759513e-01-1.754485965e-01-1.757234931e-01-1.751229912e-01-1.735619903e-01
-1.709487736e-01-1.671864092e-01-1.621750891e-01-1.558154225e-01-1.480129361e-01
-1.386840045e-01-1.277635694e-01-1.152141988e-01-1.010370702e-01-8.528403938e-02
-6.807029992e-02-4.958667606e-02-3.010983393e-02-1.000846922e-02 1.025675423e-02
 2.993374690e-02 4.901387542e-02 6.747941673e-02 8.530344069e-02 1.024502441e-01
 1.188763678e-01 1.345322728e-01 1.493646801e-01 1.633197069e-01 1.763463020e-01
 6.063797697e-02 5.717502162e-02 5.211146548e-02 4.612170532e-02 3.968878835e-02
 3.289283812e-02 2.575162984e-02 1.826921850e-02 1.044464484e-02 2.274438506e-03
-6.241747644e-03-1.502289250e-02-2.399064973e-02-3.307073563e-02-4.219403118e-02
-5.129737407e-02-6.032396108e-02-6.922350824e-02-7.795207947e-02-8.647169173e-02
-9.474977851e-02-1.027584374e-01-1.104736328e-01-1.178743318e-01-1.249415576e-01
-1.316574961e-01-1.380044967e-01-1.439642310e-01-1.495167166e-01-1.546394527e-01
-1.593065858e-01-1.634880602e-01-1.671488136e-01-1.702480018e-01-1.727383733e-01
-1.745656580e-01-1.756680608e-01-1.759760529e-01-1.754122376e-01-1.738918275e-01
-1.713233292e-01-1.676100492e-01-1.626523584e-01-1.563508958e-01-1.486110985e-01
-1.393491030e-01-1.284992993e-01-1.160234734e-01-1.019216180e-01-8.624399453e-02
-6.910378486e-02-5.068928003e-02-3.127405420e-02-1.122305822e-02 9.007667191e-03
 2.863452770e-02 4.764933884e-02 6.603545696e-02 8.376770467e-02 1.008128971e-01
 1.171310395e-01 1.326770037e-01 1.474028826e-01 1.612608135e-01 1.742060483e-01
 6.112971157e-02 5.780142546e-02 5.248814076e-02 4.637064040e-02 3.993327171e-02
 3.316118568e-02 2.605093829e-02 1.860088482e-02 1.080873422e-02 2.671187744e-03
-5.815913901e-03-1.457110420e-02-2.351600304e-02-3.257608786e-02-4.168191552e-02
-5.076995492e-02-5.978304893e-02-6.867054105e-02-7.738813758e-02-8.589751273e-02
-9.416575730e-02-1.021646410e-01-1.098698154e-01-1.172599345e-01-1.243157312e-01
-1.310190856e-01-1.373520792e-01-1.432960778e-01-1.488308460e-01-1.539336145e-01
-1.585782617e-01-1.627344489e-01-1.663668454e-01-1.694344133e-01-1.718896329e-01
-1.736780107e-01-1.747375727e-01-1.749986410e-01-1.743837595e-01-1.728081107e-01
-1.701803058e-01-1.664039195e-01-1.613796949e-01-1.550089121e-01-1.471979022e-01
-1.378640831e-01-1.269433498e-01-1.143995449e-01-1.002352089e-01-8.450372517e-02
-6.732212752e-02-4.888349026e-02-2.946738712e-02-9.446086362e-03 1.071687322e-02
 3.028810397e-02 4.926265031e-02 6.762510538e-02 8.534985781e-02 1.024019867e-01
 1.187385917e-01 1.343106478e-01 1.490654647e-01 1.629497409e-01 1.759130657e-01
 6.184324622e-02 5.856749415e-02 5.328115821e-02 4.715508968e-02 4.071664065e-02
 3.395648301e-02 2.686726861e-02 1.944410242e-02 1.168308035e-02 3.580270335e-03
-4.868906923e-03-1.359097846e-02-2.250680700e-02-3.154116124e-02-4.062391073e-02
-4.969087988e-02-5.868428200e-02-6.755284965e-02-7.625171542e-02-8.474197984e-02
-9.299014509e-02-1.009674519e-01-1.086489782e-01-1.160128266e-01-1.230391711e-01
-1.297093183e-01-1.360047758e-01-1.419063210e-01-1.473931074e-01-1.524417251e-01
-1.570254266e-01-1.611132026e-01-1.646690965e-01-1.676512957e-01-1.700116992e-01
-1.716951281e-01-1.726390272e-01-1.727731824e-01-1.720197201e-01-1.702935994e-01
-1.675035059e-01-1.635532975e-01-1.583445072e-01-1.517797709e-01-1.437673867e-01
-1.342275441e-01-1.230999678e-01-1.103532761e-01-9.599597752e-02-8.008870482e-02
-6.275708228e-02-4.420448840e-02-2.472382411e-02-4.707957618e-03 1.533846371e-02
 3.483752906e-02 5.379294977e-02 7.218945771e-02 8.999761939e-02 1.071758419e-01
 1.236716658e-01 1.394233406e-01 1.543623507e-01 1.684169769e-01 1.815172136e-01
 6.303499639e-02 5.983810127e-02 5.450038239e-02 4.840356857e-02 4.198971018e-02
 3.525127098e-02 2.818481252e-02 2.078794874e-02 1.305849850e-02 4.993753508e-03
-3.410048317e-03-1.209215447e-02-2.097228542e-02-2.997419611e-02-3.902685270e-02
-4.806523770e-02-5.703077465e-02-6.587143242e-02-7.454157621e-02-8.300156146e-02
-9.121714532e-02-9.915877879e-02-1.068007946e-01-1.141204685e-01-1.210971922e-01
-1.277114153e-01-1.339437664e-01-1.397741437e-01-1.451807618e-01-1.501392424e-01
-1.546218395e-01-1.585965157e-01-1.620261967e-01-1.648681164e-01-1.670730114e-01
-1.685847640e-01-1.693398505e-01-1.692672670e-01-1.682885885e-01-1.663184762e-01
-1.632657647e-01-1.590349972e-01-1.535291672e-01-1.466532201e-01-1.383189112e-01
-1.284511685e-01-1.169959679e-01-1.039298251e-01-8.927072585e-02-7.309006155e-02
-5.552472174e-02-3.678769618e-02-1.717467047e-02 2.938720863e-03 2.271031588e-02
 4.209139198e-02 6.104971468e-02 7.955274731e-02 9.755986929e-02 1.150181592e-01
 1.318600178e-01 1.480023414e-01 1.633475721e-01 1.777878255e-01 1.912122071e-01
 6.448970735e-02 6.137408316e-02 5.619540811e-02 5.014690384e-02 4.376146942e-02
 3.704207763e-02 2.999235690e-02 2.261580527e-02 1.491460111e-02 6.888964213e-03
-1.463107532e-03-1.009819657e-02-1.893465593e-02-2.789518982e-02-3.690788150e-02
-4.590689391e-02-5.483284220e-02-6.363289058e-02-7.226055861e-02-8.067533374e-02
-8.884207159e-02-9.673028439e-02-1.043133140e-01-1.115674376e-01-1.184709519e-01
-1.250032336e-01-1.311437637e-01-1.368712187e-01-1.421625614e-01-1.469921619e-01
-1.513308585e-01-1.551452875e-01-1.583970040e-01-1.610417664e-01-1.630290747e-01
-1.643014550e-01-1.647943109e-01-1.644357592e-01-1.631468236e-01-1.608421654e-01
-1.574311256e-01-1.528197676e-01-1.469135731e-01-1.396213472e-01-1.308603287e-01
-1.205628738e-01-1.086844504e-01-9.521346539e-02-8.018223941e-02-6.367908418e-02
-4.586079717e-02-2.696506307e-02-7.323036902e-03 1.262471080e-02 3.226751089e-02
 5.161678419e-02 7.066433877e-02 8.938802779e-02 1.077508926e-01 1.256975383e-01
 1.431489736e-01 1.599973738e-01 1.761025488e-01 1.912936568e-01 2.053799331e-01
 6.656605005e-02 6.356926262e-02 5.846508965e-02 5.244899541e-02 4.606653750e-02
 3.933649510e-02 3.227643296e-02 2.489965782e-02 1.721434481e-02 9.224060923e-03
 9.285431588e-04-7.651161868e-03-1.643286273e-02-2.533888072e-02-3.429687768e-02
-4.324049503e-02-5.210973322e-02-6.085101515e-02-6.941702962e-02-7.776630670e-02
-8.586271107e-02-9.367465228e-02-1.011742949e-01-1.083366871e-01-1.151388362e-01
-1.215587258e-01-1.275744140e-01-1.331631094e-01-1.383001953e-01-1.429584324e-01
-1.471070498e-01-1.507110000e-01-1.537301540e-01-1.561187208e-01-1.578245759e-01
-1.587889791e-01-1.589461863e-01-1.582235992e-01-1.565420926e-01-1.538167894e-01
-1.499585807e-01-1.448762119e-01-1.384793520e-01-1.306829005e-01-1.214123666e-01
-1.106108129e-01-9.824725240e-02-8.432634920e-02-6.889924407e-02-5.207464099e-02
-3.402897716e-02-1.501348987e-02 4.645909183e-03 2.421398461e-02 4.366308451e-02
 6.298478693e-02 8.217409253e-02 1.012214348e-01 1.201060712e-01 1.387881637e-01
 1.571974456e-01 1.752173007e-01 1.926639974e-01 2.092680335e-01 2.246770263e-01
 6.943678111e-02 6.661269069e-02 6.147469580e-02 5.541942269e-02 4.894756526e-02
 4.212504625e-02 3.499486297e-02 2.757935598e-02 1.988884807e-02 1.192671433e-02
 3.692167578e-03-4.817867652e-03-1.352666877e-02-2.235756256e-02-3.123855777e-02
-4.010323063e-02-4.889119789e-02-5.754826963e-02-6.602632999e-02-7.428295165e-02
-8.228085190e-02-8.998721093e-02-9.737284482e-02-1.044113562e-01-1.110781878e-01
-1.173497140e-01-1.232022867e-01-1.286113262e-01-1.335504204e-01-1.379904300e-01
-1.418986917e-01-1.452382803e-01-1.479672343e-01-1.500380039e-01-1.513969898e-01
-1.519841254e-01-1.517328620e-01-1.505703926e-01-1.484180689e-01-1.451926231e-01
-1.408078671e-01-1.351770759e-01-1.282165647e-01-1.198502034e-01-1.100153923e-01
-9.867019206e-02-8.580207080e-02-7.143779844e-02-5.565427244e-02-3.858976066e-02
-2.045467682e-02-1.541286940e-03 1.776784845e-02 3.703850508e-02 5.630673468e-02
 7.560029626e-02 9.494504333e-02 1.143657938e-01 1.338841766e-01 1.535130739e-01
 1.732454598e-01 1.930322498e-01 2.127353400e-01 2.320246100e-01 2.502071559e-01
 7.359473407e-02 7.121275365e-02 6.578613073e-02 5.919816345e-02 5.236115307e-02
 4.530029744e-02 3.802365065e-02 3.053148836e-02 2.282039076e-02 1.488463581e-02
 6.716729142e-03-1.692611724e-03-1.029749960e-02-1.902154833e-02-2.779302932e-02
-3.654554486e-02-4.521845281e-02-5.375700444e-02-6.211227179e-02-7.024079561e-02
-7.810409367e-02-8.566793054e-02-9.290159494e-02-9.977701306e-02-1.062678546e-01
-1.123486236e-01-1.179937050e-01-1.231764853e-01-1.278684735e-01-1.320384443e-01
-1.356516629e-01-1.386691630e-01-1.410471052e-01-1.427362710e-01-1.436816901e-01
-1.438224167e-01-1.430916637e-01-1.414171457e-01-1.387220025e-01-1.349260807e-01
-1.299480796e-01-1.237083897e-01-1.161330342e-01-1.071586236e-01-9.673860669e-02
-8.485082537e-02-7.150621712e-02-5.675859749e-02-4.071489722e-02-2.354519442e-02
-5.491448566e-03 1.312662102e-02 3.184629977e-02 5.068105459e-02 6.966020912e-02
 8.882464468e-02 1.082267910e-01 1.279320419e-01 1.480209827e-01 1.685919464e-01
 1.897643805e-01 2.116839290e-01 2.345354557e-01 2.586000860e-01 2.838742137e-01
 7.828718424e-02 7.647316158e-02 7.042665780e-02 6.312119961e-02 5.585569888e-02
 4.853834212e-02 4.111669213e-02 3.355985507e-02 2.584697306e-02 1.796187088e-02
 9.890431538e-03 1.619240036e-03-6.840801798e-03-1.541542262e-02-2.403401025e-02
-3.263058141e-02-4.114440084e-02-4.952023923e-02-5.770836025e-02-6.566420197e-02
-7.334794104e-02-8.072382212e-02-8.775939792e-02-9.442473203e-02-1.006914973e-01
-1.065320671e-01-1.119186580e-01-1.168223992e-01-1.212125346e-01-1.250555813e-01
-1.283146590e-01-1.309487522e-01-1.329122782e-01-1.341545284e-01-1.346196383e-01
-1.342464089e-01-1.329687238e-01-1.307161301e-01-1.274151504e-01-1.229909062e-01
-1.173696145e-01-1.104820147e-01-1.022676080e-01-9.268011153e-02-8.169394732e-02
-6.931191683e-02-5.557364598e-02-4.056479782e-02-2.442627773e-02-7.362585515e-03
 1.035197265e-02 2.824191377e-02 4.632093757e-02 6.461365521e-02 8.315850794e-02
 1.020100862e-01 1.212426051e-01 1.409549117e-01 1.612778902e-01 1.823853552e-01
 2.045099437e-01 2.279676497e-01 2.531960607e-01 2.808100581e-01 3.103693724e-01
 8.139181137e-02 7.982413471e-02 7.366050780e-02 6.625273079e-02 5.886801705e-02
 5.146111920e-02 4.399717972e-02 3.644781560e-02 2.879026160e-02 2.100566030e-02
 1.307759807e-02 4.991136491e-03-3.267613705e-03-1.163713448e-02-2.004766092e-02
-2.843346819e-02-3.673364222e-02-4.489241540e-02-5.285916477e-02-6.058818102e-02
-6.803820282e-02-7.517179847e-02-8.195465803e-02-8.835479617e-02-9.434169531e-02
-9.988543391e-02-1.049558446e-01-1.095216721e-01-1.135497838e-01-1.170044020e-01
-1.198465079e-01-1.220332235e-01-1.235174462e-01-1.242475808e-01-1.241674721e-01
-1.232166886e-01-1.213310733e-01-1.184437871e-01-1.144868135e-01-1.093931943e-01
-1.030999348e-01-9.555186331e-02-8.670639992e-02-7.653924823e-02-6.505122781e-02
-5.227557942e-02-3.828582168e-02-2.320351638e-02-7.206410170e-03 9.465167299e-03
 2.635469660e-02 4.346852377e-02 6.082175672e-02 7.844055444e-02 9.636500478e-02
 1.146526188e-01 1.333830506e-01 1.526646912e-01 1.726440340e-01 1.935191453e-01
 2.155586481e-01 2.391275167e-01 2.647168636e-01 2.929634154e-01 3.232197165e-01
 8.316417038e-02 8.173828572e-02 7.588943839e-02 6.856817007e-02 6.123472750e-02
 5.387930572e-02 4.648336023e-02 3.902861476e-02 3.149799258e-02 2.387563512e-02
 1.614644378e-02 8.295465261e-03 3.070989624e-04-7.791319862e-03-1.592891663e-02
-2.403957397e-02-3.206201270e-02-3.993987665e-02-4.762168229e-02-5.506053567e-02
-6.221370399e-02-6.904203445e-02-7.550925016e-02-8.158121258e-02-8.722507954e-02
-9.240854532e-02-9.709896892e-02-1.012626439e-01-1.048640758e-01-1.078652814e-01
-1.102253050e-01-1.118997782e-01-1.128406301e-01-1.129960567e-01-1.123107076e-01
-1.107262596e-01-1.081822291e-01-1.046174765e-01-9.997209907e-02-9.419013560e-02
-8.722300828e-02-7.903373241e-02-6.960220635e-02-5.893124640e-02-4.705348983e-02
-3.403857350e-02-1.999938861e-02-5.094369873e-03 1.046225522e-02 2.626497112e-02
 4.230945557e-02 5.859714746e-02 7.513697445e-02 9.194737673e-02 1.090587229e-01
 1.265161633e-01 1.443834901e-01 1.627482176e-01 1.817285120e-01 2.014834881e-01
 2.222285867e-01 2.442617714e-01 2.680141032e-01 2.941638231e-01 3.214926720e-01
 8.438021690e-02 8.312365413e-02 7.733790576e-02 7.014720142e-02 6.294851750e-02
 5.573042482e-02 4.848244414e-02 4.119438678e-02 3.385603428e-02 2.645673230e-02
 1.898516342e-02 1.142934710e-02 3.776897443e-03-3.984123468e-03-1.177911926e-02
-1.954355463e-02-2.721660584e-02-3.474175557e-02-4.206689447e-02-4.914411157e-02
-5.592931062e-02-6.238165498e-02-6.846293062e-02-7.413683832e-02-7.936821878e-02
-8.412235975e-02-8.836421371e-02-9.205769747e-02-9.516511858e-02-9.764659405e-02
-9.945966303e-02-1.005590260e-01-1.008964777e-01-1.004211009e-01-9.907972068e-02
-9.681778401e-02-9.358063340e-02-8.931532502e-02-8.397302032e-02-7.751215994e-02
-6.990221888e-02-6.112838537e-02-5.119696632e-02-4.014170915e-02-2.803109400e-02
-1.497791521e-02-1.152132521e-03 1.326759532e-02 2.796138451e-02 4.291396961e-02
 5.811200291e-02 7.354617119e-02 8.921262622e-02 1.051142812e-01 1.212621629e-01
 1.376768202e-01 1.543897390e-01 1.714449078e-01 1.888999939e-01 2.068271488e-01
 2.253122628e-01 2.444510311e-01 2.643337846e-01 2.849678397e-01 3.053012788e-01
 8.481231332e-02 8.369891346e-02 7.802271843e-02 7.102103531e-02 6.401596218e-02
 5.698969960e-02 4.994030297e-02 4.286811501e-02 3.577146679e-02 2.864563838e-02
 2.148308605e-02 1.427385770e-02 7.005841471e-03-3.355682711e-04-7.709906437e-03
-1.505064964e-02-2.229655907e-02-2.939094603e-02-3.628131747e-02-4.291902483e-02
-4.925885051e-02-5.525847524e-02-6.087790057e-02-6.607881188e-02-7.082390785e-02
-7.507620007e-02-7.879842818e-02-8.195246756e-02-8.449879289e-02-8.639614284e-02
-8.760123700e-02-8.806875348e-02-8.775147796e-02-8.660078049e-02-8.456739783e-02
-8.160263300e-02-7.766005397e-02-7.269771397e-02-6.668102741e-02-5.958624929e-02
-5.140459910e-02-4.214686900e-02-3.184825554e-02-2.057322301e-02-8.417263627e-03
 4.487226717e-03 1.772769913e-02 3.131679446e-02 4.520628601e-02 5.935990438e-02
 7.374803722e-02 8.834569156e-02 1.031319201e-01 1.180896908e-01 1.332060248e-01
 1.484718621e-01 1.638814509e-01 1.794307679e-01 1.951140463e-01 2.109172642e-01
 2.268058360e-01 2.427020073e-01 2.584422827e-01 2.736937106e-01 2.877989411e-01
 8.416539431e-02 8.308348060e-02 7.788740098e-02 7.124075294e-02 6.447593123e-02
 5.765141547e-02 5.081079900e-02 4.397510365e-02 3.715167195e-02 3.033977374e-02
 2.353369445e-02 1.672456041e-02 9.901560843e-03 3.053038847e-03-3.831868526e-03
-1.067263633e-02-1.741167158e-02-2.399398759e-02-3.036773577e-02-3.648418561e-02
-4.229748249e-02-4.776421934e-02-5.284296721e-02-5.749371648e-02-6.167731434e-02
-6.535491347e-02-6.848748028e-02-7.103531063e-02-7.295773923e-02-7.421291620e-02
-7.475775480e-02-7.454812527e-02-7.353930175e-02-7.168668509e-02-6.894695759e-02
-6.527963281e-02-6.064910442e-02-5.502729118e-02-4.839693382e-02-4.075551778e-02
-3.211969137e-02-2.253035642e-02-1.205663569e-02-8.087219903e-04 1.109301858e-02
 2.336618677e-02 3.598468751e-02 4.892123491e-02 6.214021891e-02 7.560360432e-02
 8.927292377e-02 1.031099185e-01 1.170767993e-01 1.311363280e-01 1.452516615e-01
 1.593859494e-01 1.735011041e-01 1.875555813e-01 2.015003860e-01 2.152726352e-01
 2.287856042e-01 2.419148684e-01 2.544811368e-01 2.662362456e-01 2.768703103e-01
 8.410737664e-02 8.347475529e-02 7.805490494e-02 7.120910287e-02 6.442049891e-02
 5.767801031e-02 5.100281164e-02 4.440252855e-02 3.787592798e-02 3.141643479e-02
 2.501419187e-02 1.865732670e-02 1.233264804e-02 6.025874987e-03-2.788939746e-04
-6.535121240e-03-1.268398110e-02-1.867100224e-02-2.444500476e-02-2.995758131e-02
-3.516273201e-02-4.001647234e-02-4.447643459e-02-4.850142449e-02-5.205098912e-02
-5.508500338e-02-5.756331980e-02-5.944550037e-02-6.069067121e-02-6.125751138e-02
-6.110446155e-02-6.019015610e-02-5.847415328e-02-5.591797829e-02-5.248656124e-02
-4.815011472e-02-4.288645089e-02-3.668365628e-02-2.954398096e-02-2.148818783e-02
-1.255904231e-02-2.832412720e-03 7.616543677e-03 1.850907505e-02 2.985178493e-02
 4.159520194e-02 5.369612575e-02 6.611250341e-02 7.880025357e-02 9.171256423e-02
 1.047997549e-01 1.180094332e-01 1.312866360e-01 1.445740759e-01 1.578125209e-01
 1.709407866e-01 1.838957071e-01 1.966111362e-01 2.090162039e-01 2.210323811e-01
 2.325693369e-01 2.435206771e-01 2.537609339e-01 2.631471753e-01 2.715280652e-01
 8.351407945e-02 8.326599002e-02 7.768375427e-02 7.044096291e-02 6.350075454e-02
 5.679820478e-02 5.029372871e-02 4.396101087e-02 3.777888790e-02 3.172819316e-02
 2.579082362e-02 1.994960941e-02 1.418839116e-02 8.492222056e-03 2.847836353e-03
-2.755017951e-03-8.237356320e-03-1.354996115e-02-1.864446886e-02-2.347399481e-02
-2.799324133e-02-3.215837106e-02-3.592677414e-02-3.925679624e-02-4.210743308e-02
-4.443813115e-02-4.620858654e-02-4.737870395e-02-4.790865630e-02-4.775910825e-02
-4.689165205e-02-4.526954889e-02-4.285876080e-02-3.962925822e-02-3.555663303e-02
-3.062454239e-02-2.482722327e-02-1.816956699e-02-1.067341678e-02-2.386549953e-03
 6.645402871e-03 1.617854647e-02 2.622904815e-02 3.675669432e-02 4.772818089e-02
 5.910497904e-02 7.084523141e-02 8.290349692e-02 9.522978961e-02 1.077687964e-01
 1.204593480e-01 1.332341433e-01 1.460199654e-01 1.587383449e-01 1.713066995e-01
 1.836399436e-01 1.956523359e-01 2.072592080e-01 2.183782160e-01 2.289299965e-01
 2.388379127e-01 2.480276227e-01 2.564268708e-01 2.639669776e-01 2.705860734e-01
 8.073447645e-02 8.057044446e-02 7.511626184e-02 6.793466210e-02 6.110154092e-02
 5.459555238e-02 4.837918282e-02 4.241591692e-02 3.667228296e-02 3.111845255e-02
 2.572825924e-02 2.047898620e-02 1.535101421e-02 1.032735407e-02 5.392963998e-03
 5.335356109e-04-4.202351440e-03-8.764602244e-03-1.310591679e-02-1.718074456e-02
-2.094490081e-02-2.435536310e-02-2.737008408e-02-2.994782291e-02-3.204801306e-02
-3.363072127e-02-3.465667367e-02-3.508747742e-02-3.488590196e-02-3.401633352e-02
-3.244537115e-02-3.014280647e-02-2.708330378e-02-2.324803546e-02-1.862442866e-02
-1.321199723e-02-7.033551112e-03-1.018577605e-04 7.559509017e-03 1.576390304e-02
 2.453101799e-02 3.383131325e-02 4.364258051e-02 5.393782258e-02 6.468690187e-02
 7.585541904e-02 8.740387857e-02 9.928669035e-02 1.114507765e-01 1.238342971e-01
 1.363653541e-01 1.489610970e-01 1.615276635e-01 1.739610136e-01 1.861492395e-01
 1.979764402e-01 2.093277574e-01 2.200952172e-01 2.301831692e-01 2.395126522e-01
 2.480238080e-01 2.556762993e-01 2.624478936e-01 2.683320940e-01 2.733353972e-01
 7.613916695e-02 7.605277002e-02 7.043021172e-02 6.341946125e-02 5.688001588e-02
 5.075743794e-02 4.500208795e-02 3.956347704e-02 3.439544141e-02 2.945835888e-02
 2.471948043e-02 2.015239745e-02 1.573619805e-02 1.145461202e-02 7.295383140e-03
 3.250041511e-03-6.852654042e-04-4.438051954e-03-7.966752164e-03-1.122911088e-02
-1.418330241e-02-1.678821445e-02-1.900346018e-02-2.078935131e-02-2.210691571e-02
-2.291805111e-02-2.318581566e-02-2.287498116e-02-2.195278183e-02-2.038965747e-02
-1.815893874e-02-1.523772441e-02-1.161121484e-02-7.281534374e-03-2.237208886e-03
 3.534956835e-03 9.855331853e-03 1.676601358e-02 2.427087352e-02 3.234449029e-02
 4.097193480e-02 5.013656616e-02 5.982089788e-02 7.000511885e-02 8.066618443e-02
 9.177655727e-02 1.033027470e-01 1.152034774e-01 1.274274141e-01 1.399105787e-01
 1.525734514e-01 1.653184295e-01 1.780278385e-01 1.905638129e-01 2.027712166e-01
 2.144843489e-01 2.255378067e-01 2.357799560e-01 2.450864017e-01 2.533705235e-01
 2.605890632e-01 2.667423487e-01 2.718687057e-01 2.760350704e-01 2.793245614e-01
 6.870093942e-02 6.846316159e-02 6.320969760e-02 5.656881258e-02 5.054462701e-02
 4.504862428e-02 3.998679668e-02 3.527871519e-02 3.086078912e-02 2.668475173e-02
 2.271485515e-02 1.892510802e-02 1.529703103e-02 1.181790791e-02 8.479425684e-03
 5.276443437e-03 2.205424011e-03-6.855741376e-04-3.356762230e-03-5.766110029e-03
-7.874125615e-03-9.642574936e-03-1.103401557e-02-1.201166026e-02-1.253944077e-02
-1.258223876e-02-1.210638974e-02-1.108069718e-02-9.478539228e-03-7.282630075e-03
-4.475967493e-03-1.034641406e-03 3.068685066e-03 7.695131004e-03 1.288823038e-02
 1.866125688e-02 2.499921434e-02 3.190034628e-02 3.936257958e-02 4.738029838e-02
 5.594741926e-02 6.505715847e-02 7.470177114e-02 8.487191796e-02 9.555575252e-02
 1.067375988e-01 1.183962524e-01 1.305024326e-01 1.430156231e-01 1.558795571e-01
 1.690168679e-01 1.823223680e-01 1.956559718e-01 2.088369727e-01 2.216427177e-01
 2.338173538e-01 2.450935245e-01 2.552251220e-01 2.640205622e-01 2.713664472e-01
 2.772381902e-01 2.816986442e-01 2.848854065e-01 2.869863808e-01 2.882059216e-01
 5.822162703e-02 5.769942701e-02 5.274847895e-02 4.684077576e-02 4.177957773e-02
 3.731998801e-02 3.328775615e-02 2.957235277e-02 2.610444278e-02 2.284037322e-02
 1.975276694e-02 1.682495698e-02 1.404763665e-02 1.141685713e-02 8.932866156e-03
 6.599572487e-03 4.424581304e-03 2.420138801e-03 6.191142602e-04-9.212063160e-04
-2.169738058e-03-3.094398417e-03-3.662943142e-03-3.843375947e-03-3.604179248e-03
-2.914437791e-03-1.743780565e-03-6.183231017e-05 2.163677942e-03 4.900420085e-03
 8.124597371e-03 1.186663192e-02 1.613920555e-02 2.093422040e-02 2.625582181e-02
 3.210871667e-02 3.849506378e-02 4.541772604e-02 5.287993699e-02 6.088497117e-02
 6.943635643e-02 7.853798568e-02 8.819405735e-02 9.840874374e-02 1.091856807e-01
 1.205270141e-01 1.324319243e-01 1.448942274e-01 1.578988135e-01 1.714161634e-01
 1.853941381e-01 1.997458935e-01 2.143326104e-01 2.289404273e-01 2.432547510e-01
 2.568486333e-01 2.692204416e-01 2.798960507e-01 2.885331810e-01 2.949629426e-01
 2.991881967e-01 3.013786077e-01 3.018642664e-01 3.010909557e-01 2.995142341e-01
 4.286296666e-02 4.144592583e-02 3.744309396e-02 3.364739567e-02 3.054921515e-02
 2.776109427e-02 2.515989169e-02 2.269569039e-02 2.034760639e-02 1.810842007e-02
 1.597813889e-02 1.396097057e-02 1.206383575e-02 1.029571332e-02 8.667464368e-03
 7.192045450e-03 5.885117687e-03 4.766141996e-03 3.860155120e-03 3.196573118e-03
 2.803301439e-03 2.707406878e-03 2.935223049e-03 3.512246069e-03 4.462921061e-03
 5.810312927e-03 7.575578522e-03 9.776986204e-03 1.242787577e-02 1.553193107e-02
 1.909198985e-02 2.311632782e-02 2.761262283e-02 3.258641809e-02 3.804415464e-02
 4.399302602e-02 5.044076592e-02 5.739606172e-02 6.486874819e-02 7.287005335e-02
 8.141283691e-02 9.051192552e-02 1.001843438e-01 1.104496121e-01 1.213298887e-01
 1.328500211e-01 1.450372040e-01 1.579200923e-01 1.715268791e-01 1.858816147e-01
 2.009971440e-01 2.168628424e-01 2.334225178e-01 2.505329847e-01 2.678794861e-01
 2.847910523e-01 3.000451922e-01 3.124289513e-01 3.213930130e-01 3.267962337e-01
 3.286902308e-01 3.273224235e-01 3.233000636e-01 3.178165555e-01 3.121288717e-01
 2.181219310e-02 1.787550934e-02 1.801902801e-02 1.851001754e-02 1.814524643e-02
 1.735786721e-02 1.634217426e-02 1.520334650e-02 1.400824077e-02 1.280440763e-02
 1.162840426e-02 1.050995849e-02 9.474368766e-03 8.544068784e-03 7.739787921e-03
 7.081482559e-03 6.589139812e-03 6.283431314e-03 6.186079234e-03 6.319514476e-03
 6.705925800e-03 7.366864942e-03 8.323015645e-03 9.594017640e-03 1.119827759e-02
 1.315275207e-02 1.547266170e-02 1.817114651e-02 2.125890367e-02 2.474416420e-02
 2.863422967e-02 3.293681517e-02 3.765996546e-02 4.281210154e-02 4.840252921e-02
 5.444175005e-02 6.094172597e-02 6.791618466e-02 7.538095117e-02 8.335432410e-02
 9.185753763e-02 1.009153575e-01 1.105568483e-01 1.208162382e-01 1.317341179e-01
 1.433588564e-01 1.557483375e-01 1.689719260e-01 1.831128001e-01 1.982698739e-01
 2.145592570e-01 2.321137488e-01 2.510794997e-01 2.716109753e-01 2.938793302e-01
 3.181881905e-01 3.399878144e-01 3.550314307e-01 3.643690348e-01 3.685487509e-01
 3.670983613e-01 3.604510427e-01 3.479060531e-01 3.336335123e-01 3.228412867e-01
 7.233143784e-03 2.492777538e-03 3.556348849e-03 5.665030330e-03 6.921874359e-03
 7.572289091e-03 7.809612900e-03 7.775938138e-03 7.575526368e-03 7.286468055e-03
 6.968735717e-03 6.669566967e-03 6.427153014e-03 6.273247302e-03 6.235076115e-03
 6.336743943e-03 6.600260735e-03 7.046255283e-03 7.694378495e-03 8.563418873e-03
 9.671200067e-03 1.103446633e-02 1.266879681e-02 1.458852272e-02 1.680668443e-02
 1.933500171e-02 2.218387090e-02 2.536240965e-02 2.887861431e-02 3.273969889e-02
 3.695268929e-02 4.152504355e-02 4.646506160e-02 5.178227276e-02 5.748777837e-02
 6.359459460e-02 7.011794299e-02 7.707554847e-02 8.448799700e-02 9.237915277e-02
 1.007767469e-01 1.097131222e-01 1.192263067e-01 1.293614507e-01 1.401728541e-01
 1.517266184e-01 1.641044170e-01 1.774087101e-01 1.917699277e-01 2.073563635e-01
 2.243877053e-01 2.431522012e-01 2.640256584e-01 2.874875963e-01 3.141303062e-01
 3.425762057e-01 3.643984497e-01 3.794216216e-01 3.880218565e-01 3.899230361e-01
 3.853205442e-01 3.732456863e-01 3.549500704e-01 3.392171860e-01 3.266016841e-01
-2.720945980e-03-7.862794213e-03-6.591446232e-03-4.052633420e-03-2.162164077e-03
-7.905589882e-04 1.879412739e-04 8.878068184e-04 1.406262862e-03 1.822893275e-03
 2.201732947e-03 2.594132675e-03 3.041573800e-03 3.578091506e-03 4.232205451e-03
 5.028368905e-03 5.988003220e-03 7.130179554e-03 8.472038433e-03 1.002899837e-02
 1.181484666e-02 1.384177245e-02 1.612040028e-02 1.865983941e-02 2.146777511e-02
 2.455060184e-02 2.791363001e-02 3.156133369e-02 3.549774736e-02 3.972690180e-02
 4.425338656e-02 4.908291250e-02 5.422280729e-02 5.968249962e-02 6.547385454e-02
 7.161146402e-02 7.811290026e-02 8.499883115e-02 9.229330719e-02 1.000239700e-01
 1.082225814e-01 1.169256419e-01 1.261754632e-01 1.360216737e-01 1.465233862e-01
 1.577522010e-01 1.697967350e-01 1.827689111e-01 1.968135387e-01 2.121229619e-01
 2.289602458e-01 2.476971298e-01 2.688750923e-01 2.932813764e-01 3.217471838e-01
 3.469257355e-01 3.659625351e-01 3.788881898e-01 3.855176568e-01 3.858162761e-01
 3.786823750e-01 3.635134101e-01 3.470913470e-01 3.334141076e-01 3.219476044e-01
-9.158636443e-03-1.457443368e-02-1.373977028e-02-1.124740299e-02-9.255963378e-03
-7.675745990e-03-6.401007995e-03-5.333050620e-03-4.387007095e-03-3.493482014e-03
-2.597166225e-03-1.654204447e-03-6.294220802e-04 5.060374970e-04 1.776475343e-03
 3.202816937e-03 4.803316202e-03 6.593914703e-03 8.588390425e-03 1.079839095e-02
 1.323343813e-02 1.590095088e-02 1.880631037e-02 2.195299789e-02 2.534277737e-02
 2.897595614e-02 3.285172582e-02 3.696860373e-02 4.132497311e-02 4.591976106e-02
 5.075313151e-02 5.582727492e-02 6.114705652e-02 6.672061980e-02 7.255972922e-02
 7.868000865e-02 8.510086685e-02 9.184546769e-02 9.894052148e-02 1.064161360e-01
 1.143059507e-01 1.226473153e-01 1.314819604e-01 1.408569813e-01 1.508263350e-01
 1.614529490e-01 1.728117466e-01 1.849937439e-01 1.981120706e-01 2.123106122e-01
 2.277776897e-01 2.447695732e-01 2.636577785e-01 2.850699425e-01 3.079159260e-01
 3.271268606e-01 3.419130445e-01 3.520132601e-01 3.573288918e-01 3.570986688e-01
 3.510547876e-01 3.398795128e-01 3.291779160e-01 3.194403052e-01 3.106991649e-01
-1.332999580e-02-1.911887899e-02-1.849661395e-02-1.637891494e-02-1.471846178e-02
-1.336116809e-02-1.217481308e-02-1.105732843e-02-9.935940616e-03-8.760750294e-03
-7.497456390e-03-6.121290848e-03-4.612714518e-03-2.954777330e-03-1.131792204e-03
 8.710523834e-04 3.067509038e-03 5.469809286e-03 8.088151924e-03 1.093027927e-02
 1.400122419e-02 1.730323955e-02 2.083588392e-02 2.459622175e-02 2.857910097e-02
 3.277748078e-02 3.718286008e-02 4.178583622e-02 4.657682776e-02 5.154705793e-02
 5.668966100e-02 6.200091541e-02 6.748133898e-02 7.313659787e-02 7.897792757e-02
 8.502217382e-02 9.129139781e-02 9.781207144e-02 1.046142131e-01 1.117305383e-01
 1.191957444e-01 1.270461828e-01 1.353196949e-01 1.440559179e-01 1.532966197e-01
 1.630863398e-01 1.734727621e-01 1.845070124e-01 1.962427795e-01 2.087335587e-01
 2.220247686e-01 2.361343503e-01 2.510051429e-01 2.663972974e-01 2.815780044e-01
 2.950048447e-01 3.058396578e-01 3.136601448e-01 3.181922436e-01 3.192925453e-01
 3.170713782e-01 3.126486540e-01 3.072501421e-01 3.014958799e-01 2.957550883e-01
-1.450386085e-02-2.067359164e-02-2.082791366e-02-1.971299201e-02-1.900043525e-02
-1.837205514e-02-1.764357835e-02-1.672790572e-02-1.559617184e-02-1.424803678e-02
-1.269332040e-02-1.094193012e-02-8.999135345e-03-6.864186376e-03-4.530989565e-03
-1.989883138e-03 7.701854338e-04 3.759582527e-03 6.986320019e-03 1.045494620e-02
 1.416601241e-02 1.811604574e-02 2.229784802e-02 2.670094557e-02 3.131201118e-02
 3.611516953e-02 4.109231383e-02 4.622352496e-02 5.148788914e-02 5.686488003e-02
 6.233628839e-02 6.788849831e-02 7.351469994e-02 7.921659946e-02 8.500522375e-02
 9.090061486e-02 9.693053365e-02 1.031283885e-01 1.095308959e-01 1.161759123e-01
 1.231006682e-01 1.303407103e-01 1.379292160e-01 1.458966881e-01 1.542707086e-01
 1.630753279e-01 1.723299921e-01 1.820471883e-01 1.922284216e-01 2.028569132e-01
 2.138854563e-01 2.252165973e-01 2.366734296e-01 2.479642630e-01 2.586666942e-01
 2.682860792e-01 2.763783932e-01 2.826266289e-01 2.868590355e-01 2.890631557e-01
 2.894113660e-01 2.882517576e-01 2.860078216e-01 2.830631137e-01 2.797157168e-01
-1.116449945e-02-1.727082208e-02-2.008313127e-02-2.177318186e-02-2.312192135e-02
-2.381153777e-02-2.377507649e-02-2.310454845e-02-2.192236111e-02-2.033821121e-02
-1.843743026e-02-1.627830043e-02-1.389347203e-02-1.129418891e-02-8.476302028e-03
-5.426750518e-03-2.129449509e-03 1.430035802e-03 5.261234939e-03 9.366968647e-03
 1.374290232e-02 1.837822050e-02 2.325696871e-02 2.835939825e-02 3.366284072e-02
 3.914174438e-02 4.476711899e-02 5.050587654e-02 5.632097274e-02 6.217310578e-02
 6.802430749e-02 7.384292781e-02 7.960875332e-02 8.531700075e-02 9.098006785e-02
 9.662671387e-02 1.022986472e-01 1.080453694e-01 1.139185280e-01 1.199672222e-01
 1.262348890e-01 1.327580512e-01 1.395657808e-01 1.466799676e-01 1.541152149e-01
 1.618784070e-01 1.699674577e-01 1.783690751e-01 1.870550811e-01 1.959771663e-01
 2.050599456e-01 2.141926438e-01 2.232216895e-01 2.319483757e-01 2.401378006e-01
 2.475430667e-01 2.539390326e-01 2.591536343e-01 2.630895972e-01 2.657356858e-01
 2.671667337e-01 2.675291896e-01 2.670122683e-01 2.658150792e-01 2.641213536e-01
-6.966753863e-03-1.331387181e-02-1.928925514e-02-2.506761439e-02-3.027071059e-02
-3.200313821e-02-3.212232143e-02-3.117572144e-02-2.950705588e-02-2.735575289e-02
-2.488565817e-02-2.219478413e-02-1.932427287e-02-1.627246663e-02-1.301173866e-02
-9.503671899e-03-5.710439291e-03-1.602387405e-03 2.837308683e-03 7.610473316e-03
 1.270438172e-02 1.809490472e-02 2.375141159e-02 2.964140847e-02 3.573285788e-02
 4.199329391e-02 4.838613421e-02 5.486572161e-02 6.137331575e-02 6.783741713e-02
 7.418102771e-02 8.033481240e-02 8.625078201e-02 9.191179276e-02 9.733563662e-02
 1.025734991e-01 1.077019274e-01 1.128087938e-01 1.179782674e-01 1.232807785e-01
 1.287696362e-01 1.344820857e-01 1.404417306e-01 1.466609538e-01 1.531423628e-01
 1.598792821e-01 1.668553650e-01 1.740433872e-01 1.814032048e-01 1.888793111e-01
 1.963982284e-01 2.038664222e-01 2.111700475e-01 2.181777656e-01 2.247479260e-01
 2.307398170e-01 2.360275984e-01 2.405138016e-01 2.441397011e-01 2.468907535e-01
 2.487961948e-01 2.499227524e-01 2.503635883e-01 2.502256036e-01 2.496175170e-01
-4.753779620e-03-1.192603633e-02-1.973534375e-02-2.858585678e-02-3.836404905e-02
-4.381145909e-02-4.397355393e-02-4.154122993e-02-3.852091730e-02-3.520346433e-02
-3.181340545e-02-2.845728211e-02-2.512402460e-02-2.172951587e-02-1.816497557e-02
-1.432717405e-02-1.013189927e-02-5.519501399e-03-4.589104210e-04 5.048435181e-03
 1.096817851e-02 1.724172756e-02 2.380404994e-02 3.060076945e-02 3.759478033e-02
 4.476161674e-02 5.207755417e-02 5.950260907e-02 6.695950031e-02 7.431709021e-02
 8.140327036e-02 8.805596083e-02 9.416750073e-02 9.969687462e-02 1.046720743e-01
 1.091961935e-01 1.134394780e-01 1.175920293e-01 1.218068078e-01 1.261815727e-01
 1.307705939e-01 1.355999708e-01 1.406783760e-01 1.460028589e-01 1.515618712e-01
 1.573363841e-01 1.632999182e-01 1.694180369e-01 1.756473482e-01 1.819347143e-01
 1.882165670e-01 1.944189668e-01 2.004588246e-01 2.062466592e-01 2.116910517e-01
 2.167044282e-01 2.212097049e-01 2.251464427e-01 2.284757495e-01 2.311829478e-01
 2.332774699e-01 2.347903252e-01 2.357694656e-01 2.362740487e-01 2.363686264e-01
-1.972870203e-03-9.344674647e-03-1.765525341e-02-2.739143558e-02-3.893605620e-02
-4.765132070e-02-5.218919367e-02-5.237619579e-02-4.819251224e-02-4.282267392e-02
-3.815612197e-02-3.426893800e-02-3.084944189e-02-2.753283642e-02-2.403216437e-02
-2.014884539e-02-1.574371383e-02-1.071697660e-02-5.006757565e-03 1.391739119e-03
 8.392641321e-03 1.582024992e-02 2.349757776e-02 3.132934496e-02 3.929927200e-02
 4.743646085e-02 5.578866601e-02 6.439971924e-02 7.326887548e-02 8.220943809e-02
 9.065178782e-02 9.814956784e-02 1.045602113e-01 1.098340675e-01 1.139672026e-01
 1.170729995e-01 1.196389794e-01 1.222831011e-01 1.252270043e-01 1.285117567e-01
 1.321307719e-01 1.360630691e-01 1.402830780e-01 1.447633058e-01 1.494746804e-01
 1.543858051e-01 1.594622135e-01 1.646653712e-01 1.699520946e-01 1.752739251e-01
 1.805772185e-01 1.858035177e-01 1.908907890e-01 1.957753152e-01 2.003942430e-01
 2.046888769e-01 2.086078823e-01 2.121104002e-01 2.151685357e-01 2.177685201e-01
 2.199109793e-01 2.216097564e-01 2.228897810e-01 2.237843871e-01 2.243322134e-01
 2.237608889e-03-4.501414485e-03-1.192102768e-02-2.013890073e-02-2.915563434e-02
-3.875408322e-02-4.722569138e-02-5.156731606e-02-5.131036788e-02-4.607117176e-02
-4.103793204e-02-3.811706603e-02-3.611246496e-02-3.385671973e-02-3.105145320e-02
-2.755731903e-02-2.325535379e-02-1.801555790e-02-1.168485358e-02-4.093559459e-03
 4.820092581e-03 1.418437995e-02 2.326812595e-02 3.213632852e-02 4.094529152e-02
 4.986155033e-02 5.906321853e-02 6.876038015e-02 7.923866808e-02 9.089817107e-02
 1.013488770e-01 1.098369807e-01 1.166218072e-01 1.215708107e-01 1.246195957e-01
 1.254921854e-01 1.250883490e-01 1.259065568e-01 1.275546551e-01 1.298181713e-01
 1.325647831e-01 1.357052177e-01 1.391744912e-01 1.429214627e-01 1.469022930e-01
 1.510766447e-01 1.554051191e-01 1.598477364e-01 1.643630415e-01 1.689076126e-01
 1.734360456e-01 1.779013276e-01 1.822555363e-01 1.864511669e-01 1.904426217e-01
 1.941878796e-01 1.976502389e-01 2.008000910e-01 2.036160231e-01 2.060855180e-01
 2.082051486e-01 2.099800408e-01 2.114228308e-01 2.125522494e-01 2.133915424e-01
 7.640860975e-03 1.992871054e-03-4.058584571e-03-1.051313989e-02-1.728682220e-02
-2.420461178e-02-3.101466782e-02-3.741351515e-02-4.109052569e-02-3.895223886e-02
-3.642855212e-02-3.623917699e-02-3.689982742e-02-3.615541011e-02-3.430558741e-02
-3.143324330e-02-2.748869732e-02-2.235171571e-02-1.581299677e-02-7.476150058e-03
 3.389841644e-03 1.451765001e-02 2.442411333e-02 3.372004628e-02 4.277918115e-02
 5.187122524e-02 6.123787165e-02 7.114453614e-02 8.193118125e-02 9.396959841e-02
 1.047690064e-01 1.134265438e-01 1.201773435e-01 1.249495745e-01 1.276090443e-01
 1.278340816e-01 1.267195344e-01 1.268600076e-01 1.279022396e-01 1.295954287e-01
 1.317826509e-01 1.343630999e-01 1.372668743e-01 1.404403001e-01 1.438379884e-01
 1.474186778e-01 1.511431932e-01 1.549732238e-01 1.588706374e-01 1.627971530e-01
 1.667142957e-01 1.705836058e-01 1.743671298e-01 1.780281365e-01 1.815319359e-01
 1.848469079e-01 1.879454553e-01 1.908048391e-01 1.934078634e-01 1.957432777e-01
 1.978058815e-01 1.995962262e-01 2.011201382e-01 2.023878694e-01 2.034133226e-01
 0.196718431E+01 0.199368668E+01 0.200980854E+01 0.202757430E+01 0.204546118E+01
 0.206700039E+01 0.208408403E+01 0.210161185E+01 0.211813545E+01 0.213583136E+01
 0.215240145E+01 0.216947746E+01 0.218714571E+01 0.220404053E+01 0.222123480E+01
 0.223911929E+01 0.225689888E+01 0.227450824E+01 0.229252958E+01 0.231143618E+01
 0.233006811E+01 0.234912014E+01 0.236854339E+01 0.238890910E+01 0.240934825E+01
 0.243030858E+01 0.245195198E+01 0.247457099E+01 0.249761486E+01 0.252136970E+01
 0.254605579E+01 0.257179785E+01 0.259855151E+01 0.262611628E+01 0.265489101E+01
 0.268502021E+01 0.271664858E+01 0.274959850E+01 0.278402233E+01 0.282026100E+01
 0.285846806E+01 0.289875364E+01 0.294116545E+01 0.298601317E+01 0.303359103E+01
 0.308418131E+01 0.313808346E+01 0.319558954E+01 0.325724006E+01 0.332355642E+01
 0.339514256E+01 0.347267818E+01 0.355727005E+01 0.364948726E+01 0.375156641E+01
 0.386438632E+01 0.399128532E+01 0.413495827E+01 0.430061626E+01 0.449616385E+01
 0.473291159E+01 0.503333139E+01 0.544107342E+01 0.610435867E+01 0.965084648E+01
   89   86
 0.107883620E+01-0.500000007E-01 0.107899678E+01 0.204321854E-01 0.108115757E+01
 0.750000030E-01 0.109010649E+01 0.175000012E+00 0.110339558E+01 0.265089363E+00
 0.111427355E+01 0.324999988E+00 0.113103986E+01 0.407138824E+00 0.114597988E+01
 0.474999994E+00 0.116087770E+01 0.539912820E+00 0.118034697E+01 0.620833278E+00
 0.119402111E+01 0.674999952E+00 0.121287036E+01 0.747120261E+00 0.123301387E+01
 0.817019105E+00 0.125349379E+01 0.875000000E+00 0.127828121E+01 0.928227782E+00
 0.130484378E+01 0.964999080E+00 0.135796881E+01 0.993871570E+00 0.141109371E+01
 0.997140527E+00 0.146421874E+01 0.990191698E+00 0.151734376E+01 0.976623058E+00
 0.156925416E+01 0.957519174E+00 0.160089564E+01 0.943963170E+00 0.165015626E+01
 0.920507193E+00 0.168981302E+01 0.898017704E+00 0.172984374E+01 0.873989344E+00
 0.176861703E+01 0.847478271E+00 0.180953121E+01 0.817814648E+00 0.184166384E+01
 0.792108893E+00 0.188208461E+01 0.757586896E+00 0.191578126E+01 0.726498961E+00
 0.194990778E+01 0.692617893E+00 0.198511815E+01 0.655064344E+00 0.201932526E+01
 0.614734292E+00 0.204859376E+01 0.577184796E+00 0.207900524E+01 0.534553647E+00
 0.210861111E+01 0.487975985E+00 0.213635707E+01 0.438921511E+00 0.216252899E+01
 0.386901498E+00 0.218735790E+01 0.331189364E+00 0.220927000E+01 0.275000006E+00
 0.222755218E+01 0.221119463E+00 0.224770045E+01 0.147419870E+00 0.226039958E+01
 0.750000030E-01 0.226495075E+01-0.249999985E-01 0.225413680E+01-0.125000000E+00
 0.224220395E+01-0.179813340E+00 0.222214866E+01-0.250556290E+00 0.220021343E+01
-0.312255651E+00 0.217723298E+01-0.369071960E+00 0.215326977E+01-0.422253132E+00
 0.212828112E+01-0.472599208E+00 0.210171890E+01-0.520573735E+00 0.207371664E+01
-0.565970123E+00 0.204398394E+01-0.610001445E+00 0.201247883E+01-0.652564049E+00
 0.197693050E+01-0.696241617E+00 0.194234371E+01-0.735985994E+00 0.191578126E+01
-0.765107512E+00 0.188005614E+01-0.801841140E+00 0.183827019E+01-0.842278838E+00
 0.180953121E+01-0.868788362E+00 0.177265668E+01-0.900165439E+00 0.172984374E+01
-0.934683919E+00 0.170096111E+01-0.955959678E+00 0.165015626E+01-0.990999222E+00
 0.162359381E+01-0.100797069E+01 0.157046878E+01-0.103855944E+01 0.154106545E+01
-0.105356777E+01 0.149078131E+01-0.107813168E+01 0.144059777E+01-0.109796977E+01
 0.141109371E+01-0.110976088E+01 0.135796881E+01-0.112722445E+01 0.130484378E+01
-0.113993931E+01 0.124206066E+01-0.114858770E+01 0.122295332E+01-0.110083938E+01
 0.121504438E+01-0.107667887E+01 0.120881581E+01-0.974999964E+00 0.120087743E+01
-0.899999976E+00 0.119269943E+01-0.824999988E+00 0.117758787E+01-0.725000024E+00
 0.116903996E+01-0.675000012E+00 0.115097976E+01-0.574999988E+00 0.114170885E+01
-0.524999976E+00 0.112353253E+01-0.425000012E+00 0.111489701E+01-0.375000000E+00
 0.109948564E+01-0.275000006E+00 0.109145808E+01-0.200000003E+00 0.108385777E+01
-0.125000000E+00 0.540609062E+00-0.500000045E-01
 0.101600003E+01 0.000000000E+00 0.101600003E+01 0.963999987E+00 0.101600003E+01
 0.967999995E+00 0.101600003E+01 0.100100005E+01 0.101600003E+01 0.101900005E+01
 0.101600003E+01 0.107700002E+01 0.101600003E+01 0.107000005E+01 0.101600003E+01
 0.109599996E+01 0.101600003E+01 0.111300004E+01 0.101600003E+01 0.113800001E+01
 0.101600003E+01 0.114699996E+01 0.101199996E+01 0.116499996E+01 0.100100005E+01
 0.121700001E+01 0.102900004E+01 0.121700001E+01 0.104200006E+01 0.116240001E+01
 0.104600000E+01 0.116237998E+01 0.105599999E+01 0.116260004E+01 0.109700000E+01
 0.116450000E+01 0.110800004E+01 0.116594005E+01 0.111600006E+01 0.116591001E+01
 0.113399994E+01 0.116895998E+01 0.114800000E+01 0.117174995E+01 0.116199994E+01
 0.117556000E+01 0.118099999E+01 0.118299997E+01 0.118200004E+01 0.118350005E+01
 0.118499994E+01 0.118499994E+01 0.119000006E+01 0.118799996E+01 0.119500005E+01
 0.119099998E+01 0.120099998E+01 0.119599998E+01 0.120899999E+01 0.120200002E+01
 0.121500003E+01 0.120799994E+01 0.122200000E+01 0.121399999E+01 0.122800004E+01
 0.122099996E+01 0.123399997E+01 0.123099995E+01 0.123899996E+01 0.123800004E+01
 0.124199998E+01 0.124399996E+01 0.124800003E+01 0.125399995E+01 0.125800002E+01
 0.127800000E+01 0.126300001E+01 0.128999996E+01 0.127999997E+01 0.133099997E+01
 0.127999997E+01 0.134700000E+01 0.127999997E+01 0.134800005E+01 0.130999994E+01
 0.134800005E+01 0.132799995E+01 0.134800005E+01 0.136099994E+01 0.134800005E+01
 0.138000000E+01 0.134800005E+01 0.141900003E+01 0.134800005E+01 0.141900003E+01
 0.130999994E+01 0.137199998E+01 0.130999994E+01 0.137199998E+01 0.129200006E+01
 0.160800004E+01 0.109500003E+01 0.164699996E+01 0.107700002E+01 0.178499997E+01
 0.107700002E+01 0.206999993E+01 0.103999996E+01 0.212800002E+01 0.992999971E+00
 0.224499989E+01 0.708999991E+00 0.232299995E+01 0.518999994E+00 0.237700009E+01
 0.388999999E+00 0.236249995E+01 0.400000006E+00 0.236443496E+01 0.222000003E+00
 0.236496902E+01 0.133000001E+00 0.236532402E+01 0.439999998E-01 0.236512089E+01
-0.439999998E-01 0.236484194E+01-0.133000001E+00 0.236433411E+01-0.222000003E+00
 0.236249995E+01-0.400000006E+00 0.237700009E+01-0.388999999E+00 0.213400006E+01
-0.972999990E+00 0.178600001E+01-0.117400002E+01 0.176800001E+01-0.121099997E+01
 0.176800001E+01-0.125000000E+01 0.168200004E+01-0.125000000E+01 0.137199998E+01
-0.125000000E+01 0.137199998E+01-0.132900000E+01 0.141999996E+01-0.132900000E+01
 0.141999996E+01-0.136300004E+01 0.127300000E+01-0.136300004E+01 0.115300000E+01
-0.136300004E+01 0.101600003E+01-0.122300005E+01 0.101600003E+01-0.122300005E+01
 0.101600003E+01-0.829999983E+00 0.101600003E+01-0.800000012E+00 0.101600003E+01
-0.414999992E+00 0.101600003E+01-0.400000006E+00 0.101600003E+01-0.100000005E-02
 0.101600003E+01 0.000000000E+00
    0 0.169550002E+01    0
 0.000000000E+00 0.102473095E+00 0.145472914E+00 0.178662121E+00 0.206826270E+00
 0.230547369E+00 0.253313333E+00 0.274482906E+00 0.294192255E+00 0.312863111E+00
 0.330670357E+00 0.347582251E+00 0.363946855E+00 0.379691452E+00 0.394891292E+00
 0.409698129E+00 0.424096525E+00 0.438070089E+00 0.451771677E+00 0.465193689E+00
 0.478297114E+00 0.491147816E+00 0.503821015E+00 0.516281784E+00 0.528538167E+00
 0.540564835E+00 0.552511692E+00 0.564308763E+00 0.575951517E+00 0.587438107E+00
 0.598830342E+00 0.610141695E+00 0.621380448E+00 0.632496655E+00 0.643516541E+00
 0.654511571E+00 0.665444851E+00 0.676335633E+00 0.687159538E+00 0.697967887E+00
 0.708746135E+00 0.719518781E+00 0.730282366E+00 0.741032004E+00 0.751805842E+00
 0.762604594E+00 0.773428857E+00 0.784288287E+00 0.795203447E+00 0.806180239E+00
 0.817239642E+00 0.828390241E+00 0.839666009E+00 0.851041794E+00 0.862598181E+00
 0.874297857E+00 0.886236131E+00 0.898398519E+00 0.910851479E+00 0.923674941E+00
 0.936935008E+00 0.950770140E+00 0.965323567E+00 0.981131554E+00 0.100000000E+01
    0
