  EFITD    06/25/2013    #1553493000.0ms  EFIT01   0  65  65
 0.170000005E+01 0.320000005E+01 0.169550002E+01 0.839999974E+00 0.000000000E+00
 0.183177483E+01-0.204961561E-01-0.156894147E+00 0.200603772E-01 0.165835738E+01
 0.102039631E+07-0.156894147E+00 0.000000000E+00 0.183177483E+01 0.000000000E+00
-0.204961561E-01 0.000000000E+00 0.200603772E-01 0.000000000E+00 0.000000000E+00
 0.274735856E+01 0.275077820E+01 0.275406837E+01 0.275723195E+01 0.276027203E+01
 0.276319098E+01 0.276599145E+01 0.276867676E+01 0.277124929E+01 0.277371168E+01
 0.277606630E+01 0.277831626E+01 0.278046393E+01 0.278251195E+01 0.278446293E+01
 0.278631926E+01 0.278808355E+01 0.278975821E+01 0.279134583E+01 0.279284906E+01
 0.279427004E+01 0.279561162E+01 0.279687595E+01 0.279806542E+01 0.279918289E+01
 0.280023026E+01 0.280121040E+01 0.280212522E+01 0.280297732E+01 0.280376935E+01
 0.280450344E+01 0.280518174E+01 0.280580735E+01 0.280638170E+01 0.280690765E+01
 0.280738783E+01 0.280782390E+01 0.280821896E+01 0.280857468E+01 0.280889368E+01
 0.280917835E+01 0.280943084E+01 0.280965376E+01 0.280984926E+01 0.281001973E+01
 0.281016755E+01 0.281029463E+01 0.281040382E+01 0.281049728E+01 0.281057739E+01
 0.281064630E+01 0.281070638E+01 0.281076002E+01 0.281080961E+01 0.281085730E+01
 0.281090546E+01 0.281095648E+01 0.281101274E+01 0.281107640E+01 0.281114984E+01
 0.281123543E+01 0.281133509E+01 0.281145191E+01 0.281158781E+01 0.281174493E+01
 0.112796031E+06 0.109474234E+06 0.106201938E+06 0.102979141E+06 0.998058516E+05
 0.966820703E+05 0.936077812E+05 0.905830078E+05 0.876077344E+05 0.846819609E+05
 0.818056953E+05 0.789789297E+05 0.762016641E+05 0.734739062E+05 0.707956562E+05
 0.681669062E+05 0.655876641E+05 0.630579141E+05 0.605776797E+05 0.581469414E+05
 0.557657070E+05 0.534339805E+05 0.511517539E+05 0.489190312E+05 0.467358125E+05
 0.446020977E+05 0.425178906E+05 0.404831797E+05 0.384979766E+05 0.365622773E+05
 0.346760781E+05 0.328393828E+05 0.310521953E+05 0.293145078E+05 0.276263262E+05
 0.259876465E+05 0.243984727E+05 0.228587988E+05 0.213686328E+05 0.199279668E+05
 0.185368047E+05 0.171951484E+05 0.159029932E+05 0.146603428E+05 0.134671953E+05
 0.123235518E+05 0.112294121E+05 0.101847754E+05 0.918964258E+04 0.824401270E+04
 0.734788721E+04 0.650126514E+04 0.570414648E+04 0.495653125E+04 0.425841992E+04
 0.360981177E+04 0.301070728E+04 0.246110645E+04 0.196100916E+04 0.151041541E+04
 0.110932520E+04 0.757738525E+03 0.455655487E+03 0.203075958E+03 0.000000000E+00
 0.346332383E+01 0.333750987E+01 0.321405697E+01 0.309296513E+01 0.297423458E+01
 0.285786510E+01 0.274385691E+01 0.263220978E+01 0.252292395E+01 0.241599894E+01
 0.231143570E+01 0.220923328E+01 0.210939193E+01 0.201191187E+01 0.191679311E+01
 0.182403553E+01 0.173363900E+01 0.164560366E+01 0.155992949E+01 0.147661650E+01
 0.139566469E+01 0.131707406E+01 0.124084461E+01 0.116697621E+01 0.109546912E+01
 0.102632320E+01 0.959538460E+00 0.895114899E+00 0.833052456E+00 0.773351192E+00
 0.716011107E+00 0.661032200E+00 0.608414471E+00 0.558157921E+00 0.510262549E+00
 0.464728355E+00 0.421555340E+00 0.380743474E+00 0.342292786E+00 0.306203276E+00
 0.272474945E+00 0.241107777E+00 0.212101787E+00 0.185456976E+00 0.161173344E+00
 0.139250875E+00 0.119689584E+00 0.102489457E+00 0.876505226E-01 0.751727447E-01
 0.650561452E-01 0.573007241E-01 0.519064739E-01 0.488733947E-01 0.482014939E-01
 0.498907641E-01 0.539412126E-01 0.603528321E-01 0.691256225E-01 0.802595913E-01
 0.937547311E-01 0.109611042E+00 0.127828538E+00 0.148407191E+00 0.171347037E+00
-0.121049275E+07-0.119258662E+07-0.117468050E+07-0.115677425E+07-0.113886812E+07
-0.112096200E+07-0.110305575E+07-0.108514950E+07-0.106724338E+07-0.104933725E+07
-0.103143100E+07-0.101352488E+07-0.995618688E+06-0.977712500E+06-0.959806375E+06
-0.941900188E+06-0.923993938E+06-0.906087750E+06-0.888181625E+06-0.870275438E+06
-0.852369250E+06-0.834463125E+06-0.816556875E+06-0.798650688E+06-0.780744562E+06
-0.762838375E+06-0.744932250E+06-0.727026062E+06-0.709119812E+06-0.691213625E+06
-0.673307500E+06-0.655401312E+06-0.637495125E+06-0.619589000E+06-0.601682750E+06
-0.583776625E+06-0.565870438E+06-0.547964250E+06-0.530058125E+06-0.512151906E+06
-0.494245719E+06-0.476339531E+06-0.458433375E+06-0.440527188E+06-0.422621031E+06
-0.404714844E+06-0.386808656E+06-0.368902500E+06-0.350996312E+06-0.333090125E+06
-0.315183969E+06-0.297277781E+06-0.279371594E+06-0.261465438E+06-0.243559250E+06
-0.225653078E+06-0.207746891E+06-0.189840719E+06-0.171934547E+06-0.154028359E+06
-0.136122188E+06-0.118216008E+06-0.100309828E+06-0.824036562E+05-0.644974766E+05
 4.488020763e-02 4.241781682e-02 3.989684582e-02 3.726715967e-02 3.449800611e-02
 3.156876564e-02 2.845076285e-02 2.508725226e-02 2.146568149e-02 1.749891415e-02
 1.262073219e-02 6.120544858e-03-6.863118615e-04-5.129426252e-03-7.744261995e-03
-8.750009350e-03-8.191085421e-03-6.006197073e-03-1.993442420e-03 4.281943664e-03
 1.366266608e-02 2.347235754e-02 3.167627752e-02 3.898001462e-02 4.578125104e-02
 5.232772231e-02 5.879927427e-02 6.535081565e-02 7.214275748e-02 7.934611291e-02
 8.611501753e-02 9.217980504e-02 9.763967991e-02 1.024419814e-01 1.065511182e-01
 1.098641381e-01 1.127148420e-01 1.160070896e-01 1.196107194e-01 1.234514117e-01
 1.274889708e-01 1.317009479e-01 1.360716224e-01 1.405855417e-01 1.452246755e-01
 1.499677002e-01 1.547898650e-01 1.596634686e-01 1.645580083e-01 1.694405079e-01
 1.742760241e-01 1.790280640e-01 1.836594194e-01 1.881330609e-01 1.924131811e-01
 1.964664310e-01 2.002630830e-01 2.037781775e-01 2.069923282e-01 2.098924518e-01
 2.124720067e-01 2.147307992e-01 2.166746557e-01 2.183145285e-01 2.196657509e-01
 4.069852829e-02 3.793030977e-02 3.520892188e-02 3.249740973e-02 2.975468524e-02
 2.693963423e-02 2.406946570e-02 2.118255198e-02 1.821175218e-02 1.505338401e-02
 1.137013175e-02 7.053555921e-03 2.848964185e-03-2.171007509e-04-2.009302843e-03
-2.522005001e-03-1.729691285e-03 4.350774398e-04 4.085334018e-03 9.363435209e-03
 1.628526673e-02 2.379150316e-02 3.092251159e-02 3.768274561e-02 4.419689626e-02
 5.059232563e-02 5.698923394e-02 6.350902468e-02 7.029141486e-02 7.748883963e-02
 8.428905904e-02 9.041534364e-02 9.595931321e-02 1.009050682e-01 1.052125543e-01
 1.087763980e-01 1.119629070e-01 1.156318933e-01 1.196618378e-01 1.239759549e-01
 1.285280287e-01 1.332878917e-01 1.382330656e-01 1.433436275e-01 1.485990286e-01
 1.539763510e-01 1.594493091e-01 1.649876237e-01 1.705569178e-01 1.761185825e-01
 1.816301495e-01 1.870458573e-01 1.923176944e-01 1.973966360e-01 2.022345215e-01
 2.067859173e-01 2.110102773e-01 2.148738503e-01 2.183513492e-01 2.214269936e-01
 2.240949422e-01 2.263590097e-01 2.282317430e-01 2.297330052e-01 2.308882624e-01
 3.592560813e-02 3.296712786e-02 3.019658849e-02 2.756986395e-02 2.502648532e-02
 2.268847823e-02 2.052935213e-02 1.849290729e-02 1.653688028e-02 1.449992228e-02
 1.234981418e-02 1.020494103e-02 8.299161680e-03 6.899124943e-03 6.208697334e-03
 6.355625577e-03 7.419242524e-03 9.448504075e-03 1.245900989e-02 1.640651003e-02
 2.114415169e-02 2.642032877e-02 3.198092431e-02 3.766930476e-02 4.342539236e-02
 4.924621060e-02 5.515626073e-02 6.119001284e-02 6.737617403e-02 7.367999107e-02
 7.983569801e-02 8.566831797e-02 9.115224332e-02 9.627973288e-02 1.010462195e-01
 1.054734886e-01 1.097754836e-01 1.142503023e-01 1.189582348e-01 1.239013150e-01
 1.290716976e-01 1.344587952e-01 1.400503963e-01 1.458321959e-01 1.517868191e-01
 1.578928530e-01 1.641239673e-01 1.704480499e-01 1.768266410e-01 1.832144409e-01
 1.895593554e-01 1.958028376e-01 2.018811107e-01 2.077270746e-01 2.132729739e-01
 2.184539139e-01 2.232115269e-01 2.274976671e-01 2.312774509e-01 2.345313430e-01
 2.372556925e-01 2.394621372e-01 2.411755323e-01 2.424312234e-01 2.432716489e-01
 3.009121120e-02 2.696919814e-02 2.433502674e-02 2.212422341e-02 2.022829652e-02
 1.872539707e-02 1.752856746e-02 1.645367220e-02 1.539196447e-02 1.433241647e-02
 1.330519840e-02 1.238318160e-02 1.167384721e-02 1.129963156e-02 1.137562655e-02
 1.199508179e-02 1.322389860e-02 1.509866025e-02 1.762364060e-02 2.076660469e-02
 2.445827425e-02 2.860252000e-02 3.309780732e-02 3.785861656e-02 4.282533750e-02
 4.796203971e-02 5.324777961e-02 5.866530910e-02 6.418825686e-02 6.976938993e-02
 7.534302026e-02 8.084845543e-02 8.624915034e-02 9.153461456e-02 9.671989083e-02
 1.018497199e-01 1.069982201e-01 1.122473851e-01 1.176599413e-01 1.232734770e-01
 1.291076839e-01 1.351709962e-01 1.414643228e-01 1.479825675e-01 1.547150463e-01
 1.616449207e-01 1.687484980e-01 1.759939194e-01 1.833400726e-01 1.907351613e-01
 1.981157809e-01 2.054066509e-01 2.125213742e-01 2.193647623e-01 2.258371711e-01
 2.318405062e-01 2.372853458e-01 2.420982718e-01 2.462279648e-01 2.496492416e-01
 2.523641586e-01 2.544001043e-01 2.558054626e-01 2.566435337e-01 2.569859624e-01
 2.220508270e-02 1.874538697e-02 1.660916954e-02 1.548769139e-02 1.490868255e-02
 1.465908624e-02 1.450711582e-02 1.436435804e-02 1.419924386e-02 1.401696168e-02
 1.385029592e-02 1.375362277e-02 1.379629597e-02 1.405446324e-02 1.460238453e-02
 1.550497767e-02 1.681247912e-02 1.855705306e-02 2.075092867e-02 2.338619530e-02
 2.643694729e-02 2.986427397e-02 3.362335637e-02 3.767041117e-02 4.196731746e-02
 4.648285359e-02 5.119112507e-02 5.606835335e-02 6.108966097e-02 6.622754037e-02
 7.145377249e-02 7.674417645e-02 8.208385855e-02 8.747059852e-02 9.291618317e-02
 9.844582528e-02 1.040948555e-01 1.099027321e-01 1.159065813e-01 1.221370399e-01
 1.286170930e-01 1.353625357e-01 1.423827857e-01 1.496813148e-01 1.572556198e-01
 1.650964618e-01 1.731866449e-01 1.814990938e-01 1.899943501e-01 1.986176968e-01
 2.072958052e-01 2.159340531e-01 2.244150490e-01 2.326002419e-01 2.403359264e-01
 2.474641800e-01 2.538376749e-01 2.593352795e-01 2.638753951e-01 2.674240470e-01
 2.699972689e-01 2.716561556e-01 2.724964917e-01 2.726345360e-01 2.721932828e-01
 9.673769586e-03 4.336317070e-03 5.136588588e-03 7.374566048e-03 9.059008211e-03
 1.041583531e-02 1.151062921e-02 1.238667406e-02 1.308636460e-02 1.365713589e-02
 1.415277924e-02 1.463269815e-02 1.515978388e-02 1.579731330e-02 1.660540514e-02
 1.763760671e-02 1.893809810e-02 2.053975873e-02 2.246321365e-02 2.471700870e-02
 2.729887888e-02 3.019806370e-02 3.339824080e-02 3.688042238e-02 4.062525555e-02
 4.461431131e-02 4.883041605e-02 5.325740203e-02 5.787980556e-02 6.268306822e-02
 6.765449792e-02 7.278491557e-02 7.807043195e-02 8.351383358e-02 8.912510425e-02
 9.492100775e-02 1.009236053e-01 1.071580797e-01 1.136503667e-01 1.204252094e-01
 1.275049001e-01 1.349086463e-01 1.426522434e-01 1.507478058e-01 1.592031270e-01
 1.680208445e-01 1.771965623e-01 1.867163777e-01 1.965529472e-01 2.066599727e-01
 2.169648707e-01 2.273597717e-01 2.376922518e-01 2.477595508e-01 2.573129535e-01
 2.660782039e-01 2.737907767e-01 2.802333236e-01 2.852644920e-01 2.888357639e-01
 2.909964919e-01 2.918843329e-01 2.916981578e-01 2.906611264e-01 2.889881730e-01
 4.749629006e-04-5.922187585e-03-3.747178242e-03 8.690742543e-04 4.428309388e-03
 7.199119311e-03 9.380724281e-03 1.111031510e-02 1.249222085e-02 1.361379307e-02
 1.455320045e-02 1.538293529e-02 1.617098972e-02 1.698074862e-02 1.787017286e-02
 1.889078319e-02 2.008666843e-02 2.149381302e-02 2.313982323e-02 2.504413947e-02
 2.721874975e-02 2.966931649e-02 3.239658475e-02 3.539781645e-02 3.866809607e-02
 4.220132902e-02 4.599091411e-02 5.003027245e-02 5.431324616e-02 5.883464962e-02
 6.359093636e-02 6.858102232e-02 7.380706072e-02 7.927508652e-02 8.499522507e-02
 9.098163247e-02 9.725189954e-02 1.038262844e-01 1.107267886e-01 1.179763079e-01
 1.255980730e-01 1.336151659e-01 1.420503110e-01 1.509257108e-01 1.602626145e-01
 1.700808257e-01 1.803973168e-01 1.912241280e-01 2.025643736e-01 2.144054323e-01
 2.267077118e-01 2.393859178e-01 2.522804141e-01 2.651185691e-01 2.774821222e-01
 2.888339758e-01 2.986410856e-01 3.064916134e-01 3.121320009e-01 3.154789507e-01
 3.166452050e-01 3.159545958e-01 3.138680458e-01 3.108423352e-01 3.072482347e-01
-3.014215967e-03-9.718879126e-03-6.899419706e-03-1.575640752e-03 2.745380159e-03
 6.219483912e-03 8.987748995e-03 1.118081994e-02 1.291502081e-02 1.429320313e-02
 1.540676132e-02 1.633748226e-02 1.715888828e-02 1.793709397e-02 1.873125136e-02
 1.959376968e-02 2.057045326e-02 2.170066908e-02 2.301751822e-02 2.454807051e-02
 2.631378546e-02 2.833109349e-02 3.061212599e-02 3.316550702e-02 3.599715233e-02
 3.911096603e-02 4.250948131e-02 4.619443417e-02 5.016730726e-02 5.442991108e-02
 5.898492038e-02 6.383646280e-02 6.899061799e-02 7.445579022e-02 8.024303615e-02
 8.636613190e-02 9.284146130e-02 9.968792647e-02 1.069266945e-01 1.145810857e-01
 1.226765364e-01 1.312406659e-01 1.403036118e-01 1.498984993e-01 1.600618511e-01
 1.708343476e-01 1.822612882e-01 1.943929046e-01 2.072839141e-01 2.209914029e-01
 2.355686724e-01 2.510499954e-01 2.674129009e-01 2.844894230e-01 3.017619550e-01
 3.177133799e-01 3.310056031e-01 3.410745859e-01 3.475614190e-01 3.502477407e-01
 3.491023183e-01 3.448516130e-01 3.391182125e-01 3.327658176e-01 3.262977600e-01
-1.507250825e-03-8.163733408e-03-5.438789260e-03-1.260812860e-05 4.437022842e-03
 8.012673818e-03 1.083535049e-02 1.303002145e-02 1.471540704e-02 1.599947363e-02
 1.697839983e-02 1.773722097e-02 1.835106127e-02 1.888640411e-02 1.940215379e-02
 1.995052770e-02 2.057784609e-02 2.132571302e-02 2.223126963e-02 2.332721278e-02
 2.464186959e-02 2.619938552e-02 2.802005969e-02 3.012082167e-02 3.251572698e-02
 3.521639854e-02 3.823246062e-02 4.157204926e-02 4.524238035e-02 4.925027490e-02
 5.360269174e-02 5.830718577e-02 6.337235123e-02 6.880822033e-02 7.462657988e-02
 8.084125072e-02 8.746822923e-02 9.452596307e-02 1.020355076e-01 1.100208163e-01
 1.185092106e-01 1.275319308e-01 1.371250451e-01 1.473306119e-01 1.581983417e-01
 1.697877347e-01 1.821710467e-01 1.954373121e-01 2.096982300e-01 2.250962704e-01
 2.418174744e-01 2.601124942e-01 2.803358436e-01 3.030408919e-01 3.286954165e-01
 3.518846035e-01 3.701900542e-01 3.834805489e-01 3.914744854e-01 3.935193419e-01
 3.894046843e-01 3.782124519e-01 3.658795953e-01 3.545553982e-01 3.443402648e-01
 4.343673587e-03-2.117132768e-03 3.911342355e-04 5.554527510e-03 9.639034048e-03
 1.277428120e-02 1.512318850e-02 1.683654077e-02 1.804584451e-02 1.886329427e-02
 1.938434690e-02 1.969074085e-02 1.985323429e-02 1.993378252e-02 1.998714916e-02
 2.006184123e-02 2.019999176e-02 2.044413052e-02 2.083488926e-02 2.140992321e-02
 2.220334671e-02 2.324545011e-02 2.456269041e-02 2.617824264e-02 2.811261266e-02
 3.038337268e-02 3.300537542e-02 3.599115089e-02 3.935160115e-02 4.309680313e-02
 4.723633826e-02 5.177963898e-02 5.673651397e-02 6.211754307e-02 6.793447584e-02
 7.420057058e-02 8.093098551e-02 8.814311028e-02 9.585703164e-02 1.040960774e-01
 1.128874719e-01 1.222632825e-01 1.322615892e-01 1.429281831e-01 1.543187499e-01
 1.665019542e-01 1.795638502e-01 1.936139017e-01 2.087942809e-01 2.252934128e-01
 2.433676720e-01 2.633761168e-01 2.858374417e-01 3.115132153e-01 3.414510190e-01
 3.721310198e-01 3.959487677e-01 4.127947390e-01 4.228090346e-01 4.258809388e-01
 4.210190773e-01 4.076641798e-01 3.882701099e-01 3.718736470e-01 3.581409454e-01
 1.473146770e-02 8.505444974e-03 1.115977950e-02 1.554993913e-02 1.855269074e-02
 2.055203542e-02 2.181406878e-02 2.252636105e-02 2.282430977e-02 2.281026542e-02
 2.256534994e-02 2.215660177e-02 2.164147049e-02 2.107083984e-02 2.049133368e-02
 1.994756050e-02 1.945316792e-02 1.905955374e-02 1.881441288e-02 1.876200363e-02
 1.894285902e-02 1.939309016e-02 2.014306374e-02 2.121975087e-02 2.265081368e-02
 2.445883676e-02 2.666226961e-02 2.927550860e-02 3.231018409e-02 3.577848896e-02
 3.969126940e-02 4.405808449e-02 4.888851568e-02 5.419245362e-02 5.998039618e-02
 6.626391411e-02 7.305608690e-02 8.037192374e-02 8.822884411e-02 9.664732963e-02
 1.056516096e-01 1.152705997e-01 1.255391091e-01 1.364993453e-01 1.482030153e-01
 1.607140303e-01 1.741122603e-01 1.884987056e-01 2.040024102e-01 2.207903862e-01
 2.390809357e-01 2.591611445e-01 2.814076543e-01 3.063065112e-01 3.344660401e-01
 3.664275408e-01 3.936241567e-01 4.131544828e-01 4.252825379e-01 4.300928414e-01
 4.277778566e-01 4.173333049e-01 3.985697031e-01 3.793636262e-01 3.639838099e-01
 3.307290375e-02 2.814261429e-02 2.894542180e-02 3.061060235e-02 3.109766729e-02
 3.097673133e-02 3.046649508e-02 2.967940457e-02 2.868650109e-02 2.753972635e-02
 2.628114074e-02 2.494725585e-02 2.357131615e-02 2.218466997e-02 2.081773989e-02
 1.950081624e-02 1.823952980e-02 1.708605513e-02 1.609090343e-02 1.530244481e-02
 1.476648543e-02 1.452587545e-02 1.462020632e-02 1.508587971e-02 1.595596038e-02
 1.725868881e-02 1.901558414e-02 2.123808488e-02 2.392671816e-02 2.710249647e-02
 3.077727929e-02 3.495614976e-02 3.964734450e-02 4.485914856e-02 5.059916899e-02
 5.687592179e-02 6.369899958e-02 7.107937336e-02 7.902988791e-02 8.756579459e-02
 9.670531750e-02 1.064704284e-01 1.168875471e-01 1.279886663e-01 1.398125291e-01
 1.524061114e-01 1.658264995e-01 1.801430136e-01 1.954395622e-01 2.118171155e-01
 2.293955833e-01 2.483142018e-01 2.687290609e-01 2.908075452e-01 3.147277534e-01
 3.407366276e-01 3.673017323e-01 3.864216208e-01 3.990702629e-01 4.057617188e-01
 4.062698483e-01 4.010875225e-01 3.893871605e-01 3.727138638e-01 3.593353629e-01
 5.918845534e-02 5.767922848e-02 5.308335647e-02 4.878895730e-02 4.549299553e-02
 4.263262078e-02 3.998631239e-02 3.745285794e-02 3.498224542e-02 3.254996240e-02
 3.014581092e-02 2.776837349e-02 2.542200685e-02 2.311509661e-02 2.085903473e-02
 1.866767742e-02 1.654484309e-02 1.454294100e-02 1.271388866e-02 1.110844035e-02
 9.775714949e-03 8.762811311e-03 8.114516735e-03 7.873016410e-03 8.077494800e-03
 8.763439953e-03 9.961795993e-03 1.169812400e-02 1.399239711e-02 1.685981639e-02
 2.030446567e-02 2.429154702e-02 2.883921377e-02 3.395663947e-02 3.964297473e-02
 4.590317607e-02 5.274239182e-02 6.016587466e-02 6.818017364e-02 7.679337263e-02
 8.601547778e-02 9.585873038e-02 1.063379645e-01 1.174708679e-01 1.292782426e-01
 1.417840719e-01 1.550154537e-01 1.690017879e-01 1.837731898e-01 1.993572563e-01
 2.157728672e-01 2.330191731e-01 2.510558665e-01 2.697672844e-01 2.888916731e-01
 3.078674674e-01 3.255627751e-01 3.404881954e-01 3.517520428e-01 3.590716422e-01
 3.624342680e-01 3.620227873e-01 3.583283424e-01 3.524280190e-01 3.458391130e-01
 7.761865109e-02 7.715411484e-02 7.091666758e-02 6.411833316e-02 5.838682130e-02
 5.339942127e-02 4.892469943e-02 4.480639100e-02 4.094108567e-02 3.726032749e-02
 3.371882066e-02 3.028699756e-02 2.694618702e-02 2.368539199e-02 2.049882337e-02
 1.738343388e-02 1.435038075e-02 1.145313308e-02 8.744634688e-03 6.276968867e-03
 4.101017956e-03 2.266171621e-03 8.200947777e-04-1.914838067e-04-7.250318304e-04
-7.395734428e-04-1.971710008e-04 9.364632424e-04 2.691193949e-03 5.091294646e-03
 8.153244853e-03 1.188343670e-02 1.628290676e-02 2.133619227e-02 2.697770484e-02
 3.322914243e-02 4.009131342e-02 4.755983129e-02 5.563402548e-02 6.431359053e-02
 7.359924912e-02 8.349254727e-02 9.399567544e-02 1.051112264e-01 1.168416515e-01
 1.291884333e-01 1.421506554e-01 1.557228118e-01 1.698913425e-01 1.846294403e-01
 1.998892576e-01 2.155902088e-01 2.316020876e-01 2.477219701e-01 2.636454999e-01
 2.789444923e-01 2.930831015e-01 3.055071831e-01 3.157716393e-01 3.236155212e-01
 3.289721608e-01 3.319618404e-01 3.328885734e-01 3.322121501e-01 3.304541111e-01
 8.929891139e-02 8.909301460e-02 8.282876015e-02 7.516798377e-02 6.826548278e-02
 6.200896204e-02 5.627333373e-02 5.094786733e-02 4.594200850e-02 4.118476436e-02
 3.662183136e-02 3.221238777e-02 2.792630717e-02 2.374207042e-02 1.964545995e-02
 1.559826825e-02 1.165003236e-02 7.852919400e-03 4.259774461e-03 9.230659343e-04
-2.105704974e-03-4.776307847e-03-7.039927877e-03-8.849232458e-03-1.015842613e-02
-1.092335954e-02-1.110175066e-02-1.065356657e-02-9.541642852e-03-7.732619531e-03
-5.198266357e-03-1.917082816e-03 2.123973565e-03 6.925826427e-03 1.247355714e-02
 1.874103397e-02 2.566842735e-02 3.321010992e-02 4.137025028e-02 5.013776571e-02
 5.950501561e-02 6.946324557e-02 8.000302315e-02 9.111349285e-02 1.027816236e-01
 1.149909198e-01 1.277197152e-01 1.409387290e-01 1.546077430e-01 1.686712801e-01
 1.830528527e-01 1.976481378e-01 2.123170793e-01 2.268765718e-01 2.410966903e-01
 2.547053695e-01 2.674069405e-01 2.789149582e-01 2.889906466e-01 2.974741459e-01
 3.043017983e-01 3.095096946e-01 3.132244945e-01 3.156409562e-01 3.169873655e-01
 9.742824733e-02 9.734613448e-02 9.079942107e-02 8.271831274e-02 7.521386445e-02
 6.822657585e-02 6.168495864e-02 5.551605672e-02 4.965246841e-02 4.403541237e-02
 3.861541301e-02 3.335169330e-02 2.821106650e-02 2.316671610e-02 1.819703728e-02
 1.327441167e-02 8.455520496e-03 3.796373028e-03-6.481015589e-04-4.824401345e-03
-8.680634201e-03-1.216653734e-02-1.523338072e-02-1.783378795e-02-1.992153935e-02
-2.145143412e-02-2.237921022e-02-2.266165614e-02-2.225692198e-02-2.112512663e-02
-1.922930032e-02-1.653675362e-02-1.302086469e-02-8.663547225e-03-3.458036808e-03
 2.588174772e-03 9.448376484e-03 1.707454957e-02 2.538494579e-02 3.429124504e-02
 4.379358143e-02 5.387139320e-02 6.450596452e-02 7.567579299e-02 8.735640347e-02
 9.951918572e-02 1.121298522e-01 1.251464039e-01 1.385167539e-01 1.521759331e-01
 1.660429537e-01 1.800177693e-01 1.939787269e-01 2.077814490e-01 2.212607563e-01
 2.342362404e-01 2.465230078e-01 2.579456270e-01 2.683537602e-01 2.776353657e-01
 2.857254744e-01 2.926087379e-01 2.983157635e-01 3.029141426e-01 3.064955175e-01
 1.025277376e-01 1.024481505e-01 9.568154067e-02 8.740006387e-02 7.959990948e-02
 7.221737504e-02 6.519241631e-02 5.846822634e-02 5.199328810e-02 4.572182149e-02
 3.961353004e-02 3.363314644e-02 2.774981409e-02 2.193627879e-02 1.616784185e-02
 1.044212468e-02 4.821341019e-03-6.347639719e-04-5.869080313e-03-1.082716137e-02
-1.545710862e-02-1.970931143e-02-2.353609353e-02-2.689126879e-02-2.972969785e-02
-3.200687468e-02-3.367856517e-02-3.470063955e-02-3.502906114e-02-3.462012485e-02
-3.343107924e-02-3.142108768e-02-2.855268307e-02-2.479376271e-02-2.012017928e-02
-1.451894175e-02-7.992223836e-03-5.618366413e-04 7.725315634e-03 1.679307222e-02
 2.652515844e-02 3.680894151e-02 4.763261601e-02 5.896489695e-02 7.077342272e-02
 8.302302659e-02 9.567353874e-02 1.086784303e-01 1.219833568e-01 1.355246753e-01
 1.492280066e-01 1.630070806e-01 1.767631918e-01 1.903856695e-01 2.037538886e-01
 2.167408168e-01 2.292182446e-01 2.410631478e-01 2.521639764e-01 2.624263763e-01
 2.717768252e-01 2.801642418e-01 2.875595093e-01 2.939533293e-01 2.993536294e-01
 1.045507193e-01 1.042953432e-01 9.777708352e-02 8.956389129e-02 8.175572753e-02
 7.425561547e-02 6.699942052e-02 5.994391441e-02 5.305447429e-02 4.630029202e-02
 3.965285048e-02 3.308540210e-02 2.657289803e-02 2.009191364e-02 1.361061167e-02
 7.167921402e-03 8.302424103e-04-5.339769181e-03-1.128337160e-02-1.694565453e-02
-2.227523737e-02-2.722379565e-02-3.174547851e-02-3.579623997e-02-3.933314979e-02
-4.231373966e-02-4.469539970e-02-4.643490911e-02-4.748814926e-02-4.781002924e-02
-4.735469818e-02-4.607616365e-02-4.392929375e-02-4.087137058e-02-3.686425835e-02
-3.187724203e-02-2.589062974e-02-1.890013926e-02-1.092203520e-02-1.998816617e-03
 7.794456091e-03 1.834504679e-02 2.948592231e-02 4.111031815e-02 5.318424478e-02
 6.567341089e-02 7.853671908e-02 9.172794968e-02 1.051956788e-01 1.188827232e-01
 1.327254474e-01 1.466533691e-01 1.605891585e-01 1.744490266e-01 1.881438047e-01
 2.015805542e-01 2.146644592e-01 2.273009121e-01 2.393971533e-01 2.508633733e-01
 2.616131306e-01 2.715632319e-01 2.806341052e-01 2.887513638e-01 2.958497107e-01
 1.037671566e-01 1.029958352e-01 9.698544443e-02 8.954755217e-02 8.212269098e-02
 7.474359125e-02 6.743421406e-02 6.019899994e-02 5.303196236e-02 4.592112824e-02
 3.885094821e-02 3.180376440e-02 2.476076782e-02 1.770295389e-02 1.060503721e-02
 3.541253274e-03-3.418354783e-03-1.020872872e-02-1.676999032e-02-2.304724418e-02
-2.899011038e-02-3.455207497e-02-3.968967870e-02-4.436167702e-02-4.852813482e-02
-5.214956403e-02-5.518609285e-02-5.759679526e-02-5.933909118e-02-6.036843359e-02
-6.063816696e-02-6.009976193e-02-5.870339647e-02-5.639905855e-02-5.313817039e-02
-4.887590557e-02-4.357426241e-02-3.720598295e-02-2.975933626e-02-2.124373987e-02
-1.169610303e-02-1.187506714e-03 1.017007325e-02 2.222101390e-02 3.469377384e-02
 4.757785797e-02 6.082528830e-02 7.439021766e-02 8.822622895e-02 1.022848263e-01
 1.165146455e-01 1.308611184e-01 1.452665031e-01 1.596700400e-01 1.740081012e-01
 1.882144660e-01 2.022201717e-01 2.159526497e-01 2.293341607e-01 2.422787845e-01
 2.546884716e-01 2.664485872e-01 2.774247825e-01 2.874647379e-01 2.964079082e-01
 1.025365889e-01 1.013530195e-01 9.575315565e-02 8.873331547e-02 8.154330403e-02
 7.425108552e-02 6.690981984e-02 5.954601616e-02 5.216924846e-02 4.477877170e-02
 3.736727685e-02 2.992294542e-02 2.243024483e-02 1.486928388e-02 7.254485041e-03
-3.320928081e-04-7.816053927e-03-1.513012126e-02-2.221371420e-02-2.901242115e-02
-3.547730297e-02-4.156404361e-02-4.723197967e-02-5.244307965e-02-5.716086552e-02
-6.134939194e-02-6.497225165e-02-6.799169630e-02-7.036783546e-02-7.205805928e-02
-7.301668078e-02-7.319473475e-02-7.254027575e-02-7.099893689e-02-6.851509213e-02
-6.503355503e-02-6.050208583e-02-5.487464368e-02-4.811567068e-02-4.020532593e-02
-3.114581481e-02-2.096866444e-02-9.742902592e-03 2.416093834e-03 1.533618476e-02
 2.879490890e-02 4.259622842e-02 5.670446903e-02 7.108368725e-02 8.569683135e-02
 1.005058810e-01 1.154722273e-01 1.305570155e-01 1.457213461e-01 1.609262973e-01
 1.761324257e-01 1.912987232e-01 2.063803673e-01 2.213246524e-01 2.360643148e-01
 2.505073547e-01 2.645221353e-01 2.779192030e-01 2.904356122e-01 3.017417789e-01
 1.020444855e-01 1.007401794e-01 9.500836581e-02 8.782579750e-02 8.054848015e-02
 7.318680733e-02 6.575133651e-02 5.825051665e-02 5.068778247e-02 4.306145012e-02
 3.536573425e-02 2.759200521e-02 1.973038726e-02 1.173234545e-02 3.682888113e-03
-4.337068181e-03-1.225296594e-02-1.999745890e-02-2.751048654e-02-3.473887220e-02
-4.163561016e-02-4.815891013e-02-5.427114666e-02-5.993770063e-02-6.512576342e-02
-6.980320066e-02-7.393740863e-02-7.749430835e-02-8.043737710e-02-8.272689581e-02
-8.431933075e-02-8.516690135e-02-8.521749079e-02-8.441486210e-02-8.269924670e-02
-8.000859618e-02-7.628035545e-02-7.145409286e-02-6.547504663e-02-5.829871818e-02
-4.989662021e-02-4.026323557e-02-2.942402475e-02-1.744420640e-02-4.437595606e-03
 9.426196106e-03 2.391446196e-02 3.869837523e-02 5.375538394e-02 6.905949861e-02
 8.458465338e-02 1.003069282e-01 1.162055135e-01 1.322632730e-01 1.484670639e-01
 1.648075730e-01 1.812789291e-01 1.978769898e-01 2.145959884e-01 2.314217836e-01
 2.483193576e-01 2.652093768e-01 2.819237113e-01 2.981151342e-01 3.130831420e-01
 1.013261452e-01 9.991095960e-02 9.383485466e-02 8.651786298e-02 7.913015038e-02
 7.166323066e-02 6.411356479e-02 5.647690222e-02 4.874765873e-02 4.091850668e-02
 3.298019245e-02 2.492154017e-02 1.672947034e-02 8.390101604e-03-4.174828064e-06
-8.369120769e-03-1.662888750e-02-2.471608296e-02-3.257149458e-02-4.014352709e-02
-4.738735408e-02-5.426388234e-02-6.073858589e-02-6.678026915e-02-7.235978544e-02
-7.744883001e-02-8.201865852e-02-8.603903651e-02-8.947712928e-02-9.229660779e-02
-9.445685148e-02-9.591232240e-02-9.661220014e-02-9.650020301e-02-9.551487118e-02
-9.359019995e-02-9.065687656e-02-8.664420992e-02-8.148292452e-02-7.510897517e-02
-6.746855378e-02-5.852432922e-02-4.826313257e-02-3.670477122e-02-2.391180769e-02
-9.999731556e-03 4.853124730e-03 2.039729245e-02 3.622782603e-02 5.231776088e-02
 6.864527613e-02 8.519762009e-02 1.019702554e-01 1.189667806e-01 1.361996830e-01
 1.536914408e-01 1.714760512e-01 1.896005571e-01 2.081265450e-01 2.271311581e-01
 2.467068732e-01 2.669579387e-01 2.879868746e-01 3.098199368e-01 3.313673139e-01
 9.974790365e-02 9.816792607e-02 9.213658422e-02 8.472705632e-02 7.725442201e-02
 6.970635802e-02 6.206801161e-02 5.432517081e-02 4.646459222e-02 3.847360238e-02
 3.033936769e-02 2.204786614e-02 1.358216535e-02 4.970288370e-03-3.694345243e-03
-1.232711691e-02-2.085246332e-02-2.920387872e-02-3.732359782e-02-4.516196251e-02
-5.267649889e-02-5.983085185e-02-6.659354270e-02-7.293666899e-02-7.883458585e-02
-8.426262438e-02-8.919581026e-02-9.360762686e-02-9.746898711e-02-1.007471159e-01
-1.034047008e-01-1.053990871e-01-1.066816598e-01-1.071975082e-01-1.068852246e-01
-1.056772172e-01-1.035003662e-01-1.002773792e-01-9.592882544e-02-9.037619829e-02
-8.354602754e-02-7.537544519e-02-6.581914425e-02-5.485796928e-02-4.250902683e-02
-2.883712202e-02-1.396703720e-02 1.903987257e-03 1.849448681e-02 3.545070440e-02
 5.262830481e-02 7.002924383e-02 8.766566217e-02 1.055598408e-01 1.237460971e-01
 1.422737986e-01 1.612114012e-01 1.806519926e-01 2.007207274e-01 2.215856016e-01
 2.434737682e-01 2.666987479e-01 2.917128801e-01 3.192241788e-01 3.479490280e-01
 9.767982364e-02 9.593576938e-02 8.983986080e-02 8.238936961e-02 7.489986718e-02
 6.733771414e-02 5.967155099e-02 5.187730491e-02 4.393643886e-02 3.583396971e-02
 2.755714580e-02 1.909519359e-02 1.040543057e-02 1.580895507e-03-7.289181463e-03
-1.612251997e-02-2.484531514e-02-3.339278698e-02-4.170908034e-02-4.974668846e-02
-5.746555328e-02-6.483197212e-02-7.181735337e-02-7.839683443e-02-8.454801142e-02
-9.024956822e-02-9.547996521e-02-1.002162322e-01-1.044328213e-01-1.081004664e-01
-1.111852527e-01-1.136476845e-01-1.154419556e-01-1.165153235e-01-1.168077588e-01
-1.162518039e-01-1.147729084e-01-1.122901291e-01-1.087176278e-01-1.039669663e-01
-9.795039147e-02-9.058555216e-02-8.180163801e-02-7.154724747e-02-5.980011076e-02
-4.657845572e-02-3.195373714e-02-1.606392860e-02 8.741340134e-04 1.855552197e-02
 3.657855466e-02 5.478807911e-02 7.321372628e-02 9.189033508e-02 1.108642444e-01
 1.301983744e-01 1.499779820e-01 1.703179777e-01 1.913728118e-01 2.133507282e-01
 2.365335971e-01 2.613036036e-01 2.881742120e-01 3.178099692e-01 3.495300114e-01
 9.505786002e-02 9.315301478e-02 8.674851060e-02 7.941570878e-02 7.206828147e-02
 6.461400539e-02 5.701008812e-02 4.923300818e-02 4.126709700e-02 3.309980035e-02
 2.471955121e-02 1.611474156e-02 7.277535275e-03-1.693348400e-03-1.070691459e-02
-1.968089864e-02-2.854241244e-02-3.722812235e-02-4.568395019e-02-5.386445299e-02
-6.173185259e-02-6.925489008e-02-7.640757412e-02-8.316779882e-02-8.951602876e-02
-9.543390572e-02-1.009030044e-01-1.059035361e-01-1.104131788e-01-1.144059822e-01
-1.178513020e-01-1.207128465e-01-1.229478195e-01-1.245061755e-01-1.253300458e-01
-1.253533661e-01-1.245018020e-01-1.226931140e-01-1.198380813e-01-1.158420891e-01
-1.106078103e-01-1.040389389e-01-9.604555368e-02-8.655110747e-02-7.550133765e-02
-6.287521869e-02-4.869759455e-02-3.305306658e-02-1.609984785e-02 1.918123337e-03
 2.066355012e-02 3.957840800e-02 5.867368728e-02 7.797541469e-02 9.752454609e-02
 1.173789278e-01 1.376168728e-01 1.583424211e-01 1.796932518e-01 2.018517107e-01
 2.250616848e-01 2.496539652e-01 2.760862708e-01 3.050013483e-01 3.359373510e-01
 9.027978778e-02 8.777579665e-02 8.246879280e-02 7.588602602e-02 6.893599033e-02
 6.171556190e-02 5.424818397e-02 4.654048383e-02 3.859230503e-02 3.039962053e-02
 2.195513807e-02 1.324731670e-02 4.308892414e-03-4.760220181e-03-1.386892144e-02
-2.293558978e-02-3.188848495e-02-4.066576436e-02-4.921510816e-02-5.749297887e-02
-6.546367705e-02-7.309813052e-02-8.037263155e-02-8.726747334e-02-9.376558661e-02
-9.985120595e-02-1.055085734e-01-1.107206792e-01-1.154680848e-01-1.197278053e-01
-1.234722286e-01-1.266680956e-01-1.292756647e-01-1.312477291e-01-1.325290352e-01
-1.330556273e-01-1.327545643e-01-1.315440089e-01-1.293335557e-01-1.260254830e-01
-1.215166524e-01-1.157016382e-01-1.084771752e-01-9.974831343e-02-8.943664283e-02
-7.749051601e-02-6.389762461e-02-4.869943112e-02-3.200694919e-02-1.401679963e-02
 4.973880015e-03 2.455497347e-02 4.422900081e-02 6.401439011e-02 8.394081146e-02
 1.040496528e-01 1.243950278e-01 1.450452507e-01 1.660848856e-01 1.876172721e-01
 2.097678483e-01 2.326893806e-01 2.565755546e-01 2.817206681e-01 3.081208467e-01
 8.700840920e-02 8.429607004e-02 7.903477550e-02 7.271095365e-02 6.600695848e-02
 5.896478146e-02 5.161589384e-02 4.397805408e-02 3.605984896e-02 2.786447853e-02
 1.939258166e-02 1.060246676e-02 1.593284076e-03-7.539420389e-03-1.670707390e-02
-2.582991868e-02-3.483790159e-02-4.367084801e-02-5.227816105e-02-6.061809510e-02
-6.865678728e-02-7.636708021e-02-8.372719586e-02-9.071945399e-02-9.732888639e-02
-1.035418659e-01-1.093448997e-01-1.147233471e-01-1.196602434e-01-1.241351590e-01
-1.281231791e-01-1.315938532e-01-1.345102191e-01-1.368279159e-01-1.384944320e-01
-1.394482851e-01-1.396186650e-01-1.389250755e-01-1.372776031e-01-1.345775723e-01
-1.307189614e-01-1.255910099e-01-1.190818399e-01-1.110839546e-01-1.015015990e-01
-9.026032686e-02-7.731912285e-02-6.268469989e-02-4.642789066e-02-2.870089188e-02
-9.753964841e-03 1.005109213e-02 3.023434430e-02 5.039556697e-02 7.055169344e-02
 9.072481096e-02 1.109399945e-01 1.312231272e-01 1.515974402e-01 1.720772833e-01
 1.926561892e-01 2.132835537e-01 2.338156104e-01 2.539074421e-01 2.728343010e-01
 8.480346203e-02 8.198782057e-02 7.655455172e-02 7.022303343e-02 6.356459856e-02
 5.658360571e-02 4.928894341e-02 4.168774188e-02 3.378409147e-02 2.557903156e-02
 1.707083546e-02 8.242255077e-03-8.031362086e-04-9.968839586e-03-1.916673779e-02
-2.831812762e-02-3.735426813e-02-4.621642455e-02-5.485551059e-02-6.323132664e-02
-7.131157815e-02-7.907067984e-02-8.648849279e-02-9.354896843e-02-1.002388299e-01
-1.065462232e-01-1.124594808e-01-1.179659069e-01-1.230505556e-01-1.276952028e-01
-1.318771988e-01-1.355685294e-01-1.387347579e-01-1.413341314e-01-1.433167011e-01
-1.446236074e-01-1.451863497e-01-1.449264437e-01-1.437553763e-01-1.415749192e-01
-1.382782459e-01-1.337519735e-01-1.278792620e-01-1.205445677e-01-1.116403937e-01
-1.010760516e-01-8.878910542e-02-7.475933433e-02-5.902493000e-02-4.170022905e-02
-2.299349196e-02-3.222452477e-03 1.717543229e-02 3.764154762e-02 5.793860555e-02
 7.807685435e-02 9.805913270e-02 1.178795099e-01 1.375189424e-01 1.569378078e-01
 1.760642081e-01 1.947775185e-01 2.128867209e-01 2.301108688e-01 2.460820526e-01
 8.289255202e-02 7.997289300e-02 7.460067421e-02 6.824765354e-02 6.158735603e-02
 5.461924523e-02 4.734170809e-02 3.975341842e-02 3.185249120e-02 2.363600209e-02
 1.509961206e-02 6.249167956e-03-2.813319443e-03-1.199250016e-02-2.120140567e-02
-3.036254272e-02-3.940843046e-02-4.828164354e-02-5.693437904e-02-6.532772630e-02
-7.343066484e-02-8.121889085e-02-8.867352456e-02-9.577982128e-02-1.025258005e-01
-1.089009941e-01-1.148951799e-01-1.204971448e-01-1.256936193e-01-1.304680705e-01
-1.347997487e-01-1.386626363e-01-1.420244128e-01-1.448455900e-01-1.470785588e-01
-1.486667991e-01-1.495441198e-01-1.496342123e-01-1.488503218e-01-1.470955312e-01
-1.442634165e-01-1.402398050e-01-1.349053532e-01-1.281399131e-01-1.198284253e-01
-1.098692417e-01-9.818480909e-02-8.473508805e-02-6.953340024e-02-5.266427621e-02
-3.430185840e-02-1.472691447e-02 5.660517141e-03 2.633661777e-02 4.671908170e-02
 6.679248810e-02 8.654093742e-02 1.059408039e-01 1.249550804e-01 1.435279250e-01
 1.615787894e-01 1.789967269e-01 1.956366897e-01 2.113213539e-01 2.258523405e-01
 8.149540424e-02 7.851126045e-02 7.306748629e-02 6.668993086e-02 6.002469361e-02
 5.306240544e-02 4.579483345e-02 3.821504116e-02 3.031688184e-02 2.209433913e-02
 1.354106329e-02 4.680824466e-03-4.386310466e-03-1.356657781e-02-2.277438901e-02
-3.193351254e-02-4.097765684e-02-4.985050112e-02-5.850530788e-02-6.690418720e-02
-7.501707971e-02-8.282064646e-02-9.029693902e-02-9.743215144e-02-1.042152643e-01
-1.106368154e-01-1.166876033e-01-1.223575771e-01-1.276346445e-01-1.325035989e-01
-1.369451284e-01-1.409347355e-01-1.444417983e-01-1.474286318e-01-1.498495340e-01
-1.516499519e-01-1.527657509e-01-1.531225592e-01-1.526354700e-01-1.512090713e-01
-1.487379372e-01-1.451081336e-01-1.401994526e-01-1.338893473e-01-1.260583848e-01
-1.165979803e-01-1.054205596e-01-9.247244149e-02-7.774935663e-02-6.131412834e-02
-4.331559688e-02-2.400677465e-02-3.759843763e-03 1.692538150e-02 3.742287308e-02
 5.746165663e-02 7.703258842e-02 9.611353278e-02 1.146685258e-01 1.326464117e-01
 1.499795020e-01 1.665831953e-01 1.823574901e-01 1.971912384e-01 2.109698802e-01
 8.041436225e-02 7.738318294e-02 7.186010480e-02 6.548514962e-02 5.883948505e-02
 5.190132558e-02 4.465663806e-02 3.709542379e-02 2.920978889e-02 2.099243551e-02
 1.243543066e-02 3.576243995e-03-5.486172624e-03-1.465924922e-02-2.385852300e-02
-3.300879523e-02-4.204469174e-02-5.091072619e-02-5.956093594e-02-6.795810908e-02
-7.607286423e-02-8.388245851e-02-9.136956185e-02-9.852095693e-02-1.053262427e-01
-1.117765903e-01-1.178634912e-01-1.235776171e-01-1.289076656e-01-1.338393539e-01
-1.383543164e-01-1.424291432e-01-1.460343897e-01-1.491336524e-01-1.516826451e-01
-1.536282897e-01-1.549080014e-01-1.554489732e-01-1.551677883e-01-1.539704055e-01
-1.517525613e-01-1.484009027e-01-1.437952816e-01-1.378121674e-01-1.303299069e-01
-1.212359816e-01-1.104368344e-01-9.787020832e-02-8.352042735e-02-6.743575633e-02
-4.974740371e-02-3.068804741e-02-1.060766913e-02 1.001682132e-02 3.058191761e-02
 5.058771744e-02 7.002855837e-02 8.888643235e-02 1.071313024e-01 1.247214451e-01
 1.416040659e-01 1.577166617e-01 1.729895622e-01 1.873495877e-01 2.007251978e-01
 7.936304063e-02 7.625996321e-02 7.087051868e-02 6.459022313e-02 5.802463740e-02
 5.114647374e-02 4.394602776e-02 3.641817719e-02 2.855844982e-02 2.036227286e-02
 1.181142591e-02 2.962134313e-03-6.088275928e-03-1.524836011e-02-2.443450689e-02
-3.357218951e-02-4.259658605e-02-5.145268515e-02-6.009490043e-02-6.848637760e-02
-7.659801841e-02-8.440736681e-02-9.189735353e-02-9.905502200e-02-1.058702469e-01
-1.123344898e-01-1.184395552e-01-1.241764799e-01-1.295343637e-01-1.344993860e-01
-1.390536875e-01-1.431744546e-01-1.468329430e-01-1.499934494e-01-1.526125073e-01
-1.546379626e-01-1.560081095e-01-1.566511840e-01-1.564847827e-01-1.554157883e-01
-1.533408165e-01-1.501471996e-01-1.457151324e-01-1.399209946e-01-1.326423585e-01
-1.237650514e-01-1.131927148e-01-1.008588672e-01-8.674186468e-02-7.088207453e-02
-5.340069160e-02-3.451820463e-02-1.457030047e-02 5.982383154e-03 2.655451745e-02
 4.651372880e-02 6.585506350e-02 8.456319571e-02 1.026127860e-01 1.199692041e-01
 1.365897357e-01 1.524253190e-01 1.674230993e-01 1.815293878e-01 1.946934164e-01
 7.840687037e-02 7.512285560e-02 7.011038810e-02 6.411418319e-02 5.766656995e-02
 5.085588992e-02 4.370219633e-02 3.621055931e-02 2.838069387e-02 2.020994760e-02
 1.168151572e-02 2.853225451e-03-6.177612580e-03-1.531964168e-02-2.448934503e-02
-3.361226991e-02-4.262363911e-02-5.146843195e-02-6.010103598e-02-6.848454475e-02
-7.658980042e-02-8.439426869e-02-9.188078344e-02-9.903632849e-02-1.058507115e-01
-1.123153195e-01-1.184219569e-01-1.241616160e-01-1.295234263e-01-1.344936043e-01
-1.390543431e-01-1.431829333e-01-1.468507499e-01-1.500222981e-01-1.526542604e-01
-1.546947509e-01-1.560823917e-01-1.567457020e-01-1.566026509e-01-1.555605531e-01
-1.535164416e-01-1.503581405e-01-1.459662616e-01-1.402176321e-01-1.329900920e-01
-1.241697520e-01-1.136601642e-01-1.013945490e-01-8.735052496e-02-7.156720757e-02
-5.416386947e-02-3.535833955e-02-1.548273303e-02 5.006888881e-03 2.553097159e-02
 4.542600363e-02 6.468762457e-02 8.330176026e-02 1.012449637e-01 1.184853017e-01
 1.349836886e-01 1.506956816e-01 1.655739844e-01 1.795711815e-01 1.926429570e-01
 7.896552980e-02 7.583782822e-02 7.052572817e-02 6.436133385e-02 5.788910389e-02
 5.109037831e-02 4.396004230e-02 3.649548441e-02 2.869349904e-02 2.054958045e-02
 1.205744315e-02 3.259828780e-03-5.744829308e-03-1.486445218e-02-2.401497401e-02
-3.312146291e-02-4.211869091e-02-5.095119402e-02-5.957291648e-02-6.794651598e-02
-7.604239136e-02-8.383756876e-02-9.131448716e-02-9.845969081e-02-1.052625999e-01
-1.117142141e-01-1.178059280e-01-1.235283688e-01-1.288702786e-01-1.338174641e-01
-1.383517385e-01-1.424500346e-01-1.460832357e-01-1.492155045e-01-1.518031061e-01
-1.537937224e-01-1.551255882e-01-1.557268947e-01-1.555153430e-01-1.543980837e-01
-1.522721052e-01-1.490254104e-01-1.445391327e-01-1.386909187e-01-1.313600242e-01
-1.224344447e-01-1.118204370e-01-9.945470840e-02-8.531926572e-02-6.945860386e-02
-5.199829489e-02-3.316336498e-02-1.329392660e-02 7.145395037e-03 2.756659873e-02
 4.737729952e-02 6.657427549e-02 8.514314890e-02 1.030591354e-01 1.202880144e-01
 1.367875636e-01 1.525094062e-01 1.674014330e-01 1.814108938e-01 1.944879740e-01
 7.964971662e-02 7.657766342e-02 7.128822058e-02 6.510419399e-02 5.862088129e-02
 5.182714760e-02 4.471380636e-02 3.727441654e-02 2.950368263e-02 2.139639109e-02
 1.294678822e-02 4.186029080e-03-4.787241109e-03-1.388038415e-02-2.300863340e-02
-3.209629282e-02-4.107734561e-02-4.989552498e-02-5.850398540e-02-6.686456501e-02
-7.494690269e-02-8.272725344e-02-9.018728137e-02-9.731280059e-02-1.040924862e-01
-1.105165929e-01-1.165757775e-01-1.222599000e-01-1.275569201e-01-1.324518323e-01
-1.369256079e-01-1.409542561e-01-1.445077807e-01-1.475492865e-01-1.500340998e-01
-1.519088447e-01-1.531107426e-01-1.535670161e-01-1.531945169e-01-1.518996954e-01
-1.495792121e-01-1.461211294e-01-1.414072514e-01-1.353167444e-01-1.277314425e-01
-1.185432896e-01-1.076641008e-01-9.503806382e-02-8.065676689e-02-6.457644701e-02
-4.693657532e-02-2.797795273e-02-8.058339357e-03 1.233705319e-02 3.259146959e-02
 5.229433253e-02 7.144335657e-02 9.002111107e-02 1.079975441e-01 1.253311336e-01
 1.419697702e-01 1.578522921e-01 1.729107201e-01 1.870740354e-01 2.002729475e-01
 8.076505363e-02 7.777152956e-02 7.241582125e-02 6.625867635e-02 5.979907513e-02
 5.302768946e-02 4.593937844e-02 3.853006661e-02 3.079604357e-02 2.273325622e-02
 1.433676295e-02 5.621291697e-03-3.313531168e-03-1.237412915e-02-2.147476934e-02
-3.053874336e-02-3.949897364e-02-4.829810560e-02-5.688818544e-02-6.522995234e-02
-7.329192013e-02-8.104925603e-02-8.848254383e-02-9.557650983e-02-1.023187339e-01
-1.086984053e-01-1.147050411e-01-1.203273684e-01-1.255521625e-01-1.303631514e-01
-1.347400397e-01-1.386574060e-01-1.420838535e-01-1.449809670e-01-1.473024786e-01
-1.489934623e-01-1.499895751e-01-1.502165645e-01-1.495900303e-01-1.480154544e-01
-1.453890800e-01-1.415991932e-01-1.365289241e-01-1.300600469e-01-1.220787466e-01
-1.124834716e-01-1.011951119e-01-8.816989511e-02-7.341455668e-02-5.700356141e-02
-3.909692168e-02-1.995665394e-02 4.152095062e-05 2.040620148e-02 4.039005563e-02
 5.996010825e-02 7.909042388e-02 9.775108844e-02 1.159026921e-01 1.334930658e-01
 1.504552364e-01 1.667067111e-01 1.821507215e-01 1.966802925e-01 2.101854682e-01
 8.205881715e-02 7.914108038e-02 7.395620644e-02 6.785137951e-02 6.142657623e-02
 5.468252674e-02 4.762038961e-02 4.024147242e-02 3.254622221e-02 2.453364059e-02
 1.620092802e-02 7.541115861e-03-1.345095458e-03-1.036328729e-02-1.942679472e-02
-2.845782414e-02-3.738809004e-02-4.615894705e-02-5.472106859e-02-6.303381920e-02
-7.106430829e-02-7.878629118e-02-8.617892116e-02-9.322550893e-02-9.991221130e-02
-1.062267199e-01-1.121570989e-01-1.176905036e-01-1.228121147e-01-1.275040060e-01
-1.317440718e-01-1.355051249e-01-1.387537718e-01-1.414496601e-01-1.435444504e-01
-1.449812055e-01-1.456936598e-01-1.456058174e-01-1.446318328e-01-1.426763237e-01
-1.396354139e-01-1.353984326e-01-1.298509836e-01-1.228793263e-01-1.143766046e-01
-1.042512655e-01-9.243783355e-02-7.891013473e-02-6.369688362e-02-4.689888656e-02
-2.870667353e-02-9.416950867e-03 1.055421866e-02 3.066272289e-02 5.046485737e-02
 6.996510923e-02 8.915304393e-02 1.080058068e-01 1.264862567e-01 1.445390135e-01
 1.620853841e-01 1.790180802e-01 1.951978058e-01 2.104549408e-01 2.246002853e-01
 8.390737325e-02 8.110263199e-02 7.599651814e-02 6.993668526e-02 6.353221089e-02
 5.679639429e-02 4.974232614e-02 4.238021374e-02 3.471630067e-02 2.675343677e-02
 1.849229634e-02 9.902345948e-03 1.080753165e-03-7.878765464e-03-1.688906364e-02
-2.587133087e-02-3.475598618e-02-4.348291457e-02-5.200123414e-02-6.026865542e-02
-6.825059652e-02-7.591909915e-02-8.325156569e-02-9.022952616e-02-9.683732688e-02
-1.030608341e-01-1.088861972e-01-1.142986491e-01-1.192813218e-01-1.238141805e-01
-1.278729439e-01-1.314281523e-01-1.344440430e-01-1.368778795e-01-1.386789978e-01
-1.397881210e-01-1.401368976e-01-1.396476328e-01-1.382332742e-01-1.357980967e-01
-1.322390884e-01-1.274480373e-01-1.213151067e-01-1.137338579e-01-1.046080962e-01
-9.386090189e-02-8.144596964e-02-6.736120582e-02-5.166421831e-02-3.448878974e-02
-1.606066711e-02 3.289731685e-03 2.312138304e-02 4.283431917e-02 6.241415441e-02
 8.185632527e-02 1.011564732e-01 1.203045845e-01 1.392792910e-01 1.580401808e-01
 1.765167117e-01 1.945924163e-01 2.120845020e-01 2.287253439e-01 2.441653162e-01
 8.645118028e-02 8.380340785e-02 7.867071033e-02 7.261043787e-02 6.615724415e-02
 5.936475098e-02 5.227040499e-02 4.489360005e-02 3.724272177e-02 2.931934036e-02
 2.112001739e-02 1.263632532e-02 3.908496350e-03-4.966103472e-03-1.389819290e-02
-2.280731685e-02-3.162232041e-02-4.028144851e-02-4.873205721e-02-5.692999810e-02
-6.483873725e-02-7.242827117e-02-7.967393100e-02-8.655510843e-02-9.305396676e-02
-9.915412217e-02-1.048394293e-01-1.100927293e-01-1.148947254e-01-1.192228645e-01
-1.230502650e-01-1.263447851e-01-1.290680468e-01-1.311746091e-01-1.326112896e-01
-1.333164871e-01-1.332199425e-01-1.322425902e-01-1.302969605e-01-1.272882223e-01
-1.231158003e-01-1.176763475e-01-1.108677089e-01-1.025947407e-01-9.277683496e-02
-8.135764301e-02-6.831692159e-02-5.368433893e-02-3.755468875e-02-2.010343224e-02
-1.600878779e-03 1.757722907e-02 3.694532812e-02 5.629701167e-02 7.565315068e-02
 9.503402561e-02 1.144611016e-01 1.339562833e-01 1.535389274e-01 1.732200533e-01
 1.929911226e-01 2.128020227e-01 2.325145602e-01 2.518005371e-01 2.699728012e-01
 9.007569402e-02 8.780721575e-02 8.250757307e-02 7.602964342e-02 6.928452849e-02
 6.230560690e-02 5.510376766e-02 4.768057540e-02 4.003328457e-02 3.215653449e-02
 2.404295281e-02 1.568337157e-02 7.076282986e-03-1.682162867e-03-1.050298195e-02
-1.930526830e-02-2.801684849e-02-3.657452017e-02-4.492387921e-02-5.301877111e-02
-6.082049012e-02-6.829672307e-02-7.542037964e-02-8.216835558e-02-8.852021396e-02
-9.445694089e-02-9.995965660e-02-1.050084308e-01-1.095810980e-01-1.136522144e-01
-1.171919480e-01-1.201652139e-01-1.225307584e-01-1.242404059e-01-1.252384931e-01
-1.254613996e-01-1.248374730e-01-1.232872605e-01-1.207242236e-01-1.170562506e-01
-1.121879295e-01-1.060240492e-01-9.847442061e-02-8.946036547e-02-7.892304659e-02
-6.683375686e-02-5.320601165e-02-3.810917586e-02-2.168270759e-02-4.149868153e-03
 1.417115610e-02 3.286105022e-02 5.165055394e-02 7.055682689e-02 8.960779011e-02
 1.088415831e-01 1.283077002e-01 1.480687112e-01 1.682023555e-01 1.888041049e-01
 2.099902630e-01 2.319031209e-01 2.547235191e-01 2.787276506e-01 3.039097488e-01
 9.437763691e-02 9.264735878e-02 8.677625656e-02 7.964950800e-02 7.253208011e-02
 6.534055620e-02 5.802818015e-02 5.056779832e-02 4.294122010e-02 3.513441980e-02
 2.713552117e-02 1.893436909e-02 1.049051341e-02 1.893538050e-03-6.769942120e-03
-1.541940309e-02-2.398198098e-02-3.239311650e-02-4.059658945e-02-4.854410887e-02
-5.619456246e-02-6.351304799e-02-7.046973705e-02-7.703864574e-02-8.319638669e-02
-8.892088383e-02-9.419013560e-02-9.898104519e-02-1.032682285e-01-1.070230007e-01
-1.102123633e-01-1.127981246e-01-1.147361249e-01-1.159756333e-01-1.164588630e-01
-1.161208823e-01-1.148896962e-01-1.126869693e-01-1.094291955e-01-1.050297618e-01
-9.940193594e-02-9.246306866e-02-8.414028585e-02-7.437768579e-02-6.314536184e-02
-5.045003071e-02-3.634700552e-02-2.095289156e-02-4.457858391e-03 1.286347397e-02
 3.064502962e-02 4.860237613e-02 6.674886495e-02 8.510861546e-02 1.037187278e-01
 1.226318181e-01 1.419197023e-01 1.616785675e-01 1.820363402e-01 2.031633556e-01
 2.252880335e-01 2.487209737e-01 2.738926411e-01 3.014083505e-01 3.308285475e-01
 9.727504849e-02 9.578248858e-02 8.980704844e-02 8.259795606e-02 7.538525015e-02
 6.812747568e-02 6.079342216e-02 5.335793644e-02 4.580087960e-02 3.810536861e-02
 3.025610372e-02 2.223783359e-02 1.403319277e-02 5.663551856e-03-2.781046554e-03
-1.121827029e-02-1.957372576e-02-2.778115496e-02-3.578232974e-02-4.352663457e-02
-5.097035691e-02-5.807575583e-02-6.480996311e-02-7.114380598e-02-7.705057412e-02
-8.250477910e-02-8.748095483e-02-9.195248783e-02-9.589050710e-02-9.926289320e-02
-1.020333618e-01-1.041606814e-01-1.055980325e-01-1.062925532e-01-1.061851829e-01
-1.052107960e-01-1.032987535e-01-1.003740281e-01-9.635902196e-02-9.117626399e-02
-8.475216478e-02-7.702203840e-02-6.793649495e-02-5.746942014e-02-4.562740028e-02
-3.246040642e-02-1.807319745e-02-2.636159072e-03 1.360692177e-02 3.033066168e-02
 4.727964848e-02 6.445769221e-02 8.187766373e-02 9.956365824e-02 1.175536737e-01
 1.359030455e-01 1.546891630e-01 1.740180552e-01 1.940335631e-01 2.149307430e-01
 2.369742841e-01 2.605237365e-01 2.860622704e-01 3.142152131e-01 3.443344831e-01
 9.897956252e-02 9.762705117e-02 9.196200967e-02 8.484400809e-02 7.768941671e-02
 7.049050927e-02 6.323160231e-02 5.589728802e-02 4.847316444e-02 4.094567150e-02
 3.330171108e-02 2.552831918e-02 1.761284098e-02 9.533055127e-03 1.374347252e-03
-6.782213226e-03-1.486192644e-02-2.279734239e-02-3.052843176e-02-3.800230846e-02
-4.517259821e-02-5.199857429e-02-5.844413489e-02-6.447668374e-02-7.006590813e-02
-7.518265396e-02-7.979772240e-02-8.388078213e-02-8.739934117e-02-9.031783789e-02
-9.259681404e-02-9.419231117e-02-9.505540133e-02-9.513203800e-02-9.436313063e-02
-9.268513322e-02-9.003104270e-02-8.633212000e-02-8.152034134e-02-7.553184032e-02
-6.831140816e-02-5.981827527e-02-5.003315583e-02-3.896656260e-02-2.666825429e-02
-1.323759835e-02 1.165092224e-03 1.630622521e-02 3.189480305e-02 4.774650931e-02
 6.385214627e-02 8.020889014e-02 9.682210535e-02 1.137071997e-01 1.308919042e-01
 1.484190524e-01 1.663503796e-01 1.847715676e-01 2.037992477e-01 2.235911041e-01
 2.443613112e-01 2.664059997e-01 2.901522517e-01 3.162670135e-01 3.435281515e-01
 1.002325788e-01 9.905214608e-02 9.345228970e-02 8.646178991e-02 7.943686098e-02
 7.236953825e-02 6.525306404e-02 5.808072537e-02 5.084528774e-02 4.353847355e-02
 3.615067899e-02 2.867081203e-02 2.108602598e-02 1.338095218e-02 5.588416941e-03
-2.208414022e-03-9.933624417e-03-1.751847751e-02-2.490127459e-02-3.202699497e-02
-3.884669021e-02-4.531667009e-02-5.139754340e-02-5.705316365e-02-6.224953383e-02
-6.695368886e-02-7.113261521e-02-7.475225627e-02-7.777658105e-02-8.016680926e-02
-8.188075572e-02-8.287242800e-02-8.309181035e-02-8.248502016e-02-8.099482954e-02
-7.856163383e-02-7.512507588e-02-7.062639296e-02-6.501147896e-02-5.823515728e-02
-5.026629567e-02-4.109419882e-02-3.073593974e-02-1.924446411e-02-6.716642063e-03
 6.700557657e-03 2.080337517e-02 3.522127867e-02 4.995457828e-02 6.497088820e-02
 8.024728298e-02 9.576828778e-02 1.115256399e-01 1.275188029e-01 1.437559575e-01
 1.602553576e-01 1.770467013e-01 1.941727698e-01 2.116907686e-01 2.296734154e-01
 2.482089102e-01 2.673982084e-01 2.873435915e-01 3.080835938e-01 3.285954297e-01
 1.008298099e-01 9.979996830e-02 9.430591762e-02 8.748830855e-02 8.063553274e-02
 7.373791933e-02 6.679992378e-02 5.982660875e-02 5.281969532e-02 4.577698559e-02
 3.869281709e-02 3.155881539e-02 2.436452359e-02 1.709814370e-02 9.748009034e-03
 2.392819384e-03-4.893203266e-03-1.204152219e-02-1.898964308e-02-2.568097040e-02
-3.206435218e-02-3.809337690e-02-4.372552037e-02-4.892122373e-02-5.364285782e-02
-5.785376579e-02-6.151728332e-02-6.459588557e-02-6.705039740e-02-6.883940846e-02
-6.991884857e-02-7.024182379e-02-6.975875050e-02-6.841788441e-02-6.616629660e-02
-6.295139343e-02-5.872309953e-02-5.343682319e-02-4.705726355e-02-3.956313431e-02
-3.095295094e-02-2.125169337e-02-1.051844656e-02 1.145243412e-03 1.358487830e-02
 2.660364471e-02 3.997774050e-02 5.367792398e-02 6.767658144e-02 8.194352686e-02
 9.644950926e-02 1.111677736e-01 1.260747910e-01 1.411508769e-01 1.563804895e-01
 1.717523634e-01 1.872590333e-01 2.028953731e-01 2.186553478e-01 2.345257849e-01
 2.504745126e-01 2.664283514e-01 2.822306454e-01 2.975541949e-01 3.117264509e-01
 1.005275697e-01 9.955289215e-02 9.450609237e-02 8.798847347e-02 8.132121712e-02
 7.457869500e-02 6.781180203e-02 6.104538590e-02 5.428912491e-02 4.754383489e-02
 4.080490395e-02 3.406415135e-02 2.731093206e-02 2.053266764e-02 1.371473074e-02
 6.890514400e-03 1.340904273e-04-6.486263126e-03-1.290776767e-02-1.907284185e-02
-2.492865548e-02-3.042652830e-02-3.552120924e-02-4.017005861e-02-4.433220625e-02
-4.796769097e-02-5.103669688e-02-5.349883437e-02-5.531259626e-02-5.643497780e-02
-5.682132393e-02-5.642552674e-02-5.520050228e-02-5.309918150e-02-5.007597804e-02
-4.608886689e-02-4.110217094e-02-3.509003296e-02-2.804070711e-02-1.996155456e-02
-1.088487823e-02-8.739465848e-04 9.970402345e-03 2.150896564e-02 3.347315639e-02
 4.585759342e-02 5.861455202e-02 7.170148939e-02 8.507779241e-02 9.870293736e-02
 1.125361472e-01 1.265366226e-01 1.406637132e-01 1.548772454e-01 1.691375524e-01
 1.834051311e-01 1.976397187e-01 2.117981315e-01 2.258304060e-01 2.396734804e-01
 2.532411218e-01 2.664097548e-01 2.790003717e-01 2.907629609e-01 3.013824821e-01
 1.010583267e-01 1.006279141e-01 9.520869702e-02 8.833436668e-02 8.154566586e-02
 7.481715083e-02 6.816574186e-02 6.159734726e-02 5.510997400e-02 4.869680107e-02
 4.234803841e-02 3.605214134e-02 2.979658730e-02 2.356842533e-02 1.735479012e-02
 1.114501338e-02 5.007188767e-03-9.934401605e-04-6.795396563e-03-1.234119106e-02
-1.757716574e-02-2.245309949e-02-2.692168020e-02-3.093785979e-02-3.445820510e-02
-3.744024411e-02-3.984188661e-02-4.162095115e-02-4.273486137e-02-4.314055294e-02
-4.279465601e-02-4.165403172e-02-3.967671096e-02-3.682329878e-02-3.305900097e-02
-2.835620753e-02-2.269782312e-02-1.608124189e-02-8.522826247e-03-6.216830661e-05
 9.230745956e-03 1.925357245e-02 2.984584682e-02 4.092067480e-02 5.244075879e-02
 6.437080353e-02 7.666993141e-02 8.929406852e-02 1.021963805e-01 1.153270975e-01
 1.286333799e-01 1.420593858e-01 1.555464715e-01 1.690335423e-01 1.824575365e-01
 1.957537383e-01 2.088557333e-01 2.216947675e-01 2.341980636e-01 2.462858260e-01
 2.578672171e-01 2.688357532e-01 2.790659666e-01 2.884146571e-01 2.967299223e-01
 1.008632332e-01 1.008535251e-01 9.522958100e-02 8.787608892e-02 8.086416125e-02
 7.411883771e-02 6.759371608e-02 6.125821173e-02 5.508856848e-02 4.906406999e-02
 4.316580296e-02 3.737628460e-02 3.167936951e-02 2.606013790e-02 2.050468512e-02
 1.499950513e-02 9.569230489e-03 4.277511965e-03-8.155890973e-04-5.653305445e-03
-1.018195041e-02-1.435063221e-02-1.811088435e-02-2.141623572e-02-2.422175743e-02
-2.648364753e-02-2.815889567e-02-2.920508012e-02-2.958034165e-02-2.924361825e-02
-2.815517969e-02-2.627753653e-02-2.357679792e-02-2.002450079e-02-1.560002752e-02
-1.029370446e-02-4.110437352e-03 2.925470704e-03 1.076387428e-02 1.933744177e-02
 2.852632105e-02 3.826444969e-02 4.853006452e-02 5.928785354e-02 7.050143182e-02
 8.213228732e-02 9.413800389e-02 1.064714715e-01 1.190801561e-01 1.319055110e-01
 1.448824853e-01 1.579393446e-01 1.709979773e-01 1.839746386e-01 1.967813522e-01
 2.093277872e-01 2.215234041e-01 2.332794219e-01 2.445104271e-01 2.551350594e-01
 2.650759816e-01 2.742591500e-01 2.826136351e-01 2.900726497e-01 2.965768576e-01
 9.827745706e-02 9.835807979e-02 9.285497665e-02 8.553744107e-02 7.860061526e-02
 7.201996446e-02 6.575411558e-02 5.976332352e-02 5.401166528e-02 4.846763238e-02
 4.310409352e-02 3.789804876e-02 3.283026442e-02 2.788493782e-02 2.304942161e-02
 1.831418835e-02 1.366536785e-02 9.159681387e-03 4.853364546e-03 8.010189049e-04
-2.944817301e-03-6.333733443e-03-9.317332879e-03-1.184903551e-02-1.388387382e-02
-1.537833270e-02-1.629029773e-02-1.657914743e-02-1.620603167e-02-1.513440628e-02
-1.333090104e-02-1.076665707e-02-7.419034839e-03-3.273603972e-03 1.673319028e-03
 7.410927676e-03 1.391252503e-02 2.113234438e-02 2.893951908e-02 3.734884411e-02
 4.634146765e-02 5.589117855e-02 6.597245485e-02 7.655697316e-02 8.761321753e-02
 9.910553694e-02 1.109929159e-01 1.232275590e-01 1.357534826e-01 1.485049576e-01
 1.614053547e-01 1.743660867e-01 1.872866005e-01 2.000554502e-01 2.125527710e-01
 2.246546745e-01 2.362387627e-01 2.471905947e-01 2.574096918e-01 2.668142915e-01
 2.753438354e-01 2.829596698e-01 2.896430492e-01 2.953924537e-01 3.002202809e-01
 9.374633431e-02 9.391009808e-02 8.821813762e-02 8.105998486e-02 7.440356910e-02
 6.819155067e-02 6.237182021e-02 5.689148232e-02 5.170237273e-02 4.676341638e-02
 4.204101115e-02 3.750852495e-02 3.314542770e-02 2.893642709e-02 2.487063780e-02
 2.094076946e-02 1.714198850e-02 1.348590478e-02 1.002746727e-02 6.819399539e-03
 3.912424669e-03 1.355322078e-03-8.050056640e-04-2.523491159e-03-3.756919410e-03
-4.464045633e-03-4.605853464e-03-4.145979881e-03-3.051298670e-03-1.292636152e-03
 1.154366881e-03 4.307035357e-03 8.173245937e-03 1.275033318e-02 1.802498102e-02
 2.395681664e-02 3.049447946e-02 3.764507920e-02 4.539283365e-02 5.372805521e-02
 6.263865530e-02 7.210979611e-02 8.212439716e-02 9.266258776e-02 1.037007943e-01
 1.152106225e-01 1.271571666e-01 1.394970417e-01 1.521758884e-01 1.651254892e-01
 1.782607734e-01 1.914769113e-01 2.046473175e-01 2.176235467e-01 2.302384377e-01
 2.423135340e-01 2.536710501e-01 2.641483843e-01 2.736130953e-01 2.819741964e-01
 2.891882956e-01 2.952596545e-01 3.002342582e-01 3.041888475e-01 3.072180152e-01
 8.622486144e-02 8.622916788e-02 8.091664314e-02 7.412750274e-02 6.798451394e-02
 6.239658594e-02 5.726673454e-02 5.251203477e-02 4.806697369e-02 4.388198629e-02
 3.992062807e-02 3.615684062e-02 3.257272765e-02 2.915698290e-02 2.590381354e-02
 2.281246707e-02 1.988740638e-02 1.711205766e-02 1.453433838e-02 1.220248453e-02
 1.016348414e-02 8.462629281e-03 7.143435534e-03 6.247505546e-03 5.814271979e-03
 5.880580284e-03 6.480035372e-03 7.642081473e-03 9.390875697e-03 1.174435113e-02
 1.471756771e-02 1.831551269e-02 2.252488025e-02 2.731535956e-02 3.270304948e-02
 3.868778050e-02 4.526308179e-02 5.242606625e-02 6.017283350e-02 6.849958748e-02
 7.740199566e-02 8.687472343e-02 9.691106528e-02 1.075023860e-01 1.186371520e-01
 1.302996427e-01 1.424680352e-01 1.551117301e-01 1.681878418e-01 1.816363782e-01
 1.953742951e-01 2.092882842e-01 2.232270837e-01 2.369951755e-01 2.503515184e-01
 2.630189061e-01 2.747079134e-01 2.851523757e-01 2.941460013e-01 3.015678823e-01
 3.073941171e-01 3.116963506e-01 3.146279454e-01 3.163966238e-01 3.172282279e-01
 7.554470748e-02 7.525102794e-02 7.024289668e-02 6.419749558e-02 5.903051794e-02
 5.449019745e-02 5.039761588e-02 4.663942009e-02 4.314456880e-02 3.986840323e-02
 3.678306192e-02 3.387182951e-02 3.112576529e-02 2.854169160e-02 2.612105384e-02
 2.386930399e-02 2.179569006e-02 1.991315372e-02 1.822170615e-02 1.676847599e-02
 1.559601538e-02 1.474404149e-02 1.425055042e-02 1.415164396e-02 1.448100060e-02
 1.526932884e-02 1.654332504e-02 1.832392812e-02 2.062328160e-02 2.342920937e-02
 2.676486783e-02 3.064310178e-02 3.506907076e-02 4.004424438e-02 4.557348043e-02
 5.166089162e-02 5.830977112e-02 6.552371383e-02 7.330664247e-02 8.166300505e-02
 9.059774131e-02 1.001162305e-01 1.102241278e-01 1.209270135e-01 1.322298497e-01
 1.441359520e-01 1.566453576e-01 1.697522998e-01 1.834413111e-01 1.976812035e-01
 2.124161422e-01 2.275525033e-01 2.429400533e-01 2.583467364e-01 2.734307945e-01
 2.877278924e-01 3.006925881e-01 3.118094802e-01 3.207072616e-01 3.272040188e-01
 3.313052058e-01 3.331984878e-01 3.332465291e-01 3.319379687e-01 3.297721446e-01
 5.982290953e-02 5.860170722e-02 5.455910787e-02 5.068001896e-02 4.751759395e-02
 4.467709363e-02 4.203405976e-02 3.953805566e-02 3.716795519e-02 3.491641954e-02
 3.278344125e-02 3.077331185e-02 2.889310755e-02 2.715197951e-02 2.556085587e-02
 2.413240075e-02 2.288113162e-02 2.182362601e-02 2.097876929e-02 2.037279308e-02
 2.003478259e-02 1.999193802e-02 2.027418837e-02 2.091039717e-02 2.192636766e-02
 2.334570140e-02 2.518915944e-02 2.747401968e-02 3.021364659e-02 3.341783211e-02
 3.709841520e-02 4.126624018e-02 4.593048617e-02 5.109936744e-02 5.678123236e-02
 6.298470497e-02 6.971888244e-02 7.699376345e-02 8.482050151e-02 9.321178496e-02
 1.021821052e-01 1.117481068e-01 1.219288334e-01 1.327460408e-01 1.442244053e-01
 1.563915163e-01 1.692775786e-01 1.829144210e-01 1.973334849e-01 2.125615776e-01
 2.286134660e-01 2.454782873e-01 2.630954683e-01 2.813096344e-01 2.997783422e-01
 3.177705109e-01 3.339536190e-01 3.470058441e-01 3.563295007e-01 3.617725074e-01
 3.633932769e-01 3.614639342e-01 3.566492796e-01 3.502534330e-01 3.436496556e-01
 3.829038516e-02 3.448290005e-02 3.467238322e-02 3.516486287e-02 3.478588909e-02
 3.397846222e-02 3.294192255e-02 3.178406507e-02 3.057318553e-02 2.935766801e-02
 2.817456611e-02 2.705389634e-02 2.602110244e-02 2.509862185e-02 2.430700324e-02
 2.366575226e-02 2.319403738e-02 2.291125990e-02 2.283762395e-02 2.299471386e-02
 2.340493724e-02 2.409072965e-02 2.507446893e-02 2.637776174e-02 2.802083082e-02
 3.002230637e-02 3.239900246e-02 3.516583890e-02 3.833596408e-02 4.192118719e-02
 4.593288898e-02 5.038209260e-02 5.527961627e-02 6.063638628e-02 6.646385789e-02
 7.277440280e-02 7.958166301e-02 8.690088987e-02 9.474947304e-02 1.031473204e-01
 1.121174917e-01 1.216868609e-01 1.318869591e-01 1.427550167e-01 1.543352306e-01
 1.666803658e-01 1.798536330e-01 1.939309537e-01 2.090032697e-01 2.251788378e-01
 2.425846756e-01 2.613660097e-01 2.816825509e-01 3.037030697e-01 3.276145458e-01
 3.537485600e-01 3.771417737e-01 3.931618929e-01 4.029557705e-01 4.071230292e-01
 4.051505625e-01 3.975132108e-01 3.834488988e-01 3.675093055e-01 3.553782105e-01
 2.337842435e-02 1.874786243e-02 1.985830255e-02 2.198458463e-02 2.324724570e-02
 2.389529534e-02 2.412513457e-02 2.408109605e-02 2.386894636e-02 2.356774174e-02
 2.323803678e-02 2.292737924e-02 2.267408371e-02 2.250988781e-02 2.246187627e-02
 2.255391702e-02 2.280770987e-02 2.324357070e-02 2.388098091e-02 2.473892085e-02
 2.583591267e-02 2.718991227e-02 2.881819382e-02 3.073714301e-02 3.296210244e-02
 3.550728410e-02 3.838574886e-02 4.160954058e-02 4.518983513e-02 4.913730547e-02
 5.346249416e-02 5.817615986e-02 6.328957528e-02 6.881487370e-02 7.476541400e-02
 8.115612715e-02 8.800385892e-02 9.532779455e-02 1.031499207e-01 1.114955544e-01
 1.203940883e-01 1.298798919e-01 1.399935633e-01 1.507835388e-01 1.623083502e-01
 1.746395528e-01 1.878659278e-01 2.020990252e-01 2.174811214e-01 2.341959178e-01
 2.524832785e-01 2.726576924e-01 2.951291203e-01 3.204201758e-01 3.491762578e-01
 3.798934221e-01 4.033773243e-01 4.194366932e-01 4.284827709e-01 4.302159548e-01
 4.248520732e-01 4.113372266e-01 3.910400569e-01 3.735460043e-01 3.594622910e-01
 1.314828359e-02 8.104855195e-03 9.417216294e-03 1.197470166e-02 1.387581509e-02
 1.525110379e-02 1.622750610e-02 1.692050137e-02 1.742805913e-02 1.783023961e-02
 1.819132082e-02 1.856270991e-02 1.898582466e-02 1.949455589e-02 2.011726610e-02
 2.087827586e-02 2.179897018e-02 2.289855853e-02 2.419457585e-02 2.570320852e-02
 2.743943594e-02 2.941711806e-02 3.164901957e-02 3.414683416e-02 3.692122549e-02
 3.998190537e-02 4.333780333e-02 4.699726030e-02 5.096831918e-02 5.525907129e-02
 5.987805873e-02 6.483463943e-02 7.013940811e-02 7.580453157e-02 8.184407651e-02
 8.827435225e-02 9.511417150e-02 1.023851633e-01 1.101121381e-01 1.183235496e-01
 1.270521134e-01 1.363357306e-01 1.462187022e-01 1.567535102e-01 1.680031866e-01
 1.800447404e-01 1.929739714e-01 2.069125026e-01 2.220181525e-01 2.385008633e-01
 2.566480041e-01 2.768655121e-01 2.997443378e-01 3.261423111e-01 3.569634557e-01
 3.841881156e-01 4.046990275e-01 4.185283184e-01 4.254745543e-01 4.255019128e-01
 4.174124599e-01 4.005546272e-01 3.823333383e-01 3.671139479e-01 3.543155491e-01
 6.466173567e-03 1.138875494e-03 2.010079334e-03 4.518283531e-03 6.519924849e-03
 8.104790933e-03 9.378666990e-03 1.044025272e-02 1.137432642e-02 1.225007791e-02
 1.312249526e-02 1.403502375e-02 1.502238214e-02 1.611297950e-02 1.733073778e-02
 1.869634539e-02 2.022803202e-02 2.194201201e-02 2.385270409e-02 2.597284317e-02
 2.831355110e-02 3.088438883e-02 3.369346261e-02 3.674753755e-02 4.005222395e-02
 4.361216724e-02 4.743133858e-02 5.151334032e-02 5.586182326e-02 6.048093736e-02
 6.537583470e-02 7.055316865e-02 7.602161169e-02 8.179228008e-02 8.787900209e-02
 9.429857880e-02 1.010708809e-01 1.082189158e-01 1.157688946e-01 1.237504035e-01
 1.321966499e-01 1.411450207e-01 1.506379545e-01 1.607240438e-01 1.714598387e-01
 1.829122156e-01 1.951615810e-01 2.083064616e-01 2.224699855e-01 2.378094196e-01
 2.545312047e-01 2.729167938e-01 2.933744490e-01 3.165930212e-01 3.413787782e-01
 3.621765077e-01 3.781180084e-01 3.889206648e-01 3.944778144e-01 3.939573765e-01
 3.870677650e-01 3.745766282e-01 3.626172543e-01 3.517233729e-01 3.419280350e-01
 2.075500088e-03-3.634945024e-03-2.983757062e-03-8.537051035e-04 8.157863049e-04
 2.177903196e-03 3.364039352e-03 4.475451075e-03 5.584061611e-03 6.738852710e-03
 7.973133586e-03 9.310631081e-03 1.076983847e-02 1.236672513e-02 1.411614474e-02
 1.603230648e-02 1.812868938e-02 2.041767351e-02 2.291009948e-02 2.561494336e-02
 2.853911184e-02 3.168743104e-02 3.506278247e-02 3.866631910e-02 4.249776900e-02
 4.655572399e-02 5.083801970e-02 5.534213036e-02 6.006568298e-02 6.500710547e-02
 7.016634941e-02 7.554572076e-02 8.115057647e-02 8.698993921e-02 9.307681769e-02
 9.942830354e-02 1.060653180e-01 1.130122244e-01 1.202963740e-01 1.279476136e-01
 1.359980553e-01 1.444819272e-01 1.534357369e-01 1.628986746e-01 1.729130149e-01
 1.835248470e-01 1.947844177e-01 2.067464292e-01 2.194690257e-01 2.330108285e-01
 2.474224120e-01 2.627254128e-01 2.788609862e-01 2.955738306e-01 3.120630980e-01
 3.266089261e-01 3.382925391e-01 3.466576934e-01 3.514064848e-01 3.523797691e-01
 3.496937454e-01 3.446021378e-01 3.384644389e-01 3.319519162e-01 3.254639208e-01
 6.867895718e-04-5.412637256e-03-5.542024970e-03-4.415203352e-03-3.692049067e-03
-3.056272166e-03-2.325081732e-03-1.412786427e-03-2.920011175e-04 1.035988680e-03
 2.559612505e-03 4.267111886e-03 6.151343696e-03 8.211256936e-03 1.045134757e-02
 1.288000308e-02 1.550745405e-02 1.834381558e-02 2.139751799e-02 2.467428148e-02
 2.817665599e-02 3.190405667e-02 3.585312888e-02 4.001829028e-02 4.439219832e-02
 4.896616563e-02 5.373046920e-02 5.867467076e-02 6.378816068e-02 6.906101108e-02
 7.448518276e-02 8.005598187e-02 8.577346802e-02 9.164352715e-02 9.767837822e-02
 1.038964316e-01 1.103214175e-01 1.169810891e-01 1.239056811e-01 1.311265528e-01
 1.386750489e-01 1.465817690e-01 1.548760831e-01 1.635858417e-01 1.727369726e-01
 1.823527217e-01 1.924522221e-01 2.030479610e-01 2.141410112e-01 2.257131189e-01
 2.377131879e-01 2.500356138e-01 2.624877691e-01 2.747506797e-01 2.863601744e-01
 2.967716753e-01 3.054969609e-01 3.121889830e-01 3.166607022e-01 3.189003468e-01
 3.191001117e-01 3.176465034e-01 3.150078654e-01 3.116062880e-01 3.077685237e-01
 3.800900886e-03-2.246390795e-03-5.026682746e-03-6.695645396e-03-8.026564494e-03
-8.701817133e-03-8.655420505e-03-7.980983704e-03-6.802908611e-03-5.233222619e-03
-3.359911498e-03-1.244187355e-03 1.078235684e-03 3.593071364e-03 6.301658228e-03
 9.214683436e-03 1.234649308e-02 1.571055502e-02 1.931634359e-02 2.316759527e-02
 2.726193890e-02 3.159158677e-02 3.614473343e-02 4.090704396e-02 4.586270452e-02
 5.099480972e-02 5.628512055e-02 6.171362847e-02 6.725852191e-02 7.289713621e-02
 7.860815525e-02 8.437473327e-02 9.018775076e-02 9.604832530e-02 1.019689068e-01
 1.079727709e-01 1.140917391e-01 1.203628182e-01 1.268244684e-01 1.335134804e-01
 1.404629052e-01 1.477009356e-01 1.552506238e-01 1.631294191e-01 1.713488698e-01
 1.799136996e-01 1.888199449e-01 1.980523169e-01 2.075798810e-01 2.173501551e-01
 2.272813171e-01 2.372529209e-01 2.470975965e-01 2.565981746e-01 2.654976249e-01
 2.735255063e-01 2.804352939e-01 2.860392332e-01 2.902319431e-01 2.930027843e-01
 2.944359183e-01 2.946941555e-01 2.939869761e-01 2.925341725e-01 2.905382216e-01
 7.789166644e-03 1.489295857e-03-4.447829910e-03-1.019658893e-02-1.537607610e-02
-1.708320528e-02-1.717983000e-02-1.621561684e-02-1.453675423e-02-1.238572970e-02
-9.930152446e-03-7.272466552e-03-4.458719399e-03-1.492291689e-03 1.649699872e-03
 5.001575686e-03 8.598004468e-03 1.246661041e-02 1.662345044e-02 2.107093297e-02
 2.579823136e-02 3.078432009e-02 3.600271791e-02 4.142614827e-02 4.702917486e-02
 5.278813094e-02 5.867864192e-02 6.467205286e-02 7.073235512e-02 7.681597769e-02
 8.287625015e-02 8.887170255e-02 9.477488697e-02 1.005784348e-01 1.062977314e-01
 1.119698957e-01 1.176485270e-01 1.233944967e-01 1.292661428e-01 1.353126168e-01
 1.415714622e-01 1.480691582e-01 1.548223794e-01 1.618391871e-01 1.691194475e-01
 1.766546667e-01 1.844268441e-01 1.924067438e-01 2.005514950e-01 2.088016570e-01
 2.170781344e-01 2.252799571e-01 2.332837880e-01 2.409469783e-01 2.481154054e-01
 2.546359897e-01 2.603719234e-01 2.652175725e-01 2.691099644e-01 2.720346153e-01
 2.740252316e-01 2.751565278e-01 2.755321562e-01 2.752705812e-01 2.744920850e-01
 9.825821035e-03 2.697156277e-03-5.074214190e-03-1.389380358e-02-2.364775538e-02
-2.906514145e-02-2.918920852e-02-2.671765536e-02-2.366296574e-02-2.031931840e-02
-1.691619679e-02-1.356685348e-02-1.026834548e-02-6.945177447e-03-3.496579127e-03
 1.739988220e-04 4.145647865e-03 8.474521339e-03 1.318998449e-02 1.829094440e-02
 2.374550700e-02 2.949912287e-02 3.549123555e-02 4.167145491e-02 4.800624400e-02
 5.447566137e-02 6.106422096e-02 6.774830818e-02 7.448130101e-02 8.118203282e-02
 8.774268627e-02 9.406176955e-02 1.000729501e-01 1.057529747e-01 1.111233160e-01
 1.162541285e-01 1.212592050e-01 1.262651384e-01 1.313741058e-01 1.366520524e-01
 1.421359926e-01 1.478438973e-01 1.537811905e-01 1.599443108e-01 1.663221121e-01
 1.728962213e-01 1.796404719e-01 1.865200847e-01 1.934904158e-01 2.004959583e-01
 2.074696273e-01 2.143327296e-01 2.209963500e-01 2.273643613e-01 2.333383411e-01
 2.388239503e-01 2.437382340e-01 2.480164766e-01 2.516175508e-01 2.545267940e-01
 2.567560375e-01 2.583406866e-01 2.593345642e-01 2.598037422e-01 2.598200142e-01
 1.245045289e-02 5.123440642e-03-3.145923372e-03-1.284616441e-02-2.436102927e-02
-3.304133192e-02-3.753494471e-02-3.766699508e-02-3.341714293e-02-2.797830105e-02
-2.324835956e-02-1.931325905e-02-1.587677747e-02-1.259138156e-02-9.183697402e-03
-5.464451853e-03-1.301279990e-03 3.400205867e-03 8.698028512e-03 1.459623966e-02
 2.101386525e-02 2.778568119e-02 3.474422917e-02 4.179663584e-02 4.892209917e-02
 5.614089966e-02 6.349048018e-02 7.100731879e-02 7.869884372e-02 8.645046502e-02
 9.389701486e-02 1.007524282e-01 1.069276109e-01 1.123931259e-01 1.171486974e-01
 1.212701872e-01 1.250771731e-01 1.289743334e-01 1.331080198e-01 1.375068873e-01
 1.421681195e-01 1.470788270e-01 1.522219926e-01 1.575778127e-01 1.631235033e-01
 1.688325703e-01 1.746739149e-01 1.806111336e-01 1.866017580e-01 1.925969869e-01
 1.985416710e-01 2.043749839e-01 2.100317329e-01 2.154445350e-01 2.205467671e-01
 2.252760231e-01 2.295778990e-01 2.334093302e-01 2.367412448e-01 2.395601422e-01
 2.418680638e-01 2.436815053e-01 2.450290322e-01 2.459482700e-01 2.464826554e-01
 1.651652902e-02 9.828917682e-03 2.459094627e-03-5.712599959e-03-1.468666270e-02
-2.424368262e-02-3.266802058e-02-3.694540262e-02-3.660114110e-02-3.124470264e-02
-2.606997080e-02-2.298621647e-02-2.084371261e-02-1.853748970e-02-1.577770337e-02
-1.242745481e-02-8.372215554e-03-3.489599098e-03 2.362412866e-03 9.339746088e-03
 1.749689132e-02 2.602155879e-02 3.422979265e-02 4.217296094e-02 4.998337850e-02
 5.779740959e-02 6.575388461e-02 7.400774211e-02 8.275923878e-02 9.227982163e-02
 1.010196507e-01 1.084926054e-01 1.148706749e-01 1.200687736e-01 1.240452379e-01
 1.266201735e-01 1.283803731e-01 1.309551746e-01 1.340909004e-01 1.376502663e-01
 1.415497065e-01 1.457331777e-01 1.501591951e-01 1.547935903e-01 1.596048474e-01
 1.645613760e-01 1.696299464e-01 1.747747064e-01 1.799566448e-01 1.851335019e-01
 1.902599335e-01 1.952881515e-01 2.001688927e-01 2.048528790e-01 2.092925459e-01
 2.134440094e-01 2.172690332e-01 2.207368910e-01 2.238257378e-01 2.265233397e-01
 2.288273424e-01 2.307446003e-01 2.322901636e-01 2.334856093e-01 2.343574166e-01
 2.177603915e-02 1.619924605e-02 1.021304354e-02 3.814397845e-03-2.911527641e-03
-9.784626774e-03-1.654575393e-02-2.288306504e-02-2.647159807e-02-2.419835702e-02
-2.148560062e-02-2.102188393e-02-2.141009271e-02-2.054789290e-02-1.870604791e-02
-1.595767401e-02-1.225522067e-02-7.487384602e-03-1.461612061e-03 6.186922546e-03
 1.613202319e-02 2.626707964e-02 3.521039337e-02 4.351830110e-02 5.152315646e-02
 5.945433676e-02 6.750474125e-02 7.587222755e-02 8.479630947e-02 9.453208745e-02
 1.034645140e-01 1.110092551e-01 1.173197255e-01 1.223461628e-01 1.259966046e-01
 1.280570626e-01 1.292385012e-01 1.312317252e-01 1.338090897e-01 1.368122101e-01
 1.401451826e-01 1.437484622e-01 1.475806534e-01 1.516080201e-01 1.557991803e-01
 1.601227224e-01 1.645462960e-01 1.690362394e-01 1.735573858e-01 1.780732572e-01
 1.825461388e-01 1.869377047e-01 1.912095696e-01 1.953242421e-01 1.992461681e-01
 2.029428184e-01 2.063858658e-01 2.095520794e-01 2.124241889e-01 2.149913460e-01
 2.172490656e-01 2.191992253e-01 2.208492458e-01 2.222114354e-01 2.233019173e-01
 0.204148722E+01 0.207188630E+01 0.209063411E+01 0.211045074E+01 0.212994003E+01
 0.215265918E+01 0.217097807E+01 0.218774605E+01 0.220493388E+01 0.222183275E+01
 0.223745799E+01 0.225385237E+01 0.226951218E+01 0.228442454E+01 0.229998326E+01
 0.231557322E+01 0.233017468E+01 0.234534836E+01 0.236085558E+01 0.237618732E+01
 0.239124155E+01 0.240701008E+01 0.242328477E+01 0.243956900E+01 0.245608020E+01
 0.247323751E+01 0.249108291E+01 0.250948954E+01 0.252825904E+01 0.254787588E+01
 0.256844115E+01 0.258986759E+01 0.261208200E+01 0.263532829E+01 0.265977430E+01
 0.268559241E+01 0.271271968E+01 0.274111366E+01 0.277114773E+01 0.280295372E+01
 0.283669138E+01 0.287248135E+01 0.291040993E+01 0.295085859E+01 0.299407339E+01
 0.304025912E+01 0.308983755E+01 0.314312243E+01 0.320052218E+01 0.326267886E+01
 0.333009434E+01 0.340357924E+01 0.348413897E+01 0.357264376E+01 0.367121887E+01
 0.378087044E+01 0.390519691E+01 0.404679585E+01 0.421186543E+01 0.440712595E+01
 0.464550495E+01 0.495331573E+01 0.537330627E+01 0.607356644E+01 0.106104183E+02
   88   86
 0.108004618E+01-0.500000007E-01 0.108058047E+01 0.466522425E-01 0.108653808E+01
 0.137500003E+00 0.109885526E+01 0.237499997E+00 0.110863674E+01 0.297817886E+00
 0.112604463E+01 0.387499988E+00 0.113803756E+01 0.444183588E+00 0.115618086E+01
 0.524085760E+00 0.117147684E+01 0.587500036E+00 0.118720722E+01 0.649999976E+00
 0.120852196E+01 0.730436683E+00 0.122507739E+01 0.787500024E+00 0.124367607E+01
 0.847285509E+00 0.126398849E+01 0.901264906E+00 0.129016995E+01 0.950922132E+00
 0.133804679E+01 0.992672086E+00 0.138639593E+01 0.999866724E+00 0.143765628E+01
 0.995656192E+00 0.148414063E+01 0.984356999E+00 0.153726566E+01 0.966511309E+00
 0.157046878E+01 0.953232706E+00 0.162241983E+01 0.928948522E+00 0.165817344E+01
 0.909044981E+00 0.170328128E+01 0.883094788E+00 0.173657346E+01 0.860430956E+00
 0.178296876E+01 0.828134894E+00 0.180953133E+01 0.807344437E+00 0.186165893E+01
 0.764012218E+00 0.188921881E+01 0.739933550E+00 0.191780841E+01 0.712499976E+00
 0.196645296E+01 0.662961006E+00 0.199546874E+01 0.631041408E+00 0.202203131E+01
 0.599267721E+00 0.205181575E+01 0.561156034E+00 0.208621812E+01 0.512499988E+00
 0.211609769E+01 0.464861512E+00 0.214303279E+01 0.416785359E+00 0.216780758E+01
 0.367518425E+00 0.219064593E+01 0.316828609E+00 0.221460938E+01 0.255378306E+00
 0.223979163E+01 0.175000012E+00 0.225189090E+01 0.125000000E+00 0.226246357E+01
 0.366632640E-01 0.226170230E+01-0.625000000E-01 0.225230694E+01-0.137515619E+00
 0.223166680E+01-0.224999994E+00 0.221578383E+01-0.275000006E+00 0.219670177E+01
-0.327779651E+00 0.217405272E+01-0.383704066E+00 0.214820313E+01-0.440293729E+00
 0.212226772E+01-0.490602136E+00 0.209519744E+01-0.537500024E+00 0.206306601E+01
-0.587487638E+00 0.202886343E+01-0.635155082E+00 0.199546874E+01-0.677741408E+00
 0.196890628E+01-0.709715247E+00 0.194130576E+01-0.740756631E+00 0.189686847E+01
-0.787500024E+00 0.186265624E+01-0.821831107E+00 0.183609378E+01-0.846718073E+00
 0.178906131E+01-0.887499988E+00 0.175640619E+01-0.915233314E+00 0.172440553E+01
-0.938876033E+00 0.167671871E+01-0.973531604E+00 0.164817679E+01-0.991512120E+00
 0.159703124E+01-0.102258575E+01 0.155922937E+01-0.104167485E+01 0.151734376E+01
-0.106293762E+01 0.147085941E+01-0.108205259E+01 0.143415403E+01-0.109541082E+01
 0.138462162E+01-0.111239743E+01 0.133804691E+01-0.112501740E+01 0.128451824E+01
-0.113497090E+01 0.125091147E+01-0.113996100E+01 0.122988153E+01-0.107315421E+01
 0.121863532E+01-0.974999964E+00 0.121088624E+01-0.912499964E+00 0.119783902E+01
-0.824999988E+00 0.118735182E+01-0.761101842E+00 0.117177093E+01-0.674999952E+00
 0.116006351E+01-0.612500012E+00 0.114329815E+01-0.524999976E+00 0.113153791E+01
-0.462499976E+00 0.111590433E+01-0.375000000E+00 0.110556328E+01-0.312500000E+00
 0.109357667E+01-0.225000009E+00 0.108405960E+01-0.125000000E+00 0.108052361E+01
-0.625000000E-01
 0.101600003E+01 0.000000000E+00 0.101600003E+01 0.963999987E+00 0.101600003E+01
 0.967999995E+00 0.101600003E+01 0.100100005E+01 0.101600003E+01 0.101900005E+01
 0.101600003E+01 0.107700002E+01 0.101600003E+01 0.107000005E+01 0.101600003E+01
 0.109599996E+01 0.101600003E+01 0.111300004E+01 0.101600003E+01 0.113800001E+01
 0.101600003E+01 0.114699996E+01 0.101199996E+01 0.116499996E+01 0.100100005E+01
 0.121700001E+01 0.102900004E+01 0.121700001E+01 0.104200006E+01 0.116240001E+01
 0.104600000E+01 0.116237998E+01 0.105599999E+01 0.116260004E+01 0.109700000E+01
 0.116450000E+01 0.110800004E+01 0.116594005E+01 0.111600006E+01 0.116591001E+01
 0.113399994E+01 0.116895998E+01 0.114800000E+01 0.117174995E+01 0.116199994E+01
 0.117556000E+01 0.118099999E+01 0.118299997E+01 0.118200004E+01 0.118350005E+01
 0.118499994E+01 0.118499994E+01 0.119000006E+01 0.118799996E+01 0.119500005E+01
 0.119099998E+01 0.120099998E+01 0.119599998E+01 0.120899999E+01 0.120200002E+01
 0.121500003E+01 0.120799994E+01 0.122200000E+01 0.121399999E+01 0.122800004E+01
 0.122099996E+01 0.123399997E+01 0.123099995E+01 0.123899996E+01 0.123800004E+01
 0.124199998E+01 0.124399996E+01 0.124800003E+01 0.125399995E+01 0.125800002E+01
 0.127800000E+01 0.126300001E+01 0.128999996E+01 0.127999997E+01 0.133099997E+01
 0.127999997E+01 0.134700000E+01 0.127999997E+01 0.134800005E+01 0.130999994E+01
 0.134800005E+01 0.132799995E+01 0.134800005E+01 0.136099994E+01 0.134800005E+01
 0.138000000E+01 0.134800005E+01 0.141900003E+01 0.134800005E+01 0.141900003E+01
 0.130999994E+01 0.137199998E+01 0.130999994E+01 0.137199998E+01 0.129200006E+01
 0.160800004E+01 0.109500003E+01 0.164699996E+01 0.107700002E+01 0.178499997E+01
 0.107700002E+01 0.206999993E+01 0.103999996E+01 0.212800002E+01 0.992999971E+00
 0.224499989E+01 0.708999991E+00 0.232299995E+01 0.518999994E+00 0.237700009E+01
 0.388999999E+00 0.236249995E+01 0.400000006E+00 0.236443496E+01 0.222000003E+00
 0.236496902E+01 0.133000001E+00 0.236532402E+01 0.439999998E-01 0.236512089E+01
-0.439999998E-01 0.236484194E+01-0.133000001E+00 0.236433411E+01-0.222000003E+00
 0.236249995E+01-0.400000006E+00 0.237700009E+01-0.388999999E+00 0.213400006E+01
-0.972999990E+00 0.178600001E+01-0.117400002E+01 0.176800001E+01-0.121099997E+01
 0.176800001E+01-0.125000000E+01 0.168200004E+01-0.125000000E+01 0.137199998E+01
-0.125000000E+01 0.137199998E+01-0.132900000E+01 0.141999996E+01-0.132900000E+01
 0.141999996E+01-0.136300004E+01 0.127300000E+01-0.136300004E+01 0.115300000E+01
-0.136300004E+01 0.101600003E+01-0.122300005E+01 0.101600003E+01-0.122300005E+01
 0.101600003E+01-0.829999983E+00 0.101600003E+01-0.800000012E+00 0.101600003E+01
-0.414999992E+00 0.101600003E+01-0.400000006E+00 0.101600003E+01-0.100000005E-02
 0.101600003E+01 0.000000000E+00
    0 0.169550002E+01    0
 0.000000000E+00 0.104314305E+00 0.148111463E+00 0.181939170E+00 0.210652679E+00
 0.234779909E+00 0.258126408E+00 0.279616326E+00 0.299694210E+00 0.318813354E+00
 0.336806923E+00 0.354070902E+00 0.370733976E+00 0.386652231E+00 0.402090818E+00
 0.417126656E+00 0.431664467E+00 0.445783287E+00 0.459645033E+00 0.473165452E+00
 0.486352354E+00 0.499294758E+00 0.512028277E+00 0.524504542E+00 0.536767602E+00
 0.548825860E+00 0.560768843E+00 0.572519541E+00 0.584084094E+00 0.595524907E+00
 0.606862187E+00 0.618081450E+00 0.629203558E+00 0.640183330E+00 0.651092768E+00
 0.661943078E+00 0.672714710E+00 0.683426261E+00 0.694077253E+00 0.704698563E+00
 0.715274572E+00 0.725826263E+00 0.736363411E+00 0.746885538E+00 0.757415175E+00
 0.767964840E+00 0.778526306E+00 0.789114952E+00 0.799753964E+00 0.810456753E+00
 0.821222603E+00 0.832078576E+00 0.843044817E+00 0.854119420E+00 0.865363061E+00
 0.876744986E+00 0.888369739E+00 0.900211573E+00 0.912369728E+00 0.924872875E+00
 0.937816381E+00 0.951381505E+00 0.965650856E+00 0.981310964E+00 0.100000000E+01
    0
