  EFITD    06/25/2013    #1553333000.0ms  EFIT01   0  65  65
 0.170000005E+01 0.320000005E+01 0.169550002E+01 0.839999974E+00 0.000000000E+00
 0.181263292E+01-0.132601969E-01-0.190858662E+00-0.136350077E-01 0.165788078E+01
 0.102054375E+07-0.190858662E+00 0.000000000E+00 0.181263292E+01 0.000000000E+00
-0.132601969E-01 0.000000000E+00-0.136350077E-01 0.000000000E+00 0.000000000E+00
 0.276175427E+01 0.276417637E+01 0.276651049E+01 0.276875854E+01 0.277092266E+01
 0.277300453E+01 0.277500582E+01 0.277692819E+01 0.277877378E+01 0.278054428E+01
 0.278224111E+01 0.278386641E+01 0.278542161E+01 0.278690863E+01 0.278832912E+01
 0.278968477E+01 0.279097748E+01 0.279220867E+01 0.279338026E+01 0.279449368E+01
 0.279555035E+01 0.279655266E+01 0.279750204E+01 0.279839969E+01 0.279924774E+01
 0.280004764E+01 0.280080104E+01 0.280150962E+01 0.280217505E+01 0.280279875E+01
 0.280338264E+01 0.280392838E+01 0.280443692E+01 0.280491066E+01 0.280535078E+01
 0.280575943E+01 0.280613732E+01 0.280648685E+01 0.280680919E+01 0.280710626E+01
 0.280737925E+01 0.280763006E+01 0.280786037E+01 0.280807161E+01 0.280826545E+01
 0.280844331E+01 0.280860710E+01 0.280875826E+01 0.280889797E+01 0.280902863E+01
 0.280915117E+01 0.280926776E+01 0.280937958E+01 0.280948830E+01 0.280959558E+01
 0.280970287E+01 0.280981207E+01 0.280992413E+01 0.281004143E+01 0.281016541E+01
 0.281029701E+01 0.281043863E+01 0.281059122E+01 0.281075692E+01 0.281093693E+01
 0.101854547E+06 0.990831250E+05 0.963491719E+05 0.936526641E+05 0.909936094E+05
 0.883720312E+05 0.857879062E+05 0.832412344E+05 0.807320156E+05 0.782602656E+05
 0.758259688E+05 0.734291328E+05 0.710697500E+05 0.687478281E+05 0.664633750E+05
 0.642163711E+05 0.620068281E+05 0.598347422E+05 0.577001172E+05 0.556029492E+05
 0.535432422E+05 0.515209922E+05 0.495361953E+05 0.475888633E+05 0.456789844E+05
 0.438065703E+05 0.419716133E+05 0.401741133E+05 0.384140703E+05 0.366914922E+05
 0.350063672E+05 0.333587031E+05 0.317484941E+05 0.301757461E+05 0.286404570E+05
 0.271426250E+05 0.256822539E+05 0.242593398E+05 0.228738848E+05 0.215258867E+05
 0.202153477E+05 0.189422695E+05 0.177066484E+05 0.165084844E+05 0.153477822E+05
 0.142245371E+05 0.131387500E+05 0.120904219E+05 0.110795518E+05 0.101061406E+05
 0.917018750E+04 0.827169336E+04 0.741065820E+04 0.658708105E+04 0.580096289E+04
 0.505230371E+04 0.434110205E+04 0.366735938E+04 0.303107520E+04 0.243224951E+04
 0.187088257E+04 0.134697412E+04 0.860524170E+03 0.411532776E+03 0.000000000E+00
 0.245963955E+01 0.237324381E+01 0.228846502E+01 0.220530367E+01 0.212375927E+01
 0.204383206E+01 0.196552205E+01 0.188882923E+01 0.181375360E+01 0.174029529E+01
 0.166845405E+01 0.159823012E+01 0.152962327E+01 0.146263361E+01 0.139726114E+01
 0.133350587E+01 0.127136779E+01 0.121084690E+01 0.115194321E+01 0.109465671E+01
 0.103898728E+01 0.984935164E+00 0.932500184E+00 0.881682396E+00 0.832481861E+00
 0.784898400E+00 0.738932192E+00 0.694583178E+00 0.651851296E+00 0.610736609E+00
 0.571239233E+00 0.533358932E+00 0.497095793E+00 0.462449908E+00 0.429421186E+00
 0.398009628E+00 0.368215263E+00 0.340038121E+00 0.313478142E+00 0.288535357E+00
 0.265209734E+00 0.243501320E+00 0.223410100E+00 0.204936057E+00 0.188079193E+00
 0.172839522E+00 0.159217045E+00 0.147211745E+00 0.136823639E+00 0.128052711E+00
 0.120898969E+00 0.115362421E+00 0.111443058E+00 0.109140888E+00 0.108455896E+00
 0.109388091E+00 0.111937471E+00 0.116104037E+00 0.121887803E+00 0.129288748E+00
 0.138306886E+00 0.148942202E+00 0.161194682E+00 0.175064385E+00 0.190551266E+00
-0.100756750E+07-0.994040812E+06-0.980514125E+06-0.966987500E+06-0.953460875E+06
-0.939934250E+06-0.926407562E+06-0.912880875E+06-0.899354250E+06-0.885827625E+06
-0.872301000E+06-0.858774312E+06-0.845247625E+06-0.831721000E+06-0.818194375E+06
-0.804667750E+06-0.791141062E+06-0.777614375E+06-0.764087750E+06-0.750561125E+06
-0.737034500E+06-0.723507875E+06-0.709981188E+06-0.696454500E+06-0.682927875E+06
-0.669401250E+06-0.655874625E+06-0.642347938E+06-0.628821250E+06-0.615294625E+06
-0.601768000E+06-0.588241375E+06-0.574714688E+06-0.561188000E+06-0.547661375E+06
-0.534134750E+06-0.520608062E+06-0.507081438E+06-0.493554781E+06-0.480028125E+06
-0.466501469E+06-0.452974812E+06-0.439448188E+06-0.425921531E+06-0.412394875E+06
-0.398868250E+06-0.385341562E+06-0.371814938E+06-0.358288281E+06-0.344761625E+06
-0.331235000E+06-0.317708312E+06-0.304181688E+06-0.290655031E+06-0.277128375E+06
-0.263601750E+06-0.250075094E+06-0.236548438E+06-0.223021781E+06-0.209495125E+06
-0.195968484E+06-0.182441844E+06-0.168915188E+06-0.155388531E+06-0.141861891E+06
 1.523149293e-02 1.267852262e-02 1.009215228e-02 7.433266845e-03 4.672668874e-03
 1.784401364e-03-1.267747837e-03-4.546128679e-03-8.069483563e-03-1.192639209e-02
-1.666119508e-02-2.295856923e-02-2.954894304e-02-3.385473043e-02-3.639131039e-02
-3.736866638e-02-3.682801872e-02-3.470856696e-02-3.081395291e-02-2.472336590e-02
-1.562273130e-02-6.093873642e-03 1.900132280e-03 9.040137753e-03 1.570995525e-02
 2.214918658e-02 2.853289247e-02 3.501382843e-02 4.175307602e-02 4.892491922e-02
 5.564579740e-02 6.163502485e-02 6.699869037e-02 7.168638706e-02 7.566629350e-02
 7.883569598e-02 8.154553175e-02 8.473858237e-02 8.827722073e-02 9.207959473e-02
 9.609784186e-02 1.003022194e-01 1.046708971e-01 1.091839820e-01 1.138206571e-01
 1.185581237e-01 1.233712137e-01 1.282324493e-01 1.331120431e-01 1.379781365e-01
 1.427971125e-01 1.475339830e-01 1.521531940e-01 1.566193402e-01 1.608982384e-01
 1.649580449e-01 1.687703729e-01 1.723113060e-01 1.755622625e-01 1.785106063e-01
 1.811498404e-01 1.834796071e-01 1.855052114e-01 1.872369647e-01 1.886892021e-01
 1.084302925e-02 8.022606373e-03 5.262527615e-03 2.531687031e-03-2.081728599e-04
-2.998196986e-03-5.825965665e-03-8.659641258e-03-1.156756654e-02-1.465233136e-02
-1.823784411e-02-2.242863551e-02-2.650601789e-02-2.947930992e-02-3.121732734e-02
-3.171373159e-02-3.094284236e-02-2.883845568e-02-2.529039979e-02-2.016029879e-02
-1.343195140e-02-6.126750261e-03 8.299980545e-04 7.443237118e-03 1.383414306e-02
 2.012693137e-02 2.643984929e-02 3.289391100e-02 3.963061795e-02 4.680605978e-02
 5.357198045e-02 5.963958055e-02 6.510505080e-02 6.995326281e-02 7.414419204e-02
 7.756951451e-02 8.061189204e-02 8.416742831e-02 8.810816705e-02 9.235178679e-02
 9.684716165e-02 1.015596986e-01 1.064631045e-01 1.115343571e-01 1.167506948e-01
 1.220877990e-01 1.275186837e-01 1.330130994e-01 1.385371387e-01 1.440532207e-01
 1.495202780e-01 1.548943073e-01 1.601292193e-01 1.651781201e-01 1.699950099e-01
 1.745364964e-01 1.787638068e-01 1.826446354e-01 1.861546338e-01 1.892785132e-01
 1.920102835e-01 1.943532526e-01 1.963189244e-01 1.979259253e-01 1.991981566e-01
 5.836073309e-03 2.834724728e-03 3.212527372e-05-2.611707430e-03-5.154964980e-03
-7.484344766e-03-9.628625587e-03-1.164491568e-02-1.357658301e-02-1.557921432e-02
-1.768430509e-02-1.977831125e-02-2.163591236e-02-2.299973182e-02-2.367262915e-02
-2.353065833e-02-2.249642275e-02-2.052176371e-02-1.759068854e-02-1.374500804e-02
-9.125602432e-03-3.974513151e-03 1.463719876e-03 7.038585842e-03 1.269277837e-02
 1.842417940e-02 2.425733209e-02 3.022646159e-02 3.635972738e-02 4.261942208e-02
 4.872743785e-02 5.450080335e-02 5.991265923e-02 6.495507061e-02 6.962349266e-02
 7.394076884e-02 7.812972367e-02 8.250049502e-02 8.711485565e-02 9.197342396e-02
 9.706624597e-02 1.023804545e-01 1.079016551e-01 1.136136129e-01 1.194974557e-01
 1.255307794e-01 1.316867471e-01 1.379333287e-01 1.442326605e-01 1.505406946e-01
 1.568069905e-01 1.629753113e-01 1.689845026e-01 1.747704744e-01 1.802686453e-01
 1.854171604e-01 1.901603639e-01 1.944522411e-01 1.982592940e-01 2.015624046e-01
 2.043574750e-01 2.066548765e-01 2.084776461e-01 2.098587602e-01 2.108381987e-01
-2.597802959e-04-3.431653604e-03-6.104164291e-03-8.339639753e-03-1.024715230e-02
-1.175975613e-02-1.296642050e-02-1.404682361e-02-1.510739699e-02-1.616030559e-02
-1.717728376e-02-1.808836870e-02-1.878979057e-02-1.916303113e-02-1.909640804e-02
-1.849912480e-02-1.730667427e-02-1.548278797e-02-1.302239392e-02-9.955708869e-03
-6.348799914e-03-2.293756697e-03 2.111970913e-03 6.786231883e-03 1.167169865e-02
 1.673365012e-02 2.195142768e-02 2.730725147e-02 3.277325630e-02 3.829962015e-02
 4.381720722e-02 4.926217720e-02 5.459590256e-02 5.980700999e-02 6.491069496e-02
 6.995306164e-02 7.501065731e-02 8.016806841e-02 8.548954874e-02 9.101301432e-02
 9.675759077e-02 1.027306914e-01 1.089320183e-01 1.153553277e-01 1.219889000e-01
 1.288152039e-01 1.358102113e-01 1.429422796e-01 1.501709819e-01 1.574459523e-01
 1.647059917e-01 1.718787849e-01 1.788817346e-01 1.856242120e-01 1.920115650e-01
 1.979507059e-01 2.033567727e-01 2.081598788e-01 2.123108208e-01 2.157848775e-01
 2.185828686e-01 2.207295895e-01 2.222698033e-01 2.232626379e-01 2.237755209e-01
-8.444144391e-03-1.197158732e-02-1.415774040e-02-1.531376131e-02-1.591778360e-02
-1.619137079e-02-1.636432856e-02-1.652525365e-02-1.670617610e-02-1.690269634e-02
-1.708319597e-02-1.719480939e-02-1.716991141e-02-1.693409309e-02-1.641459577e-02
-1.554756984e-02-1.428329293e-02-1.258951519e-02-1.045330800e-02-7.881313562e-03
-4.897708073e-03-1.539402641e-03 2.150759101e-03 6.130698137e-03 1.036350615e-02
 1.481860317e-02 1.947013661e-02 2.429379523e-02 2.926361188e-02 3.435057774e-02
 3.952470422e-02 4.476011544e-02 5.004055053e-02 5.536288023e-02 6.073854864e-02
 6.619288027e-02 7.176165283e-02 7.748484612e-02 8.339987695e-02 8.953732252e-02
 9.591972828e-02 1.025621742e-01 1.094731539e-01 1.166552305e-01 1.241049916e-01
 1.318124831e-01 1.397600472e-01 1.479205787e-01 1.562552005e-01 1.647104770e-01
 1.732155085e-01 1.816793382e-01 1.899899244e-01 1.980156749e-01 2.056112289e-01
 2.126276493e-01 2.189259976e-01 2.243916839e-01 2.289467454e-01 2.325576395e-01
 2.352373451e-01 2.370413393e-01 2.380580455e-01 2.383960783e-01 2.381712943e-01
-2.133910358e-02-2.677685581e-02-2.601718158e-02-2.380328998e-02-2.214531600e-02
-2.081598714e-02-1.974949613e-02-1.890245080e-02-1.823253185e-02-1.769259572e-02
-1.722931862e-02-1.678388193e-02-1.629400253e-02-1.569692045e-02-1.493282244e-02
-1.394819003e-02-1.269858237e-02-1.115061343e-02-9.282927960e-03-7.086082362e-03
-4.561320413e-03-1.718362095e-03 1.427401323e-03 4.857704043e-03 8.553599939e-03
 1.249670237e-02 1.666952297e-02 2.105522528e-02 2.563738078e-02 3.040024266e-02
 3.532981128e-02 4.041560739e-02 4.565257207e-02 5.104248971e-02 5.659460649e-02
 6.232512370e-02 6.825570017e-02 7.441115379e-02 8.081699908e-02 8.749744296e-02
 9.447403252e-02 1.017651036e-01 1.093854383e-01 1.173460186e-01 1.256535500e-01
 1.343095005e-01 1.433085203e-01 1.526359022e-01 1.622639596e-01 1.721467674e-01
 1.822132319e-01 1.923588812e-01 2.024375796e-01 2.122568488e-01 2.215826511e-01
 2.301583588e-01 2.377365828e-01 2.441132069e-01 2.491538823e-01 2.528100908e-01
 2.551240325e-01 2.562202215e-01 2.562816143e-01 2.555163205e-01 2.541274428e-01
-3.088718280e-02-3.741122782e-02-3.528144956e-02-3.068506159e-02-2.715281397e-02
-2.441417053e-02-2.226871252e-02-2.057866007e-02-1.923943125e-02-1.816358790e-02
-1.727296039e-02-1.649506390e-02-1.576183364e-02-1.500958763e-02-1.417971309e-02
-1.321971603e-02-1.208432950e-02-1.073647849e-02-9.147673845e-03-7.297708653e-03
-5.173926242e-03-2.770124003e-03-8.523181896e-05 2.878068481e-03 6.114603020e-03
 9.617729113e-03 1.338007953e-02 1.739408821e-02 2.165246755e-02 2.614875510e-02
 3.087808751e-02 3.583804518e-02 4.102952778e-02 4.645737261e-02 5.213067681e-02
 5.806262791e-02 6.426995993e-02 7.077207416e-02 7.759010792e-02 8.474604785e-02
 9.226204455e-02 1.001600549e-01 1.084614843e-01 1.171870530e-01 1.263564229e-01
 1.359875649e-01 1.460955888e-01 1.566904485e-01 1.677730680e-01 1.793287396e-01
 1.913161278e-01 2.036493421e-01 2.161713094e-01 2.286196798e-01 2.406016737e-01
 2.516219914e-01 2.611890137e-01 2.689169049e-01 2.745641470e-01 2.780482173e-01
 2.794679701e-01 2.791135311e-01 2.774032354e-01 2.747631669e-01 2.715486288e-01
-3.468989953e-02-4.154247791e-02-3.877904266e-02-3.348446637e-02-2.919872478e-02
-2.576540783e-02-2.304312214e-02-2.090105787e-02-1.922279224e-02-1.790531725e-02
-1.685696468e-02-1.599574275e-02-1.524790563e-02-1.454655454e-02-1.383093186e-02
-1.304613240e-02-1.214327756e-02-1.108090393e-02-9.825196117e-03-8.348555304e-03
-6.629047915e-03-4.649944138e-03-2.399157733e-03 1.314165420e-04 2.946676686e-03
 6.049222313e-03 9.440203197e-03 1.311993599e-02 1.708842814e-02 2.134592272e-02
 2.589351684e-02 3.073377162e-02 3.587125242e-02 4.131298512e-02 4.706868902e-02
 5.315090343e-02 5.957487226e-02 6.635836512e-02 7.352142781e-02 8.108618855e-02
 8.907678723e-02 9.751947224e-02 1.064427793e-01 1.158779860e-01 1.258595884e-01
 1.364257634e-01 1.476189494e-01 1.594858766e-01 1.720769852e-01 1.854438931e-01
 1.996328682e-01 2.146685123e-01 2.305144072e-01 2.469809651e-01 2.635340095e-01
 2.788433433e-01 2.917140126e-01 3.015723228e-01 3.080598116e-01 3.109748662e-01
 3.103186190e-01 3.067350984e-01 3.016095161e-01 2.957985699e-01 2.898222208e-01
-3.347710520e-02-4.029700905e-02-3.764347360e-02-3.225848824e-02-2.785467356e-02
-2.432998642e-02-2.156402543e-02-1.943244040e-02-1.781701669e-02-1.660983823e-02
-1.571345329e-02-1.504271477e-02-1.452408917e-02-1.409064233e-02-1.368111931e-02
-1.323813945e-02-1.270491071e-02-1.203542948e-02-1.119625010e-02-1.015489176e-02
-8.882325143e-03-7.353753783e-03-5.548835732e-03-3.451721743e-03-1.050841413e-03
 1.662578201e-03 4.696025513e-03 8.055903018e-03 1.174761914e-02 1.577597111e-02
 2.014589123e-02 2.486300282e-02 2.993408777e-02 3.536749259e-02 4.117346555e-02
 4.736439511e-02 5.395499989e-02 6.096245348e-02 6.840656698e-02 7.631002367e-02
 8.469873667e-02 9.360244870e-02 1.030555218e-01 1.130980253e-01 1.237773299e-01
 1.351501495e-01 1.472853124e-01 1.602677107e-01 1.742034853e-01 1.892280281e-01
 2.055177093e-01 2.233093679e-01 2.429370433e-01 2.649229765e-01 2.897189856e-01
 3.121454120e-01 3.299302459e-01 3.429419100e-01 3.509014249e-01 3.531801105e-01
 3.495869040e-01 3.391609192e-01 3.275644779e-01 3.168870509e-01 3.072453737e-01
-2.791238949e-02-3.455106914e-02-3.212815151e-02-2.701659501e-02-2.298688516e-02
-1.991105825e-02-1.762783527e-02-1.598829031e-02-1.486321539e-02-1.414372213e-02
-1.372322626e-02-1.351818070e-02-1.347453520e-02-1.352946553e-02-1.362828165e-02
-1.372311637e-02-1.371372305e-02-1.354430616e-02-1.322344504e-02-1.270524971e-02
-1.195118204e-02-1.092801709e-02-9.607385844e-03-7.966795936e-03-5.993511062e-03
-3.678067122e-03-1.007388579e-03 2.030632459e-03 5.445433781e-03 9.243713692e-03
 1.343225501e-02 1.801818609e-02 2.300909907e-02 2.841359749e-02 3.424170613e-02
 4.050521180e-02 4.721796513e-02 5.439615995e-02 6.205869466e-02 7.022768259e-02
 7.892904431e-02 8.819340169e-02 9.805721790e-02 1.085643992e-01 1.197684407e-01
 1.317353696e-01 1.445480287e-01 1.583119929e-01 1.731644571e-01 1.892877072e-01
 2.069302201e-01 2.264412642e-01 2.483278513e-01 2.733391821e-01 3.025137782e-01
 3.324380517e-01 3.557075858e-01 3.722308278e-01 3.821508884e-01 3.853583932e-01
 3.808740377e-01 3.681289852e-01 3.494939208e-01 3.337795138e-01 3.206521273e-01
-1.781855337e-02-2.423700131e-02-2.167335153e-02-1.734074950e-02-1.439674012e-02
-1.245971583e-02-1.126619987e-02-1.063098945e-02-1.042075269e-02-1.053472515e-02
-1.089224685e-02-1.142836455e-02-1.209022384e-02-1.283075660e-02-1.360720582e-02
-1.437891554e-02-1.505062915e-02-1.557846647e-02-1.592547633e-02-1.605150849e-02
-1.591631770e-02-1.548033394e-02-1.470395923e-02-1.354490221e-02-1.201267168e-02
-1.012149639e-02-7.836403325e-03-5.133660510e-03-1.999725355e-03 1.563952770e-03
 5.565076135e-03 1.001190767e-02 1.491095964e-02 2.026971802e-02 2.609688602e-02
 3.240276873e-02 3.919944912e-02 4.650101811e-02 5.432400107e-02 6.268787384e-02
 7.161583006e-02 8.113560081e-02 9.128065407e-02 1.020917147e-01 1.136187166e-01
 1.259235442e-01 1.390836686e-01 1.531972289e-01 1.683899164e-01 1.848248243e-01
 2.027156651e-01 2.223444134e-01 2.440823019e-01 2.684099078e-01 2.959300280e-01
 3.271818757e-01 3.538057506e-01 3.729745150e-01 3.849497437e-01 3.898133039e-01
 3.877480924e-01 3.777643740e-01 3.596671522e-01 3.411431313e-01 3.263564706e-01
 2.146877086e-04-4.917023703e-03-4.212312400e-03-2.602665452e-03-2.168153878e-03
-2.345129382e-03-2.918953542e-03-3.779958002e-03-4.859372042e-03-6.107385270e-03
-7.484231144e-03-8.956446312e-03-1.049497724e-02-1.207394339e-02-1.367053948e-02
-1.521486230e-02-1.665566862e-02-1.794558391e-02-1.904004440e-02-1.989574172e-02
-2.047050931e-02-2.072371170e-02-2.061702684e-02-2.011618018e-02-1.919521391e-02
-1.783010364e-02-1.599156857e-02-1.364863664e-02-1.076743379e-02-7.443247363e-03
-3.636706620e-03 6.697566714e-04 5.471927114e-03 1.077537425e-02 1.658626646e-02
 2.291288227e-02 2.976485714e-02 3.715288639e-02 4.508932307e-02 5.358877778e-02
 6.266876310e-02 7.235042751e-02 8.265931159e-02 9.362642467e-02 1.052893922e-01
 1.176940054e-01 1.308959723e-01 1.449631751e-01 1.599779725e-01 1.760397553e-01
 1.932669878e-01 2.117977440e-01 2.317874879e-01 2.534037828e-01 2.768254280e-01
 3.022988439e-01 3.283318281e-01 3.471105993e-01 3.595887423e-01 3.662683666e-01
 3.669266701e-01 3.620415330e-01 3.508001864e-01 3.347079158e-01 3.218384981e-01
 2.593726851e-02 2.419586852e-02 1.954876818e-02 1.524338126e-02 1.192162558e-02
 9.023387916e-03 6.326683797e-03 3.729229793e-03 1.179622486e-03-1.348357066e-03
-3.867037594e-03-6.380537990e-03-8.887900971e-03-1.138490997e-02-1.386519428e-02
-1.626735926e-02-1.854683273e-02-2.065871842e-02-2.255846746e-02-2.420212328e-02
-2.554656565e-02-2.654985711e-02-2.717169747e-02-2.737397701e-02-2.712120116e-02
-2.637977153e-02-2.511750162e-02-2.330512181e-02-2.091943100e-02-1.794997603e-02
-1.437516324e-02-1.016946137e-02-5.459975451e-03-2.101741266e-04 5.578313489e-03
 1.191455405e-02 1.880687103e-02 2.626054361e-02 3.428175300e-02 4.287809879e-02
 5.205915496e-02 6.183674932e-02 7.222528756e-02 8.324205875e-02 9.490744770e-02
 1.072450876e-01 1.202817261e-01 1.340465844e-01 1.485698670e-01 1.638795137e-01
 1.799954176e-01 1.969185472e-01 2.146118581e-01 2.329650223e-01 2.517253458e-01
 2.703470290e-01 2.877269983e-01 3.024122417e-01 3.135328293e-01 3.208129406e-01
 3.242394924e-01 3.239897490e-01 3.205416203e-01 3.149453998e-01 3.086814284e-01
 4.403270781e-02 4.331561178e-02 3.705630451e-02 3.027945384e-02 2.454796061e-02
 1.954263449e-02 1.503361668e-02 1.086502802e-02 6.933080032e-03 3.168358002e-03
-4.758785362e-04-4.031139426e-03-7.518468425e-03-1.095155720e-02-1.433880255e-02
-1.762621477e-02-2.077186294e-02-2.373258024e-02-2.646468207e-02-2.892444655e-02
-3.106847405e-02-3.285399079e-02-3.423910588e-02-3.518305346e-02-3.564638644e-02
-3.559104353e-02-3.498064727e-02-3.378119320e-02-3.196201473e-02-2.949664369e-02
-2.636173740e-02-2.254019305e-02-1.802757010e-02-1.280021202e-02-7.041390520e-03
-7.004211657e-04 6.237765308e-03 1.375903375e-02 2.186160162e-02 3.054429777e-02
 3.980772197e-02 4.965341836e-02 6.008370966e-02 7.110132277e-02 8.270892501e-02
 9.490832686e-02 1.076991558e-01 1.210766509e-01 1.350284517e-01 1.495294571e-01
 1.645341516e-01 1.799653471e-01 1.956976354e-01 2.115346193e-01 2.271809429e-01
 2.422202528e-01 2.561307251e-01 2.683724165e-01 2.785114646e-01 2.862935066e-01
 2.916533351e-01 2.947082520e-01 2.957544625e-01 2.952404022e-01 2.936747372e-01
 5.549534038e-02 5.503338575e-02 4.873903841e-02 4.110890254e-02 3.421933949e-02
 2.795868553e-02 2.220265195e-02 1.684093662e-02 1.178297121e-02 6.957337260e-03
 2.308886964e-03-2.204493620e-03-6.614767015e-03-1.094611082e-02-1.521680690e-02
-1.937301084e-02-2.337319404e-02-2.717464045e-02-3.073403612e-02-3.400787711e-02
-3.695278242e-02-3.952570260e-02-4.168406874e-02-4.338587075e-02-4.458980262e-02
-4.525534809e-02-4.534304887e-02-4.481489956e-02-4.363496602e-02-4.177008942e-02
-3.919090331e-02-3.587356955e-02-3.180222213e-02-2.697107568e-02-2.139599249e-02
-1.507721283e-02-8.017377928e-03-3.976884764e-04 7.814053446e-03 1.660390571e-02
 2.596638724e-02 3.589353338e-02 4.637666792e-02 5.740555748e-02 6.896780431e-02
 8.104777336e-02 9.362486005e-02 1.066711918e-01 1.201483756e-01 1.340031922e-01
 1.481621414e-01 1.625245214e-01 1.769549251e-01 1.912759244e-01 2.052643001e-01
 2.186556756e-01 2.311625183e-01 2.425061017e-01 2.524540126e-01 2.608507872e-01
 2.676346898e-01 2.728412449e-01 2.765942514e-01 2.790839672e-01 2.805332839e-01
 6.346377730e-02 6.312249601e-02 5.655109137e-02 4.850542545e-02 4.102098942e-02
 3.403872997e-02 2.748767473e-02 2.129529417e-02 1.539441012e-02 9.726270102e-03
 4.241241142e-03-1.101760776e-03-6.336349994e-03-1.148991659e-02-1.658502966e-02
-2.155955881e-02-2.637054771e-02-3.097448125e-02-3.532764316e-02-3.938643634e-02
-4.310752824e-02-4.644795135e-02-4.936511070e-02-5.181676894e-02-5.376101285e-02
-5.515624955e-02-5.596131831e-02-5.613570288e-02-5.563991517e-02-5.443609878e-02
-5.248887092e-02-4.976655543e-02-4.624266922e-02-4.189763963e-02-3.672055900e-02
-3.070829436e-02-2.387129515e-02-1.624334231e-02-7.849412970e-03 1.089335536e-03
 1.060028002e-02 2.065958828e-02 3.125040978e-02 4.235164076e-02 5.393937975e-02
 6.598610431e-02 7.845896482e-02 9.131775051e-02 1.045124680e-01 1.179806441e-01
 1.316442192e-01 1.454066038e-01 1.591500938e-01 1.727347970e-01 1.860005260e-01
 1.987721622e-01 2.108700722e-01 2.221238762e-01 2.323875576e-01 2.415525019e-01
 2.495559752e-01 2.563837171e-01 2.620663047e-01 2.666704059e-01 2.702862322e-01
 6.846060604e-02 6.812119484e-02 6.133504212e-02 5.309120938e-02 4.531462491e-02
 3.794278204e-02 3.091647476e-02 2.417951450e-02 1.768087223e-02 1.137511991e-02
 5.222339183e-03-8.121833089e-04-6.758238189e-03-1.264074538e-02-1.847906038e-02
-2.419802174e-02-2.975276671e-02-3.509812802e-02-4.018931463e-02-4.498220235e-02
-4.943339527e-02-5.350018293e-02-5.714039132e-02-6.031221151e-02-6.297400594e-02
-6.508415937e-02-6.660099328e-02-6.748282164e-02-6.768806279e-02-6.717564166e-02
-6.590556353e-02-6.383979321e-02-6.094339490e-02-5.718594790e-02-5.254335329e-02
-4.699987918e-02-4.055144638e-02-3.320940584e-02-2.500320785e-02-1.599132270e-02
-6.226899102e-03 4.043049179e-03 1.483339816e-02 2.610686794e-02 3.783073276e-02
 4.997148365e-02 6.249099970e-02 7.534487545e-02 8.848099411e-02 1.018381938e-01
 1.153448373e-01 1.289176792e-01 1.424612999e-01 1.558686495e-01 1.690227985e-01
 1.818005741e-01 1.940776110e-01 2.057344913e-01 2.166630924e-01 2.267720550e-01
 2.359905541e-01 2.442698330e-01 2.515827417e-01 2.579217553e-01 2.632960081e-01
 7.044625282e-02 6.993748993e-02 6.339038908e-02 5.521128699e-02 4.742503911e-02
 3.993698955e-02 3.268422931e-02 2.562411502e-02 1.872239262e-02 1.194859855e-02
 5.274514668e-03-1.326342928e-03-7.879056968e-03-1.440786757e-02-2.088629268e-02
-2.725959197e-02-3.347631544e-02-3.948745131e-02-4.524607211e-02-5.070703477e-02
-5.582673103e-02-6.056279689e-02-6.487377733e-02-6.871874630e-02-7.205701619e-02
-7.484773546e-02-7.704967260e-02-7.862106711e-02-7.951953262e-02-7.970225066e-02
-7.912624627e-02-7.774902880e-02-7.552944124e-02-7.242888212e-02-6.841298938e-02
-6.345368922e-02-5.753199011e-02-5.064117163e-02-4.279053956e-02-3.400978446e-02
-2.435220964e-02-1.390692592e-02-2.768753096e-03 8.806772530e-03 2.079722472e-02
 3.317657113e-02 4.590733349e-02 5.894557014e-02 7.224197686e-02 8.574159443e-02
 9.938326478e-02 1.130991578e-01 1.268146932e-01 1.404489428e-01 1.539156437e-01
 1.671246588e-01 1.799840182e-01 1.924018115e-01 2.042879462e-01 2.155554295e-01
 2.261207402e-01 2.359040529e-01 2.448296845e-01 2.528277040e-01 2.598373294e-01
 6.968603283e-02 6.867672503e-02 6.262171268e-02 5.519456416e-02 4.778116196e-02
 4.041148350e-02 3.310794011e-02 2.587438002e-02 1.870472729e-02 1.158724912e-02
 4.506878089e-03-2.553394996e-03-9.611718357e-03-1.668709889e-02-2.372581512e-02
-3.067048267e-02-3.746677190e-02-4.406340420e-02-5.041196197e-02-5.646664649e-02
-6.218386441e-02-6.752185524e-02-7.244013250e-02-7.689907402e-02-8.085937053e-02
-8.428155631e-02-8.712559193e-02-8.935051411e-02-9.091421962e-02-9.177337587e-02
-9.188351035e-02-9.119938314e-02-8.967556059e-02-8.726738393e-02-8.393232524e-02
-7.963176817e-02-7.433336973e-02-6.801389158e-02-6.066261232e-02-5.228511989e-02
-4.290733114e-02-3.257953748e-02-2.137761749e-02-9.408459067e-03 2.951358678e-03
 1.571085118e-02 2.881512232e-02 4.221685976e-02 5.587039888e-02 6.972901523e-02
 8.374358714e-02 9.786203504e-02 1.120290458e-01 1.261861920e-01 1.402720511e-01
 1.542224288e-01 1.679701060e-01 1.814442575e-01 1.945687532e-01 2.072596103e-01
 2.194213122e-01 2.309429944e-01 2.416960895e-01 2.515363395e-01 2.603132427e-01
 6.845268607e-02 6.703579426e-02 6.139132753e-02 5.438116193e-02 4.720165581e-02
 3.992000967e-02 3.258812428e-02 2.523190901e-02 1.786087267e-02 1.047463343e-02
 3.066761652e-03-4.372844007e-03-1.185616106e-02-1.939513907e-02-2.691086754e-02
-3.434351832e-02-4.163657129e-02-4.873713106e-02-5.559581518e-02-6.216653809e-02
-6.840603054e-02-7.427336276e-02-7.972931862e-02-8.473583311e-02-8.925533295e-02
-9.325013310e-02-9.668192267e-02-9.951119870e-02-1.016969383e-01-1.031963080e-01
-1.039645374e-01-1.039550453e-01-1.031197906e-01-1.014098972e-01-9.877673537e-02
-9.517329931e-02-9.055624902e-02-8.488833904e-02-7.814159989e-02-7.030110061e-02
-6.136939675e-02-5.137178302e-02-4.036253691e-02-2.843345329e-02-1.572581753e-02
-2.382611856e-03 1.126936264e-02 2.520073391e-02 3.937930614e-02 5.377127230e-02
 6.834171712e-02 8.305491507e-02 9.787455201e-02 1.127637923e-01 1.276853085e-01
 1.426007748e-01 1.574699283e-01 1.722480655e-01 1.868823618e-01 2.013052702e-01
 2.154246867e-01 2.291104645e-01 2.421782762e-01 2.543777227e-01 2.654011250e-01
 6.793686748e-02 6.640065461e-02 6.063060462e-02 5.346820131e-02 4.620860890e-02
 3.886285424e-02 3.144190088e-02 2.395445108e-02 1.640419103e-02 8.789705113e-03
 1.105282106e-03-6.658290513e-03-1.451328211e-02-2.243116871e-02-3.034212813e-02
-3.818198293e-02-4.589162022e-02-5.341666937e-02-6.070710346e-02-6.771685183e-02
-7.440324128e-02-8.072640002e-02-8.664857596e-02-9.213344008e-02-9.714537859e-02
-1.016487703e-01-1.056073308e-01-1.089835018e-01-1.117378771e-01-1.138288677e-01
-1.152122989e-01-1.158414185e-01-1.156669036e-01-1.146373004e-01-1.126997173e-01
-1.098009050e-01-1.058888212e-01-1.009147912e-01-9.483619034e-02-8.761990815e-02
-7.924646884e-02-6.971497089e-02-5.904860795e-02-4.730052501e-02-3.455883637e-02
-2.094808221e-02-6.639004685e-03 7.939979434e-03 2.276580408e-02 3.781576082e-02
 5.306811631e-02 6.850272417e-02 8.410163224e-02 9.984958172e-02 1.157344133e-01
 1.317471266e-01 1.478812695e-01 1.641312838e-01 1.804889143e-01 1.969361603e-01
 2.134322524e-01 2.298896164e-01 2.461299300e-01 2.618035674e-01 2.762613893e-01
 6.720436364e-02 6.555819511e-02 5.945698917e-02 5.216499418e-02 4.479939491e-02
 3.735262156e-02 2.982178330e-02 2.220328525e-02 1.449225470e-02 6.682179868e-03
-1.235221745e-03-9.270029142e-03-1.743428595e-02-2.567028999e-02-3.390832990e-02
-4.208360612e-02-5.013636500e-02-5.801189691e-02-6.566023827e-02-7.303580642e-02
-8.009681106e-02-8.680465072e-02-9.312318265e-02-9.901793301e-02-1.044553295e-01
-1.094019562e-01-1.138237491e-01-1.176852956e-01-1.209492385e-01-1.235756576e-01
-1.255216897e-01-1.267412007e-01-1.271847188e-01-1.267995089e-01-1.255300492e-01
-1.233187318e-01-1.201070845e-01-1.158374548e-01-1.104553044e-01-1.039121300e-01
-9.616924822e-02-8.720218390e-02-7.700594515e-02-6.560079008e-02-5.303839967e-02
-3.940822557e-02-2.484454215e-02-9.532612748e-03 6.023551337e-03 2.181019075e-02
 3.781663626e-02 5.403627455e-02 7.046762854e-02 8.711560816e-02 1.039928347e-01
 1.211211234e-01 1.385329515e-01 1.562729031e-01 1.743987799e-01 1.929819733e-01
 2.121059000e-01 2.318598628e-01 2.523180246e-01 2.734404206e-01 2.941046357e-01
 6.564477086e-02 6.383597851e-02 5.777367577e-02 5.039057508e-02 4.294174910e-02
 3.541551903e-02 2.779786289e-02 2.007542923e-02 1.223593950e-02 4.267947283e-03
-3.839493264e-03-1.209688373e-02-2.051365748e-02-2.900684625e-02-3.750794753e-02
-4.595259205e-02-5.428126827e-02-6.243956089e-02-7.037804276e-02-7.805192471e-02
-8.542053401e-02-9.244665504e-02-9.909578413e-02-1.053353399e-01-1.111338437e-01
-1.164600402e-01-1.212821305e-01-1.255670041e-01-1.292794645e-01-1.323815882e-01
-1.348322630e-01-1.365865767e-01-1.375956833e-01-1.378066838e-01-1.371627450e-01
-1.356035471e-01-1.330662072e-01-1.294864714e-01-1.248006374e-01-1.189480424e-01
-1.118742675e-01-1.035352200e-01-9.390206635e-02-8.296702802e-02-7.074993849e-02
-5.730546266e-02-4.273077101e-02-2.717287093e-02-1.083497517e-02 5.728391930e-03
 2.251441032e-02 3.952632844e-02 5.677505955e-02 7.428112626e-02 9.207708389e-02
 1.102104783e-01 1.287477762e-01 1.477795839e-01 1.674278975e-01 1.878566444e-01
 2.092878222e-01 2.320291400e-01 2.565285265e-01 2.834992111e-01 3.116982877e-01
 6.360321492e-02 6.163378805e-02 5.550642312e-02 4.808156565e-02 4.061444476e-02
 3.307261318e-02 2.542581037e-02 1.765080728e-02 9.729662910e-03 1.647633268e-03
-6.608508993e-03-1.505179703e-02-2.365524508e-02-3.234378994e-02-4.104729742e-02
-4.970080033e-02-5.824476853e-02-6.662511826e-02-7.479305565e-02-8.270470798e-02
-9.032057226e-02-9.760482609e-02-1.045245975e-01-1.110491306e-01-1.171489060e-01
-1.227948144e-01-1.279572695e-01-1.326053739e-01-1.367062032e-01-1.402239650e-01
-1.431194544e-01-1.453494728e-01-1.468663514e-01-1.476177722e-01-1.475466788e-01
-1.465914547e-01-1.446864754e-01-1.417631209e-01-1.377510726e-01-1.325805336e-01
-1.261849701e-01-1.185046732e-01-1.094914526e-01-9.911411256e-02-8.736499399e-02
-7.426749170e-02-5.988415703e-02-4.432505742e-02-2.775567397e-02-1.040343381e-02
 7.153168321e-03 2.492196485e-02 4.291984066e-02 6.117510423e-02 7.973040640e-02
 9.864638746e-02 1.180065572e-01 1.379242092e-01 1.585521996e-01 1.800971925e-01
 2.028398067e-01 2.271620631e-01 2.535795569e-01 2.827628851e-01 3.140492439e-01
 6.101763994e-02 5.888923258e-02 5.246443301e-02 4.515086114e-02 3.781899437e-02
 3.037950397e-02 2.279069647e-02 1.502968371e-02 7.081329823e-03-1.066309749e-03
-9.424105287e-03-1.800309308e-02-2.674687654e-02-3.558107093e-02-4.443573579e-02
-5.324609950e-02-6.195295602e-02-7.050275058e-02-7.884743810e-02-8.694410324e-02
-9.475435317e-02-1.022437662e-01-1.093809754e-01-1.161369160e-01-1.224839240e-01
-1.283948570e-01-1.338422000e-01-1.387972087e-01-1.432290822e-01-1.471042335e-01
-1.503854394e-01-1.530313790e-01-1.549959779e-01-1.562280804e-01-1.566711664e-01
-1.562633961e-01-1.549378783e-01-1.526232958e-01-1.492450833e-01-1.447269917e-01
-1.389936209e-01-1.319734901e-01-1.236032322e-01-1.138328314e-01-1.026319265e-01
-8.999726176e-02-7.596100867e-02-6.059984863e-02-4.404394329e-02-2.648530714e-02
-8.184239268e-03 1.028435118e-02 2.893561497e-02 4.779605940e-02 6.690669805e-02
 8.632544428e-02 1.061306149e-01 1.264262199e-01 1.473498046e-01 1.690838039e-01
 1.918724179e-01 2.160474807e-01 2.420683950e-01 2.705802321e-01 3.011305332e-01
 5.634967983e-02 5.363954231e-02 4.826445132e-02 4.167313129e-02 3.472527117e-02
 2.751133218e-02 2.005305700e-02 1.235653646e-02 4.421759397e-03-3.754328005e-03
-1.217638701e-02-2.084946260e-02-2.969151735e-02-3.862865269e-02-4.759122059e-02
-5.651476979e-02-6.534053385e-02-7.401554286e-02-8.249251544e-02-9.072944522e-02
-9.868904948e-02-1.063381284e-01-1.136467010e-01-1.205872446e-01-1.271337569e-01
-1.332608461e-01-1.389428973e-01-1.441531479e-01-1.488627940e-01-1.530402750e-01
-1.566504389e-01-1.596538424e-01-1.620062292e-01-1.636578739e-01-1.645534188e-01
-1.646315455e-01-1.638251543e-01-1.620617211e-01-1.592641473e-01-1.553521305e-01
-1.502441168e-01-1.438601613e-01-1.361256242e-01-1.269759834e-01-1.163628995e-01
-1.042613536e-01-9.067814052e-02-7.566115260e-02-5.930928141e-02-4.178220034e-02
-2.330896258e-02-4.194186069e-03 1.501819491e-02 3.434254974e-02 5.381071568e-02
 7.346674800e-02 9.336671233e-02 1.135801971e-01 1.341926754e-01 1.553082913e-01
 1.770534813e-01 1.995823234e-01 2.230901122e-01 2.478727400e-01 2.739297748e-01
 5.309323594e-02 5.016985908e-02 4.485527799e-02 3.852777556e-02 3.182320297e-02
 2.478343993e-02 1.743907854e-02 9.806973860e-03 1.894683344e-03-6.296152249e-03
-1.476795971e-02-2.349605411e-02-3.240024298e-02-4.140508920e-02-5.044043809e-02
-5.944184214e-02-6.835088134e-02-7.711511850e-02-8.568798751e-02-9.402833134e-02
-1.020998582e-01-1.098704487e-01-1.173113585e-01-1.243964061e-01-1.311010122e-01
-1.374013722e-01-1.432735175e-01-1.486923993e-01-1.536310613e-01-1.580598056e-01
-1.619453877e-01-1.652502418e-01-1.679318845e-01-1.699423194e-01-1.712275296e-01
-1.717272997e-01-1.713750064e-01-1.700980067e-01-1.678180695e-01-1.644525826e-01
-1.599161476e-01-1.541230679e-01-1.469907314e-01-1.384439766e-01-1.284207255e-01
-1.168789864e-01-1.038050130e-01-8.922269195e-02-7.320389897e-02-5.587915704e-02
-3.744816780e-02-1.818963885e-02 1.529105706e-03 2.120214887e-02 4.087131470e-02
 6.056811288e-02 8.032131195e-02 1.001583785e-01 1.201034039e-01 1.401714236e-01
 1.603569090e-01 1.806106716e-01 2.007910013e-01 2.205563635e-01 2.391875237e-01
 5.088990927e-02 4.786144197e-02 4.238584638e-02 3.605459630e-02 2.939716354e-02
 2.241837978e-02 1.512697432e-02 7.529634982e-03-3.701779351e-04-8.572231978e-03
-1.707914844e-02-2.584431693e-02-3.478840366e-02-4.383643344e-02-5.291865021e-02
-6.197108328e-02-7.093583047e-02-7.976110280e-02-8.840103447e-02-9.681525081e-02
-1.049683392e-01-1.128291190e-01-1.203699037e-01-1.275656223e-01-1.343929321e-01
-1.408293247e-01-1.468522549e-01-1.524381638e-01-1.575616598e-01-1.621947289e-01
-1.663057804e-01-1.698589921e-01-1.728136241e-01-1.751233190e-01-1.767356098e-01
-1.775915325e-01-1.776255518e-01-1.767654568e-01-1.749329120e-01-1.720442772e-01
-1.680120230e-01-1.627469361e-01-1.561610699e-01-1.481718123e-01-1.387072653e-01
-1.277126074e-01-1.151582077e-01-1.010486111e-01-8.543269336e-02-6.841388345e-02
-5.015943944e-02-3.090647422e-02-1.096049231e-02 8.901896887e-03 2.865047380e-02
 4.827653617e-02 6.777556241e-02 8.713854104e-02 1.063450128e-01 1.253547668e-01
 1.440960020e-01 1.624487340e-01 1.802231967e-01 1.971403062e-01 2.128345370e-01
 4.899814725e-02 4.586535692e-02 4.044214636e-02 3.408992290e-02 2.743163332e-02
 2.046649903e-02 1.319274399e-02 5.608777516e-03-2.287565731e-03-1.049949601e-02
-1.903152466e-02-2.782052942e-02-3.678875044e-02-4.586237669e-02-5.497257411e-02
-6.405614316e-02-7.305590808e-02-8.192072809e-02-9.060545266e-02-9.907038510e-02
-1.072808802e-01-1.152065322e-01-1.228205115e-01-1.300986409e-01-1.370185912e-01
-1.435588896e-01-1.496981382e-01-1.554139853e-01-1.606824100e-01-1.654767096e-01
-1.697667837e-01-1.735183001e-01-1.766920686e-01-1.792432368e-01-1.811207980e-01
-1.822672337e-01-1.826181114e-01-1.821021438e-01-1.806414574e-01-1.781522632e-01
-1.745461076e-01-1.697318554e-01-1.636183262e-01-1.561181247e-01-1.471526474e-01
-1.366582364e-01-1.245939881e-01-1.109507531e-01-9.576143324e-02-7.911224663e-02
-6.115425378e-02-4.211521894e-02-2.231218293e-02-2.169007435e-03 1.767278090e-02
 3.722579777e-02 5.648217350e-02 7.541957498e-02 9.400037676e-02 1.121678203e-01
 1.298407167e-01 1.469078809e-01 1.632244885e-01 1.786137521e-01 1.928780228e-01
 4.760442302e-02 4.440715909e-02 3.891494125e-02 3.253930807e-02 2.587736771e-02
 1.891953126e-02 1.165728271e-02 4.083410837e-03-3.808417125e-03-1.202422194e-02
-2.057024464e-02-2.937111631e-02-3.835070506e-02-4.743645340e-02-5.656050891e-02
-6.566046178e-02-7.467982918e-02-8.356809616e-02-9.228067100e-02-1.007784456e-01
-1.090273112e-01-1.169975251e-01-1.246628389e-01-1.319997907e-01-1.389867812e-01
-1.456031501e-01-1.518283486e-01-1.576410085e-01-1.630180627e-01-1.679339260e-01
-1.723596603e-01-1.762621701e-01-1.796034575e-01-1.823400557e-01-1.844222248e-01
-1.857936829e-01-1.863911748e-01-1.861443818e-01-1.849761903e-01-1.828031540e-01
-1.795366704e-01-1.750847548e-01-1.693544984e-01-1.622556746e-01-1.537054479e-01
-1.436344236e-01-1.319940239e-01-1.187654659e-01-1.039698571e-01-8.767920732e-02
-7.002739608e-02-5.121982098e-02-3.153903037e-02-1.134114712e-02 8.524685167e-03
 2.800771222e-02 4.707453772e-02 6.569163501e-02 8.381723613e-02 1.013969630e-01
 1.183612645e-01 1.346244514e-01 1.500859261e-01 1.646341980e-01 1.781546026e-01
 4.651958123e-02 4.327481240e-02 3.770826012e-02 3.133687377e-02 2.469673753e-02
 1.776569150e-02 1.052897051e-02 2.975966549e-03-4.901478067e-03-1.311029401e-02
-2.165683173e-02-3.045736253e-02-3.943690658e-02-4.852375761e-02-5.765073374e-02
-6.675598770e-02-7.578347623e-02-8.468311280e-02-9.341067821e-02-1.019274443e-01
-1.101996750e-01-1.181979775e-01-1.258965731e-01-1.332724094e-01-1.403043568e-01
-1.469723582e-01-1.532563865e-01-1.591357291e-01-1.645880491e-01-1.695885360e-01
-1.741090715e-01-1.781174690e-01-1.815766692e-01-1.844441593e-01-1.866712272e-01
-1.882026196e-01-1.889760196e-01-1.889220178e-01-1.879642308e-01-1.860197634e-01
-1.830002666e-01-1.788135469e-01-1.733658910e-01-1.665656865e-01-1.583276838e-01
-1.485790312e-01-1.372665763e-01-1.243655235e-01-1.098896414e-01-9.390251338e-02
-7.652925700e-02-5.796813220e-02-3.850132227e-02-1.850495487e-02 1.538392622e-03
 2.104192600e-02 4.000910372e-02 5.842405185e-02 7.625648379e-02 9.346368909e-02
 1.099918336e-01 1.257774979e-01 1.407502294e-01 1.548362374e-01 1.679634452e-01
 4.546844214e-02 4.215129465e-02 3.671141714e-02 3.043651208e-02 2.388128638e-02
 1.701592281e-02 9.828417562e-03 2.312000608e-03-5.539046135e-03-1.373047382e-02
-2.226205543e-02-3.105007112e-02-4.001936316e-02-4.909822717e-02-5.821956694e-02
-6.732165813e-02-7.634859532e-02-8.525041491e-02-9.398300946e-02-1.025077924e-01
-1.107911617e-01-1.188038811e-01-1.265203357e-01-1.339176595e-01-1.409749985e-01
-1.476725042e-01-1.539905071e-01-1.599086225e-01-1.654049307e-01-1.704550236e-01
-1.750312895e-01-1.791020632e-01-1.826308966e-01-1.855758727e-01-1.878889352e-01
-1.895154715e-01-1.903938353e-01-1.904552877e-01-1.896239966e-01-1.878175735e-01
-1.849479973e-01-1.809231639e-01-1.756492853e-01-1.690340489e-01-1.609912217e-01
-1.514462978e-01-1.403436512e-01-1.276552379e-01-1.133906022e-01-9.760794044e-02
-8.042567968e-02-6.203349680e-02-4.270150512e-02-2.278540656e-02-2.724516205e-03
 1.675482839e-02 3.564676642e-02 5.393527448e-02 7.159417123e-02 8.858788759e-02
 1.048727483e-01 1.203988343e-01 1.351124048e-01 1.489590406e-01 1.618872732e-01
 4.447827488e-02 4.098076001e-02 3.591493145e-02 2.993662842e-02 2.351636067e-02
 1.673238538e-02 9.601959959e-03 2.128864406e-03-5.688182078e-03-1.385327615e-02
-2.235883102e-02-3.112544119e-02-4.007687047e-02-4.914088547e-02-5.825006962e-02
-6.734248251e-02-7.636204362e-02-8.525864780e-02-9.398806840e-02-1.025115922e-01
-1.107955202e-01-1.188105345e-01-1.265309304e-01-1.339338422e-01-1.409983635e-01
-1.477046162e-01-1.540330052e-01-1.599631757e-01-1.654732823e-01-1.705390215e-01
-1.751329154e-01-1.792234778e-01-1.827744246e-01-1.857440770e-01-1.880846173e-01
-1.897416711e-01-1.906539500e-01-1.907529235e-01-1.899631321e-01-1.882024705e-01
-1.853831857e-01-1.814134270e-01-1.761995256e-01-1.696493030e-01-1.616764367e-01
-1.522061229e-01-1.411822438e-01-1.285759509e-01-1.143955514e-01-9.869751334e-02
-8.159780502e-02-6.328270584e-02-4.401746392e-02-2.415112406e-02-4.115230404e-03
 1.532699913e-02 3.416740149e-02 5.238956213e-02 6.996846199e-02 8.687091619e-02
 1.030567884e-01 1.184807271e-01 1.330945194e-01 1.468499303e-01 1.597018391e-01
 4.490778223e-02 4.153459519e-02 3.624023870e-02 3.015444428e-02 2.374200523e-02
 1.699017733e-02 9.896619245e-03 2.460361458e-03-5.320363678e-03-1.344824769e-02
-2.192642726e-02-3.066765890e-02-3.959642351e-02-4.864051566e-02-5.773229897e-02
-6.680949032e-02-7.581566274e-02-8.470033854e-02-9.341894090e-02-1.019324213e-01
-1.102067530e-01-1.182123050e-01-1.259230971e-01-1.333159506e-01-1.403696835e-01
-1.470642090e-01-1.533795893e-01-1.592952907e-01-1.647891998e-01-1.698367894e-01
-1.744103730e-01-1.784782112e-01-1.820038706e-01-1.849454045e-01-1.872549057e-01
-1.888778210e-01-1.897527426e-01-1.898111105e-01-1.889774203e-01-1.871696711e-01
-1.843002737e-01-1.802776605e-01-1.750086248e-01-1.684015691e-01-1.603710353e-01
-1.508432478e-01-1.397634745e-01-1.271044463e-01-1.128764525e-01-9.713825583e-02
-8.000862598e-02-6.167720258e-02-4.241361097e-02-2.257251740e-02-2.591661410e-03
 1.680836827e-02 3.562199324e-02 5.383351445e-02 7.141715288e-02 8.833782375e-02
 1.045524701e-01 1.200118512e-01 1.346629858e-01 1.484522969e-01 1.613290608e-01
 4.560790956e-02 4.228563979e-02 3.702051565e-02 3.093180805e-02 2.452402189e-02
 1.778879017e-02 1.071973704e-02 3.312803339e-03-4.435187206e-03-1.252752077e-02
-2.096820064e-02-2.967688255e-02-3.857704997e-02-4.759571701e-02-5.666454136e-02
-6.572060287e-02-7.470685989e-02-8.357226849e-02-9.227170050e-02-1.007655486e-01
-1.090192944e-01-1.170027629e-01-1.246894747e-01-1.320557594e-01-1.390798837e-01
-1.457412541e-01-1.520194262e-01-1.578933001e-01-1.633402109e-01-1.683351099e-01
-1.728496701e-01-1.768516302e-01-1.803039312e-01-1.831640899e-01-1.853835881e-01
-1.869073808e-01-1.876735687e-01-1.876132339e-01-1.866506040e-01-1.847035438e-01
-1.816846281e-01-1.775027215e-01-1.720654368e-01-1.652824283e-01-1.570700705e-01
-1.473571360e-01-1.360920966e-01-1.232518107e-01-1.088515073e-01-9.295590222e-02
-7.569074631e-02-5.725417286e-02-3.792725503e-02-1.808366552e-02 1.798335463e-03
 2.114231884e-02 3.995184600e-02 5.821152031e-02 7.589177787e-02 9.295088053e-02
 1.093362421e-01 1.249859035e-01 1.398310959e-01 1.537998170e-01 1.668217778e-01
 4.681426287e-02 4.357038066e-02 3.825893253e-02 3.220072389e-02 2.581854723e-02
 1.910566352e-02 1.205945574e-02 4.678369500e-03-3.039000789e-03-1.109467633e-02
-1.949182898e-02-2.816213295e-02-3.702782840e-02-4.601487517e-02-5.505400151e-02
-6.408147514e-02-7.303949445e-02-8.187630773e-02-9.054610133e-02-9.900858998e-02
-1.072285473e-01-1.151751429e-01-1.228211522e-01-1.301422119e-01-1.371158212e-01
-1.437206417e-01-1.499354243e-01-1.557382345e-01-1.611055732e-01-1.660114825e-01
-1.704267561e-01-1.743182242e-01-1.776478291e-01-1.803722382e-01-1.824419796e-01
-1.838011891e-01-1.843872070e-01-1.841304898e-01-1.829549074e-01-1.807782203e-01
-1.775132716e-01-1.730697602e-01-1.673566699e-01-1.602859646e-01-1.517771482e-01
-1.417632848e-01-1.301983595e-01-1.170660406e-01-1.023895890e-01-8.624267578e-02
-6.876009703e-02-5.014710128e-02-3.068475239e-02-1.072641741e-02 8.898878470e-03
 2.814192884e-02 4.697033018e-02 6.535148621e-02 8.324475586e-02 1.005972102e-01
 1.173411831e-01 1.333933771e-01 1.486560404e-01 1.630209535e-01 1.763768345e-01
 4.832194000e-02 4.516081512e-02 4.000411183e-02 3.399258852e-02 2.763639390e-02
 2.093947306e-02 1.390654501e-02 6.542137824e-03-1.150690368e-03-9.171007201e-03
-1.752025262e-02-2.614671364e-02-3.497120738e-02-4.391860217e-02-5.291874334e-02
-6.190714240e-02-7.082526386e-02-7.962065935e-02-8.824673295e-02-9.666247666e-02
-1.048318669e-01-1.127232164e-01-1.203084514e-01-1.275622398e-01-1.344611943e-01
-1.409828812e-01-1.471050531e-01-1.528046727e-01-1.580570787e-01-1.628351510e-01
-1.671085060e-01-1.708426327e-01-1.739983559e-01-1.765310615e-01-1.783901453e-01
-1.795186996e-01-1.798531562e-01-1.793233305e-01-1.778527647e-01-1.753593832e-01
-1.717567742e-01-1.669561267e-01-1.608689725e-01-1.534108818e-01-1.445064694e-01
-1.340954602e-01-1.221403480e-01-1.086351797e-01-9.361568093e-02-7.717008889e-02
-5.945037305e-02-4.068353027e-02-2.118345723e-02-1.367209712e-03 1.814953610e-02
 3.737886250e-02 5.631301552e-02 7.493018359e-02 9.319370985e-02 1.110483855e-01
 1.284153461e-01 1.451867223e-01 1.612220854e-01 1.763501465e-01 1.903795302e-01
 5.048278719e-02 4.744289815e-02 4.235887527e-02 3.637452051e-02 3.001411259e-02
 2.329869382e-02 1.624772325e-02 8.875925094e-03 1.192461117e-03-6.798456423e-03
-1.509682275e-02-2.367313951e-02-3.244706988e-02-4.134295136e-02-5.029026419e-02
-5.922411382e-02-6.808548421e-02-7.682131231e-02-8.538436890e-02-9.373281151e-02
-1.018297598e-01-1.096425802e-01-1.171421483e-01-1.243020520e-01-1.310977042e-01
-1.375054419e-01-1.435017288e-01-1.490621269e-01-1.541606188e-01-1.587685794e-01
-1.628541648e-01-1.663813889e-01-1.693095863e-01-1.715927422e-01-1.731789857e-01
-1.740102619e-01-1.740221679e-01-1.731440723e-01-1.712995619e-01-1.684072614e-01
-1.643824279e-01-1.591388881e-01-1.525923163e-01-1.446639597e-01-1.352860481e-01
-1.244080663e-01-1.120045707e-01-9.808401763e-02-8.269850165e-02-6.595370173e-02
-4.801776260e-02-2.912708744e-02-9.585103020e-03 9.870594367e-03 2.921182103e-02
 4.843042046e-02 6.752192974e-02 8.647739887e-02 1.052767187e-01 1.238806173e-01
 1.422193050e-01 1.601763368e-01 1.775678694e-01 1.941237450e-01 2.094903886e-01
 5.348408222e-02 5.062279850e-02 4.550113156e-02 3.946175426e-02 3.299503773e-02
 2.617196552e-02 1.903791726e-02 1.161652058e-02 3.918925300e-03-4.050858319e-03
-1.229293365e-02-2.080931515e-02-2.951711416e-02-3.834248334e-02-4.721571133e-02
-5.607212335e-02-6.485257298e-02-7.350359857e-02-8.197735250e-02-9.023120999e-02
-9.822735935e-02-1.059320867e-01-1.133151054e-01-1.203487068e-01-1.270069033e-01
-1.332646012e-01-1.390966773e-01-1.444771290e-01-1.493782252e-01-1.537697166e-01
-1.576179862e-01-1.608854532e-01-1.635297984e-01-1.655035317e-01-1.667535007e-01
-1.672206819e-01-1.668401212e-01-1.655411720e-01-1.632481813e-01-1.598815322e-01
-1.553593874e-01-1.496001035e-01-1.425255537e-01-1.340654790e-01-1.241629645e-01
-1.127811372e-01-9.991113842e-02-8.558116853e-02-6.986626238e-02-5.289851129e-02
-3.487688676e-02-1.607634127e-02 3.143556882e-03 2.232310548e-02 4.150095582e-02
 6.070660055e-02 7.996719331e-02 9.930874407e-02 1.187540591e-01 1.383171380e-01
 1.579921246e-01 1.777309179e-01 1.973959804e-01 2.166567445e-01 2.348177582e-01
 5.786144733e-02 5.546727777e-02 5.000824481e-02 4.338864237e-02 3.652586043e-02
 2.944211662e-02 2.214449644e-02 1.463285275e-02 6.903549656e-03-1.049220096e-03
-9.232973680e-03-1.765698195e-02-2.626758255e-02-3.499116749e-02-4.375835508e-02
-5.250464380e-02-6.117079407e-02-6.970299780e-02-7.805279642e-02-8.617675304e-02
-9.403602779e-02-1.015957296e-01-1.088242307e-01-1.156923324e-01-1.221724898e-01
-1.282379031e-01-1.338616908e-01-1.390160322e-01-1.436713040e-01-1.477953792e-01
-1.513527930e-01-1.543042064e-01-1.566056609e-01-1.582082659e-01-1.590577960e-01
-1.590946019e-01-1.582536995e-01-1.564653516e-01-1.536556780e-01-1.497483104e-01
-1.446662247e-01-1.383345872e-01-1.306843758e-01-1.216570884e-01-1.112105548e-01
-9.932578355e-02-8.601499349e-02-7.133044302e-02-5.537375063e-02-3.830504045e-02
-2.035087347e-02-1.809799811e-03 1.683160104e-02 3.558728844e-02 5.448766053e-02
 7.357481867e-02 9.290246665e-02 1.125373691e-01 1.325616241e-01 1.530753672e-01
 1.742001176e-01 1.960840672e-01 2.189151049e-01 2.429782450e-01 2.682721913e-01
 6.272473186e-02 6.091226637e-02 5.481090397e-02 4.744289815e-02 4.012663662e-02
 3.276673704e-02 2.530841157e-02 1.771927252e-02 9.977498092e-03 2.066203393e-03
-6.029313896e-03-1.432314608e-02-2.279608324e-02-3.137599304e-02-3.999447823e-02
-4.858751595e-02-5.709593371e-02-6.546562910e-02-7.364754379e-02-8.159736544e-02
-8.927515149e-02-9.664469957e-02-1.036728770e-01-1.103288531e-01-1.165833101e-01
-1.224075556e-01-1.277727485e-01-1.326490343e-01-1.370047927e-01-1.408058703e-01
-1.440149248e-01-1.465908140e-01-1.484881341e-01-1.496567726e-01-1.500419080e-01
-1.495838910e-01-1.482186317e-01-1.458783150e-01-1.424925923e-01-1.379901767e-01
-1.323013306e-01-1.253608912e-01-1.171124429e-01-1.075132489e-01-9.654022008e-02
-8.419694006e-02-7.052132487e-02-5.559395999e-02-3.954654187e-02-2.256954275e-02
-4.918020219e-03 1.290539652e-02 3.091533855e-02 4.913732409e-02 6.761077046e-02
 8.639135212e-02 1.055544317e-01 1.252001524e-01 1.454610378e-01 1.665128767e-01
 1.885910481e-01 2.120153904e-01 2.372287512e-01 2.648531497e-01 2.944501638e-01
 6.592781842e-02 6.436538696e-02 5.814034119e-02 5.066044629e-02 4.321352392e-02
 3.575272858e-02 2.824171633e-02 2.065086365e-02 1.295639761e-02 5.138701759e-03
-2.819143701e-03-1.093226671e-02-1.921414770e-02-2.759635821e-02-3.601209819e-02
-4.439798370e-02-5.269492418e-02-6.084851548e-02-6.880903989e-02-7.653127611e-02
-8.397407085e-02-9.109981358e-02-9.787376225e-02-1.042632759e-01-1.102370918e-01
-1.157644838e-01-1.208145022e-01-1.253551543e-01-1.293527037e-01-1.327709854e-01
-1.355708092e-01-1.377094239e-01-1.391402185e-01-1.398124099e-01-1.396711916e-01
-1.386578381e-01-1.367103606e-01-1.337645650e-01-1.297554523e-01-1.246193200e-01
-1.182965636e-01-1.107352525e-01-1.018954664e-01-9.175470471e-02-8.031392843e-02
-6.760428846e-02-5.369411781e-02-3.869595379e-02-2.277417667e-02-6.151214242e-03
 1.068369485e-02 2.773810178e-02 4.502818733e-02 6.258110702e-02 8.043786883e-02
 9.865681827e-02 1.173184961e-01 1.365321428e-01 1.564453095e-01 1.772574484e-01
 1.992393136e-01 2.227594405e-01 2.483148873e-01 2.765518427e-01 3.068276048e-01
 6.774491072e-02 6.632471830e-02 6.041643769e-02 5.302004144e-02 4.561988637e-02
 3.820545226e-02 3.075719997e-02 2.325583249e-02 1.568336785e-02 8.023147471e-03
 2.594102698e-04-7.623394020e-03-1.564157382e-02-2.375931293e-02-3.190773353e-02
-4.002280533e-02-4.804509133e-02-5.591971427e-02-6.359629333e-02-7.102863491e-02
-7.817438990e-02-8.499445021e-02-9.145236015e-02-9.751363099e-02-1.031449437e-01
-1.083134636e-01-1.129860356e-01-1.171285138e-01-1.207050756e-01-1.236776412e-01
-1.260053515e-01-1.276442558e-01-1.285470128e-01-1.286628544e-01-1.279379725e-01
-1.263157725e-01-1.237380058e-01-1.201459616e-01-1.154823601e-01-1.096938998e-01
-1.027343720e-01-9.456866980e-02-8.517760783e-02-7.456348836e-02-6.275647879e-02
-4.982106388e-02-3.586152941e-02-2.102260478e-02-5.500907544e-03 1.025815960e-02
 2.625196800e-02 4.248334467e-02 5.896238238e-02 7.570848614e-02 9.275276959e-02
 1.101409644e-01 1.279372424e-01 1.462292075e-01 1.651349366e-01 1.848130226e-01
 2.054783553e-01 2.274284512e-01 2.510960102e-01 2.771683931e-01 3.044402003e-01
 6.896945089e-02 6.771829724e-02 6.187143922e-02 5.460530147e-02 4.733967409e-02
 4.006209224e-02 3.276096284e-02 2.542504668e-02 1.804319955e-02 1.060400717e-02
 3.095563035e-03-4.494518042e-03-1.217874233e-02-1.996860653e-02-2.778168954e-02
-3.555618972e-02-4.323343933e-02-5.075860396e-02-5.808087438e-02-6.515328586e-02
-7.193231583e-02-7.837747782e-02-8.445064723e-02-9.011542797e-02-9.533650428e-02
-1.000789031e-01-1.043073609e-01-1.079856604e-01-1.110760495e-01-1.135388166e-01
-1.153318584e-01-1.164105237e-01-1.167275161e-01-1.162331253e-01-1.148756891e-01
-1.126024276e-01-1.093606055e-01-1.050993204e-01-9.977167100e-02-9.333768487e-02
-8.576786518e-02-7.704739273e-02-6.718121469e-02-5.619981140e-02-4.416624457e-02
-3.118595108e-02-1.742053404e-02-3.025605809e-03 1.163194887e-02 2.653952315e-02
 4.168559611e-02 5.706224591e-02 7.266671211e-02 8.850278705e-02 1.045821160e-01
 1.209255457e-01 1.375645995e-01 1.545426846e-01 1.719163209e-01 1.897552907e-01
 2.081413865e-01 2.271626890e-01 2.468941957e-01 2.673052549e-01 2.873157263e-01
 6.936828792e-02 6.825821847e-02 6.252108514e-02 5.544769019e-02 4.838042706e-02
 4.129918292e-02 3.420028090e-02 2.708281204e-02 1.994415000e-02 1.277885400e-02
 5.578802899e-03-1.666445518e-03-8.969502524e-03-1.634565182e-02-2.374475822e-02
-3.110185638e-02-3.835748136e-02-4.545658454e-02-5.234805495e-02-5.898435041e-02
-6.532105803e-02-7.131643593e-02-7.693086565e-02-8.212621510e-02-8.686527610e-02
-9.111113846e-02-9.482660145e-02-9.797363728e-02-1.005129591e-01-1.024036705e-01
-1.036030725e-01-1.040666029e-01-1.037480682e-01-1.026000306e-01-1.005746201e-01
-9.762462974e-02-9.370510280e-02-8.877538145e-02-8.280175924e-02-7.576072216e-02
-6.764267385e-02-5.845616013e-02-4.823209718e-02-3.702805936e-02-2.492846176e-02
-1.205152273e-02 1.150512137e-03 1.469775476e-02 2.853982896e-02 4.264024645e-02
 5.696994066e-02 7.150474191e-02 8.622454107e-02 1.011130810e-01 1.161579639e-01
 1.313504577e-01 1.466848403e-01 1.621565372e-01 1.777586341e-01 1.934749782e-01
 2.092675567e-01 2.250532508e-01 2.406612635e-01 2.557541430e-01 2.696981132e-01
 6.863144040e-02 6.754526496e-02 6.229925901e-02 5.559634045e-02 4.878333956e-02
 4.191499203e-02 3.503334522e-02 2.815856598e-02 2.129742503e-02 1.444876380e-02
 7.606505416e-03 7.614862407e-04-6.097302306e-03-1.298150234e-02-1.990142651e-02
-2.676697448e-02-3.352300823e-02-4.011647031e-02-4.649708048e-02-5.261740088e-02
-5.843259394e-02-6.390006840e-02-6.897900999e-02-7.362987846e-02-7.781390101e-02
-8.149254322e-02-8.462707698e-02-8.717814088e-02-8.910548687e-02-9.036776423e-02
-9.092254937e-02-9.072647989e-02-8.973574638e-02-8.790677786e-02-8.519731462e-02
-8.156783879e-02-7.698347420e-02-7.141634822e-02-6.484872103e-02-5.727662146e-02
-4.871388525e-02-3.919709474e-02-2.878868580e-02-1.759233139e-02-5.707311444e-03
 6.533810869e-03 1.910899207e-02 3.199406341e-02 4.515495896e-02 5.855477601e-02
 7.215608656e-02 8.592168242e-02 9.981480986e-02 1.137991846e-01 1.278388351e-01
 1.418975294e-01 1.559376270e-01 1.699176580e-01 1.837883890e-01 1.974863112e-01
 2.109240592e-01 2.239767909e-01 2.364664674e-01 2.481496334e-01 2.587258816e-01
 6.842425466e-02 6.776503474e-02 6.233091652e-02 5.546667799e-02 4.865299165e-02
 4.188247770e-02 3.517761454e-02 2.854653448e-02 2.198819630e-02 1.549602021e-02
 9.060043842e-03 2.668197732e-03-3.692992032e-03-1.003824733e-02-1.638425887e-02
-2.267306484e-02-2.884690091e-02-3.485276923e-02-4.064095765e-02-4.616441950e-02
-5.137832835e-02-5.623970553e-02-6.070702523e-02-6.473979354e-02-6.829819083e-02
-7.134258747e-02-7.383336127e-02-7.573053241e-02-7.699372619e-02-7.758212090e-02
-7.745470107e-02-7.657068223e-02-7.489018142e-02-7.237533480e-02-6.899159402e-02
-6.470942497e-02-5.950634927e-02-5.336926132e-02-4.629815370e-02-3.831031919e-02
-2.944314666e-02-1.976752281e-02-9.339756332e-03 1.516036224e-03 1.281555183e-02
 2.450746112e-02 3.654871136e-02 4.889819026e-02 6.151294708e-02 7.434736937e-02
 8.735309541e-02 1.004790366e-01 1.136716157e-01 1.268749535e-01 1.400310695e-01
 1.530800760e-01 1.659597456e-01 1.786048412e-01 1.909451932e-01 2.029027641e-01
 2.143879235e-01 2.252953053e-01 2.355012000e-01 2.448655069e-01 2.532407045e-01
 6.772972643e-02 6.744751334e-02 6.185913086e-02 5.461407453e-02 4.766389355e-02
 4.094575346e-02 3.442154080e-02 2.806583606e-02 2.185800299e-02 1.577912457e-02
 9.811158292e-03 3.936858382e-03-1.860104152e-03-7.594875060e-03-1.328080520e-02
-1.892771944e-02-2.444490790e-02-2.978542447e-02-3.490271419e-02-3.975144774e-02
-4.428767040e-02-4.846873879e-02-5.225308985e-02-5.559995398e-02-5.846912414e-02
-6.082071364e-02-6.261500716e-02-6.381241977e-02-6.437350810e-02-6.425929070e-02
-6.343153119e-02-6.185349077e-02-5.949095637e-02-5.631367862e-02-5.229719728e-02
-4.742480814e-02-4.168957099e-02-3.509322554e-02-2.765278518e-02-1.941199787e-02
-1.039949059e-02-9.030984947e-04 9.102292359e-03 1.957530901e-02 3.048337996e-02
 4.178834707e-02 5.344894156e-02 6.542059034e-02 7.765445113e-02 9.009654820e-02
 1.026872694e-01 1.153610349e-01 1.280465126e-01 1.406671554e-01 1.531423926e-01
 1.653890908e-01 1.773232818e-01 1.888619065e-01 1.999240220e-01 2.104313374e-01
 2.203081250e-01 2.294809222e-01 2.378783375e-01 2.454326451e-01 2.520830035e-01
 6.488750875e-02 6.468701363e-02 5.922796205e-02 5.204914138e-02 4.521283507e-02
 3.869836777e-02 3.246893734e-02 2.648863196e-02 2.072437480e-02 1.514656283e-02
 9.729076177e-03 4.449089989e-03-7.132882602e-04-5.775518715e-03-1.075339690e-02
-1.566252112e-02-2.044106089e-02-2.503963187e-02-2.941224352e-02-3.351477906e-02
-3.730444610e-02-4.073952511e-02-4.377913475e-02-4.638306051e-02-4.851163924e-02
-5.012565106e-02-5.118639767e-02-5.165585876e-02-5.149698257e-02-5.067413300e-02
-4.915356636e-02-4.690400511e-02-4.389809072e-02-4.011458904e-02-3.554118425e-02
-3.017716855e-02-2.404654212e-02-1.715478674e-02-9.508661926e-03-1.338069793e-03
 7.385361940e-03 1.663085818e-02 2.637682296e-02 3.659654781e-02 4.726032913e-02
 5.833431333e-02 6.977973878e-02 8.155197650e-02 9.359923005e-02 1.058612019e-01
 1.182678789e-01 1.307386756e-01 1.431822181e-01 1.554972827e-01 1.675748825e-01
 1.793020964e-01 1.905669570e-01 2.012639493e-01 2.112994790e-01 2.205960155e-01
 2.290944457e-01 2.367546260e-01 2.435540259e-01 2.494853735e-01 2.545541525e-01
 6.025206298e-02 6.012760475e-02 5.450258777e-02 4.749691486e-02 4.095754772e-02
 3.483041376e-02 2.906622738e-02 2.361480705e-02 1.843022555e-02 1.347297523e-02
 8.710301481e-03 4.115646705e-03-3.321984550e-04-4.649935756e-03-8.850377984e-03
-1.294253767e-02-1.693039760e-02-2.072772011e-02-2.429535054e-02-2.759283781e-02
-3.057993576e-02-3.321695700e-02-3.546478599e-02-3.728485107e-02-3.863910213e-02
-3.949012607e-02-3.980139643e-02-3.953775764e-02-3.866616637e-02-3.715659678e-02
-3.498258069e-02-3.211931512e-02-2.854558453e-02-2.424750105e-02-1.922463998e-02
-1.345631294e-02-7.159620523e-03-2.840099332e-04 7.178490050e-03 1.519915462e-02
 2.376256697e-02 3.285172954e-02 4.244909436e-02 5.253497139e-02 6.308656931e-02
 7.407680154e-02 8.547285199e-02 9.723438323e-02 1.093113720e-01 1.216415465e-01
 1.341476440e-01 1.467348039e-01 1.592887044e-01 1.716755033e-01 1.837444007e-01
 1.953343898e-01 2.062846124e-01 2.164474875e-01 2.257016748e-01 2.339624316e-01
 2.411869764e-01 2.473747283e-01 2.525620461e-01 2.568128705e-01 2.602071166e-01
 5.279485136e-02 5.251919478e-02 4.726207256e-02 4.062712193e-02 3.460460901e-02
 2.910623699e-02 2.403824590e-02 1.932042278e-02 1.488931105e-02 1.069669798e-02
 6.706773303e-03 2.893369412e-03-7.623200654e-04-4.273524508e-03-7.649347186e-03
-1.089617610e-02-1.401967928e-02-1.695739478e-02-1.967113093e-02-2.211959474e-02
-2.426461689e-02-2.606936730e-02-2.749770507e-02-2.851397172e-02-2.908301353e-02
-2.917032689e-02-2.874245122e-02-2.776771784e-02-2.621779963e-02-2.407107502e-02
-2.132062614e-02-1.794756204e-02-1.393112354e-02-9.251413867e-03-4.047466442e-03
 1.713518752e-03 8.021168411e-03 1.487711817e-02 2.228115872e-02 3.022799827e-02
 3.871152550e-02 4.772480577e-02 5.725995079e-02 6.730754673e-02 7.785578072e-02
 8.888918906e-02 1.003869325e-01 1.123204678e-01 1.246503443e-01 1.373219788e-01
 1.502602398e-01 1.633631885e-01 1.764949858e-01 1.894803345e-01 2.021033615e-01
 2.141157687e-01 2.252580822e-01 2.352912426e-01 2.440289557e-01 2.513606548e-01
 2.572616935e-01 2.617921829e-01 2.650847435e-01 2.673206329e-01 2.686971426e-01
 4.231161624e-02 4.175228998e-02 3.679762781e-02 3.089566529e-02 2.583630756e-02
 2.137517929e-02 1.733835414e-02 1.361547876e-02 1.013730466e-02 6.860188209e-03
 3.756698687e-03 8.100339910e-04-1.989328768e-03-4.645647947e-03-7.159079425e-03
-9.526200593e-03-1.173989102e-02-1.378810499e-02-1.563304290e-02-1.721181348e-02
-1.849606819e-02-1.945557073e-02-2.005947381e-02-2.027689293e-02-2.007720247e-02
-1.943019405e-02-1.830606349e-02-1.667506620e-02-1.450621430e-02-1.176348515e-02
-8.558876812e-03-4.849451128e-03-6.124333595e-04 4.159187898e-03 9.452972561e-03
 1.526814420e-02 2.160470374e-02 2.846475504e-02 3.585119545e-02 4.376694560e-02
 5.221515149e-02 6.119929254e-02 7.072313130e-02 8.079044521e-02 9.140451998e-02
 1.025672406e-01 1.142776608e-01 1.265297234e-01 1.393087655e-01 1.525862515e-01
 1.663117856e-01 1.804013997e-01 1.947208494e-01 2.090630531e-01 2.231232524e-01
 2.364875972e-01 2.486697584e-01 2.592097521e-01 2.677752972e-01 2.742019594e-01
 2.784917355e-01 2.808082104e-01 2.814704776e-01 2.809097469e-01 2.795668542e-01
 2.696564049e-02 2.551415004e-02 2.150665596e-02 1.771275885e-02 1.461433247e-02
 1.182419807e-02 9.219152853e-03 6.749239285e-03 4.393548239e-03 2.144837053e-03
 3.071487299e-06-2.027605660e-03-3.940352239e-03-5.726287141e-03-7.374630310e-03
-8.872436360e-03-1.020387281e-02-1.134894043e-02-1.228138618e-02-1.297070645e-02
-1.338906307e-02-1.350989752e-02-1.330750901e-02-1.275701448e-02-1.183446124e-02
-1.051705610e-02-8.783539757e-03-6.614875048e-03-3.995650448e-03-9.172412101e-04
 2.614439698e-03 6.605631672e-03 1.106447540e-02 1.599719748e-02 2.140752599e-02
 2.730007097e-02 3.368061781e-02 4.055644572e-02 4.793636501e-02 5.583073199e-02
 6.425161660e-02 7.321305573e-02 8.273129165e-02 9.282501042e-02 1.035155207e-01
 1.148267537e-01 1.267850101e-01 1.394180655e-01 1.527533829e-01 1.668144464e-01
 1.816141605e-01 1.971428394e-01 2.133466899e-01 2.300877869e-01 2.470618784e-01
 2.636190057e-01 2.785741985e-01 2.907513082e-01 2.996173501e-01 3.050348461e-01
 3.070527613e-01 3.059096336e-01 3.021929860e-01 2.970587015e-01 2.917244434e-01
 5.935503170e-03 1.968840603e-03 2.103026491e-03 2.591749653e-03 2.224933356e-03
 1.435138169e-03 4.162963305e-04-7.265832974e-04-1.926717116e-03-3.136577085e-03
-4.319608212e-03-5.446073133e-03-6.490658969e-03-7.430908270e-03-8.246048354e-03
-8.916033432e-03-9.420713410e-03-9.739161469e-03-9.849334136e-03-9.728579782e-03
-9.354755282e-03-8.706577122e-03-7.763763890e-03-6.507133134e-03-4.918715917e-03
-2.981915604e-03-6.817331305e-04 1.994912280e-03 5.058766808e-03 8.517861366e-03
 1.237778366e-02 1.664482430e-02 2.132600546e-02 2.642875537e-02 3.196097910e-02
 3.793168068e-02 4.435139894e-02 5.123262107e-02 5.859004706e-02 6.644096226e-02
 7.480560243e-02 8.370772004e-02 9.317527711e-02 1.032412797e-01 1.139449328e-01
 1.253329962e-01 1.374615133e-01 1.503977478e-01 1.642223746e-01 1.790316403e-01
 1.949386597e-01 2.120731324e-01 2.305781245e-01 2.506052852e-01 2.723227143e-01
 2.960270047e-01 3.173071146e-01 3.320450187e-01 3.412593007e-01 3.454806805e-01
 3.442492485e-01 3.379828036e-01 3.259990215e-01 3.123401403e-01 3.020552099e-01
-8.630859666e-03-1.340046525e-02-1.234475709e-02-1.023752987e-02-8.982308209e-03
-8.333704434e-03-8.098421618e-03-8.134374395e-03-8.337270468e-03-8.628956974e-03
-8.949380368e-03-9.251210839e-03-9.496159852e-03-9.652378038e-03-9.692544118e-03
-9.592464194e-03-9.330038913e-03-8.884573355e-03-8.236391470e-03-7.366779260e-03
-6.258118432e-03-4.894006997e-03-3.259332385e-03-1.340312767e-03 8.754864102e-04
 3.399149515e-03 6.240425166e-03 9.407768026e-03 1.290844753e-02 1.674879156e-02
 2.093468979e-02 2.547240257e-02 3.036909364e-02 3.563314676e-02 4.127451777e-02
 4.730506614e-02 5.373891816e-02 6.059276685e-02 6.788621843e-02 7.564219087e-02
 8.388739824e-02 9.265309572e-02 1.019760668e-01 1.119000316e-01 1.224774718e-01
 1.337723434e-01 1.458636820e-01 1.588505954e-01 1.728594154e-01 1.880533099e-01
 2.046456486e-01 2.229167819e-01 2.432330847e-01 2.660627067e-01 2.919845581e-01
 3.196672797e-01 3.409418166e-01 3.556407690e-01 3.641294241e-01 3.661384583e-01
 3.618536592e-01 3.503303230e-01 3.327772915e-01 3.177095056e-01 3.056620359e-01
-1.857127249e-02-2.374175563e-02-2.247716486e-02-1.993917674e-02-1.804971322e-02
-1.667914353e-02-1.570156589e-02-1.500234753e-02-1.448408328e-02-1.406699885e-02
-1.368685625e-02-1.329210587e-02-1.284107566e-02-1.229955256e-02-1.163887605e-02
-1.083448343e-02-9.864902124e-03-8.711080998e-03-7.355992682e-03-5.784444511e-03
-3.983011469e-03-1.940003596e-03 3.545656218e-04 2.909043804e-03 5.730243400e-03
 8.823593147e-03 1.219335012e-02 1.584288292e-02 1.977503859e-02 2.399260923e-02
 2.849890292e-02 3.329835087e-02 3.839708865e-02 4.380340874e-02 4.952815175e-02
 5.558498949e-02 6.199064106e-02 6.876502931e-02 7.593148947e-02 8.351695538e-02
 9.155236185e-02 1.000732780e-01 1.091208905e-01 1.187433600e-01 1.289979517e-01
 1.399539113e-01 1.516968012e-01 1.643346250e-01 1.780070662e-01 1.928997934e-01
 2.092669457e-01 2.274684310e-01 2.480300814e-01 2.717194557e-01 2.993522286e-01
 3.238156140e-01 3.423516750e-01 3.549955189e-01 3.615689874e-01 3.620359898e-01
 3.553200066e-01 3.408234119e-01 3.251116872e-01 3.120552897e-01 3.011335731e-01
-2.499292046e-02-3.043663874e-02-2.960916422e-02-2.711746469e-02-2.512686327e-02
-2.354740910e-02-2.227303386e-02-2.120470256e-02-2.025720477e-02-1.936079934e-02
-1.845983416e-02-1.751011424e-02-1.647614874e-02-1.532879192e-02-1.404350623e-02
-1.259920001e-02-1.097754203e-02-9.162630886e-03-7.140860893e-03-4.900913220e-03
-2.433764283e-03 2.673286363e-04 3.206894267e-03 6.387379020e-03 9.809345007e-03
 1.347174868e-02 1.737229526e-02 2.150791511e-02 2.587534487e-02 3.047183156e-02
 3.529592603e-02 4.034829140e-02 4.563245177e-02 5.115538836e-02 5.692798272e-02
 6.296513975e-02 6.928580999e-02 7.591280341e-02 8.287253976e-02 9.019488096e-02
 9.791308641e-02 1.060640067e-01 1.146885678e-01 1.238327771e-01 1.335490346e-01
 1.438982338e-01 1.549525559e-01 1.667994559e-01 1.795472801e-01 1.933335066e-01
 2.083377540e-01 2.248038799e-01 2.430848181e-01 2.637796402e-01 2.858441472e-01
 3.044303656e-01 3.187924027e-01 3.286724687e-01 3.339750767e-01 3.339680731e-01
 3.283926845e-01 3.178508282e-01 3.077328801e-01 2.985200286e-01 2.902520299e-01
-2.914754674e-02-3.496374562e-02-3.434821218e-02-3.223177791e-02-3.057305887e-02
-2.921739221e-02-2.803199179e-02-2.691425011e-02-2.579088323e-02-2.461148426e-02
-2.334124595e-02-2.195488662e-02-2.043237910e-02-1.875630766e-02-1.691059396e-02
-1.488012075e-02-1.265096944e-02-1.021089312e-02-7.549871225e-03-4.660546780e-03
-1.538499957e-03 1.817670651e-03 5.406428128e-03 9.223496541e-03 1.326213591e-02
 1.751348935e-02 2.196703106e-02 2.661115676e-02 3.143399209e-02 3.642445430e-02
 4.157347232e-02 4.687533900e-02 5.232894421e-02 5.793872103e-02 6.371514499e-02
 6.967476010e-02 7.583966851e-02 8.223665506e-02 8.889622986e-02 9.585157037e-02
 1.031377465e-01 1.107912362e-01 1.188497990e-01 1.273525357e-01 1.363403946e-01
 1.458565593e-01 1.559469700e-01 1.666603684e-01 1.780474633e-01 1.901579797e-01
 2.030326724e-01 2.166836858e-01 2.310464978e-01 2.458729744e-01 2.604572773e-01
 2.734041512e-01 2.839145362e-01 2.915686369e-01 2.961003184e-01 2.973799109e-01
 2.955276370e-01 2.915470600e-01 2.865700424e-01 2.812142074e-01 2.758487165e-01
-3.029887006e-02-3.649558127e-02-3.665811568e-02-3.554715216e-02-3.483936191e-02
-3.421544284e-02-3.349029273e-02-3.257615119e-02-3.144352138e-02-3.009144217e-02
-2.852905542e-02-2.676554397e-02-2.480543405e-02-2.264723927e-02-2.028419822e-02
-1.770610735e-02-1.490153931e-02-1.185998507e-02-8.573541418e-03-5.038063973e-03
-1.253703143e-03 2.775048371e-03 7.039656863e-03 1.152797975e-02 1.622467674e-02
 2.111151442e-02 2.616766095e-02 3.137015924e-02 3.669482470e-02 4.211777449e-02
 4.761756957e-02 5.317774415e-02 5.878929049e-02 6.445249915e-02 7.017784566e-02
 7.598572224e-02 8.190488815e-02 8.797025681e-02 9.422024339e-02 1.006943285e-01
 1.074312106e-01 1.144674867e-01 1.218370497e-01 1.295706928e-01 1.376958936e-01
 1.462363005e-01 1.552107036e-01 1.646307409e-01 1.744971126e-01 1.847924292e-01
 1.954695731e-01 2.064329088e-01 2.175107896e-01 2.284239531e-01 2.387732714e-01
 2.480944991e-01 2.559690177e-01 2.620951533e-01 2.663075328e-01 2.685918212e-01
 2.691063881e-01 2.681733966e-01 2.661888003e-01 2.635172009e-01 2.604455948e-01
-2.692371421e-02-3.305628896e-02-3.588449955e-02-3.758691996e-02-3.894720227e-02
-3.964674473e-02-3.961804509e-02-3.895271942e-02-3.777267784e-02-3.618696332e-02
-3.428003937e-02-3.210918978e-02-2.970590070e-02-2.708023041e-02-2.422689274e-02
-2.113185823e-02-1.777831092e-02-1.415142417e-02-1.024163887e-02-6.046512164e-03
-1.571163768e-03 3.172408324e-03 8.166674525e-03 1.338993199e-02 1.881711930e-02
 2.441978641e-02 3.016542271e-02 3.601676971e-02 4.193199426e-02 4.786659032e-02
 5.377741158e-02 5.962820351e-02 6.539531797e-02 7.107210159e-02 7.667085528e-02
 8.222194016e-02 8.776994050e-02 9.336805344e-02 9.907172620e-02 1.049335748e-01
 1.109999269e-01 1.173094362e-01 1.238927022e-01 1.307725012e-01 1.379639804e-01
 1.454742253e-01 1.533012837e-01 1.614321023e-01 1.698390543e-01 1.784750670e-01
 1.872669756e-01 1.961079091e-01 2.048506141e-01 2.133055031e-01 2.212494612e-01
 2.284485400e-01 2.346890867e-01 2.398072481e-01 2.437093556e-01 2.463826239e-01
 2.478955537e-01 2.483844459e-01 2.480269969e-01 2.470116019e-01 2.455134988e-01
-2.268892899e-02-2.906260267e-02-3.506293148e-02-4.086488485e-02-4.608989507e-02
-4.783874750e-02-4.797111452e-02-4.703480005e-02-4.537332058e-02-4.322549701e-02
-4.075407982e-02-3.805556893e-02-3.516924381e-02-3.209142387e-02-2.879251167e-02
-2.523238026e-02-2.137188986e-02-1.718057506e-02-1.264137775e-02-7.752841804e-03
-2.528640674e-03 3.005648963e-03 8.817573078e-03 1.487251185e-02 2.113593742e-02
 2.757231146e-02 3.414105251e-02 4.079110920e-02 4.745666683e-02 5.405759066e-02
 6.050759926e-02 6.672883034e-02 7.266703993e-02 7.830215991e-02 8.365273476e-02
 8.877433836e-02 9.375050664e-02 9.867733717e-02 1.036467552e-01 1.087355167e-01
 1.140015125e-01 1.194849238e-01 1.252111793e-01 1.311936677e-01 1.374354362e-01
 1.439301372e-01 1.506617367e-01 1.576035023e-01 1.647162437e-01 1.719459742e-01
 1.792216003e-01 1.864529848e-01 1.935308725e-01 2.003296018e-01 2.067139149e-01
 2.125495970e-01 2.177165449e-01 2.221213877e-01 2.257072926e-01 2.284591794e-01
 2.304034233e-01 2.316020876e-01 2.321426570e-01 2.321261466e-01 2.316557914e-01
-2.044636197e-02-2.764832601e-02-3.548863530e-02-4.437144473e-02-5.418280885e-02
-5.965726078e-02-5.983900279e-02-5.742240697e-02-5.441620946e-02-5.111075193e-02
-4.772924632e-02-4.437584430e-02-4.103617370e-02-3.762240708e-02-3.402224183e-02
-3.012952022e-02-2.585783042e-02-2.114610001e-02-1.596271619e-02-1.030957513e-02
-4.222529009e-03 2.237572800e-03 9.003224783e-03 1.601787470e-02 2.324261144e-02
 3.065111674e-02 3.821687400e-02 4.589475691e-02 5.359806493e-02 6.118035316e-02
 6.844990700e-02 7.522621751e-02 8.138913661e-02 8.689244837e-02 9.176637232e-02
 9.612430632e-02 1.001539677e-01 1.040649787e-01 1.080258042e-01 1.121438146e-01
 1.164782047e-01 1.210573018e-01 1.258903444e-01 1.309742779e-01 1.362970918e-01
 1.418393552e-01 1.475743651e-01 1.534678340e-01 1.594769657e-01 1.655497402e-01
 1.716243178e-01 1.776291132e-01 1.834839880e-01 1.891028583e-01 1.943979263e-01
 1.992851496e-01 2.036904395e-01 2.075555325e-01 2.108426094e-01 2.135367393e-01
 2.156460285e-01 2.171990871e-01 2.182408571e-01 2.188270390e-01 2.190188169e-01
-1.763314754e-02-2.504001744e-02-3.338770941e-02-4.316273332e-02-5.474807695e-02
-6.350009143e-02-6.806971133e-02-6.828413904e-02-6.412434578e-02-5.877919495e-02
-5.413933098e-02-5.027714372e-02-4.687383026e-02-4.355651140e-02-4.003189504e-02
-3.609710932e-02-3.160995990e-02-2.646836825e-02-2.060901374e-02-1.402725372e-02
-6.811906584e-03 8.555913810e-04 8.792746812e-03 1.690183580e-02 2.516714670e-02
 3.362017870e-02 4.231180251e-02 5.128818750e-02 6.054627150e-02 6.987741590e-02
 7.864946127e-02 8.636714518e-02 9.287196398e-02 9.810860455e-02 1.020725220e-01
 1.048890576e-01 1.070977002e-01 1.093821824e-01 1.119871885e-01 1.149573252e-01
 1.182843745e-01 1.219443828e-01 1.259086132e-01 1.301467568e-01 1.346274018e-01
 1.393174678e-01 1.441812813e-01 1.491797268e-01 1.542695910e-01 1.594029069e-01
 1.645270288e-01 1.695849001e-01 1.745162606e-01 1.792593896e-01 1.837535203e-01
 1.879419088e-01 1.917749047e-01 1.952128708e-01 1.982284486e-01 2.008078545e-01
 2.029509544e-01 2.046702653e-01 2.059889734e-01 2.069383413e-01 2.075548768e-01
-1.338366233e-02-2.016741037e-02-2.763205208e-02-3.589324653e-02-4.495124519e-02
-5.458994955e-02-6.310106814e-02-6.748059392e-02-6.726275384e-02-6.206687912e-02
-5.709151179e-02-5.424672738e-02-5.231380463e-02-5.009574071e-02-4.728988558e-02
-4.375562072e-02-3.937193751e-02-3.400549293e-02-2.749843337e-02-1.967529953e-02
-1.047184505e-02-7.887128158e-04 8.619234897e-03 1.782103814e-02 2.698109299e-02
 3.627583012e-02 4.589593410e-02 5.606880784e-02 6.710676849e-02 7.944993675e-02
 9.045027196e-02 9.927228838e-02 1.062031835e-01 1.110968441e-01 1.138829291e-01
 1.142567173e-01 1.132149920e-01 1.135239750e-01 1.147486866e-01 1.166503504e-01
 1.190808564e-01 1.219397485e-01 1.251539290e-01 1.286662817e-01 1.324286759e-01
 1.363977492e-01 1.405320615e-01 1.447904408e-01 1.491309106e-01 1.535100043e-01
 1.578827500e-01 1.622029096e-01 1.664236188e-01 1.704985350e-01 1.743832380e-01
 1.780368388e-01 1.814236939e-01 1.845148057e-01 1.872891188e-01 1.897340715e-01
 1.918458641e-01 1.936287880e-01 1.950944364e-01 1.962602437e-01 1.971480548e-01
-7.934339345e-03-1.364989951e-02-1.976146176e-02-2.626390196e-02-3.307379782e-02
-4.002076387e-02-4.685928673e-02-5.329207331e-02-5.701157451e-02-5.492689088e-02
-5.248454958e-02-5.242434889e-02-5.322078615e-02-5.254723132e-02-5.071640760e-02
-4.781550542e-02-4.379372299e-02-3.852671385e-02-3.179764748e-02-2.319600806e-02
-1.196509972e-02-4.484166566e-04 9.821694344e-03 1.947867870e-02 2.891184762e-02
 3.840467334e-02 4.821448028e-02 5.862782896e-02 7.001585513e-02 8.278669417e-02
 9.418061376e-02 1.031978279e-01 1.101002544e-01 1.148112863e-01 1.171858832e-01
 1.168709919e-01 1.150808930e-01 1.146888733e-01 1.153025180e-01 1.166414320e-01
 1.185280979e-01 1.208471209e-01 1.235181689e-01 1.264802516e-01 1.296829581e-01
 1.330816746e-01 1.366351098e-01 1.403036863e-01 1.440486461e-01 1.478315741e-01
 1.516141891e-01 1.553585082e-01 1.590272188e-01 1.625843048e-01 1.659958661e-01
 1.692309976e-01 1.722626686e-01 1.750685722e-01 1.776317358e-01 1.799409389e-01
 1.819906682e-01 1.837810278e-01 1.853171587e-01 1.866084933e-01 1.876679957e-01
 0.198792720E+01 0.201328278E+01 0.202865362E+01 0.204572964E+01 0.206306362E+01
 0.208482456E+01 0.210088873E+01 0.211801624E+01 0.213376522E+01 0.215137053E+01
 0.216812539E+01 0.218468881E+01 0.220237827E+01 0.221942377E+01 0.223648357E+01
 0.225444746E+01 0.227236366E+01 0.229030418E+01 0.230849123E+01 0.232750845E+01
 0.234648657E+01 0.236597824E+01 0.238583183E+01 0.240648746E+01 0.242733240E+01
 0.244883871E+01 0.247101688E+01 0.249424148E+01 0.251779032E+01 0.254209948E+01
 0.256743860E+01 0.259387159E+01 0.262125254E+01 0.264951921E+01 0.267899418E+01
 0.270986462E+01 0.274226356E+01 0.277592564E+01 0.281114197E+01 0.284820795E+01
 0.288724518E+01 0.292837310E+01 0.297158670E+01 0.301730967E+01 0.306576920E+01
 0.311724329E+01 0.317200994E+01 0.323039579E+01 0.329293942E+01 0.336019802E+01
 0.343264866E+01 0.351114535E+01 0.359657717E+01 0.368979740E+01 0.379265165E+01
 0.390644097E+01 0.403374290E+01 0.417855644E+01 0.434467888E+01 0.454023075E+01
 0.477759933E+01 0.507741642E+01 0.548422575E+01 0.614119339E+01 0.982143688E+01
   89   86
 0.107875681E+01-0.500000007E-01 0.107898796E+01 0.239065457E-01 0.108109486E+01
 0.750000030E-01 0.109016407E+01 0.175000012E+00 0.110364711E+01 0.265100896E+00
 0.111463702E+01 0.324999988E+00 0.113152075E+01 0.407050788E+00 0.114647520E+01
 0.474999994E+00 0.116078353E+01 0.537521124E+00 0.118089223E+01 0.621897280E+00
 0.119410419E+01 0.674999952E+00 0.121225131E+01 0.745512843E+00 0.123343587E+01
 0.820108652E+00 0.125231802E+01 0.875000000E+00 0.127632999E+01 0.927599609E+00
 0.130484867E+01 0.965797067E+00 0.135796881E+01 0.994689882E+00 0.141109371E+01
 0.998159885E+00 0.146421874E+01 0.991552830E+00 0.151734376E+01 0.978466928E+00
 0.157046878E+01 0.959588051E+00 0.160116959E+01 0.946215808E+00 0.165015626E+01
 0.923259020E+00 0.169078934E+01 0.900579572E+00 0.172984374E+01 0.876883626E+00
 0.176932383E+01 0.849694371E+00 0.180953121E+01 0.820613503E+00 0.184226012E+01
 0.794268727E+00 0.188440108E+01 0.758031845E+00 0.191578126E+01 0.728873730E+00
 0.195018435E+01 0.694446683E+00 0.198658705E+01 0.655200362E+00 0.202039576E+01
 0.614697218E+00 0.204859376E+01 0.578028858E+00 0.207863665E+01 0.535290301E+00
 0.210801220E+01 0.488280475E+00 0.213554239E+01 0.438685954E+00 0.216151571E+01
 0.385990739E+00 0.218616009E+01 0.329422027E+00 0.220690966E+01 0.275000006E+00
 0.222637916E+01 0.216039449E+00 0.224580002E+01 0.140481502E+00 0.225672102E+01
 0.750000030E-01 0.226083565E+01-0.250000022E-01 0.225097156E+01-0.117345631E+00
 0.223873997E+01-0.175000012E+00 0.221954060E+01-0.243864849E+00 0.219767952E+01
-0.308333129E+00 0.217476082E+01-0.366198540E+00 0.215078926E+01-0.420194507E+00
 0.212569451E+01-0.471086591E+00 0.209931397E+01-0.519410610E+00 0.207145500E+01
-0.565614939E+00 0.204194593E+01-0.610064507E+00 0.201066923E+01-0.653008938E+00
 0.197766876E+01-0.694232166E+00 0.194283175E+01-0.735193431E+00 0.191578126E+01
-0.765143156E+00 0.187897217E+01-0.803620636E+00 0.184037340E+01-0.841403127E+00
 0.180953121E+01-0.870230436E+00 0.177226496E+01-0.902619839E+00 0.172984374E+01
-0.937012970E+00 0.170104980E+01-0.958791018E+00 0.165249348E+01-0.992958009E+00
 0.162359381E+01-0.101195574E+01 0.157046878E+01-0.104292059E+01 0.154390621E+01
-0.105721951E+01 0.149078131E+01-0.108287859E+01 0.144884157E+01-0.110000002E+01
 0.141109371E+01-0.111539006E+01 0.135796881E+01-0.113241506E+01 0.130484378E+01
-0.114501810E+01 0.127238011E+01-0.115152049E+01 0.122655320E+01-0.115785623E+01
 0.121253729E+01-0.111547089E+01 0.121063805E+01-0.104048300E+01 0.120563900E+01
-0.949999988E+00 0.119588065E+01-0.850000024E+00 0.118599224E+01-0.774999976E+00
 0.117356730E+01-0.699999988E+00 0.116039586E+01-0.625000000E+00 0.114640737E+01
-0.550000012E+00 0.113238788E+01-0.474999994E+00 0.111892152E+01-0.399999976E+00
 0.110608602E+01-0.324999988E+00 0.109546506E+01-0.250000000E+00 0.108477354E+01
-0.150000006E+00 0.107971787E+01-0.750000030E-01
 0.101600003E+01 0.000000000E+00 0.101600003E+01 0.963999987E+00 0.101600003E+01
 0.967999995E+00 0.101600003E+01 0.100100005E+01 0.101600003E+01 0.101900005E+01
 0.101600003E+01 0.107700002E+01 0.101600003E+01 0.107000005E+01 0.101600003E+01
 0.109599996E+01 0.101600003E+01 0.111300004E+01 0.101600003E+01 0.113800001E+01
 0.101600003E+01 0.114699996E+01 0.101199996E+01 0.116499996E+01 0.100100005E+01
 0.121700001E+01 0.102900004E+01 0.121700001E+01 0.104200006E+01 0.116240001E+01
 0.104600000E+01 0.116237998E+01 0.105599999E+01 0.116260004E+01 0.109700000E+01
 0.116450000E+01 0.110800004E+01 0.116594005E+01 0.111600006E+01 0.116591001E+01
 0.113399994E+01 0.116895998E+01 0.114800000E+01 0.117174995E+01 0.116199994E+01
 0.117556000E+01 0.118099999E+01 0.118299997E+01 0.118200004E+01 0.118350005E+01
 0.118499994E+01 0.118499994E+01 0.119000006E+01 0.118799996E+01 0.119500005E+01
 0.119099998E+01 0.120099998E+01 0.119599998E+01 0.120899999E+01 0.120200002E+01
 0.121500003E+01 0.120799994E+01 0.122200000E+01 0.121399999E+01 0.122800004E+01
 0.122099996E+01 0.123399997E+01 0.123099995E+01 0.123899996E+01 0.123800004E+01
 0.124199998E+01 0.124399996E+01 0.124800003E+01 0.125399995E+01 0.125800002E+01
 0.127800000E+01 0.126300001E+01 0.128999996E+01 0.127999997E+01 0.133099997E+01
 0.127999997E+01 0.134700000E+01 0.127999997E+01 0.134800005E+01 0.130999994E+01
 0.134800005E+01 0.132799995E+01 0.134800005E+01 0.136099994E+01 0.134800005E+01
 0.138000000E+01 0.134800005E+01 0.141900003E+01 0.134800005E+01 0.141900003E+01
 0.130999994E+01 0.137199998E+01 0.130999994E+01 0.137199998E+01 0.129200006E+01
 0.160800004E+01 0.109500003E+01 0.164699996E+01 0.107700002E+01 0.178499997E+01
 0.107700002E+01 0.206999993E+01 0.103999996E+01 0.212800002E+01 0.992999971E+00
 0.224499989E+01 0.708999991E+00 0.232299995E+01 0.518999994E+00 0.237700009E+01
 0.388999999E+00 0.236249995E+01 0.400000006E+00 0.236443496E+01 0.222000003E+00
 0.236496902E+01 0.133000001E+00 0.236532402E+01 0.439999998E-01 0.236512089E+01
-0.439999998E-01 0.236484194E+01-0.133000001E+00 0.236433411E+01-0.222000003E+00
 0.236249995E+01-0.400000006E+00 0.237700009E+01-0.388999999E+00 0.213400006E+01
-0.972999990E+00 0.178600001E+01-0.117400002E+01 0.176800001E+01-0.121099997E+01
 0.176800001E+01-0.125000000E+01 0.168200004E+01-0.125000000E+01 0.137199998E+01
-0.125000000E+01 0.137199998E+01-0.132900000E+01 0.141999996E+01-0.132900000E+01
 0.141999996E+01-0.136300004E+01 0.127300000E+01-0.136300004E+01 0.115300000E+01
-0.136300004E+01 0.101600003E+01-0.122300005E+01 0.101600003E+01-0.122300005E+01
 0.101600003E+01-0.829999983E+00 0.101600003E+01-0.800000012E+00 0.101600003E+01
-0.414999992E+00 0.101600003E+01-0.400000006E+00 0.101600003E+01-0.100000005E-02
 0.101600003E+01 0.000000000E+00
    0 0.169550002E+01    0
 0.000000000E+00 0.102532275E+00 0.145538300E+00 0.178723723E+00 0.206874549E+00
 0.230510652E+00 0.253356874E+00 0.274445683E+00 0.294179380E+00 0.312812865E+00
 0.330546975E+00 0.347511530E+00 0.363798648E+00 0.379524320E+00 0.394718349E+00
 0.409497350E+00 0.423873901E+00 0.437804997E+00 0.451511294E+00 0.464918315E+00
 0.478004962E+00 0.490827084E+00 0.503479600E+00 0.515952826E+00 0.528194845E+00
 0.540206552E+00 0.552145481E+00 0.563932776E+00 0.575575590E+00 0.587067842E+00
 0.598455667E+00 0.609762132E+00 0.621007085E+00 0.632120132E+00 0.643158317E+00
 0.654164314E+00 0.665103793E+00 0.676001668E+00 0.686836958E+00 0.697658181E+00
 0.708454609E+00 0.719248056E+00 0.730021596E+00 0.740790009E+00 0.751583278E+00
 0.762401521E+00 0.773248613E+00 0.784130096E+00 0.795069337E+00 0.806071103E+00
 0.817151546E+00 0.828324914E+00 0.839616716E+00 0.851021528E+00 0.862597346E+00
 0.874328256E+00 0.886270225E+00 0.898466468E+00 0.910925865E+00 0.923746765E+00
 0.937025309E+00 0.950855494E+00 0.965412617E+00 0.981173396E+00 0.100000000E+01
    0
