  EFITD    06/25/2013    #1553393000.0ms  EFIT01   0  65  65
 0.170000005E+01 0.320000005E+01 0.169550002E+01 0.839999974E+00 0.000000000E+00
 0.182227600E+01-0.197880156E-01-0.161663145E+00 0.135508487E-01 0.165627670E+01
 0.101931888E+07-0.161663145E+00 0.000000000E+00 0.182227600E+01 0.000000000E+00
-0.197880156E-01 0.000000000E+00 0.135508487E-01 0.000000000E+00 0.000000000E+00
 0.275069022E+01 0.275370598E+01 0.275660658E+01 0.275939417E+01 0.276207185E+01
 0.276464176E+01 0.276710629E+01 0.276946783E+01 0.277172947E+01 0.277389288E+01
 0.277596092E+01 0.277793598E+01 0.277981997E+01 0.278161573E+01 0.278332520E+01
 0.278495121E+01 0.278649545E+01 0.278796053E+01 0.278934908E+01 0.279066277E+01
 0.279190397E+01 0.279307508E+01 0.279417872E+01 0.279521656E+01 0.279619098E+01
 0.279710436E+01 0.279795861E+01 0.279875612E+01 0.279949951E+01 0.280018997E+01
 0.280083084E+01 0.280142331E+01 0.280197001E+01 0.280247331E+01 0.280293512E+01
 0.280335760E+01 0.280374289E+01 0.280409336E+01 0.280441117E+01 0.280469847E+01
 0.280495691E+01 0.280518913E+01 0.280539751E+01 0.280558348E+01 0.280574989E+01
 0.280589867E+01 0.280603147E+01 0.280615115E+01 0.280625963E+01 0.280635881E+01
 0.280645132E+01 0.280653906E+01 0.280662394E+01 0.280670834E+01 0.280679440E+01
 0.280688429E+01 0.280698013E+01 0.280708385E+01 0.280719805E+01 0.280732441E+01
 0.280746555E+01 0.280762291E+01 0.280779934E+01 0.280799675E+01 0.280821705E+01
 0.106913328E+06 0.103861469E+06 0.100853469E+06 0.978893203E+05 0.949690234E+05
 0.920925781E+05 0.892599844E+05 0.864712422E+05 0.837263594E+05 0.810253125E+05
 0.783681250E+05 0.757547969E+05 0.731853125E+05 0.706596797E+05 0.681778984E+05
 0.657399688E+05 0.633458984E+05 0.609956719E+05 0.586893008E+05 0.564267812E+05
 0.542081094E+05 0.520332969E+05 0.499023320E+05 0.478152188E+05 0.457719570E+05
 0.437725469E+05 0.418169922E+05 0.399052852E+05 0.380374297E+05 0.362134297E+05
 0.344332773E+05 0.326969805E+05 0.310045312E+05 0.293559375E+05 0.277511953E+05
 0.261903047E+05 0.246732637E+05 0.232000781E+05 0.217707422E+05 0.203852578E+05
 0.190436250E+05 0.177458438E+05 0.164919160E+05 0.152818398E+05 0.141156152E+05
 0.129932422E+05 0.119147207E+05 0.108800508E+05 0.988923438E+04 0.894226758E+04
 0.803915430E+04 0.717989209E+04 0.636448145E+04 0.559292334E+04 0.486521680E+04
 0.418136182E+04 0.354135889E+04 0.294520752E+04 0.239290820E+04 0.188446057E+04
 0.141986487E+04 0.999120972E+03 0.622228821E+03 0.289188477E+03 0.000000000E+00
 0.309147549E+01 0.297746396E+01 0.286565685E+01 0.275605440E+01 0.264865637E+01
 0.254346275E+01 0.244047356E+01 0.233968878E+01 0.224110842E+01 0.214473271E+01
 0.205056143E+01 0.195859456E+01 0.186883211E+01 0.178127432E+01 0.169592083E+01
 0.161277175E+01 0.153182733E+01 0.145308733E+01 0.137655163E+01 0.130222058E+01
 0.123009396E+01 0.116017175E+01 0.109245408E+01 0.102694082E+01 0.963631988E+00
 0.902527690E+00 0.843627810E+00 0.786932468E+00 0.732441545E+00 0.680155039E+00
 0.630073071E+00 0.582195520E+00 0.536522508E+00 0.493053913E+00 0.451789796E+00
 0.412730157E+00 0.375874937E+00 0.341224223E+00 0.308777988E+00 0.278536201E+00
 0.250498831E+00 0.224665985E+00 0.201037586E+00 0.179613680E+00 0.160394222E+00
 0.143379211E+00 0.128568679E+00 0.115962625E+00 0.105561025E+00 0.973638967E-01
 0.913712382E-01 0.875830352E-01 0.859993026E-01 0.866200402E-01 0.894452408E-01
 0.944749117E-01 0.101709038E+00 0.111147642E+00 0.122790709E+00 0.136638239E+00
 0.152690232E+00 0.170946687E+00 0.191407636E+00 0.214073032E+00 0.238942891E+00
-0.112306700E+07-0.110704188E+07-0.109101675E+07-0.107499162E+07-0.105896650E+07
-0.104294138E+07-0.102691625E+07-0.101089112E+07-0.994866000E+06-0.978840875E+06
-0.962815688E+06-0.946790562E+06-0.930765438E+06-0.914740312E+06-0.898715188E+06
-0.882690062E+06-0.866664875E+06-0.850639750E+06-0.834614625E+06-0.818589562E+06
-0.802564438E+06-0.786539312E+06-0.770514125E+06-0.754489000E+06-0.738463875E+06
-0.722438750E+06-0.706413625E+06-0.690388500E+06-0.674363375E+06-0.658338250E+06
-0.642313125E+06-0.626288000E+06-0.610262875E+06-0.594237750E+06-0.578212625E+06
-0.562187500E+06-0.546162375E+06-0.530137250E+06-0.514112125E+06-0.498087000E+06
-0.482061875E+06-0.466036750E+06-0.450011625E+06-0.433986500E+06-0.417961344E+06
-0.401936219E+06-0.385911125E+06-0.369885969E+06-0.353860844E+06-0.337835688E+06
-0.321810562E+06-0.305785438E+06-0.289760312E+06-0.273735188E+06-0.257710078E+06
-0.241684938E+06-0.225659812E+06-0.209634688E+06-0.193609562E+06-0.177584438E+06
-0.161559312E+06-0.145534188E+06-0.129509047E+06-0.113483922E+06-0.974587969E+05
 4.440125078e-02 4.250077158e-02 4.059857875e-02 3.863450140e-02 3.655188531e-02
 3.428552300e-02 3.174336255e-02 2.878956497e-02 2.486808039e-02 1.931130886e-02
 1.257608086e-02 4.236703739e-03-4.304558039e-03-1.011711452e-02-1.382035762e-02
-1.567478850e-02-1.574200578e-02-1.396306790e-02-1.012077741e-02-3.737863153e-03
 6.117076613e-03 1.646545157e-02 2.504193783e-02 3.262653202e-02 3.965719417e-02
 4.640541971e-02 5.306738243e-02 5.981164053e-02 6.681284308e-02 7.425758988e-02
 8.121806383e-02 8.739896864e-02 9.291027486e-02 9.769614041e-02 1.017197892e-01
 1.048702970e-01 1.075149775e-01 1.106452569e-01 1.141178012e-01 1.178496107e-01
 1.217945218e-01 1.259258240e-01 1.302247047e-01 1.346734911e-01 1.392526925e-01
 1.439398825e-01 1.487097144e-01 1.535340846e-01 1.583822668e-01 1.632212698e-01
 1.680161953e-01 1.727307141e-01 1.773278415e-01 1.817708015e-01 1.860240400e-01
 1.900544763e-01 1.938326359e-01 1.973336637e-01 2.005383223e-01 2.034335732e-01
 2.060127556e-01 2.082756162e-01 2.102276981e-01 2.118797302e-01 2.132467031e-01
 4.055217654e-02 3.852474689e-02 3.667448089e-02 3.497964889e-02 3.338801861e-02
 3.180324286e-02 2.985141426e-02 2.700969949e-02 2.307818085e-02 1.789759845e-02
 1.215468999e-02 6.025147624e-03 2.285969240e-04-4.157473799e-03-7.022158708e-03
-8.385334164e-03-8.236821741e-03-6.514879875e-03-3.103891853e-03 2.146455925e-03
 9.247360751e-03 1.701617613e-02 2.438169345e-02 3.134448826e-02 3.803911060e-02
 4.460332543e-02 5.116716027e-02 5.786210299e-02 6.483992189e-02 7.226663828e-02
 7.925093174e-02 8.548907191e-02 9.108155966e-02 9.601135552e-02 1.002350599e-01
 1.036376059e-01 1.066208854e-01 1.101275310e-01 1.140238419e-01 1.182248592e-01
 1.226789802e-01 1.273523271e-01 1.322197020e-01 1.372591853e-01 1.424488127e-01
 1.477646530e-01 1.531797051e-01 1.586633176e-01 1.641808450e-01 1.696936935e-01
 1.751594841e-01 1.805327535e-01 1.857657433e-01 1.908099204e-01 1.956174672e-01
 2.001434267e-01 2.043475807e-01 2.081964761e-01 2.116650045e-01 2.147374004e-01
 2.174077630e-01 2.196796536e-01 2.215653062e-01 2.230841517e-01 2.242611945e-01
 3.580307961e-02 3.369472176e-02 3.198129684e-02 3.071262315e-02 2.986013144e-02
 2.860916778e-02 2.670909464e-02 2.406099439e-02 2.059111372e-02 1.683142968e-02
 1.307837106e-02 9.496120736e-03 6.321009714e-03 3.821093589e-03 2.199477749e-03
 1.579745673e-03 2.035733312e-03 3.610551357e-03 6.312469952e-03 1.008487493e-02
 1.475832239e-02 2.004783973e-02 2.566631883e-02 3.143547475e-02 3.728471696e-02
 4.320728034e-02 4.922723025e-02 5.538007990e-02 6.169539690e-02 6.813350320e-02
 7.440175116e-02 8.030731976e-02 8.582141995e-02 9.093505144e-02 9.564280510e-02
 9.996819496e-02 1.041453779e-01 1.085007191e-01 1.130997464e-01 1.179440618e-01
 1.230244562e-01 1.283289194e-01 1.338438690e-01 1.395538896e-01 1.454406679e-01
 1.514821202e-01 1.576514095e-01 1.639161557e-01 1.702377796e-01 1.765711308e-01
 1.828643680e-01 1.890593767e-01 1.950929761e-01 2.008986771e-01 2.064095140e-01
 2.115612328e-01 2.162961364e-01 2.205665857e-01 2.243379951e-01 2.275908440e-01
 2.303213924e-01 2.325408459e-01 2.342735827e-01 2.355541885e-01 2.364244163e-01
 2.956260368e-02 2.723627165e-02 2.558761276e-02 2.462607250e-02 2.416250855e-02
 2.321635932e-02 2.157430351e-02 1.958543994e-02 1.749401726e-02 1.535228081e-02
 1.324772835e-02 1.129657030e-02 9.634423070e-03 8.400794119e-03 7.720571943e-03
 7.691720501e-03 8.381062187e-03 9.822935797e-03 1.201619394e-02 1.491963677e-02
 1.845138520e-02 2.250018530e-02 2.694915235e-02 3.169954568e-02 3.668173030e-02
 4.185269773e-02 4.718641937e-02 5.266138166e-02 5.824639648e-02 6.388775259e-02
 6.951172650e-02 7.505035400e-02 8.046226948e-02 8.573488891e-02 9.088368714e-02
 9.595678747e-02 1.010345519e-01 1.062060148e-01 1.115390807e-01 1.170742065e-01
 1.228322536e-01 1.288219839e-01 1.350441873e-01 1.414934397e-01 1.481586695e-01
 1.550227106e-01 1.620616317e-01 1.692435443e-01 1.765273213e-01 1.838614643e-01
 1.911830902e-01 1.984175891e-01 2.054795027e-01 2.122747600e-01 2.187049687e-01
 2.246733010e-01 2.300914228e-01 2.348868251e-01 2.390087545e-01 2.424321026e-01
 2.451586276e-01 2.472150624e-01 2.486488521e-01 2.495220900e-01 2.499052584e-01
 2.086822689e-02 1.800449006e-02 1.655757800e-02 1.621488854e-02 1.633657888e-02
 1.614422165e-02 1.575382613e-02 1.517056301e-02 1.442924608e-02 1.358770020e-02
 1.272194274e-02 1.192111522e-02 1.128129940e-02 1.089821663e-02 1.085974462e-02
 1.123957522e-02 1.209276356e-02 1.345295273e-02 1.533093303e-02 1.771478727e-02
 2.057248540e-02 2.385756001e-02 2.751703188e-02 3.149920702e-02 3.575882316e-02
 4.025845975e-02 4.496681690e-02 4.985521734e-02 5.489399284e-02 6.005083770e-02
 6.529283524e-02 7.059168816e-02 7.592941076e-02 8.130203187e-02 8.672104776e-02
 9.221270680e-02 9.781441838e-02 1.035681814e-01 1.095134616e-01 1.156827062e-01
 1.221000552e-01 1.287819594e-01 1.357380897e-01 1.429719627e-01 1.504809558e-01
 1.582557261e-01 1.662789285e-01 1.745234877e-01 1.829501241e-01 1.915044487e-01
 2.001138330e-01 2.086845934e-01 2.171008289e-01 2.252257466e-01 2.329078019e-01
 2.399913520e-01 2.463311851e-01 2.518079281e-01 2.563408017e-01 2.598961592e-01
 2.624893785e-01 2.641801238e-01 2.650623918e-01 2.652504444e-01 2.648652196e-01
 7.280139253e-03 2.309359610e-03 3.522170708e-03 6.144026294e-03 8.103163913e-03
 9.570698254e-03 1.060722955e-02 1.128153130e-02 1.166834310e-02 1.184663083e-02
 1.189872343e-02 1.190879196e-02 1.196043380e-02 1.213356666e-02 1.250112429e-02
 1.312601659e-02 1.405875012e-02 1.533588208e-02 1.697942242e-02 1.899733394e-02
 2.138514817e-02 2.412869409e-02 2.720744908e-02 3.059784696e-02 3.427589685e-02
 3.821866214e-02 4.240468144e-02 4.681371897e-02 5.142643303e-02 5.622459948e-02
 6.119217351e-02 6.631705910e-02 7.159306109e-02 7.702136785e-02 8.261112869e-02
 8.837898076e-02 9.434737265e-02 1.005422398e-01 1.069903374e-01 1.137171686e-01
 1.207455620e-01 1.280950755e-01 1.357816458e-01 1.438173503e-01 1.522099078e-01
 1.609617174e-01 1.700682342e-01 1.795154065e-01 1.892759055e-01 1.993036419e-01
 2.095266283e-01 2.198380828e-01 2.300874293e-01 2.400747240e-01 2.495549619e-01
 2.582583427e-01 2.659245133e-01 2.723395824e-01 2.773640752e-01 2.809497714e-01
 2.831444144e-01 2.840828300e-01 2.839599848e-01 2.829952240e-01 2.814001441e-01
-2.996940166e-03-9.192093275e-03-6.768479478e-03-1.922010444e-03 1.800914528e-03
 4.652400501e-03 6.824923679e-03 8.459173143e-03 9.670120664e-03 1.055938564e-02
 1.122057624e-02 1.174138673e-02 1.220387779e-02 1.268371847e-02 1.324908342e-02
 1.395959780e-02 1.486556977e-02 1.600747742e-02 1.741585135e-02 1.911162958e-02
 2.110698447e-02 2.340666577e-02 2.600963414e-02 2.891075425e-02 3.210231289e-02
 3.557521477e-02 3.931980208e-02 4.332644492e-02 4.758603126e-02 5.209055543e-02
 5.683387816e-02 6.181260198e-02 6.702695042e-02 7.248140872e-02 7.818500698e-02
 8.415118605e-02 9.039715677e-02 9.694301337e-02 1.038107574e-01 1.110233143e-01
 1.186039001e-01 1.265755296e-01 1.349608004e-01 1.437816024e-01 1.530588716e-01
 1.628119648e-01 1.730574518e-01 1.838068366e-01 1.950628161e-01 2.068124413e-01
 2.190159857e-01 2.315885574e-01 2.443719059e-01 2.570967078e-01 2.693513036e-01
 2.806083560e-01 2.903445959e-01 2.981548309e-01 3.037889004e-01 3.071642518e-01
 3.083906770e-01 3.077846766e-01 3.057976961e-01 3.028786182e-01 2.993933558e-01
-7.503965870e-03-1.411266997e-02-1.113898493e-02-5.664099939e-03-1.231184579e-03
 2.307690214e-03 5.089008249e-03 7.242783904e-03 8.888190612e-03 1.013335958e-02
 1.107640658e-02 1.180745009e-02 1.240927540e-02 1.295667421e-02 1.351611316e-02
 1.414589584e-02 1.489710994e-02 1.581374370e-02 1.693274267e-02 1.828419790e-02
 1.989134960e-02 2.177127078e-02 2.393578365e-02 2.639244497e-02 2.914554998e-02
 3.219706565e-02 3.554742038e-02 3.919613361e-02 4.314246029e-02 4.738599807e-02
 5.192733556e-02 5.676865950e-02 6.191430241e-02 6.737118959e-02 7.314911485e-02
 7.926081121e-02 8.572191000e-02 9.255065024e-02 9.976769984e-02 1.073959395e-01
 1.154603809e-01 1.239882410e-01 1.330091804e-01 1.425557435e-01 1.526638865e-01
 1.633735299e-01 1.747291386e-01 1.867800057e-01 1.995797008e-01 2.131839693e-01
 2.276445925e-01 2.429940999e-01 2.592080235e-01 2.761163712e-01 2.932026982e-01
 3.089878559e-01 3.221640587e-01 3.321698904e-01 3.386488557e-01 3.413866758e-01
 3.403569460e-01 3.362687826e-01 3.306987584e-01 3.245031834e-01 3.181843162e-01
-6.962185260e-03-1.359265111e-02-1.077494584e-02-5.243004300e-03-7.075202302e-04
 2.928727074e-03 5.782866850e-03 7.977893576e-03 9.632244706e-03 1.085410267e-02
 1.173719019e-02 1.237045415e-02 1.283871476e-02 1.321607083e-02 1.356587838e-02
 1.394097693e-02 1.439213566e-02 1.496598497e-02 1.570454985e-02 1.664640382e-02
 1.782282442e-02 1.925939322e-02 2.097681537e-02 2.299150452e-02 2.531623840e-02
 2.796126716e-02 3.093476966e-02 3.424330056e-02 3.789231554e-02 4.188683629e-02
 4.623204097e-02 5.093377084e-02 5.599899590e-02 6.143624336e-02 6.725594401e-02
 7.347069681e-02 8.009549975e-02 8.714784682e-02 9.464800358e-02 1.026191860e-01
 1.110880077e-01 1.200850382e-01 1.296456307e-01 1.398110986e-01 1.506302655e-01
 1.621616483e-01 1.744763851e-01 1.876621395e-01 2.018288374e-01 2.171167731e-01
 2.337091863e-01 2.518527508e-01 2.718964219e-01 2.943848968e-01 3.197802305e-01
 3.427406251e-01 3.608861566e-01 3.740864396e-01 3.820622265e-01 3.841691017e-01
 3.802009225e-01 3.692399561e-01 3.571405709e-01 3.460279107e-01 3.360040784e-01
-2.051767893e-03-8.540364914e-03-5.980644841e-03-7.362182951e-04 3.425689414e-03
 6.628829520e-03 9.031612426e-03 1.078258269e-02 1.201436948e-02 1.284563728e-02
 1.332844608e-02 1.354667544e-02 1.360913273e-02 1.358797215e-02 1.354149356e-02
 1.348644588e-02 1.348021813e-02 1.357325912e-02 1.380815171e-02 1.424501278e-02
 1.491690241e-02 1.585455984e-02 1.708506793e-02 1.863102987e-02 2.050963044e-02
 2.273754776e-02 2.532909811e-02 2.829591557e-02 3.164730221e-02 3.539159149e-02
 3.953678161e-02 4.409076646e-02 4.906170815e-02 5.445860326e-02 6.029172242e-02
 6.657297909e-02 7.331629843e-02 8.053801209e-02 8.825720847e-02 9.649631381e-02
 1.052816957e-01 1.146445721e-01 1.246222109e-01 1.352595091e-01 1.466111839e-01
 1.587448418e-01 1.717452556e-01 1.857203990e-01 2.008105218e-01 2.172017246e-01
 2.351472378e-01 2.550020218e-01 2.772793472e-01 3.027333319e-01 3.324026763e-01
 3.628082275e-01 3.864290714e-01 4.031590819e-01 4.131377637e-01 4.162553251e-01
 4.115292430e-01 3.984028399e-01 3.793002963e-01 3.631606102e-01 3.496524394e-01
 7.368791848e-03 1.067074249e-03 3.752138931e-03 8.220585063e-03 1.131317485e-02
 1.340311579e-02 1.474789903e-02 1.552922279e-02 1.587861031e-02 1.589503884e-02
 1.565355621e-02 1.522162464e-02 1.466327161e-02 1.403461397e-02 1.338559948e-02
 1.272297651e-02 1.210421789e-02 1.158389356e-02 1.121383347e-02 1.104436256e-02
 1.112021226e-02 1.148167904e-02 1.216483116e-02 1.320134662e-02 1.459523104e-02
 1.637600735e-02 1.856512204e-02 2.117790654e-02 2.422254533e-02 2.770843357e-02
 3.164556995e-02 3.604257107e-02 4.090686515e-02 4.624642804e-02 5.207011104e-02
 5.838800967e-02 6.521187723e-02 7.255552709e-02 8.043533564e-02 8.887077868e-02
 9.788517654e-02 1.075066030e-01 1.177689806e-01 1.287136674e-01 1.403914541e-01
 1.528652608e-01 1.662138104e-01 1.805368066e-01 1.959617287e-01 2.126537114e-01
 2.308287024e-01 2.507708967e-01 2.728533745e-01 2.975578308e-01 3.254874349e-01
 3.571791649e-01 3.841577768e-01 4.035534561e-01 4.156278968e-01 4.204646945e-01
 4.182534814e-01 4.079992771e-01 3.895131946e-01 3.705877066e-01 3.554456830e-01
 2.464161813e-02 1.958542131e-02 2.042374387e-02 2.221146226e-02 2.284296416e-02
 2.286502346e-02 2.248501033e-02 2.180953696e-02 2.090637945e-02 1.982548460e-02
 1.860772446e-02 1.729002595e-02 1.590748131e-02 1.449356228e-02 1.308041625e-02
 1.166435331e-02 1.030100416e-02 9.045123123e-03 7.950028405e-03 7.067095954e-03
 6.444889586e-03 6.128732115e-03 6.160277408e-03 6.576855667e-03 7.410344668e-03
 8.691610768e-03 1.044790074e-02 1.270144247e-02 1.542953216e-02 1.864483394e-02
 2.236641571e-02 2.660281211e-02 3.135458380e-02 3.662764281e-02 4.242813587e-02
 4.876301438e-02 5.564054847e-02 6.307050586e-02 7.106466591e-02 7.963728905e-02
 8.880577981e-02 9.859123826e-02 1.090193838e-01 1.201214418e-01 1.319354177e-01
 1.445075274e-01 1.578940451e-01 1.721633971e-01 1.873985380e-01 2.036994100e-01
 2.211847305e-01 2.399924994e-01 2.602775693e-01 2.822061181e-01 3.059550524e-01
 3.317693472e-01 3.581336141e-01 3.771308661e-01 3.897252977e-01 3.964254558e-01
 3.970073462e-01 3.919581473e-01 3.804583549e-01 3.640362024e-01 3.508719802e-01
 4.940505326e-02 4.763644934e-02 4.326728731e-02 3.929016739e-02 3.625759482e-02
 3.362339735e-02 3.117038682e-02 2.879910357e-02 2.646053955e-02 2.413097396e-02
 2.180102281e-02 1.947030798e-02 1.714446768e-02 1.483324356e-02 1.254928298e-02
 1.028037816e-02 8.079940453e-03 6.001851521e-03 4.099576734e-03 2.425438026e-03
 1.030022046e-03-3.827764886e-05-7.336246199e-04-1.013062778e-03-8.367708069e-04
-1.680536661e-04 1.025706064e-03 2.771430416e-03 5.087716505e-03 7.991277613e-03
 1.149339043e-02 1.559293363e-02 2.023633569e-02 2.544578537e-02 3.122275695e-02
 3.756926209e-02 4.448967427e-02 5.198799819e-02 6.006974727e-02 6.874212623e-02
 7.801440358e-02 8.789817989e-02 9.840770811e-02 1.095601395e-01 1.213757843e-01
 1.338782012e-01 1.470940411e-01 1.610523015e-01 1.757828295e-01 1.913129687e-01
 2.076615989e-01 2.248280346e-01 2.427728176e-01 2.613818347e-01 2.803965807e-01
 2.992617786e-01 3.168578744e-01 3.317114711e-01 3.429405391e-01 3.502653837e-01
 3.536732793e-01 3.533451259e-01 3.497665524e-01 3.440030217e-01 3.375557065e-01
 6.678567827e-02 6.599021703e-02 6.006877869e-02 5.369636416e-02 4.831835628e-02
 4.362709448e-02 3.940061480e-02 3.548875079e-02 3.179217875e-02 2.824534103e-02
 2.480511926e-02 2.144361474e-02 1.814349368e-02 1.489488129e-02 1.169339567e-02
 8.524712175e-03 5.441420712e-03 2.497039735e-03-2.549642231e-04-2.761868993e-03
-4.972197115e-03-6.836062297e-03-8.305413648e-03-9.334217757e-03-9.878635406e-03
-9.897248819e-03-9.351514280e-03-8.206416853e-03-6.431164220e-03-3.999484237e-03
-8.912876365e-04 2.904687077e-03 7.388269529e-03 1.255589072e-02 1.832843944e-02
 2.469675802e-02 3.167099506e-02 3.924277797e-02 4.741087556e-02 5.617423356e-02
 6.553309411e-02 7.548859715e-02 8.604262769e-02 9.719748050e-02 1.089554280e-01
 1.213178039e-01 1.342836171e-01 1.478474140e-01 1.619958878e-01 1.767026186e-01
 1.919204295e-01 2.075698227e-01 2.235223055e-01 2.395773977e-01 2.554342747e-01
 2.706696391e-01 2.847535312e-01 2.971379459e-01 3.073826134e-01 3.152295351e-01
 3.206126988e-01 3.236511350e-01 3.246455789e-01 3.240508437e-01 3.223829567e-01
 7.785665989e-02 7.729896903e-02 7.132042944e-02 6.410765648e-02 5.759157613e-02
 5.166465789e-02 4.620776325e-02 4.111549631e-02 3.630171716e-02 3.169897571e-02
 2.725567296e-02 2.293285728e-02 1.870124415e-02 1.453846507e-02 1.042616367e-02
 6.359281950e-03 2.392200055e-03-1.420768443e-03-5.025828257e-03-8.370130323e-03
-1.140207890e-02-1.407151110e-02-1.632976905e-02-1.812971197e-02-1.942572556e-02
-2.017376013e-02-2.033150941e-02-1.985872164e-02-1.871772483e-02-1.687416807e-02
-1.429829001e-02-1.096666511e-02-6.864323281e-03-1.987208147e-03 3.652071115e-03
 1.003331691e-02 1.711728983e-02 2.479213662e-02 3.307473660e-02 4.195177555e-02
 5.141606182e-02 6.145875156e-02 7.207038999e-02 8.324013650e-02 9.495497495e-02
 1.071985289e-01 1.199493632e-01 1.331785619e-01 1.468464732e-01 1.608983725e-01
 1.752588451e-01 1.898249388e-01 2.044583857e-01 2.189783752e-01 2.331576645e-01
 2.467274070e-01 2.593953609e-01 2.708783150e-01 2.809402347e-01 2.894230485e-01
 2.962639332e-01 3.014986515e-01 3.052525222e-01 3.077182174e-01 3.091217279e-01
 8.562429249e-02 8.517441899e-02 7.891865820e-02 7.128573954e-02 6.417083740e-02
 5.751840025e-02 5.126173049e-02 4.533269256e-02 3.966824710e-02 3.421335667e-02
 2.892171405e-02 2.375521325e-02 1.868314296e-02 1.368143223e-02 8.697278798e-03
 3.770636860e-03-1.043903059e-03-5.691516213e-03-1.011814550e-02-1.427104790e-02
-1.809905469e-02-2.155259997e-02-2.458362654e-02-2.714540437e-02-2.919230424e-02
-3.067964315e-02-3.156358004e-02-3.180119023e-02-3.135071695e-02-3.017212637e-02
-2.822799794e-02-2.548484132e-02-2.191484161e-02-1.749807596e-02-1.222519390e-02
-6.099739112e-03 8.569734637e-04 8.600178175e-03 1.706879213e-02 2.610805631e-02
 3.573090956e-02 4.591479152e-02 5.664160103e-02 6.788991392e-02 7.963541150e-02
 9.184975922e-02 1.044990644e-01 1.175418943e-01 1.309269369e-01 1.445901692e-01
 1.584518254e-01 1.724132597e-01 1.863544732e-01 2.001330256e-01 2.135858238e-01
 2.265347242e-01 2.387970686e-01 2.501995862e-01 2.605937123e-01 2.698687315e-01
 2.779606283e-01 2.848541737e-01 2.905798554e-01 2.952044904e-01 2.988189459e-01
 9.062483907e-02 9.017162025e-02 8.369718492e-02 7.584793866e-02 6.841811538e-02
 6.135156006e-02 5.459490791e-02 4.809705168e-02 4.181111604e-02 3.569499776e-02
 2.971137315e-02 2.382747829e-02 1.801479980e-02 1.224872842e-02 6.480303593e-03
 7.697974797e-04-4.823535681e-03-1.024216972e-02-1.543076802e-02-2.033637650e-02
-2.490840107e-02-2.909840085e-02-3.285974264e-02-3.614720330e-02-3.891650587e-02
-4.112392664e-02-4.272595420e-02-4.367908090e-02-4.393979162e-02-4.346479475e-02
-4.221157730e-02-4.013934359e-02-3.721034899e-02-3.339180350e-02-2.865827456e-02
-2.299472690e-02-1.640038565e-02-8.893229999e-03-5.145884352e-04 8.663174696e-03
 1.854559034e-02 2.895408124e-02 3.988943249e-02 5.131812021e-02 6.320813298e-02
 7.552455366e-02 8.822770417e-02 1.012717485e-01 1.146032661e-01 1.281597316e-01
 1.418680400e-01 1.556433290e-01 1.693884432e-01 1.829943955e-01 1.963422447e-01
 2.093067467e-01 2.217613757e-01 2.335847318e-01 2.446666807e-01 2.549140453e-01
 2.642542124e-01 2.726367712e-01 2.800330222e-01 2.864338756e-01 2.918471992e-01
 9.286741912e-02 9.225498885e-02 8.598062396e-02 7.815138251e-02 7.066060603e-02
 6.342726946e-02 5.639761314e-02 4.953464121e-02 4.280767590e-02 3.618859500e-02
 2.965068445e-02 2.316838875e-02 1.671724766e-02 1.027387753e-02 3.815526143e-03
-2.589515178e-03-8.876611479e-03-1.498498861e-02-2.085774392e-02-2.644168958e-02
-3.168700263e-02-3.654676303e-02-4.097636044e-02-4.493284598e-02-4.837428406e-02
-5.125910044e-02-5.354551226e-02-5.519108474e-02-5.615244061e-02-5.638520420e-02
-5.584421754e-02-5.448406935e-02-5.226011202e-02-4.912989587e-02-4.505523294e-02
-4.000485688e-02-3.395792469e-02-2.690815181e-02-1.886872761e-02-9.877897799e-03
-4.388275556e-06 1.064389385e-02 2.192305773e-02 3.365980461e-02 4.583013430e-02
 5.839902535e-02 7.132579386e-02 8.456517011e-02 9.806692600e-02 1.117752120e-01
 1.256278157e-01 1.395557225e-01 1.534830928e-01 1.673276871e-01 1.810018420e-01
 1.944141239e-01 2.074711323e-01 2.200796008e-01 2.321479917e-01 2.435875982e-01
 2.543129921e-01 2.642419040e-01 2.732957006e-01 2.814009190e-01 2.884929776e-01
 9.267193079e-02 9.160616994e-02 8.574265242e-02 7.853592932e-02 7.131222636e-02
 6.411346793e-02 5.696523935e-02 4.987255484e-02 4.282974452e-02 3.582502902e-02
 2.884289436e-02 2.186535671e-02 1.487230882e-02 7.840661332e-03 7.834173157e-04
-6.224668585e-03-1.311477460e-02-1.982368901e-02-2.629351988e-02-3.247126937e-02
-3.830828518e-02-4.375955462e-02-4.878294095e-02-5.333832651e-02-5.738675222e-02
-6.088959426e-02-6.380778551e-02-6.610117108e-02-6.772796065e-02-6.864440441e-02
-6.880471855e-02-6.816129386e-02-6.666526198e-02-6.426752359e-02-6.092035025e-02
-5.657954514e-02-5.120737851e-02-4.477627948e-02-3.727339208e-02-2.870589122e-02
-1.910690591e-02-8.541962132e-03 2.885501133e-03 1.502827927e-02 2.761409059e-02
 4.058857262e-02 5.390617996e-02 6.752327085e-02 8.139541000e-02 9.547580779e-02
 1.097147167e-01 1.240591705e-01 1.384529471e-01 1.528367698e-01 1.671484709e-01
 1.813231409e-01 1.952930540e-01 2.089867592e-01 2.223275602e-01 2.352305055e-01
 2.475985587e-01 2.593181133e-01 2.702562213e-01 2.802622318e-01 2.891774476e-01
 9.223017842e-02 9.085205197e-02 8.520557731e-02 7.822333276e-02 7.110668719e-02
 6.390282512e-02 5.665361136e-02 4.937936366e-02 4.208602011e-02 3.477071598e-02
 2.742514759e-02 2.003786340e-02 1.259625982e-02 5.050740205e-03-2.520344220e-03
-1.004183292e-02-1.744377613e-02-2.466221526e-02-3.163926676e-02-3.832277656e-02
-4.466570541e-02-5.062531680e-02-5.616224930e-02-6.123954058e-02-6.582158804e-02
-6.987318397e-02-7.335858792e-02-7.624068856e-02-7.848027349e-02-8.003547788e-02
-8.086146414e-02-8.091028035e-02-8.013112843e-02-7.847095281e-02-7.587550581e-02
-7.229103148e-02-6.766662002e-02-6.195730716e-02-5.512811244e-02-4.715897888e-02
-3.805074096e-02-2.783200331e-02-1.656684279e-02-4.363480955e-03 8.616021834e-03
 2.216609940e-02 3.603557497e-02 5.019222945e-02 6.460285187e-02 7.923200727e-02
 9.404325485e-02 1.089996397e-01 1.240639389e-01 1.391987801e-01 1.543666422e-01
 1.695293039e-01 1.846468151e-01 1.996752024e-01 2.145625055e-01 2.292420864e-01
 2.436224520e-01 2.575728297e-01 2.709049881e-01 2.833585441e-01 2.946079969e-01
 9.219844639e-02 9.072279930e-02 8.491960168e-02 7.772029936e-02 7.045401633e-02
 6.312245876e-02 5.572863668e-02 4.827513546e-02 4.076096788e-02 3.318104148e-02
 2.552664652e-02 1.778610796e-02 9.945399128e-03 1.985770650e-03-6.005669013e-03
-1.394921634e-02-2.177266032e-02-2.941123955e-02-3.680736199e-02-4.391003773e-02
-5.067410693e-02-5.705931038e-02-6.302920729e-02-6.855010986e-02-7.358992100e-02
-7.811705768e-02-8.209937811e-02-8.550320566e-02-8.829250932e-02-9.042812884e-02
-9.186723828e-02-9.256298840e-02-9.246440977e-02-9.151664376e-02-8.966161311e-02
-8.683913946e-02-8.298869431e-02-7.805189490e-02-7.197591662e-02-6.471775472e-02
-5.624974146e-02-4.656601697e-02-3.569009900e-02-2.368312515e-02-1.065205503e-02
 3.243751824e-03 1.778489724e-02 3.260289133e-02 4.768013209e-02 6.298822910e-02
 7.850226015e-02 9.420033544e-02 1.100636721e-01 1.260768920e-01 1.422282159e-01
 1.585095525e-01 1.749158204e-01 1.914434731e-01 2.080870569e-01 2.248324156e-01
 2.416441441e-01 2.584419847e-01 2.750566304e-01 2.911409140e-01 3.060036302e-01
 9.179551154e-02 9.021960199e-02 8.407023549e-02 7.671838254e-02 6.931509078e-02
 6.184841692e-02 5.431088060e-02 4.669451714e-02 3.899044544e-02 3.118848428e-02
 2.327675745e-02 1.524105109e-02 7.063260302e-03-1.236607321e-03-9.568879381e-03
-1.785233431e-02-2.601417154e-02-3.398986161e-02-4.172275215e-02-4.916343093e-02
-5.626886338e-02-6.300135702e-02-6.932744384e-02-7.521666586e-02-8.064039052e-02
-8.557061106e-02-8.997882903e-02-9.383497387e-02-9.710642695e-02-9.975717962e-02
-1.017470881e-01-1.030313447e-01-1.035601199e-01-1.032784581e-01-1.021265984e-01
-1.000405848e-01-9.695346653e-02-9.279724956e-02-8.750548959e-02-8.101697266e-02
-7.328040898e-02-6.426043808e-02-5.394472927e-02-4.235241562e-02-2.954332158e-02
-1.562779024e-02-7.767566130e-04 1.476887055e-02 3.061624244e-02 4.669338465e-02
 6.298860908e-02 7.949484885e-02 9.621088207e-02 1.131423712e-01 1.303031743e-01
 1.477167159e-01 1.654176116e-01 1.834532171e-01 2.018851638e-01 2.207901776e-01
 2.402596474e-01 2.603957057e-01 2.812964320e-01 3.029773831e-01 3.243440986e-01
 9.045279026e-02 8.871862292e-02 8.261170983e-02 7.516112179e-02 6.766200811e-02
 6.010024995e-02 5.245889723e-02 4.472154379e-02 3.687298670e-02 2.889918722e-02
 2.078717947e-02 1.252548955e-02 4.062348977e-03-4.513203166e-03-1.311544515e-02
-2.166503109e-02-3.009042703e-02-3.832839057e-02-4.632382095e-02-5.402921140e-02
-6.140378118e-02-6.841241568e-02-7.502450049e-02-8.121266961e-02-8.695157617e-02
-9.221662581e-02-9.698279202e-02-1.012234986e-01-1.049095988e-01-1.080083698e-01
-1.104827225e-01-1.122904420e-01-1.133836955e-01-1.137086898e-01-1.132055819e-01
-1.118087620e-01-1.094476283e-01-1.060478166e-01-1.015332714e-01-9.582914412e-02
-8.886577189e-02-8.058388531e-02-7.094120979e-02-5.992050096e-02-4.753895476e-02
-3.385869786e-02-1.899787784e-02-3.141223919e-03 1.345161349e-02 3.034129366e-02
 4.744458199e-02 6.476521492e-02 8.231597394e-02 1.001194641e-01 1.182103381e-01
 1.366383135e-01 1.554721296e-01 1.748050451e-01 1.947621852e-01 2.155112922e-01
 2.372790128e-01 2.603780925e-01 2.852601707e-01 3.126340508e-01 3.412238061e-01
 8.855360746e-02 8.666204661e-02 8.049304038e-02 7.300122082e-02 6.548237801e-02
 5.790170282e-02 5.022633821e-02 4.243052006e-02 3.449390829e-02 2.639948204e-02
 1.813196950e-02 9.676802903e-03 1.013254281e-03-7.763454225e-03-1.656538434e-02
-2.531277388e-02-3.393460438e-02-4.236873984e-02-5.056160688e-02-5.846758187e-02
-6.604806334e-02-7.327036560e-02-8.010651171e-02-8.653199673e-02-9.252443910e-02
-9.806236625e-02-1.031239778e-01-1.076859683e-01-1.117224768e-01-1.152040362e-01
-1.180966645e-01-1.203610599e-01-1.219518930e-01-1.228173077e-01-1.228985861e-01
-1.221300960e-01-1.204396635e-01-1.177493557e-01-1.139769107e-01-1.090380102e-01
-1.028494984e-01-9.533383697e-02-8.642496169e-02-7.607565820e-02-6.426671147e-02
-5.101738125e-02-3.639724106e-02-2.053844184e-02-3.647375153e-03 1.398551278e-02
 3.188554943e-02 4.997821897e-02 6.828770041e-02 8.684659749e-02 1.057004780e-01
 1.249122024e-01 1.445672214e-01 1.647806168e-01 1.857070327e-01 2.075548470e-01
 2.306059301e-01 2.552425861e-01 2.819785476e-01 3.114792109e-01 3.430674076e-01
 8.604702353e-02 8.399859071e-02 7.752931863e-02 7.015869766e-02 6.278468668e-02
 5.531369150e-02 4.770138115e-02 3.992282599e-02 3.196101636e-02 2.380184270e-02
 1.543130353e-02 6.832642015e-03-1.975100953e-03-1.089499705e-02-1.983853802e-02
-2.872618288e-02-3.748770058e-02-4.606215656e-02-5.439751595e-02-6.244993210e-02
-7.018283010e-02-7.756572962e-02-8.457303047e-02-9.118272364e-02-9.737509489e-02
-1.031314209e-01-1.084327698e-01-1.132588238e-01-1.175867021e-01-1.213900149e-01
-1.246377975e-01-1.272936910e-01-1.293151081e-01-1.306526065e-01-1.312493682e-01
-1.310408413e-01-1.299549341e-01-1.279122233e-01-1.248270720e-01-1.206091791e-01
-1.151662022e-01-1.084074825e-01-1.002490371e-01-9.062033892e-02-7.947272807e-02
-6.678962708e-02-5.259849504e-02-3.698384017e-02-2.010046691e-02-2.185340971e-03
 1.643424481e-02 3.521523997e-02 5.417180434e-02 7.333141565e-02 9.273613244e-02
 1.124447733e-01 1.325364411e-01 1.531158835e-01 1.743212044e-01 1.963351816e-01
 2.194019556e-01 2.438525558e-01 2.701449394e-01 2.989220321e-01 3.297238946e-01
 8.134631813e-02 7.870183885e-02 7.332795858e-02 6.671597064e-02 5.974946171e-02
 5.252059177e-02 4.505129158e-02 3.734752536e-02 2.940919623e-02 2.123355120e-02
 1.281731017e-02 4.106032196e-03-4.804977216e-03-1.382306591e-02-2.286190167e-02
-3.184341639e-02-4.069869965e-02-4.936821759e-02-5.780145526e-02-6.595626473e-02
-7.379786670e-02-8.129772544e-02-8.843231201e-02-9.518177807e-02-1.015286893e-01
-1.074567139e-01-1.129494086e-01-1.179890186e-01-1.225553751e-01-1.266248524e-01
-1.301692724e-01-1.331551075e-01-1.355425417e-01-1.372847259e-01-1.383271515e-01
-1.386071593e-01-1.380537152e-01-1.365875900e-01-1.341217756e-01-1.305628270e-01
-1.258127689e-01-1.197721139e-01-1.123443395e-01-1.034417078e-01-9.299308062e-02
-8.095363528e-02-6.731665134e-02-5.212692916e-02-3.549546748e-02-1.761413924e-02
 1.231041620e-03 2.064980194e-02 4.015734047e-02 5.977225676e-02 7.952643186e-02
 9.946332872e-02 1.196385622e-01 1.401214898e-01 1.609973609e-01 1.823700070e-01
 2.043651938e-01 2.271360159e-01 2.508763671e-01 2.758806944e-01 3.021456599e-01
 7.806700468e-02 7.520301640e-02 6.991145015e-02 6.359124184e-02 5.688997358e-02
 4.985228553e-02 4.251043126e-02 3.488215804e-02 2.697554789e-02 1.879269257e-02
 1.033176109e-02 1.566113206e-03-7.401958108e-03-1.647730544e-02-2.557304502e-02
-3.461147845e-02-4.352455214e-02-5.225385725e-02-6.075021625e-02-6.897293031e-02
-7.688878477e-02-8.447089791e-02-9.169748425e-02-9.855052084e-02-1.050144583e-01
-1.110749841e-01-1.167177260e-01-1.219271645e-01-1.266854256e-01-1.309712827e-01
-1.347590983e-01-1.380179375e-01-1.407105625e-01-1.427927464e-01-1.442124099e-01
-1.449091434e-01-1.448137164e-01-1.438480020e-01-1.419252455e-01-1.389507949e-01
-1.348237693e-01-1.294394135e-01-1.226929203e-01-1.144845933e-01-1.047269851e-01
-9.335394204e-02-8.033195138e-02-6.567348540e-02-4.945207015e-02-3.181817383e-02
-1.301445812e-02 6.611566059e-03 2.659987658e-02 4.655434936e-02 6.650319695e-02
 8.647296578e-02 1.064906344e-01 1.265830249e-01 1.467738450e-01 1.670776755e-01
 1.874882579e-01 2.079551816e-01 2.283349782e-01 2.482833564e-01 2.670768201e-01
 7.587920874e-02 7.291181386e-02 6.746467948e-02 6.115131080e-02 5.450927094e-02
 4.754442349e-02 4.026641697e-02 3.268251568e-02 2.479636483e-02 1.660799980e-02
 8.114451542e-03-6.832799409e-04-9.682789445e-03-1.878885739e-02-2.791491337e-02
-3.698391840e-02-4.592873901e-02-5.469203740e-02-6.322584301e-02-7.149070501e-02
-7.945475727e-02-8.709248900e-02-9.438352287e-02-1.013113186e-01-1.078618914e-01
-1.140225381e-01-1.197806075e-01-1.251223832e-01-1.300319284e-01-1.344900429e-01
-1.384733021e-01-1.419529468e-01-1.448941678e-01-1.472551078e-01-1.489861012e-01
-1.500290334e-01-1.503167748e-01-1.497729123e-01-1.483117938e-01-1.458390355e-01
-1.422526687e-01-1.374452561e-01-1.313070506e-01-1.237305999e-01-1.146172136e-01
-1.038853526e-01-9.148136526e-02-7.739241421e-02-6.166137010e-02-4.440280423e-02
-2.581867203e-02-6.211099215e-03 1.401149295e-02 3.419441730e-02 5.423365533e-02
 7.413057983e-02 9.388504922e-02 1.134899706e-01 1.329256892e-01 1.521520764e-01
 1.710969508e-01 1.896394491e-01 2.075884938e-01 2.246632427e-01 2.404960841e-01
 7.401625067e-02 7.094712555e-02 6.555856764e-02 5.923069268e-02 5.259539932e-02
 4.565256089e-02 3.840100393e-02 3.083948977e-02 2.296556160e-02 1.477425918e-02
 6.255879998e-03-2.562779700e-03-1.157967187e-02-2.070058882e-02-2.984012663e-02
-3.892242536e-02-4.788150638e-02-5.666117370e-02-6.521455944e-02-7.350333035e-02
-8.149670064e-02-8.917029202e-02-9.650484473e-02-1.034849733e-01-1.100979000e-01
-1.163321882e-01-1.221765280e-01-1.276186407e-01-1.326441318e-01-1.372354627e-01
-1.413709223e-01-1.450237185e-01-1.481610090e-01-1.507430375e-01-1.527223289e-01
-1.540428698e-01-1.546396762e-01-1.544382274e-01-1.533544064e-01-1.512948573e-01
-1.481577754e-01-1.438347846e-01-1.382135451e-01-1.311820149e-01-1.226342767e-01
-1.124783605e-01-1.006464213e-01-8.710723370e-02-7.188093662e-02-5.505545437e-02
-3.680357337e-02-1.739934459e-02 2.767939586e-03 2.318237163e-02 4.328890145e-02
 6.309431046e-02 8.258945495e-02 1.017519981e-01 1.205444783e-01 1.389101446e-01
 1.567675769e-01 1.740050614e-01 1.904770136e-01 2.060056776e-01 2.203924060e-01
 7.266239822e-02 6.953240931e-02 6.407838315e-02 5.773144588e-02 5.109754205e-02
 4.416799545e-02 3.693538904e-02 2.939394489e-02 2.153935283e-02 1.336911321e-02
 4.817906767e-03-4.018520936e-03-1.304489747e-02-2.217078209e-02-3.131312877e-02
-4.039774090e-02-4.935992509e-02-5.814459920e-02-6.670585275e-02-7.500625402e-02
-8.301587403e-02-9.071114659e-02-9.807365388e-02-1.050888598e-01-1.117448509e-01
-1.180311069e-01-1.239373311e-01-1.294522882e-01-1.345627457e-01-1.392524093e-01
-1.435009539e-01-1.472830623e-01-1.505674720e-01-1.533161402e-01-1.554833502e-01
-1.570149958e-01-1.578479111e-01-1.579093337e-01-1.571168303e-01-1.553782821e-01
-1.525927484e-01-1.486518681e-01-1.434423327e-01-1.368497014e-01-1.287637353e-01
-1.190859154e-01-1.077389717e-01-9.467896074e-02-7.990958542e-02-6.349836290e-02
-4.559340328e-02-2.643902227e-02-6.386735477e-03 1.410332415e-02 3.422810137e-02
 5.394890532e-02 7.323715091e-02 9.206128120e-02 1.103803366e-01 1.281401515e-01
 1.452711076e-01 1.616872698e-01 1.772876382e-01 1.919602305e-01 2.055899501e-01
 7.162688673e-02 6.845310330e-02 6.292665005e-02 5.658579618e-02 4.997532070e-02
 4.307443649e-02 3.586982936e-02 2.835229039e-02 2.051493526e-02 1.235184353e-02
 3.803384490e-03-5.029989872e-03-1.405199338e-02-2.317249030e-02-3.230914846e-02
-4.138857126e-02-5.034683272e-02-5.912952870e-02-6.769140065e-02-7.599557936e-02
-8.401267231e-02-9.171966463e-02-9.909863025e-02-1.061355695e-01-1.128191203e-01
-1.191393659e-01-1.250866354e-01-1.306504011e-01-1.358181983e-01-1.405745894e-01
-1.449002177e-01-1.487707794e-01-1.521561593e-01-1.550195664e-01-1.573166102e-01
-1.589945704e-01-1.599917114e-01-1.602367759e-01-1.596486121e-01-1.581364274e-01
-1.556002200e-01-1.519321501e-01-1.470187902e-01-1.407447457e-01-1.329976171e-01
-1.236751899e-01-1.126946285e-01-1.000042111e-01-8.559745550e-02-6.952923536e-02
-5.193316191e-02-3.303870559e-02-1.318623684e-02 7.161852438e-03 2.741430886e-02
 4.712305591e-02 6.628660113e-02 8.488704264e-02 1.028932109e-01 1.202619970e-01
 1.369392723e-01 1.528614163e-01 1.679577529e-01 1.821542084e-01 1.953785717e-01
 7.063659281e-02 6.739428639e-02 6.199577078e-02 5.574868619e-02 4.921931028e-02
 4.238071665e-02 3.522302210e-02 2.774091065e-02 1.992965117e-02 1.178403012e-02
 3.251512069e-03-5.567180458e-03-1.457555033e-02-2.368348464e-02-3.280884027e-02
-4.187848419e-02-5.082876980e-02-5.960556120e-02-6.816382706e-02-7.646694779e-02
-8.448572457e-02-9.219731390e-02-9.958401322e-02-1.066320240e-01-1.133302301e-01
-1.196689606e-01-1.256388575e-01-1.312297285e-01-1.364295185e-01-1.412232667e-01
-1.455920935e-01-1.495123059e-01-1.529544592e-01-1.558824778e-01-1.582527608e-01
-1.600134671e-01-1.611037850e-01-1.614533663e-01-1.609820724e-01-1.595999449e-01
-1.572078168e-01-1.536984444e-01-1.489587426e-01-1.428731531e-01-1.353285611e-01
-1.262211800e-01-1.154655963e-01-1.030062288e-01-8.883121610e-02-7.298838347e-02
-5.560237169e-02-3.689154983e-02-1.718224585e-02 3.082816955e-03 2.334623784e-02
 4.301542044e-02 6.208538264e-02 8.054037392e-02 9.835425019e-02 1.154914275e-01
 1.319081932e-01 1.475545466e-01 1.623766869e-01 1.763201505e-01 1.893334389e-01
 6.973759830e-02 6.632411480e-02 6.128889322e-02 5.532048643e-02 4.891164973e-02
 4.214425385e-02 3.503683209e-02 2.759395912e-02 1.981507987e-02 1.169694774e-02
 3.189108102e-03-5.607498810e-03-1.459628716e-02-2.368709445e-02-3.279772401e-02
-4.185496643e-02-5.079508573e-02-5.956382304e-02-6.811602414e-02-7.641491294e-02
-8.443117142e-02-9.214181453e-02-9.952901304e-02-1.065788716e-01-1.132801846e-01
-1.196232289e-01-1.255986094e-01-1.311961412e-01-1.364037693e-01-1.412065923e-01
-1.455858648e-01-1.495179534e-01-1.529736370e-01-1.559169888e-01-1.583046913e-01
-1.600851417e-01-1.611978710e-01-1.615728736e-01-1.611304432e-01-1.597810388e-01
-1.574259251e-01-1.539583504e-01-1.492656320e-01-1.432326436e-01-1.357465386e-01
-1.267037392e-01-1.160186753e-01-1.036354154e-01-8.954121917e-02-7.378247380e-02
-5.648158863e-02-3.785366192e-02-1.822037809e-02 1.981893089e-03 2.220343240e-02
 4.181644320e-02 6.081503630e-02 7.918392867e-02 9.689858556e-02 1.139260679e-01
 1.302263439e-01 1.457540989e-01 1.604611874e-01 1.742994338e-01 1.872238517e-01
 7.027691603e-02 6.700676680e-02 6.170720235e-02 5.559724569e-02 4.917609692e-02
 4.242774099e-02 3.534840792e-02 2.793651074e-02 2.019003406e-02 1.210595109e-02
 3.629333805e-03-5.139291286e-03-1.410365663e-02-2.317362651e-02-3.226679564e-02
-4.130959511e-02-5.023784190e-02-5.899680406e-02-6.754082441e-02-7.583265007e-02
-8.384247124e-02-9.154684842e-02-9.892753512e-02-1.059702039e-01-1.126632392e-01
-1.189965606e-01-1.249603927e-01-1.305442154e-01-1.357356012e-01-1.405193210e-01
-1.448762715e-01-1.487824917e-01-1.522084177e-01-1.551178098e-01-1.574669480e-01
-1.592040062e-01-1.602681577e-01-1.605891883e-01-1.600871682e-01-1.586725414e-01
-1.562466025e-01-1.527028680e-01-1.479291767e-01-1.418111920e-01-1.342373937e-01
-1.251058728e-01-1.143334806e-01-1.018672138e-01-8.769807220e-02-7.187684625e-02
-5.453106388e-02-3.588155657e-02-1.625632495e-02 3.901421092e-03 2.403497323e-02
 4.357801005e-02 6.252549589e-02 8.086167276e-02 9.856057167e-02 1.155870259e-01
 1.318978965e-01 1.474440098e-01 1.621724963e-01 1.760299206e-01 1.889657974e-01
 7.099501044e-02 6.777869910e-02 6.250461191e-02 5.638208985e-02 4.995571822e-02
 4.321580008e-02 3.615477309e-02 2.876790240e-02 2.105215378e-02 1.300599892e-02
 4.569044337e-03-4.163540900e-03-1.309699565e-02-2.214118838e-02-3.121313266e-02
-4.023846984e-02-4.915216565e-02-5.789860338e-02-6.643127650e-02-7.471210510e-02
-8.271048218e-02-9.040220082e-02-9.776824713e-02-1.047935784e-01-1.114658937e-01
-1.177743822e-01-1.237085760e-01-1.292572320e-01-1.344072372e-01-1.391426027e-01
-1.434434056e-01-1.472849846e-01-1.506368518e-01-1.534619182e-01-1.557156295e-01
-1.573452353e-01-1.582890451e-01-1.584760845e-01-1.578256935e-01-1.562478095e-01
-1.536435187e-01-1.499065012e-01-1.449253410e-01-1.385871470e-01-1.307827830e-01
-1.214139014e-01-1.104023233e-01-9.770161659e-02-8.331111073e-02-6.729173660e-02
-4.978295788e-02-3.101914003e-02-1.134359278e-02 8.781984448e-03 2.877342328e-02
 4.823029786e-02 6.714916229e-02 8.551156521e-02 1.032865942e-01 1.204319447e-01
 1.368948221e-01 1.526133418e-01 1.675189435e-01 1.815399230e-01 1.946064085e-01
 7.216289639e-02 6.902563572e-02 6.369608641e-02 5.760133266e-02 5.119788647e-02
 4.447772726e-02 3.743683174e-02 3.007198125e-02 2.237966470e-02 1.435460709e-02
 5.987410899e-03-2.692470327e-03-1.158456132e-02-2.059552632e-02-2.964029461e-02
-3.864291310e-02-4.753698409e-02-5.626566336e-02-6.478127837e-02-7.304461300e-02
-8.102397621e-02-8.869409561e-02-9.603490680e-02-1.030303612e-01-1.096671075e-01
-1.159333289e-01-1.218175068e-01-1.273073256e-01-1.323885918e-01-1.370441467e-01
-1.412529051e-01-1.449889243e-01-1.482204050e-01-1.509089172e-01-1.530085355e-01
-1.544650793e-01-1.552155912e-01-1.551877707e-01-1.542999744e-01-1.524613798e-01
-1.495727897e-01-1.455282867e-01-1.402177513e-01-1.335308105e-01-1.253623068e-01
-1.156198233e-01-1.042333022e-01-9.116695821e-02-7.643346488e-02-6.010962278e-02
-4.235267267e-02-2.341505326e-02-3.654756583e-03 1.646361127e-02 3.621483222e-02
 5.556550249e-02 7.448923588e-02 9.295566380e-02 1.109249219e-01 1.283443868e-01
 1.451466382e-01 1.612486690e-01 1.765532196e-01 1.909527332e-01 2.043367326e-01
 7.355813682e-02 7.050064951e-02 6.533268094e-02 5.928655714e-02 5.291221663e-02
 4.621203244e-02 3.918883204e-02 3.184522316e-02 2.418235317e-02 1.619928330e-02
 7.892875001e-03-7.334529655e-04-9.579082020e-03-1.854980923e-02-2.755946666e-02
-3.653090447e-02-4.539648443e-02-5.409809202e-02-6.258673221e-02-7.082188874e-02
-7.877054065e-02-8.640608191e-02-9.370715916e-02-1.006563455e-01-1.072389856e-01
-1.134418771e-01-1.192521304e-01-1.246559992e-01-1.296377778e-01-1.341788024e-01
-1.382563412e-01-1.418427825e-01-1.449045986e-01-1.474015713e-01-1.492859423e-01
-1.505017877e-01-1.509844363e-01-1.506601423e-01-1.494461000e-01-1.472508013e-01
-1.439751834e-01-1.395143867e-01-1.337607503e-01-1.266080737e-01-1.179576367e-01
-1.077260971e-01-9.585559368e-02-8.232609183e-02-6.716969609e-02-5.048646778e-02
-3.246053308e-02-1.337517146e-02 6.374836434e-03 2.627407759e-02 4.587610811e-02
 6.518581510e-02 8.419296890e-02 1.028747708e-01 1.211940721e-01 1.390954107e-01
 1.564999074e-01 1.733000129e-01 1.893560141e-01 2.044978142e-01 2.185355723e-01
 7.554540783e-02 7.260418683e-02 6.751106679e-02 6.149997562e-02 5.513259768e-02
 4.842633754e-02 4.139757901e-02 3.405876458e-02 2.641744167e-02 1.847681589e-02
 1.023647375e-02 1.671690610e-03-7.116719149e-03-1.603450626e-02-2.499513328e-02
-3.392073512e-02-4.274267703e-02-5.140161142e-02-5.984721333e-02-6.803748012e-02
-7.593789697e-02-8.352026343e-02-9.076160192e-02-9.764289111e-02-1.041477770e-01
-1.102613509e-01-1.159689799e-01-1.212550998e-01-1.261021644e-01-1.304895282e-01
-1.343924701e-01-1.377812922e-01-1.406203806e-01-1.428673267e-01-1.444723159e-01
-1.453773975e-01-1.455161273e-01-1.448132992e-01-1.431851685e-01-1.405401826e-01
-1.367801726e-01-1.318027526e-01-1.255046129e-01-1.177863479e-01-1.085589901e-01
-9.775246680e-02-8.532619476e-02-7.128164172e-02-5.567656830e-02-3.864011914e-02
-2.038706467e-02-1.229097601e-03 1.842055097e-02 3.795855492e-02 5.736987293e-02
 7.665016502e-02 9.579551965e-02 1.147964299e-01 1.336319298e-01 1.522619128e-01
 1.706160307e-01 1.885778010e-01 2.059641778e-01 2.225069106e-01 2.378556132e-01
 7.828703523e-02 7.551379502e-02 7.038803399e-02 6.434714049e-02 5.790057033e-02
 5.111121386e-02 4.402071983e-02 3.665076941e-02 2.901156433e-02 2.110705152e-02
 1.293842867e-02 4.452291876e-03-4.257487599e-03-1.309923548e-02-2.198707685e-02
-3.084286302e-02-3.959710151e-02-4.818926007e-02-5.656756461e-02-6.468839943e-02
-7.251547277e-02-8.001880348e-02-8.717348427e-02-9.395852685e-02-1.003555506e-01
-1.063476056e-01-1.119178981e-01-1.170486957e-01-1.217201650e-01-1.259093732e-01
-1.295892298e-01-1.327276081e-01-1.352864802e-01-1.372210979e-01-1.384793818e-01
-1.390013695e-01-1.387189925e-01-1.375560015e-01-1.354284883e-01-1.322458386e-01
-1.279124320e-01-1.223304942e-01-1.154038906e-01-1.070436314e-01-9.717499465e-02
-8.574657142e-02-7.274126261e-02-5.818908289e-02-4.218118638e-02-2.488420531e-02
-6.553413346e-03 1.245726459e-02 3.169041127e-02 5.090417340e-02 7.012298703e-02
 8.936932683e-02 1.086662561e-01 1.280368567e-01 1.475014687e-01 1.670719385e-01
 1.867403984e-01 2.064571977e-01 2.260842621e-01 2.452929616e-01 2.633945048e-01
 8.224852383e-02 7.990096509e-02 7.451615483e-02 6.797096133e-02 6.117784977e-02
 5.416394770e-02 4.693775624e-02 3.949949145e-02 3.184531257e-02 2.396860532e-02
 1.585989259e-02 7.505178452e-03-1.083578914e-03-9.810968302e-03-1.858950965e-02
-2.733993717e-02-3.599159420e-02-4.448257014e-02-5.275946110e-02-6.077685207e-02
-6.849646568e-02-7.588618994e-02-8.291891962e-02-8.957134187e-02-9.582272172e-02
-1.016536281e-01-1.070447713e-01-1.119758487e-01-1.164244115e-01-1.203648373e-01
-1.237673759e-01-1.265972406e-01-1.288138032e-01-1.303698719e-01-1.312112510e-01
-1.312762201e-01-1.304956526e-01-1.287931055e-01-1.260857284e-01-1.222856492e-01
-1.173021793e-01-1.110451818e-01-1.034295782e-01-9.438151121e-02-8.384603262e-02
-7.179672271e-02-5.824691430e-02-4.326225072e-02-2.697395161e-02-9.591493756e-03
 8.586918004e-03 2.716835588e-02 4.584630579e-02 6.463903934e-02 8.357612789e-02
 1.026974395e-01 1.220540255e-01 1.417098790e-01 1.617440879e-01 1.822533607e-01
 2.033552676e-01 2.251933515e-01 2.479498088e-01 2.719023824e-01 2.970460951e-01
 8.676244318e-02 8.497373760e-02 7.898017764e-02 7.173478603e-02 6.452851743e-02
 5.727129057e-02 4.991156608e-02 4.241869599e-02 3.477171063e-02 2.695409581e-02
 1.895154268e-02 1.075140201e-02 2.323145047e-03-6.244788878e-03-1.486735605e-02
-2.346570045e-02-3.196853399e-02-4.031269997e-02-4.844314605e-02-5.631249025e-02
-6.388026476e-02-7.111197710e-02-7.797798514e-02-8.445233107e-02-9.051153064e-02
-9.613335133e-02-1.012956202e-01-1.059750766e-01-1.101463437e-01-1.137808412e-01
-1.168459207e-01-1.193040088e-01-1.211118773e-01-1.222200990e-01-1.225726306e-01
-1.221067458e-01-1.207531393e-01-1.184366345e-01-1.150773615e-01-1.105927080e-01
-1.049001366e-01-9.792114794e-02-8.958657831e-02-7.984335721e-02-6.866281480e-02
-5.605052412e-02-4.205740988e-02-2.679154091e-02-1.042969897e-02 6.772377994e-03
 2.447317913e-02 4.234317690e-02 6.039757282e-02 7.866224647e-02 9.717603028e-02
 1.159932464e-01 1.351873428e-01 1.548560560e-01 1.751288176e-01 1.961775124e-01
 2.182322443e-01 2.416054904e-01 2.667300701e-01 2.942142487e-01 3.236184716e-01
 8.970962465e-02 8.816340566e-02 8.205576986e-02 7.471468300e-02 6.739845872e-02
 6.006217003e-02 5.267102271e-02 4.519639909e-02 3.761499748e-02 2.990709245e-02
 2.205492370e-02 1.404124685e-02 5.847608671e-03-2.495396417e-03-1.090030186e-02
-1.928681880e-02-2.758236602e-02-3.572228178e-02-4.364971817e-02-5.131518096e-02
-5.867582187e-02-6.569452584e-02-7.233884931e-02-7.857988775e-02-8.439108729e-02
-8.974703401e-02-9.462235868e-02-9.899057448e-02-1.028231010e-01-1.060882211e-01
-1.087503135e-01-1.107690483e-01-1.120988429e-01-1.126884520e-01-1.124807745e-01
-1.114130765e-01-1.094174683e-01-1.064220145e-01-1.023524478e-01-9.713469446e-02
-9.069842100e-02-8.298163861e-02-7.393674552e-02-6.353783607e-02-5.178938061e-02
-3.873611242e-02-2.447344363e-02-9.157603607e-03 6.986115593e-03 2.365569584e-02
 4.053989053e-02 5.764492974e-02 7.498594373e-02 9.258911014e-02 1.104943603e-01
 1.287588328e-01 1.474616081e-01 1.667102277e-01 1.866500974e-01 2.074777186e-01
 2.294594198e-01 2.529567182e-01 2.784553468e-01 3.065842390e-01 3.366956711e-01
 9.132865071e-02 8.992166817e-02 8.412855864e-02 7.687881589e-02 6.962187588e-02
 6.234735250e-02 5.503600463e-02 4.766872525e-02 4.022757709e-02 3.269578516e-02
 2.505734935e-02 1.729648001e-02 9.396990761e-03 1.344339107e-03-6.774860434e-03
-1.488060877e-02-2.289992943e-02-3.076714650e-02-3.842382506e-02-4.581843317e-02
-5.290569365e-02-5.964574218e-02-6.600314379e-02-7.194581628e-02-7.744383812e-02
-8.246842027e-02-8.699072897e-02-9.098087251e-02-9.440691769e-02-9.723401815e-02
-9.942366183e-02-1.009331122e-01-1.017149240e-01-1.017168611e-01-1.008819342e-01
-9.914897382e-02-9.645359218e-02-9.272976965e-02-8.791214228e-02-8.193920553e-02
-7.475753129e-02-6.632706523e-02-5.662775040e-02-4.566717520e-02-3.348940611e-02
-2.018447779e-02-5.898220930e-03 9.158736095e-03 2.471677400e-02 4.052271694e-02
 5.657055229e-02 7.286038995e-02 8.940019459e-02 1.062077582e-01 1.233128607e-01
 1.407602727e-01 1.586133242e-01 1.769591570e-01 1.959156394e-01 2.156414688e-01
 2.363517433e-01 2.583434582e-01 2.820451856e-01 3.081272244e-01 3.353690505e-01
 9.237782657e-02 9.113677591e-02 8.540908247e-02 7.829637825e-02 7.118448615e-02
 6.406037509e-02 5.691185594e-02 4.972715676e-02 4.249474779e-02 3.520294279e-02
 2.783977613e-02 2.039315924e-02 1.285165269e-02 5.163034424e-03-2.593050711e-03
-1.033929177e-02-1.800338924e-02-2.551919594e-02-3.282701969e-02-3.987346590e-02
-4.661089927e-02-5.299670249e-02-5.899237096e-02-6.456251442e-02-6.967377663e-02
-7.429382205e-02-7.839028537e-02-8.192982525e-02-8.487726748e-02-8.719481528e-02
-8.884150535e-02-8.977276087e-02-8.994023502e-02-8.929191530e-02-8.777260780e-02
-8.532488346e-02-8.189053088e-02-7.741270214e-02-7.183887810e-02-6.512465328e-02
-5.723858997e-02-4.816806316e-02-3.792614862e-02-2.655925974e-02-1.415522583e-02
-8.507823804e-04 1.315915864e-02 2.757018991e-02 4.227156937e-02 5.723864585e-02
 7.245339453e-02 8.790395409e-02 1.035849303e-01 1.194982976e-01 1.356543899e-01
 1.520733535e-01 1.687865257e-01 1.858379543e-01 2.032857835e-01 2.212032080e-01
 2.396782935e-01 2.588106990e-01 2.786993980e-01 2.993736863e-01 3.198021352e-01
 9.261372685e-02 9.151097387e-02 8.589732647e-02 7.898554206e-02 7.208438218e-02
 6.517191231e-02 5.824267864e-02 5.129443854e-02 4.432369769e-02 3.732442111e-02
 3.028804995e-02 2.320360392e-02 1.605743356e-02 8.831763640e-03 1.529405359e-03
-5.769244395e-03-1.299078017e-02-2.006822079e-02-2.694072947e-02-3.355326131e-02
-3.985603154e-02-4.580383003e-02-5.135517940e-02-5.647146702e-02-6.111594290e-02
-6.525281817e-02-6.884633005e-02-7.185994089e-02-7.425554842e-02-7.599297166e-02
-7.702952623e-02-7.731986046e-02-7.681603730e-02-7.546808571e-02-7.322479039e-02
-7.003515214e-02-6.585039198e-02-6.062667072e-02-5.432857573e-02-4.693353921e-02
-3.843709826e-02-2.885901928e-02-1.825017110e-02-6.699922960e-03 5.655971356e-03
 1.864147745e-02 3.196436167e-02 4.561114311e-02 5.954814702e-02 7.374432683e-02
 8.817166090e-02 1.028053239e-01 1.176240146e-01 1.326102465e-01 1.477506012e-01
 1.630356908e-01 1.784597337e-01 1.940188706e-01 2.097080499e-01 2.255144864e-01
 2.414058149e-01 2.573077679e-01 2.730619311e-01 2.883394361e-01 3.024722934e-01
 9.171222895e-02 9.062968194e-02 8.550806344e-02 7.898087054e-02 7.235422730e-02
 6.567624211e-02 5.898544192e-02 5.230034515e-02 4.562696815e-02 3.896386549e-02
 3.230492771e-02 2.564105764e-02 1.896139048e-02 1.225465070e-02 5.482152570e-03
-1.283998834e-03-7.974052802e-03-1.452244818e-02-2.086843364e-02-2.695610747e-02
-3.273409232e-02-3.815501183e-02-4.317478836e-02-4.775190353e-02-5.184654146e-02
-5.541982129e-02-5.843303353e-02-6.084695458e-02-6.262134016e-02-6.371452659e-02
-6.408330053e-02-6.368301809e-02-6.246808171e-02-6.039277092e-02-5.741259828e-02
-5.348620564e-02-4.857788980e-02-4.266083986e-02-3.572110087e-02-2.776229382e-02
-1.881105453e-02-8.922860958e-03 1.812209026e-03 1.326429285e-02 2.520871721e-02
 3.754633665e-02 5.023748055e-02 6.324574351e-02 7.653325796e-02 9.006151557e-02
 1.037918031e-01 1.176855043e-01 1.317043304e-01 1.458104849e-01 1.599665731e-01
 1.741352826e-01 1.882782280e-01 2.023538351e-01 2.163133472e-01 2.300944328e-01
 2.436112463e-01 2.567401826e-01 2.693022490e-01 2.810479403e-01 2.916634679e-01
 9.125630558e-02 9.056216478e-02 8.531159163e-02 7.868615538e-02 7.210016251e-02
 6.555121392e-02 5.906264484e-02 5.264322832e-02 4.629258066e-02 4.000487924e-02
 3.377093375e-02 2.757949755e-02 2.141784318e-02 1.527187973e-02 9.125146084e-03
 2.983342856e-03-3.083551535e-03-9.010657668e-03-1.473760791e-02-2.020823210e-02
-2.537020668e-02-3.017461672e-02-3.457539156e-02-3.852870315e-02-4.199232906e-02
-4.492500797e-02-4.728587717e-02-4.903402925e-02-5.012819171e-02-5.052662641e-02
-5.018726736e-02-4.906820133e-02-4.712847248e-02-4.432938248e-02-4.063625634e-02
-3.602083400e-02-3.046423756e-02-2.396056801e-02-1.652123034e-02-8.179239929e-03
 1.004667720e-03 1.093667652e-02 2.148550004e-02 3.249217570e-02 4.393523932e-02
 5.577532202e-02 6.797157228e-02 8.048154414e-02 9.326037765e-02 1.062605232e-01
 1.194315553e-01 1.327202320e-01 1.460706890e-01 1.594247073e-01 1.727220416e-01
 1.859007180e-01 1.988967359e-01 2.116434723e-01 2.240697742e-01 2.360969484e-01
 2.476348132e-01 2.585770190e-01 2.687979341e-01 2.781540453e-01 2.864930332e-01
 9.039273858e-02 9.005643427e-02 8.467601240e-02 7.771584392e-02 7.103015482e-02
 6.456167996e-02 5.827611685e-02 5.215075985e-02 4.616709054e-02 4.030806571e-02
 3.455739468e-02 2.889953740e-02 2.331987955e-02 1.780503429e-02 1.234349608e-02
 6.902122870e-03 1.541745150e-03-3.677445464e-03-8.697505109e-03-1.346330158e-02
-1.792259142e-02-2.202584594e-02-2.572591417e-02-2.897761762e-02-3.173730895e-02
-3.396245465e-02-3.561130166e-02-3.664265200e-02-3.701584786e-02-3.669093549e-02
-3.562915325e-02-3.379373252e-02-3.115113080e-02-2.767263353e-02-2.333653718e-02
-1.813100278e-02-1.205735281e-02-5.133376457e-03 2.600111067e-03 1.108247787e-02
 2.021935210e-02 2.987868339e-02 4.005257785e-02 5.070372671e-02 6.179694086e-02
 7.329411805e-02 8.515369892e-02 9.732998908e-02 1.097723842e-01 1.224247068e-01
 1.352247000e-01 1.481038034e-01 1.609873474e-01 1.737953424e-01 1.864435822e-01
 1.988454461e-01 2.109138072e-01 2.225628197e-01 2.337093055e-01 2.442734241e-01
 2.541784048e-01 2.633499503e-01 2.717163265e-01 2.792091966e-01 2.857672572e-01
 8.751483262e-02 8.725911379e-02 8.201128244e-02 7.513002306e-02 6.857325137e-02
 6.232242286e-02 5.634368584e-02 5.060398579e-02 4.507293552e-02 3.972347453e-02
 3.453193605e-02 2.947794646e-02 2.454416826e-02 1.971586607e-02 1.498024724e-02
 1.032503694e-02 5.751650780e-03 1.319432631e-03-2.915313933e-03-6.898841821e-03
-1.057977974e-02-1.390898507e-02-1.683936082e-02-1.932563446e-02-2.132412419e-02
-2.279254794e-02-2.368992940e-02-2.397666126e-02-2.361474745e-02-2.256830409e-02
-2.080436796e-02-1.829405129e-02-1.501415763e-02-1.094900817e-02-6.092175376e-03
-4.508849233e-04 5.949550308e-03 1.307448559e-02 2.082654461e-02 2.915215120e-02
 3.804547340e-02 4.747836292e-02 5.742612481e-02 6.786073744e-02 7.875123620e-02
 9.006270766e-02 1.017552093e-01 1.137824953e-01 1.260906309e-01 1.386165917e-01
 1.512869895e-01 1.640171707e-01 1.767111421e-01 1.892624795e-01 2.015567124e-01
 2.134753466e-01 2.249011397e-01 2.357240021e-01 2.458468080e-01 2.551897168e-01
 2.636927962e-01 2.713162899e-01 2.780391574e-01 2.838565707e-01 2.887770236e-01
 8.293639123e-02 8.275532722e-02 7.735760510e-02 7.065324485e-02 6.439529359e-02
 5.853280425e-02 5.301940441e-02 4.780798405e-02 4.285564646e-02 3.812579066e-02
 3.358850628e-02 2.922010608e-02 2.500242367e-02 2.092214860e-02 1.697044447e-02
 1.314313896e-02 9.410832077e-03 5.824338645e-03 2.434863476e-03-7.071238942e-04
-3.552531358e-03-6.053964142e-03-8.165842853e-03-9.844418615e-03-1.104775630e-02
-1.173573732e-02-1.187022310e-02-1.141541079e-02-1.033836789e-02-8.609784767e-03
-6.205047481e-03-3.105635988e-03 6.981350016e-04 5.204046145e-03 1.040646061e-02
 1.628166810e-02 2.273635380e-02 2.978868037e-02 3.742857277e-02 4.564038292e-02
 5.441055447e-02 6.372318417e-02 7.356072962e-02 8.390316367e-02 9.472708404e-02
 1.060045809e-01 1.177016497e-01 1.297763139e-01 1.421762407e-01 1.548360288e-01
 1.676743627e-01 1.805911958e-01 1.934658587e-01 2.061569393e-01 2.185052633e-01
 2.303408086e-01 2.414940000e-01 2.518095672e-01 2.611604333e-01 2.694585919e-01
 2.766608000e-01 2.827688456e-01 2.878238559e-01 2.918961048e-01 2.950727344e-01
 7.566403598e-02 7.534046471e-02 7.029838115e-02 6.395767629e-02 5.820661038e-02
 5.296076089e-02 4.813066125e-02 4.364000261e-02 3.942877054e-02 3.545179591e-02
 3.167609125e-02 2.807824686e-02 2.464234456e-02 2.135842107e-02 1.822134666e-02
 1.522997208e-02 1.238613948e-02 9.687161073e-03 7.181315683e-03 4.916391335e-03
 2.938774182e-03 1.292998902e-03 2.155755647e-05-8.352490840e-04-1.239444944e-03
-1.155263511e-03-5.496258382e-04 6.070809904e-04 2.340096049e-03 4.669654183e-03
 7.609465159e-03 1.116883941e-02 1.534523629e-02 2.007853240e-02 2.539209276e-02
 3.128902987e-02 3.775933385e-02 4.479984939e-02 5.240664259e-02 6.057471409e-02
 6.929861009e-02 7.857204974e-02 8.838757873e-02 9.873603284e-02 1.096055955e-01
 1.209805459e-01 1.328394115e-01 1.451524496e-01 1.578783393e-01 1.709595025e-01
 1.843166053e-01 1.978417039e-01 2.113907933e-01 2.247780710e-01 2.377745807e-01
 2.501171231e-01 2.615307271e-01 2.717624903e-01 2.806158364e-01 2.879748940e-01
 2.938154340e-01 2.982034683e-01 3.012821674e-01 3.032463789e-01 3.043080866e-01
 6.548487395e-02 6.489025056e-02 6.014238298e-02 5.451218411e-02 4.969511181e-02
 4.545632005e-02 4.162880033e-02 3.810685873e-02 3.482455760e-02 3.174078465e-02
 2.883026004e-02 2.607812546e-02 2.347676083e-02 2.102386951e-02 1.872137375e-02
 1.657487452e-02 1.459361240e-02 1.279115491e-02 1.117481664e-02 9.790753946e-03
 8.682016283e-03 7.888649590e-03 7.448115852e-03 7.394977845e-03 7.759682368e-03
 8.571636863e-03 9.857265279e-03 1.163811050e-02 1.392809302e-02 1.673708484e-02
 2.005305141e-02 2.389433235e-02 2.826822177e-02 3.317340463e-02 3.861420229e-02
 4.459441453e-02 5.111641437e-02 5.818299577e-02 6.579729170e-02 7.396280020e-02
 8.268345892e-02 9.196361899e-02 1.018079445e-01 1.122210622e-01 1.232070476e-01
 1.347684264e-01 1.469046324e-01 1.596096158e-01 1.728681326e-01 1.866499931e-01
 2.009017169e-01 2.155340463e-01 2.304041237e-01 2.452916801e-01 2.598726153e-01
 2.737070620e-01 2.862782478e-01 2.970978618e-01 3.058136702e-01 3.122524023e-01
 3.164180517e-01 3.184866309e-01 3.187997341e-01 3.178181648e-01 3.160126805e-01
 5.062487721e-02 4.917356372e-02 4.534105211e-02 4.174213111e-02 3.881836310e-02
 3.619556874e-02 3.375455737e-02 3.144732118e-02 2.925414033e-02 2.716863528e-02
 2.519149520e-02 2.332750708e-02 2.158408798e-02 1.997058280e-02 1.849798486e-02
 1.717893779e-02 1.602790505e-02 1.506144833e-02 1.429837011e-02 1.376266871e-02
 1.349085197e-02 1.351408847e-02 1.386282500e-02 1.456677914e-02 1.563429087e-02
 1.709114760e-02 1.895902492e-02 2.125576884e-02 2.399537712e-02 2.718848176e-02
 3.084249981e-02 3.496651351e-02 3.956858814e-02 4.465561360e-02 5.023488402e-02
 5.631408095e-02 6.290136278e-02 7.000578940e-02 7.763756812e-02 8.580838889e-02
 9.453164041e-02 1.038227677e-01 1.136994958e-01 1.241821423e-01 1.352937669e-01
 1.470601559e-01 1.595095396e-01 1.726717055e-01 1.865758896e-01 2.012469918e-01
 2.166984081e-01 2.329192311e-01 2.498514950e-01 2.673474550e-01 2.850826085e-01
 3.023649156e-01 3.179339170e-01 3.305391073e-01 3.396146297e-01 3.450156450e-01
 3.467964232e-01 3.452132940e-01 3.408936858e-01 3.350694776e-01 3.290379047e-01
 3.026327118e-02 2.638522163e-02 2.655392885e-02 2.709393948e-02 2.681069076e-02
 2.612225339e-02 2.521592006e-02 2.419326641e-02 2.311907336e-02 2.203957364e-02
 2.099042386e-02 2.000067942e-02 1.909506321e-02 1.829545200e-02 1.762191206e-02
 1.709354110e-02 1.672915556e-02 1.654789038e-02 1.656977460e-02 1.681641303e-02
 1.731120795e-02 1.807717606e-02 1.913624257e-02 2.050842158e-02 2.221047878e-02
 2.425924316e-02 2.667034790e-02 2.945773304e-02 3.263356909e-02 3.620848060e-02
 4.019203782e-02 4.459360242e-02 4.942249134e-02 5.468828231e-02 6.040123105e-02
 6.657262892e-02 7.321511209e-02 8.034300804e-02 8.797273040e-02 9.612317383e-02
 1.048162878e-01 1.140776277e-01 1.239371896e-01 1.344303042e-01 1.455989033e-01
 1.574929506e-01 1.701722145e-01 1.837083995e-01 1.981873214e-01 2.137110531e-01
 2.303993106e-01 2.483888566e-01 2.678300738e-01 2.888816595e-01 3.117195666e-01
 3.366562128e-01 3.589993715e-01 3.743695021e-01 3.838498592e-01 3.880063295e-01
 3.863533437e-01 3.793390989e-01 3.662425876e-01 3.513657153e-01 3.400802612e-01
 1.613685116e-02 1.148012001e-02 1.254444383e-02 1.465336792e-02 1.594045199e-02
 1.664381102e-02 1.695085689e-02 1.699928194e-02 1.689011231e-02 1.669900864e-02
 1.648404449e-02 1.629092731e-02 1.615654118e-02 1.611148939e-02 1.618192345e-02
 1.639091969e-02 1.675948314e-02 1.730731875e-02 1.805335283e-02 1.901606470e-02
 2.021350898e-02 2.166296542e-02 2.338061109e-02 2.538126335e-02 2.767828107e-02
 3.028392792e-02 3.320942819e-02 3.646501154e-02 4.006006941e-02 4.400344938e-02
 4.830382392e-02 5.297016725e-02 5.801212043e-02 6.344037503e-02 6.926703453e-02
 7.550597191e-02 8.217313886e-02 8.928690851e-02 9.686849266e-02 1.049424112e-01
 1.135371029e-01 1.226857603e-01 1.324274540e-01 1.428086460e-01 1.538852155e-01
 1.657253504e-01 1.784133613e-01 1.920549572e-01 2.067847848e-01 2.227764875e-01
 2.402566671e-01 2.595223188e-01 2.809603512e-01 3.050640821e-01 3.324425220e-01
 3.616731167e-01 3.840641379e-01 3.994338512e-01 4.081701636e-01 4.099893868e-01
 4.050951600e-01 3.924911618e-01 3.734708428e-01 3.570942283e-01 3.439350724e-01
 6.492863409e-03 1.445710426e-03 2.712155227e-03 5.236594006e-03 7.136181928e-03
 8.537146263e-03 9.561823681e-03 1.032140758e-02 1.091017760e-02 1.140514109e-02
 1.186808944e-02 1.234841440e-02 1.288587879e-02 1.351299882e-02 1.425696071e-02
 1.514105313e-02 1.618572138e-02 1.740927249e-02 1.882834733e-02 2.045817673e-02
 2.231268771e-02 2.440448105e-02 2.674479410e-02 2.934350073e-02 3.220916912e-02
 3.534925357e-02 3.877029568e-02 4.247818142e-02 4.647849128e-02 5.077686906e-02
 5.537950993e-02 6.029362231e-02 6.552790105e-02 7.109293342e-02 7.700155675e-02
 8.326917887e-02 8.991397917e-02 9.695718437e-02 1.044233143e-01 1.123405024e-01
 1.207410544e-01 1.296621859e-01 1.391471326e-01 1.492467523e-01 1.600217521e-01
 1.715458930e-01 1.839105487e-01 1.972312927e-01 2.116577923e-01 2.273888290e-01
 2.446961999e-01 2.639636397e-01 2.857493758e-01 3.108636141e-01 3.401592970e-01
 3.660544753e-01 3.856008053e-01 3.988276124e-01 4.055436850e-01 4.057148695e-01
 3.982089460e-01 3.824108839e-01 3.653206229e-01 3.510645032e-01 3.390932083e-01
 2.632678661e-04-5.052178632e-03-4.216431640e-03-1.741362503e-03 2.523776202e-04
 1.852803049e-03 3.163296264e-03 4.279983230e-03 5.285142921e-03 6.245675497e-03
 7.214539684e-03 8.233413100e-03 9.335488081e-03 1.054783538e-02 1.189319976e-02
 1.339118928e-02 1.505901106e-02 1.691185683e-02 1.896307245e-02 2.122421935e-02
 2.370506153e-02 2.641357854e-02 2.935600281e-02 3.253690898e-02 3.595938534e-02
 3.962524980e-02 4.353540763e-02 4.769019783e-02 5.208993331e-02 5.673544109e-02
 6.162874401e-02 6.677371264e-02 7.217668742e-02 7.784698159e-02 8.379727602e-02
 9.004381299e-02 9.660638869e-02 1.035083830e-01 1.107765809e-01 1.184412241e-01
 1.265360713e-01 1.350987852e-01 1.441716552e-01 1.538026035e-01 1.640468240e-01
 1.749689579e-01 1.866462082e-01 1.991726905e-01 2.126655281e-01 2.272740304e-01
 2.431938052e-01 2.606914043e-01 2.801534534e-01 3.022317886e-01 3.257963359e-01
 3.455884457e-01 3.607848287e-01 3.711182475e-01 3.764872551e-01 3.761041760e-01
 3.696926236e-01 3.579840958e-01 3.467802405e-01 3.365843296e-01 3.274261951e-01
-3.770731855e-03-9.454879910e-03-8.831050247e-03-6.727859378e-03-5.062878132e-03
-3.684156109e-03-2.461839933e-03-1.296351315e-03-1.174558711e-04 1.122204703e-03
 2.454432193e-03 3.901585704e-03 5.480930209e-03 7.207335904e-03 9.094653651e-03
 1.115615945e-02 1.340441499e-02 1.585084945e-02 1.850526966e-02 2.137545124e-02
 2.446687594e-02 2.778264135e-02 3.132351488e-02 3.508810699e-02 3.907309100e-02
 4.327352345e-02 4.768320918e-02 5.229520798e-02 5.710247904e-02 6.209875643e-02
 6.727955490e-02 7.264325023e-02 7.819209993e-02 8.393301070e-02 8.987799287e-02
 9.604421258e-02 1.024535820e-01 1.091321856e-01 1.161094606e-01 1.234175116e-01
 1.310905069e-01 1.391644329e-01 1.476770490e-01 1.566681862e-01 1.661801934e-01
 1.762584746e-01 1.869520843e-01 1.983138323e-01 2.103995681e-01 2.232654095e-01
 2.369596660e-01 2.515033484e-01 2.668417692e-01 2.827349007e-01 2.984248698e-01
 3.122747540e-01 3.234140277e-01 3.314119875e-01 3.359865546e-01 3.369855881e-01
 3.345170319e-01 3.297742009e-01 3.240476251e-01 3.179695606e-01 3.119157553e-01
-4.885490518e-03-1.095030364e-02-1.109658089e-02-9.985272773e-03-9.256300516e-03
-8.595203981e-03-7.820485160e-03-6.847606506e-03-5.650307517e-03-4.230971448e-03
-2.602204215e-03-7.767103380e-04 1.237518620e-03 3.438681830e-03 5.830599926e-03
 8.421033621e-03 1.121959556e-02 1.423573308e-02 1.747710072e-02 2.094845474e-02
 2.465110645e-02 2.858284675e-02 3.273820132e-02 3.710881621e-02 4.168384150e-02
 4.645023495e-02 5.139298365e-02 5.649554729e-02 6.174053997e-02 6.711097062e-02
 7.259198278e-02 7.817286998e-02 8.384909481e-02 8.962379396e-02 9.550853819e-02
 1.015230343e-01 1.076940000e-01 1.140533462e-01 1.206360459e-01 1.274781823e-01
 1.346154511e-01 1.420821249e-01 1.499105096e-01 1.581305861e-01 1.667697132e-01
 1.758519858e-01 1.853971183e-01 1.954179704e-01 2.059163004e-01 2.168752402e-01
 2.282466888e-01 2.399308234e-01 2.517452538e-01 2.633876801e-01 2.744176984e-01
 2.843183875e-01 2.926262915e-01 2.990122139e-01 3.032985032e-01 3.054736853e-01
 3.057197928e-01 3.044031262e-01 3.019674420e-01 2.988119721e-01 2.952451706e-01
-1.587929088e-03-7.602679078e-03-1.037561335e-02-1.203590073e-02-1.334321871e-02
-1.397859119e-02-1.387577131e-02-1.312883943e-02-1.186287683e-02-1.019061171e-02
-8.200673386e-03-5.954820663e-03-3.489201888e-03-8.184249746e-04 2.058620565e-03
 5.152461119e-03 8.477304131e-03 1.204646006e-02 1.586914808e-02 1.994869113e-02
 2.428201213e-02 2.886022255e-02 3.366979957e-02 3.869388252e-02 4.391303658e-02
 4.930533841e-02 5.484586209e-02 6.050609797e-02 6.625403464e-02 7.205568254e-02
 7.787828147e-02 8.369472623e-02 8.948823810e-02 9.525584430e-02 1.010100543e-01
 1.067780629e-01 1.125987172e-01 1.185179129e-01 1.245834976e-01 1.308410168e-01
 1.373310089e-01 1.440876424e-01 1.511383355e-01 1.585038751e-01 1.661981046e-01
 1.742273867e-01 1.825892329e-01 1.912698299e-01 2.002401948e-01 2.094506621e-01
 2.188235223e-01 2.282444239e-01 2.375544012e-01 2.465471923e-01 2.549785972e-01
 2.625917196e-01 2.691522837e-01 2.744817436e-01 2.784796953e-01 2.811356187e-01
 2.825287879e-01 2.828130722e-01 2.821864486e-01 2.808566093e-01 2.790147066e-01
 2.542246133e-03-3.727978561e-03-9.637508541e-03-1.535790227e-02-2.050205693e-02
-2.215247601e-02-2.217612416e-02-2.112361416e-02-1.934177056e-02-1.707357168e-02
-1.448699366e-02-1.168466266e-02-8.712623268e-03-5.574070849e-03-2.245787531e-03
 1.306997612e-03 5.119480193e-03 9.219845757e-03 1.362470537e-02 1.833693869e-02
 2.334602922e-02 2.863094211e-02 3.416467458e-02 3.991858661e-02 4.586456716e-02
 5.197430030e-02 5.821595341e-02 6.454966217e-02 7.092387229e-02 7.727560401e-02
 8.353691548e-02 8.964672685e-02 9.556305408e-02 1.012715697e-01 1.067892611e-01
 1.121631116e-01 1.174628139e-01 1.227682754e-01 1.281560361e-01 1.336902976e-01
 1.394197643e-01 1.453785598e-01 1.515883505e-01 1.580603123e-01 1.647963375e-01
 1.717891991e-01 1.790221035e-01 1.864670813e-01 1.940830052e-01 2.018128932e-01
 2.095810771e-01 2.172910273e-01 2.248250842e-01 2.320472300e-01 2.388106138e-01
 2.449693084e-01 2.503929436e-01 2.549806237e-01 2.586719692e-01 2.614526749e-01
 2.633540034e-01 2.644461989e-01 2.648268342e-01 2.646075189e-01 2.639016509e-01
 4.732860252e-03-2.364543267e-03-1.010411326e-02-1.889183000e-02-2.861171216e-02
-3.397102654e-02-3.400783613e-02-3.142885491e-02-2.825324237e-02-2.477552369e-02
-2.122543380e-02-1.771611720e-02-1.424410474e-02-1.073306892e-02-7.081187330e-03
-3.190713469e-03 1.018769224e-03 5.604860373e-03 1.059848815e-02 1.600023359e-02
 2.177996188e-02 2.788490057e-02 3.425618261e-02 4.084476084e-02 4.761759937e-02
 5.455349758e-02 6.163224950e-02 6.881922483e-02 7.604634762e-02 8.319711685e-02
 9.011816978e-02 9.666501731e-02 1.027418301e-01 1.083125174e-01 1.134028435e-01
 1.181059256e-01 1.225751787e-01 1.269818246e-01 1.314637959e-01 1.361094415e-01
 1.409679353e-01 1.460630596e-01 1.514025927e-01 1.569834054e-01 1.627941430e-01
 1.688159406e-01 1.750223041e-01 1.813785136e-01 1.878406256e-01 1.943544149e-01
 2.008547634e-01 2.072657049e-01 2.135017216e-01 2.194704711e-01 2.250775993e-01
 2.302326560e-01 2.348560393e-01 2.388855815e-01 2.422814369e-01 2.450289726e-01
 2.471386194e-01 2.486432791e-01 2.495932877e-01 2.500505745e-01 2.500826120e-01
 7.511195727e-03 2.193975961e-04-8.013283834e-03-1.767637581e-02-2.915397286e-02
-3.777803481e-02-4.219018668e-02-4.221384972e-02-3.782764822e-02-3.223573416e-02
-2.734241635e-02-2.323326841e-02-1.961039752e-02-1.612433791e-02-1.249974966e-02
-8.545359597e-03-4.126677755e-03 8.530145278e-04 6.454348564e-03 1.268433221e-02
 1.946535893e-02 2.663610503e-02 3.403374180e-02 4.157094285e-02 4.923342168e-02
 5.704874173e-02 6.506161392e-02 7.331322134e-02 8.180459589e-02 9.036955237e-02
 9.849797189e-02 1.057900190e-01 1.121181399e-01 1.174380183e-01 1.217461973e-01
 1.251444966e-01 1.280705631e-01 1.310792714e-01 1.343699247e-01 1.379798949e-01
 1.419037282e-01 1.461229622e-01 1.506145746e-01 1.553535014e-01 1.603125036e-01
 1.654616743e-01 1.707673967e-01 1.761916131e-01 1.816910803e-01 1.872169375e-01
 1.927146763e-01 1.981246471e-01 2.033833414e-01 2.084253728e-01 2.131862044e-01
 2.176054865e-01 2.216305137e-01 2.252194583e-01 2.283438742e-01 2.309900224e-01
 2.331591249e-01 2.348660231e-01 2.361371219e-01 2.370073795e-01 2.375173420e-01
 1.172777452e-02 5.081120878e-03-2.244943753e-03-1.036884636e-02-1.928984746e-02
-2.878678590e-02-3.713674843e-02-4.131325707e-02-4.083897918e-02-3.532086313e-02
-2.997132577e-02-2.670567855e-02-2.437021583e-02-2.185652405e-02-1.887220703e-02
-1.527790073e-02-1.095643267e-02-5.782447290e-03 3.895055270e-04 7.719404064e-03
 1.626650989e-02 2.522362769e-02 3.391354904e-02 4.239728302e-02 5.082002282e-02
 5.933572352e-02 6.810801476e-02 7.732847333e-02 8.725581318e-02 9.825074673e-02
 1.081694439e-01 1.163357571e-01 1.229821593e-01 1.279890239e-01 1.312976629e-01
 1.326595545e-01 1.328817308e-01 1.342061758e-01 1.362813711e-01 1.389156878e-01
 1.419913471e-01 1.454291046e-01 1.491712034e-01 1.531716883e-01 1.573904753e-01
 1.617898196e-01 1.663320661e-01 1.709782481e-01 1.756874323e-01 1.804162115e-01
 1.851188242e-01 1.897476315e-01 1.942539364e-01 1.985892504e-01 2.027069628e-01
 2.065640986e-01 2.101232558e-01 2.133542001e-01 2.162352055e-01 2.187538445e-01
 2.209070027e-01 2.227004170e-01 2.241476476e-01 2.252685130e-01 2.260874510e-01
 1.713704690e-02 1.160144806e-02 5.662653595e-03-6.802639691e-04-7.340841461e-03
-1.413823944e-02-2.081257105e-02-2.705079131e-02-3.051856160e-02-2.808995545e-02
-2.520610765e-02-2.456317842e-02-2.476042323e-02-2.369134501e-02-2.162470669e-02
-1.863126829e-02-1.466075424e-02-9.598698467e-03-3.248829860e-03 4.758199677e-03
 1.510187145e-02 2.567986771e-02 3.511716798e-02 4.398111999e-02 5.261864513e-02
 6.127937138e-02 7.018563151e-02 7.957968116e-02 8.976958692e-02 1.010909677e-01
 1.113094613e-01 1.196145117e-01 1.262156069e-01 1.310457885e-01 1.339817643e-01
 1.347322166e-01 1.342779398e-01 1.349468231e-01 1.364225596e-01 1.384819448e-01
 1.409867108e-01 1.438489109e-01 1.470077187e-01 1.504157782e-01 1.540320218e-01
 1.578181088e-01 1.617367566e-01 1.657507718e-01 1.698226631e-01 1.739143133e-01
 1.779871434e-01 1.820023656e-01 1.859215647e-01 1.897073984e-01 1.933245957e-01
 1.967409849e-01 1.999284625e-01 2.028639615e-01 2.055301368e-01 2.079157531e-01
 2.100158036e-01 2.118313015e-01 2.133685946e-01 2.146386802e-01 2.156562805e-01
 0.212598252E+01 0.215532970E+01 0.217276001E+01 0.219113445E+01 0.221337080E+01
 0.223062634E+01 0.224803662E+01 0.226286983E+01 0.227900791E+01 0.229432249E+01
 0.230881310E+01 0.232393789E+01 0.233847046E+01 0.235255194E+01 0.236706257E+01
 0.238155985E+01 0.239567709E+01 0.241010928E+01 0.242464399E+01 0.243950248E+01
 0.245436573E+01 0.246964979E+01 0.248534918E+01 0.250147581E+01 0.251804233E+01
 0.253507471E+01 0.255279565E+01 0.257118917E+01 0.259025931E+01 0.261010766E+01
 0.263092422E+01 0.265273309E+01 0.267537856E+01 0.269921494E+01 0.272421980E+01
 0.275068378E+01 0.277855182E+01 0.280786991E+01 0.283882475E+01 0.287159562E+01
 0.290643024E+01 0.294342685E+01 0.298269796E+01 0.302456236E+01 0.306923342E+01
 0.311713171E+01 0.316844058E+01 0.322365999E+01 0.328320146E+01 0.334760666E+01
 0.341764855E+01 0.349394417E+01 0.357755470E+01 0.366979027E+01 0.377189374E+01
 0.388623261E+01 0.401526260E+01 0.416364765E+01 0.433493805E+01 0.453903675E+01
 0.478993320E+01 0.511149597E+01 0.556221962E+01 0.631344318E+01 0.155064230E+02
   89   86
 0.107331920E+01-0.500000007E-01 0.107433319E+01 0.500000007E-01 0.107906246E+01
 0.120005623E+00 0.108754921E+01 0.200000003E+00 0.110365021E+01 0.300000012E+00
 0.111298263E+01 0.349999994E+00 0.113218749E+01 0.442491889E+00 0.114479828E+01
 0.500000000E+00 0.115875006E+01 0.560800791E+00 0.118019867E+01 0.649999976E+00
 0.119277358E+01 0.699999988E+00 0.121187496E+01 0.772841096E+00 0.123568535E+01
 0.850000024E+00 0.125426424E+01 0.899999976E+00 0.128070712E+01 0.949999988E+00
 0.131812501E+01 0.987791240E+00 0.135796881E+01 0.999688864E+00 0.141109371E+01
 0.999655128E+00 0.145577538E+01 0.991433620E+00 0.150406241E+01 0.978588104E+00
 0.155094242E+01 0.961901307E+00 0.159703124E+01 0.942744315E+00 0.163687491E+01
 0.923059702E+00 0.167671871E+01 0.901777506E+00 0.171656251E+01 0.877106071E+00
 0.175640631E+01 0.851256907E+00 0.179550326E+01 0.822059870E+00 0.183609378E+01
 0.790827572E+00 0.186491263E+01 0.766201079E+00 0.190740407E+01 0.727166533E+00
 0.194234371E+01 0.693367362E+00 0.196890628E+01 0.665191352E+00 0.200397253E+01
 0.625000000E+00 0.204376554E+01 0.575000048E+00 0.207515621E+01 0.531516910E+00
 0.210171890E+01 0.490224451E+00 0.212828112E+01 0.444286972E+00 0.215484381E+01
 0.392835379E+00 0.218140626E+01 0.334662080E+00 0.220422244E+01 0.278177470E+00
 0.222278976E+01 0.224999994E+00 0.223971128E+01 0.163956255E+00 0.225395012E+01
 0.920597985E-01 0.226116800E+01 0.372529030E-08 0.225475502E+01-0.984396338E-01
 0.224172735E+01-0.172561839E+00 0.222807741E+01-0.225045294E+00 0.220734262E+01
-0.288519323E+00 0.218140626E+01-0.357910603E+00 0.215536690E+01-0.418818295E+00
 0.212938499E+01-0.472570866E+00 0.210188627E+01-0.523222744E+00 0.207515621E+01
-0.567585826E+00 0.204859376E+01-0.607957721E+00 0.202203131E+01-0.645188212E+00
 0.199546874E+01-0.679658413E+00 0.195757794E+01-0.725000024E+00 0.191710019E+01
-0.770660162E+00 0.188921881E+01-0.800387323E+00 0.185993516E+01-0.829384387E+00
 0.181442750E+01-0.872197986E+00 0.178296876E+01-0.900658429E+00 0.174920607E+01
-0.927983105E+00 0.170328128E+01-0.963767588E+00 0.167472041E+01-0.983881712E+00
 0.162563872E+01-0.101600122E+01 0.159344840E+01-0.103494549E+01 0.154390621E+01
-0.106181145E+01 0.150406241E+01-0.108043194E+01 0.146421874E+01-0.109819698E+01
 0.142039943E+01-0.111447167E+01 0.137124991E+01-0.113092160E+01 0.132785225E+01
-0.114209163E+01 0.127828121E+01-0.115172875E+01 0.123031414E+01-0.115345430E+01
 0.120624399E+01-0.112684369E+01 0.120261371E+01-0.104999995E+01 0.119606423E+01
-0.949999988E+00 0.118903303E+01-0.875000000E+00 0.117697418E+01-0.785291612E+00
 0.116691422E+01-0.718936801E+00 0.115144706E+01-0.626985073E+00 0.114059472E+01
-0.565024495E+00 0.112535429E+01-0.479032010E+00 0.111359406E+01-0.410219193E+00
 0.110022056E+01-0.328908235E+00 0.108941627E+01-0.250000000E+00 0.108079243E+01
-0.175000012E+00 0.107600093E+01-0.100000001E+00
 0.101600003E+01 0.000000000E+00 0.101600003E+01 0.963999987E+00 0.101600003E+01
 0.967999995E+00 0.101600003E+01 0.100100005E+01 0.101600003E+01 0.101900005E+01
 0.101600003E+01 0.107700002E+01 0.101600003E+01 0.107000005E+01 0.101600003E+01
 0.109599996E+01 0.101600003E+01 0.111300004E+01 0.101600003E+01 0.113800001E+01
 0.101600003E+01 0.114699996E+01 0.101199996E+01 0.116499996E+01 0.100100005E+01
 0.121700001E+01 0.102900004E+01 0.121700001E+01 0.104200006E+01 0.116240001E+01
 0.104600000E+01 0.116237998E+01 0.105599999E+01 0.116260004E+01 0.109700000E+01
 0.116450000E+01 0.110800004E+01 0.116594005E+01 0.111600006E+01 0.116591001E+01
 0.113399994E+01 0.116895998E+01 0.114800000E+01 0.117174995E+01 0.116199994E+01
 0.117556000E+01 0.118099999E+01 0.118299997E+01 0.118200004E+01 0.118350005E+01
 0.118499994E+01 0.118499994E+01 0.119000006E+01 0.118799996E+01 0.119500005E+01
 0.119099998E+01 0.120099998E+01 0.119599998E+01 0.120899999E+01 0.120200002E+01
 0.121500003E+01 0.120799994E+01 0.122200000E+01 0.121399999E+01 0.122800004E+01
 0.122099996E+01 0.123399997E+01 0.123099995E+01 0.123899996E+01 0.123800004E+01
 0.124199998E+01 0.124399996E+01 0.124800003E+01 0.125399995E+01 0.125800002E+01
 0.127800000E+01 0.126300001E+01 0.128999996E+01 0.127999997E+01 0.133099997E+01
 0.127999997E+01 0.134700000E+01 0.127999997E+01 0.134800005E+01 0.130999994E+01
 0.134800005E+01 0.132799995E+01 0.134800005E+01 0.136099994E+01 0.134800005E+01
 0.138000000E+01 0.134800005E+01 0.141900003E+01 0.134800005E+01 0.141900003E+01
 0.130999994E+01 0.137199998E+01 0.130999994E+01 0.137199998E+01 0.129200006E+01
 0.160800004E+01 0.109500003E+01 0.164699996E+01 0.107700002E+01 0.178499997E+01
 0.107700002E+01 0.206999993E+01 0.103999996E+01 0.212800002E+01 0.992999971E+00
 0.224499989E+01 0.708999991E+00 0.232299995E+01 0.518999994E+00 0.237700009E+01
 0.388999999E+00 0.236249995E+01 0.400000006E+00 0.236443496E+01 0.222000003E+00
 0.236496902E+01 0.133000001E+00 0.236532402E+01 0.439999998E-01 0.236512089E+01
-0.439999998E-01 0.236484194E+01-0.133000001E+00 0.236433411E+01-0.222000003E+00
 0.236249995E+01-0.400000006E+00 0.237700009E+01-0.388999999E+00 0.213400006E+01
-0.972999990E+00 0.178600001E+01-0.117400002E+01 0.176800001E+01-0.121099997E+01
 0.176800001E+01-0.125000000E+01 0.168200004E+01-0.125000000E+01 0.137199998E+01
-0.125000000E+01 0.137199998E+01-0.132900000E+01 0.141999996E+01-0.132900000E+01
 0.141999996E+01-0.136300004E+01 0.127300000E+01-0.136300004E+01 0.115300000E+01
-0.136300004E+01 0.101600003E+01-0.122300005E+01 0.101600003E+01-0.122300005E+01
 0.101600003E+01-0.829999983E+00 0.101600003E+01-0.800000012E+00 0.101600003E+01
-0.414999992E+00 0.101600003E+01-0.400000006E+00 0.101600003E+01-0.100000005E-02
 0.101600003E+01 0.000000000E+00
    0 0.169550002E+01    0
 0.000000000E+00 0.104866408E+00 0.148847342E+00 0.182795972E+00 0.210907400E+00
 0.235795453E+00 0.259174168E+00 0.280660093E+00 0.300819457E+00 0.319820523E+00
 0.337847620E+00 0.355122268E+00 0.371657759E+00 0.387608528E+00 0.403024912E+00
 0.417949557E+00 0.432449788E+00 0.446562588E+00 0.460355759E+00 0.473783910E+00
 0.486943394E+00 0.499837130E+00 0.512493968E+00 0.524924397E+00 0.537115932E+00
 0.549135506E+00 0.561004281E+00 0.572691262E+00 0.584223390E+00 0.595608830E+00
 0.606871724E+00 0.618044138E+00 0.629106045E+00 0.640046120E+00 0.650918484E+00
 0.661703527E+00 0.672433376E+00 0.683094263E+00 0.693713725E+00 0.704282880E+00
 0.714823723E+00 0.725350380E+00 0.735834181E+00 0.746330261E+00 0.756823838E+00
 0.767342031E+00 0.777879953E+00 0.788447857E+00 0.799064159E+00 0.809734523E+00
 0.820487499E+00 0.831323504E+00 0.842274010E+00 0.853354096E+00 0.864566326E+00
 0.875970185E+00 0.887573957E+00 0.899456024E+00 0.911593080E+00 0.924122512E+00
 0.937116623E+00 0.950688958E+00 0.965109050E+00 0.980835676E+00 0.100000000E+01
    0
