  EFITD    06/25/2013    #1553413000.0ms  EFIT01   0  65  65
 0.170000005E+01 0.320000005E+01 0.169550002E+01 0.839999974E+00 0.000000000E+00
 0.181719267E+01-0.402495228E-01-0.155977279E+00 0.210776795E-01 0.166129100E+01
 0.102115394E+07-0.155977279E+00 0.000000000E+00 0.181719267E+01 0.000000000E+00
-0.402495228E-01 0.000000000E+00 0.210776795E-01 0.000000000E+00 0.000000000E+00
 0.276249528E+01 0.276533461E+01 0.276806307E+01 0.277068353E+01 0.277319813E+01
 0.277560997E+01 0.277792072E+01 0.278013325E+01 0.278224993E+01 0.278427267E+01
 0.278620434E+01 0.278804731E+01 0.278980350E+01 0.279147577E+01 0.279306579E+01
 0.279457617E+01 0.279600930E+01 0.279736733E+01 0.279865241E+01 0.279986691E+01
 0.280101299E+01 0.280209303E+01 0.280310893E+01 0.280406308E+01 0.280495787E+01
 0.280579519E+01 0.280657744E+01 0.280730653E+01 0.280798507E+01 0.280861497E+01
 0.280919838E+01 0.280973744E+01 0.281023455E+01 0.281069136E+01 0.281111050E+01
 0.281149435E+01 0.281184411E+01 0.281216288E+01 0.281245232E+01 0.281271458E+01
 0.281295204E+01 0.281316662E+01 0.281336069E+01 0.281353617E+01 0.281369543E+01
 0.281383991E+01 0.281397271E+01 0.281409550E+01 0.281421041E+01 0.281431937E+01
 0.281442499E+01 0.281452894E+01 0.281463385E+01 0.281474137E+01 0.281485391E+01
 0.281497335E+01 0.281510210E+01 0.281524229E+01 0.281539583E+01 0.281556487E+01
 0.281575179E+01 0.281595850E+01 0.281618714E+01 0.281644011E+01 0.281671882E+01
 0.105946398E+06 0.102975047E+06 0.100045477E+06 0.971576719E+05 0.943116562E+05
 0.915074062E+05 0.887449375E+05 0.860242422E+05 0.833453281E+05 0.807081797E+05
 0.781128125E+05 0.755592188E+05 0.730474062E+05 0.705773672E+05 0.681491016E+05
 0.657626094E+05 0.634178984E+05 0.611149609E+05 0.588538047E+05 0.566344180E+05
 0.544568047E+05 0.523209727E+05 0.502269141E+05 0.481746328E+05 0.461641250E+05
 0.441953945E+05 0.422684414E+05 0.403832578E+05 0.385398555E+05 0.367382305E+05
 0.349783750E+05 0.332603008E+05 0.315840020E+05 0.299494766E+05 0.283567266E+05
 0.268057539E+05 0.252965566E+05 0.238291367E+05 0.224034902E+05 0.210196211E+05
 0.196775254E+05 0.183772070E+05 0.171186641E+05 0.159018984E+05 0.147269072E+05
 0.135936924E+05 0.125022529E+05 0.114525889E+05 0.104447012E+05 0.947858887E+04
 0.855425195E+04 0.767169189E+04 0.683090723E+04 0.603189795E+04 0.527466504E+04
 0.455920703E+04 0.388552563E+04 0.325361963E+04 0.266348950E+04 0.211513525E+04
 0.160855664E+04 0.114375378E+04 0.720726685E+03 0.339475494E+03 0.000000000E+00
 0.289155555E+01 0.278268242E+01 0.267597938E+01 0.257144594E+01 0.246908259E+01
 0.236888885E+01 0.227086496E+01 0.217501092E+01 0.208132672E+01 0.198981237E+01
 0.190046787E+01 0.181329322E+01 0.172828841E+01 0.164545345E+01 0.156478822E+01
 0.148629284E+01 0.140996730E+01 0.133581161E+01 0.126382577E+01 0.119400966E+01
 0.112636340E+01 0.106088710E+01 0.997580588E+00 0.936443806E+00 0.877476931E+00
 0.820679903E+00 0.766052723E+00 0.713595271E+00 0.663307726E+00 0.615190029E+00
 0.569242120E+00 0.525464058E+00 0.483855814E+00 0.444417417E+00 0.407148838E+00
 0.372050107E+00 0.339121193E+00 0.308362126E+00 0.279772878E+00 0.253353477E+00
 0.229103893E+00 0.207024127E+00 0.187114209E+00 0.169374123E+00 0.153803870E+00
 0.140403435E+00 0.129172847E+00 0.120112062E+00 0.113221139E+00 0.108500034E+00
 0.105948761E+00 0.105567329E+00 0.107355714E+00 0.111313939E+00 0.117441997E+00
 0.125739872E+00 0.136207595E+00 0.148845136E+00 0.163652524E+00 0.180629730E+00
 0.199776769E+00 0.221093640E+00 0.244580328E+00 0.270236880E+00 0.298063248E+00
-0.108167525E+07-0.106657250E+07-0.105146962E+07-0.103636675E+07-0.102126394E+07
-0.100616112E+07-0.991058250E+06-0.975955438E+06-0.960852562E+06-0.945749750E+06
-0.930646875E+06-0.915544000E+06-0.900441188E+06-0.885338375E+06-0.870235500E+06
-0.855132688E+06-0.840029812E+06-0.824927000E+06-0.809824125E+06-0.794721250E+06
-0.779618500E+06-0.764515625E+06-0.749412750E+06-0.734309938E+06-0.719207062E+06
-0.704104250E+06-0.689001375E+06-0.673898562E+06-0.658795750E+06-0.643692875E+06
-0.628590000E+06-0.613487188E+06-0.598384312E+06-0.583281500E+06-0.568178688E+06
-0.553075812E+06-0.537973000E+06-0.522870125E+06-0.507767281E+06-0.492664438E+06
-0.477561625E+06-0.462458750E+06-0.447355906E+06-0.432253062E+06-0.417150250E+06
-0.402047375E+06-0.386944531E+06-0.371841719E+06-0.356738875E+06-0.341636000E+06
-0.326533156E+06-0.311430344E+06-0.296327500E+06-0.281224625E+06-0.266121812E+06
-0.251018969E+06-0.235916109E+06-0.220813281E+06-0.205710422E+06-0.190607594E+06
-0.175504734E+06-0.160401906E+06-0.145299047E+06-0.130196219E+06-0.115093375E+06
 5.388579518e-02 5.254240707e-02 5.123368651e-02 4.989057779e-02 4.843938351e-02
 4.678704590e-02 4.480173811e-02 4.229737818e-02 3.833859786e-02 3.185442463e-02
 2.404296771e-02 1.470620371e-02 5.256758071e-03-1.294954447e-03-5.607035477e-03
-7.960970514e-03-8.429125883e-03-6.956993602e-03-3.324791789e-03 2.957528457e-03
 1.285094768e-02 2.326716296e-02 3.185675293e-02 3.942428157e-02 4.641978443e-02
 5.312026292e-02 5.972361192e-02 6.639718264e-02 7.331128418e-02 8.064559102e-02
 8.753091097e-02 9.369143844e-02 9.923133254e-02 1.040981412e-01 1.082568839e-01
 1.116027609e-01 1.144806147e-01 1.178222597e-01 1.214932278e-01 1.254160851e-01
 1.295481473e-01 1.338649690e-01 1.383490115e-01 1.429832876e-01 1.477483958e-01
 1.526216716e-01 1.575771421e-01 1.625857651e-01 1.676156819e-01 1.726325452e-01
 1.775998771e-01 1.824796945e-01 1.872332543e-01 1.918219924e-01 1.962086558e-01
 2.003585398e-01 2.042407691e-01 2.078293562e-01 2.111042738e-01 2.140519619e-01
 2.166656703e-01 2.189454138e-01 2.208973467e-01 2.225331366e-01 2.238688469e-01
 5.050147325e-02 4.915329069e-02 4.807076976e-02 4.724291340e-02 4.661067575e-02
 4.604081810e-02 4.488486052e-02 4.222524166e-02 3.777238727e-02 3.133279830e-02
 2.432643995e-02 1.713322289e-02 1.042626798e-02 5.279460922e-03 1.781357802e-03
-1.060942377e-04-3.845353494e-04 1.001096214e-03 4.163787700e-03 9.253866971e-03
 1.627848670e-02 2.400889434e-02 3.133206815e-02 3.824508935e-02 4.488362744e-02
 5.138615519e-02 5.788214505e-02 6.450077891e-02 7.138897479e-02 7.870596647e-02
 8.561629802e-02 9.183609486e-02 9.746089578e-02 1.024752557e-01 1.068386957e-01
 1.104431897e-01 1.136665642e-01 1.173949614e-01 1.215028763e-01 1.259106100e-01
 1.305698305e-01 1.354485750e-01 1.405228078e-01 1.457711458e-01 1.511716098e-01
 1.566999257e-01 1.623283029e-01 1.680249721e-01 1.737538427e-01 1.794745624e-01
 1.851427853e-01 1.907107234e-01 1.961282939e-01 2.013444304e-01 2.063089013e-01
 2.109744251e-01 2.152987719e-01 2.192468643e-01 2.227924168e-01 2.259190977e-01
 2.286209017e-01 2.309019864e-01 2.327755690e-01 2.342625260e-01 2.353896350e-01
 4.602638632e-02 4.467337579e-02 4.385489225e-02 4.368738830e-02 4.416625574e-02
 4.381345585e-02 4.222175851e-02 3.926457465e-02 3.484798968e-02 2.999787033e-02
 2.524328232e-02 2.077644318e-02 1.682679728e-02 1.365345530e-02 1.145142782e-02
 1.033671945e-02 1.037648693e-02 1.160807535e-02 1.403421722e-02 1.759151183e-02
 2.210046537e-02 2.726247162e-02 3.277706355e-02 3.845670447e-02 4.422552139e-02
 5.007373542e-02 5.602354556e-02 6.210917607e-02 6.835971028e-02 7.473920286e-02
 8.097380400e-02 8.688329160e-02 9.244143963e-02 9.764038026e-02 1.024755239e-01
 1.069693118e-01 1.113421321e-01 1.159009710e-01 1.207076162e-01 1.257636696e-01
 1.310604215e-01 1.365863383e-01 1.423281133e-01 1.482703090e-01 1.543942690e-01
 1.606772840e-01 1.670914590e-01 1.736030430e-01 1.801716387e-01 1.867498159e-01
 1.932830811e-01 1.997103244e-01 2.059649676e-01 2.119769752e-01 2.176757604e-01
 2.229936868e-01 2.278699428e-01 2.322544456e-01 2.361109257e-01 2.394190431e-01
 2.421751618e-01 2.443915009e-01 2.460941672e-01 2.473201603e-01 2.481140196e-01
 3.979441524e-02 3.818812966e-02 3.737721592e-02 3.742465377e-02 3.808748722e-02
 3.763694316e-02 3.577346727e-02 3.322763741e-02 3.049598821e-02 2.767591551e-02
 2.489444986e-02 2.229593322e-02 2.003213018e-02 1.825035363e-02 1.707845554e-02
 1.661464572e-02 1.692436635e-02 1.803948544e-02 1.995540969e-02 2.262641490e-02
 2.596498653e-02 2.985350601e-02 3.416880220e-02 3.880677000e-02 4.369375482e-02
 4.878406972e-02 5.405024439e-02 5.947057158e-02 6.501519680e-02 7.063363492e-02
 7.625688612e-02 8.182150871e-02 8.728910238e-02 9.264831245e-02 9.791414440e-02
 1.031322628e-01 1.083786041e-01 1.137372181e-01 1.192722172e-01 1.250218451e-01
 1.310057789e-01 1.372321397e-01 1.437012255e-01 1.504071951e-01 1.573383361e-01
 1.644766629e-01 1.717970222e-01 1.792658716e-01 1.868399829e-01 1.944651008e-01
 2.020748854e-01 2.095906734e-01 2.169222534e-01 2.239703536e-01 2.306311280e-01
 2.368023247e-01 2.423908114e-01 2.473201305e-01 2.515368462e-01 2.550147772e-01
 2.577561140e-01 2.597895265e-01 2.611656189e-01 2.619505525e-01 2.622192204e-01
 3.089709766e-02 2.862306684e-02 2.778885886e-02 2.808842435e-02 2.877778560e-02
 2.868651785e-02 2.818272822e-02 2.734042332e-02 2.624244988e-02 2.498387918e-02
 2.367046848e-02 2.241438627e-02 2.132854611e-02 2.052023448e-02 2.008477040e-02
 2.010027133e-02 2.062401175e-02 2.169022150e-02 2.330903895e-02 2.546689659e-02
 2.812937647e-02 3.124718368e-02 3.476443142e-02 3.862674534e-02 4.278669879e-02
 4.720535129e-02 5.185063556e-02 5.669387430e-02 6.170617417e-02 6.685671210e-02
 7.211443037e-02 7.745286822e-02 8.285540342e-02 8.831870556e-02 9.385403991e-02
 9.948657453e-02 1.052520275e-01 1.111903936e-01 1.173393056e-01 1.237297431e-01
 1.303848177e-01 1.373202205e-01 1.445451230e-01 1.520625502e-01 1.598693430e-01
 1.679554135e-01 1.763023585e-01 1.848815531e-01 1.936515123e-01 2.025547922e-01
 2.115146816e-01 2.204322070e-01 2.291848361e-01 2.376280725e-01 2.456016690e-01
 2.529412210e-01 2.594933212e-01 2.651318312e-01 2.697716951e-01 2.733775973e-01
 2.759660780e-01 2.776008248e-01 2.783816457e-01 2.784300447e-01 2.778744996e-01
 1.708990894e-02 1.260065660e-02 1.414249465e-02 1.702584885e-02 1.918057166e-02
 2.073264867e-02 2.173754945e-02 2.228117920e-02 2.246034890e-02 2.237541229e-02
 2.212777361e-02 2.181778476e-02 2.154216729e-02 2.139104530e-02 2.144497633e-02
 2.177235670e-02 2.242743969e-02 2.344913967e-02 2.486072481e-02 2.667055279e-02
 2.887393907e-02 3.145608306e-02 3.439562023e-02 3.766811267e-02 4.124882072e-02
 4.511428997e-02 4.924286529e-02 5.361445248e-02 5.821020156e-02 6.301262230e-02
 6.800656021e-02 7.318077981e-02 7.852974534e-02 8.405500650e-02 8.976571262e-02
 9.567812085e-02 1.018140763e-01 1.081987321e-01 1.148581207e-01 1.218170822e-01
 1.290980279e-01 1.367202252e-01 1.446994990e-01 1.530478895e-01 1.617730260e-01
 1.708771735e-01 1.803553551e-01 1.901926696e-01 2.003601342e-01 2.108090818e-01
 2.214633673e-01 2.322100401e-01 2.428898066e-01 2.532911301e-01 2.631549835e-01
 2.721959651e-01 2.801389396e-01 2.867576778e-01 2.919049859e-01 2.955299914e-01
 2.976837158e-01 2.985090613e-01 2.982129157e-01 2.970280647e-01 2.951792181e-01
 6.502361968e-03 7.046512328e-04 3.299568780e-03 8.225112222e-03 1.200369745e-02
 1.486823242e-02 1.700113714e-02 1.854228228e-02 1.961198263e-02 2.032036334e-02
 2.077065036e-02 2.106000483e-02 2.127894945e-02 2.151033655e-02 2.182827704e-02
 2.229727805e-02 2.297155187e-02 2.389460243e-02 2.509920858e-02 2.660791576e-02
 2.843406051e-02 3.058321774e-02 3.305492178e-02 3.584441543e-02 3.894428164e-02
 4.234565049e-02 4.603915662e-02 5.001551658e-02 5.426606536e-02 5.878330767e-02
 6.356164813e-02 6.859818846e-02 7.389356941e-02 7.945255190e-02 8.528432250e-02
 9.140229225e-02 9.782360494e-02 1.045682430e-01 1.116581261e-01 1.191162169e-01
 1.269659102e-01 1.352305561e-01 1.439332664e-01 1.530966461e-01 1.627424359e-01
 1.728909016e-01 1.835594028e-01 1.947601736e-01 2.064960301e-01 2.187534124e-01
 2.314902693e-01 2.446167171e-01 2.579651177e-01 2.712502182e-01 2.840364277e-01
 2.957661748e-01 3.058861792e-01 3.139677942e-01 3.197464347e-01 3.231348991e-01
 3.242496848e-01 3.234259486e-01 3.211416006e-01 3.178726733e-01 3.140076399e-01
 1.591843786e-03-4.683004692e-03-1.625348232e-03 3.846629057e-03 8.267629892e-03
 1.177607942e-02 1.450201869e-02 1.657238044e-02 1.810640842e-02 1.921473444e-02
 1.999964006e-02 2.055661567e-02 2.097289264e-02 2.132703364e-02 2.168891951e-02
 2.212062292e-02 2.267686836e-02 2.340488136e-02 2.434428968e-02 2.552730963e-02
 2.697923221e-02 2.871916443e-02 3.076061606e-02 3.311249614e-02 3.578015044e-02
 3.876632079e-02 4.207202047e-02 4.569729418e-02 4.964189976e-02 5.390590429e-02
 5.849030986e-02 6.339766085e-02 6.863260269e-02 7.420233637e-02 8.011685312e-02
 8.638912439e-02 9.303494543e-02 1.000728533e-01 1.075238883e-01 1.154114753e-01
 1.237613186e-01 1.326016039e-01 1.419632435e-01 1.518803388e-01 1.623906940e-01
 1.735365093e-01 1.853649020e-01 1.979281753e-01 2.112832665e-01 2.254894078e-01
 2.406016737e-01 2.566545010e-01 2.736215591e-01 2.913213372e-01 3.092044592e-01
 3.257100880e-01 3.394571543e-01 3.498487473e-01 3.565067351e-01 3.592048585e-01
 3.579177856e-01 3.533952236e-01 3.472996354e-01 3.405418396e-01 3.336573243e-01
 1.668975805e-03-4.677824210e-03-1.820069971e-03 3.666094504e-03 8.155284449e-03
 1.173909009e-02 1.452985033e-02 1.664715819e-02 1.820763946e-02 1.931908168e-02
 2.007573470e-02 2.057525702e-02 2.090188861e-02 2.112885378e-02 2.131776139e-02
 2.152583189e-02 2.180805616e-02 2.221498638e-02 2.279175818e-02 2.357779071e-02
 2.460708469e-02 2.590959892e-02 2.750881761e-02 2.942328900e-02 3.166751564e-02
 3.425268829e-02 3.718744591e-02 4.047891870e-02 4.413317889e-02 4.815571755e-02
 5.255199224e-02 5.732809007e-02 6.249118596e-02 6.805002689e-02 7.401527464e-02
 8.039979637e-02 8.721894026e-02 9.449071437e-02 1.022360027e-01 1.104789227e-01
 1.192471981e-01 1.285728812e-01 1.384931505e-01 1.490516365e-01 1.603000462e-01
 1.723004580e-01 1.851283908e-01 1.988770962e-01 2.136634290e-01 2.296365499e-01
 2.469911873e-01 2.659893930e-01 2.870014906e-01 3.106055856e-01 3.372926712e-01
 3.613979816e-01 3.804008663e-01 3.941634595e-01 4.023898542e-01 4.043971896e-01
 3.999683261e-01 3.881256282e-01 3.750780523e-01 3.630822897e-01 3.522484899e-01
 6.063296925e-03-1.809453242e-04 2.391894814e-03 7.568862755e-03 1.167092193e-02
 1.481664553e-02 1.715918817e-02 1.884301193e-02 1.999805681e-02 2.074166760e-02
 2.109764144e-02 2.122372016e-02 2.119085565e-02 2.106769010e-02 2.088094130e-02
 2.067490295e-02 2.051215805e-02 2.044950612e-02 2.053810842e-02 2.082292177e-02
 2.134131081e-02 2.214222774e-02 2.325316519e-02 2.469878830e-02 2.649993822e-02
 2.867323160e-02 3.123132326e-02 3.418665379e-02 3.754994646e-02 4.133008420e-02
 4.553482309e-02 5.017200112e-02 5.524988472e-02 6.077755243e-02 6.676539779e-02
 7.322556525e-02 8.017234504e-02 8.762259781e-02 9.559622407e-02 1.041166782e-01
 1.132116914e-01 1.229142547e-01 1.332638115e-01 1.443080157e-01 1.561050415e-01
 1.687267870e-01 1.822635233e-01 1.968301684e-01 2.125760317e-01 2.296991050e-01
 2.484688461e-01 2.692627609e-01 2.926265895e-01 3.193622828e-01 3.505746126e-01
 3.825716972e-01 4.073699713e-01 4.248586297e-01 4.351873100e-01 4.382403493e-01
 4.329748154e-01 4.187993109e-01 3.982872367e-01 3.809303045e-01 3.663770556e-01
 1.490569115e-02 8.816125803e-03 1.148671657e-02 1.588574052e-02 1.892772689e-02
 2.097475901e-02 2.227667533e-02 2.301011048e-02 2.330343053e-02 2.325380407e-02
 2.293532714e-02 2.242287435e-02 2.177936584e-02 2.106150240e-02 2.028217912e-02
 1.947756857e-02 1.870887727e-02 1.803478412e-02 1.751063950e-02 1.718810387e-02
 1.711519808e-02 1.733719558e-02 1.789348200e-02 1.881813258e-02 2.013939992e-02
 2.187818848e-02 2.403765544e-02 2.664088272e-02 2.970355749e-02 3.323538229e-02
 3.724205121e-02 4.173198715e-02 4.671325535e-02 5.219355226e-02 5.818158761e-02
 6.468745321e-02 7.172311097e-02 7.930287719e-02 8.744389564e-02 9.616672248e-02
 1.054961011e-01 1.154618710e-01 1.261001974e-01 1.374551952e-01 1.495810449e-01
 1.625449508e-01 1.764309406e-01 1.913453192e-01 2.074241042e-01 2.248432636e-01
 2.438329160e-01 2.646957934e-01 2.878291011e-01 3.137457371e-01 3.430876732e-01
 3.764269948e-01 4.047659338e-01 4.250589013e-01 4.375852346e-01 4.424349964e-01
 4.398104548e-01 4.286558330e-01 4.087711573e-01 3.884314299e-01 3.721213937e-01
 3.144781291e-02 2.654869854e-02 2.739961818e-02 2.917008102e-02 2.980004810e-02
 2.982013300e-02 2.943129279e-02 2.873705141e-02 2.780365758e-02 2.668048814e-02
 2.540853061e-02 2.402543277e-02 2.256545238e-02 2.105889469e-02 1.952948235e-02
 1.797879860e-02 1.646985859e-02 1.506255381e-02 1.381415222e-02 1.277928799e-02
 1.200981159e-02 1.155453175e-02 1.145858876e-02 1.176305301e-02 1.250447147e-02
 1.371428370e-02 1.541831344e-02 1.763912290e-02 2.039194666e-02 2.368003130e-02
 2.748309076e-02 3.182122111e-02 3.670224547e-02 4.212767631e-02 4.810336605e-02
 5.463564023e-02 6.173272431e-02 6.940477341e-02 7.766428590e-02 8.652656525e-02
 9.601031244e-02 1.061382741e-01 1.169381067e-01 1.284434199e-01 1.406950802e-01
 1.537427008e-01 1.676466763e-01 1.824803352e-01 1.983325332e-01 2.153102756e-01
 2.335406095e-01 2.531712055e-01 2.743676901e-01 2.973079979e-01 3.221814632e-01
 3.492499888e-01 3.769060373e-01 3.967447877e-01 4.097916484e-01 4.165882468e-01
 4.168982506e-01 4.112401903e-01 3.987451792e-01 3.810372353e-01 3.668035269e-01
 5.531546101e-02 5.359584093e-02 4.936818406e-02 4.551687092e-02 4.256788269e-02
 3.998947889e-02 3.757002205e-02 3.521277755e-02 3.287046775e-02 3.052079491e-02
 2.815581858e-02 2.577680349e-02 2.339139581e-02 2.101249620e-02 1.859258488e-02
 1.618140005e-02 1.383337099e-02 1.160452515e-02 9.550830349e-03 7.727216464e-03
 6.186940707e-03 4.981125705e-03 4.158359487e-03 3.764363006e-03 3.841660917e-03
 4.429227673e-03 5.562092178e-03 7.270875853e-03 9.580467828e-03 1.250841469e-02
 1.606377028e-02 2.024939284e-02 2.505126968e-02 3.042689711e-02 3.639321029e-02
 4.294780642e-02 5.009517819e-02 5.784001946e-02 6.618870050e-02 7.514945418e-02
 8.473269641e-02 9.495137632e-02 1.058212668e-01 1.173612624e-01 1.295936555e-01
 1.425442100e-01 1.562419832e-01 1.707186550e-01 1.860068142e-01 2.021365166e-01
 2.191289067e-01 2.369845212e-01 2.556627989e-01 2.750441134e-01 2.948555946e-01
 3.145094514e-01 3.328186870e-01 3.482207358e-01 3.597809970e-01 3.672044873e-01
 3.704797029e-01 3.698005378e-01 3.656845093e-01 3.592648208e-01 3.521368504e-01
 7.205280662e-02 7.126349211e-02 6.551551819e-02 5.932256579e-02 5.407844856e-02
 4.948407412e-02 4.532368109e-02 4.145149887e-02 3.777140006e-02 3.422033414e-02
 3.075734153e-02 2.735658921e-02 2.400285937e-02 2.068855613e-02 1.734991930e-02
 1.403894648e-02 1.080983225e-02 7.717903703e-03 4.818613641e-03 2.166774822e-03
-1.839975012e-04-2.181667369e-03-3.776039463e-03-4.918949679e-03-5.564440042e-03
-5.668971688e-03-5.191732198e-03-4.095123149e-03-2.345534507e-03 8.564093150e-05
 3.220819635e-03 7.074825466e-03 1.165225543e-02 1.694578677e-02 2.293850854e-02
 2.952599712e-02 3.673302382e-02 4.455360770e-02 5.298750848e-02 6.203475595e-02
 7.169653475e-02 8.197493851e-02 9.287288040e-02 1.043937430e-01 1.165408492e-01
 1.293165237e-01 1.427206397e-01 1.567483544e-01 1.713865101e-01 1.866081804e-01
 2.023644298e-01 2.185721844e-01 2.350964844e-01 2.517260015e-01 2.681431770e-01
 2.839004993e-01 2.984373271e-01 3.111740649e-01 3.216456771e-01 3.295806646e-01
 3.349114954e-01 3.377671540e-01 3.384694457e-01 3.375037611e-01 3.354202509e-01
 8.272232860e-02 8.215114474e-02 7.633191347e-02 6.930693239e-02 6.294003129e-02
 5.712658167e-02 5.175092816e-02 4.671094567e-02 4.192335159e-02 3.732311726e-02
 3.286071122e-02 2.849905752e-02 2.421079203e-02 1.997603662e-02 1.572955772e-02
 1.152496040e-02 7.417534944e-03 3.463131841e-03-2.826911223e-04-3.765271511e-03
-6.931223907e-03-9.728644975e-03-1.210719533e-02-1.401809789e-02-1.541411411e-02
-1.624956354e-02-1.648041978e-02-1.606458426e-02-1.496236958e-02-1.313724928e-02
-1.055693999e-02-7.194869686e-03-3.032162786e-03 1.939966227e-03 7.717206143e-03
 1.427702699e-02 2.159181610e-02 2.951486036e-02 3.805900365e-02 4.721287638e-02
 5.696938559e-02 6.732007861e-02 7.825618982e-02 8.976740390e-02 1.018410549e-01
 1.144607812e-01 1.276047826e-01 1.412432939e-01 1.553352028e-01 1.698234677e-01
 1.846292317e-01 1.996444613e-01 2.147238851e-01 2.296771705e-01 2.442650497e-01
 2.582041919e-01 2.711867094e-01 2.829146981e-01 2.931403816e-01 3.016991317e-01
 3.085275888e-01 3.136671185e-01 3.172542751e-01 3.194970191e-01 3.206382692e-01
 9.024047107e-02 8.976422250e-02 8.366342634e-02 7.621442527e-02 6.924720109e-02
 6.270813197e-02 5.653295666e-02 5.065607280e-02 4.501676559e-02 3.956190869e-02
 3.424656764e-02 2.903340012e-02 2.389163151e-02 1.879602298e-02 1.369208284e-02
 8.637769148e-03 3.691282589e-03-1.089843456e-03-5.649365950e-03-9.932693094e-03
-1.388703007e-02-1.746136695e-02-2.060633339e-02-2.327396907e-02-2.541749179e-02
-2.699107304e-02-2.794970199e-02-2.824920416e-02-2.784643508e-02-2.669977583e-02
-2.476991899e-02-2.202107385e-02-1.842263341e-02-1.395135559e-02-8.594085462e-03
-2.351043047e-03 4.760918207e-03 1.270064525e-02 2.142021991e-02 3.072947264e-02
 4.063296691e-02 5.110814050e-02 6.213853508e-02 7.370314002e-02 8.577753603e-02
 9.833264351e-02 1.113332361e-01 1.247361079e-01 1.384876072e-01 1.525207013e-01
 1.667517424e-01 1.810772717e-01 1.953713000e-01 2.094842792e-01 2.232450843e-01
 2.364669889e-01 2.489587367e-01 2.605395615e-01 2.710553110e-01 2.803925276e-01
 2.884875238e-01 2.953288555e-01 3.009535670e-01 3.054374754e-01 3.088813722e-01
 9.514057636e-02 9.465470910e-02 8.832964301e-02 8.065266907e-02 7.335750759e-02
 6.639131159e-02 5.970391631e-02 5.324701220e-02 4.697599262e-02 4.085042328e-02
 3.483396769e-02 2.889402956e-02 2.300099656e-02 1.712699793e-02 1.124043576e-02
 5.405833013e-03-3.144329239e-04-5.860451143e-03-1.117498707e-02-1.620353572e-02
-2.089420334e-02-2.519743703e-02-2.906565741e-02-3.245280683e-02-3.531386703e-02
-3.760442138e-02-3.928029165e-02-4.029726237e-02-4.061103985e-02-4.017741978e-02
-3.895276785e-02-3.689488024e-02-3.396427259e-02-3.012599424e-02-2.535200119e-02
-1.962415129e-02-1.293781959e-02-5.306234583e-03 3.235471901e-03 1.262086723e-02
 2.277266048e-02 3.345023096e-02 4.466721788e-02 5.638761073e-02 6.857962906e-02
 8.120620251e-02 9.422516823e-02 1.075882167e-01 1.212391555e-01 1.351123154e-01
 1.491308659e-01 1.632057428e-01 1.772349775e-01 1.911044568e-01 2.046898603e-01
 2.178606093e-01 2.304854095e-01 2.424389273e-01 2.536085844e-01 2.639005184e-01
 2.732433379e-01 2.815899253e-01 2.889165282e-01 2.952204943e-01 3.005168140e-01
 9.745513648e-02 9.681183100e-02 9.066443145e-02 8.298130333e-02 7.559585571e-02
 6.843461096e-02 6.144895405e-02 5.460520461e-02 4.787486047e-02 4.123131186e-02
 3.464902565e-02 2.810341865e-02 2.157090977e-02 1.500174683e-02 8.416629396e-03
 1.884731348e-03-4.528261721e-03-1.076047495e-02-1.675395109e-02-2.245453931e-02
-2.781158127e-02-3.277744725e-02-3.730693832e-02-4.135664552e-02-4.488425702e-02
-4.784790426e-02-5.020555854e-02-5.191456154e-02-5.293130502e-02-5.321110785e-02
-5.270839110e-02-5.137716606e-02-4.917194322e-02-4.604912922e-02-4.196894541e-02
-3.689802438e-02-3.081270121e-02-2.370301448e-02-1.557745878e-02-6.468572654e-03
 3.561897203e-03 1.441162638e-02 2.595956065e-02 3.796285391e-02 5.041616410e-02
 6.327337027e-02 7.648927718e-02 9.001615644e-02 1.038012728e-01 1.177857667e-01
 1.319039762e-01 1.460832208e-01 1.602437198e-01 1.742992848e-01 1.881585270e-01
 2.017265260e-01 2.149071395e-01 2.276051790e-01 2.397283912e-01 2.511887252e-01
 2.619028986e-01 2.717923224e-01 2.807833552e-01 2.888084352e-01 2.958096564e-01
 9.753258526e-02 9.645976126e-02 9.067744762e-02 8.354440331e-02 7.636552304e-02
 6.919077784e-02 6.204811111e-02 5.494356528e-02 4.787201434e-02 4.082214087e-02
 3.377915919e-02 2.672656812e-02 1.964775100e-02 1.247517765e-02 5.283876322e-03
-1.853704453e-03-8.869292215e-03-1.569949277e-02-2.228595503e-02-2.857516706e-02
-3.451800346e-02-4.006907716e-02-4.518596083e-02-4.982836172e-02-5.395726115e-02
-5.753405020e-02-6.051977724e-02-6.287444383e-02-6.455644965e-02-6.552228332e-02
-6.572631001e-02-6.512101740e-02-6.365750730e-02-6.128640473e-02-5.795940012e-02
-5.363126099e-02-4.826264083e-02-4.182360321e-02-3.429800272e-02-2.568867430e-02
-1.602334343e-02-5.361249205e-03 6.201265845e-03 1.851943508e-02 3.140883148e-02
 4.466575384e-02 5.825423822e-02 7.213599980e-02 8.626563847e-02 1.005933806e-01
 1.150658876e-01 1.296265423e-01 1.442155987e-01 1.587704718e-01 1.732259840e-01
 1.875148118e-01 2.015674412e-01 2.153115422e-01 2.286706716e-01 2.415615320e-01
 2.538901269e-01 2.655476332e-01 2.764071822e-01 2.863254547e-01 2.951516509e-01
 9.753721952e-02 9.621002525e-02 9.052560478e-02 8.349926770e-02 7.635086030e-02
 6.911538541e-02 6.182889640e-02 5.450848117e-02 4.715804383e-02 3.977311403e-02
 3.234378248e-02 2.485645562e-02 1.729508676e-02 9.621872567e-03 1.921797753e-03
-5.726747215e-03-1.325207390e-02-2.058916539e-02-2.767943591e-02-3.447023034e-02
-4.091417044e-02-4.696831852e-02-5.259323120e-02-5.775196850e-02-6.240909919e-02
-6.652967632e-02-7.007830590e-02-7.301834226e-02-7.531109452e-02-7.691531628e-02
-7.778678089e-02-7.787817717e-02-7.713930309e-02-7.551755011e-02-7.295896113e-02
-6.940975040e-02-6.481846422e-02-5.913899094e-02-5.233426765e-02-4.438100383e-02
-3.527524322e-02-2.503873594e-02-1.372581534e-02-1.430569217e-03 1.170784608e-02
 2.549967915e-02 3.960217535e-02 5.400362238e-02 6.865602732e-02 8.351571858e-02
 9.854076058e-02 1.136899665e-01 1.289225519e-01 1.441980600e-01 1.594762504e-01
 1.747167706e-01 1.898781657e-01 2.049158216e-01 2.197782397e-01 2.344007492e-01
 2.486957163e-01 2.625384629e-01 2.757493258e-01 2.880785763e-01 2.992124259e-01
 9.779381007e-02 9.638228267e-02 9.052056074e-02 8.323482424e-02 7.589280605e-02
 6.849030405e-02 6.102544814e-02 5.349723250e-02 4.590198398e-02 3.823243827e-02
 3.047770076e-02 2.262293361e-02 1.464762539e-02 6.552958861e-03-1.571204048e-03
-9.643441066e-03-1.759042032e-02-2.534662746e-02-3.285395354e-02-4.006107152e-02
-4.692262784e-02-5.339829624e-02-5.945171043e-02-6.504935771e-02-7.015945017e-02
-7.475081831e-02-7.879184932e-02-8.224955201e-02-8.508862555e-02-8.727079630e-02
-8.875417709e-02-8.949294686e-02-8.943720162e-02-8.853313327e-02-8.672363311e-02
-8.394929022e-02-8.015003800e-02-7.526747137e-02-6.924795359e-02-6.204669923e-02
-5.363284051e-02-4.399555922e-02-3.315128013e-02-2.115176246e-02-8.092927746e-03
 5.875457078e-03 2.053908072e-02 3.563440591e-02 5.096651614e-02 6.650707126e-02
 8.222921193e-02 9.810841084e-02 1.141230315e-01 1.302548647e-01 1.464895904e-01
 1.628166884e-01 1.792292595e-01 1.957224011e-01 2.122901827e-01 2.289193273e-01
 2.455773652e-01 2.621905208e-01 2.786013782e-01 2.944817245e-01 3.091610074e-01
 9.760455042e-02 9.609962255e-02 8.987939358e-02 8.242595196e-02 7.492675632e-02
 6.736710668e-02 5.973694846e-02 5.202603340e-02 4.422375560e-02 3.631904721e-02
 2.830063552e-02 2.015816979e-02 1.181857474e-02 3.369829152e-03-5.102421623e-03
-1.351832040e-02-2.180536650e-02-2.989895456e-02-3.774227202e-02-4.528577626e-02
-5.248637125e-02-5.930642411e-02-6.571262330e-02-7.167477906e-02-7.716467977e-02
-8.215481043e-02-8.661731333e-02-9.052288532e-02-9.383980930e-02-9.653309733e-02
-9.856377542e-02-9.988831729e-02-1.004582718e-01-1.002201587e-01-9.911566973e-02
-9.708228707e-02-9.405434132e-02-8.996474743e-02-8.474749327e-02-7.834095508e-02
-7.069238275e-02-6.176338717e-02-5.153679475e-02-4.002460465e-02-2.727696113e-02
-1.339162979e-02 1.477053389e-03 1.711194031e-02 3.322598711e-02 4.954320192e-02
 6.604905427e-02 8.273357898e-02 9.959248453e-02 1.166284755e-01 1.338524967e-01
 1.512851417e-01 1.689581722e-01 1.869160980e-01 2.052176744e-01 2.239369154e-01
 2.431631237e-01 2.629979253e-01 2.835431993e-01 3.048338890e-01 3.258406520e-01
 9.642138332e-02 9.476251900e-02 8.858940005e-02 8.103163540e-02 7.342699170e-02
 6.576019526e-02 5.801290274e-02 5.016718805e-02 4.220622778e-02 3.411410749e-02
 2.587533183e-02 1.747453399e-02 8.866262622e-03 1.468525879e-04-8.594668470e-03
-1.727730781e-02-2.582861856e-02-3.418480977e-02-4.229044914e-02-5.009784549e-02
-5.756618083e-02-6.466041505e-02-7.135012746e-02-7.760827243e-02-8.340990543e-02
-8.873099834e-02-9.354719520e-02-9.783275425e-02-1.015594453e-01-1.046956703e-01
-1.072055846e-01-1.090484113e-01-1.101778969e-01-1.105419397e-01-1.100825444e-01
-1.087359786e-01-1.064334810e-01-1.031024009e-01-9.866806865e-02-9.305644035e-02
-8.619780838e-02-7.803161442e-02-6.851261854e-02-5.761838332e-02-4.535810649e-02
-3.178249300e-02-1.699418947e-02-1.157952007e-03 1.549011376e-02 3.263612464e-02
 4.996144772e-02 6.746675074e-02 8.516092598e-02 1.030633003e-01 1.212055385e-01
 1.396341622e-01 1.584143043e-01 1.776346564e-01 1.974147260e-01 2.179149240e-01
 2.393522412e-01 2.620258629e-01 2.863668203e-01 3.130478561e-01 3.408455849e-01
 9.466510266e-02 9.285196662e-02 8.661843836e-02 7.901740074e-02 7.138834894e-02
 6.369601190e-02 5.590695143e-02 4.799470678e-02 3.993798420e-02 3.171821684e-02
 2.331698686e-02 1.471229456e-02 5.898788106e-03-3.024697071e-03-1.196805574e-02
-2.085017599e-02-2.959917113e-02-3.815232217e-02-4.645570740e-02-5.446349829e-02
-6.213703007e-02-6.944368780e-02-7.635568827e-02-8.284880221e-02-8.890108764e-02
-9.449160844e-02-9.959920496e-02-1.042014062e-01-1.082732677e-01-1.117864326e-01
-1.147082075e-01-1.170007288e-01-1.186203361e-01-1.195169911e-01-1.196340024e-01
-1.189079061e-01-1.172687560e-01-1.146408617e-01-1.109440550e-01-1.060957536e-01
-1.000139266e-01-9.262117743e-02-8.385015279e-02-7.365038991e-02-6.199678406e-02
-4.889943451e-02-3.441483155e-02-1.865762100e-02-1.812238479e-03 1.585710421e-02
 3.399984539e-02 5.229538679e-02 7.075850666e-02 8.941921592e-02 1.083215326e-01
 1.275261045e-01 1.471149027e-01 1.671979576e-01 1.879229546e-01 2.094885111e-01
 2.321633101e-01 2.563111186e-01 2.824201584e-01 3.111217618e-01 3.417679667e-01
 9.229874611e-02 9.033387899e-02 8.379235864e-02 7.631249726e-02 6.882578135e-02
 6.123866886e-02 5.350741744e-02 4.560772330e-02 3.752350062e-02 2.924282849e-02
 2.075719833e-02 1.198251732e-02 3.012363333e-03-6.060557906e-03-1.514900569e-02
-2.417355031e-02-3.306369111e-02-4.175812751e-02-5.020453781e-02-5.835887790e-02
-6.618449092e-02-7.365091145e-02-8.073271066e-02-8.740811795e-02-9.365779907e-02
-9.946352243e-02-1.048069596e-01-1.096685380e-01-1.140262634e-01-1.178547814e-01
-1.211243644e-01-1.238000691e-01-1.258409470e-01-1.271993965e-01-1.278206408e-01
-1.276424974e-01-1.265952289e-01-1.246020496e-01-1.215798333e-01-1.174407154e-01
-1.120943427e-01-1.054513156e-01-9.742785990e-02-8.795190603e-02-7.697099447e-02
-6.446175277e-02-5.044113100e-02-3.497889265e-02-1.821072958e-02-3.509598901e-04
 1.829645410e-02 3.732966632e-02 5.645701662e-02 7.572428882e-02 9.517981857e-02
 1.148830652e-01 1.349108219e-01 1.553634852e-01 1.763728410e-01 1.981130987e-01
 2.208166718e-01 2.447985113e-01 2.704939544e-01 2.985140681e-01 3.284200132e-01
 8.771176636e-02 8.514973521e-02 7.972894609e-02 7.301103324e-02 6.592629105e-02
 5.857431516e-02 5.097885802e-02 4.314620420e-02 3.507581726e-02 2.676368877e-02
 1.820366643e-02 9.340027347e-03 2.762244840e-04-8.891210891e-03-1.807380468e-02
-2.719213255e-02-3.617634252e-02-4.496620968e-02-5.351074040e-02-6.176746637e-02
-6.970144063e-02-7.728408277e-02-8.449193090e-02-9.130533040e-02-9.770713747e-02
-1.036814228e-01-1.092122868e-01-1.142826155e-01-1.188730299e-01-1.229608357e-01
-1.265190095e-01-1.295153350e-01-1.319115162e-01-1.336625069e-01-1.347157955e-01
-1.350110173e-01-1.344796717e-01-1.330452263e-01-1.306235492e-01-1.271239817e-01
-1.224511713e-01-1.165078431e-01-1.091987491e-01-1.004361436e-01-9.014688432e-02
-7.828143239e-02-6.482465565e-02-4.980825633e-02-3.332415968e-02-1.553756464e-02
 3.302488476e-03 2.285866067e-02 4.248598218e-02 6.218943745e-02 8.199186623e-02
 1.019306630e-01 1.220567748e-01 1.424353719e-01 1.631473601e-01 1.842915118e-01
 2.059876919e-01 2.283816487e-01 2.516579628e-01 2.760968208e-01 3.016950488e-01
 8.463878930e-02 8.188254386e-02 7.650219649e-02 7.004065812e-02 6.320367008e-02
 5.603209510e-02 4.855655134e-02 4.079357162e-02 3.274982423e-02 2.442553081e-02
 1.581671461e-02 6.900299340e-03-2.218379872e-03-1.144147571e-02-2.068002708e-02
-2.985478006e-02-3.889653087e-02-4.774601758e-02-5.635345727e-02-6.467771530e-02
-7.268530130e-02-8.034921438e-02-8.764763921e-02-9.456264973e-02-1.010789052e-01
-1.071823984e-01-1.128591746e-01-1.180942506e-01-1.228704154e-01-1.271672696e-01
-1.309601367e-01-1.342192739e-01-1.369088441e-01-1.389862597e-01-1.404013485e-01
-1.410958916e-01-1.410031468e-01-1.400476992e-01-1.381457448e-01-1.352057606e-01
-1.311298758e-01-1.258161813e-01-1.191620976e-01-1.110692695e-01-1.014499813e-01
-9.023562819e-02-7.738713920e-02-6.290746480e-02-4.685568810e-02-2.936219424e-02
-1.064373925e-02 8.982561529e-03 2.908671647e-02 4.914100468e-02 6.915517896e-02
 8.914840966e-02 1.091443226e-01 1.291679442e-01 1.492420137e-01 1.693808734e-01
 1.895790994e-01 2.097892910e-01 2.298754007e-01 2.495102584e-01 2.680056989e-01
 8.259539306e-02 7.974573970e-02 7.419469953e-02 6.772917509e-02 6.094220653e-02
 5.383724347e-02 4.642220587e-02 3.870287538e-02 3.068111464e-02 2.235378698e-02
 1.371051278e-02 4.760354757e-03-4.390336573e-03-1.364394091e-02-2.291218564e-02
-3.211672977e-02-4.118938744e-02-5.007201433e-02-5.871596560e-02-6.708132476e-02
-7.513585687e-02-8.285383135e-02-9.021476656e-02-9.720212221e-02-1.038019881e-01
-1.100018620e-01-1.157893986e-01-1.211512610e-01-1.260720342e-01-1.305332184e-01
-1.345121264e-01-1.379810870e-01-1.409064829e-01-1.432479322e-01-1.449574828e-01
-1.459790766e-01-1.462479234e-01-1.456902921e-01-1.442234516e-01-1.417562068e-01
-1.381899416e-01-1.334205121e-01-1.273411512e-01-1.198468655e-01-1.108402535e-01
-1.002394855e-01-8.798824251e-02-7.406790555e-02-5.851177499e-02-4.142064601e-02
-2.297881991e-02-3.468776122e-03 1.671780646e-02 3.707613051e-02 5.722230673e-02
 7.717448473e-02 9.693914652e-02 1.165127605e-01 1.358785778e-01 1.549999565e-01
 1.738094985e-01 1.921933293e-01 2.099706382e-01 2.268750966e-01 2.425577343e-01
 8.080130816e-02 7.785473019e-02 7.237696648e-02 6.589782238e-02 5.911727995e-02
 5.203471333e-02 4.464840144e-02 3.695724905e-02 2.896054462e-02 2.065866068e-02
 1.196943596e-02 2.990972251e-03-6.178654730e-03-1.544623170e-02-2.472613752e-02
-3.394185007e-02-4.302661121e-02-5.192347988e-02-6.058491766e-02-6.897205859e-02
-7.705368102e-02-8.480507135e-02-9.220675379e-02-9.924323857e-02-1.059016958e-01
-1.121707559e-01-1.180392802e-01-1.234952211e-01-1.285245419e-01-1.331102252e-01
-1.372311562e-01-1.408614069e-01-1.439691186e-01-1.465158314e-01-1.484555453e-01
-1.497341543e-01-1.502887905e-01-1.500474811e-01-1.489289552e-01-1.468430459e-01
-1.436914206e-01-1.393692791e-01-1.337678581e-01-1.267783940e-01-1.182975173e-01
-1.082346961e-01-9.652168304e-02-8.312428743e-02-6.805618852e-02-5.139441416e-02
-3.329515830e-02-1.400830783e-02 6.112415344e-03 2.660787478e-02 4.680103809e-02
 6.666809320e-02 8.619147539e-02 1.053485870e-01 1.241049618e-01 1.424083859e-01
 1.601831317e-01 1.773245335e-01 1.936954856e-01 2.091280967e-01 2.234344780e-01
 7.949005067e-02 7.648675889e-02 7.094468921e-02 6.445010006e-02 5.767466873e-02
 5.060879141e-02 4.324402660e-02 3.557341546e-02 2.759109251e-02 1.929161511e-02
 1.060031354e-02 1.620817464e-03-7.547774818e-03-1.681276597e-02-2.608949691e-02
-3.530247882e-02-4.438592494e-02-5.328378826e-02-6.194936484e-02-7.034454495e-02
-7.843883336e-02-8.620822430e-02-9.363394976e-02-1.007012054e-01-1.073979288e-01
-1.137135103e-01-1.196376458e-01-1.251592040e-01-1.302651167e-01-1.349394321e-01
-1.391622573e-01-1.429088861e-01-1.461488754e-01-1.488451958e-01-1.509534717e-01
-1.524211764e-01-1.531871110e-01-1.531808525e-01-1.523226649e-01-1.505235583e-01
-1.476860642e-01-1.437055618e-01-1.384727061e-01-1.318769306e-01-1.238115728e-01
-1.141808704e-01-1.029090360e-01-8.995158970e-02-7.530897856e-02-5.904192850e-02
-4.128783196e-02-2.227666788e-02-2.344627399e-03 1.805659756e-02 3.835577518e-02
 5.817348510e-02 7.750764489e-02 9.634073079e-02 1.146406531e-01 1.323601305e-01
 1.494358331e-01 1.657881439e-01 1.813226044e-01 1.959341317e-01 2.095144242e-01
 7.845891267e-02 7.541523874e-02 6.980037689e-02 6.331913918e-02 5.657541752e-02
 4.954631627e-02 4.221696407e-02 3.457676619e-02 2.661744505e-02 1.833152212e-02
 9.654918686e-03 6.905753980e-04-8.462777361e-03-1.771288738e-02-2.697563171e-02
-3.617608547e-02-4.524902254e-02-5.413891375e-02-6.279951334e-02-7.119315863e-02
-7.928974926e-02-8.706565201e-02-9.450247139e-02-1.015857905e-01-1.083039492e-01
-1.146467626e-01-1.206044182e-01-1.261662841e-01-1.313199252e-01-1.360500157e-01
-1.403374374e-01-1.441583037e-01-1.474830806e-01-1.502757519e-01-1.524930447e-01
-1.540835798e-01-1.549873352e-01-1.551352143e-01-1.544485688e-01-1.528396010e-01
-1.502117217e-01-1.464609802e-01-1.414781064e-01-1.351520419e-01-1.273746789e-01
-1.180476695e-01-1.070910767e-01-9.445449710e-02-8.013032377e-02-6.416890025e-02
-4.669481143e-02-2.792279422e-02-8.171236143e-03 1.212958898e-02 3.243819997e-02
 5.218259245e-02 7.135835290e-02 8.994942904e-02 1.079282090e-01 1.252557188e-01
 1.418823153e-01 1.577490270e-01 1.727899015e-01 1.869357228e-01 2.001187503e-01
 7.740772516e-02 7.429501414e-02 6.882888079e-02 6.245879084e-02 5.581231043e-02
 4.885969311e-02 4.158991575e-02 3.399690986e-02 2.607515454e-02 1.781858690e-02
 9.170280769e-03 2.329048293e-04-8.895063773e-03-1.812162437e-02-2.736290917e-02
-3.654421493e-02-4.560051486e-02-5.447643623e-02-6.312587112e-02-7.151120901e-02
-7.960243523e-02-8.737596869e-02-9.481345117e-02-1.019005328e-01-1.086255908e-01
-1.149785668e-01-1.209497526e-01-1.265286803e-01-1.317031533e-01-1.364580691e-01
-1.407746375e-01-1.446293145e-01-1.479930282e-01-1.508302689e-01-1.530982852e-01
-1.547463238e-01-1.557151079e-01-1.559361517e-01-1.553317010e-01-1.538146138e-01
-1.512891352e-01-1.476518810e-01-1.427941769e-01-1.366051733e-01-1.289767325e-01
-1.198098436e-01-1.090232953e-01-9.656451643e-02-8.242259920e-02-6.664325297e-02
-4.934485257e-02-3.073408827e-02-1.111928374e-02 9.081588127e-03 2.934130654e-02
 4.899437353e-02 6.803536415e-02 8.644941449e-02 1.042122841e-01 1.212909594e-01
 1.376447231e-01 1.532268673e-01 1.679869592e-01 1.818739027e-01 1.948393881e-01
 7.638964802e-02 7.308968902e-02 6.803317368e-02 6.198077649e-02 5.547704548e-02
 4.861284047e-02 4.140877351e-02 3.386985511e-02 2.599523775e-02 1.778105460e-02
 9.171953425e-03 2.707326785e-04-8.824138902e-03-1.802068390e-02-2.723502181e-02
-3.639239073e-02-4.542763531e-02-5.428520963e-02-6.291878223e-02-7.129050791e-02
-7.937008142e-02-8.713366091e-02-9.456259757e-02-1.016422659e-01-1.083608121e-01
-1.147079021e-01-1.206736043e-01-1.262473017e-01-1.314165443e-01-1.361661404e-01
-1.404771358e-01-1.443259418e-01-1.476833522e-01-1.505138576e-01-1.527746916e-01
-1.544151753e-01-1.553761065e-01-1.555891484e-01-1.549767852e-01-1.534522176e-01
-1.509200633e-01-1.472775489e-01-1.424166262e-01-1.362272799e-01-1.286023557e-01
-1.194440052e-01-1.086722985e-01-9.623605013e-02-8.212573826e-02-6.638840586e-02
-4.914347082e-02-3.059826419e-02-1.106103603e-02 9.051254950e-03 2.921360731e-02
 4.875976965e-02 6.768459082e-02 8.597382158e-02 1.036043912e-01 1.205452010e-01
 1.367583722e-01 1.522010118e-01 1.668274850e-01 1.805921197e-01 1.934523135e-01
 7.689632475e-02 7.375441492e-02 6.841297448e-02 6.221362576e-02 5.570639297e-02
 4.887433350e-02 4.171351716e-02 3.422205895e-02 2.639718726e-02 1.823468693e-02
 9.673514403e-03 8.162871236e-04-8.238635957e-03-1.739926636e-02-2.658155933e-02
-3.571046144e-02-4.472041503e-02-5.355538428e-02-6.216848642e-02-7.052130997e-02
-7.858295739e-02-8.632895350e-02-9.374006093e-02-1.008010730e-01-1.074995250e-01
-1.138245240e-01-1.197655722e-01-1.253114641e-01-1.304492056e-01-1.351630241e-01
-1.394334286e-01-1.432362348e-01-1.465416998e-01-1.493137032e-01-1.515089571e-01
-1.530762464e-01-1.539558321e-01-1.540790349e-01-1.533679664e-01-1.517357379e-01
-1.490870416e-01-1.453195363e-01-1.403259933e-01-1.339978427e-01-1.262299716e-01
-1.169274151e-01-1.060141474e-01-9.344391525e-02-7.921332121e-02-6.337671727e-02
-4.606191814e-02-2.748560905e-02-7.966104895e-03 1.206917036e-02 3.208506852e-02
 5.150767043e-02 7.033267617e-02 8.854512870e-02 1.061201692e-01 1.230239794e-01
 1.392151415e-01 1.546463519e-01 1.692668349e-01 1.830252558e-01 1.958731860e-01
 7.753696293e-02 7.445456833e-02 6.914449483e-02 6.293796748e-02 5.643465370e-02
 4.962423816e-02 4.249838367e-02 3.505149856e-02 2.727923729e-02 1.917733997e-02
 1.067331992e-02 1.869050553e-03-7.137689739e-03-1.625504717e-02-2.539873868e-02
-3.449319676e-02-4.347216710e-02-5.227882415e-02-6.086542085e-02-6.919262558e-02
-7.722862810e-02-8.494801819e-02-9.233064950e-02-9.936036170e-02-1.060237885e-01
-1.123091131e-01-1.182049140e-01-1.236990541e-01-1.287775934e-01-1.334238052e-01
-1.376171410e-01-1.413324326e-01-1.445388496e-01-1.471992135e-01-1.492691040e-01
-1.506962478e-01-1.514198929e-01-1.513704062e-01-1.504691690e-01-1.486288011e-01
-1.457539201e-01-1.417426020e-01-1.364888698e-01-1.298863441e-01-1.218332872e-01
-1.122397110e-01-1.010362878e-01-8.818551898e-02-7.369494438e-02-5.763198808e-02
-4.013958201e-02-2.145111933e-02-1.902965247e-03 1.805740967e-02 3.786866367e-02
 5.714887381e-02 7.589363307e-02 9.408444911e-02 1.116909534e-01 1.286718547e-01
 1.449756920e-01 1.605423689e-01 1.753052771e-01 1.891949028e-01 2.021435350e-01
 7.860107720e-02 7.560207695e-02 7.023251057e-02 6.406289339e-02 5.759555474e-02
 5.082150549e-02 4.373605549e-02 3.633591533e-02 2.861897647e-02 2.058480680e-02
 1.215167157e-02 3.414258361e-03-5.531802773e-03-1.459486317e-02-2.369006909e-02
-3.274095058e-02-4.168019816e-02-5.044982582e-02-5.900089815e-02-6.729285419e-02
-7.529263198e-02-8.297359198e-02-9.031430632e-02-9.729738533e-02-1.039081886e-01
-1.101336479e-01-1.159610525e-01-1.213769540e-01-1.263660640e-01-1.309102625e-01
-1.349876076e-01-1.385713816e-01-1.416292638e-01-1.441225111e-01-1.460051537e-01
-1.472233385e-01-1.477148682e-01-1.474088132e-01-1.462255269e-01-1.440770179e-01
-1.408679187e-01-1.364971697e-01-1.308607310e-01-1.238556653e-01-1.153855622e-01
-1.053679436e-01-9.374363720e-02-8.048824966e-02-6.562546641e-02-4.924172908e-02
-3.150103241e-02-1.265809871e-02 6.932758726e-03 2.681711502e-02 4.633567482e-02
 6.545703858e-02 8.415541053e-02 1.024006903e-01 1.201534644e-01 1.373619139e-01
 1.539598852e-01 1.698662788e-01 1.849861294e-01 1.992146075e-01 2.124441266e-01
 7.982558757e-02 7.690696418e-02 7.171596587e-02 6.560820341e-02 5.918721482e-02
 5.245339498e-02 4.540728033e-02 3.804917261e-02 3.037765436e-02 2.238794416e-02
 1.406897232e-02 5.424830131e-03-3.441419220e-03-1.243433356e-02-2.146676928e-02
-3.046054766e-02-3.934684768e-02-4.806622863e-02-5.656826124e-02-6.481088698e-02
-7.275950164e-02-8.038590848e-02-8.766712993e-02-9.458417445e-02-1.011207998e-01
-1.072623134e-01-1.129943579e-01-1.183017790e-01-1.231675595e-01-1.275717616e-01
-1.314906180e-01-1.348954886e-01-1.377521157e-01-1.400197744e-01-1.416505277e-01
-1.425886601e-01-1.427702308e-01-1.421228945e-01-1.405659765e-01-1.380111277e-01
-1.343634874e-01-1.295237243e-01-1.233911887e-01-1.158683077e-01-1.068665981e-01
-9.631456435e-02-8.416754007e-02-7.041949779e-02-5.511659011e-02-3.837169334e-02
-2.037886530e-02-1.426020171e-03 1.809619740e-02 3.769137710e-02 5.700140446e-02
 7.602743804e-02 9.475731850e-02 1.131672114e-01 1.312195063e-01 1.488589942e-01
 1.660078615e-01 1.825605482e-01 1.983804256e-01 2.133014351e-01 2.271385193e-01
 8.158113807e-02 7.877890766e-02 7.367400080e-02 6.762202829e-02 6.123495102e-02
 5.452503264e-02 4.750423878e-02 4.018147290e-02 3.256136551e-02 2.464446612e-02
 1.642802358e-02 7.882363163e-03-8.911216864e-04-9.797422215e-03-1.874905638e-02
-2.766701952e-02-3.648133948e-02-4.513117671e-02-5.356454104e-02-6.173770130e-02
-6.961429119e-02-7.716428488e-02-8.436281234e-02-9.118897468e-02-9.762457758e-02
-1.036529317e-01-1.092576385e-01-1.144214571e-01-1.191252470e-01-1.233468801e-01
-1.270603240e-01-1.302346736e-01-1.328333616e-01-1.348133832e-01-1.361245960e-01
-1.367092729e-01-1.365017295e-01-1.354283392e-01-1.334078312e-01-1.303521991e-01
-1.261681914e-01-1.207598373e-01-1.140320003e-01-1.058953255e-01-9.627287090e-02
-8.510848880e-02-7.237714529e-02-5.809699744e-02-4.234286398e-02-2.526016533e-02
-7.078143302e-03 1.187961828e-02 3.118962236e-02 5.038472638e-02 6.945849955e-02
 8.840807527e-02 1.072285324e-01 1.259087771e-01 1.444263756e-01 1.627404988e-01
 1.807810068e-01 1.984331906e-01 2.155178338e-01 2.317731082e-01 2.468574792e-01
 8.399396390e-02 8.135131001e-02 7.622894645e-02 7.019177079e-02 6.377432495e-02
 5.702812970e-02 4.998935759e-02 4.267656803e-02 3.509786725e-02 2.725558728e-02
 1.914971694e-02 1.072171237e-02 2.064886503e-03-6.728840061e-03-1.557281706e-02
-2.438774891e-02-3.310272843e-02-4.165558517e-02-4.999271780e-02-5.806855485e-02
-6.584475189e-02-7.328917831e-02-8.037479222e-02-8.707843721e-02-9.337960929e-02
-9.925922751e-02-1.046984792e-01-1.096776724e-01-1.141751111e-01-1.181661263e-01
-1.216220856e-01-1.245095059e-01-1.267892718e-01-1.284159124e-01-1.293370724e-01
-1.294930875e-01-1.288168728e-01-1.272340715e-01-1.246637702e-01-1.210196167e-01
-1.162118688e-01-1.101503372e-01-1.027485207e-01-9.392922372e-02-8.363166451e-02
-7.182046771e-02-5.849625170e-02-4.370774329e-02-2.756467834e-02-1.025059260e-02
 7.966109551e-03 2.672474273e-02 4.550438374e-02 6.430616975e-02 8.313716203e-02
 1.020098105e-01 1.209404618e-01 1.399472058e-01 1.590464115e-01 1.782468408e-01
 1.975385249e-01 2.168711722e-01 2.361089289e-01 2.549308538e-01 2.726661861e-01
 8.742658794e-02 8.515830338e-02 7.989358157e-02 7.346746325e-02 6.678374112e-02
 5.987628549e-02 5.275564641e-02 4.542274028e-02 3.787381202e-02 3.010192141e-02
 2.209688723e-02 1.384349540e-02 5.348422565e-03-3.292173613e-03-1.198970061e-02
-2.066357993e-02-2.924164198e-02-3.766023368e-02-4.586401209e-02-5.380542576e-02
-6.144393608e-02-6.874505430e-02-7.567923516e-02-8.222072572e-02-8.834634721e-02
-9.403426945e-02-9.926287830e-02-1.040096432e-01-1.082499772e-01-1.119563431e-01
-1.150972247e-01-1.176363826e-01-1.195320189e-01-1.207363009e-01-1.211948097e-01
-1.208464205e-01-1.196233779e-01-1.174517423e-01-1.142524481e-01-1.099429280e-01
-1.044396535e-01-9.766165912e-02-8.953531086e-02-8.000051975e-02-6.901847571e-02
-5.658093467e-02-4.272089526e-02-2.752429247e-02-1.114184037e-02 6.200156640e-03
 2.419166639e-02 4.230311140e-02 6.053967029e-02 7.891454548e-02 9.745010734e-02
 1.161791608e-01 1.351462752e-01 1.544094980e-01 1.740421504e-01 1.941353083e-01
 2.148007154e-01 2.361755818e-01 2.584350705e-01 2.818474472e-01 3.064061999e-01
 9.151396155e-02 8.978000283e-02 8.396254480e-02 7.691356540e-02 6.988383830e-02
 6.279109418e-02 5.558875948e-02 4.824918509e-02 4.075318947e-02 3.308526054e-02
 2.523129061e-02 1.717743836e-02 8.882633410e-03 4.398613819e-04-8.063906804e-03
-1.654852927e-02-2.494137362e-02-3.317765892e-02-4.120039940e-02-4.895998538e-02
-5.641353130e-02-6.352393329e-02-7.025888562e-02-7.658968866e-02-8.249013126e-02
-8.793529868e-02-9.290041029e-02-9.735973924e-02-1.012855470e-01-1.046471596e-01
-1.074100658e-01-1.095351726e-01-1.109781712e-01-1.116891056e-01-1.116120964e-01
-1.106854007e-01-1.088418216e-01-1.060095727e-01-1.021137089e-01-9.707836807e-02
-9.082987905e-02-8.330094069e-02-7.443603873e-02-6.419823319e-02-5.257728696e-02
-3.959902376e-02-2.533564717e-02-9.916451760e-03 6.462137215e-03 2.352851070e-02
 4.078136384e-02 5.822420865e-02 7.586862147e-02 9.373610467e-02 1.118603200e-01
 1.302900016e-01 1.490927488e-01 1.683601141e-01 1.882148832e-01 2.088214159e-01
 2.304009944e-01 2.532551289e-01 2.778023481e-01 3.046317995e-01 3.333142102e-01
 9.417988360e-02 9.268410504e-02 8.677353710e-02 7.965976745e-02 7.255823910e-02
 6.542731822e-02 5.823506042e-02 5.095531791e-02 4.356698692e-02 3.605268523e-02
 2.839791588e-02 2.059131861e-02 1.255437173e-02 4.370049573e-03-3.878719639e-03
-1.211311761e-02-2.026039921e-02-2.825476602e-02-3.603757173e-02-4.355707020e-02
-5.076785386e-02-5.763000995e-02-6.410817057e-02-7.017044723e-02-7.578726858e-02
-8.093030751e-02-8.557134122e-02-8.968119323e-02-9.322878718e-02-9.618019313e-02
-9.849791974e-02-1.001402140e-01-1.010606214e-01-1.012077034e-01-1.005250737e-01
-9.895174950e-02-9.642291814e-02-9.287128597e-02-8.822908998e-02-8.243090659e-02
-7.541741431e-02-6.714028120e-02-5.756818876e-02-4.669401050e-02-3.454305977e-02
-2.118204907e-02-6.728266831e-03 8.641387336e-03 2.468291298e-02 4.095640033e-02
 5.745869502e-02 7.419329137e-02 9.117208421e-02 1.084174961e-01 1.259652227e-01
 1.438676566e-01 1.621986777e-01 1.810601205e-01 2.005908638e-01 2.209797800e-01
 2.424839139e-01 2.654527724e-01 2.903565466e-01 3.178039193e-01 3.471621573e-01
 9.561090916e-02 9.425531328e-02 8.866183460e-02 8.165694028e-02 7.463935018e-02
 6.759935617e-02 6.051877886e-02 5.337963998e-02 4.616504163e-02 3.885911778e-02
 3.144629672e-02 2.390992641e-02 1.622927748e-02 8.386016823e-03 4.684258893e-04
-7.442483678e-03-1.527255215e-02-2.295449004e-02-3.042780794e-02-3.763851151e-02
-4.453854635e-02-5.108504370e-02-5.723940954e-02-6.296632439e-02-6.823267043e-02
-7.300649583e-02-7.725593448e-02-8.094828576e-02-8.404903859e-02-8.652116358e-02
-8.832440525e-02-8.941483498e-02-8.974455297e-02-8.926171809e-02-8.791088313e-02
-8.563368767e-02-8.237016946e-02-7.806058228e-02-7.264801860e-02-6.608188152e-02
-5.832234398e-02-4.934578389e-02-3.915135190e-02-2.776841819e-02-1.526458934e-02
-1.753618708e-03 1.259890385e-02 2.756783552e-02 4.280601814e-02 5.830048025e-02
 7.404291630e-02 9.003105015e-02 1.062700972e-01 1.227746606e-01 1.395709962e-01
 1.566998810e-01 1.742204726e-01 1.922152042e-01 2.107968330e-01 2.301183343e-01
 2.503879070e-01 2.718938291e-01 2.950522304e-01 3.205125928e-01 3.470820785e-01
 9.651148319e-02 9.532326460e-02 8.980622888e-02 8.295307308e-02 7.610040903e-02
 6.923492253e-02 6.234415993e-02 5.541637167e-02 4.844024405e-02 4.140451178e-02
 3.429773077e-02 2.710841782e-02 1.982611790e-02 1.238951832e-02 4.877486732e-03
-2.632339485e-03-1.006659307e-02-1.735745184e-02-2.444304712e-02-3.126737103e-02
-3.777984530e-02-4.393468052e-02-4.969003052e-02-5.500709265e-02-5.984914675e-02
-6.418055296e-02-6.796585023e-02-7.116884738e-02-7.375185192e-02-7.567507029e-02
-7.689605653e-02-7.736951858e-02-7.704729587e-02-7.587867230e-02-7.381106913e-02
-7.079128176e-02-6.676718593e-02-6.169019639e-02-5.551846325e-02-4.822096601e-02
-3.978246450e-02-3.020946868e-02-1.953700185e-02-7.836150005e-03 4.777787253e-03
 1.813434623e-02 3.202457353e-02 4.622437060e-02 6.070942804e-02 7.545822114e-02
 9.045297652e-02 1.056805998e-01 1.211336032e-01 1.368112862e-01 1.527210176e-01
 1.688797325e-01 1.853154600e-01 2.020689994e-01 2.191953957e-01 2.367650717e-01
 2.548638582e-01 2.735905051e-01 2.930459380e-01 3.132708073e-01 3.332701921e-01
 9.662830830e-02 9.557846189e-02 9.018542618e-02 8.354821056e-02 7.692685723e-02
 7.029729337e-02 6.365213543e-02 5.698802322e-02 5.030110851e-02 4.358562827e-02
 3.683373332e-02 3.003545105e-02 2.317829430e-02 1.624546759e-02 9.226704016e-03
 2.203218173e-03-4.750372842e-03-1.156535465e-02-1.817864925e-02-2.453252487e-02
-3.057417274e-02-3.625509515e-02-4.153039306e-02-4.635795578e-02-5.069760233e-02
-5.451022834e-02-5.775700510e-02-6.039864570e-02-6.239479035e-02-6.370356679e-02
-6.428134441e-02-6.408272684e-02-6.306090206e-02-6.116831675e-02-5.835780501e-02
-5.458429456e-02-4.980706424e-02-4.399267957e-02-3.711874411e-02-2.917839214e-02
-2.018555813e-02-1.018082164e-02 7.624486461e-04 1.253194921e-02 2.497897297e-02
 3.780116513e-02 5.099590123e-02 6.451863050e-02 7.833179832e-02 9.240204841e-02
 1.066992208e-01 1.211961657e-01 1.358689666e-01 1.506972611e-01 1.656646878e-01
 1.807589680e-01 1.959715784e-01 2.112964690e-01 2.267269194e-01 2.422496229e-01
 2.578330934e-01 2.734062672e-01 2.888173461e-01 3.037480116e-01 3.175413609e-01
 9.561862051e-02 9.458631277e-02 8.968877792e-02 8.345804363e-02 7.714116573e-02
 7.077704370e-02 6.439976394e-02 5.802621692e-02 5.166231841e-02 4.530742019e-02
 3.895685077e-02 3.260343149e-02 2.623877116e-02 1.985481940e-02 1.339829527e-02
 6.940358784e-03 5.513617070e-04-5.701611750e-03-1.175564900e-02-1.755219884e-02
-2.303686738e-02-2.815900370e-02-3.287112340e-02-3.712823614e-02-4.088716581e-02
-4.410583898e-02-4.674266279e-02-4.875598103e-02-5.010366067e-02-5.074290186e-02
-5.063027516e-02-4.972203076e-02-4.797481000e-02-4.534674808e-02-4.179908708e-02
-3.729832545e-02-3.181897849e-02-2.534690127e-02-1.788329519e-02-9.449568577e-03
-9.257564670e-05 1.010980550e-02 2.104403824e-02 3.252826631e-02 4.444211721e-02
 5.674899742e-02 6.941461563e-02 8.239999413e-02 9.566445649e-02 1.091666222e-01
 1.228647828e-01 1.367171258e-01 1.506820023e-01 1.647180915e-01 1.787845641e-01
 1.928409189e-01 2.068459988e-01 2.207561135e-01 2.345214039e-01 2.480795830e-01
 2.613463998e-01 2.742015421e-01 2.864710689e-01 2.979118824e-01 3.082174957e-01
 9.494525939e-02 9.424902499e-02 8.931002766e-02 8.307267725e-02 7.685508579e-02
 7.066246867e-02 6.452001631e-02 5.843819678e-02 5.241854489e-02 4.645743594e-02
 4.054821283e-02 3.468234837e-02 2.885007299e-02 2.304022387e-02 1.723868772e-02
 1.143216249e-02 5.692678504e-03 8.709808026e-05-5.321972072e-03-1.047576778e-02
-1.531904936e-02-1.979973912e-02-2.386848629e-02-2.747817524e-02-3.058340587e-02
-3.314000741e-02-3.510461003e-02-3.643433005e-02-3.708660230e-02-3.701929003e-02
-3.619102389e-02-3.456186503e-02-3.209441528e-02-2.875535935e-02-2.451755106e-02
-1.936264895e-02-1.328430139e-02-6.291679107e-03 1.587756909e-03 1.030173432e-02
 1.976931095e-02 2.987278253e-02 4.047418758e-02 5.155571550e-02 6.307784468e-02
 7.500081509e-02 8.728349209e-02 9.988183528e-02 1.127485558e-01 1.258329749e-01
 1.390810609e-01 1.524354219e-01 1.658357978e-01 1.792193204e-01 1.925212145e-01
 2.056751698e-01 2.186135501e-01 2.312668562e-01 2.435623407e-01 2.554211617e-01
 2.667544186e-01 2.774588168e-01 2.874131501e-01 2.964795232e-01 3.045120239e-01
 9.400020540e-02 9.363652766e-02 8.860377967e-02 8.209731430e-02 7.583013177e-02
 6.975344568e-02 6.383908540e-02 5.806899816e-02 5.242865533e-02 4.690472409e-02
 4.148459435e-02 3.615653515e-02 3.091002442e-02 2.573630586e-02 2.062960528e-02
 1.553679816e-02 1.051905472e-02 5.637455266e-03 9.515127167e-04-3.481467254e-03
-7.606617641e-03-1.137149148e-02-1.472589467e-02-1.762164012e-02-2.001225576e-02
-2.185273357e-02-2.309933491e-02-2.370953001e-02-2.364212461e-02-2.285764925e-02
-2.131903544e-02-1.899266057e-02-1.584975794e-02-1.186835952e-02-7.035826799e-03
-1.351942541e-03 5.167013966e-03 1.248112135e-02 2.054196224e-02 2.926301770e-02
 3.854317218e-02 4.837396368e-02 5.872186646e-02 6.955511123e-02 8.083850145e-02
 9.253336489e-02 1.045969501e-01 1.169815511e-01 1.296336800e-01 1.424933970e-01
 1.554938108e-01 1.685609668e-01 1.816141605e-01 1.945668459e-01 2.073282301e-01
 2.198052406e-01 2.319050729e-01 2.435373068e-01 2.546158433e-01 2.650598288e-01
 2.747935653e-01 2.837460041e-01 2.918502688e-01 2.990446091e-01 3.052750826e-01
 9.126149863e-02 9.097849578e-02 8.608275652e-02 7.967081666e-02 7.354897261e-02
 6.770221144e-02 6.210163981e-02 5.671913922e-02 5.152909458e-02 4.650896788e-02
 4.163947701e-02 3.690452874e-02 3.229109198e-02 2.778888680e-02 2.338986099e-02
 1.908690855e-02 1.486168616e-02 1.077257283e-02 6.876728963e-03 3.229748923e-03
-1.145655551e-04-3.104345873e-03-5.689690355e-03-7.822637446e-03-9.457116015e-03
-1.054893341e-02-1.105582900e-02-1.093765162e-02-1.015671995e-02-8.678551763e-03
-6.472934037e-03-3.515251912e-03 2.120194840e-04 4.717390053e-03 9.997224435e-03
 1.603409648e-02 2.279969305e-02 3.015579470e-02 3.812411055e-02 4.669274017e-02
 5.583599955e-02 6.553179026e-02 7.575540990e-02 8.647961915e-02 9.767359495e-02
 1.093018726e-01 1.213231534e-01 1.336889118e-01 1.463418603e-01 1.592144370e-01
 1.722274274e-01 1.852889955e-01 1.982947737e-01 2.111288011e-01 2.236665338e-01
 2.357793003e-01 2.473404109e-01 2.582319677e-01 2.683514357e-01 2.776165307e-01
 2.859683037e-01 2.933712602e-01 2.998114526e-01 3.052934110e-01 3.098361194e-01
 8.698897064e-02 8.678261936e-02 8.176005632e-02 7.552613318e-02 6.969783455e-02
 6.422960758e-02 5.908038840e-02 5.420867354e-02 4.957696423e-02 4.515374079e-02
 4.091379046e-02 3.683777526e-02 3.291160986e-02 2.912573516e-02 2.547457628e-02
 2.195614576e-02 1.857218146e-02 1.532355417e-02 1.226430945e-02 9.447559714e-03
 6.925153546e-03 4.747292027e-03 2.962261438e-03 1.616244088e-03 7.531309966e-04
 4.142748658e-04 6.381637068e-04 1.460074214e-03 2.911944175e-03 5.021052901e-03
 7.808174472e-03 1.128561329e-02 1.545655355e-02 2.031606808e-02 2.583822794e-02
 3.196559101e-02 3.870929778e-02 4.605574533e-02 5.399840325e-02 6.252852827e-02
 7.163416594e-02 8.130149543e-02 9.151437879e-02 1.022537798e-01 1.134967655e-01
 1.252152026e-01 1.373740733e-01 1.499292552e-01 1.628250480e-01 1.759910733e-01
 1.893390864e-01 2.027599216e-01 2.161214203e-01 2.292683125e-01 2.420255840e-01
 2.542065084e-01 2.656250894e-01 2.761119902e-01 2.855300009e-01 2.937861681e-01
 3.008385897e-01 3.066959679e-01 3.114114404e-01 3.150708973e-01 3.177786767e-01
 8.025678992e-02 7.992566377e-02 7.523955405e-02 6.935153902e-02 6.400306523e-02
 5.911748111e-02 5.461371690e-02 5.042303726e-02 4.649189860e-02 4.278064519e-02
 3.926101699e-02 3.591379896e-02 3.272692114e-02 2.969408408e-02 2.681388520e-02
 2.408932149e-02 2.152772434e-02 1.914098859e-02 1.693773642e-02 1.496761944e-02
 1.327987202e-02 1.192193292e-02 1.093898993e-02 1.037371345e-02 1.026589703e-02
 1.065188274e-02 1.156361122e-02 1.302714366e-02 1.506761182e-02 1.770488918e-02
 2.094951086e-02 2.479519695e-02 2.921802737e-02 3.423526883e-02 3.984948248e-02
 4.605543613e-02 5.285202712e-02 6.023719907e-02 6.820917130e-02 7.676574588e-02
 8.590388298e-02 9.561946243e-02 1.059069633e-01 1.167587936e-01 1.281643212e-01
 1.401085556e-01 1.525699347e-01 1.655177325e-01 1.789081246e-01 1.926792711e-01
 2.067448944e-01 2.209866792e-01 2.352460474e-01 2.493175715e-01 2.629474998e-01
 2.758438587e-01 2.877017260e-01 2.982410789e-01 3.072456121e-01 3.145899177e-01
 3.202517927e-01 3.243105114e-01 3.269321322e-01 3.283405006e-01 3.287783563e-01
 7.086261362e-02 7.028642297e-02 6.587764621e-02 6.065174192e-02 5.617241561e-02
 5.222428590e-02 4.865463078e-02 4.536741599e-02 4.230337590e-02 3.942634165e-02
 3.671488538e-02 3.415742517e-02 3.174928576e-02 2.949097194e-02 2.738723904e-02
 2.544663474e-02 2.368153445e-02 2.210856043e-02 2.074960619e-02 1.960891113e-02
 1.873536035e-02 1.817251556e-02 1.796047017e-02 1.813640445e-02 1.873446256e-02
 1.978516020e-02 2.131439000e-02 2.331629582e-02 2.581852488e-02 2.884105034e-02
 3.239725158e-02 3.649454191e-02 4.113698378e-02 4.633145034e-02 5.208381265e-02
 5.839877948e-02 6.528116763e-02 7.273602486e-02 8.076880872e-02 8.938547969e-02
 9.859243035e-02 1.083965302e-01 1.188048720e-01 1.298245490e-01 1.414619982e-01
 1.537219435e-01 1.666057557e-01 1.801086664e-01 1.942157447e-01 2.088954449e-01
 2.240901887e-01 2.397023737e-01 2.555744052e-01 2.714618146e-01 2.870035768e-01
 3.017086089e-01 3.149994612e-01 3.263308406e-01 3.353104293e-01 3.417473137e-01
 3.456497192e-01 3.472194374e-01 3.468441367e-01 3.450453877e-01 3.423557878e-01
 5.716550723e-02 5.580504239e-02 5.224401876e-02 4.889415950e-02 4.616418853e-02
 4.371040687e-02 4.142399877e-02 3.926180303e-02 3.720686585e-02 3.525469825e-02
 3.340749443e-02 3.167141229e-02 3.005524725e-02 2.856978588e-02 2.722754516e-02
 2.604277618e-02 2.503154986e-02 2.421190403e-02 2.360381559e-02 2.322862856e-02
 2.311403304e-02 2.328968421e-02 2.378517203e-02 2.462890930e-02 2.584734187e-02
 2.746422216e-02 2.949978411e-02 3.196972236e-02 3.489106148e-02 3.827957436e-02
 4.214892909e-02 4.651069641e-02 5.137512460e-02 5.675219372e-02 6.265176833e-02
 6.908380985e-02 7.605881989e-02 8.358813822e-02 9.168437123e-02 1.003616527e-01
 1.096359864e-01 1.195256189e-01 1.300513744e-01 1.412369609e-01 1.531092525e-01
 1.656982899e-01 1.790370047e-01 1.931602210e-01 2.081023753e-01 2.238933444e-01
 2.405502945e-01 2.580634058e-01 2.763702869e-01 2.953078151e-01 3.145143688e-01
 3.332150578e-01 3.499956727e-01 3.634531200e-01 3.729542196e-01 3.783391118e-01
 3.796716034e-01 3.772425056e-01 3.717598915e-01 3.646114469e-01 3.572582603e-01
 3.841143847e-02 3.482025117e-02 3.494594991e-02 3.540969640e-02 3.511415794e-02
 3.444470093e-02 3.357440233e-02 3.259754926e-02 3.157469258e-02 3.054946102e-02
 2.955590375e-02 2.862215787e-02 2.777255327e-02 2.702895552e-02 2.641173266e-02
 2.594047226e-02 2.563455701e-02 2.551359683e-02 2.559774742e-02 2.590799890e-02
 2.646660618e-02 2.729651146e-02 2.842062712e-02 2.986121736e-02 3.163941950e-02
 3.377486765e-02 3.628551587e-02 3.918771446e-02 4.249693453e-02 4.622776806e-02
 5.039391667e-02 5.500836670e-02 6.008370221e-02 6.563255936e-02 7.166794688e-02
 7.820367068e-02 8.525466919e-02 9.283749014e-02 1.009707376e-01 1.096756458e-01
 1.189766675e-01 1.289023012e-01 1.394859850e-01 1.507672071e-01 1.627929807e-01
 1.756195426e-01 1.893143505e-01 2.039584816e-01 2.196492702e-01 2.365026474e-01
 2.546548545e-01 2.742617130e-01 2.954950333e-01 3.185364604e-01 3.435873389e-01
 3.710029125e-01 3.955091238e-01 4.121833742e-01 4.222468138e-01 4.263383746e-01
 4.239133000e-01 4.154770076e-01 4.002195597e-01 3.829804063e-01 3.698026836e-01
 2.540388331e-02 2.109769359e-02 2.204953134e-02 2.395928279e-02 2.511101589e-02
 2.572414279e-02 2.597153559e-02 2.598042041e-02 2.584439702e-02 2.563384362e-02
 2.540309913e-02 2.519525215e-02 2.504544519e-02 2.498318255e-02 2.503404580e-02
 2.522092499e-02 2.556494810e-02 2.608614042e-02 2.680390514e-02 2.773732319e-02
 2.890533209e-02 3.032666445e-02 3.201966733e-02 3.400209174e-02 3.629092127e-02
 3.890225291e-02 4.185128957e-02 4.515243694e-02 4.881948978e-02 5.286584795e-02
 5.730465800e-02 6.214906275e-02 6.741248071e-02 7.310892642e-02 7.925333083e-02
 8.586198092e-02 9.295282513e-02 1.005460173e-01 1.086644009e-01 1.173342019e-01
 1.265858412e-01 1.364549994e-01 1.469839215e-01 1.582233161e-01 1.702346653e-01
 1.830934584e-01 1.968936473e-01 2.117536068e-01 2.278245538e-01 2.453020811e-01
 2.644417882e-01 2.855791450e-01 3.091518283e-01 3.357180953e-01 3.659676611e-01
 3.983054459e-01 4.229601920e-01 4.397313893e-01 4.490581155e-01 4.506224990e-01
 4.446534812e-01 4.300294518e-01 4.082040787e-01 3.893672228e-01 3.741641641e-01
 1.652431861e-02 1.186118275e-02 1.300083473e-02 1.529451087e-02 1.701094583e-02
 1.826635003e-02 1.917342097e-02 1.983467676e-02 2.033717185e-02 2.075216733e-02
 2.113703638e-02 2.153788507e-02 2.199209295e-02 2.253055759e-02 2.317944914e-02
 2.396157384e-02 2.489735559e-02 2.600551769e-02 2.730355039e-02 2.880802006e-02
 3.053472564e-02 3.249878064e-02 3.471464291e-02 3.719611466e-02 3.995633498e-02
 4.300785437e-02 4.636270553e-02 5.003254488e-02 5.402885750e-02 5.836315453e-02
 6.304721534e-02 6.809335202e-02 7.351468503e-02 7.932543755e-02 8.554124832e-02
 9.217952192e-02 9.925973415e-02 1.068038493e-01 1.148368418e-01 1.233872473e-01
 1.324880123e-01 1.421775520e-01 1.525011063e-01 1.635127068e-01 1.752778292e-01
 1.878769547e-01 2.014107853e-01 2.160075903e-01 2.318343520e-01 2.491136789e-01
 2.681506872e-01 2.893769741e-01 3.134216368e-01 3.411996961e-01 3.736781478e-01
 4.023390710e-01 4.238751531e-01 4.383247495e-01 4.454756975e-01 4.452898502e-01
 4.364906251e-01 4.183796048e-01 3.988236785e-01 3.824613094e-01 3.686746359e-01
 1.079170592e-02 5.883852951e-03 6.629195996e-03 8.878869936e-03 1.068270579e-02
 1.212145854e-02 1.329004951e-02 1.427678205e-02 1.515728515e-02 1.599312574e-02
 1.683313027e-02 1.771585830e-02 1.867219619e-02 1.972757280e-02 2.090365253e-02
 2.221948281e-02 2.369223908e-02 2.533763088e-02 2.717013657e-02 2.920312062e-02
 3.144891933e-02 3.391890228e-02 3.662357479e-02 3.957265988e-02 4.277525842e-02
 4.623999447e-02 4.997518659e-02 5.398906395e-02 5.829000473e-02 6.288681179e-02
 6.778897345e-02 7.300700992e-02 7.855272293e-02 8.443953842e-02 9.068274498e-02
 9.729973227e-02 1.043101922e-01 1.117364019e-01 1.196034551e-01 1.279396564e-01
 1.367770731e-01 1.461522132e-01 1.561070979e-01 1.666906178e-01 1.779603958e-01
 1.899853349e-01 2.028490156e-01 2.166545391e-01 2.315312773e-01 2.476448715e-01
 2.652130425e-01 2.845325768e-01 3.060339689e-01 3.304449320e-01 3.565042317e-01
 3.783435822e-01 3.950518072e-01 4.063270688e-01 4.120571613e-01 4.113621116e-01
 4.039334953e-01 3.905564249e-01 3.777278364e-01 3.660192490e-01 3.554712534e-01
 7.086548023e-03 1.841081772e-03 2.393518342e-03 4.303081892e-03 5.805858411e-03
 7.040965371e-03 8.127260022e-03 9.155829437e-03 1.019083243e-02 1.127543114e-02
 1.243851520e-02 1.370033808e-02 1.507655438e-02 1.658076048e-02 1.822583564e-02
 2.002444863e-02 2.198901027e-02 2.413140237e-02 2.646262012e-02 2.899249829e-02
 3.172956780e-02 3.468105569e-02 3.785303980e-02 4.125064611e-02 4.487831891e-02
 4.874008894e-02 5.283980817e-02 5.718144402e-02 6.176934391e-02 6.660857052e-02
 7.170529664e-02 7.706718147e-02 8.270378411e-02 8.862686157e-02 9.485061467e-02
 1.013917848e-01 1.082696468e-01 1.155059189e-01 1.231247038e-01 1.311523914e-01
 1.396178305e-01 1.485522985e-01 1.579900980e-01 1.679688543e-01 1.785301268e-01
 1.897199899e-01 2.015895247e-01 2.141948342e-01 2.275959551e-01 2.418534756e-01
 2.570191324e-01 2.731131911e-01 2.900686562e-01 3.076061904e-01 3.248778284e-01
 3.401102722e-01 3.523350954e-01 3.610628843e-01 3.659777045e-01 3.669166565e-01
 3.640114069e-01 3.585515618e-01 3.519526720e-01 3.449381590e-01 3.379396200e-01
 6.069986615e-03 4.784944758e-04 3.268949804e-04 1.328249462e-03 1.973425504e-03
 2.550436184e-03 3.225205932e-03 4.074677825e-03 5.122265778e-03 6.364997942e-03
 7.790399250e-03 9.385806508e-03 1.114285178e-02 1.305892132e-02 1.513676252e-02
 1.738307998e-02 1.980676875e-02 2.241719328e-02 2.522283047e-02 2.823038399e-02
 3.144439310e-02 3.486730903e-02 3.849985078e-02 4.234153032e-02 4.639115930e-02
 5.064725876e-02 5.510833487e-02 5.977309868e-02 6.464073062e-02 6.971128285e-02
 7.498615980e-02 8.046886325e-02 8.616557717e-02 9.208570421e-02 9.824213386e-02
 1.046511605e-01 1.113320589e-01 1.183065474e-01 1.255980283e-01 1.332309395e-01
 1.412302256e-01 1.496209502e-01 1.584280133e-01 1.676757932e-01 1.773876846e-01
 1.875851303e-01 1.982860565e-01 2.095018029e-01 2.212321162e-01 2.334565073e-01
 2.461199164e-01 2.591096759e-01 2.722215354e-01 2.851189673e-01 2.973151207e-01
 3.082402349e-01 3.173828423e-01 3.243781328e-01 3.290290534e-01 3.313229084e-01
 3.314604759e-01 3.298453093e-01 3.269684911e-01 3.232757449e-01 3.191142380e-01
 9.114300832e-03 3.575768089e-03 1.016503898e-03-5.227805814e-04-1.743093715e-03
-2.353600692e-03-2.294583479e-03-1.653048443e-03-5.446163123e-04 9.260610095e-04
 2.676030388e-03 4.646619316e-03 6.802399177e-03 9.127633646e-03 1.162115950e-02
 1.429083757e-02 1.714850403e-02 2.020595595e-02 2.347218432e-02 2.695184574e-02
 3.064492345e-02 3.454738855e-02 3.865246102e-02 4.295206815e-02 4.743792862e-02
 5.210216343e-02 5.693730712e-02 6.193609536e-02 6.709128618e-02 7.239595801e-02
 7.784441113e-02 8.343358338e-02 8.916446567e-02 9.504333138e-02 1.010821760e-01
 1.072985008e-01 1.137141064e-01 1.203534231e-01 1.272417009e-01 1.344032586e-01
 1.418605149e-01 1.496330351e-01 1.577372253e-01 1.661857069e-01 1.749864072e-01
 1.841413230e-01 1.936442852e-01 2.034777999e-01 2.136084288e-01 2.239802778e-01
 2.345067859e-01 2.450608909e-01 2.554664016e-01 2.654951811e-01 2.748775482e-01
 2.833300829e-01 2.905945182e-01 2.964739501e-01 3.008579016e-01 3.037352562e-01
 3.051944077e-01 3.054064214e-01 3.045919836e-01 3.029831648e-01 3.007946014e-01
 1.292640064e-02 7.161563262e-03 1.730349031e-03-3.525573527e-03-8.254705928e-03
-9.793126956e-03-9.848273359e-03-8.924856782e-03-7.341718767e-03-5.323374644e-03
-3.026471939e-03-5.486378795e-04 2.063697670e-03 4.803068936e-03 7.686352357e-03
 1.074154116e-02 1.399785001e-02 1.747912169e-02 2.119980752e-02 2.516310662e-02
 2.936132066e-02 3.377847373e-02 3.839448839e-02 4.318936542e-02 4.814585671e-02
 5.324999243e-02 5.848979950e-02 6.385310739e-02 6.932551414e-02 7.488985360e-02
 8.052790910e-02 8.622432500e-02 9.197068959e-02 9.776846319e-02 1.036301851e-01
 1.095790043e-01 1.156460270e-01 1.218657941e-01 1.282713264e-01 1.348907501e-01
 1.417458653e-01 1.488521546e-01 1.562189311e-01 1.638494730e-01 1.717406064e-01
 1.798816174e-01 1.882528067e-01 1.968232095e-01 2.055478692e-01 2.143645436e-01
 2.231905460e-01 2.319201976e-01 2.404244095e-01 2.485539019e-01 2.561474442e-01
 2.630448937e-01 2.691032588e-01 2.742122114e-01 2.783061266e-01 2.813704014e-01
 2.834409773e-01 2.845969796e-01 2.849481702e-01 2.846200466e-01 2.837402821e-01
 1.494688634e-02 8.431384340e-03 1.331321546e-03-6.724838167e-03-1.563194580e-02
-2.055484056e-02-2.061555907e-02-1.828851178e-02-1.542046014e-02-1.228336990e-02
-9.091499262e-03-5.954345688e-03-2.876366721e-03 2.039532119e-04 3.371871309e-03
 6.710052490e-03 1.028666645e-02 1.415043510e-02 1.832725480e-02 2.281707153e-02
 2.759362571e-02 3.261137009e-02 3.781966120e-02 4.317661747e-02 4.865524173e-02
 5.424155667e-02 5.992843211e-02 6.570765376e-02 7.156127691e-02 7.745501399e-02
 8.334153146e-02 8.917638659e-02 9.493196011e-02 1.006013751e-01 1.061993316e-01
 1.117641032e-01 1.173551083e-01 1.230378002e-01 1.288652569e-01 1.348722428e-01
 1.410785913e-01 1.474935412e-01 1.541187465e-01 1.609492749e-01 1.679738611e-01
 1.751744002e-01 1.825249791e-01 1.899906993e-01 1.975263357e-01 2.050750852e-01
 2.125679106e-01 2.199234515e-01 2.270494998e-01 2.338462323e-01 2.402113080e-01
 2.460466474e-01 2.512660623e-01 2.558024228e-01 2.596134245e-01 2.626844943e-01
 2.650288641e-01 2.666845620e-01 2.677091360e-01 2.681729198e-01 2.681524754e-01
 1.749175414e-02 1.080487296e-02 3.260219004e-03-5.589961074e-03-1.609687135e-02
-2.399518900e-02-2.804342285e-02-2.807992697e-02-2.408528142e-02-1.898853481e-02
-1.453381497e-02-1.080844365e-02-7.555188611e-03-4.471470602e-03-1.319110044e-03
 2.067100955e-03 5.802664906e-03 9.969675913e-03 1.461843029e-02 1.975277439e-02
 2.530402131e-02 3.113161959e-02 3.709220141e-02 4.310423881e-02 4.914589226e-02
 5.522909760e-02 6.138010323e-02 6.762659550e-02 7.398194075e-02 8.039867878e-02
 8.670499176e-02 9.276656806e-02 9.854450822e-02 1.040281579e-01 1.092203632e-01
 1.141608804e-01 1.190088838e-01 1.239652336e-01 1.291038096e-01 1.344403774e-01
 1.399746388e-01 1.457002461e-01 1.516072154e-01 1.576821506e-01 1.639075726e-01
 1.702611744e-01 1.767150015e-01 1.832347661e-01 1.897792518e-01 1.963000298e-01
 2.027416825e-01 2.090424150e-01 2.151355892e-01 2.209520787e-01 2.264233530e-01
 2.314852029e-01 2.360816598e-01 2.401685864e-01 2.437165380e-01 2.467122674e-01
 2.491589040e-01 2.510747313e-01 2.524906993e-01 2.534473240e-01 2.539912462e-01
 2.133897506e-02 1.525024138e-02 8.542256430e-03 1.105486881e-03-7.059342228e-03
-1.574879512e-02-2.338621393e-02-2.720303461e-02-2.675912902e-02-2.169059962e-02
-1.675496437e-02-1.370147802e-02-1.152032427e-02-9.257368743e-03-6.654580124e-03
-3.588222899e-03 4.319826257e-05 4.345506430e-03 9.439365938e-03 1.545576286e-02
 2.243892848e-02 2.970160171e-02 3.666289896e-02 4.335907847e-02 4.989143834e-02
 5.636016279e-02 6.286056340e-02 6.949031353e-02 7.636466622e-02 8.362990618e-02
 9.053441882e-02 9.684595466e-02 1.026528776e-01 1.079152972e-01 1.126133800e-01
 1.166589633e-01 1.203405857e-01 1.244594455e-01 1.288926601e-01 1.335750222e-01
 1.384676844e-01 1.435443610e-01 1.487843841e-01 1.541683227e-01 1.596753299e-01
 1.652816236e-01 1.709596366e-01 1.766774952e-01 1.823989451e-01 1.880834848e-01
 1.936866790e-01 1.991610229e-01 2.044571042e-01 2.095251530e-01 2.143169045e-01
 2.187878191e-01 2.228991389e-01 2.266198099e-01 2.299280167e-01 2.328120470e-01
 2.352703810e-01 2.373112440e-01 2.389513403e-01 2.402143329e-01 2.411289215e-01
 2.626119927e-02 2.120592818e-02 1.577874459e-02 9.975958616e-03 3.877444426e-03
-2.347613219e-03-8.456113748e-03-1.415562071e-02-1.730571687e-02-1.503975131e-02
-1.231189445e-02-1.155301277e-02-1.156437583e-02-1.056231000e-02-8.767141961e-03
-6.235891022e-03-2.926089801e-03 1.256864169e-03 6.474761758e-03 1.303340402e-02
 2.149774693e-02 3.008950874e-02 3.763931245e-02 4.460778460e-02 5.126330629e-02
 5.778197944e-02 6.430044770e-02 7.094534487e-02 7.785562426e-02 8.517177403e-02
 9.211070836e-02 9.839066118e-02 1.040876508e-01 1.091743410e-01 1.136007831e-01
 1.172571778e-01 1.204896420e-01 1.241280735e-01 1.280630529e-01 1.322216541e-01
 1.365630329e-01 1.410635263e-01 1.457060724e-01 1.504738331e-01 1.553474963e-01
 1.603043526e-01 1.653184593e-01 1.703607738e-01 1.753995121e-01 1.804004610e-01
 1.853275001e-01 1.901432127e-01 1.948097646e-01 1.992898732e-01 2.035479993e-01
 2.075515985e-01 2.112723142e-01 2.146870792e-01 2.177788913e-01 2.205374390e-01
 2.229590714e-01 2.250466645e-01 2.268089503e-01 2.282597423e-01 2.294168174e-01
 0.211483717E+01 0.214196849E+01 0.215815687E+01 0.217533779E+01 0.219232845E+01
 0.221315622E+01 0.222814941E+01 0.224383044E+01 0.225880241E+01 0.227318716E+01
 0.228786540E+01 0.230202603E+01 0.231628513E+01 0.233047056E+01 0.234450340E+01
 0.235843396E+01 0.237284541E+01 0.238719130E+01 0.240135574E+01 0.241619802E+01
 0.243138838E+01 0.244665170E+01 0.246204829E+01 0.247834730E+01 0.249519396E+01
 0.251237488E+01 0.253007245E+01 0.254860139E+01 0.256795526E+01 0.258820224E+01
 0.260909653E+01 0.263097620E+01 0.265403891E+01 0.267830491E+01 0.270370889E+01
 0.273032784E+01 0.275849795E+01 0.278829074E+01 0.281981039E+01 0.285304427E+01
 0.288826370E+01 0.292576861E+01 0.296572566E+01 0.300826240E+01 0.305365300E+01
 0.310222626E+01 0.315436506E+01 0.321052766E+01 0.327107954E+01 0.333667040E+01
 0.340787888E+01 0.348563576E+01 0.357083988E+01 0.366477013E+01 0.376902032E+01
 0.388575053E+01 0.401781797E+01 0.416899061E+01 0.434452915E+01 0.455400562E+01
 0.481075096E+01 0.514204597E+01 0.560948801E+01 0.638932705E+01 0.153679104E+02
   89   86
 0.107022345E+01-0.100000001E+00 0.106836605E+01 0.000000000E+00 0.107279563E+01
 0.100000001E+00 0.107906246E+01 0.164022490E+00 0.109055758E+01 0.250000000E+00
 0.110562503E+01 0.332911015E+00 0.111928725E+01 0.400000006E+00 0.113218749E+01
 0.457486957E+00 0.115414333E+01 0.550000012E+00 0.116675472E+01 0.600000024E+00
 0.118531251E+01 0.669357121E+00 0.120948505E+01 0.750000000E+00 0.122607994E+01
 0.800000012E+00 0.124525130E+01 0.850000024E+00 0.126990867E+01 0.899999976E+00
 0.131145477E+01 0.949903965E+00 0.134468746E+01 0.970404804E+00 0.139781249E+01
 0.978473663E+00 0.145093751E+01 0.972722828E+00 0.150406253E+01 0.958479226E+00
 0.153062499E+01 0.948845088E+00 0.158375001E+01 0.928002238E+00 0.163605666E+01
 0.901045978E+00 0.166343749E+01 0.886284828E+00 0.171656251E+01 0.852775872E+00
 0.174312496E+01 0.835011542E+00 0.178953564E+01 0.800000012E+00 0.182281256E+01
 0.774351120E+00 0.185111344E+01 0.749938667E+00 0.190250003E+01 0.703513682E+00
 0.192906249E+01 0.677776694E+00 0.195617974E+01 0.649521470E+00 0.200044870E+01
 0.600000024E+00 0.203531241E+01 0.557510138E+00 0.206187510E+01 0.521851778E+00
 0.208843756E+01 0.482882887E+00 0.211500001E+01 0.440135747E+00 0.214156246E+01
 0.392957568E+00 0.216812491E+01 0.340433717E+00 0.219468760E+01 0.281010240E+00
 0.222125006E+01 0.211416990E+00 0.224015880E+01 0.150000006E+00 0.225187445E+01
 0.100000001E+00 0.226366925E+01 0.000000000E+00 0.225952888E+01-0.100000001E+00
 0.224781251E+01-0.167702109E+00 0.222695208E+01-0.250000000E+00 0.221068239E+01
-0.300000012E+00 0.219228363E+01-0.349999994E+00 0.216812491E+01-0.408887506E+00
 0.214156246E+01-0.465588450E+00 0.211500001E+01-0.515783310E+00 0.208843756E+01
-0.560735941E+00 0.206187510E+01-0.601443172E+00 0.202681708E+01-0.649999976E+00
 0.198748159E+01-0.699999988E+00 0.195562506E+01-0.737675190E+00 0.192906249E+01
-0.767536402E+00 0.189808941E+01-0.800000012E+00 0.184975052E+01-0.848722816E+00
 0.182281256E+01-0.874938786E+00 0.179410100E+01-0.900289237E+00 0.174312496E+01
-0.943915427E+00 0.171656251E+01-0.965357721E+00 0.166808617E+01-0.100000000E+01
 0.163687503E+01-0.102199519E+01 0.158939517E+01-0.104999995E+01 0.155718756E+01
-0.106915784E+01 0.150406253E+01-0.109516263E+01 0.147749996E+01-0.110746491E+01
 0.142437506E+01-0.112981176E+01 0.137125003E+01-0.114701593E+01 0.134468746E+01
-0.115481973E+01 0.129156256E+01-0.116806984E+01 0.123843753E+01-0.117421329E+01
 0.118260384E+01-0.116760373E+01 0.118429542E+01-0.110000002E+01 0.118445611E+01
-0.100000000E+01 0.117833102E+01-0.899999976E+00 0.116739988E+01-0.800000012E+00
 0.115875006E+01-0.737278342E+00 0.114542675E+01-0.649999976E+00 0.113218749E+01
-0.568869472E+00 0.112076235E+01-0.500000000E+00 0.110562503E+01-0.406513065E+00
 0.109667349E+01-0.349999994E+00 0.108295119E+01-0.250000000E+00 0.107768655E+01
-0.200000003E+00 0.107022345E+01-0.100000001E+00
 0.101600003E+01 0.000000000E+00 0.101600003E+01 0.963999987E+00 0.101600003E+01
 0.967999995E+00 0.101600003E+01 0.100100005E+01 0.101600003E+01 0.101900005E+01
 0.101600003E+01 0.107700002E+01 0.101600003E+01 0.107000005E+01 0.101600003E+01
 0.109599996E+01 0.101600003E+01 0.111300004E+01 0.101600003E+01 0.113800001E+01
 0.101600003E+01 0.114699996E+01 0.101199996E+01 0.116499996E+01 0.100100005E+01
 0.121700001E+01 0.102900004E+01 0.121700001E+01 0.104200006E+01 0.116240001E+01
 0.104600000E+01 0.116237998E+01 0.105599999E+01 0.116260004E+01 0.109700000E+01
 0.116450000E+01 0.110800004E+01 0.116594005E+01 0.111600006E+01 0.116591001E+01
 0.113399994E+01 0.116895998E+01 0.114800000E+01 0.117174995E+01 0.116199994E+01
 0.117556000E+01 0.118099999E+01 0.118299997E+01 0.118200004E+01 0.118350005E+01
 0.118499994E+01 0.118499994E+01 0.119000006E+01 0.118799996E+01 0.119500005E+01
 0.119099998E+01 0.120099998E+01 0.119599998E+01 0.120899999E+01 0.120200002E+01
 0.121500003E+01 0.120799994E+01 0.122200000E+01 0.121399999E+01 0.122800004E+01
 0.122099996E+01 0.123399997E+01 0.123099995E+01 0.123899996E+01 0.123800004E+01
 0.124199998E+01 0.124399996E+01 0.124800003E+01 0.125399995E+01 0.125800002E+01
 0.127800000E+01 0.126300001E+01 0.128999996E+01 0.127999997E+01 0.133099997E+01
 0.127999997E+01 0.134700000E+01 0.127999997E+01 0.134800005E+01 0.130999994E+01
 0.134800005E+01 0.132799995E+01 0.134800005E+01 0.136099994E+01 0.134800005E+01
 0.138000000E+01 0.134800005E+01 0.141900003E+01 0.134800005E+01 0.141900003E+01
 0.130999994E+01 0.137199998E+01 0.130999994E+01 0.137199998E+01 0.129200006E+01
 0.160800004E+01 0.109500003E+01 0.164699996E+01 0.107700002E+01 0.178499997E+01
 0.107700002E+01 0.206999993E+01 0.103999996E+01 0.212800002E+01 0.992999971E+00
 0.224499989E+01 0.708999991E+00 0.232299995E+01 0.518999994E+00 0.237700009E+01
 0.388999999E+00 0.236249995E+01 0.400000006E+00 0.236443496E+01 0.222000003E+00
 0.236496902E+01 0.133000001E+00 0.236532402E+01 0.439999998E-01 0.236512089E+01
-0.439999998E-01 0.236484194E+01-0.133000001E+00 0.236433411E+01-0.222000003E+00
 0.236249995E+01-0.400000006E+00 0.237700009E+01-0.388999999E+00 0.213400006E+01
-0.972999990E+00 0.178600001E+01-0.117400002E+01 0.176800001E+01-0.121099997E+01
 0.176800001E+01-0.125000000E+01 0.168200004E+01-0.125000000E+01 0.137199998E+01
-0.125000000E+01 0.137199998E+01-0.132900000E+01 0.141999996E+01-0.132900000E+01
 0.141999996E+01-0.136300004E+01 0.127300000E+01-0.136300004E+01 0.115300000E+01
-0.136300004E+01 0.101600003E+01-0.122300005E+01 0.101600003E+01-0.122300005E+01
 0.101600003E+01-0.829999983E+00 0.101600003E+01-0.800000012E+00 0.101600003E+01
-0.414999992E+00 0.101600003E+01-0.400000006E+00 0.101600003E+01-0.100000005E-02
 0.101600003E+01 0.000000000E+00
    0 0.169550002E+01    0
 0.000000000E+00 0.104746670E+00 0.148648411E+00 0.182523340E+00 0.211249858E+00
 0.235462770E+00 0.258640349E+00 0.280154198E+00 0.300211191E+00 0.319099724E+00
 0.337161690E+00 0.354319394E+00 0.370746970E+00 0.386733413E+00 0.402042210E+00
 0.416886151E+00 0.431359649E+00 0.445454746E+00 0.459139466E+00 0.472505748E+00
 0.485670090E+00 0.498507798E+00 0.511098087E+00 0.523463249E+00 0.535662174E+00
 0.547649324E+00 0.559442163E+00 0.571077943E+00 0.582611799E+00 0.593975663E+00
 0.605203569E+00 0.616317570E+00 0.627349138E+00 0.638298512E+00 0.649147749E+00
 0.659899712E+00 0.670591295E+00 0.681253850E+00 0.691863656E+00 0.702427149E+00
 0.712945223E+00 0.723451376E+00 0.733942151E+00 0.744434476E+00 0.754937768E+00
 0.765447378E+00 0.775989234E+00 0.786572993E+00 0.797192574E+00 0.807886541E+00
 0.818651795E+00 0.829518795E+00 0.840495825E+00 0.851601601E+00 0.862868845E+00
 0.874314964E+00 0.885980666E+00 0.897898018E+00 0.910127997E+00 0.922752857E+00
 0.935831785E+00 0.949546099E+00 0.964132309E+00 0.980010808E+00 0.100000000E+01
    0
