  EFITD    06/25/2013    #1553473000.0ms  EFIT01   0  65  65
 0.170000005E+01 0.320000005E+01 0.169550002E+01 0.839999974E+00 0.000000000E+00
 0.181463075E+01-0.183994118E-01-0.173005611E+00 0.106461644E-01 0.165723181E+01
 0.101865944E+07-0.173005611E+00 0.000000000E+00 0.181463075E+01 0.000000000E+00
-0.183994118E-01 0.000000000E+00 0.106461644E-01 0.000000000E+00 0.000000000E+00
 0.275787163E+01 0.276068830E+01 0.276339841E+01 0.276600361E+01 0.276850677E+01
 0.277090955E+01 0.277321482E+01 0.277542400E+01 0.277753973E+01 0.277956438E+01
 0.278149962E+01 0.278334808E+01 0.278511143E+01 0.278679228E+01 0.278839207E+01
 0.278991342E+01 0.279135847E+01 0.279272866E+01 0.279402685E+01 0.279525447E+01
 0.279641390E+01 0.279750681E+01 0.279853582E+01 0.279950237E+01 0.280040884E+01
 0.280125713E+01 0.280204916E+01 0.280278683E+01 0.280347204E+01 0.280410719E+01
 0.280469418E+01 0.280523467E+01 0.280573082E+01 0.280618453E+01 0.280659795E+01
 0.280697250E+01 0.280731106E+01 0.280761480E+01 0.280788565E+01 0.280812597E+01
 0.280833769E+01 0.280852246E+01 0.280868244E+01 0.280881929E+01 0.280893564E+01
 0.280903244E+01 0.280911255E+01 0.280917740E+01 0.280922890E+01 0.280926895E+01
 0.280929995E+01 0.280932331E+01 0.280934143E+01 0.280935597E+01 0.280936909E+01
 0.280938220E+01 0.280939770E+01 0.280941749E+01 0.280944347E+01 0.280947757E+01
 0.280952144E+01 0.280957747E+01 0.280964732E+01 0.280973315E+01 0.280983663E+01
 0.106551891E+06 0.103434828E+06 0.100363875E+06 0.973390234E+05 0.943602734E+05
 0.914276250E+05 0.885410703E+05 0.857006250E+05 0.829062812E+05 0.801580312E+05
 0.774558906E+05 0.747998438E+05 0.721898906E+05 0.696260469E+05 0.671083125E+05
 0.646366719E+05 0.622111289E+05 0.598316914E+05 0.574983516E+05 0.552111172E+05
 0.529699844E+05 0.507749453E+05 0.486260156E+05 0.465231797E+05 0.444664453E+05
 0.424558203E+05 0.404912891E+05 0.385728594E+05 0.367005312E+05 0.348743047E+05
 0.330941797E+05 0.313601543E+05 0.296722305E+05 0.280304062E+05 0.264346855E+05
 0.248850664E+05 0.233815469E+05 0.219241270E+05 0.205128086E+05 0.191475938E+05
 0.178284766E+05 0.165554609E+05 0.153285479E+05 0.141477354E+05 0.130130234E+05
 0.119244131E+05 0.108819033E+05 0.988549414E+04 0.893518652E+04 0.803098047E+04
 0.717287451E+04 0.636087012E+04 0.559496631E+04 0.487516309E+04 0.420146191E+04
 0.357386108E+04 0.299236133E+04 0.245696289E+04 0.196766504E+04 0.152446838E+04
 0.112737280E+04 0.776378052E+03 0.471484375E+03 0.212691681E+03 0.000000000E+00
 0.275922489E+01 0.265810108E+01 0.255887341E+01 0.246154237E+01 0.236610794E+01
 0.227256966E+01 0.218092799E+01 0.209118271E+01 0.200333381E+01 0.191738141E+01
 0.183332539E+01 0.175116587E+01 0.167090273E+01 0.159253621E+01 0.151606596E+01
 0.144149220E+01 0.136881495E+01 0.129803395E+01 0.122914958E+01 0.116216159E+01
 0.109706998E+01 0.103387499E+01 0.972576261E+00 0.913174033E+00 0.855668187E+00
 0.800058842E+00 0.746345997E+00 0.694529533E+00 0.644609451E+00 0.596585870E+00
 0.550458789E+00 0.506228089E+00 0.463893801E+00 0.423455983E+00 0.384914637E+00
 0.348269701E+00 0.313521206E+00 0.280669153E+00 0.249713525E+00 0.220654353E+00
 0.193491638E+00 0.168225348E+00 0.144855499E+00 0.123382092E+00 0.103805132E+00
 0.861246139E-01 0.703405365E-01 0.564528964E-01 0.444616973E-01 0.343669429E-01
 0.261686277E-01 0.198667552E-01 0.154613219E-01 0.129523315E-01 0.123397820E-01
 0.136236744E-01 0.168040078E-01 0.218807831E-01 0.288539976E-01 0.377236530E-01
 0.484897532E-01 0.611522906E-01 0.757112727E-01 0.921666920E-01 0.110518560E+00
-0.109428825E+07-0.107822250E+07-0.106215675E+07-0.104609112E+07-0.103002538E+07
-0.101395962E+07-0.997893938E+06-0.981828188E+06-0.965762500E+06-0.949696750E+06
-0.933631000E+06-0.917565312E+06-0.901499625E+06-0.885433875E+06-0.869368125E+06
-0.853302438E+06-0.837236688E+06-0.821171000E+06-0.805105250E+06-0.789039562E+06
-0.772973875E+06-0.756908125E+06-0.740842375E+06-0.724776625E+06-0.708710938E+06
-0.692645250E+06-0.676579500E+06-0.660513750E+06-0.644448062E+06-0.628382375E+06
-0.612316625E+06-0.596250875E+06-0.580185188E+06-0.564119500E+06-0.548053750E+06
-0.531988000E+06-0.515922312E+06-0.499856562E+06-0.483790875E+06-0.467725125E+06
-0.451659438E+06-0.435593688E+06-0.419528000E+06-0.403462250E+06-0.387396531E+06
-0.371330812E+06-0.355265125E+06-0.339199375E+06-0.323133656E+06-0.307067938E+06
-0.291002188E+06-0.274936500E+06-0.258870781E+06-0.242805047E+06-0.226739344E+06
-0.210673609E+06-0.194607875E+06-0.178542172E+06-0.162476438E+06-0.146410719E+06
-0.130345000E+06-0.114279281E+06-0.982135625E+05-0.821478438E+05-0.660821250E+05
 3.613701463e-02 3.357051685e-02 3.094425797e-02 2.821012214e-02 2.533692494e-02
 2.230168879e-02 1.907241158e-02 1.558881253e-02 1.183740236e-02 7.729069795e-03
 2.682096325e-03-4.032025114e-03-1.106445678e-02-1.567732170e-02-1.841893047e-02
-1.951343752e-02-1.900591701e-02-1.683319919e-02-1.278814673e-02-6.425159983e-03
 3.119223518e-03 1.310092211e-02 2.143319696e-02 2.883794717e-02 3.572111204e-02
 4.233464599e-02 4.886052758e-02 5.545465648e-02 6.227773428e-02 6.950066984e-02
 7.628523558e-02 8.236522228e-02 8.784082532e-02 9.266182035e-02 9.679496288e-02
 1.001398712e-01 1.030290425e-01 1.063600183e-01 1.100033522e-01 1.138843298e-01
 1.179616004e-01 1.222112626e-01 1.266162694e-01 1.311602145e-01 1.358245909e-01
 1.405878961e-01 1.454255283e-01 1.503100693e-01 1.552114040e-01 1.600971073e-01
 1.649327427e-01 1.696824282e-01 1.743095368e-01 1.787776351e-01 1.830515116e-01
 1.870983541e-01 1.908889562e-01 1.943987608e-01 1.976087391e-01 2.005061507e-01
 2.030845284e-01 2.053439021e-01 2.072900683e-01 2.089340240e-01 2.102909833e-01
 3.194661811e-02 2.908767015e-02 2.627035230e-02 2.345853299e-02 2.061115950e-02
 1.768659987e-02 1.470299996e-02 1.170028467e-02 8.609700948e-03 5.325063132e-03
 1.499449136e-03-2.978417091e-03-7.344136480e-03-1.054508612e-02-1.244223025e-02
-1.302955486e-02-1.228076033e-02-1.012668945e-02-6.451592781e-03-1.109838020e-03
 5.914374255e-03 1.353448443e-02 2.076589130e-02 2.761200070e-02 3.419923782e-02
 4.065647721e-02 4.710494354e-02 5.366658047e-02 6.048119813e-02 6.770107150e-02
 7.452109456e-02 8.066764474e-02 8.623274416e-02 9.120173752e-02 9.553596377e-02
 9.913177788e-02 1.023533568e-01 1.060543060e-01 1.101139784e-01 1.144557744e-01
 1.190332025e-01 1.238156036e-01 1.287799180e-01 1.339057535e-01 1.391722411e-01
 1.445563436e-01 1.500318348e-01 1.555686444e-01 1.611327082e-01 1.666858941e-01
 1.721862555e-01 1.775887012e-01 1.828458309e-01 1.879093647e-01 1.927318126e-01
 1.972684264e-01 2.014792562e-01 2.053311169e-01 2.087990940e-01 2.118676752e-01
 2.145312130e-01 2.167935222e-01 2.186671048e-01 2.201716900e-01 2.213325649e-01
 2.717811614e-02 2.413617447e-02 2.127609402e-02 1.855342463e-02 1.590767503e-02
 1.346683130e-02 1.120556984e-02 9.067581967e-03 7.010507863e-03 4.868739285e-03
 2.609312069e-03 3.538745805e-04-1.657593763e-03-3.151583252e-03-3.919026814e-03
-3.828973044e-03-2.800190821e-03-7.826903602e-04 2.239210065e-03 6.219716743e-03
 1.100772806e-02 1.634463295e-02 2.196910977e-02 2.771964110e-02 3.353358805e-02
 3.940676525e-02 4.536313564e-02 5.143696070e-02 5.765698105e-02 6.398905814e-02
 7.016988099e-02 7.602631301e-02 8.153350651e-02 8.668433130e-02 9.147483110e-02
 9.592705965e-02 1.002536714e-01 1.047506779e-01 1.094779223e-01 1.144372523e-01
 1.196205914e-01 1.250170767e-01 1.306142211e-01 1.363974512e-01 1.423492432e-01
 1.484481543e-01 1.546678990e-01 1.609766185e-01 1.673361510e-01 1.737017184e-01
 1.800217927e-01 1.862386167e-01 1.922892034e-01 1.981073022e-01 2.036261857e-01
 2.087818086e-01 2.135166377e-01 2.177832276e-01 2.215472162e-01 2.247893214e-01
 2.275059819e-01 2.297087014e-01 2.314221114e-01 2.326811701e-01 2.335279286e-01
 2.136047930e-02 1.816196740e-02 1.544474252e-02 1.314428821e-02 1.115337759e-02
 9.557704441e-03 8.271772414e-03 7.108609192e-03 5.957918242e-03 4.809321836e-03
 3.694265150e-03 2.687703818e-03 1.899904339e-03 1.456340426e-03 1.474863617e-03
 2.050849143e-03 3.251554910e-03 5.114103202e-03 7.642405108e-03 1.080286130e-02
 1.452380233e-02 1.870596968e-02 2.324448898e-02 2.805086784e-02 3.306318074e-02
 3.824385256e-02 4.357084632e-02 4.902628064e-02 5.458353460e-02 6.019550934e-02
 6.579696387e-02 7.132773846e-02 7.675167918e-02 8.205859363e-02 8.726359159e-02
 9.241124988e-02 9.757524729e-02 1.028370261e-01 1.082588136e-01 1.138778403e-01
 1.197134927e-01 1.257739663e-01 1.320599169e-01 1.385661662e-01 1.452818513e-01
 1.521902084e-01 1.592675894e-01 1.664823890e-01 1.737938374e-01 1.811506450e-01
 1.884901524e-01 1.957379282e-01 2.028086782e-01 2.096084654e-01 2.160390019e-01
 2.220035791e-01 2.274140120e-01 2.321979254e-01 2.363046706e-01 2.397093475e-01
 2.424139082e-01 2.444453239e-01 2.458513528e-01 2.466944754e-01 2.470455468e-01
 1.350529492e-02 9.977078065e-03 7.763454225e-03 6.557568442e-03 5.891013891e-03
 5.556295626e-03 5.320576020e-03 5.095724482e-03 4.850604571e-03 4.591065459e-03
 4.350858741e-03 4.185630940e-03 4.166245461e-03 4.370439798e-03 4.873955157e-03
 5.742900539e-03 7.028279826e-03 8.762507699e-03 1.095749997e-02 1.360445283e-02
 1.667605340e-02 2.013160475e-02 2.392431721e-02 2.800847776e-02 3.234420717e-02
 3.689880669e-02 4.164521396e-02 4.655878246e-02 5.161403120e-02 5.678309500e-02
 6.203757226e-02 6.735320389e-02 7.271505892e-02 7.812084258e-02 8.358222246e-02
 8.912421763e-02 9.478186071e-02 1.005943120e-01 1.065983623e-01 1.128243506e-01
 1.192950159e-01 1.260259300e-01 1.330263019e-01 1.402995139e-01 1.478429288e-01
 1.556473076e-01 1.636955142e-01 1.719606370e-01 1.804035604e-01 1.889700294e-01
 1.975874603e-01 2.061622739e-01 2.145785093e-01 2.226994634e-01 2.303735316e-01
 2.374451160e-01 2.437690496e-01 2.492259443e-01 2.537351847e-01 2.572631538e-01
 2.598252892e-01 2.614815831e-01 2.623262703e-01 2.624740601e-01 2.620464265e-01
 1.027759397e-03-4.363697954e-03-3.648292739e-03-1.502076513e-03 9.443997988e-05
 1.366833225e-03 2.380849561e-03 3.179929219e-03 3.806725610e-03 4.309088923e-03
 4.741394892e-03 5.163796246e-03 5.640044808e-03 6.234319881e-03 7.007584907e-03
 8.014079183e-03 9.298425168e-03 1.089361403e-02 1.282002684e-02 1.508557796e-02
 1.768703386e-02 2.061239630e-02 2.384391986e-02 2.736114338e-02 3.114326671e-02
 3.517051786e-02 3.942454606e-02 4.388818890e-02 4.854516685e-02 5.338028073e-02
 5.838033557e-02 6.353576481e-02 6.884236634e-02 7.430264354e-02 7.992632687e-02
 8.572992682e-02 9.173524380e-02 9.796719253e-02 1.044514850e-01 1.112125963e-01
 1.182726175e-01 1.256505549e-01 1.333620399e-01 1.414190233e-01 1.498291939e-01
 1.585950702e-01 1.677122414e-01 1.771668196e-01 1.869315505e-01 1.969603896e-01
 2.071813345e-01 2.174874097e-01 2.277278304e-01 2.377024442e-01 2.471661121e-01
 2.558490038e-01 2.634907365e-01 2.698773742e-01 2.748693824e-01 2.784183323e-01
 2.805720568e-01 2.814652920e-01 2.812933326e-01 2.802760899e-01 2.786259949e-01
-8.141076192e-03-1.458224468e-02-1.249326766e-02-7.973898202e-03-4.504399374e-03
-1.817021170e-03 2.869168820e-04 1.944357995e-03 3.259584541e-03 4.320063628e-03
 5.204227753e-03 5.984966643e-03 6.730778608e-03 7.505610585e-03 8.368007839e-03
 9.369995445e-03 1.055602357e-02 1.196219586e-02 1.361593790e-02 1.553618535e-02
 1.773411408e-02 2.021430992e-02 2.297624387e-02 2.601580322e-02 2.932666242e-02
 3.290136904e-02 3.673209250e-02 4.081112891e-02 4.513136297e-02 4.968679696e-02
 5.447319895e-02 5.948891491e-02 6.473563612e-02 7.021901011e-02 7.594881952e-02
 8.193893731e-02 8.820669353e-02 9.477210790e-02 1.016569659e-01 1.088839918e-01
 1.164762080e-01 1.244565547e-01 1.328475773e-01 1.416713148e-01 1.509488523e-01
 1.606997699e-01 1.709408611e-01 1.816839129e-01 1.929317415e-01 2.046714872e-01
 2.168632746e-01 2.294217944e-01 2.421880513e-01 2.548918128e-01 2.671210468e-01
 2.783488035e-01 2.880522013e-01 2.958256900e-01 3.014186621e-01 3.047480583e-01
 3.059235215e-01 3.052609265e-01 3.032110929e-01 3.002239466e-01 2.966671586e-01
-1.163829025e-02-1.838235557e-02-1.564798132e-02-1.041938178e-02-6.185720675e-03
-2.791622188e-03-9.643516387e-05 2.030109521e-03 3.704060800e-03 5.028133281e-03
 6.093724631e-03 6.982773077e-03 7.769108750e-03 8.519290015e-03 9.293040261e-03
 1.014340483e-02 1.111676730e-02 1.225281134e-02 1.358457841e-02 1.513868757e-02
 1.693576202e-02 1.899106801e-02 2.131528780e-02 2.391543984e-02 2.679581381e-02
 2.995878085e-02 3.340547159e-02 3.713636100e-02 4.115184397e-02 4.545279220e-02
 5.004110187e-02 5.492024124e-02 6.009573489e-02 6.557558477e-02 7.137047499e-02
 7.749387622e-02 8.396194875e-02 9.079341590e-02 9.800925851e-02 1.056326926e-01
 1.136889756e-01 1.222056672e-01 1.312127411e-01 1.407431662e-01 1.508332491e-01
 1.615234315e-01 1.728586555e-01 1.848886311e-01 1.976674348e-01 2.112511396e-01
 2.256916314e-01 2.410210669e-01 2.572135925e-01 2.740953565e-01 2.911435962e-01
 3.068878055e-01 3.200253844e-01 3.299886584e-01 3.364183903e-01 3.391005695e-01
 3.380127549e-01 3.338613808e-01 3.282098472e-01 3.219222128e-01 3.155076504e-01
-1.017713733e-02-1.687219739e-02-1.422896609e-02-8.894078434e-03-4.526849836e-03
-1.025218749e-03 1.731185010e-03 3.866682760e-03 5.499438848e-03 6.737000309e-03
 7.675287314e-03 8.399266750e-03 8.984208107e-03 9.497007355e-03 9.997343644e-03
 1.053863391e-02 1.116871182e-02 1.193006523e-02 1.285996661e-02 1.399061177e-02
 1.534929965e-02 1.695867069e-02 1.883703470e-02 2.099889889e-02 2.345615625e-02
 2.621856704e-02 2.929413691e-02 3.268958628e-02 3.641090915e-02 4.046393186e-02
 4.485478625e-02 4.959035292e-02 5.467869714e-02 6.012942642e-02 6.595401466e-02
 7.216601074e-02 7.878129184e-02 8.581815660e-02 9.329758584e-02 1.012435108e-01
 1.096832007e-01 1.186478660e-01 1.281735301e-01 1.383021474e-01 1.490832716e-01
 1.605761647e-01 1.728526652e-01 1.860013902e-01 2.001330853e-01 2.153890878e-01
 2.319537103e-01 2.500748336e-01 2.701027393e-01 2.925841808e-01 3.179841042e-01
 3.409383893e-01 3.590624630e-01 3.722250760e-01 3.801450133e-01 3.821750581e-01
 3.781097233e-01 3.670178056e-01 3.547770083e-01 3.435258567e-01 3.333695829e-01
-4.414170049e-03-1.091383584e-02-8.483469486e-03-3.405367024e-03 6.047927309e-04
 3.675454296e-03 5.968164187e-03 7.632493973e-03 8.798964322e-03 9.579020552e-03
 1.006756164e-02 1.034595259e-02 1.048476435e-02 1.054606680e-02 1.058535744e-02
 1.065334678e-02 1.079798304e-02 1.106355712e-02 1.149059646e-02 1.211577654e-02
 1.297177933e-02 1.408705954e-02 1.548530441e-02 1.718407497e-02 1.920095831e-02
 2.155163139e-02 2.424927801e-02 2.730477974e-02 3.072778322e-02 3.452740237e-02
 3.871244937e-02 4.329173639e-02 4.827461764e-02 5.367134884e-02 5.949344486e-02
 6.575404108e-02 7.246821374e-02 7.965338975e-02 8.732971549e-02 9.552062303e-02
 1.042534411e-01 1.135603487e-01 1.234795302e-01 1.340567768e-01 1.453478038e-01
 1.574211717e-01 1.703626812e-01 1.842814684e-01 1.993191540e-01 2.156633735e-01
 2.335694134e-01 2.533949614e-01 2.756572962e-01 3.011167645e-01 3.308213949e-01
 3.612720370e-01 3.849005699e-01 4.016023874e-01 4.115192294e-01 4.145407975e-01
 4.096770883e-01 3.963653743e-01 3.770433366e-01 3.607085347e-01 3.470266461e-01
 5.836012773e-03-4.309297947e-04 2.148112515e-03 6.463795900e-03 9.406728670e-03
 1.135711372e-02 1.257827133e-02 1.325586811e-02 1.352399960e-02 1.348409615e-02
 1.321654115e-02 1.278765872e-02 1.225402579e-02 1.166522130e-02 1.106565166e-02
 1.049572695e-02 1.000634395e-02 9.643536061e-03 9.451072663e-03 9.470181540e-03
 9.739384055e-03 1.029447932e-02 1.116889343e-02 1.236121356e-02 1.390149631e-02
 1.581316814e-02 1.811386459e-02 2.081466652e-02 2.392635867e-02 2.746051922e-02
 3.142746910e-02 3.583622724e-02 4.069607705e-02 4.601676017e-02 5.180869997e-02
 5.808349326e-02 6.485430896e-02 7.213634253e-02 7.994730771e-02 8.830799162e-02
 9.724295139e-02 1.067814231e-01 1.169584990e-01 1.278166473e-01 1.394077539e-01
 1.517958641e-01 1.650609374e-01 1.793038547e-01 1.946536452e-01 2.112770975e-01
 2.293922603e-01 2.492859662e-01 2.713347673e-01 2.960247993e-01 3.239648342e-01
 3.556973338e-01 3.826913834e-01 4.020593762e-01 4.140655994e-01 4.187946320e-01
 4.164372683e-01 4.059911966e-01 3.872655034e-01 3.681045473e-01 3.527593017e-01
 2.395901829e-02 1.897544786e-02 1.972045004e-02 2.134090662e-02 2.179787867e-02
 2.165415883e-02 2.112546004e-02 2.032285929e-02 1.931668073e-02 1.815843023e-02
 1.688980684e-02 1.554689556e-02 1.416230947e-02 1.276639104e-02 1.138795167e-02
 1.005480904e-02 8.813715540e-03 7.711262908e-03 6.792711094e-03 6.101614796e-03
 5.679388065e-03 5.564731546e-03 5.792709999e-03 6.392982323e-03 7.395495195e-03
 8.828002959e-03 1.071493141e-02 1.304512657e-02 1.582665741e-02 1.908089034e-02
 2.281967551e-02 2.704672329e-02 3.177056462e-02 3.699966520e-02 4.274178669e-02
 4.900556430e-02 5.580080673e-02 6.313896179e-02 7.103344798e-02 7.950016856e-02
 8.855798841e-02 9.822942317e-02 1.085414737e-01 1.195266098e-01 1.312240064e-01
 1.436810344e-01 1.569551528e-01 1.711159647e-01 1.862476915e-01 2.024516463e-01
 2.198481262e-01 2.385768592e-01 2.587946355e-01 2.806697488e-01 3.043814301e-01
 3.301775455e-01 3.565334678e-01 3.754798174e-01 3.879880905e-01 3.945707977e-01
 3.950027227e-01 3.897743821e-01 3.780607283e-01 3.614003062e-01 3.480284214e-01
 4.974187165e-02 4.813794047e-02 4.355661571e-02 3.929351643e-02 3.601556271e-02
 3.316696361e-02 3.052886948e-02 2.800148167e-02 2.553569525e-02 2.310765535e-02
 2.070764080e-02 1.833455823e-02 1.599295437e-02 1.369126141e-02 1.144072879e-02
 9.254699573e-03 7.177351043e-03 5.254572257e-03 3.531970549e-03 2.054369543e-03
 8.653375553e-04 6.736619980e-06-4.817106237e-04-5.627397331e-04-2.013684425e-04
 6.343130954e-04 1.971739577e-03 3.831544193e-03 6.232355721e-03 9.189967066e-03
 1.271232963e-02 1.675187424e-02 2.133388259e-02 2.646775544e-02 3.215304017e-02
 3.839444369e-02 4.519692808e-02 5.256695300e-02 6.051227078e-02 6.904210150e-02
 7.816745341e-02 8.790146559e-02 9.825977683e-02 1.092608050e-01 1.209260225e-01
 1.332800686e-01 1.463506073e-01 1.601676494e-01 1.747619510e-01 1.901617646e-01
 2.063868046e-01 2.234372199e-01 2.412739992e-01 2.597831488e-01 2.787052393e-01
 2.974822521e-01 3.149878979e-01 3.297397196e-01 3.408504426e-01 3.480392098e-01
 3.512937427e-01 3.507965803e-01 3.470369577e-01 3.410879672e-01 3.344610333e-01
 6.793124974e-02 6.735567749e-02 6.116169691e-02 5.443196744e-02 4.875150695e-02
 4.380293190e-02 3.935854882e-02 3.526476026e-02 3.142010421e-02 2.775763348e-02
 2.423329838e-02 2.081857435e-02 1.749582030e-02 1.425526105e-02 1.109307446e-02
 8.010267280e-03 5.053038243e-03 2.266408177e-03-3.039988223e-04-2.612637356e-03
-4.614545032e-03-6.265738979e-03-7.523533888e-03-8.346818388e-03-8.696320467e-03
-8.535053581e-03-7.828916423e-03-6.547324359e-03-4.663462751e-03-2.155494411e-03
 9.910558583e-04 4.780190066e-03 9.213831276e-03 1.428031363e-02 1.991758868e-02
 2.614406124e-02 3.295553476e-02 4.035425186e-02 4.834175482e-02 5.691955984e-02
 6.608970463e-02 7.585483789e-02 8.621813357e-02 9.718310833e-02 1.087531000e-01
 1.209303737e-01 1.337148100e-01 1.471016407e-01 1.610781252e-01 1.756183505e-01
 1.906754673e-01 2.061700225e-01 2.219733894e-01 2.378843874e-01 2.536008954e-01
 2.686976194e-01 2.826417685e-01 2.948824763e-01 3.049772978e-01 3.126673698e-01
 3.178868294e-01 3.207564354e-01 3.215795159e-01 3.208146095e-01 3.189818263e-01
 7.948566973e-02 7.916396856e-02 7.293845713e-02 6.535594165e-02 5.851762742e-02
 5.231338367e-02 4.662065953e-02 4.133109003e-02 3.635622188e-02 3.162690252e-02
 2.709040791e-02 2.270724624e-02 1.844831742e-02 1.429259777e-02 1.022533141e-02
 6.249960512e-03 2.411383903e-03-1.244449057e-03-4.671150353e-03-7.822382264e-03
-1.065222174e-02-1.311542839e-02-1.516764052e-02-1.676553860e-02-1.786702499e-02
-1.843145862e-02-1.841999218e-02-1.779603958e-02-1.652585156e-02-1.457944978e-02
-1.193185523e-02-8.564435877e-03-4.465843551e-03 3.649735299e-04 5.915920716e-03
 1.216875017e-02 1.900686696e-02 2.645369247e-02 3.450221568e-02 4.314433038e-02
 5.237278342e-02 6.217989326e-02 7.255721092e-02 8.349499106e-02 9.498117864e-02
 1.070002466e-01 1.195313632e-01 1.325460225e-01 1.460048556e-01 1.598532200e-01
 1.740156710e-01 1.883890033e-01 2.028345466e-01 2.171707600e-01 2.311695516e-01
 2.445609272e-01 2.570514381e-01 2.683568597e-01 2.782404125e-01 2.865439951e-01
 2.932053804e-01 2.982615829e-01 3.018398285e-01 3.041350842e-01 3.053757548e-01
 8.754783124e-02 8.734652400e-02 8.084070683e-02 7.283918560e-02 6.540125608e-02
 5.846922100e-02 5.197373778e-02 4.584407061e-02 4.001495987e-02 3.442965820e-02
 2.904058434e-02 2.380875498e-02 1.870267838e-02 1.369712874e-02 8.771955967e-03
 3.941767383e-03-7.460641791e-04-5.243779160e-03-9.503713809e-03-1.347863115e-02
-1.712192968e-02-2.038775198e-02-2.323101833e-02-2.560743317e-02-2.747347765e-02
-2.878648043e-02-2.950473130e-02-2.958777174e-02-2.899680473e-02-2.769539878e-02
-2.565040998e-02-2.283322625e-02-1.922133937e-02-1.480049081e-02-9.567223489e-03
-3.531766590e-03 3.275997471e-03 1.082134992e-02 1.898398250e-02 2.773925290e-02
 3.707518801e-02 4.697492719e-02 5.742023140e-02 6.839124858e-02 7.986485958e-02
 9.181345999e-02 1.042035222e-01 1.169936806e-01 1.301324964e-01 1.435556859e-01
 1.571831107e-01 1.709156334e-01 1.846327484e-01 1.981914043e-01 2.114278525e-01
 2.241633832e-01 2.362148464e-01 2.474086583e-01 2.575963438e-01 2.666677237e-01
 2.745595872e-01 2.812581956e-01 2.867956758e-01 2.912409306e-01 2.946867943e-01
 9.264159948e-02 9.244132042e-02 8.571515977e-02 7.750830054e-02 6.976864487e-02
 6.243527308e-02 5.545078963e-02 4.876086116e-02 4.231631011e-02 3.607350215e-02
 2.999427542e-02 2.404551953e-02 1.819874719e-02 1.242949907e-02 6.716769189e-03
 1.095369458e-03-4.383694381e-03-9.670114145e-03-1.471455395e-02-1.946880296e-02
-2.388579398e-02-2.791954763e-02-3.152500838e-02-3.465788439e-02-3.727444634e-02
-3.933139145e-02-4.078578204e-02-4.159507900e-02-4.171736166e-02-4.111177102e-02
-3.973919898e-02-3.756328672e-02-3.455183655e-02-3.067861497e-02-2.592560276e-02
-2.028572932e-02-1.376594789e-02-6.389889866e-03 1.795389922e-03 1.072906703e-02
 2.025348321e-02 3.033004329e-02 4.093155265e-02 5.203371495e-02 6.360642612e-02
 7.561507076e-02 8.801965415e-02 1.007737443e-01 1.138232350e-01 1.271048486e-01
 1.405447125e-01 1.540572345e-01 1.675445586e-01 1.808970273e-01 1.939951926e-01
 2.067133784e-01 2.189249694e-01 2.305085659e-01 2.413545847e-01 2.513706684e-01
 2.604856491e-01 2.686507404e-01 2.758393884e-01 2.820448279e-01 2.872773111e-01
 9.473755956e-02 9.436294436e-02 8.787029982e-02 7.971610129e-02 7.195112109e-02
 6.448334455e-02 5.725231022e-02 5.021745712e-02 4.334634915e-02 3.661018610e-02
 2.998239174e-02 2.343824878e-02 1.695487462e-02 1.051130146e-02 4.094841890e-03
-2.238401677e-03-8.433565497e-03-1.443755254e-02-2.019924112e-02-2.566949278e-02
-3.080101125e-02-3.554809839e-02-3.986633569e-02-4.371219128e-02-4.704269767e-02
-4.981506243e-02-5.198644102e-02-5.351374298e-02-5.435362458e-02-5.446267128e-02
-5.379782617e-02-5.231711268e-02-4.998072237e-02-4.675249755e-02-4.260188341e-02
-3.750638664e-02-3.145447001e-02-2.444899827e-02-1.651127636e-02-7.684841752e-03
 1.957687084e-03 1.232622378e-02 2.318682522e-02 3.454171121e-02 4.634889215e-02
 5.856971443e-02 7.116124034e-02 8.407641947e-02 9.726351500e-02 1.106652766e-01
 1.242182851e-01 1.378524601e-01 1.514909863e-01 1.650508344e-01 1.784437001e-01
 1.915777177e-01 2.043594122e-01 2.166957110e-01 2.284957767e-01 2.396721542e-01
 2.501411438e-01 2.598229647e-01 2.686417699e-01 2.765275240e-01 2.834190726e-01
 9.411789477e-02 9.324029088e-02 8.722615987e-02 7.980242372e-02 7.238420099e-02
 6.500788778e-02 5.769891292e-02 5.046291649e-02 4.329511151e-02 3.618483990e-02
 2.911799774e-02 2.207847312e-02 1.504901610e-02 8.011611179e-03 9.825560264e-04
-5.975183100e-03-1.280214265e-02-1.944224164e-02-2.584261447e-02-3.195339441e-02
-3.772733361e-02-4.311940819e-02-4.808630049e-02-5.258586630e-02-5.657660589e-02
-6.001712754e-02-6.286571175e-02-6.507991999e-02-6.661638618e-02-6.743073463e-02
-6.747777760e-02-6.671188772e-02-6.508782506e-02-6.256183982e-02-5.909328908e-02
-5.464673787e-02-4.919466376e-02-4.272069782e-02-3.522358835e-02-2.672168612e-02
-1.725817285e-02-6.906214170e-03 4.221613053e-03 1.599247195e-02 2.818323299e-02
 4.077820480e-02 5.373088270e-02 6.699565798e-02 8.052590489e-02 9.427296370e-02
 1.081854478e-01 1.222089827e-01 1.362861395e-01 1.503565609e-01 1.643571556e-01
 1.782224178e-01 1.918842494e-01 2.052713037e-01 2.183074951e-01 2.309092283e-01
 2.429816127e-01 2.544143200e-01 2.650786042e-01 2.748290896e-01 2.835129499e-01
 9.310641885e-02 9.184078872e-02 8.617705107e-02 7.911033928e-02 7.188378274e-02
 6.456016749e-02 5.719036609e-02 4.980008677e-02 4.239890724e-02 3.498661518e-02
 2.755689994e-02 2.009953745e-02 1.260175370e-02 5.049074069e-03-2.509092446e-03
-1.000597887e-02-1.737918146e-02-2.457063086e-02-3.152640909e-02-3.819639608e-02
-4.453384876e-02-5.049479753e-02-5.603744835e-02-6.112148985e-02-6.570741534e-02
-6.975585222e-02-7.322695106e-02-7.607983053e-02-7.827219367e-02-7.975997031e-02
-8.049730957e-02-8.043672144e-02-7.952947915e-02-7.772648335e-02-7.497943938e-02
-7.124257088e-02-6.647498161e-02-6.064347178e-02-5.372624472e-02-4.571714997e-02
-3.663072735e-02-2.650765702e-02-1.542061754e-02-3.478924278e-03 9.162308648e-03
 2.230577543e-02 3.578850254e-02 4.957311600e-02 6.362200528e-02 7.789728045e-02
 9.236072004e-02 1.069738120e-01 1.216978729e-01 1.364941448e-01 1.513237655e-01
 1.661473811e-01 1.809241176e-01 1.956095397e-01 2.101516724e-01 2.244847566e-01
 2.385193706e-01 2.521283627e-01 2.651294768e-01 2.772707939e-01 2.882377505e-01
 9.274192154e-02 9.135587513e-02 8.554555476e-02 7.829152793e-02 7.094999403e-02
 6.352937222e-02 5.603871495e-02 4.848556966e-02 4.087295383e-02 3.319912031e-02
 2.545829862e-02 1.764161512e-02 9.737950750e-03 1.746005379e-03-6.261095405e-03
-1.421450078e-02-2.205017954e-02-2.970906347e-02-3.713690490e-02-4.428391904e-02
-5.110426620e-02-5.755541474e-02-6.359739602e-02-6.919203699e-02-7.430217415e-02
-7.889086008e-02-8.292059600e-02-8.635266870e-02-8.914658427e-02-9.125955403e-02
-9.264625609e-02-9.325869381e-02-9.304638207e-02-9.195682406e-02-8.993631601e-02
-8.693133295e-02-8.289028704e-02-7.776604593e-02-7.151904702e-02-6.412127614e-02
-5.556084961e-02-4.584749043e-02-3.501845896e-02-2.314486355e-02-1.033816114e-02
 3.244727384e-03 1.739660278e-02 3.183918446e-02 4.654420167e-02 6.148469821e-02
 7.663545012e-02 9.197342396e-02 1.074782163e-01 1.231326088e-01 1.389229000e-01
 1.548389792e-01 1.708739400e-01 1.870225221e-01 2.032778561e-01 2.196250111e-01
 2.360287607e-01 2.524109781e-01 2.686076164e-01 2.842831612e-01 2.987687588e-01
 9.210848063e-02 9.060805291e-02 8.444346488e-02 7.703988254e-02 6.956885010e-02
 6.202133745e-02 5.439327657e-02 4.668004438e-02 3.887592629e-02 3.097369522e-02
 2.296444774e-02 1.483752392e-02 6.580337416e-03-1.775808632e-03-1.015479583e-02
-1.848598570e-02-2.670435980e-02-3.475051373e-02-4.257043824e-02-5.011513457e-02
-5.734001845e-02-6.420423836e-02-7.066985965e-02-7.670104504e-02-8.226311952e-02
-8.732175827e-02-9.184208512e-02-9.578794241e-02-9.912107885e-02-1.018006653e-01
-1.037827134e-01-1.050198376e-01-1.054611057e-01-1.050522923e-01-1.037363186e-01
-1.014541835e-01-9.814634919e-02-9.375475347e-02-8.822540194e-02-8.151185513e-02
-7.357944548e-02-6.441037357e-02-5.400970578e-02-4.241196066e-02-2.968827821e-02
-1.595349982e-02-1.372894738e-03 1.383238193e-02 2.929232083e-02 4.498961568e-02
 6.091054529e-02 7.704585046e-02 9.339178354e-02 1.099512801e-01 1.267352700e-01
 1.437641382e-01 1.610692888e-01 1.786947399e-01 1.966985315e-01 2.151535451e-01
 2.341471910e-01 2.537775636e-01 2.741392255e-01 2.952478826e-01 3.160465062e-01
 9.059210122e-02 8.892221749e-02 8.279375732e-02 7.528482378e-02 6.771260500e-02
 6.006479263e-02 5.232655257e-02 4.448370636e-02 3.652315587e-02 2.843260393e-02
 2.020008303e-02 1.181358099e-02 3.260918660e-03-5.393812433e-03-1.407485548e-02
-2.271159925e-02-3.123914450e-02-3.959848732e-02-4.773639143e-02-5.560497940e-02
-6.316117942e-02-7.036595047e-02-7.718349993e-02-8.358033746e-02-8.952433616e-02
-9.498382360e-02-9.992663562e-02-1.043192819e-01-1.081260741e-01-1.113084555e-01
-1.138243675e-01-1.156277657e-01-1.166683435e-01-1.168914363e-01-1.162382290e-01
-1.146463156e-01-1.120506972e-01-1.083852500e-01-1.035849452e-01-9.758868814e-02
-9.034313262e-02-8.180734515e-02-7.195849717e-02-6.079851836e-02-4.836159945e-02
-3.472220153e-02-2.000324056e-02-4.383630585e-03 1.189563982e-02 2.840092033e-02
 4.512701929e-02 6.207506731e-02 7.925406098e-02 9.668270499e-02 1.143916696e-01
 1.324265748e-01 1.508518159e-01 1.697557122e-01 1.892577410e-01 2.095187455e-01
 2.307567894e-01 2.532733083e-01 2.775040865e-01 3.041334152e-01 3.319277763e-01
 8.857850730e-02 8.673836291e-02 8.053595573e-02 7.297321409e-02 6.536808610e-02
 5.768734217e-02 4.989993572e-02 4.198199138e-02 3.391498700e-02 2.568368055e-02
 1.727452502e-02 8.674630895e-03-1.098244975e-04-8.998879232e-03-1.791676879e-02
-2.679305896e-02-3.556326777e-02-4.416909441e-02-5.255829543e-02-6.068430468e-02
-6.850562990e-02-7.598510385e-02-8.308900148e-02-8.978612721e-02-9.604680538e-02
-1.018419489e-01-1.071420386e-01-1.119162291e-01-1.161314622e-01-1.197516471e-01
-1.227369308e-01-1.250431389e-01-1.266212761e-01-1.274172366e-01-1.273717880e-01
-1.264207959e-01-1.244959086e-01-1.215255782e-01-1.174368113e-01-1.121575385e-01
-1.056198925e-01-9.776437283e-02-8.854515851e-02-7.793653011e-02-6.594035029e-02
-5.259450153e-02-3.798197210e-02-2.223988809e-02-5.567783490e-03 1.176605560e-02
 2.929568663e-02 4.702768102e-02 6.497775763e-02 8.317285776e-02 1.016538665e-01
 1.204791144e-01 1.397292018e-01 1.595137119e-01 1.799807549e-01 2.013305575e-01
 2.238345742e-01 2.478614748e-01 2.739070654e-01 3.026137054e-01 3.333266079e-01
 8.601345122e-02 8.400702477e-02 7.748533040e-02 7.002586126e-02 6.254523247e-02
 5.495242029e-02 4.720535874e-02 3.928094357e-02 3.116371296e-02 2.284122258e-02
 1.430194825e-02 5.534076132e-03-3.423133865e-03-1.248818357e-02-2.158472314e-02
-3.064231947e-02-3.959691525e-02-4.839096963e-02-5.697329715e-02-6.529864669e-02
-7.332709432e-02-8.102323860e-02-8.835532516e-02-9.529428184e-02-1.018127427e-01
-1.078839898e-01-1.134809852e-01-1.185754389e-01-1.231367961e-01-1.271314621e-01
-1.305219233e-01-1.332660913e-01-1.353167593e-01-1.366210878e-01-1.371203363e-01
-1.367500126e-01-1.354400516e-01-1.331156939e-01-1.296986639e-01-1.251091510e-01
-1.192686260e-01-1.121034324e-01-1.035496816e-01-9.355922043e-02-8.210697770e-02
-6.919940561e-02-5.488399416e-02-3.925929964e-02-2.248480916e-02-4.789614119e-03
 1.352147199e-02 3.198400885e-02 5.061361939e-02 6.943684816e-02 8.849330246e-02
 1.078384072e-01 1.275472045e-01 1.477196664e-01 1.684881598e-01 1.900284290e-01
 2.125756890e-01 2.364492714e-01 2.620911598e-01 2.901222110e-01 3.200979233e-01
 8.130842447e-02 7.870055735e-02 7.326216996e-02 6.653168797e-02 5.942634493e-02
 5.204490572e-02 4.441120476e-02 3.653191030e-02 2.840691060e-02 2.003258094e-02
 1.140312478e-02 2.511329018e-03-6.571835838e-03-1.576482877e-02-2.499137446e-02
-3.418135270e-02-4.327128828e-02-5.220447481e-02-6.093079597e-02-6.940627843e-02
-7.759245485e-02-8.545555919e-02-9.296562523e-02-1.000955105e-01-1.068198830e-01
-1.131141931e-01-1.189536601e-01-1.243122742e-01-1.291618645e-01-1.334711909e-01
-1.372050345e-01-1.403235197e-01-1.427813917e-01-1.445274651e-01-1.455042362e-01
-1.456477046e-01-1.448874474e-01-1.431470960e-01-1.403453201e-01-1.363973171e-01
-1.312171519e-01-1.247209758e-01-1.168313473e-01-1.074828058e-01-9.662880749e-02
-8.425007761e-02-7.036413997e-02-5.503595993e-02-3.838882595e-02-2.061477304e-02
-1.983214635e-03 1.715382561e-02 3.636983782e-02 5.568411201e-02 7.512605190e-02
 9.473602474e-02 1.145663708e-01 1.346831024e-01 1.551678032e-01 1.761202663e-01
 1.976616383e-01 2.199395597e-01 2.431412190e-01 2.675510049e-01 2.931657434e-01
 7.813588530e-02 7.532404363e-02 6.990139186e-02 6.339842081e-02 5.651401728e-02
 4.928763211e-02 4.174924269e-02 3.391541913e-02 2.579345740e-02 1.738476194e-02
 8.686915040e-03-2.904149296e-04-9.460977279e-03-1.874295622e-02-2.806018479e-02
-3.734295070e-02-4.652843624e-02-5.556078255e-02-6.439091265e-02-7.297605276e-02
-8.127905428e-02-8.926761150e-02-9.691333771e-02-1.041907519e-01-1.110763103e-01
-1.175473630e-01-1.235810667e-01-1.291534901e-01-1.342385411e-01-1.388071179e-01
-1.428261697e-01-1.462579817e-01-1.490592808e-01-1.511807144e-01-1.525663435e-01
-1.531532705e-01-1.528715789e-01-1.516446024e-01-1.493895352e-01-1.460186839e-01
-1.414414346e-01-1.355670094e-01-1.283083111e-01-1.195871681e-01-1.093406975e-01
-9.752947092e-02-8.414689451e-02-6.923004985e-02-5.287119374e-02-3.522935882e-02
-1.654081978e-02 2.873092657e-03 2.260257676e-02 4.230052233e-02 6.198376045e-02
 8.167409152e-02 1.013961062e-01 1.211750954e-01 1.410337389e-01 1.609860957e-01
 1.810261607e-01 2.011053860e-01 2.210853100e-01 2.406334877e-01 2.590510845e-01
 7.599604875e-02 7.307802141e-02 6.746888161e-02 6.094191223e-02 5.408509076e-02
 4.690118134e-02 3.939767554e-02 3.158037364e-02 2.345203608e-02 1.501223631e-02
 6.257677916e-03-2.777643036e-03-1.200690307e-02-2.134829015e-02-3.072597831e-02
-4.007083550e-02-4.932077974e-02-5.842084438e-02-6.732293963e-02-7.598535717e-02
-8.437214792e-02-9.245225042e-02-1.001986116e-01-1.075872034e-01-1.145959496e-01
-1.212037876e-01-1.273895502e-01-1.331310272e-01-1.384039372e-01-1.431810707e-01
-1.474313140e-01-1.511188149e-01-1.542022526e-01-1.566341221e-01-1.583601534e-01
-1.593188345e-01-1.594412923e-01-1.586513221e-01-1.568658054e-01-1.539957523e-01
-1.499478072e-01-1.446268559e-01-1.379394233e-01-1.297982931e-01-1.201288402e-01
-1.088764966e-01-9.601612389e-02-8.156269044e-02-6.558308005e-02-4.820838198e-02
-2.964546531e-02-1.018653624e-02 9.785258211e-03 2.979614586e-02 4.963278398e-02
 6.930591911e-02 8.881890774e-02 1.081665456e-01 1.273308247e-01 1.462737471e-01
 1.649262309e-01 1.831720769e-01 2.008272409e-01 2.176207900e-01 2.331980765e-01
 7.412414253e-02 7.109824568e-02 6.554695964e-02 5.898869038e-02 5.211781338e-02
 4.493302107e-02 3.743176907e-02 2.961170301e-02 2.146992087e-02 1.300241239e-02
 4.203763790e-03-4.872329533e-03-1.414046064e-02-2.351988107e-02-3.293569386e-02
-4.231964052e-02-5.161052197e-02-6.075427309e-02-6.970372051e-02-7.841813564e-02
-8.686254919e-02-9.500695765e-02-1.028254032e-01-1.102949902e-01-1.173948795e-01
-1.241052598e-01-1.304062903e-01-1.362772286e-01-1.416952312e-01-1.466346681e-01
-1.510660052e-01-1.549551040e-01-1.582622826e-01-1.609417349e-01-1.629407704e-01
-1.641993523e-01-1.646498740e-01-1.642169654e-01-1.628179103e-01-1.603633910e-01
-1.567588151e-01-1.519065797e-01-1.457091570e-01-1.380734891e-01-1.289167553e-01
-1.181736887e-01-1.058055013e-01-9.181053936e-02-7.623608410e-02-5.919093639e-02
-4.085778818e-02-2.150378004e-02-1.487473259e-03 1.874024421e-02 3.867311776e-02
 5.829732120e-02 7.759823650e-02 9.655353427e-02 1.151278466e-01 1.332674921e-01
 1.508949399e-01 1.679032147e-01 1.841524988e-01 1.994717568e-01 2.136697173e-01
 7.276365161e-02 6.966964900e-02 6.404048204e-02 5.745029822e-02 5.056549609e-02
 4.337614775e-02 3.587337583e-02 2.804958075e-02 1.989787817e-02 1.141144708e-02
 2.582771704e-03-6.519170478e-03-1.581045426e-02-2.521158010e-02-3.464872390e-02
-4.405457154e-02-5.336879194e-02-6.253813207e-02-7.151621580e-02-8.026312292e-02
-8.874465525e-02-9.693162143e-02-1.047989279e-01-1.123245060e-01-1.194884554e-01
-1.262719035e-01-1.326560527e-01-1.386211812e-01-1.441456378e-01-1.492049694e-01
-1.537709236e-01-1.578106582e-01-1.612859070e-01-1.641522050e-01-1.663582325e-01
-1.678453535e-01-1.685470790e-01-1.683891118e-01-1.672893763e-01-1.651588082e-01
-1.619024575e-01-1.574214697e-01-1.516160667e-01-1.443895996e-01-1.356539726e-01
-1.253367066e-01-1.133896858e-01-9.979949892e-02-8.459927142e-02-6.788147986e-02
-4.981084913e-02-3.063599765e-02-1.069834642e-02 9.563747793e-03 2.961711958e-02
 4.921849072e-02 6.835944206e-02 8.701881766e-02 1.051620170e-01 1.227396652e-01
 1.396864057e-01 1.559205949e-01 1.713456213e-01 1.858541965e-01 1.993357688e-01
 7.171841711e-02 6.857483089e-02 6.286042929e-02 5.626722425e-02 4.939500242e-02
 4.222150147e-02 3.473232687e-02 2.691714838e-02 1.876789331e-02 1.027751155e-02
 1.433454687e-03-7.680073380e-03-1.698074117e-02-2.639018744e-02-3.583548218e-02
-4.525007680e-02-5.457431078e-02-6.375554949e-02-7.274799794e-02-8.151227236e-02
-9.001474082e-02-9.822677076e-02-1.061237901e-01-1.136843562e-01-1.208891198e-01
-1.277198792e-01-1.341585219e-01-1.401860267e-01-1.457815468e-01-1.509214342e-01
-1.555783451e-01-1.597203761e-01-1.633102447e-01-1.663044989e-01-1.686529219e-01
-1.702978015e-01-1.711737216e-01-1.712072045e-01-1.703169346e-01-1.684142947e-01
-1.654043794e-01-1.611879617e-01-1.556641310e-01-1.487342566e-01-1.403071880e-01
-1.303061098e-01-1.186770201e-01-1.053989232e-01-9.049560130e-02-7.404835522e-02
-5.620910227e-02-3.721244261e-02-1.738500223e-02 2.849915065e-03 2.297469229e-02
 4.255286232e-02 6.157842278e-02 8.003361523e-02 9.788914025e-02 1.151044220e-01
 1.316281855e-01 1.473998874e-01 1.623519659e-01 1.764135659e-01 1.895154119e-01
 7.070060074e-02 6.748349965e-02 6.190339476e-02 5.540113896e-02 4.860310256e-02
 4.148222506e-02 3.402885050e-02 2.623751573e-02 1.810292900e-02 9.619075805e-03
 7.796677528e-04-8.329788223e-03-1.762665808e-02-2.703269944e-02-3.647525609e-02
-4.588810354e-02-5.521190539e-02-6.439433247e-02-7.338987291e-02-8.215943724e-02
-9.066964686e-02-9.889212251e-02-1.068025827e-01-1.143798307e-01-1.216048449e-01
-1.284597218e-01-1.349267066e-01-1.409871280e-01-1.466205716e-01-1.518038213e-01
-1.565100551e-01-1.607078612e-01-1.643605232e-01-1.674252152e-01-1.698523015e-01
-1.715847552e-01-1.725577712e-01-1.726984680e-01-1.719260961e-01-1.701523960e-01
-1.672827601e-01-1.632179469e-01-1.578567028e-01-1.510995924e-01-1.428541243e-01
-1.330414116e-01-1.216045320e-01-1.085185781e-01-9.380231798e-02-7.753089815e-02
-5.984883010e-02-4.098210484e-02-2.124754712e-02-1.057419227e-03 1.908316091e-02
 3.862647712e-02 5.756708235e-02 7.588957250e-02 9.356890619e-02 1.105710715e-01
 1.268542707e-01 1.423706114e-01 1.570685208e-01 1.708957553e-01 1.838028431e-01
 6.979335845e-02 6.639366597e-02 6.119205803e-02 5.496866629e-02 4.828035086e-02
 4.121895880e-02 3.380493820e-02 2.604291961e-02 1.793167181e-02 9.466970339e-03
 6.449503126e-04-8.448596112e-03-1.773091219e-02-2.712372132e-02-3.655437753e-02
-4.595667124e-02-5.527128279e-02-6.444588304e-02-7.343496382e-02-8.219937980e-02
-9.070575982e-02-9.892568737e-02-1.068348289e-01-1.144119948e-01-1.216381267e-01
-1.284953058e-01-1.349658072e-01-1.410309672e-01-1.466704011e-01-1.518609673e-01
-1.565759033e-01-1.607839167e-01-1.644483805e-01-1.675266623e-01-1.699692309e-01
-1.717193127e-01-1.727122664e-01-1.728754342e-01-1.721283346e-01-1.703829467e-01
-1.675449163e-01-1.635152102e-01-1.581927836e-01-1.514783055e-01-1.432793587e-01
-1.335169524e-01-1.221339107e-01-1.091048568e-01-9.444783628e-02-7.823690772e-02
-6.061517075e-02-4.180675000e-02-2.212610655e-02-1.982522430e-03 1.812268607e-02
 3.761607781e-02 5.649263412e-02 7.473793626e-02 9.232851118e-02 1.092326939e-01
 1.254118979e-01 1.408223957e-01 1.554176807e-01 1.691511571e-01 1.819794178e-01
 7.044697553e-02 6.721646339e-02 6.168786436e-02 5.527288467e-02 4.854717851e-02
 4.148940369e-02 3.409301117e-02 2.635441534e-02 1.826969907e-02 9.833998978e-03
 1.040002564e-03-8.027274162e-03-1.728532091e-02-2.665584162e-02-3.606604040e-02
-4.544948786e-02-5.474659801e-02-6.390476227e-02-7.287815213e-02-8.162735403e-02
-9.011863172e-02-9.832327068e-02-1.062166169e-01-1.137771383e-01-1.209854633e-01
-1.278233230e-01-1.342726648e-01-1.403145194e-01-1.459281296e-01-1.510900557e-01
-1.557731628e-01-1.599458456e-01-1.635711491e-01-1.666060984e-01-1.690009236e-01
-1.706985235e-01-1.716340184e-01-1.717346609e-01-1.709198356e-01-1.691015810e-01
-1.661857367e-01-1.620737016e-01-1.566650867e-01-1.498615742e-01-1.415721029e-01
-1.317194998e-01-1.202489138e-01-1.071378961e-01-9.240791947e-02-7.613714039e-02
-5.847328901e-02-3.964570910e-02-1.997463778e-02 1.243424776e-04 2.014347725e-02
 3.957001865e-02 5.839965492e-02 7.661740482e-02 9.419822693e-02 1.111080125e-01
 1.273048371e-01 1.427407861e-01 1.573643237e-01 1.711233258e-01 1.839685440e-01
 7.117962837e-02 6.800839305e-02 6.250127405e-02 5.606117472e-02 4.931893200e-02
 4.226206243e-02 3.488004208e-02 2.716527507e-02 1.911153086e-02 1.071285643e-02
 1.960464520e-03-7.068697363e-03-1.629184932e-02-2.563028783e-02-3.501072899e-02
-4.436621815e-02-5.363663286e-02-6.276878715e-02-7.171629369e-02-8.043912053e-02
-8.890299499e-02-9.707856178e-02-1.049405411e-01-1.124668047e-01-1.196373329e-01
-1.264332235e-01-1.328357160e-01-1.388251930e-01-1.443802118e-01-1.494765580e-01
-1.540863812e-01-1.581773311e-01-1.617116928e-01-1.646457016e-01-1.669288576e-01
-1.685033441e-01-1.693037152e-01-1.692566872e-01-1.682813168e-01-1.662895977e-01
-1.631876230e-01-1.588774770e-01-1.532600820e-01-1.462390870e-01-1.377262771e-01
-1.276483834e-01-1.159556061e-01-1.026317477e-01-8.770594001e-02-7.126522064e-02
-5.346741527e-02-3.455294296e-02-1.485432312e-02 5.198067520e-03 2.507388964e-02
 4.441482574e-02 6.321725249e-02 8.146315813e-02 9.912240505e-02 1.161535978e-01
 1.325050145e-01 1.481159478e-01 1.629189998e-01 1.768437326e-01 1.898214519e-01
 7.232610136e-02 6.923632324e-02 6.365740299e-02 5.724449456e-02 5.052644387e-02
 4.349277541e-02 3.613720089e-02 2.845446020e-02 2.043964155e-02 1.208748017e-02
 3.391744569e-03-5.586172454e-03-1.476240810e-02-2.405733988e-02-3.339685500e-02
-4.271320999e-02-5.194548145e-02-6.103970855e-02-6.994870305e-02-7.863160968e-02
-8.705329895e-02-9.518355131e-02-1.029962301e-01-1.104682684e-01-1.175787151e-01
-1.243077070e-01-1.306354851e-01-1.365413964e-01-1.420029402e-01-1.469947994e-01
-1.514880061e-01-1.554490030e-01-1.588389874e-01-1.616130173e-01-1.637194306e-01
-1.650994122e-01-1.656866074e-01-1.654070020e-01-1.641792357e-01-1.619153172e-01
-1.585218906e-01-1.539023221e-01-1.479597241e-01-1.406011283e-01-1.317429990e-01
-1.213184074e-01-1.092856601e-01-9.563861787e-02-8.041834831e-02-6.372544169e-02
-4.573223740e-02-2.669320442e-02-6.951258518e-03 1.306351274e-02 3.270373493e-02
 5.193968117e-02 7.074685395e-02 8.909612149e-02 1.069486439e-01 1.242527887e-01
 1.409422010e-01 1.569350809e-01 1.721353978e-01 1.864369363e-01 1.997305155e-01
 7.361704856e-02 7.060460746e-02 6.520593166e-02 5.884952098e-02 5.217093974e-02
 4.516990483e-02 3.784632683e-02 3.020020947e-02 2.223060653e-02 1.393500902e-02
 5.309008062e-03-3.604435828e-03-1.272026263e-02-2.195787430e-02-3.124227747e-02
-4.050487280e-02-4.968388751e-02-5.872444063e-02-6.757839769e-02-7.620389760e-02
-8.456475288e-02-9.262967110e-02-1.003713459e-01-1.077655256e-01-1.147900522e-01
-1.214237586e-01-1.276455820e-01-1.334334910e-01-1.387635767e-01-1.436090618e-01
-1.479394734e-01-1.517198086e-01-1.549096704e-01-1.574626714e-01-1.593257785e-01
-1.604389250e-01-1.607346535e-01-1.601382792e-01-1.585682034e-01-1.559368074e-01
-1.521519423e-01-1.471192539e-01-1.407454610e-01-1.329428405e-01-1.236350983e-01
-1.127646789e-01-1.003017575e-01-8.625465631e-02-7.068148255e-02-5.370227247e-02
-3.551106155e-02-1.638639346e-02 3.300453536e-03 2.307963744e-02 4.256210104e-02
 6.175154448e-02 8.063767850e-02 9.919808805e-02 1.173962206e-01 1.351773888e-01
 1.524636745e-01 1.691487432e-01 1.850943118e-01 2.001319230e-01 2.140735388e-01
 7.544331253e-02 7.254662365e-02 6.723219901e-02 6.092857569e-02 5.427961051e-02
 4.729691148e-02 3.999207169e-02 3.237395361e-02 2.444738150e-02 1.621332392e-02
 7.669343613e-03-1.165022026e-03-1.020394638e-02-1.936633512e-02-2.857668325e-02
-3.776576370e-02-4.687102884e-02-5.583671480e-02-6.461364776e-02-7.315885276e-02
-8.143492043e-02-8.940923959e-02-9.705314040e-02-1.043409258e-01-1.112488881e-01
-1.177543104e-01-1.238344908e-01-1.294656843e-01-1.346222311e-01-1.392756104e-01
-1.433935165e-01-1.469391435e-01-1.498703361e-01-1.521389782e-01-1.536905766e-01
-1.544636786e-01-1.543899775e-01-1.533943117e-01-1.513953358e-01-1.483066082e-01
-1.440383494e-01-1.385000497e-01-1.316041052e-01-1.232706755e-01-1.134338453e-01
-1.020493209e-01-8.910353482e-02-7.462412119e-02-5.869110674e-02-4.144842178e-02
-2.311413549e-02-3.988015000e-03 1.554629207e-02 3.496313095e-02 5.425055325e-02
 7.340530306e-02 9.242391586e-02 1.112971753e-01 1.300044358e-01 1.485061198e-01
 1.667325944e-01 1.845685244e-01 2.018325031e-01 2.182586193e-01 2.334992886e-01
 7.793792337e-02 7.519868016e-02 6.986196339e-02 6.357380003e-02 5.689238757e-02
 4.986859858e-02 4.253893718e-02 3.492231667e-02 2.702698484e-02 1.885492541e-02
 1.040446479e-02 1.668075798e-03-7.271306589e-03-1.633373275e-02-2.544397302e-02
-3.453257680e-02-4.353642464e-02-5.239891261e-02-6.106983125e-02-6.950499117e-02
-7.766561210e-02-8.551758528e-02-9.303062409e-02-1.001773328e-01-1.069322154e-01
-1.132706851e-01-1.191680729e-01-1.245986745e-01-1.295347661e-01-1.339457631e-01
-1.377972960e-01-1.410505474e-01-1.436614394e-01-1.455801129e-01-1.467505693e-01
-1.471102834e-01-1.465903670e-01-1.451158971e-01-1.426067352e-01-1.389788687e-01
-1.341466457e-01-1.280256510e-01-1.205367446e-01-1.116114035e-01-1.011981815e-01
-8.927069604e-02-7.583691180e-02-6.094935909e-02-4.471601918e-02-2.731090412e-02
-8.983253501e-03 9.936008602e-03 2.903195098e-02 4.811241850e-02 6.719909608e-02
 8.631308377e-02 1.054765880e-01 1.247121841e-01 1.440398991e-01 1.634714454e-01
 1.829991043e-01 2.025737464e-01 2.220586240e-01 2.411277741e-01 2.590977848e-01
 8.145853877e-02 7.908886671e-02 7.362334430e-02 6.694860756e-02 5.999682099e-02
 5.280486494e-02 4.538477585e-02 3.773856908e-02 2.986366861e-02 2.175476775e-02
 1.340442523e-02 4.803007469e-03-4.001512192e-03-1.292874571e-02-2.190329321e-02
-3.085539490e-02-3.972137719e-02-4.844380915e-02-5.697140843e-02-6.525866687e-02
-7.326529920e-02-8.095553517e-02-8.829726279e-02-9.526114166e-02-1.018196046e-01
-1.079459339e-01-1.136132479e-01-1.187935621e-01-1.234568805e-01-1.275703013e-01
-1.310972720e-01-1.339968145e-01-1.362229586e-01-1.377241910e-01-1.384433210e-01
-1.383172274e-01-1.372772157e-01-1.352495849e-01-1.321568787e-01-1.279194355e-01
-1.224580482e-01-1.156973839e-01-1.075703949e-01-9.802404791e-02-8.702619374e-02
-7.457371801e-02-6.070166081e-02-4.549308494e-02-2.908896655e-02-1.169730164e-02
 6.399838720e-03 2.484286390e-02 4.338407516e-02 6.204130873e-02 8.084310591e-02
 9.982819855e-02 1.190465838e-01 1.385612637e-01 1.584503949e-01 1.788097918e-01
 1.997561753e-01 2.214321196e-01 2.440188825e-01 2.677925825e-01 2.927488089e-01
 8.570256829e-02 8.387556672e-02 7.784342766e-02 7.053066045e-02 6.322108209e-02
 5.583203584e-02 4.831741750e-02 4.065048695e-02 3.281315416e-02 2.479112893e-02
 1.657161489e-02 8.142121136e-03-4.858340835e-04-9.233953431e-03-1.802778058e-02
-2.679776773e-02-3.547991812e-02-4.401607811e-02-5.235387385e-02-6.044644490e-02
-6.825189292e-02-7.573260367e-02-8.285447955e-02-8.958598971e-02-9.589730203e-02
-1.017593145e-01-1.071427017e-01-1.120169908e-01-1.163497120e-01-1.201055720e-01
-1.232457235e-01-1.257271320e-01-1.275020689e-01-1.285177916e-01-1.287164092e-01
-1.280350685e-01-1.264063865e-01-1.237594932e-01-1.200214773e-01-1.151195467e-01
-1.089840382e-01-1.015522704e-01-9.277357161e-02-8.261527866e-02-7.106988877e-02
-5.816322565e-02-4.396314174e-02-2.858842909e-02-1.221702714e-02 4.906789400e-03
 2.246810496e-02 4.020161927e-02 5.812139064e-02 7.625215501e-02 9.463149309e-02
 1.133124083e-01 1.323669851e-01 1.518915892e-01 1.720141619e-01 1.929049790e-01
 2.147923559e-01 2.379866242e-01 2.629178762e-01 2.901906371e-01 3.193695545e-01
 8.854906261e-02 8.696315438e-02 8.083063364e-02 7.344403863e-02 6.605029106e-02
 5.860813335e-02 5.108662322e-02 4.346087202e-02 3.571102023e-02 2.782058343e-02
 1.977504790e-02 1.156098023e-02 3.165632486e-03-5.347647704e-03-1.390507817e-02
-2.243722416e-02-3.087976202e-02-3.917380422e-02-4.726590216e-02-5.510778725e-02
-6.265586615e-02-6.987059861e-02-7.671572268e-02-8.315739781e-02-8.916333318e-02
-9.470185637e-02-9.974104166e-02-1.042478085e-01-1.081871465e-01-1.115213633e-01
-1.142094433e-01-1.162065119e-01-1.174635440e-01-1.179271340e-01-1.175396591e-01
-1.162396818e-01-1.139627844e-01-1.106428728e-01-1.062141359e-01-1.006136388e-01
-9.378486127e-02-8.568198979e-02-7.627537847e-02-6.555785239e-02-5.355202407e-02
-4.031822458e-02-2.596262470e-02-1.064448431e-02 5.419735331e-03 2.194997296e-02
 3.870017081e-02 5.567486584e-02 7.288756967e-02 9.036288410e-02 1.081391722e-01
 1.262719929e-01 1.448387802e-01 1.639453769e-01 1.837353110e-01 2.044030130e-01
 2.262125313e-01 2.495226860e-01 2.748161554e-01 3.027185202e-01 3.325886428e-01
 9.019482881e-02 8.875115216e-02 8.293689787e-02 7.564948499e-02 6.832412630e-02
 6.095316261e-02 5.352084339e-02 4.601178318e-02 3.841166571e-02 3.070709482e-02
 2.288513631e-02 1.493274979e-02 6.836066954e-03-1.377812237e-03-9.634509683e-03
-1.786434650e-02-2.600262314e-02-3.398979455e-02-4.177139699e-02-4.929780588e-02
-5.652375519e-02-6.340774149e-02-6.991128623e-02-7.599815726e-02-8.163352311e-02
-8.678306639e-02-9.141220897e-02-9.548527747e-02-9.896478802e-02-1.018108279e-01
-1.039805040e-01-1.054276377e-01-1.061025560e-01-1.059521735e-01-1.049204022e-01
-1.029488444e-01-9.997804463e-02-9.594920278e-02-9.080655873e-02-8.450054377e-02
-7.699166238e-02-6.825537235e-02-5.828768760e-02-4.711166769e-02-3.478450328e-02
-2.140512690e-02-7.122913841e-03 7.852452807e-03 2.327423915e-02 3.895188868e-02
 5.487746000e-02 7.104900479e-02 8.747250587e-02 1.041638777e-01 1.211511046e-01
 1.384771466e-01 1.562036127e-01 1.744157374e-01 1.932294369e-01 2.128011584e-01
 2.333434224e-01 2.551501989e-01 2.786464989e-01 3.044989109e-01 3.315002322e-01
 9.137852490e-02 9.010988474e-02 8.436527848e-02 7.721363008e-02 7.002881169e-02
 6.280226260e-02 5.552672967e-02 4.819517583e-02 4.080026969e-02 3.333390504e-02
 2.578698471e-02 1.814941689e-02 1.041033678e-02 2.561556641e-03-5.325469188e-03
-1.318232343e-02-2.094469406e-02-2.855281718e-02-3.595153987e-02-4.309009016e-02
-4.992169514e-02-5.640298873e-02-6.249336526e-02-6.815423071e-02-7.334826142e-02
-7.803857327e-02-8.218803257e-02-8.575854450e-02-8.871044219e-02-9.100195765e-02
-9.258895367e-02-9.342466295e-02-9.345981479e-02-9.264297038e-02-9.092120081e-02
-8.824121207e-02-8.455094695e-02-7.980178297e-02-7.395131886e-02-6.696699560e-02
-5.883041024e-02-4.954245314e-02-3.912898898e-02-2.764697187e-02-1.519003510e-02
-1.891696593e-03 1.206915360e-02 2.633897588e-02 4.091873020e-02 5.577581748e-02
 7.088761032e-02 8.623911440e-02 1.018225476e-01 1.176377684e-01 1.336932778e-01
 1.500073671e-01 1.666096449e-01 1.835424006e-01 2.008619606e-01 2.186395824e-01
 2.369609624e-01 2.559228837e-01 2.756196856e-01 2.960718274e-01 3.162503541e-01
 9.188423306e-02 9.076698869e-02 8.513353765e-02 7.816550136e-02 7.116656005e-02
 6.412497908e-02 5.704386532e-02 4.992751032e-02 4.277732596e-02 3.559113294e-02
 2.836355940e-02 2.108664066e-02 1.375025138e-02 6.342202891e-03-1.099989051e-03
-8.507829159e-03-1.581727341e-02-2.296862565e-02-2.990640514e-02-3.657906502e-02
-4.293862730e-02-4.894012213e-02-5.454105139e-02-5.970068276e-02-6.437939405e-02
-6.853801757e-02-7.213717699e-02-7.513673604e-02-7.749535143e-02-7.917013019e-02
-8.011649549e-02-8.028823882e-02-7.963785529e-02-7.811722904e-02-7.567864656e-02
-7.227633148e-02-6.786841154e-02-6.241953373e-02-5.590409040e-02-4.831010476e-02
-3.964386135e-02-2.993521467e-02-1.924356259e-02-7.664773613e-03 4.659700673e-03
 1.756318659e-02 3.081232496e-02 4.437961802e-02 5.823859572e-02 7.235985994e-02
 8.671487868e-02 1.012775004e-01 1.160248220e-01 1.309376657e-01 1.460009515e-01
 1.612036675e-01 1.765384376e-01 1.919999868e-01 2.075818777e-01 2.232701182e-01
 2.390312552e-01 2.547900975e-01 2.703878880e-01 2.854976654e-01 2.994630337e-01
 9.144743532e-02 9.038026631e-02 8.520840108e-02 7.856167853e-02 7.177010924e-02
 6.490403414e-02 5.801282078e-02 5.112079531e-02 4.423753917e-02 3.736409545e-02
 3.049626760e-02 2.362650260e-02 1.674507745e-02 9.840847924e-03 2.915067598e-03
-3.967536613e-03-1.074518077e-02-1.735944673e-02-2.375536226e-02-2.988125011e-02
-3.568843752e-02-4.113083333e-02-4.616443813e-02-5.074680597e-02-5.483647436e-02
-5.839243159e-02-6.137362868e-02-6.373856962e-02-6.544505060e-02-6.645002961e-02
-6.670970470e-02-6.617984176e-02-6.481646001e-02-6.257677078e-02-5.942064524e-02
-5.531247333e-02-5.022358149e-02-4.413513094e-02-3.704151139e-02-2.895422094e-02
-1.990643330e-02-9.957550094e-03 8.027318981e-04 1.225316897e-02 2.411941253e-02
 3.639766574e-02 4.904018342e-02 6.200506538e-02 7.525254041e-02 8.874294162e-02
 1.024363488e-01 1.162927821e-01 1.302724183e-01 1.443358511e-01 1.584440619e-01
 1.725581735e-01 1.866384149e-01 2.006419599e-01 2.145192027e-01 2.282072604e-01
 2.416202873e-01 2.546355426e-01 2.670759857e-01 2.786958218e-01 2.891868949e-01
 9.178267419e-02 9.123733640e-02 8.573724329e-02 7.878123224e-02 7.190006971e-02
 6.507253647e-02 5.831719190e-02 5.164080113e-02 4.504204541e-02 3.851468116e-02
 3.204949200e-02 2.563552931e-02 1.926090196e-02 1.291328296e-02 6.580183282e-03
 3.007425112e-04-5.865647923e-03-1.186243072e-02-1.763581857e-02-2.313466743e-02
-2.831024677e-02-3.311593086e-02-3.750684857e-02-4.143942893e-02-4.487103969e-02
-4.775958508e-02-5.006317049e-02-5.173993111e-02-5.274792016e-02-5.304526538e-02
-5.259045959e-02-5.134304613e-02-4.926452041e-02-4.631970078e-02-4.247850180e-02
-3.771823645e-02-3.202639520e-02-2.540389076e-02-1.786851883e-02-9.457264096e-03
-2.327336406e-04 9.712727740e-03 2.024830878e-02 3.124950454e-02 4.268290848e-02
 5.451558530e-02 6.670820713e-02 7.921791077e-02 9.199895710e-02 1.050026342e-01
 1.181771830e-01 1.314678192e-01 1.448169351e-01 1.581645161e-01 1.714485288e-01
 1.846052259e-01 1.975691319e-01 2.102723420e-01 2.226429582e-01 2.346020639e-01
 2.460598648e-01 2.569112778e-01 2.670326829e-01 2.762834430e-01 2.845148444e-01
 9.145046771e-02 9.131886065e-02 8.562760055e-02 7.821689546e-02 7.113549858e-02
 6.431119889e-02 5.769959465e-02 5.127147585e-02 4.500406235e-02 3.887737915e-02
 3.287313879e-02 2.697439305e-02 2.116551995e-02 1.543218549e-02 9.761239402e-03
 4.158487543e-03-1.321102958e-03-6.624089088e-03-1.169879828e-02-1.649539918e-02
-2.096584626e-02-2.506372519e-02-2.874404378e-02-3.196297586e-02-3.467762470e-02
-3.684581444e-02-3.842597082e-02-3.937711939e-02-3.965904564e-02-3.923266381e-02
-3.806062043e-02-3.610821068e-02-3.334458917e-02-2.974441275e-02-2.528980188e-02
-1.997315139e-02-1.380039565e-02-6.794710178e-03 9.951684624e-04 9.513956495e-03
 1.866967604e-02 2.835615724e-02 3.855958581e-02 4.924382269e-02 6.037301570e-02
 7.190956175e-02 8.381208032e-02 9.603452682e-02 1.085255072e-01 1.212276071e-01
 1.340770125e-01 1.470033079e-01 1.599296927e-01 1.727738678e-01 1.854492724e-01
 1.978669763e-01 2.099378109e-01 2.215743065e-01 2.326922119e-01 2.432113439e-01
 2.530553937e-01 2.621514201e-01 2.704296112e-01 2.778244317e-01 2.842777371e-01
 8.878149092e-02 8.873936534e-02 8.317306638e-02 7.580788434e-02 6.881371886e-02
 6.216690689e-02 5.582713336e-02 4.975556582e-02 4.391702265e-02 3.828058392e-02
 3.281956166e-02 2.751126140e-02 2.233663946e-02 1.727993600e-02 1.232836023e-02
 7.471892983e-03 2.748155501e-03-1.792778727e-03-6.101818755e-03-1.013104618e-02
-1.383380219e-02-1.716469228e-02-2.007953636e-02-2.253528312e-02-2.448994666e-02
-2.590257674e-02-2.673333511e-02-2.694370970e-02-2.649693191e-02-2.535861731e-02
-2.349760197e-02-2.088708431e-02-1.750618592e-02-1.334164850e-02-8.388854563e-03
-2.655671909e-03 3.833657829e-03 1.104980242e-02 1.883368194e-02 2.720677108e-02
 3.615511209e-02 4.565005749e-02 5.566605181e-02 6.617484987e-02 7.714527845e-02
 8.854230493e-02 1.003256813e-01 1.124485582e-01 1.248559803e-01 1.374835074e-01
 1.502557993e-01 1.630858779e-01 1.758749187e-01 1.885132343e-01 2.008830011e-01
 2.128622532e-01 2.243305445e-01 2.351751626e-01 2.452971786e-01 2.546159923e-01
 2.630720139e-01 2.706271410e-01 2.772628665e-01 2.829778194e-01 2.877842188e-01
 8.419648558e-02 8.423796296e-02 7.848967612e-02 7.128985971e-02 6.458340585e-02
 5.831355229e-02 5.242868513e-02 4.687640071e-02 4.160895944e-02 3.658559173e-02
 3.177290782e-02 2.714431658e-02 2.267917804e-02 1.836188510e-02 1.418105047e-02
 1.012873650e-02 6.217138842e-03 2.492649481e-03-9.985601064e-04-4.210982937e-03
-7.100042421e-03-9.622247890e-03-1.173529960e-02-1.339817978e-02-1.457125321e-02
-1.521637663e-02-1.529709063e-02-1.477905922e-02-1.363082044e-02-1.182473078e-02
-9.337994270e-03-6.153474096e-03-2.262755297e-03 2.329423791e-03 7.617560215e-03
 1.358095463e-02 2.012628317e-02 2.726901695e-02 3.499422222e-02 4.329389706e-02
 5.215736479e-02 6.157023460e-02 7.151576132e-02 8.197434247e-02 9.292280674e-02
 1.043332517e-01 1.161714271e-01 1.283947527e-01 1.409498155e-01 1.537697017e-01
 1.667708308e-01 1.798501611e-01 1.928832382e-01 2.057240903e-01 2.182082534e-01
 2.301601768e-01 2.414048314e-01 2.517822683e-01 2.611620426e-01 2.694545388e-01
 2.766169906e-01 2.826535702e-01 2.876094580e-01 2.915602624e-01 2.945989966e-01
 7.665254176e-02 7.653720677e-02 7.116843760e-02 6.434140354e-02 5.815339833e-02
 5.251350626e-02 4.732502997e-02 4.250527173e-02 3.798890859e-02 3.372648731e-02
 2.968157083e-02 2.582794987e-02 2.214739472e-02 1.862793602e-02 1.526265405e-02
 1.204884332e-02 8.987521753e-03 6.114257500e-03 3.472601064e-03 1.105341362e-03
-9.457191918e-04-2.639957936e-03-3.938153386e-03-4.802769516e-03-5.198291503e-03
-5.091469735e-03-4.450916313e-03-3.247932298e-03-1.457870705e-03 9.380632546e-04
 3.950502723e-03 7.590234745e-03 1.186050661e-02 1.668630540e-02 2.209390886e-02
 2.808836102e-02 3.466059268e-02 4.180770740e-02 4.952606559e-02 5.781233683e-02
 6.666266173e-02 7.607201487e-02 8.603395522e-02 9.654003382e-02 1.075789928e-01
 1.191354096e-01 1.311878860e-01 1.437064558e-01 1.566489935e-01 1.699566543e-01
 1.835478842e-01 1.973113120e-01 2.110982835e-01 2.247164994e-01 2.379288673e-01
 2.504626513e-01 2.620329857e-01 2.723779678e-01 2.812944055e-01 2.886632979e-01
 2.944610119e-01 2.987580299e-01 3.017051220e-01 3.035067916e-01 3.043851256e-01
 6.597059965e-02 6.555968523e-02 6.049747020e-02 5.441679060e-02 4.920820892e-02
 4.462027922e-02 4.047423974e-02 3.665678576e-02 3.309688717e-02 2.974987775e-02
 2.658783272e-02 2.359391563e-02 2.075893432e-02 1.807931066e-02 1.555585768e-02
 1.319312863e-02 1.099916361e-02 8.985579014e-03 7.199641317e-03 5.680561066e-03
 4.466287792e-03 3.593444359e-03 3.097021952e-03 3.009776119e-03 3.361071926e-03
 4.174493719e-03 5.475333892e-03 7.286864333e-03 9.627951309e-03 1.251070108e-02
 1.589787379e-02 1.981404983e-02 2.426962182e-02 2.926312760e-02 3.479951620e-02
 4.088338464e-02 4.751784354e-02 5.470633879e-02 6.245274097e-02 7.076147199e-02
 7.963749766e-02 8.908617496e-02 9.911311418e-02 1.097238511e-01 1.209232956e-01
 1.327147484e-01 1.450982988e-01 1.580684185e-01 1.716099828e-01 1.856924742e-01
 2.002611756e-01 2.152242362e-01 2.304340601e-01 2.456624955e-01 2.605733871e-01
 2.747099102e-01 2.875352204e-01 2.985420227e-01 3.073647320e-01 3.138241768e-01
 3.179255724e-01 3.198534846e-01 3.199647069e-01 3.187400997e-01 3.166709840e-01
 5.026507378e-02 4.893235862e-02 4.483835027e-02 4.092282429e-02 3.772056848e-02
 3.483609110e-02 3.214427084e-02 2.959438413e-02 2.716514841e-02 2.484918013e-02
 2.264646441e-02 2.056130022e-02 1.860078424e-02 1.677410305e-02 1.509224717e-02
 1.356806606e-02 1.221649721e-02 1.105502527e-02 1.010428928e-02 9.410090744e-03
 9.004579857e-03 8.919094689e-03 9.183879942e-03 9.827988222e-03 1.087967027e-02
 1.232279651e-02 1.418569684e-02 1.648984663e-02 1.925125718e-02 2.248050272e-02
 2.618209645e-02 3.036483936e-02 3.503721207e-02 4.020647705e-02 4.588038474e-02
 5.206715316e-02 5.877549201e-02 6.601503491e-02 7.379660010e-02 8.213257045e-02
 9.103710949e-02 1.005265266e-01 1.106194779e-01 1.213373244e-01 1.327043176e-01
 1.447475553e-01 1.574968100e-01 1.709834933e-01 1.852385998e-01 2.002888024e-01
 2.161488533e-01 2.328085303e-01 2.502086759e-01 2.681968808e-01 2.864366174e-01
 3.042085469e-01 3.202011585e-01 3.331131041e-01 3.423560262e-01 3.477799296e-01
 3.494421840e-01 3.476100564e-01 3.429377079e-01 3.367086649e-01 3.302746415e-01
 2.874800749e-02 2.483317256e-02 2.497652732e-02 2.543896809e-02 2.502558008e-02
 2.417932078e-02 2.309921384e-02 2.189287916e-02 2.062856965e-02 1.935470849e-02
 1.810846291e-02 1.692003943e-02 1.581514254e-02 1.481657848e-02 1.394543238e-02
 1.322200708e-02 1.266668085e-02 1.230075210e-02 1.214740425e-02 1.223300397e-02
 1.258315518e-02 1.322234049e-02 1.417348906e-02 1.545735728e-02 1.709148660e-02
 1.908805221e-02 2.146177366e-02 2.422692627e-02 2.739626169e-02 3.098070621e-02
 3.498978913e-02 3.943303227e-02 4.432012141e-02 4.966101795e-02 5.546640605e-02
 6.174799055e-02 6.851878762e-02 7.579349726e-02 8.358892798e-02 9.192442894e-02
 1.008224785e-01 1.103093103e-01 1.204157621e-01 1.311783046e-01 1.426402926e-01
 1.548535228e-01 1.678801477e-01 1.817948222e-01 1.966871023e-01 2.126637548e-01
 2.298501134e-01 2.483896762e-01 2.684404552e-01 2.901696563e-01 3.137625158e-01
 3.395467401e-01 3.626360297e-01 3.784695268e-01 3.881768584e-01 3.923480511e-01
 3.904771805e-01 3.830307722e-01 3.692571819e-01 3.536374271e-01 3.417674005e-01
 1.385920402e-02 9.122327901e-03 1.019524131e-02 1.230039261e-02 1.353583205e-02
 1.415105071e-02 1.434273273e-02 1.425539982e-02 1.399499923e-02 1.364079490e-02
 1.325359941e-02 1.288128458e-02 1.256256830e-02 1.232970320e-02 1.221044641e-02
 1.222953387e-02 1.240980439e-02 1.277302951e-02 1.334048435e-02 1.413313672e-02
 1.517117023e-02 1.647363231e-02 1.805814728e-02 1.994067430e-02 2.213535085e-02
 2.465457097e-02 2.750999108e-02 3.071259335e-02 3.427268937e-02 3.820003569e-02
 4.250415042e-02 4.719478264e-02 5.228228495e-02 5.777793750e-02 6.369431317e-02
 7.004558295e-02 7.684788853e-02 8.411970735e-02 9.188228846e-02 1.001601964e-01
 1.089820340e-01 1.183813065e-01 1.283976436e-01 1.390784681e-01 1.504810303e-01
 1.626755446e-01 1.757491231e-01 1.898113489e-01 2.050020993e-01 2.215021551e-01
 2.395478040e-01 2.594491541e-01 2.816107869e-01 3.065489531e-01 3.349014819e-01
 3.651899695e-01 3.883629441e-01 4.042335153e-01 4.132070541e-01 4.149879217e-01
 4.097869098e-01 3.965637684e-01 3.766636848e-01 3.595235348e-01 3.457399011e-01
 3.673953004e-03-1.471978729e-03-1.907870610e-04 2.350837225e-03 4.229832441e-03
 5.577062257e-03 6.519745104e-03 7.173658349e-03 7.637082599e-03 7.990403101e-03
 8.298248984e-03 8.612427860e-03 8.974808268e-03 9.419811890e-03 9.976424277e-03
 1.066971198e-02 1.152193453e-02 1.255329885e-02 1.378242671e-02 1.522657834e-02
 1.690166071e-02 1.882218942e-02 2.100122347e-02 2.345038205e-02 2.617990971e-02
 2.919887751e-02 3.251551092e-02 3.613748401e-02 4.007220268e-02 4.432710260e-02
 4.891004413e-02 5.382969230e-02 5.909592658e-02 6.472019851e-02 7.071587443e-02
 7.709851861e-02 8.388617635e-02 9.109969437e-02 9.876304865e-02 1.069037914e-01
 1.155537069e-01 1.247496828e-01 1.345348954e-01 1.449605823e-01 1.560883522e-01
 1.679935455e-01 1.807700247e-01 1.945369840e-01 2.094492614e-01 2.257129699e-01
 2.436104566e-01 2.635411322e-01 2.860871553e-01 3.120952547e-01 3.424604535e-01
 3.692924678e-01 3.895270824e-01 4.031988382e-01 4.101101756e-01 4.102246761e-01
 4.023588300e-01 3.858644366e-01 3.680270314e-01 3.531416655e-01 3.406351209e-01
-2.938706661e-03-8.363106288e-03-7.521420717e-03-5.025213584e-03-3.042062744e-03
-1.482015243e-03-2.389221627e-04 7.863154169e-04 1.678880188e-03 2.508364152e-03
 3.330159001e-03 4.188123159e-03 5.117411260e-03 6.146903150e-03 7.301041856e-03
 8.601089939e-03 1.006591134e-02 1.171240024e-02 1.355567947e-02 1.560916193e-02
 1.788456365e-02 2.039192244e-02 2.313964255e-02 2.613462135e-02 2.938243374e-02
 3.288757801e-02 3.665378317e-02 4.068440944e-02 4.498279840e-02 4.955277592e-02
 5.439911410e-02 5.952805281e-02 6.494778395e-02 7.066884637e-02 7.670447230e-02
 8.307072520e-02 8.978672326e-02 9.687462449e-02 1.043597236e-01 1.122706309e-01
 1.206395179e-01 1.295026839e-01 1.389013529e-01 1.488828063e-01 1.595022231e-01
 1.708247811e-01 1.829290092e-01 1.959111392e-01 2.098914683e-01 2.250236273e-01
 2.415091991e-01 2.596228421e-01 2.797628045e-01 3.026025295e-01 3.269731700e-01
 3.474391997e-01 3.631558418e-01 3.738426566e-01 3.793947995e-01 3.789962232e-01
 3.723603487e-01 3.602130115e-01 3.485705256e-01 3.379614055e-01 3.284224868e-01
-7.241392974e-03-1.304375567e-02-1.241595112e-02-1.029481273e-02-8.641872555e-03
-7.303243503e-03-6.146877538e-03-5.070935935e-03-4.002984613e-03-2.893588040e-03
-1.709024305e-03-4.251817300e-04 9.768028976e-04 2.513269195e-03 4.199450370e-03
 6.049961783e-03 8.078714833e-03 1.029854268e-02 1.272076555e-02 1.535482146e-02
 1.820806228e-02 2.128571272e-02 2.459098585e-02 2.812530845e-02 3.188860416e-02
 3.587964177e-02 4.009636492e-02 4.453635961e-02 4.919731617e-02 5.407769978e-02
 5.917743966e-02 6.449870020e-02 7.004661858e-02 7.582980394e-02 8.186078072e-02
 8.815594018e-02 9.473538399e-02 1.016225815e-01 1.088438481e-01 1.164279729e-01
 1.244059354e-01 1.328108311e-01 1.416780055e-01 1.510454118e-01 1.609540582e-01
 1.714486480e-01 1.825779825e-01 1.943950653e-01 2.069561779e-01 2.203177214e-01
 2.345276773e-01 2.496045977e-01 2.654860020e-01 2.819125652e-01 2.980982661e-01
 3.124005198e-01 3.239217401e-01 3.322076201e-01 3.369646668e-01 3.380411267e-01
 3.355582356e-01 3.307089210e-01 3.248031139e-01 3.185101151e-01 3.122290075e-01
-8.513934910e-03-1.469686534e-02-1.484607533e-02-1.372817624e-02-1.302293409e-02
-1.241226308e-02-1.171236485e-02-1.083686110e-02-9.757828899e-03-8.476104587e-03
-7.002888247e-03-5.349633284e-03-3.523233812e-03-1.524520456e-03 6.512064720e-04
 3.012548201e-03 5.569972098e-03 8.333862759e-03 1.131295413e-02 1.451330446e-02
 1.793782413e-02 2.158629522e-02 2.545575239e-02 2.954098396e-02 3.383504599e-02
 3.832966834e-02 4.301556200e-02 4.788276553e-02 5.292116106e-02 5.812128633e-02
 6.347551942e-02 6.897945702e-02 7.463320345e-02 8.044248819e-02 8.641909063e-02
 9.258072078e-02 9.895016253e-02 1.055540442e-01 1.124214381e-01 1.195824444e-01
 1.270671785e-01 1.349050403e-01 1.431242824e-01 1.517516673e-01 1.608121395e-01
 1.703279316e-01 1.803173572e-01 1.907919943e-01 2.017522454e-01 2.131793946e-01
 2.250223756e-01 2.371765524e-01 2.494522929e-01 2.615373135e-01 2.729800642e-01
 2.832521200e-01 2.918790579e-01 2.985220850e-01 3.029978275e-01 3.052936196e-01
 3.055945337e-01 3.042733073e-01 3.017839789e-01 2.985383868e-01 2.948574424e-01
-5.236673169e-03-1.135072391e-02-1.416191272e-02-1.585222967e-02-1.720836386e-02
-1.791387983e-02-1.790300012e-02-1.726894081e-02-1.613561623e-02-1.461464167e-02
-1.279371604e-02-1.073388942e-02-8.470819332e-03-6.018807180e-03-3.376561217e-03
-5.334301386e-04 2.524935408e-03 5.812082440e-03 9.337632917e-03 1.310556568e-02
 1.711381972e-02 2.135498263e-02 2.581768110e-02 3.048804775e-02 3.535081446e-02
 4.038970545e-02 4.558721930e-02 5.092422664e-02 5.637995154e-02 6.193284318e-02
 6.756267697e-02 7.325351238e-02 7.899680734e-02 8.479379117e-02 9.065653384e-02
 9.660738707e-02 1.026768908e-01 1.089004949e-01 1.153150275e-01 1.219556928e-01
 1.288540810e-01 1.360371709e-01 1.435268521e-01 1.513397098e-01 1.594866216e-01
 1.679716408e-01 1.767905056e-01 1.859277487e-01 1.953526288e-01 2.050132751e-01
 2.148290873e-01 2.246818542e-01 2.344076931e-01 2.437944710e-01 2.525916100e-01
 2.605357468e-01 2.673867345e-01 2.729612589e-01 2.771561444e-01 2.799600959e-01
 2.814540863e-01 2.817956805e-01 2.811883688e-01 2.798463106e-01 2.779675722e-01
-1.082781702e-03-7.432362996e-03-1.340804435e-02-1.918611676e-02-2.439136989e-02
-2.613535896e-02-2.627410367e-02-2.535605803e-02-2.372669056e-02-2.162805945e-02
-1.922758669e-02-1.662777923e-02-1.387495548e-02-1.097291056e-02-7.899216376e-03
-4.619960207e-03-1.100777648e-03 2.685794607e-03 6.755818613e-03 1.111186482e-02
 1.574342884e-02 2.062991261e-02 2.574533969e-02 3.106296808e-02 3.655795008e-02
 4.220732301e-02 4.798764735e-02 5.387154967e-02 5.982475728e-02 6.580589712e-02
 7.177063823e-02 7.767967880e-02 8.350706846e-02 8.924606442e-02 9.491157532e-02
 1.005392522e-01 1.061804146e-01 1.118932962e-01 1.177336574e-01 1.237483993e-01
 1.299733222e-01 1.364335716e-01 1.431448460e-01 1.501145065e-01 1.573420167e-01
 1.648186445e-01 1.725264490e-01 1.804364920e-01 1.885064989e-01 1.966780126e-01
 2.048734426e-01 2.129938751e-01 2.209186256e-01 2.285083830e-01 2.356126606e-01
 2.420820594e-01 2.477830797e-01 2.526125014e-01 2.565085590e-01 2.594567239e-01
 2.614893317e-01 2.626788020e-01 2.631258965e-01 2.629460692e-01 2.622568011e-01
 1.076062559e-03-6.092880853e-03-1.389636472e-02-2.273821644e-02-3.250580281e-02
-3.795051575e-02-3.812051564e-02-3.570353985e-02-3.270478547e-02-2.941799909e-02
-2.607254498e-02-2.278208360e-02-1.954461075e-02-1.628583297e-02-1.290616300e-02
-9.310033172e-03-5.419074558e-03-1.177579863e-03 3.443654859e-03 8.443696424e-03
 1.379112713e-02 1.943208277e-02 2.530672774e-02 3.136524558e-02 3.757449239e-02
 4.391489923e-02 5.037156492e-02 5.692212284e-02 6.352239847e-02 7.009531558e-02
 7.653843611e-02 8.275532722e-02 8.868308365e-02 9.429994226e-02 9.962673485e-02
 1.047307104e-01 1.097207069e-01 1.147176772e-01 1.198192090e-01 1.250881851e-01
 1.305597723e-01 1.362509131e-01 1.421664208e-01 1.483024359e-01 1.546477973e-01
 1.611842513e-01 1.678859591e-01 1.747186780e-01 1.816386133e-01 1.885913014e-01
 1.955109835e-01 2.023206502e-01 2.089333236e-01 2.152550817e-01 2.211897373e-01
 2.266451269e-01 2.315402031e-01 2.358116508e-01 2.394191325e-01 2.423481643e-01
 2.446100116e-01 2.462389767e-01 2.472874671e-01 2.478198409e-01 2.479062676e-01
 3.795449855e-03-3.568588058e-03-1.186771039e-02-2.158771455e-02-3.311062604e-02
-4.180628434e-02-4.632857069e-02-4.650399834e-02-4.231299087e-02-3.693630174e-02
-3.226503730e-02-2.838605456e-02-2.500610240e-02-2.178090066e-02-1.843953505e-02
-1.479435619e-02-1.071407925e-02-6.105081178e-03-9.097985458e-04 4.875885323e-03
 1.117195748e-02 1.781504229e-02 2.463940904e-02 3.155286610e-02 3.853428364e-02
 4.560301453e-02 5.279535800e-02 6.014691293e-02 6.766556203e-02 7.524275780e-02
 8.253065497e-02 8.925694227e-02 9.533719718e-02 1.007439345e-01 1.054773778e-01
 1.096103489e-01 1.134481952e-01 1.173773110e-01 1.215374246e-01 1.259557605e-01
 1.306293905e-01 1.355456710e-01 1.406878680e-01 1.460365653e-01 1.515693814e-01
 1.572602987e-01 1.630788147e-01 1.689892411e-01 1.749499738e-01 1.809132397e-01
 1.868250966e-01 1.926260293e-01 1.982522905e-01 2.036380321e-01 2.087181211e-01
 2.134315968e-01 2.177252471e-01 2.215569317e-01 2.248982042e-01 2.277356982e-01
 2.300713658e-01 2.319211215e-01 2.333128154e-01 2.342831492e-01 2.348745316e-01
 7.934576832e-03 1.205466804e-03-6.199392490e-03-1.439782605e-02-2.338982560e-02
-3.295712173e-02-4.139170796e-02-4.569225013e-02-4.538654909e-02-4.008588195e-02
-3.496308625e-02-3.191986308e-02-2.981613204e-02-2.755784616e-02-2.485707030e-02
-2.157749608e-02-1.760524139e-02-1.281891949e-02-7.077953778e-03-2.282333444e-04
 7.783937268e-03 1.615581289e-02 2.421115898e-02 3.199981898e-02 3.965124488e-02
 4.729843885e-02 5.507618934e-02 6.313420087e-02 7.166507840e-02 8.092917502e-02
 8.944817632e-02 9.675903618e-02 1.030268520e-01 1.081712246e-01 1.121530905e-01
 1.148013473e-01 1.166764796e-01 1.193339452e-01 1.225315481e-01 1.261380315e-01
 1.300732195e-01 1.342830658e-01 1.387273967e-01 1.433729529e-01 1.481889486e-01
 1.531445682e-01 1.582073122e-01 1.633421630e-01 1.685110182e-01 1.736725867e-01
 1.787825674e-01 1.837942898e-01 1.886596382e-01 1.933304667e-01 1.977602839e-01
 2.019062340e-01 2.057309747e-01 2.092044204e-01 2.123051882e-01 2.150212973e-01
 2.173503786e-01 2.192990780e-01 2.208820581e-01 2.221203893e-01 2.230399549e-01
 1.324810460e-02 7.616268471e-03 1.583355945e-03-4.850803874e-03-1.160119474e-02
-1.849017106e-02-2.526200563e-02-3.160801902e-02-3.521353751e-02-3.297790885e-02
-3.029993363e-02-2.985362336e-02-3.025639802e-02-2.942989022e-02-2.764039114e-02
-2.495923638e-02-2.133879066e-02-1.666861400e-02-1.075820345e-02-3.247103188e-03
 6.530098617e-03 1.649198309e-02 2.527287602e-02 3.342115507e-02 4.126350582e-02
 4.902432486e-02 5.689116195e-02 6.505521387e-02 7.374680042e-02 8.321076632e-02
 9.190668166e-02 9.927792847e-02 1.054720953e-01 1.104428768e-01 1.141036004e-01
 1.162509173e-01 1.175640523e-01 1.196571961e-01 1.223128960e-01 1.253794581e-01
 1.287646145e-01 1.324105859e-01 1.362770498e-01 1.403309703e-01 1.445417106e-01
 1.488786340e-01 1.533102989e-01 1.578038484e-01 1.623251438e-01 1.668385714e-01
 1.713074446e-01 1.756943464e-01 1.799618900e-01 1.840734631e-01 1.879943907e-01
 1.916929185e-01 1.951413602e-01 1.983170658e-01 2.012031376e-01 2.037889361e-01
 2.060701549e-01 2.080485076e-01 2.097313106e-01 2.111305594e-01 2.122620344e-01
 0.189158654E+01 0.191698599E+01 0.193250668E+01 0.194954896E+01 0.196676064E+01
 0.198848855E+01 0.200350761E+01 0.202098417E+01 0.203649020E+01 0.205380392E+01
 0.207018137E+01 0.208612156E+01 0.210340691E+01 0.212002349E+01 0.213645768E+01
 0.215357685E+01 0.217111158E+01 0.218821764E+01 0.220547318E+01 0.222377682E+01
 0.224213099E+01 0.226059246E+01 0.227942085E+01 0.229920053E+01 0.231934786E+01
 0.233980370E+01 0.236085320E+01 0.238286662E+01 0.240553927E+01 0.242886257E+01
 0.245300531E+01 0.247811437E+01 0.250445223E+01 0.253173542E+01 0.256002522E+01
 0.258964729E+01 0.262072110E+01 0.265341544E+01 0.268753672E+01 0.272336435E+01
 0.276114655E+01 0.280108929E+01 0.284337330E+01 0.288797259E+01 0.293545079E+01
 0.298585773E+01 0.303984761E+01 0.309745836E+01 0.315936255E+01 0.322610664E+01
 0.329810619E+01 0.337646532E+01 0.346195507E+01 0.355591059E+01 0.365941334E+01
 0.377506328E+01 0.390555573E+01 0.405381441E+01 0.422619820E+01 0.443108511E+01
 0.468001080E+01 0.500118828E+01 0.544784069E+01 0.618792915E+01 0.106208401E+02
   89   86
 0.107587790E+01-0.500000007E-01 0.107653666E+01 0.500000007E-01 0.107930219E+01
 0.100084230E+00 0.108922076E+01 0.200000003E+00 0.110489655E+01 0.300000012E+00
 0.111417353E+01 0.349999994E+00 0.113218749E+01 0.436475158E+00 0.114628279E+01
 0.500000000E+00 0.115875006E+01 0.553379178E+00 0.118225241E+01 0.649999976E+00
 0.119486284E+01 0.699999988E+00 0.121187496E+01 0.767037988E+00 0.123511147E+01
 0.850000024E+00 0.125069523E+01 0.899999976E+00 0.126978922E+01 0.949999988E+00
 0.130326748E+01 0.100000000E+01 0.134468746E+01 0.102171469E+01 0.139781249E+01
 0.101995063E+01 0.145093751E+01 0.100717843E+01 0.147749996E+01 0.998381019E+00
 0.153062499E+01 0.979625046E+00 0.158375001E+01 0.955238819E+00 0.161031246E+01
 0.941901088E+00 0.166343749E+01 0.912459135E+00 0.169000006E+01 0.895665407E+00
 0.174312496E+01 0.860426068E+00 0.176968753E+01 0.840931535E+00 0.182129109E+01
 0.800000012E+00 0.184937501E+01 0.777023077E+00 0.187919402E+01 0.750000000E+00
 0.192906249E+01 0.702476919E+00 0.195562506E+01 0.675284863E+00 0.198218751E+01
 0.645941257E+00 0.202105331E+01 0.600000024E+00 0.205914879E+01 0.550000012E+00
 0.208843756E+01 0.507529855E+00 0.211500001E+01 0.464608967E+00 0.214156246E+01
 0.416809201E+00 0.216812491E+01 0.363183081E+00 0.219468760E+01 0.302349150E+00
 0.221457338E+01 0.250000000E+00 0.223110151E+01 0.200000003E+00 0.224781251E+01
 0.134570539E+00 0.226176023E+01 0.500000007E-01 0.226323462E+01-0.500000007E-01
 0.224923325E+01-0.150000006E+00 0.223717070E+01-0.200000003E+00 0.222125006E+01
-0.253320396E+00 0.219468760E+01-0.327181339E+00 0.216812491E+01-0.390696526E+00
 0.214156246E+01-0.446588755E+00 0.211500001E+01-0.496395051E+00 0.208843756E+01
-0.541227818E+00 0.206187510E+01-0.581991673E+00 0.203531241E+01-0.619389534E+00
 0.200874996E+01-0.653874755E+00 0.197009969E+01-0.699999988E+00 0.192906249E+01
-0.745606542E+00 0.190250003E+01-0.773717642E+00 0.187518668E+01-0.800469041E+00
 0.182314563E+01-0.849164128E+00 0.179624999E+01-0.873390794E+00 0.176317930E+01
-0.899999976E+00 0.171656251E+01-0.936903596E+00 0.169000006E+01-0.955865324E+00
 0.163687503E+01-0.991141558E+00 0.161031246E+01-0.100730896E+01 0.155718756E+01
-0.103692603E+01 0.152919078E+01-0.105016494E+01 0.147749996E+01-0.107490420E+01
 0.142437506E+01-0.109504533E+01 0.139781249E+01-0.110450518E+01 0.134468746E+01
-0.112203753E+01 0.129156256E+01-0.113495302E+01 0.123551691E+01-0.114212632E+01
 0.122685313E+01-0.104999995E+01 0.121581149E+01-0.949999988E+00 0.120919156E+01
-0.899999976E+00 0.119365084E+01-0.800000012E+00 0.118479764E+01-0.750000000E+00
 0.116566277E+01-0.649999976E+00 0.115573120E+01-0.600000024E+00 0.113584411E+01
-0.500000000E+00 0.112612867E+01-0.449999988E+00 0.110791588E+01-0.349999994E+00
 0.109967196E+01-0.300000012E+00 0.108620572E+01-0.200000003E+00 0.107906246E+01
-0.115792334E+00 0.107587790E+01-0.500000007E-01
 0.101600003E+01 0.000000000E+00 0.101600003E+01 0.963999987E+00 0.101600003E+01
 0.967999995E+00 0.101600003E+01 0.100100005E+01 0.101600003E+01 0.101900005E+01
 0.101600003E+01 0.107700002E+01 0.101600003E+01 0.107000005E+01 0.101600003E+01
 0.109599996E+01 0.101600003E+01 0.111300004E+01 0.101600003E+01 0.113800001E+01
 0.101600003E+01 0.114699996E+01 0.101199996E+01 0.116499996E+01 0.100100005E+01
 0.121700001E+01 0.102900004E+01 0.121700001E+01 0.104200006E+01 0.116240001E+01
 0.104600000E+01 0.116237998E+01 0.105599999E+01 0.116260004E+01 0.109700000E+01
 0.116450000E+01 0.110800004E+01 0.116594005E+01 0.111600006E+01 0.116591001E+01
 0.113399994E+01 0.116895998E+01 0.114800000E+01 0.117174995E+01 0.116199994E+01
 0.117556000E+01 0.118099999E+01 0.118299997E+01 0.118200004E+01 0.118350005E+01
 0.118499994E+01 0.118499994E+01 0.119000006E+01 0.118799996E+01 0.119500005E+01
 0.119099998E+01 0.120099998E+01 0.119599998E+01 0.120899999E+01 0.120200002E+01
 0.121500003E+01 0.120799994E+01 0.122200000E+01 0.121399999E+01 0.122800004E+01
 0.122099996E+01 0.123399997E+01 0.123099995E+01 0.123899996E+01 0.123800004E+01
 0.124199998E+01 0.124399996E+01 0.124800003E+01 0.125399995E+01 0.125800002E+01
 0.127800000E+01 0.126300001E+01 0.128999996E+01 0.127999997E+01 0.133099997E+01
 0.127999997E+01 0.134700000E+01 0.127999997E+01 0.134800005E+01 0.130999994E+01
 0.134800005E+01 0.132799995E+01 0.134800005E+01 0.136099994E+01 0.134800005E+01
 0.138000000E+01 0.134800005E+01 0.141900003E+01 0.134800005E+01 0.141900003E+01
 0.130999994E+01 0.137199998E+01 0.130999994E+01 0.137199998E+01 0.129200006E+01
 0.160800004E+01 0.109500003E+01 0.164699996E+01 0.107700002E+01 0.178499997E+01
 0.107700002E+01 0.206999993E+01 0.103999996E+01 0.212800002E+01 0.992999971E+00
 0.224499989E+01 0.708999991E+00 0.232299995E+01 0.518999994E+00 0.237700009E+01
 0.388999999E+00 0.236249995E+01 0.400000006E+00 0.236443496E+01 0.222000003E+00
 0.236496902E+01 0.133000001E+00 0.236532402E+01 0.439999998E-01 0.236512089E+01
-0.439999998E-01 0.236484194E+01-0.133000001E+00 0.236433411E+01-0.222000003E+00
 0.236249995E+01-0.400000006E+00 0.237700009E+01-0.388999999E+00 0.213400006E+01
-0.972999990E+00 0.178600001E+01-0.117400002E+01 0.176800001E+01-0.121099997E+01
 0.176800001E+01-0.125000000E+01 0.168200004E+01-0.125000000E+01 0.137199998E+01
-0.125000000E+01 0.137199998E+01-0.132900000E+01 0.141999996E+01-0.132900000E+01
 0.141999996E+01-0.136300004E+01 0.127300000E+01-0.136300004E+01 0.115300000E+01
-0.136300004E+01 0.101600003E+01-0.122300005E+01 0.101600003E+01-0.122300005E+01
 0.101600003E+01-0.829999983E+00 0.101600003E+01-0.800000012E+00 0.101600003E+01
-0.414999992E+00 0.101600003E+01-0.400000006E+00 0.101600003E+01-0.100000005E-02
 0.101600003E+01 0.000000000E+00
    0 0.169550002E+01    0
 0.000000000E+00 0.101905331E+00 0.144661903E+00 0.177668065E+00 0.205677211E+00
 0.229237020E+00 0.251873344E+00 0.272955000E+00 0.292550474E+00 0.311115623E+00
 0.328824520E+00 0.345668852E+00 0.361912996E+00 0.377605677E+00 0.392721593E+00
 0.407417715E+00 0.421776950E+00 0.435670197E+00 0.449311256E+00 0.462632000E+00
 0.475720137E+00 0.488498360E+00 0.501084447E+00 0.513487339E+00 0.525712192E+00
 0.537696123E+00 0.549569964E+00 0.561279893E+00 0.572918773E+00 0.584370971E+00
 0.595708370E+00 0.606960058E+00 0.618150473E+00 0.629251838E+00 0.640247822E+00
 0.651202559E+00 0.662079334E+00 0.672962427E+00 0.683764458E+00 0.694548249E+00
 0.705310941E+00 0.716062665E+00 0.726822615E+00 0.737558901E+00 0.748338878E+00
 0.759121001E+00 0.769964337E+00 0.780839980E+00 0.791771650E+00 0.802781940E+00
 0.813864827E+00 0.825064063E+00 0.836375594E+00 0.847841144E+00 0.859445214E+00
 0.871255755E+00 0.883300424E+00 0.895587683E+00 0.908204854E+00 0.921228528E+00
 0.934691191E+00 0.948823810E+00 0.963825345E+00 0.980208158E+00 0.100000000E+01
    0
